Validation/Results/ReClimate_10_2023_2_Precipitation-Actualsweatherlogisticsltd.asc
NCOLS 192
NROWS 249
XLLCENTER -225160.85627316462
YLLCENTER 29788.11610251502
CELLSIZE 5000.0
NODATA_VALUE -9999
[rows 198 to 230 of 249, columns 74 to 147 of 192]
-9999 -9999 -9999 -9999 -9999 -9999 -9999 -9999 -9999 -9999 -9999 -9999 -9999 -9999 -9999 -9999 -9999 -9999 168.441 170.182 172.093 172.571 165.204 185.026 198.283 228.406 258.65 286.925 267.997 243.181 207.283 167.188 145.718 139.53 147.111 157.902 135.556 112.013 92.863 88.072 85.604 87.962 81.948 86.171 84.743 82.764 77.805 73.413 70.519 71.042 66.949 68.482 65.707 63.463 62.525 63.983 63.433 64.252 62.945 64.328 67.902 68.25 70.76 72.11 70.596 67.146 65.289 66.658 65.164 62.259 61.865 57.11 54.928 53.469
-9999 -9999 -9999 -9999 -9999 -9999 -9999 -9999 -9999 -9999 -9999 -9999 -9999 -9999 -9999 114.883 144.433 157.536 160.09 175.118 180.836 188.232 188.109 174.931 211.408 233.422 261.333 247.603 250.747 218.667 195.401 179.112 152.048 135.569 159.792 135.453 115.451 92.404 85.242 82.298 88.606 80.734 82.285 77.686 80.844 83.097 79.963 78.987 73.558 69.779 63.186 64.922 68.625 62.036 60.001 61.029 65.303 66.514 71.273 68.042 66.315 68.868 68.223 69.92 69.456 66.789 63.756 64.201 64.601 61.587 58.42 56.983 53.331 53.066
-9999 -9999 -9999 -9999 -9999 -9999 -9999 -9999 -9999 -9999 -9999 -9999 -9999 153.146 141.294 148.606 156.059 162.163 177.002 180.403 194.686 194.323 188.569 215.77 206.876 229.588 239.411 226.777 226.035 222.609 213.871 183.382 159.186 151.501 129.912 115.965 101.623 113.606 97.297 82.865 79.46 75.991 73.605 75.416 80.08 80.411 80.936 75.603 72.75 67.074 60.761 67.175 70.225 65.586 68.603 67.753 66.13 66.518 66.614 72.126 70.24 71.506 74.27 74.455 73.335 70.437 66.073 62.617 62.288 60.039 56.606 53.93 55.782 53.777
-9999 -9999 -9999 -9999 -9999 -9999 -9999 -9999 -9999 165.518 171.072 165.056 159.039 183.752 177.089 183.297 179.53 183.233 190.651 196.797 210.851 208.747 209.457 233.108 215.81 225.708 214.749 213.243 220.38 221.271 202.837 184.288 163.99 148.967 125.922 105.682 128.255 124.886 104.6 101.114 86.084 79.585 73.94 79.369 86.758 78.218 79.976 70.959 69.586 66.097 66.838 70.109 69.43 73.313 72.423 75.22 70.847 67.281 68.5 70.633 72.355 73.824 73.1 72.757 73.318 70.935 67.961 64.41 61.442 60.313 59.121 59.852 55.203 54.651
-9999 -9999 -9999 -9999 -9999 -9999 -9999 -9999 143.253 169.508 170.931 187.245 222.826 236.944 233.253 220.543 204.324 208.457 207.938 216.614 222.716 216.218 237.348 225.779 218.007 200.916 194.783 198.87 213.311 215.38 195.533 180.044 165.961 143.586 138.253 153.84 177.406 142.544 122.579 98.271 95.148 87.87 87.457 83.714 75.604 76.691 72.882 72.143 69.808 68.554 78.135 79.838 81.371 81.8 85.174 79.802 74.568 78.89 76.792 77.891 76.716 75.002 75.435 72.943 71.258 68.829 67.053 66.11 62.663 64.799 64.34 59.278 59.583 55.018
-9999 -9999 -9999 -9999 -9999 -9999 -9999 127.928 148.283 167.468 178.954 199.043 221.886 225.928 225.545 213.912 213.278 207.704 213.414 212.783 219.782 230.739 225.56 207.488 189.184 176.763 194.895 218.232 225.993 228.435 202.145 183.643 157.645 158.492 144.693 185.717 178.017 169.217 125.192 114.841 104.435 97.46 87.312 81.592 81.34 82.555 83.007 74.773 71.083 70.888 80.119 76.353 82.781 94.514 89.97 88.461 81.983 82.501 85.635 81.956 80.197 77.384 74.677 72.283 66.999 65.825 66.304 67.735 67.056 63.87 64.252 60.624 60.439 62.172
-9999 -9999 -9999 -9999 -9999 120.227 -9999 128.665 142.721 156.119 166.094 174.308 188.97 189.451 191.626 196.454 195.238 192.194 193.503 207.547 195.46 196.357 189.008 188.05 186.008 207.541 239.944 282.977 316.283 272.522 261.099 242.304 230.831 199.366 170.771 171.97 200.298 150.402 126.247 124.437 115.787 102.629 89.896 86.217 90.352 89.985 84.933 75.383 71.584 76.236 80.242 91.757 98.029 97.484 93.221 87.183 83.774 80.513 83.917 81.56 78.142 73.894 71.173 70.781 67.845 65.11 66.976 66.754 67.247 65.101 63.821 65.301 63.326 65.99
-9999 -9999 -9999 -9999 -9999 -9999 -9999 -9999 -9999 154.16 152.871 164.507 168.44 169.69 176.619 186.623 183.417 173.17 183.458 179.868 178.222 189.155 191.104 203.794 206.456 235.105 274.255 315.895 318.02 316.754 294.842 301.476 293.868 219.508 200.331 192.075 142.826 140.201 138.889 114.626 107.695 99.815 103.82 103.477 107.661 101.113 85.3 74.94 74.387 78.774 89.374 109.277 110.205 105.712 94.636 87.769 85.566 88.405 81.701 78.912 74.661 70.216 66.986 65.392 67.376 65.047 65.34 64.853 65.928 67.805 70.0 73.549 73.269 67.565
-9999 -9999 -9999 -9999 -9999 -9999 -9999 -9999 -9999 147.885 151.922 158.201 162.443 173.225 183.932 189.771 177.301 168.617 170.948 166.304 179.887 189.668 195.726 201.249 205.39 223.908 246.834 269.041 276.216 272.772 279.841 295.154 257.798 239.876 212.24 169.901 173.902 180.491 139.802 118.499 100.937 116.694 113.913 118.586 115.345 105.776 85.824 79.567 81.917 98.526 105.086 105.455 104.953 104.267 97.176 92.258 86.363 85.441 84.849 77.092 72.906 69.122 66.275 64.33 65.409 67.33 66.612 63.753 66.14 70.417 77.173 76.651 76.039 74.843
-9999 -9999 -9999 -9999 -9999 -9999 -9999 117.788 129.282 143.571 148.775 -9999 158.479 163.787 169.424 162.314 155.654 151.749 -9999 152.654 164.47 175.214 196.889 197.046 217.654 223.079 244.455 256.485 250.003 243.645 268.3 249.253 227.318 217.512 212.449 193.646 196.697 186.955 147.061 125.426 114.162 113.763 122.684 120.886 116.229 96.59 84.49 83.21 92.828 97.899 103.497 101.563 105.79 99.098 94.305 90.222 84.314 78.047 75.723 74.206 75.821 71.167 67.936 64.151 62.319 63.159 65.908 67.035 69.162 76.673 80.816 83.49 78.187 76.427
-9999 -9999 -9999 -9999 -9999 -9999 -9999 117.571 -9999 -9999 -9999 148.231 151.76 152.079 -9999 -9999 -9999 -9999 -9999 143.902 152.462 170.436 170.69 186.779 196.048 205.851 223.258 228.757 237.746 307.782 319.133 278.536 236.487 223.039 220.765 209.2 200.411 164.638 149.625 128.572 118.91 128.196 118.466 118.166 100.229 88.099 85.84 90.321 99.926 100.039 106.104 99.701 97.124 95.925 89.457 83.871 79.041 73.549 71.562 69.18 68.633 69.556 66.814 66.397 63.44 64.661 67.353 73.534 79.306 83.272 86.705 86.239 80.998 75.666
-9999 -9999 -9999 -9999 -9999 -9999 -9999 -9999 -9999 130.554 139.916 143.995 141.36 141.667 -9999 -9999 -9999 -9999 -9999 -9999 -9999 -9999 160.239 177.293 178.463 179.034 192.236 217.566 281.611 335.809 350.364 313.311 263.983 240.306 220.855 197.211 195.3 184.003 149.011 132.835 143.298 132.834 126.816 101.879 93.0 90.103 93.685 104.872 98.58 104.676 103.097 96.038 89.832 86.262 83.074 78.68 73.82 72.496 68.984 66.628 64.086 63.956 64.679 66.076 67.202 68.305 74.833 78.533 85.027 88.763 86.838 84.603 79.549 72.913
-9999 -9999 -9999 -9999 -9999 -9999 -9999 -9999 -9999 -9999 137.608 -9999 -9999 -9999 -9999 -9999 -9999 -9999 -9999 -9999 144.738 151.668 164.361 165.269 156.847 160.844 176.316 212.21 265.434 317.301 326.432 292.53 254.829 232.332 210.829 192.548 189.567 160.984 134.85 129.93 134.923 130.695 114.96 -9999 93.758 95.244 100.808 107.919 104.921 102.434 97.943 90.747 86.207 81.266 80.9 78.124 71.851 69.669 67.916 64.533 63.755 64.259 64.929 65.077 69.009 78.332 80.896 86.741 83.861 84.075 82.662 78.692 70.755 70.116
-9999 -9999 -9999 -9999 -9999 -9999 -9999 -9999 -9999 -9999 -9999 -9999 -9999 -9999 -9999 -9999 -9999 -9999 -9999 -9999 141.249 147.783 147.624 142.539 -9999 -9999 -9999 174.421 231.373 255.77 262.547 240.49 227.699 221.618 198.448 174.189 159.74 141.294 121.882 119.205 115.278 104.953 -9999 92.13 93.662 96.438 104.717 107.373 101.198 100.884 97.786 88.707 84.22 80.78 78.871 78.487 72.163 68.073 74.675 73.721 70.291 67.939 67.392 68.117 69.486 72.922 83.221 83.796 79.948 78.253 77.627 70.563 67.061 64.893
-9999 -9999 -9999 -9999 -9999 -9999 -9999 -9999 -9999 -9999 -9999 -9999 -9999 -9999 -9999 -9999 -9999 -9999 -9999 -9999 -9999 -9999 -9999 -9999 -9999 -9999 -9999 132.606 170.677 197.11 193.715 189.855 191.302 185.744 170.757 157.039 144.881 128.266 125.621 122.277 -9999 -9999 91.781 90.626 96.432 99.8 106.629 107.118 100.929 99.674 91.484 83.352 85.371 82.987 81.831 85.632 85.311 80.802 81.678 88.264 82.917 75.91 75.424 73.869 75.103 78.375 78.791 79.956 76.016 70.511 70.089 68.317 64.796 64.871
-9999 -9999 -9999 -9999 -9999 -9999 -9999 -9999 -9999 -9999 -9999 -9999 -9999 -9999 -9999 -9999 -9999 -9999 -9999 -9999 -9999 -9999 -9999 -9999 -9999 -9999 -9999 124.114 138.859 147.962 156.532 163.583 159.581 154.687 149.223 141.547 125.79 -9999 -9999 -9999 -9999 -9999 89.559 96.283 100.961 102.52 105.437 107.506 101.913 96.936 87.376 80.072 80.329 88.7 88.12 94.212 95.541 93.183 89.718 89.341 87.114 79.279 77.268 76.462 75.568 78.967 74.239 71.975 67.976 66.376 65.308 63.695 62.971 62.594
-9999 -9999 -9999 -9999 -9999 -9999 -9999 -9999 -9999 -9999 -9999 -9999 -9999 -9999 -9999 -9999 -9999 -9999 -9999 -9999 -9999 -9999 -9999 -9999 -9999 -9999 -9999 -9999 -9999 131.857 147.784 145.907 139.006 137.753 135.18 124.019 -9999 -9999 -9999 -9999 101.427 103.122 104.803 103.161 107.937 100.668 107.466 107.929 103.506 94.431 86.412 85.942 88.719 94.193 96.888 96.323 98.906 94.376 90.178 84.738 82.833 79.561 74.629 75.66 72.877 72.249 71.203 67.276 66.007 66.396 68.91 66.867 63.929 63.957
-9999 -9999 -9999 -9999 -9999 -9999 -9999 -9999 -9999 -9999 -9999 -9999 -9999 -9999 -9999 -9999 -9999 -9999 -9999 -9999 -9999 -9999 -9999 -9999 -9999 -9999 -9999 -9999 -9999 -9999 127.846 123.544 123.343 117.029 117.183 -9999 -9999 -9999 -9999 106.335 101.735 107.668 111.768 112.23 104.449 98.59 102.549 101.216 103.095 93.857 90.089 93.879 94.275 96.685 101.269 98.217 96.151 94.069 92.551 87.002 82.64 78.007 77.741 75.546 73.993 72.882 70.245 68.891 70.695 73.179 73.646 70.546 66.316 64.493
-9999 -9999 -9999 -9999 -9999 -9999 -9999 -9999 -9999 -9999 -9999 -9999 -9999 -9999 -9999 -9999 -9999 -9999 -9999 -9999 -9999 -9999 -9999 -9999 -9999 -9999 -9999 -9999 -9999 -9999 -9999 -9999 -9999 -9999 -9999 -9999 -9999 -9999 105.521 103.662 101.549 109.861 115.081 111.73 103.289 101.567 99.758 101.883 98.142 88.187 89.346 87.559 90.567 92.632 94.008 98.538 99.313 96.994 100.541 100.437 93.744 89.039 85.202 78.039 74.357 74.371 71.628 70.516 72.952 75.138 73.554 69.982 67.592 66.498
-9999 -9999 -9999 -9999 -9999 -9999 -9999 -9999 -9999 -9999 -9999 -9999 -9999 -9999 -9999 -9999 -9999 -9999 -9999 -9999 -9999 -9999 -9999 -9999 -9999 -9999 -9999 -9999 -9999 -9999 -9999 -9999 -9999 -9999 -9999 -9999 -9999 96.222 100.551 106.406 111.131 134.938 129.59 117.568 111.094 107.526 105.028 101.536 89.458 83.522 81.976 82.999 90.206 90.373 95.869 100.34 107.106 105.345 101.88 109.75 104.777 100.295 94.455 85.909 77.509 75.439 74.415 73.566 74.609 75.697 73.966 70.806 69.845 70.781
-9999 -9999 -9999 -9999 -9999 -9999 -9999 -9999 -9999 -9999 -9999 -9999 -9999 -9999 -9999 -9999 -9999 -9999 -9999 -9999 -9999 -9999 -9999 -9999 -9999 -9999 -9999 -9999 -9999 -9999 -9999 -9999 -9999 -9999 -9999 -9999 -9999 93.949 93.417 95.712 112.197 122.989 128.951 137.386 128.685 122.784 116.853 103.012 92.287 90.056 94.58 96.499 99.25 95.689 92.112 95.098 99.371 106.808 104.875 104.276 104.735 96.576 95.953 90.332 83.845 80.782 78.67 81.195 80.887 78.571 77.209 74.319 76.526 83.729
-9999 -9999 -9999 -9999 -9999 -9999 -9999 -9999 -9999 -9999 -9999 -9999 -9999 -9999 -9999 -9999 -9999 -9999 -9999 -9999 -9999 -9999 -9999 -9999 179.906 204.484 238.104 214.68 -9999 181.145 -9999 -9999 -9999 -9999 -9999 -9999 -9999 -9999 85.113 87.121 94.652 103.016 117.793 128.181 136.477 129.594 114.912 105.454 99.651 105.987 104.576 95.11 97.593 95.47 90.102 92.461 93.672 97.473 97.705 99.679 97.279 97.635 96.756 100.369 97.901 90.773 88.202 87.578 86.244 85.054 83.836 82.285 84.468 86.733
-9999 -9999 -9999 -9999 -9999 -9999 -9999 -9999 -9999 -9999 -9999 -9999 -9999 -9999 -9999 -9999 -9999 -9999 -9999 -9999 -9999 153.409 159.436 157.803 181.656 234.101 248.912 231.15 223.468 190.035 151.291 125.978 -9999 -9999 101.987 97.697 90.015 80.034 84.27 82.899 87.791 96.045 105.514 114.953 122.047 121.229 116.047 108.062 115.678 109.593 101.92 103.21 96.277 94.645 90.878 89.92 91.814 94.007 97.085 93.002 95.607 97.413 101.507 100.217 105.591 104.347 95.719 93.71 89.081 87.803 90.31 88.629 101.26 102.815
-9999 -9999 -9999 -9999 -9999 -9999 -9999 -9999 -9999 -9999 -9999 -9999 -9999 -9999 -9999 -9999 -9999 -9999 -9999 -9999 158.194 154.843 147.915 151.596 186.618 232.477 253.525 258.247 246.851 205.258 176.921 142.739 118.67 120.895 115.218 110.635 94.22 89.597 84.198 82.144 87.171 94.953 94.728 105.345 109.726 111.766 111.599 125.106 115.865 116.81 112.306 108.168 103.686 97.408 94.299 92.119 95.057 96.464 95.619 95.542 93.301 96.117 99.619 106.654 109.89 108.694 104.263 100.754 104.336 97.247 94.81 95.075 95.72 106.863
-9999 -9999 -9999 -9999 -9999 -9999 -9999 -9999 -9999 -9999 -9999 -9999 -9999 -9999 -9999 -9999 -9999 -9999 -9999 -9999 159.741 137.888 131.06 141.492 174.986 207.026 221.837 234.829 218.209 199.835 171.418 157.589 152.301 137.075 122.347 106.84 100.222 91.925 81.276 79.687 81.4 84.912 87.108 91.564 92.663 99.283 113.905 114.905 116.095 119.183 112.389 107.226 108.489 104.618 100.871 97.682 98.515 99.858 97.462 95.459 97.31 90.532 94.359 103.322 113.664 115.194 108.797 108.818 110.603 109.21 101.609 95.534 95.112 97.654
-9999 -9999 -9999 -9999 -9999 -9999 -9999 -9999 -9999 -9999 -9999 -9999 -9999 -9999 -9999 -9999 -9999 -9999 -9999 -9999 147.67 130.801 130.515 136.203 152.436 163.307 176.566 182.807 187.798 181.631 170.149 160.288 160.035 140.072 112.634 101.333 96.303 89.709 82.259 74.88 74.531 82.751 83.14 83.62 92.243 100.005 106.816 107.434 104.559 110.408 109.871 115.352 113.938 108.161 101.046 99.488 100.213 99.865 102.801 99.588 97.181 104.523 100.528 106.034 114.16 125.631 121.269 113.216 114.704 108.155 102.176 100.869 95.403 97.604
-9999 -9999 -9999 -9999 -9999 -9999 -9999 -9999 -9999 -9999 -9999 -9999 -9999 -9999 -9999 -9999 159.858 178.433 -9999 157.215 138.734 146.935 139.099 132.502 130.787 141.31 149.434 164.63 171.291 171.232 156.353 152.509 142.519 123.478 111.461 101.605 98.349 95.499 89.937 78.7 84.677 85.41 83.066 85.549 91.499 98.558 103.086 103.381 110.732 113.374 114.72 124.103 121.808 112.126 99.653 96.211 103.144 107.505 102.759 104.373 98.501 103.062 111.849 108.818 113.66 117.553 120.681 112.799 112.549 115.403 109.728 104.94 101.283 97.046
-9999 -9999 -9999 -9999 -9999 -9999 -9999 -9999 -9999 -9999 -9999 -9999 -9999 -9999 -9999 -9999 164.639 169.082 167.811 156.949 150.817 148.075 135.822 131.51 141.616 138.211 146.456 152.896 155.371 159.234 149.283 138.179 131.504 123.459 123.679 126.814 116.804 106.356 94.443 88.601 94.633 94.182 94.243 100.715 114.852 97.962 104.16 104.281 106.806 109.178 116.125 118.242 118.532 111.643 104.766 106.038 109.51 108.226 101.761 99.351 101.532 101.441 105.171 106.754 112.401 118.724 116.743 124.396 119.112 119.691 116.84 114.182 106.246 102.589
-9999 -9999 -9999 -9999 -9999 -9999 -9999 -9999 -9999 -9999 -9999 -9999 -9999 -9999 -9999 147.586 155.405 163.187 169.527 170.054 156.771 149.877 143.051 143.327 138.883 133.555 138.175 139.065 139.593 141.289 132.787 126.093 120.472 123.973 139.7 139.268 141.752 123.833 110.305 106.528 103.293 101.067 105.789 114.358 105.192 105.787 103.62 104.748 111.069 118.791 113.231 112.557 109.901 112.194 110.473 107.917 114.393 112.922 105.302 98.212 105.672 101.211 101.342 102.594 106.321 112.698 113.449 118.902 127.63 120.261 129.229 118.302 121.973 119.377
-9999 -9999 -9999 -9999 -9999 -9999 -9999 -9999 -9999 -9999 -9999 -9999 -9999 -9999 -9999 -9999 136.198 154.269 158.439 152.979 150.886 151.07 139.833 131.671 132.446 129.338 131.448 129.354 127.896 120.897 117.966 119.644 112.588 125.469 136.433 146.615 143.055 135.213 125.431 119.413 110.687 112.891 117.004 119.279 110.739 111.278 113.383 114.497 120.87 113.189 114.319 107.851 106.991 109.531 110.515 109.945 111.419 111.57 108.258 119.303 -9999 106.448 98.197 105.121 101.335 98.418 101.697 102.581 106.582 107.267 108.604 110.691 105.63 116.768
-9999 -9999 -9999 -9999 -9999 -9999 -9999 -9999 -9999 -9999 -9999 -9999 -9999 -9999 -9999 129.418 128.322 140.548 145.307 149.34 153.968 147.397 137.676 131.324 124.246 125.419 124.339 116.852 106.648 109.018 113.077 107.189 111.518 120.078 127.293 137.468 143.054 130.76 125.771 134.686 131.594 128.659 137.718 127.431 130.981 135.977 129.231 125.442 120.172 116.587 112.5 110.33 107.628 109.252 109.308 110.307 111.48 110.874 111.257 106.052 109.29 -9999 94.048 -9999 93.37 -9999 91.115 -9999 94.444 95.111 97.524 95.163 93.404 97.13
-9999 -9999 -9999 -9999 -9999 -9999 -9999 -9999 -9999 -9999 -9999 -9999 -9999 -9999 -9999 125.361 132.203 138.253 139.81 150.791 153.93 154.632 150.939 147.9 138.063 136.752 131.027 123.903 104.123 107.533 105.222 103.258 106.678 116.778 127.935 140.679 134.981 123.377 133.517 132.956 120.642 125.628 122.407 125.599 141.992 137.793 128.904 128.116 120.247 117.048 115.184 112.125 109.209 105.541 105.316 107.252 107.045 104.12 101.853 100.284 96.7 -9999 -9999 89.547 87.244 -9999 -9999 87.297 87.235 88.013 -9999 -9999 -9999 -9999
-9999 -9999 -9999 -9999 -9999 -9999 -9999 -9999 -9999 -9999 -9999 -9999 -9999 -9999 144.642 142.653 153.859 144.652 141.108 142.592 150.438 162.483 176.79 188.113 192.682 164.74 141.591 120.204 116.666 110.693 101.749 97.769 106.637 114.756 130.407 130.11 125.297 117.764 121.92 106.25 107.022 110.086 117.354 130.307 130.822 128.75 126.313 121.336 119.544 113.922 109.141 109.333 109.615 106.986 99.951 95.428 100.549 99.779 -9999 -9999 -9999 98.521 -9999 -9999 -9999 -9999 -9999 -9999 89.99 -9999 -9999 -9999 -9999 -9999
