Validation/Results/ReClimate_10_2024_1_Temperature-Actuals.asc
NCOLS 192
NROWS 249
XLLCENTER -225160.85627316462
YLLCENTER 29788.11610251431
CELLSIZE 5000.0
NODATA_VALUE -9999
[rows 102 to 135 of 249, columns 77 to 153 of 192]
5.339 5.256 7.091 7.913 -9999 -9999 7.026 -9999 -9999 6.77 4.705 4.465 5.789 4.984 3.164 4.591 3.69 3.664 3.902 4.397 5.749 4.921 4.193 3.472 3.957 4.796 4.218 4.437 5.429 6.118 6.481 6.4 6.003 5.451 6.317 6.561 6.614 6.794 6.853 7.057 -9999 -9999 -9999 -9999 -9999 -9999 -9999 -9999 -9999 -9999 -9999 -9999 -9999 -9999 -9999 -9999 -9999 -9999 -9999 -9999 -9999 -9999 -9999 -9999 -9999 -9999 -9999 -9999 -9999 -9999 -9999 -9999 -9999 -9999 -9999 -9999 -9999
5.663 6.813 -9999 -9999 -9999 7.603 6.488 6.707 6.219 6.065 5.296 6.79 6.322 4.856 4.752 5.062 5.095 5.063 5.019 5.046 4.219 4.962 4.305 4.507 4.316 4.031 4.578 5.211 5.895 6.361 6.478 6.295 5.8 6.424 6.929 -9999 -9999 7.137 -9999 -9999 -9999 -9999 -9999 -9999 -9999 -9999 -9999 -9999 -9999 -9999 -9999 -9999 -9999 -9999 -9999 -9999 -9999 -9999 -9999 -9999 -9999 -9999 -9999 -9999 -9999 -9999 -9999 -9999 -9999 -9999 -9999 -9999 -9999 -9999 -9999 -9999 -9999
-9999 7.163 -9999 -9999 -9999 7.308 6.307 5.979 5.884 6.218 6.734 6.084 5.011 4.758 5.176 5.477 5.087 4.705 5.228 4.818 5.858 5.114 4.871 5.513 5.894 6.103 5.957 6.269 6.464 6.443 6.559 6.591 6.571 6.971 -9999 6.885 6.982 6.988 7.075 -9999 -9999 -9999 -9999 -9999 -9999 -9999 -9999 -9999 -9999 -9999 -9999 -9999 -9999 -9999 -9999 -9999 -9999 -9999 -9999 -9999 -9999 -9999 -9999 -9999 -9999 -9999 -9999 -9999 -9999 -9999 -9999 -9999 -9999 -9999 -9999 -9999 -9999
-9999 -9999 -9999 7.78 7.333 6.458 6.191 5.703 6.021 5.769 5.097 4.724 4.645 5.529 5.442 5.931 4.729 5.668 4.47 5.708 4.693 3.984 5.563 6.134 5.977 6.247 6.618 6.57 6.716 6.767 6.869 6.914 -9999 6.916 6.845 6.917 6.847 7.024 7.051 -9999 -9999 -9999 -9999 -9999 -9999 -9999 -9999 -9999 -9999 -9999 -9999 -9999 -9999 -9999 -9999 -9999 -9999 -9999 -9999 -9999 -9999 -9999 -9999 -9999 -9999 -9999 -9999 -9999 -9999 -9999 -9999 -9999 -9999 -9999 -9999 -9999 -9999
-9999 -9999 -9999 7.637 7.716 7.055 5.986 5.986 6.249 5.295 6.065 5.959 5.562 4.933 6.248 6.311 5.427 4.672 5.252 5.195 4.173 5.051 4.979 4.734 5.625 6.094 6.181 6.385 6.374 6.17 6.156 6.063 6.283 6.755 6.94 6.689 6.495 6.732 6.832 7.243 -9999 -9999 -9999 -9999 -9999 -9999 -9999 -9999 -9999 -9999 -9999 -9999 -9999 -9999 -9999 -9999 -9999 -9999 -9999 -9999 -9999 -9999 -9999 -9999 -9999 -9999 -9999 -9999 -9999 -9999 -9999 -9999 -9999 -9999 -9999 -9999 -9999
-9999 -9999 7.801 -9999 -9999 6.913 6.105 6.587 5.754 6.138 -9999 -9999 5.241 5.207 6.04 6.459 5.495 5.518 5.671 5.323 5.535 6.074 5.52 5.773 6.082 6.322 5.934 5.415 4.966 5.195 5.397 5.856 6.246 6.397 6.766 6.346 6.475 6.486 6.834 7.259 7.543 -9999 -9999 -9999 -9999 -9999 -9999 -9999 -9999 -9999 -9999 -9999 -9999 -9999 -9999 -9999 -9999 -9999 -9999 -9999 -9999 -9999 -9999 -9999 -9999 -9999 -9999 -9999 -9999 -9999 -9999 -9999 -9999 -9999 -9999 -9999 -9999
-9999 -9999 7.854 -9999 7.55 6.906 6.849 5.872 5.951 7.017 7.055 5.636 5.118 5.974 7.619 5.983 4.832 6.403 6.282 5.855 6.285 6.447 6.498 6.644 6.512 5.556 4.662 4.653 5.125 5.487 5.965 6.174 6.153 6.415 6.568 6.738 7.135 7.476 7.675 7.872 -9999 -9999 -9999 -9999 -9999 -9999 -9999 -9999 -9999 -9999 -9999 -9999 -9999 -9999 -9999 -9999 -9999 -9999 -9999 -9999 -9999 -9999 -9999 -9999 -9999 -9999 -9999 -9999 -9999 -9999 -9999 -9999 -9999 -9999 -9999 -9999 -9999
-9999 -9999 7.908 -9999 7.518 7.471 6.78 6.591 7.087 -9999 5.73 6.015 -9999 6.173 6.252 5.976 6.72 5.642 6.499 6.747 7.036 7.077 7.166 7.148 6.721 5.893 6.28 6.478 6.415 6.187 6.041 6.268 6.334 6.721 7.007 7.384 -9999 -9999 -9999 -9999 -9999 -9999 -9999 -9999 -9999 -9999 -9999 -9999 -9999 -9999 -9999 -9999 -9999 -9999 -9999 -9999 -9999 -9999 -9999 -9999 -9999 -9999 -9999 -9999 -9999 -9999 -9999 -9999 -9999 -9999 -9999 -9999 -9999 -9999 -9999 -9999 -9999
7.94 7.869 -9999 -9999 7.856 7.405 6.985 7.311 7.208 5.615 5.905 5.159 -9999 6.858 6.143 6.639 6.725 6.592 6.581 6.9 6.775 6.593 6.422 6.526 6.928 7.34 7.258 7.073 6.697 6.302 6.22 6.407 6.598 6.849 7.341 -9999 -9999 -9999 -9999 -9999 -9999 -9999 -9999 -9999 -9999 -9999 -9999 -9999 -9999 -9999 -9999 -9999 -9999 -9999 -9999 -9999 -9999 -9999 -9999 -9999 -9999 -9999 -9999 -9999 -9999 -9999 -9999 -9999 -9999 -9999 -9999 -9999 -9999 -9999 -9999 -9999 -9999
8.058 8.018 -9999 8.073 6.855 6.819 7.5 -9999 6.106 6.246 5.273 5.421 -9999 6.624 5.867 6.767 7.517 7.299 7.296 6.967 6.614 6.225 5.651 6.018 6.857 7.238 -9999 7.355 7.053 6.853 6.803 6.783 6.695 7.118 -9999 -9999 -9999 -9999 -9999 -9999 -9999 -9999 -9999 -9999 -9999 -9999 -9999 -9999 -9999 -9999 -9999 -9999 -9999 -9999 -9999 -9999 -9999 -9999 -9999 -9999 -9999 -9999 -9999 -9999 -9999 -9999 -9999 -9999 -9999 -9999 -9999 -9999 -9999 -9999 -9999 -9999 -9999
8.308 -9999 -9999 7.612 6.462 7.277 -9999 6.961 6.535 6.183 5.695 6.35 -9999 7.377 7.108 7.361 7.535 7.329 7.058 6.703 5.293 5.127 5.281 5.793 6.686 7.349 7.542 7.622 -9999 -9999 7.325 7.249 -9999 -9999 -9999 -9999 -9999 -9999 7.837 7.922 8.058 -9999 -9999 -9999 -9999 -9999 -9999 -9999 -9999 -9999 -9999 -9999 -9999 -9999 -9999 -9999 -9999 -9999 -9999 -9999 -9999 -9999 -9999 -9999 -9999 -9999 -9999 -9999 -9999 -9999 -9999 -9999 -9999 -9999 -9999 -9999 -9999
-9999 -9999 7.538 7.069 7.625 7.195 -9999 7.142 6.434 6.792 6.884 6.203 -9999 -9999 -9999 7.682 7.206 6.569 6.44 6.243 6.207 6.407 6.312 6.484 6.622 6.846 7.109 7.454 7.518 7.285 7.155 7.417 -9999 -9999 -9999 -9999 -9999 7.6 7.722 7.587 7.829 7.967 -9999 -9999 -9999 -9999 -9999 -9999 -9999 -9999 -9999 -9999 -9999 -9999 -9999 -9999 -9999 -9999 -9999 -9999 -9999 -9999 -9999 -9999 -9999 -9999 -9999 -9999 -9999 -9999 -9999 -9999 -9999 -9999 -9999 -9999 -9999
-9999 -9999 -9999 8.116 6.967 7.424 -9999 7.18 -9999 7.319 6.531 7.439 -9999 7.87 7.219 6.986 -9999 6.9 7.11 7.029 7.108 6.916 6.815 6.547 6.407 6.439 6.686 6.885 6.585 6.585 7.021 7.26 7.407 7.496 7.705 -9999 7.649 7.485 7.328 7.379 7.148 6.967 7.046 7.966 -9999 -9999 -9999 -9999 -9999 -9999 -9999 -9999 -9999 -9999 -9999 -9999 -9999 -9999 -9999 -9999 -9999 -9999 -9999 -9999 -9999 -9999 -9999 -9999 -9999 -9999 -9999 -9999 -9999 -9999 -9999 -9999 -9999
-9999 -9999 -9999 7.353 6.576 7.588 -9999 8.087 -9999 7.622 7.897 -9999 7.78 6.871 6.353 6.873 7.225 7.337 7.271 7.461 7.453 6.993 6.879 6.563 6.245 6.248 6.33 6.393 6.429 6.551 6.723 6.712 6.765 6.916 7.372 7.472 7.155 7.084 6.982 6.88 6.405 6.161 6.091 6.572 7.446 7.726 7.53 -9999 -9999 -9999 -9999 -9999 -9999 -9999 -9999 -9999 -9999 -9999 -9999 -9999 -9999 -9999 -9999 -9999 -9999 -9999 -9999 -9999 -9999 -9999 -9999 -9999 -9999 -9999 -9999 -9999 -9999
-9999 -9999 -9999 7.359 7.596 7.429 7.5 -9999 -9999 8.46 8.321 -9999 7.825 6.335 5.932 6.644 6.975 7.339 7.491 7.523 7.378 7.495 7.162 6.761 6.46 6.052 6.035 6.143 6.278 6.219 5.965 5.773 5.753 6.514 7.128 7.029 6.778 6.607 6.284 5.468 5.376 5.74 5.82 6.243 6.353 7.021 7.518 7.431 -9999 -9999 -9999 -9999 -9999 -9999 -9999 -9999 -9999 -9999 -9999 -9999 -9999 -9999 -9999 -9999 -9999 -9999 -9999 -9999 -9999 -9999 -9999 -9999 -9999 -9999 -9999 -9999 -9999
-9999 -9999 -9999 7.874 7.646 7.166 8.269 -9999 -9999 8.688 8.758 -9999 -9999 6.4 6.3 6.863 6.82 6.773 6.99 7.078 7.233 6.987 7.184 7.111 6.653 6.3 5.931 5.816 5.639 5.627 5.271 5.26 5.835 6.265 6.426 6.373 6.156 5.838 5.328 5.24 5.274 5.651 5.952 6.267 6.738 6.882 6.884 7.258 -9999 -9999 -9999 -9999 -9999 -9999 -9999 -9999 -9999 -9999 -9999 -9999 -9999 -9999 -9999 -9999 -9999 -9999 -9999 -9999 -9999 -9999 -9999 -9999 -9999 -9999 -9999 -9999 -9999
-9999 -9999 -9999 8.129 7.424 7.664 -9999 -9999 -9999 -9999 8.964 -9999 8.032 6.78 7.07 7.13 6.64 6.449 6.363 6.664 6.709 6.776 6.791 6.869 6.836 6.178 5.745 5.67 5.679 5.408 5.264 5.641 5.869 5.847 5.796 5.356 5.43 5.56 5.627 5.588 5.636 5.877 6.107 6.472 6.865 6.873 6.93 7.236 7.357 -9999 -9999 -9999 -9999 -9999 -9999 -9999 -9999 -9999 -9999 -9999 -9999 -9999 -9999 -9999 -9999 -9999 -9999 -9999 -9999 -9999 -9999 -9999 -9999 -9999 -9999 -9999 -9999
-9999 7.776 7.678 7.433 7.653 -9999 -9999 7.358 -9999 -9999 -9999 -9999 8.263 7.601 7.534 7.225 6.897 6.489 6.227 6.148 6.041 6.054 6.314 6.508 6.559 6.434 5.825 5.793 5.68 5.716 5.998 5.958 5.571 5.603 4.819 4.533 5.02 5.38 5.57 5.906 6.063 6.219 6.24 6.584 6.969 7.076 7.063 7.116 7.202 -9999 -9999 -9999 -9999 -9999 -9999 -9999 -9999 -9999 -9999 -9999 -9999 -9999 -9999 -9999 -9999 -9999 -9999 -9999 -9999 -9999 -9999 -9999 -9999 -9999 -9999 -9999 -9999
-9999 -9999 7.293 7.314 7.884 -9999 7.294 6.62 7.337 -9999 -9999 -9999 -9999 8.368 7.978 7.696 7.317 6.933 6.557 6.083 5.922 6.055 6.259 6.323 6.434 6.055 6.1 5.969 5.847 5.788 5.869 5.512 6.016 5.541 5.377 5.238 4.883 5.138 5.803 6.091 6.408 6.495 6.542 6.805 7.122 7.137 7.06 6.855 6.863 7.202 -9999 -9999 -9999 -9999 -9999 -9999 -9999 -9999 -9999 -9999 -9999 -9999 -9999 -9999 -9999 -9999 -9999 -9999 -9999 -9999 -9999 -9999 -9999 -9999 -9999 -9999 -9999
-9999 -9999 7.703 7.435 7.682 -9999 7.666 6.667 7.536 -9999 -9999 -9999 -9999 -9999 8.304 8.006 7.701 7.5 7.104 6.723 6.418 6.019 5.665 5.791 6.024 6.231 6.327 6.07 5.888 5.967 5.792 5.839 6.066 5.82 5.708 5.725 6.093 6.206 6.426 6.445 6.644 6.544 6.722 7.066 7.16 7.184 7.057 6.873 6.574 6.869 7.344 -9999 -9999 -9999 -9999 -9999 -9999 -9999 -9999 -9999 -9999 -9999 -9999 -9999 -9999 -9999 -9999 -9999 -9999 -9999 -9999 -9999 -9999 -9999 -9999 -9999 -9999
-9999 -9999 7.633 7.286 -9999 -9999 8.124 7.199 7.044 8.018 -9999 -9999 -9999 -9999 -9999 8.154 7.642 7.258 7.071 6.457 5.892 5.596 5.302 5.384 5.685 6.066 5.888 6.006 5.929 5.695 5.616 5.881 4.736 5.409 5.252 5.869 5.526 6.048 6.577 6.438 6.602 6.837 6.968 6.854 6.689 6.699 6.862 6.75 7.009 6.651 7.088 7.504 8.057 -9999 -9999 -9999 -9999 -9999 -9999 -9999 -9999 -9999 -9999 -9999 -9999 -9999 -9999 -9999 -9999 -9999 -9999 -9999 -9999 -9999 -9999 -9999 -9999
-9999 -9999 7.479 8.214 -9999 -9999 7.756 6.744 6.925 -9999 -9999 -9999 -9999 -9999 -9999 8.197 7.615 7.209 6.914 6.41 6.147 6.033 5.744 5.638 5.544 5.589 5.634 5.691 5.058 4.627 5.402 4.579 4.167 4.501 5.458 5.359 5.848 6.499 6.228 6.359 6.624 6.632 6.689 6.749 6.631 6.642 6.271 6.238 6.903 6.853 6.69 7.222 7.764 -9999 -9999 -9999 -9999 -9999 -9999 -9999 -9999 -9999 -9999 -9999 -9999 -9999 -9999 -9999 -9999 -9999 -9999 -9999 -9999 -9999 -9999 -9999 -9999
-9999 -9999 7.991 8.863 -9999 -9999 -9999 7.912 7.668 7.906 -9999 -9999 -9999 -9999 -9999 8.185 7.618 7.239 6.994 6.675 6.496 5.932 5.276 5.025 5.369 5.289 5.686 5.58 5.135 5.054 5.433 4.204 4.65 5.21 4.996 5.374 6.164 5.964 6.262 6.269 6.421 6.705 6.59 6.434 6.451 6.143 5.178 5.576 6.205 6.847 6.723 6.862 7.444 -9999 -9999 -9999 -9999 -9999 -9999 -9999 -9999 -9999 -9999 -9999 -9999 -9999 -9999 -9999 -9999 -9999 -9999 -9999 -9999 -9999 -9999 -9999 -9999
-9999 7.642 7.989 8.811 -9999 -9999 -9999 -9999 -9999 -9999 -9999 -9999 -9999 -9999 -9999 7.811 7.275 7.051 6.841 6.611 6.392 5.72 5.335 5.241 5.412 5.486 5.245 5.341 4.769 4.933 4.41 4.119 4.649 5.226 5.025 5.396 5.568 5.999 6.038 6.35 6.338 6.272 6.445 6.198 6.081 5.208 5.085 5.068 6.143 6.891 6.962 6.897 7.243 8.243 -9999 -9999 -9999 -9999 -9999 -9999 -9999 -9999 -9999 -9999 -9999 -9999 -9999 -9999 -9999 -9999 -9999 -9999 -9999 -9999 -9999 -9999 -9999
7.701 7.712 7.77 8.928 -9999 -9999 -9999 -9999 -9999 -9999 -9999 -9999 -9999 8.061 7.907 7.524 6.966 6.497 6.208 6.312 6.269 6.099 5.882 6.138 5.685 4.94 5.037 5.097 5.123 5.419 5.023 4.304 5.417 5.275 5.287 5.422 5.764 6.063 6.366 5.928 6.003 6.221 6.163 5.942 5.348 5.192 5.183 5.353 6.052 6.946 7.083 6.926 7.227 7.922 -9999 -9999 -9999 -9999 -9999 -9999 -9999 -9999 -9999 -9999 -9999 -9999 -9999 -9999 -9999 -9999 -9999 -9999 -9999 -9999 -9999 -9999 -9999
7.714 8.167 8.908 -9999 -9999 -9999 -9999 -9999 -9999 -9999 -9999 -9999 -9999 7.932 7.839 7.363 6.697 6.333 6.334 5.765 5.41 5.439 5.388 5.634 5.68 5.74 5.582 5.217 5.486 5.815 5.565 5.406 4.83 5.227 5.086 5.607 5.898 6.385 6.035 5.887 5.974 5.947 5.625 5.127 4.892 5.251 5.59 5.95 6.465 6.497 6.504 6.771 7.16 7.755 -9999 -9999 -9999 -9999 -9999 -9999 -9999 -9999 -9999 -9999 -9999 -9999 -9999 -9999 -9999 -9999 -9999 -9999 -9999 -9999 -9999 -9999 -9999
-9999 -9999 -9999 -9999 -9999 -9999 -9999 -9999 -9999 -9999 -9999 -9999 -9999 7.778 7.521 6.761 6.706 6.537 6.244 5.397 5.257 4.722 5.039 5.352 5.707 5.848 5.549 4.538 4.977 6.003 6.225 5.298 5.115 5.298 5.381 5.344 5.934 5.553 5.397 5.619 5.3 5.071 4.792 5.428 5.5 5.54 5.69 5.95 6.677 6.837 6.697 6.834 7.37 7.841 -9999 -9999 -9999 -9999 -9999 -9999 -9999 -9999 -9999 -9999 -9999 -9999 -9999 -9999 -9999 -9999 -9999 -9999 -9999 -9999 -9999 -9999 -9999
-9999 -9999 -9999 -9999 -9999 -9999 -9999 -9999 -9999 -9999 -9999 -9999 7.729 7.214 6.448 6.573 6.321 6.491 6.303 6.027 5.099 5.084 4.988 5.306 5.598 6.376 5.966 5.444 5.603 6.119 6.449 6.038 5.729 5.576 5.428 5.466 5.093 5.658 5.845 5.605 5.331 4.463 5.187 5.089 5.421 5.836 5.805 5.984 6.019 6.681 7.007 7.197 7.522 7.923 -9999 -9999 -9999 -9999 -9999 -9999 -9999 -9999 -9999 -9999 -9999 -9999 -9999 -9999 -9999 -9999 -9999 -9999 -9999 -9999 -9999 -9999 -9999
-9999 -9999 -9999 -9999 -9999 -9999 -9999 -9999 -9999 -9999 -9999 -9999 7.369 6.765 6.359 5.707 6.01 6.453 6.298 5.544 5.995 5.559 5.417 5.723 6.155 6.935 6.743 6.217 5.969 6.129 6.801 6.452 6.203 6.062 5.95 5.29 6.031 5.554 5.848 5.814 4.663 5.582 5.228 5.373 5.802 5.839 6.179 6.101 5.885 6.339 6.849 7.133 7.522 7.982 -9999 -9999 -9999 -9999 -9999 -9999 -9999 -9999 -9999 -9999 -9999 -9999 -9999 -9999 -9999 -9999 -9999 -9999 -9999 -9999 -9999 -9999 -9999
-9999 -9999 -9999 -9999 -9999 -9999 -9999 -9999 -9999 -9999 -9999 7.684 6.938 6.79 5.93 6.129 5.907 5.229 5.624 6.06 6.247 5.841 6.007 6.163 6.257 6.613 6.666 6.394 6.42 7.103 7.085 6.699 6.224 6.129 5.487 6.219 5.93 5.553 6.155 5.286 5.176 5.738 5.958 6.163 5.854 5.913 6.053 5.937 6.255 6.567 6.935 7.216 7.519 7.911 8.301 -9999 -9999 -9999 -9999 -9999 -9999 -9999 -9999 -9999 -9999 -9999 -9999 -9999 -9999 -9999 -9999 -9999 -9999 -9999 -9999 -9999 -9999
-9999 -9999 -9999 -9999 -9999 -9999 -9999 -9999 -9999 -9999 7.827 7.355 6.937 6.807 6.611 6.402 5.837 5.914 5.844 5.588 6.51 6.444 6.395 6.22 6.27 6.535 6.813 7.153 7.325 7.091 7.266 6.901 6.472 6.149 6.301 6.477 6.156 6.121 6.313 5.46 5.248 5.558 5.721 5.86 5.966 6.25 6.256 6.096 6.504 6.709 6.908 7.14 7.5 7.859 8.312 -9999 -9999 -9999 -9999 -9999 -9999 -9999 -9999 -9999 -9999 -9999 -9999 -9999 -9999 -9999 -9999 -9999 -9999 -9999 -9999 -9999 -9999
-9999 -9999 -9999 -9999 -9999 -9999 -9999 -9999 -9999 -9999 7.71 6.381 6.784 6.822 6.81 6.886 6.342 5.363 5.567 6.51 6.674 6.803 6.688 6.547 6.417 6.302 7.255 7.578 7.478 7.491 7.112 7.052 6.607 6.628 6.558 6.702 6.438 6.459 6.107 5.929 5.657 5.613 5.798 5.849 6.316 6.623 6.512 6.466 6.493 6.653 6.956 7.299 7.422 7.684 8.137 -9999 -9999 -9999 -9999 -9999 -9999 -9999 -9999 -9999 -9999 -9999 -9999 -9999 -9999 -9999 -9999 -9999 -9999 -9999 -9999 -9999 -9999
-9999 -9999 -9999 -9999 -9999 -9999 -9999 -9999 -9999 8.141 6.832 6.768 6.707 6.76 6.993 7.106 6.393 5.982 6.325 6.422 6.76 6.877 6.965 6.665 6.38 6.972 7.188 7.473 7.952 7.542 7.426 7.173 7.103 6.92 6.927 6.997 6.886 6.479 6.641 6.294 5.731 5.959 5.959 6.076 6.184 6.59 6.708 6.983 6.737 6.754 7.007 7.355 7.57 7.622 7.918 8.549 -9999 -9999 -9999 -9999 -9999 -9999 -9999 -9999 -9999 -9999 -9999 -9999 -9999 -9999 -9999 -9999 -9999 -9999 -9999 -9999 -9999
-9999 -9999 -9999 -9999 -9999 -9999 -9999 -9999 8.368 -9999 7.45 6.894 6.785 6.829 7.162 7.474 7.138 7.064 6.606 6.178 6.634 7.006 7.113 7.077 7.085 7.185 7.264 7.594 7.818 7.654 7.786 7.628 7.422 7.259 7.335 7.425 7.332 7.142 6.904 6.586 6.582 6.364 6.304 6.291 6.555 6.882 7.358 6.899 6.619 6.883 7.129 7.368 7.576 7.725 7.88 8.312 -9999 -9999 -9999 -9999 -9999 -9999 -9999 -9999 -9999 -9999 -9999 -9999 -9999 -9999 -9999 -9999 -9999 -9999 -9999 -9999 -9999
