Validation/Results/ReClimate_12_2023_2_Temperature-Actuals.asc
NCOLS 192
NROWS 249
XLLCENTER -225160.85627316462
YLLCENTER 29788.11610251502
CELLSIZE 5000.0
NODATA_VALUE -9999
[rows 204 to 237 of 249, columns 77 to 153 of 192]
-9999 -9999 6.896 -9999 6.487 6.175 5.926 5.666 5.689 5.474 5.462 5.461 5.327 5.282 4.993 5.468 5.283 5.287 5.482 5.699 5.611 5.653 5.161 4.682 3.486 2.868 4.291 4.082 4.135 3.451 3.826 4.904 4.474 3.266 4.811 5.139 5.119 5.204 5.684 5.953 5.74 5.453 5.553 5.886 6.027 6.142 6.063 5.77 5.086 4.712 4.629 4.874 5.034 5.176 5.078 4.773 4.883 5.065 5.217 5.277 5.286 5.218 5.076 5.088 5.169 5.154 5.222 5.217 5.067 5.023 4.991 5.078 5.272 5.253 5.202 5.114 5.102
-9999 -9999 -9999 -9999 -9999 -9999 5.8 5.988 5.871 5.788 5.749 5.667 5.607 5.465 5.765 5.674 5.675 5.702 5.518 5.629 5.362 5.321 4.675 3.919 3.055 3.294 3.2 3.532 2.818 2.864 4.396 4.491 4.441 5.434 4.808 5.087 5.702 6.005 6.142 5.643 5.287 4.937 5.427 5.935 6.026 6.098 6.033 5.386 4.646 4.564 4.601 4.93 4.938 5.08 4.99 5.092 5.144 5.334 5.478 5.517 5.441 5.32 5.254 5.256 5.357 5.398 5.259 5.082 4.881 4.864 5.048 5.099 5.26 5.215 5.312 5.427 5.377
-9999 -9999 -9999 -9999 -9999 -9999 6.097 5.99 5.964 5.949 5.552 5.355 5.271 5.645 5.847 5.84 5.934 5.471 5.287 5.49 5.63 5.655 5.076 4.84 4.62 4.321 4.008 3.791 3.229 3.562 3.273 3.979 4.659 4.414 4.159 5.606 5.887 6.036 5.516 5.385 4.838 5.143 5.549 6.019 5.997 5.786 4.998 4.559 4.646 4.835 4.751 4.857 4.955 5.03 5.195 5.124 5.401 5.569 5.719 5.72 5.518 5.327 5.225 5.289 5.457 5.471 5.275 4.853 4.877 4.914 4.967 5.201 5.312 5.428 5.508 5.69 5.553
-9999 -9999 -9999 -9999 6.7 6.474 6.262 6.144 -9999 5.996 5.845 5.692 5.987 6.114 6.168 -9999 5.863 5.561 5.63 5.262 5.813 5.043 5.109 4.919 4.674 4.619 4.905 4.482 4.154 3.988 3.914 4.101 4.512 3.638 4.633 5.607 5.549 5.781 5.608 5.095 5.223 5.516 5.913 6.037 5.856 5.169 5.05 4.724 4.822 4.786 4.994 5.063 5.087 5.208 5.366 5.431 5.562 5.561 5.79 5.751 5.638 5.487 5.435 5.396 5.409 5.305 5.002 4.853 4.797 5.03 5.105 5.237 5.36 5.374 5.42 5.731 5.685
-9999 -9999 -9999 -9999 6.693 -9999 -9999 -9999 6.292 6.203 6.07 -9999 -9999 -9999 -9999 -9999 5.943 5.781 5.395 6.08 5.791 5.632 5.525 5.259 5.391 5.431 3.845 3.825 4.752 4.748 4.629 4.462 4.003 4.118 5.292 5.398 5.732 5.679 5.031 5.37 5.522 6.035 6.098 6.062 5.617 5.201 5.188 4.91 5.053 5.167 5.181 5.273 5.385 5.427 5.513 5.549 5.617 5.577 5.628 5.769 5.53 5.511 5.446 5.391 5.171 5.083 4.952 4.777 4.862 5.172 5.346 5.412 5.375 5.327 5.44 5.688 5.762
-9999 -9999 -9999 -9999 -9999 -9999 6.558 6.418 6.293 6.438 6.247 -9999 -9999 -9999 -9999 -9999 -9999 -9999 -9999 6.37 6.234 6.211 6.352 5.963 5.59 4.14 3.634 3.7 4.025 4.487 4.594 4.603 4.683 4.668 5.031 5.706 5.764 4.873 5.225 5.406 6.231 6.232 6.135 5.991 5.291 5.239 5.104 5.12 5.253 5.389 5.429 5.467 5.483 5.526 5.457 5.516 5.589 5.661 5.641 5.697 5.546 5.425 5.201 5.061 5.183 4.952 4.897 4.919 4.997 5.247 5.554 5.502 5.482 5.574 5.83 6.013 5.804
-9999 -9999 -9999 -9999 -9999 -9999 -9999 6.462 -9999 -9999 -9999 -9999 -9999 -9999 -9999 -9999 -9999 6.051 6.186 6.181 6.15 6.582 6.695 6.407 5.559 4.776 3.965 3.791 4.314 5.166 4.968 4.579 4.751 5.002 5.74 6.07 5.734 5.454 5.675 6.117 -9999 6.204 6.052 5.673 4.984 4.993 5.194 5.293 5.439 5.467 5.537 5.485 5.489 5.464 5.545 5.557 5.638 5.655 5.68 5.564 5.4 5.193 4.893 4.876 4.955 5.287 5.172 5.157 5.336 5.44 5.682 5.793 5.652 5.787 6.129 6.33 6.237
-9999 -9999 -9999 -9999 -9999 -9999 -9999 -9999 -9999 -9999 -9999 -9999 -9999 -9999 -9999 -9999 -9999 6.266 6.3 6.481 6.443 -9999 -9999 -9999 6.139 5.036 5.129 4.87 5.304 5.269 4.752 4.916 5.542 5.83 6.021 6.292 6.167 6.245 6.288 -9999 6.232 5.907 5.865 5.316 4.963 5.277 5.382 5.492 5.472 5.413 5.491 5.51 5.489 5.502 5.355 5.328 5.423 5.442 5.567 5.617 5.37 4.925 4.918 4.958 5.235 5.491 5.572 5.43 5.591 5.776 5.891 6.05 6.061 5.798 6.157 6.479 6.45
-9999 -9999 -9999 -9999 -9999 -9999 -9999 -9999 -9999 -9999 -9999 -9999 -9999 -9999 -9999 -9999 -9999 -9999 -9999 -9999 -9999 -9999 -9999 -9999 6.687 6.079 5.493 5.569 5.74 5.653 5.457 5.697 5.986 6.186 6.355 6.484 6.56 -9999 -9999 6.365 6.134 5.893 5.743 5.301 5.148 5.347 5.425 5.55 5.616 5.41 5.442 5.46 5.223 5.11 5.06 4.89 4.781 5.084 5.264 5.391 5.364 5.136 5.039 5.315 5.37 5.575 5.799 5.731 5.759 5.836 6.01 6.193 6.286 6.353 6.408 6.624 6.569
-9999 -9999 -9999 -9999 -9999 -9999 -9999 -9999 -9999 -9999 -9999 -9999 -9999 -9999 -9999 -9999 -9999 -9999 -9999 -9999 -9999 -9999 -9999 -9999 6.433 6.188 6.07 6.034 5.774 5.679 5.87 6.112 6.367 6.481 -9999 -9999 -9999 -9999 -9999 6.287 6.054 5.932 5.774 5.343 5.173 5.328 5.362 5.571 5.648 5.441 5.16 5.173 4.895 4.824 4.871 4.885 4.806 4.852 5.201 5.225 5.477 5.596 5.469 5.702 5.729 5.776 5.908 5.941 6.04 6.118 6.129 6.201 6.371 6.555 6.683 6.704 6.439
-9999 -9999 -9999 -9999 -9999 -9999 -9999 -9999 -9999 -9999 -9999 -9999 -9999 -9999 -9999 -9999 -9999 -9999 -9999 -9999 -9999 -9999 -9999 -9999 -9999 -9999 6.327 5.893 5.757 5.835 5.858 6.247 6.507 -9999 -9999 -9999 -9999 6.28 5.995 5.974 6.267 6.148 5.841 5.213 5.164 5.207 5.337 5.556 5.566 5.225 4.903 4.817 4.907 4.807 4.944 4.938 5.126 5.155 5.23 5.437 5.49 5.762 5.975 5.916 5.883 5.866 5.872 5.814 6.001 6.225 6.277 6.314 6.302 6.408 6.475 6.51 6.34
-9999 -9999 -9999 -9999 -9999 -9999 -9999 -9999 -9999 -9999 -9999 -9999 -9999 -9999 -9999 -9999 -9999 -9999 -9999 -9999 -9999 -9999 -9999 -9999 -9999 -9999 -9999 6.399 6.191 6.043 6.041 6.41 -9999 -9999 -9999 -9999 6.459 6.227 5.931 5.879 5.946 6.021 5.878 5.581 5.61 5.289 5.403 5.488 5.211 5.054 4.99 4.798 4.941 5.019 5.134 5.23 5.322 5.442 5.403 5.384 5.528 5.712 5.792 5.81 5.672 5.754 5.83 5.783 5.858 6.139 6.248 6.296 6.355 6.327 6.289 6.162 6.077
-9999 -9999 -9999 -9999 -9999 -9999 -9999 -9999 -9999 -9999 -9999 -9999 -9999 -9999 -9999 -9999 -9999 -9999 -9999 -9999 -9999 -9999 -9999 -9999 -9999 -9999 -9999 -9999 -9999 -9999 -9999 -9999 -9999 -9999 -9999 6.342 6.464 6.265 5.914 5.708 5.981 5.922 5.671 5.772 5.573 5.481 5.711 5.53 5.276 5.107 5.082 5.083 4.958 5.015 5.1 4.964 5.159 5.266 5.334 5.325 5.346 5.556 5.656 5.658 5.569 5.493 5.664 5.79 5.884 6.011 6.107 6.055 6.096 6.051 6.037 5.772 5.519
-9999 -9999 -9999 -9999 -9999 -9999 -9999 -9999 -9999 -9999 -9999 -9999 -9999 -9999 -9999 -9999 -9999 -9999 -9999 -9999 -9999 -9999 -9999 -9999 -9999 -9999 -9999 -9999 -9999 -9999 -9999 -9999 -9999 -9999 6.432 6.384 6.081 5.812 4.907 5.477 5.91 5.727 5.643 5.588 5.48 5.699 5.722 5.643 5.418 5.266 5.332 5.063 4.892 4.691 4.85 4.97 4.677 4.957 5.148 5.307 5.411 5.518 5.624 5.624 5.612 5.603 5.542 5.648 5.837 5.939 5.908 5.802 5.512 5.541 5.459 5.309 4.967
-9999 -9999 -9999 -9999 -9999 -9999 -9999 -9999 -9999 -9999 -9999 -9999 -9999 -9999 -9999 -9999 -9999 -9999 -9999 -9999 -9999 -9999 -9999 -9999 -9999 -9999 -9999 -9999 -9999 -9999 -9999 -9999 -9999 -9999 6.484 6.348 6.314 5.736 5.343 5.139 5.308 5.484 5.559 5.386 5.631 5.632 5.603 5.244 4.99 4.994 5.201 5.225 5.039 4.997 4.845 4.946 5.035 4.992 5.15 5.248 5.384 5.531 5.605 5.625 5.557 5.539 5.575 5.579 5.683 5.698 5.418 5.357 5.251 5.166 5.316 5.217 4.984
-9999 -9999 -9999 -9999 -9999 -9999 -9999 -9999 -9999 -9999 -9999 -9999 -9999 -9999 -9999 -9999 -9999 -9999 -9999 -9999 -9999 4.866 4.579 4.082 4.446 -9999 5.218 -9999 -9999 -9999 -9999 -9999 -9999 -9999 -9999 6.517 6.4 6.174 5.914 5.601 5.251 5.192 5.263 5.532 5.551 5.519 5.173 4.926 5.121 5.146 5.28 5.283 5.209 5.295 5.383 5.393 5.291 5.345 5.249 5.134 5.024 5.201 5.416 5.423 5.389 5.423 5.4 5.452 5.6 5.527 5.253 5.185 5.381 5.307 5.374 5.411 5.385
-9999 -9999 -9999 -9999 -9999 -9999 -9999 -9999 -9999 -9999 -9999 -9999 -9999 -9999 -9999 -9999 -9999 -9999 5.927 5.652 5.262 4.737 4.032 3.788 4.113 4.337 4.997 5.939 6.532 -9999 -9999 6.102 6.463 6.592 6.636 6.517 6.423 6.462 6.301 6.003 5.626 5.276 5.357 5.526 5.462 5.017 5.184 5.336 5.197 5.364 5.479 5.493 5.406 5.4 5.495 5.525 5.627 5.552 5.4 5.205 5.151 4.999 5.032 5.282 5.396 5.459 5.584 5.428 5.542 5.102 5.009 5.144 5.343 5.451 5.462 5.513 5.382
-9999 -9999 -9999 -9999 -9999 -9999 -9999 -9999 -9999 -9999 -9999 -9999 -9999 -9999 -9999 -9999 -9999 5.879 5.961 5.913 5.666 4.985 4.026 3.716 3.982 4.258 4.683 5.106 5.767 6.109 5.995 5.901 5.875 6.394 6.466 6.49 6.353 6.214 6.356 6.128 5.598 5.504 5.539 5.416 4.886 5.221 5.104 5.214 5.39 5.503 5.615 5.566 5.396 5.466 5.47 5.563 5.546 5.599 5.475 5.304 5.071 4.883 5.067 5.271 5.404 5.11 5.267 5.55 5.505 5.546 5.153 5.281 5.352 5.402 5.418 5.27 5.311
-9999 -9999 -9999 -9999 -9999 -9999 -9999 -9999 -9999 -9999 -9999 -9999 -9999 -9999 -9999 -9999 -9999 5.91 6.347 6.505 6.111 5.179 4.671 4.365 4.091 4.388 4.726 5.178 5.025 5.017 5.435 5.656 5.801 5.732 6.229 6.451 6.324 6.356 6.152 5.945 5.949 5.838 5.665 5.291 5.287 5.244 5.103 5.382 5.478 5.568 5.589 5.54 5.365 5.318 5.617 5.674 5.659 5.712 5.696 5.563 5.36 5.007 4.895 5.247 5.315 5.171 5.039 5.39 5.653 5.718 5.708 5.603 5.318 5.286 5.427 5.335 4.97
-9999 -9999 -9999 -9999 -9999 -9999 -9999 -9999 -9999 -9999 -9999 -9999 -9999 -9999 -9999 -9999 -9999 6.378 6.725 6.392 6.189 5.675 5.633 5.228 5.189 5.127 5.211 5.239 4.841 5.05 5.727 5.904 5.891 6.08 6.353 6.462 6.423 6.208 6.007 6.104 6.046 5.817 5.567 5.603 5.538 5.479 5.432 5.466 5.341 5.373 5.569 5.748 5.683 5.669 5.747 5.694 5.721 5.868 5.643 5.508 5.525 5.168 4.815 5.187 5.415 5.307 5.326 5.522 5.74 5.89 5.787 5.581 5.425 5.414 5.617 5.674 5.424
-9999 -9999 -9999 -9999 -9999 -9999 -9999 -9999 -9999 -9999 -9999 -9999 -9999 6.298 5.807 -9999 6.297 6.713 6.275 6.03 6.086 6.205 6.0 5.827 5.427 5.18 5.246 5.406 5.413 5.646 5.953 6.164 6.108 6.059 6.128 6.287 6.418 6.262 6.179 6.106 5.972 5.597 5.772 5.746 5.614 5.36 5.214 5.277 5.131 5.21 5.469 5.775 5.814 5.824 5.854 5.985 5.903 5.963 5.84 5.424 5.565 5.482 5.393 5.434 5.702 5.626 5.515 5.562 5.751 5.951 5.972 5.813 5.696 5.614 5.663 5.728 5.765
-9999 -9999 -9999 -9999 -9999 -9999 -9999 -9999 -9999 -9999 -9999 -9999 -9999 6.088 5.702 5.989 6.24 6.255 6.014 6.138 5.833 5.747 5.807 5.356 5.31 5.243 5.26 5.522 5.497 5.655 5.961 5.636 5.342 5.54 5.943 6.342 6.431 6.236 6.053 5.904 5.797 5.666 5.845 5.684 5.73 5.59 5.331 5.2 5.319 5.366 5.605 5.716 5.778 5.836 6.098 6.137 6.169 6.217 6.072 5.724 5.618 5.55 5.36 5.397 5.179 5.396 5.602 5.656 5.767 5.807 5.86 5.851 5.82 5.784 5.686 5.729 5.777
-9999 -9999 -9999 -9999 -9999 -9999 -9999 -9999 -9999 -9999 -9999 -9999 6.487 6.007 5.843 5.834 5.894 5.978 6.022 5.94 5.788 5.877 5.865 5.615 5.474 5.321 5.468 5.678 5.982 6.135 5.821 5.238 5.278 5.36 5.625 6.198 6.223 6.153 6.102 5.933 5.844 5.762 5.786 5.833 5.917 5.772 5.416 5.593 5.606 5.672 5.71 5.768 5.746 5.734 6.102 6.469 6.579 6.387 6.348 6.045 5.918 5.873 5.729 5.598 5.325 5.112 5.262 5.066 5.546 5.349 5.309 5.684 5.78 5.344 5.2 5.274 5.7
-9999 -9999 -9999 -9999 -9999 -9999 -9999 -9999 -9999 -9999 -9999 -9999 -9999 6.333 5.962 5.885 6.008 6.068 6.126 6.098 6.051 6.008 5.985 5.794 5.662 5.801 5.887 6.101 6.081 6.185 5.576 5.224 5.272 5.095 5.519 5.912 5.877 5.935 5.989 5.907 5.74 5.759 5.757 5.769 5.736 5.573 5.87 5.732 5.784 5.818 5.824 5.79 5.745 5.85 6.044 6.418 6.653 -9999 6.364 6.256 5.981 6.025 6.045 5.964 5.814 5.619 5.634 5.526 5.495 5.65 5.351 5.452 5.668 5.645 5.271 5.141 5.522
-9999 -9999 -9999 -9999 -9999 -9999 -9999 -9999 -9999 -9999 -9999 -9999 6.556 6.514 6.153 6.016 5.97 5.929 6.07 6.138 6.047 5.944 5.776 5.833 6.034 6.132 6.13 6.169 6.252 6.024 5.774 5.758 5.584 5.31 5.837 6.008 5.488 5.688 5.678 5.225 5.389 5.266 5.234 5.424 5.494 5.7 5.893 6.02 5.969 5.977 5.901 5.856 5.8 5.868 6.053 6.259 6.546 6.66 -9999 6.443 -9999 6.399 -9999 6.178 -9999 6.017 6.007 6.013 5.975 6.028 5.957 6.018 -9999 -9999 -9999 5.911 5.609
-9999 -9999 -9999 -9999 -9999 -9999 -9999 -9999 -9999 -9999 -9999 -9999 6.622 6.375 6.133 6.072 5.82 5.766 5.672 5.84 5.649 5.575 5.665 5.929 6.173 6.257 6.343 6.384 6.347 6.217 5.968 5.824 5.538 5.801 6.198 5.561 5.635 6.084 5.717 5.547 5.398 5.17 5.364 5.672 5.737 5.957 6.079 6.043 6.199 6.162 6.056 6.029 5.967 5.977 6.16 6.265 6.498 6.641 -9999 -9999 6.698 6.745 -9999 -9999 6.297 6.269 6.255 -9999 -9999 -9999 -9999 -9999 -9999 -9999 -9999 -9999 -9999
-9999 -9999 -9999 -9999 -9999 -9999 -9999 -9999 -9999 -9999 -9999 6.364 6.297 6.18 6.117 6.15 6.031 5.787 5.752 5.494 4.949 4.921 5.351 5.66 5.859 6.021 6.298 6.401 6.349 6.254 6.013 5.594 5.589 5.932 5.878 5.921 6.56 6.414 6.039 5.64 5.324 5.616 5.909 5.893 6.068 6.124 6.212 6.389 6.522 6.295 6.275 6.34 6.407 6.298 6.358 -9999 -9999 -9999 6.559 -9999 -9999 -9999 -9999 -9999 -9999 6.304 -9999 -9999 -9999 -9999 -9999 -9999 -9999 -9999 -9999 -9999 -9999
-9999 -9999 -9999 -9999 -9999 -9999 -9999 -9999 -9999 -9999 6.574 5.825 5.705 5.958 6.426 6.464 6.341 6.134 5.811 4.908 3.998 4.252 5.264 5.448 5.412 6.098 6.057 6.479 6.509 6.25 6.389 6.495 6.61 -9999 -9999 -9999 -9999 -9999 6.579 6.063 5.699 5.822 6.014 6.19 6.284 6.369 6.407 6.55 -9999 6.425 -9999 -9999 -9999 -9999 -9999 6.42 6.366 6.26 6.159 6.24 6.645 -9999 -9999 -9999 -9999 -9999 -9999 -9999 -9999 -9999 -9999 -9999 -9999 -9999 -9999 -9999 -9999
-9999 -9999 -9999 -9999 -9999 -9999 -9999 -9999 -9999 7.198 6.133 5.369 5.444 5.955 6.246 6.466 6.561 6.054 5.438 4.311 3.673 4.04 4.669 5.047 5.794 5.74 6.409 6.627 6.673 6.839 -9999 -9999 -9999 -9999 -9999 -9999 -9999 -9999 -9999 -9999 6.55 6.461 6.514 6.293 6.172 6.127 6.336 6.097 6.451 -9999 -9999 -9999 -9999 -9999 -9999 -9999 6.479 6.165 6.231 6.264 -9999 -9999 -9999 -9999 -9999 -9999 -9999 -9999 -9999 -9999 -9999 -9999 -9999 -9999 -9999 -9999 -9999
-9999 -9999 -9999 -9999 -9999 -9999 -9999 7.133 7.311 6.781 5.945 5.365 5.211 5.424 6.018 6.571 6.303 5.842 5.269 4.477 3.849 4.334 4.819 5.344 5.54 6.647 6.34 6.438 -9999 -9999 -9999 -9999 -9999 -9999 -9999 -9999 -9999 -9999 -9999 -9999 -9999 7.105 -9999 -9999 -9999 -9999 -9999 6.572 6.375 -9999 -9999 -9999 -9999 -9999 -9999 -9999 -9999 -9999 6.222 6.198 -9999 -9999 -9999 -9999 -9999 -9999 -9999 -9999 -9999 -9999 -9999 -9999 -9999 -9999 -9999 -9999 -9999
-9999 -9999 -9999 -9999 -9999 -9999 7.103 -9999 6.849 6.659 6.026 5.454 5.247 5.387 5.953 6.151 5.982 6.271 5.964 4.943 4.47 4.715 5.431 5.729 6.238 6.702 6.824 7.177 -9999 -9999 -9999 -9999 -9999 -9999 -9999 -9999 -9999 -9999 -9999 -9999 -9999 -9999 7.076 -9999 -9999 -9999 -9999 -9999 -9999 -9999 -9999 -9999 -9999 -9999 -9999 -9999 -9999 -9999 -9999 -9999 -9999 -9999 -9999 -9999 -9999 -9999 -9999 -9999 -9999 -9999 -9999 -9999 -9999 -9999 -9999 -9999 -9999
-9999 -9999 -9999 -9999 -9999 7.285 7.095 6.42 6.652 6.678 6.22 5.967 5.728 5.739 6.023 5.971 6.2 -9999 6.253 5.376 4.748 4.394 5.044 6.117 6.466 6.874 7.095 -9999 -9999 -9999 -9999 -9999 -9999 -9999 -9999 -9999 -9999 -9999 -9999 -9999 -9999 -9999 -9999 -9999 -9999 -9999 -9999 -9999 -9999 -9999 -9999 -9999 -9999 -9999 -9999 -9999 -9999 -9999 -9999 -9999 -9999 -9999 -9999 -9999 -9999 -9999 -9999 -9999 -9999 -9999 -9999 -9999 -9999 -9999 -9999 -9999 -9999
-9999 -9999 -9999 -9999 -9999 7.277 6.737 6.394 6.315 6.358 6.258 6.163 5.927 6.134 6.33 6.406 6.908 6.8 6.516 5.863 4.853 4.645 5.575 6.102 6.654 6.809 6.746 -9999 -9999 -9999 -9999 -9999 -9999 -9999 -9999 -9999 -9999 -9999 -9999 -9999 -9999 -9999 -9999 -9999 -9999 -9999 -9999 -9999 -9999 -9999 -9999 -9999 -9999 -9999 -9999 -9999 -9999 -9999 -9999 -9999 -9999 -9999 -9999 -9999 -9999 -9999 -9999 -9999 -9999 -9999 -9999 -9999 -9999 -9999 -9999 -9999 -9999
-9999 -9999 -9999 -9999 7.415 7.06 6.614 6.133 5.993 6.216 6.333 6.381 6.39 6.513 6.326 6.781 7.046 6.916 6.514 6.193 5.693 5.63 6.022 6.498 6.649 6.518 -9999 -9999 -9999 -9999 -9999 -9999 -9999 -9999 -9999 -9999 -9999 -9999 -9999 -9999 -9999 -9999 -9999 -9999 -9999 -9999 -9999 -9999 -9999 -9999 -9999 -9999 -9999 -9999 -9999 -9999 -9999 -9999 -9999 -9999 -9999 -9999 -9999 -9999 -9999 -9999 -9999 -9999 -9999 -9999 -9999 -9999 -9999 -9999 -9999 -9999 -9999
