Validation/Results/ReClimate_10_2023_1_Temperature-Actualsweatherlogisticsltd.asc
NCOLS 192
NROWS 249
XLLCENTER -225160.85627316462
YLLCENTER 29788.11610251502
CELLSIZE 5000.0
NODATA_VALUE -9999
[rows 136 to 169 of 249, columns 77 to 153 of 192]
-9999 -9999 -9999 -9999 -9999 -9999 -9999 -9999 8.284 -9999 7.639 7.245 7.207 7.146 7.34 7.473 7.471 7.319 6.419 6.542 6.489 6.484 6.939 6.932 6.902 7.0 6.666 6.675 -9999 -9999 -9999 -9999 -9999 -9999 7.217 7.406 7.394 7.13 6.996 6.815 6.306 6.041 6.269 6.304 6.349 6.741 6.474 6.336 6.727 6.955 7.152 7.171 7.563 7.724 7.803 7.917 8.397 -9999 -9999 -9999 -9999 -9999 -9999 -9999 -9999 -9999 -9999 -9999 -9999 -9999 -9999 -9999 -9999 -9999 -9999 -9999 -9999
-9999 -9999 -9999 -9999 -9999 -9999 -9999 -9999 8.124 7.997 7.939 7.984 7.701 7.53 7.47 7.482 7.742 7.537 7.193 6.537 6.492 6.534 6.906 6.798 6.785 7.194 6.996 7.547 -9999 -9999 -9999 -9999 7.366 7.088 7.179 7.429 7.507 7.375 7.141 6.45 5.747 5.767 5.982 5.702 6.336 6.258 6.041 6.537 6.487 6.711 7.152 7.246 7.047 7.425 7.72 7.777 8.44 -9999 -9999 -9999 -9999 -9999 -9999 -9999 -9999 -9999 -9999 -9999 -9999 -9999 -9999 -9999 -9999 -9999 -9999 -9999 -9999
8.885 -9999 -9999 -9999 -9999 -9999 -9999 -9999 8.156 8.344 8.224 -9999 -9999 7.982 7.7 7.656 7.731 -9999 7.885 7.605 7.284 7.002 7.044 6.88 7.323 7.703 -9999 -9999 -9999 -9999 -9999 7.816 7.477 7.233 7.247 7.314 7.324 7.292 6.899 6.241 5.295 5.116 5.617 5.397 5.924 5.497 5.732 6.053 6.023 6.596 6.663 6.808 6.95 7.254 7.554 7.714 8.202 -9999 -9999 -9999 -9999 -9999 -9999 -9999 -9999 -9999 -9999 -9999 -9999 -9999 -9999 -9999 -9999 -9999 -9999 -9999 -9999
8.496 -9999 -9999 -9999 -9999 -9999 -9999 -9999 -9999 8.536 8.648 -9999 -9999 -9999 8.222 7.772 7.745 7.963 -9999 -9999 7.853 7.602 7.559 7.404 7.55 -9999 -9999 -9999 -9999 -9999 7.755 7.675 7.434 7.296 7.216 7.134 7.175 6.907 6.689 6.368 5.434 5.241 4.681 5.276 4.897 4.787 5.179 5.516 5.528 5.927 6.525 6.683 6.725 7.15 7.449 7.43 7.732 -9999 -9999 -9999 -9999 -9999 -9999 -9999 -9999 -9999 -9999 -9999 -9999 -9999 -9999 -9999 -9999 -9999 -9999 -9999 -9999
-9999 -9999 -9999 -9999 -9999 -9999 -9999 -9999 -9999 -9999 8.743 -9999 -9999 -9999 -9999 8.121 7.664 7.82 -9999 -9999 -9999 8.078 8.326 -9999 -9999 -9999 -9999 -9999 -9999 -9999 7.746 7.52 7.238 6.968 6.72 6.796 6.866 6.774 6.862 6.519 5.858 4.951 4.872 4.912 4.244 4.451 4.799 5.293 5.255 5.489 6.126 6.636 6.977 7.197 7.313 7.172 7.404 -9999 -9999 -9999 -9999 -9999 -9999 -9999 -9999 -9999 -9999 -9999 -9999 -9999 -9999 -9999 -9999 -9999 -9999 -9999 -9999
-9999 -9999 -9999 -9999 -9999 -9999 -9999 -9999 -9999 -9999 8.534 -9999 -9999 -9999 -9999 -9999 8.107 8.052 -9999 -9999 -9999 -9999 -9999 -9999 -9999 -9999 -9999 -9999 -9999 -9999 7.618 7.042 6.68 6.481 6.328 6.475 6.576 6.646 6.688 6.463 6.014 5.048 4.131 3.668 4.036 4.474 5.405 5.642 5.773 6.057 6.209 6.301 6.842 7.231 7.19 6.993 7.147 7.713 -9999 -9999 -9999 -9999 -9999 -9999 -9999 -9999 -9999 -9999 -9999 -9999 -9999 -9999 -9999 -9999 -9999 -9999 -9999
8.559 8.732 9.088 -9999 -9999 -9999 -9999 -9999 -9999 -9999 8.54 -9999 -9999 -9999 -9999 -9999 -9999 -9999 -9999 -9999 -9999 -9999 -9999 -9999 -9999 -9999 -9999 -9999 -9999 7.714 7.342 7.022 6.962 6.69 5.889 6.31 6.304 6.205 6.471 6.354 6.472 5.214 3.842 3.457 4.313 4.877 4.476 4.445 5.123 5.628 6.479 6.596 6.678 6.889 6.96 6.979 7.012 7.442 8.12 -9999 -9999 -9999 -9999 -9999 -9999 -9999 -9999 -9999 -9999 -9999 -9999 -9999 -9999 -9999 -9999 -9999 -9999
8.382 8.607 8.882 -9999 -9999 -9999 -9999 -9999 -9999 -9999 -9999 -9999 -9999 -9999 -9999 -9999 -9999 -9999 -9999 -9999 -9999 -9999 -9999 -9999 -9999 -9999 -9999 -9999 7.527 7.52 7.307 7.026 6.867 6.482 4.882 5.48 6.335 6.356 6.393 6.677 6.457 5.89 4.64 3.691 4.295 4.558 4.851 5.088 5.048 5.337 5.881 6.622 6.792 6.962 6.979 6.986 7.1 7.484 8.012 -9999 -9999 -9999 -9999 -9999 -9999 -9999 -9999 -9999 -9999 -9999 -9999 -9999 -9999 -9999 -9999 -9999 -9999
8.488 -9999 8.949 9.276 -9999 -9999 -9999 -9999 -9999 -9999 -9999 -9999 -9999 -9999 -9999 -9999 -9999 -9999 -9999 -9999 -9999 -9999 -9999 -9999 -9999 -9999 -9999 -9999 7.421 7.379 7.195 6.155 5.905 6.135 6.363 6.12 5.851 6.142 6.286 6.418 6.611 6.471 5.608 5.051 4.163 4.787 5.167 5.363 5.502 5.823 6.161 6.487 6.628 6.903 6.979 7.061 7.148 7.477 7.969 8.295 8.438 -9999 -9999 -9999 -9999 -9999 -9999 -9999 -9999 -9999 -9999 -9999 -9999 -9999 -9999 -9999 -9999
8.544 -9999 -9999 9.239 -9999 -9999 -9999 -9999 -9999 -9999 -9999 -9999 -9999 -9999 -9999 -9999 -9999 -9999 -9999 -9999 -9999 -9999 -9999 -9999 -9999 -9999 -9999 -9999 7.581 7.371 6.638 5.691 6.778 6.772 5.996 5.52 6.072 5.968 5.681 6.372 6.245 6.593 6.64 5.833 5.336 5.005 5.273 5.524 5.953 6.168 6.463 6.722 6.956 6.993 7.16 7.08 7.253 7.463 7.726 7.528 7.611 7.686 8.006 7.552 -9999 -9999 -9999 -9999 -9999 -9999 -9999 -9999 -9999 -9999 -9999 -9999 -9999
8.522 8.855 -9999 9.257 -9999 -9999 -9999 -9999 -9999 -9999 -9999 -9999 -9999 -9999 -9999 -9999 -9999 -9999 -9999 -9999 -9999 -9999 -9999 -9999 -9999 -9999 -9999 8.438 7.642 7.09 5.977 5.342 5.215 5.895 6.104 6.018 5.705 5.183 6.012 5.355 5.949 6.346 6.558 6.383 6.179 5.762 5.239 5.492 5.929 6.247 6.472 6.713 6.96 7.198 7.24 7.257 7.343 7.467 7.497 7.331 6.601 6.561 6.661 6.836 7.387 7.162 -9999 -9999 -9999 -9999 -9999 -9999 -9999 -9999 -9999 -9999 -9999
8.57 -9999 8.971 -9999 -9999 -9999 -9999 -9999 -9999 -9999 -9999 -9999 -9999 -9999 -9999 -9999 -9999 -9999 -9999 -9999 -9999 -9999 -9999 -9999 -9999 -9999 -9999 -9999 8.272 7.33 5.919 5.536 5.904 4.644 5.293 5.959 5.477 5.909 4.867 5.085 5.853 6.225 6.239 6.326 6.041 4.581 4.893 5.055 5.061 5.387 6.136 6.473 6.801 7.139 7.273 7.283 7.36 7.494 7.537 7.373 6.769 6.423 6.601 6.632 6.658 6.99 7.069 -9999 -9999 -9999 -9999 -9999 -9999 -9999 -9999 -9999 -9999
8.625 8.737 8.888 -9999 -9999 -9999 -9999 -9999 -9999 -9999 -9999 -9999 -9999 -9999 -9999 -9999 -9999 -9999 -9999 -9999 -9999 -9999 -9999 -9999 -9999 -9999 -9999 -9999 -9999 7.893 7.13 7.004 5.809 5.813 6.017 6.622 6.808 5.588 5.514 5.833 5.994 5.751 5.804 6.108 5.247 4.922 4.76 4.314 4.729 5.351 5.629 6.285 6.685 7.094 7.251 7.242 7.328 7.445 6.873 6.655 6.119 5.553 5.813 6.126 6.6 6.593 6.895 7.493 -9999 -9999 -9999 -9999 -9999 -9999 -9999 -9999 -9999
8.807 8.78 -9999 -9999 -9999 -9999 -9999 -9999 -9999 -9999 -9999 -9999 -9999 -9999 -9999 -9999 -9999 -9999 -9999 -9999 -9999 -9999 -9999 -9999 -9999 -9999 -9999 -9999 -9999 8.482 7.872 7.293 6.662 6.096 5.576 6.793 6.306 6.441 6.613 6.541 6.297 5.877 5.036 5.896 5.255 4.642 4.983 5.676 5.836 5.776 5.96 6.205 6.805 7.18 7.289 7.276 7.16 6.861 6.542 6.162 6.288 6.076 5.973 5.902 6.072 6.393 6.561 7.157 8.118 -9999 -9999 -9999 -9999 -9999 -9999 -9999 -9999
8.955 9.223 -9999 -9999 -9999 -9999 -9999 -9999 -9999 -9999 -9999 -9999 -9999 -9999 -9999 -9999 -9999 -9999 -9999 -9999 -9999 -9999 -9999 -9999 -9999 -9999 -9999 -9999 -9999 -9999 7.624 6.904 6.629 5.999 6.692 6.572 6.913 6.983 6.918 6.721 6.497 6.036 6.149 5.008 5.36 5.501 5.34 5.668 5.747 5.626 6.283 6.467 6.914 7.163 7.329 7.31 7.028 6.694 6.519 6.355 6.242 6.25 6.24 6.151 6.168 6.323 6.677 6.986 7.78 -9999 -9999 -9999 -9999 -9999 -9999 -9999 -9999
-9999 -9999 -9999 -9999 -9999 -9999 -9999 -9999 -9999 -9999 -9999 -9999 -9999 -9999 -9999 -9999 -9999 -9999 -9999 -9999 -9999 -9999 -9999 -9999 -9999 -9999 -9999 -9999 -9999 -9999 8.371 6.677 6.847 7.324 6.919 7.152 7.091 7.238 7.055 6.583 6.636 6.674 5.038 5.663 5.488 5.419 5.204 5.854 5.948 6.117 6.252 6.636 6.84 7.177 7.333 7.296 7.054 6.481 6.237 6.447 6.64 6.609 6.568 6.419 6.397 6.393 6.541 7.055 7.339 8.207 -9999 -9999 -9999 -9999 -9999 -9999 -9999
-9999 -9999 -9999 -9999 -9999 -9999 -9999 -9999 -9999 -9999 -9999 -9999 -9999 -9999 -9999 -9999 -9999 -9999 -9999 -9999 -9999 -9999 -9999 -9999 -9999 -9999 -9999 -9999 -9999 -9999 -9999 7.857 7.905 7.457 7.157 7.258 7.16 7.394 7.147 6.85 6.982 6.289 5.45 5.089 5.177 4.86 5.19 5.159 5.433 5.885 5.92 6.269 6.74 7.089 7.227 7.002 6.787 6.721 6.194 6.336 6.949 7.238 7.054 6.95 6.894 6.986 7.089 7.318 7.614 7.848 -9999 -9999 -9999 -9999 -9999 -9999 -9999
-9999 -9999 -9999 -9999 -9999 -9999 -9999 -9999 -9999 -9999 -9999 -9999 -9999 -9999 -9999 -9999 -9999 -9999 -9999 -9999 -9999 -9999 -9999 -9999 -9999 -9999 -9999 -9999 -9999 -9999 -9999 8.42 -9999 7.488 7.622 7.373 7.421 -9999 7.451 7.138 7.041 6.379 5.394 5.417 5.419 4.945 5.168 5.118 4.569 5.295 5.638 5.899 6.261 6.826 7.046 6.882 6.674 6.756 6.987 6.958 7.304 7.489 7.317 7.135 7.127 7.206 7.365 7.458 7.191 7.197 7.623 -9999 -9999 -9999 -9999 -9999 -9999
-9999 -9999 -9999 -9999 -9999 -9999 -9999 -9999 -9999 -9999 -9999 -9999 -9999 -9999 -9999 -9999 -9999 -9999 -9999 -9999 -9999 -9999 -9999 -9999 -9999 -9999 -9999 -9999 -9999 -9999 -9999 -9999 8.336 7.823 -9999 -9999 -9999 -9999 7.747 7.435 7.349 6.806 6.399 5.612 5.473 5.264 5.121 5.786 5.418 4.882 5.581 5.793 6.28 6.668 7.022 7.127 7.064 7.033 7.167 7.293 7.243 7.341 7.19 7.104 7.221 7.24 7.116 7.141 7.249 7.11 7.228 7.588 8.12 -9999 -9999 -9999 -9999
-9999 -9999 -9999 -9999 -9999 -9999 -9999 -9999 -9999 -9999 -9999 -9999 -9999 -9999 -9999 -9999 -9999 -9999 -9999 -9999 -9999 -9999 -9999 -9999 -9999 -9999 -9999 -9999 -9999 -9999 -9999 -9999 8.56 8.321 -9999 -9999 -9999 -9999 7.912 7.376 7.477 7.084 6.412 6.542 6.373 5.635 5.56 5.728 5.872 4.979 5.518 5.83 6.134 6.602 7.069 7.248 7.304 7.31 7.291 7.334 7.327 7.247 7.211 7.194 7.247 7.17 6.996 6.833 6.869 7.006 7.288 7.669 8.144 -9999 -9999 -9999 -9999
-9999 -9999 -9999 -9999 -9999 -9999 -9999 -9999 -9999 -9999 -9999 -9999 -9999 -9999 -9999 -9999 -9999 -9999 -9999 -9999 -9999 -9999 -9999 -9999 -9999 -9999 -9999 -9999 -9999 -9999 -9999 -9999 8.616 -9999 -9999 -9999 -9999 8.16 7.79 7.365 6.668 6.336 6.345 6.362 6.43 5.941 5.535 6.034 6.021 5.934 5.543 6.037 6.327 6.751 7.103 7.335 7.295 7.329 7.371 7.398 7.432 7.421 7.419 7.242 6.905 6.921 6.933 6.99 7.035 7.148 7.392 7.826 -9999 -9999 -9999 -9999 -9999
-9999 -9999 -9999 -9999 -9999 -9999 -9999 -9999 -9999 -9999 -9999 -9999 -9999 -9999 -9999 -9999 -9999 -9999 -9999 -9999 -9999 -9999 -9999 -9999 -9999 -9999 -9999 -9999 -9999 -9999 -9999 -9999 -9999 -9999 -9999 -9999 -9999 8.249 7.641 6.62 5.81 5.512 5.969 6.522 6.469 6.568 6.452 6.565 6.412 6.239 6.035 6.096 6.526 6.873 7.15 7.377 7.365 7.343 7.433 7.498 7.535 7.525 7.486 7.416 6.808 6.478 6.986 7.202 7.378 7.414 7.59 7.86 -9999 -9999 -9999 -9999 -9999
-9999 -9999 -9999 -9999 -9999 -9999 -9999 -9999 -9999 -9999 -9999 -9999 -9999 -9999 -9999 -9999 -9999 -9999 -9999 -9999 -9999 -9999 -9999 -9999 -9999 -9999 -9999 -9999 -9999 -9999 -9999 -9999 -9999 -9999 -9999 -9999 -9999 8.109 7.562 6.78 5.975 5.957 6.414 6.558 6.846 6.789 6.753 6.786 6.726 6.896 6.476 6.46 6.553 6.83 7.095 7.344 7.491 7.432 7.485 7.545 7.617 7.625 7.548 7.507 7.206 6.707 6.943 7.357 7.545 7.63 7.7 7.854 -9999 -9999 -9999 -9999 -9999
-9999 -9999 -9999 -9999 -9999 -9999 -9999 -9999 -9999 -9999 -9999 -9999 -9999 -9999 -9999 -9999 -9999 -9999 -9999 -9999 -9999 -9999 -9999 -9999 -9999 -9999 -9999 -9999 -9999 -9999 -9999 -9999 -9999 -9999 -9999 -9999 8.237 7.974 7.516 6.62 6.057 5.818 6.401 6.454 7.137 6.867 6.876 6.627 6.618 6.525 7.141 7.103 7.24 7.195 7.394 7.333 7.464 7.532 7.484 7.531 7.631 7.663 7.629 7.576 7.51 7.14 7.119 7.448 7.701 7.79 7.787 7.866 8.086 -9999 -9999 -9999 -9999
-9999 -9999 -9999 -9999 -9999 -9999 -9999 -9999 -9999 -9999 -9999 -9999 -9999 -9999 -9999 -9999 -9999 -9999 -9999 -9999 -9999 -9999 -9999 -9999 -9999 -9999 -9999 -9999 -9999 -9999 -9999 -9999 -9999 -9999 -9999 -9999 8.024 7.922 7.607 7.12 6.447 7.037 6.934 7.396 6.881 6.488 6.564 6.294 6.414 6.864 6.699 7.125 7.159 7.157 7.221 7.394 7.423 7.549 7.575 7.561 7.616 7.67 7.663 7.659 7.612 7.519 7.285 7.453 7.749 7.88 7.858 7.858 8.071 -9999 -9999 -9999 -9999
-9999 -9999 -9999 -9999 -9999 -9999 -9999 -9999 -9999 -9999 -9999 -9999 -9999 -9999 -9999 -9999 -9999 -9999 -9999 -9999 -9999 -9999 -9999 -9999 -9999 -9999 -9999 -9999 -9999 -9999 -9999 -9999 -9999 -9999 -9999 8.207 7.974 7.93 7.923 7.462 7.404 7.331 7.536 7.421 6.817 6.734 6.521 6.238 6.389 6.694 7.411 7.164 7.548 7.526 7.441 7.322 7.439 7.508 7.566 7.599 7.622 7.667 7.683 7.679 7.66 7.611 7.482 7.362 7.656 7.951 7.996 7.886 7.953 8.186 -9999 -9999 -9999
-9999 -9999 -9999 -9999 -9999 -9999 -9999 -9999 -9999 -9999 -9999 -9999 -9999 -9999 -9999 -9999 -9999 -9999 -9999 -9999 -9999 -9999 -9999 -9999 -9999 -9999 -9999 -9999 -9999 -9999 -9999 -9999 -9999 -9999 -9999 8.102 7.955 7.966 7.94 7.795 7.65 7.604 7.431 7.168 7.225 6.981 6.422 5.607 5.886 6.249 6.901 7.432 7.399 7.753 7.887 7.692 7.455 7.54 7.615 7.635 7.669 7.703 7.737 7.742 7.759 7.763 7.629 7.481 7.725 8.126 8.235 8.127 7.964 8.019 -9999 -9999 -9999
-9999 -9999 -9999 -9999 -9999 -9999 -9999 -9999 -9999 -9999 -9999 -9999 -9999 -9999 -9999 -9999 -9999 -9999 -9999 -9999 -9999 -9999 -9999 -9999 -9999 -9999 -9999 -9999 -9999 -9999 -9999 -9999 -9999 -9999 -9999 8.175 8.011 8.012 8.07 7.989 7.848 7.55 7.306 7.16 6.821 6.326 5.699 5.668 5.936 6.222 6.741 7.273 7.29 7.342 7.758 7.973 7.892 7.781 7.779 7.735 7.713 7.757 7.793 7.807 7.841 7.86 7.904 7.823 7.93 8.278 8.42 8.307 8.09 7.926 8.015 -9999 -9999
-9999 -9999 -9999 -9999 -9999 -9999 -9999 -9999 -9999 -9999 -9999 -9999 -9999 -9999 -9999 -9999 -9999 -9999 -9999 -9999 -9999 -9999 -9999 -9999 -9999 -9999 -9999 -9999 -9999 -9999 -9999 -9999 -9999 -9999 -9999 -9999 8.022 8.015 8.06 7.966 7.553 7.146 6.908 6.737 6.683 6.485 6.055 6.207 6.221 6.637 7.355 7.552 7.589 7.371 7.657 7.92 7.913 7.905 7.926 7.841 7.796 7.827 7.857 7.857 7.857 7.876 7.883 7.992 8.056 -9999 8.379 -9999 8.148 8.029 8.006 8.302 -9999
-9999 -9999 -9999 -9999 -9999 -9999 -9999 -9999 -9999 -9999 -9999 -9999 -9999 -9999 -9999 -9999 -9999 -9999 -9999 -9999 -9999 -9999 -9999 -9999 -9999 -9999 -9999 -9999 -9999 -9999 -9999 -9999 -9999 -9999 -9999 8.265 8.052 8.014 8.031 7.839 7.306 6.649 6.569 6.702 6.331 6.257 6.419 6.162 5.907 6.32 6.946 7.793 7.693 7.671 7.848 7.948 7.917 7.946 7.94 7.936 7.88 7.874 7.875 7.863 7.837 7.683 7.722 7.859 7.822 7.883 8.1 8.166 -9999 8.147 8.211 8.15 8.433
-9999 -9999 -9999 -9999 -9999 -9999 -9999 -9999 -9999 -9999 -9999 -9999 -9999 -9999 -9999 -9999 -9999 -9999 -9999 -9999 -9999 -9999 -9999 -9999 -9999 -9999 -9999 -9999 -9999 -9999 -9999 -9999 -9999 -9999 -9999 8.295 8.091 8.043 7.909 7.587 7.313 6.963 6.773 6.927 6.869 6.897 7.015 6.502 6.11 6.43 6.992 7.349 7.388 7.465 7.667 7.815 7.785 7.802 7.9 7.937 7.966 7.926 7.891 7.845 7.821 7.785 7.596 7.716 7.753 7.57 7.718 7.951 8.082 -9999 -9999 -9999 -9999
-9999 -9999 -9999 -9999 -9999 -9999 -9999 -9999 -9999 -9999 -9999 -9999 -9999 -9999 -9999 -9999 -9999 -9999 -9999 -9999 -9999 -9999 -9999 -9999 -9999 -9999 -9999 -9999 -9999 -9999 -9999 -9999 -9999 -9999 8.471 8.404 8.197 7.925 7.717 7.73 7.644 7.246 7.43 7.487 7.494 7.545 7.372 6.734 5.904 5.723 6.301 6.808 6.803 7.186 7.615 7.713 7.839 7.761 7.848 7.943 8.006 7.985 7.932 7.864 7.833 7.813 7.747 7.651 7.688 7.488 7.443 7.663 7.916 8.055 8.192 -9999 -9999
-9999 -9999 -9999 -9999 -9999 -9999 -9999 -9999 -9999 -9999 -9999 -9999 -9999 -9999 -9999 -9999 -9999 -9999 -9999 -9999 -9999 -9999 -9999 -9999 -9999 -9999 -9999 -9999 -9999 -9999 -9999 -9999 -9999 -9999 8.576 8.374 8.253 8.043 7.792 7.619 7.823 7.799 7.835 7.845 7.874 7.885 7.654 7.114 6.467 5.511 5.23 6.059 6.35 6.757 7.366 7.494 7.852 7.961 7.826 7.91 8.014 8.025 7.971 7.889 7.852 7.844 7.756 7.707 7.71 7.686 7.315 7.444 7.69 7.898 8.095 8.314 -9999
-9999 -9999 -9999 -9999 -9999 -9999 -9999 -9999 -9999 -9999 -9999 -9999 -9999 -9999 -9999 -9999 -9999 -9999 -9999 -9999 -9999 -9999 -9999 -9999 -9999 -9999 -9999 -9999 -9999 -9999 -9999 -9999 -9999 -9999 -9999 8.461 8.314 8.149 7.877 7.965 7.954 7.982 8.052 8.116 8.281 8.257 7.994 7.557 6.786 5.944 5.135 5.045 5.854 6.484 7.065 7.519 7.542 7.791 7.775 7.812 7.969 8.019 7.965 7.872 7.838 7.807 7.741 7.705 7.734 7.688 7.464 7.366 7.569 7.713 7.974 8.231 8.211
