Validation/Results/ReClimate_10_2023_1_Precipitation-Actuals.asc
NCOLS 192
NROWS 249
XLLCENTER -225160.85627316462
YLLCENTER 29788.11610251502
CELLSIZE 5000.0
NODATA_VALUE -9999
[rows 99 to 131 of 249, columns 74 to 147 of 192]
255.744 254.875 269.768 270.897 278.348 289.731 292.895 298.194 -9999 -9999 201.441 311.834 346.054 389.483 362.976 374.948 368.097 315.212 303.699 277.942 267.167 262.114 241.493 208.409 188.313 178.591 156.489 150.892 139.944 131.053 123.258 115.555 111.56 111.291 102.986 96.306 86.789 76.783 78.692 87.338 82.985 77.007 77.328 78.235 71.634 -9999 -9999 -9999 -9999 -9999 -9999 -9999 -9999 -9999 -9999 -9999 -9999 -9999 -9999 -9999 -9999 -9999 -9999 -9999 -9999 -9999 -9999 -9999 -9999 -9999 -9999 -9999 -9999 -9999
226.662 270.224 262.275 -9999 -9999 257.478 274.748 -9999 -9999 -9999 213.723 286.967 394.322 396.492 418.037 367.519 320.363 308.243 337.212 330.416 294.036 280.807 235.284 228.471 225.694 192.259 157.727 175.759 189.328 168.975 141.469 125.359 115.411 103.25 84.141 80.592 76.939 83.642 100.573 97.598 94.662 92.302 88.643 76.947 69.494 -9999 -9999 -9999 -9999 -9999 -9999 -9999 -9999 -9999 -9999 -9999 -9999 -9999 -9999 -9999 -9999 -9999 -9999 -9999 -9999 -9999 -9999 -9999 -9999 -9999 -9999 -9999 -9999 -9999
222.916 -9999 266.477 272.18 290.326 -9999 -9999 -9999 -9999 238.907 239.678 318.581 359.224 373.281 373.415 348.0 339.414 359.312 390.013 354.508 345.835 272.113 249.802 249.322 209.264 166.498 189.161 225.901 211.094 157.543 148.878 132.388 115.992 94.307 84.235 79.422 83.256 103.461 95.442 93.747 92.212 89.729 79.146 66.475 -9999 -9999 -9999 -9999 -9999 -9999 -9999 -9999 -9999 -9999 -9999 -9999 -9999 -9999 -9999 -9999 -9999 -9999 -9999 -9999 -9999 -9999 -9999 -9999 -9999 -9999 -9999 -9999 -9999 -9999
235.284 303.539 357.107 398.54 414.377 325.862 264.881 -9999 -9999 232.322 -9999 -9999 276.973 364.719 357.532 323.402 351.608 395.079 366.625 398.099 369.68 299.114 248.383 201.865 218.547 219.122 239.755 229.071 195.11 197.99 171.044 132.015 107.439 93.129 86.637 86.492 98.785 84.904 78.21 82.483 79.662 76.16 70.861 -9999 -9999 -9999 -9999 -9999 -9999 -9999 -9999 -9999 -9999 -9999 -9999 -9999 -9999 -9999 -9999 -9999 -9999 -9999 -9999 -9999 -9999 -9999 -9999 -9999 -9999 -9999 -9999 -9999 -9999 -9999
264.856 300.267 354.202 423.325 385.539 -9999 -9999 -9999 236.65 259.617 266.008 283.148 300.795 310.876 282.439 295.713 351.368 364.554 360.246 336.949 308.425 277.408 243.661 250.036 212.487 226.217 207.9 205.585 204.558 170.475 148.254 122.509 103.735 92.689 83.845 85.944 78.67 70.124 -9999 -9999 73.138 -9999 -9999 -9999 -9999 -9999 -9999 -9999 -9999 -9999 -9999 -9999 -9999 -9999 -9999 -9999 -9999 -9999 -9999 -9999 -9999 -9999 -9999 -9999 -9999 -9999 -9999 -9999 -9999 -9999 -9999 -9999 -9999 -9999
252.585 285.491 342.723 -9999 345.476 -9999 -9999 -9999 249.873 282.947 300.037 298.582 285.186 292.399 305.786 346.123 384.828 360.63 342.904 334.965 329.396 281.999 254.514 218.672 223.57 221.943 196.756 171.853 134.856 134.947 121.208 107.124 97.958 86.888 79.785 78.809 70.414 -9999 77.456 72.484 70.876 75.531 -9999 -9999 -9999 -9999 -9999 -9999 -9999 -9999 -9999 -9999 -9999 -9999 -9999 -9999 -9999 -9999 -9999 -9999 -9999 -9999 -9999 -9999 -9999 -9999 -9999 -9999 -9999 -9999 -9999 -9999 -9999 -9999
-9999 250.442 -9999 -9999 -9999 -9999 271.435 266.373 281.826 295.739 311.775 304.195 316.282 339.766 338.76 360.079 363.231 392.22 356.278 352.146 315.544 307.055 260.742 262.307 275.66 231.054 211.065 181.474 148.464 124.032 112.369 97.071 90.078 87.55 87.387 -9999 81.13 80.668 74.466 74.078 70.623 78.434 -9999 -9999 -9999 -9999 -9999 -9999 -9999 -9999 -9999 -9999 -9999 -9999 -9999 -9999 -9999 -9999 -9999 -9999 -9999 -9999 -9999 -9999 -9999 -9999 -9999 -9999 -9999 -9999 -9999 -9999 -9999 -9999
-9999 -9999 -9999 -9999 -9999 -9999 271.184 241.85 253.728 295.601 320.684 308.487 323.57 302.383 305.617 341.527 400.923 388.663 346.652 339.933 325.964 270.806 265.311 299.237 252.953 253.975 239.788 182.766 154.545 134.513 115.232 116.789 119.072 118.083 118.572 107.059 89.453 83.879 87.973 91.614 84.748 84.669 82.789 -9999 -9999 -9999 -9999 -9999 -9999 -9999 -9999 -9999 -9999 -9999 -9999 -9999 -9999 -9999 -9999 -9999 -9999 -9999 -9999 -9999 -9999 -9999 -9999 -9999 -9999 -9999 -9999 -9999 -9999 -9999
-9999 -9999 -9999 -9999 -9999 262.144 -9999 -9999 256.005 299.707 306.203 319.547 304.042 -9999 -9999 363.889 411.174 416.155 338.562 312.38 286.257 258.189 258.421 238.328 219.589 207.71 171.009 154.475 148.568 147.333 164.617 171.559 151.455 140.672 126.573 113.872 105.897 94.42 102.316 92.003 96.771 92.6 84.272 76.117 -9999 -9999 -9999 -9999 -9999 -9999 -9999 -9999 -9999 -9999 -9999 -9999 -9999 -9999 -9999 -9999 -9999 -9999 -9999 -9999 -9999 -9999 -9999 -9999 -9999 -9999 -9999 -9999 -9999 -9999
-9999 -9999 -9999 -9999 -9999 245.062 -9999 232.02 250.785 270.572 299.636 300.431 291.971 286.649 328.631 365.764 374.496 310.007 313.447 329.924 264.371 243.688 232.375 210.784 179.216 155.637 135.139 136.696 154.957 202.651 216.06 178.79 154.978 133.149 122.523 114.073 104.973 101.359 93.634 85.68 80.204 80.572 75.138 -9999 -9999 -9999 -9999 -9999 -9999 -9999 -9999 -9999 -9999 -9999 -9999 -9999 -9999 -9999 -9999 -9999 -9999 -9999 -9999 -9999 -9999 -9999 -9999 -9999 -9999 -9999 -9999 -9999 -9999 -9999
-9999 -9999 -9999 -9999 -9999 227.981 -9999 214.291 214.359 250.148 264.971 275.548 -9999 313.799 316.56 -9999 321.405 309.32 312.855 266.25 271.142 233.565 218.704 165.844 143.51 132.034 134.005 127.301 153.835 152.815 139.045 136.904 127.113 123.667 113.834 107.366 97.978 90.12 83.186 -9999 -9999 -9999 -9999 -9999 -9999 -9999 -9999 -9999 -9999 -9999 -9999 -9999 -9999 -9999 -9999 -9999 -9999 -9999 -9999 -9999 -9999 -9999 -9999 -9999 -9999 -9999 -9999 -9999 -9999 -9999 -9999 -9999 -9999 -9999
-9999 -9999 -9999 206.301 214.344 -9999 -9999 195.631 227.212 247.024 242.308 256.499 316.988 304.781 337.561 -9999 269.391 281.609 261.373 246.07 229.507 223.752 176.973 163.275 152.309 161.103 157.16 135.165 129.594 112.666 109.141 112.955 116.484 118.314 111.199 108.246 99.055 86.496 -9999 -9999 -9999 -9999 -9999 -9999 -9999 -9999 -9999 -9999 -9999 -9999 -9999 -9999 -9999 -9999 -9999 -9999 -9999 -9999 -9999 -9999 -9999 -9999 -9999 -9999 -9999 -9999 -9999 -9999 -9999 -9999 -9999 -9999 -9999 -9999
-9999 -9999 186.235 193.337 202.903 -9999 204.065 227.176 244.616 237.775 -9999 292.612 297.696 326.562 343.214 -9999 259.222 252.902 222.331 191.113 188.423 170.086 166.396 158.175 155.759 191.902 168.436 155.71 134.698 -9999 96.7 100.368 102.626 100.866 104.37 108.806 95.385 -9999 -9999 -9999 -9999 -9999 -9999 -9999 -9999 -9999 -9999 -9999 -9999 -9999 -9999 -9999 -9999 -9999 -9999 -9999 -9999 -9999 -9999 -9999 -9999 -9999 -9999 -9999 -9999 -9999 -9999 -9999 -9999 -9999 -9999 -9999 -9999 -9999
-9999 -9999 173.277 177.3 -9999 -9999 220.799 249.186 249.734 -9999 260.634 285.05 301.324 321.266 313.896 -9999 227.647 199.492 187.264 181.42 179.016 176.589 181.309 208.953 230.166 222.79 203.45 160.801 127.831 105.821 95.751 -9999 -9999 94.345 101.088 -9999 -9999 -9999 -9999 -9999 -9999 67.208 67.778 67.107 -9999 -9999 -9999 -9999 -9999 -9999 -9999 -9999 -9999 -9999 -9999 -9999 -9999 -9999 -9999 -9999 -9999 -9999 -9999 -9999 -9999 -9999 -9999 -9999 -9999 -9999 -9999 -9999 -9999 -9999
-9999 184.498 193.148 -9999 -9999 208.405 226.485 229.234 255.734 -9999 252.691 275.854 272.179 274.639 294.293 -9999 -9999 -9999 192.694 184.003 179.989 182.343 195.195 200.228 191.69 186.186 169.076 143.847 131.681 120.241 105.797 96.081 94.298 96.617 81.074 -9999 -9999 -9999 -9999 -9999 71.437 68.287 73.815 68.894 67.3 -9999 -9999 -9999 -9999 -9999 -9999 -9999 -9999 -9999 -9999 -9999 -9999 -9999 -9999 -9999 -9999 -9999 -9999 -9999 -9999 -9999 -9999 -9999 -9999 -9999 -9999 -9999 -9999 -9999
205.384 210.858 204.539 -9999 -9999 -9999 188.424 232.592 238.805 -9999 228.596 -9999 230.891 251.904 236.585 -9999 201.519 209.774 203.724 -9999 162.055 156.346 162.072 157.23 151.264 153.95 149.58 141.479 134.589 126.166 111.602 111.785 107.211 91.357 80.566 74.201 74.809 75.697 -9999 71.956 72.513 74.774 76.383 84.397 86.034 90.478 69.923 -9999 -9999 -9999 -9999 -9999 -9999 -9999 -9999 -9999 -9999 -9999 -9999 -9999 -9999 -9999 -9999 -9999 -9999 -9999 -9999 -9999 -9999 -9999 -9999 -9999 -9999 -9999
206.624 220.494 -9999 -9999 -9999 -9999 207.78 240.92 217.294 -9999 198.217 -9999 202.247 200.127 -9999 213.986 228.22 249.659 233.714 191.32 152.918 139.587 133.663 128.521 131.444 127.189 129.513 131.5 127.997 123.651 114.167 114.555 108.4 110.454 92.69 87.198 89.614 81.671 78.777 75.453 75.674 78.545 83.576 99.837 102.65 110.516 102.247 85.473 78.286 83.486 -9999 -9999 -9999 -9999 -9999 -9999 -9999 -9999 -9999 -9999 -9999 -9999 -9999 -9999 -9999 -9999 -9999 -9999 -9999 -9999 -9999 -9999 -9999 -9999
-9999 207.662 -9999 -9999 -9999 -9999 214.15 215.145 218.982 212.646 -9999 -9999 166.186 173.974 -9999 199.249 236.242 277.076 237.679 187.91 153.381 143.781 130.486 123.584 112.32 110.189 115.82 122.732 129.61 128.622 127.544 118.343 127.234 113.82 111.121 114.419 97.106 82.769 78.245 83.354 83.279 94.069 118.935 127.081 123.674 123.648 113.004 115.254 90.969 83.387 82.82 -9999 -9999 -9999 -9999 -9999 -9999 -9999 -9999 -9999 -9999 -9999 -9999 -9999 -9999 -9999 -9999 -9999 -9999 -9999 -9999 -9999 -9999 -9999
211.478 -9999 -9999 -9999 -9999 -9999 185.609 195.478 215.168 193.093 -9999 -9999 167.588 164.638 -9999 -9999 231.435 232.204 209.881 183.574 175.541 164.112 147.535 132.438 127.988 113.916 114.943 125.967 130.275 137.115 138.308 142.043 132.535 130.818 133.93 116.161 98.707 96.501 93.225 92.679 106.377 123.079 131.06 134.855 128.202 117.065 109.162 97.941 88.434 90.559 83.783 -9999 -9999 -9999 -9999 -9999 -9999 -9999 -9999 -9999 -9999 -9999 -9999 -9999 -9999 -9999 -9999 -9999 -9999 -9999 -9999 -9999 -9999 -9999
195.455 -9999 -9999 -9999 -9999 -9999 170.61 193.285 206.999 -9999 -9999 -9999 -9999 161.015 -9999 165.268 197.14 204.74 190.549 185.262 186.54 180.307 173.341 165.797 149.097 132.593 124.731 118.377 122.079 128.43 139.603 138.918 135.219 133.314 121.302 110.267 104.375 111.992 119.874 117.989 114.65 116.874 114.145 111.804 113.124 110.546 98.429 85.455 85.362 85.22 84.631 81.25 -9999 -9999 -9999 -9999 -9999 -9999 -9999 -9999 -9999 -9999 -9999 -9999 -9999 -9999 -9999 -9999 -9999 -9999 -9999 -9999 -9999 -9999
179.29 -9999 -9999 -9999 181.435 177.926 181.825 197.649 -9999 -9999 238.183 -9999 -9999 -9999 -9999 155.457 176.459 178.394 174.332 172.773 175.265 189.967 192.927 185.335 171.548 151.498 138.091 119.737 110.93 120.362 121.763 116.596 122.117 112.703 118.782 126.212 124.101 139.616 145.85 134.144 123.437 115.208 101.696 98.137 100.274 103.013 94.288 83.499 81.894 82.675 79.177 77.424 -9999 -9999 -9999 -9999 -9999 -9999 -9999 -9999 -9999 -9999 -9999 -9999 -9999 -9999 -9999 -9999 -9999 -9999 -9999 -9999 -9999 -9999
-9999 -9999 -9999 -9999 -9999 187.049 193.402 212.98 -9999 225.055 257.979 276.405 -9999 -9999 -9999 -9999 145.8 147.588 149.104 155.532 164.322 173.984 181.586 182.112 177.706 157.262 136.864 118.644 122.027 111.679 106.56 109.74 119.146 117.35 132.877 122.022 135.339 135.806 137.891 138.333 129.081 112.047 98.432 92.574 87.96 86.911 86.11 77.464 77.858 80.324 81.921 81.831 81.178 -9999 -9999 -9999 -9999 -9999 -9999 -9999 -9999 -9999 -9999 -9999 -9999 -9999 -9999 -9999 -9999 -9999 -9999 -9999 -9999 -9999
-9999 -9999 -9999 -9999 -9999 191.883 208.092 227.481 -9999 194.583 251.469 281.581 -9999 -9999 -9999 -9999 -9999 130.446 134.259 146.92 159.713 160.022 163.832 174.638 175.218 179.464 165.24 150.564 128.051 118.641 110.433 111.208 108.686 114.465 126.974 128.849 128.063 131.784 126.679 108.908 103.699 94.985 95.213 86.692 84.202 84.502 75.477 75.844 74.889 79.143 86.898 90.925 85.075 83.103 -9999 -9999 -9999 -9999 -9999 -9999 -9999 -9999 -9999 -9999 -9999 -9999 -9999 -9999 -9999 -9999 -9999 -9999 -9999 -9999
-9999 -9999 -9999 -9999 -9999 197.655 221.348 -9999 -9999 179.357 232.583 259.124 214.424 -9999 -9999 -9999 -9999 -9999 127.687 144.836 154.058 157.266 172.506 185.048 191.767 194.899 180.791 165.061 147.184 140.692 125.356 124.191 129.965 145.82 144.797 171.42 147.279 150.374 124.916 135.748 121.079 106.419 95.115 88.252 86.427 80.974 81.258 84.986 88.859 82.903 89.461 86.756 95.881 88.983 85.483 82.467 -9999 -9999 -9999 -9999 -9999 -9999 -9999 -9999 -9999 -9999 -9999 -9999 -9999 -9999 -9999 -9999 -9999 -9999
-9999 -9999 -9999 -9999 -9999 210.778 191.312 -9999 -9999 191.387 222.274 221.835 -9999 -9999 -9999 -9999 -9999 -9999 121.229 129.126 139.662 145.539 159.89 166.759 176.62 180.49 181.15 181.325 161.99 147.987 150.913 162.828 184.042 169.876 187.851 195.386 183.656 145.115 149.184 141.992 107.832 101.537 94.121 87.985 88.656 85.374 79.391 88.111 96.089 110.865 112.321 102.974 101.09 99.847 91.977 88.114 -9999 -9999 -9999 -9999 -9999 -9999 -9999 -9999 -9999 -9999 -9999 -9999 -9999 -9999 -9999 -9999 -9999 -9999
-9999 -9999 -9999 -9999 -9999 199.81 176.768 -9999 -9999 -9999 185.062 185.293 168.672 -9999 -9999 -9999 -9999 -9999 116.812 128.257 132.851 140.617 147.738 156.835 174.824 193.959 207.568 186.937 174.416 164.713 162.535 169.729 179.934 187.099 219.654 204.806 179.233 171.875 158.08 119.879 117.056 102.63 98.187 90.65 83.948 88.529 95.614 106.338 128.533 149.568 143.129 125.998 110.047 103.199 99.636 94.608 -9999 -9999 -9999 -9999 -9999 -9999 -9999 -9999 -9999 -9999 -9999 -9999 -9999 -9999 -9999 -9999 -9999 -9999
-9999 -9999 -9999 -9999 216.202 197.0 180.993 -9999 -9999 -9999 -9999 -9999 -9999 -9999 -9999 -9999 -9999 -9999 135.148 143.775 146.693 147.382 152.613 158.277 169.756 191.611 207.892 200.824 191.114 196.996 189.287 198.04 206.835 228.628 234.294 222.792 204.366 202.79 162.97 146.569 124.048 114.295 98.224 90.91 96.047 96.821 111.715 133.315 161.453 158.975 156.232 124.91 107.443 103.099 100.391 99.646 83.97 -9999 -9999 -9999 -9999 -9999 -9999 -9999 -9999 -9999 -9999 -9999 -9999 -9999 -9999 -9999 -9999 -9999
-9999 -9999 -9999 220.031 215.993 206.446 179.016 -9999 -9999 -9999 -9999 -9999 -9999 -9999 -9999 -9999 143.089 140.405 148.874 164.283 178.071 182.121 179.369 178.466 182.522 193.472 188.438 206.458 218.364 216.09 230.331 222.096 208.632 208.071 240.594 217.089 225.98 197.397 170.776 144.868 124.39 108.714 109.11 101.91 97.167 104.199 121.78 146.511 143.368 151.971 150.52 125.842 103.977 98.784 105.995 102.401 90.48 -9999 -9999 -9999 -9999 -9999 -9999 -9999 -9999 -9999 -9999 -9999 -9999 -9999 -9999 -9999 -9999 -9999
-9999 -9999 -9999 214.934 184.433 160.623 -9999 -9999 -9999 -9999 -9999 -9999 -9999 -9999 -9999 -9999 145.823 146.891 166.721 187.877 204.205 201.621 222.239 236.522 231.352 223.122 224.708 206.997 208.359 231.045 237.22 219.908 197.528 201.838 213.808 233.619 215.028 202.286 178.942 158.158 129.986 127.54 122.908 116.275 114.229 134.716 151.917 149.686 140.25 135.505 120.406 115.912 116.512 116.697 108.183 103.541 94.913 -9999 -9999 -9999 -9999 -9999 -9999 -9999 -9999 -9999 -9999 -9999 -9999 -9999 -9999 -9999 -9999 -9999
-9999 -9999 -9999 -9999 -9999 -9999 -9999 -9999 -9999 -9999 -9999 -9999 -9999 -9999 -9999 -9999 153.686 163.866 190.255 214.103 224.519 225.176 255.704 271.209 294.824 260.82 221.994 206.993 213.091 225.829 253.452 232.254 191.534 189.347 212.423 221.854 215.989 201.659 193.392 167.159 167.706 166.686 155.607 156.205 164.729 170.652 147.944 142.166 132.301 123.286 123.195 109.57 107.837 110.907 107.161 97.341 91.913 -9999 -9999 -9999 -9999 -9999 -9999 -9999 -9999 -9999 -9999 -9999 -9999 -9999 -9999 -9999 -9999 -9999
-9999 -9999 -9999 -9999 -9999 -9999 -9999 -9999 -9999 -9999 -9999 -9999 -9999 -9999 -9999 164.042 175.125 196.937 223.543 261.508 238.949 241.786 252.43 289.419 275.232 249.775 219.718 203.955 180.896 190.561 203.371 204.226 187.752 175.661 186.124 197.873 197.736 197.004 192.743 194.217 176.991 180.67 172.825 170.935 189.016 159.184 157.323 139.696 118.46 124.976 123.069 120.188 107.833 102.385 97.316 92.359 89.332 -9999 -9999 -9999 -9999 -9999 -9999 -9999 -9999 -9999 -9999 -9999 -9999 -9999 -9999 -9999 -9999 -9999
-9999 -9999 -9999 -9999 -9999 -9999 -9999 -9999 -9999 -9999 -9999 -9999 -9999 -9999 -9999 180.94 199.456 226.575 269.988 270.656 268.823 263.092 281.142 256.582 243.703 222.866 208.94 193.051 163.411 165.915 188.902 194.871 180.634 154.718 161.697 168.848 173.293 185.502 202.545 170.742 190.095 181.791 170.013 194.048 169.217 161.779 146.523 122.319 123.339 118.639 114.646 120.364 112.683 105.978 101.814 92.367 86.925 -9999 -9999 -9999 -9999 -9999 -9999 -9999 -9999 -9999 -9999 -9999 -9999 -9999 -9999 -9999 -9999 -9999
-9999 -9999 -9999 -9999 -9999 -9999 -9999 -9999 -9999 -9999 -9999 -9999 -9999 -9999 181.966 196.916 216.889 252.018 260.052 278.33 302.418 302.815 286.853 244.278 218.624 207.28 206.542 198.295 172.585 170.031 183.547 176.578 147.502 138.647 145.675 162.425 171.278 195.664 175.648 177.381 192.236 175.192 181.36 177.858 157.037 150.818 130.308 129.755 124.512 117.016 118.045 113.005 102.095 103.05 103.732 94.639 87.735 86.054 -9999 -9999 -9999 -9999 -9999 -9999 -9999 -9999 -9999 -9999 -9999 -9999 -9999 -9999 -9999 -9999
