Validation/Results/ReClimate_11_2023_2_Precipitation-Actualsweatherlogisticsltd.asc
NCOLS 192
NROWS 249
XLLCENTER -225160.85627316462
YLLCENTER 29788.11610251502
CELLSIZE 5000.0
NODATA_VALUE -9999
[rows 66 to 98 of 249, columns 74 to 147 of 192]
-9999 -9999 -9999 -9999 -9999 -9999 -9999 -9999 -9999 -9999 -9999 174.443 -9999 186.788 230.549 280.651 285.226 303.989 260.405 251.891 211.239 176.768 139.072 155.358 171.224 157.218 154.559 156.529 154.232 153.769 122.785 101.368 -9999 -9999 -9999 -9999 -9999 -9999 -9999 -9999 -9999 -9999 -9999 -9999 -9999 -9999 -9999 -9999 -9999 -9999 -9999 -9999 -9999 -9999 -9999 -9999 -9999 -9999 -9999 -9999 -9999 -9999 -9999 -9999 -9999 -9999 -9999 -9999 -9999 -9999 -9999 -9999 -9999 -9999
-9999 -9999 -9999 -9999 -9999 -9999 -9999 -9999 -9999 -9999 -9999 -9999 175.796 229.928 234.954 254.173 262.486 253.291 249.728 239.001 207.442 180.403 165.37 158.7 148.638 134.235 139.99 145.434 148.935 125.807 -9999 -9999 -9999 -9999 -9999 -9999 -9999 -9999 -9999 -9999 -9999 -9999 -9999 -9999 -9999 -9999 -9999 -9999 -9999 -9999 -9999 -9999 -9999 -9999 -9999 -9999 -9999 -9999 -9999 -9999 -9999 -9999 -9999 -9999 -9999 -9999 -9999 -9999 -9999 -9999 -9999 -9999 -9999 -9999
-9999 -9999 -9999 -9999 -9999 -9999 -9999 -9999 -9999 -9999 -9999 -9999 223.133 241.502 226.82 214.482 235.907 248.15 222.574 199.32 186.123 169.635 161.233 148.635 145.674 136.446 121.993 125.561 112.652 89.738 -9999 -9999 -9999 -9999 -9999 -9999 -9999 -9999 -9999 -9999 -9999 -9999 -9999 -9999 -9999 -9999 -9999 -9999 -9999 -9999 -9999 -9999 -9999 -9999 -9999 -9999 -9999 -9999 -9999 -9999 -9999 -9999 -9999 -9999 -9999 -9999 -9999 -9999 -9999 -9999 -9999 -9999 -9999 -9999
-9999 -9999 -9999 -9999 -9999 -9999 -9999 -9999 -9999 -9999 -9999 -9999 -9999 -9999 203.483 215.883 234.637 218.404 202.334 199.496 193.124 175.043 150.16 142.121 143.906 125.638 110.245 89.672 -9999 -9999 -9999 -9999 -9999 -9999 -9999 -9999 -9999 -9999 -9999 -9999 -9999 -9999 -9999 -9999 -9999 -9999 -9999 -9999 -9999 -9999 -9999 -9999 -9999 -9999 -9999 -9999 -9999 -9999 -9999 -9999 -9999 -9999 -9999 -9999 -9999 -9999 -9999 -9999 -9999 -9999 -9999 -9999 -9999 -9999
-9999 -9999 -9999 -9999 -9999 -9999 -9999 -9999 198.282 -9999 -9999 233.483 250.578 223.871 213.253 251.516 238.562 230.112 227.821 221.748 195.041 164.036 128.775 128.66 123.846 123.0 100.095 91.562 -9999 -9999 -9999 -9999 -9999 -9999 -9999 -9999 -9999 -9999 -9999 -9999 -9999 -9999 -9999 -9999 -9999 -9999 -9999 -9999 -9999 -9999 -9999 -9999 -9999 -9999 -9999 -9999 -9999 -9999 -9999 -9999 -9999 -9999 -9999 -9999 -9999 -9999 -9999 -9999 -9999 -9999 -9999 -9999 -9999 -9999
-9999 -9999 -9999 -9999 -9999 -9999 207.934 200.894 208.257 204.888 229.237 255.933 280.525 279.281 278.635 229.771 260.051 268.915 262.96 237.154 194.565 178.19 169.381 123.068 114.49 100.674 87.884 76.346 -9999 -9999 -9999 -9999 -9999 -9999 -9999 -9999 -9999 -9999 -9999 -9999 -9999 -9999 -9999 -9999 -9999 -9999 -9999 -9999 -9999 -9999 -9999 -9999 -9999 -9999 -9999 -9999 -9999 -9999 -9999 -9999 -9999 -9999 -9999 -9999 -9999 -9999 -9999 -9999 -9999 -9999 -9999 -9999 -9999 -9999
-9999 -9999 -9999 -9999 -9999 -9999 206.595 215.798 -9999 232.903 266.326 290.836 294.588 333.75 263.809 273.1 289.183 301.378 310.693 261.463 236.26 234.616 181.532 151.58 141.821 107.969 89.012 -9999 65.237 -9999 -9999 -9999 -9999 -9999 -9999 -9999 -9999 -9999 -9999 -9999 -9999 -9999 -9999 -9999 -9999 -9999 -9999 -9999 -9999 -9999 -9999 -9999 -9999 -9999 -9999 -9999 -9999 -9999 -9999 -9999 -9999 -9999 -9999 -9999 -9999 -9999 -9999 -9999 -9999 -9999 -9999 -9999 -9999 -9999
-9999 -9999 -9999 -9999 -9999 -9999 -9999 233.089 248.108 262.034 298.93 294.435 341.342 306.158 285.942 272.341 266.454 281.885 282.89 238.784 231.224 225.915 175.777 156.036 126.071 104.247 88.736 67.691 63.929 -9999 -9999 -9999 -9999 -9999 -9999 -9999 -9999 -9999 -9999 -9999 -9999 -9999 -9999 -9999 -9999 -9999 -9999 -9999 -9999 -9999 -9999 -9999 -9999 -9999 -9999 -9999 -9999 -9999 -9999 -9999 -9999 -9999 -9999 -9999 -9999 -9999 -9999 -9999 -9999 -9999 -9999 -9999 -9999 -9999
224.028 -9999 -9999 -9999 -9999 -9999 -9999 -9999 250.632 273.791 294.521 363.092 351.561 343.646 315.218 313.047 314.332 276.668 226.182 206.701 228.532 205.634 177.088 151.764 110.851 94.315 73.521 68.286 69.633 -9999 -9999 -9999 -9999 -9999 -9999 -9999 -9999 -9999 -9999 -9999 -9999 -9999 -9999 -9999 -9999 -9999 -9999 -9999 -9999 -9999 -9999 -9999 -9999 -9999 -9999 -9999 -9999 -9999 -9999 -9999 -9999 -9999 -9999 -9999 -9999 -9999 -9999 -9999 -9999 -9999 -9999 -9999 -9999 -9999
246.982 -9999 -9999 -9999 -9999 -9999 238.327 250.915 284.8 301.201 321.123 325.86 369.331 350.018 333.926 327.98 284.831 251.681 235.34 200.412 205.626 222.726 175.698 120.631 90.847 74.379 -9999 73.886 -9999 -9999 -9999 -9999 -9999 -9999 65.191 62.198 60.577 -9999 -9999 -9999 -9999 -9999 -9999 -9999 -9999 -9999 -9999 -9999 -9999 -9999 -9999 -9999 -9999 -9999 -9999 -9999 -9999 -9999 -9999 -9999 -9999 -9999 -9999 -9999 -9999 -9999 -9999 -9999 -9999 -9999 -9999 -9999 -9999 -9999
247.522 231.282 -9999 -9999 -9999 -9999 -9999 270.821 293.409 323.711 326.869 364.528 341.184 335.575 318.119 315.988 269.288 231.971 188.324 193.326 217.435 181.748 136.906 106.538 91.575 82.939 76.032 -9999 -9999 -9999 -9999 55.612 56.503 58.121 61.548 62.947 60.625 59.113 58.084 66.008 72.49 73.287 66.888 62.457 66.101 72.97 79.229 80.669 78.621 75.905 74.423 75.901 78.949 -9999 -9999 -9999 -9999 -9999 -9999 -9999 -9999 -9999 -9999 -9999 -9999 -9999 -9999 -9999 -9999 -9999 -9999 -9999 -9999 -9999
295.334 295.48 -9999 -9999 -9999 243.583 -9999 259.075 269.429 321.44 383.535 362.325 334.69 300.04 307.441 277.018 261.501 229.479 215.158 183.881 155.978 142.201 116.099 97.919 96.379 81.592 -9999 -9999 -9999 -9999 62.394 59.74 61.922 65.008 70.943 63.591 65.005 67.715 68.791 84.922 81.982 79.65 71.465 68.59 74.939 75.597 76.851 79.963 81.683 78.06 78.476 87.07 78.908 -9999 -9999 -9999 -9999 -9999 -9999 -9999 -9999 -9999 -9999 -9999 -9999 -9999 -9999 -9999 -9999 -9999 -9999 -9999 -9999 -9999
300.25 296.818 -9999 -9999 -9999 247.71 251.199 253.22 324.42 388.758 380.975 385.298 326.034 326.492 300.674 273.856 242.827 227.295 226.882 188.503 171.077 129.989 99.173 99.473 81.853 -9999 -9999 67.147 64.537 65.493 66.52 68.967 69.493 74.607 79.982 84.016 88.248 82.859 81.725 80.931 79.299 77.496 77.56 84.814 76.151 74.807 78.191 84.197 83.526 86.037 94.451 85.005 79.724 81.3 -9999 -9999 -9999 -9999 -9999 -9999 -9999 -9999 -9999 -9999 -9999 -9999 -9999 -9999 -9999 -9999 -9999 -9999 -9999 -9999
277.917 279.232 -9999 251.613 -9999 225.485 232.305 315.419 381.438 360.553 403.402 382.698 363.026 343.439 322.47 315.943 271.931 253.753 227.574 207.685 160.655 127.767 90.499 77.52 74.959 -9999 83.76 81.899 77.257 72.029 69.633 73.289 87.889 92.943 95.307 105.596 98.649 88.679 89.4 90.436 90.204 84.647 81.716 78.719 82.44 78.756 80.928 85.611 89.741 95.445 89.837 83.315 76.94 78.201 -9999 -9999 -9999 -9999 -9999 -9999 -9999 -9999 -9999 -9999 -9999 -9999 -9999 -9999 -9999 -9999 -9999 -9999 -9999 -9999
274.239 -9999 257.396 -9999 -9999 -9999 308.988 417.984 359.071 351.543 305.313 328.575 331.075 326.239 341.133 319.532 313.529 283.192 255.378 203.056 160.545 115.939 97.311 103.369 88.028 87.548 98.51 104.284 105.921 92.855 82.117 95.121 102.263 109.835 108.835 92.734 89.296 84.339 84.441 94.537 86.801 80.62 74.083 78.517 83.355 86.531 84.082 86.871 86.53 82.003 82.743 82.027 80.837 80.603 -9999 -9999 -9999 -9999 -9999 -9999 -9999 -9999 -9999 -9999 -9999 -9999 -9999 -9999 -9999 -9999 -9999 -9999 -9999 -9999
288.678 275.711 -9999 -9999 -9999 -9999 331.929 329.596 309.007 -9999 309.189 329.703 335.541 323.741 324.15 320.048 275.488 250.553 241.561 208.766 177.508 145.078 138.123 127.413 91.272 100.626 99.886 117.56 132.823 116.391 92.885 86.373 107.891 118.914 98.261 90.868 102.293 90.879 106.686 103.069 89.27 86.895 77.19 84.431 97.278 86.121 86.22 84.114 83.848 79.15 81.086 84.599 78.365 78.19 -9999 -9999 -9999 -9999 -9999 -9999 -9999 -9999 -9999 -9999 -9999 -9999 -9999 -9999 -9999 -9999 -9999 -9999 -9999 -9999
351.742 352.841 -9999 -9999 -9999 271.411 -9999 -9999 254.738 269.938 313.236 361.779 369.938 353.976 357.362 321.618 296.628 241.868 208.925 185.369 172.447 159.074 153.399 95.478 100.139 102.203 125.114 125.06 129.973 131.793 97.591 94.624 103.653 98.321 92.288 106.37 104.141 106.706 109.923 103.585 110.911 98.466 92.541 98.774 88.745 84.619 86.441 91.834 84.356 79.566 81.864 83.452 76.592 -9999 -9999 -9999 -9999 -9999 -9999 -9999 -9999 -9999 -9999 -9999 -9999 -9999 -9999 -9999 -9999 -9999 -9999 -9999 -9999 -9999
406.482 410.051 342.455 286.689 -9999 -9999 -9999 285.749 246.534 -9999 312.646 331.111 348.486 364.001 351.836 352.23 289.517 211.615 197.565 188.096 183.33 167.807 129.249 125.451 115.339 130.379 127.644 124.475 134.389 119.749 93.024 94.444 88.884 91.671 115.107 107.822 116.756 134.002 113.302 112.228 113.832 95.618 87.822 87.971 87.102 81.19 87.804 88.404 88.243 82.346 81.965 79.798 -9999 -9999 -9999 -9999 -9999 -9999 -9999 -9999 -9999 -9999 -9999 -9999 -9999 -9999 -9999 -9999 -9999 -9999 -9999 -9999 -9999 -9999
399.029 398.28 347.556 305.268 -9999 284.369 294.113 294.237 300.978 344.726 347.422 355.98 387.363 394.522 348.611 293.87 267.875 240.803 231.026 220.847 197.416 161.141 139.918 140.166 163.646 161.504 138.609 134.228 123.164 84.504 85.988 94.242 94.221 103.596 93.404 103.124 120.422 126.026 127.886 133.785 130.367 100.708 103.377 97.019 100.727 108.754 90.871 86.885 92.703 97.178 88.887 74.354 -9999 -9999 -9999 -9999 -9999 -9999 -9999 -9999 -9999 -9999 -9999 -9999 -9999 -9999 -9999 -9999 -9999 -9999 -9999 -9999 -9999 -9999
354.762 355.261 320.215 290.514 282.186 276.007 306.452 -9999 301.674 361.046 417.019 458.186 428.81 394.603 336.301 343.525 303.61 271.501 231.863 200.791 182.967 145.798 140.024 176.227 196.53 167.586 158.735 160.18 121.684 121.341 97.716 91.51 84.253 88.244 106.821 108.667 127.029 137.223 125.163 120.905 111.808 97.011 86.315 77.67 92.123 87.968 80.505 83.617 88.845 86.948 74.824 -9999 -9999 -9999 -9999 -9999 -9999 -9999 -9999 -9999 -9999 -9999 -9999 -9999 -9999 -9999 -9999 -9999 -9999 -9999 -9999 -9999 -9999 -9999
344.122 -9999 -9999 -9999 256.654 282.249 -9999 290.074 345.017 433.999 490.295 464.676 476.334 432.75 401.346 353.701 284.454 255.842 242.428 231.729 176.811 161.883 184.479 223.641 228.137 217.924 212.856 167.011 167.589 136.552 119.149 134.345 115.612 139.108 134.711 138.636 137.75 121.399 101.261 104.542 100.019 101.093 93.491 84.339 91.193 87.905 83.327 82.182 85.739 83.964 78.034 -9999 -9999 -9999 -9999 -9999 -9999 -9999 -9999 -9999 -9999 -9999 -9999 -9999 -9999 -9999 -9999 -9999 -9999 -9999 -9999 -9999 -9999 -9999
-9999 -9999 -9999 261.565 257.435 -9999 259.194 292.462 -9999 419.716 418.921 473.004 474.837 468.316 404.181 333.886 318.86 292.674 241.984 201.995 212.675 208.085 235.674 272.553 271.886 254.078 214.115 168.482 130.618 113.303 135.071 147.207 166.325 173.752 160.391 141.533 133.445 114.695 111.962 99.94 100.044 102.258 88.908 93.189 99.252 92.831 88.383 82.768 90.657 91.706 79.635 -9999 -9999 -9999 -9999 -9999 -9999 -9999 -9999 -9999 -9999 -9999 -9999 -9999 -9999 -9999 -9999 -9999 -9999 -9999 -9999 -9999 -9999 -9999
-9999 -9999 -9999 248.261 -9999 -9999 261.619 299.864 365.61 385.843 454.952 475.382 433.959 401.262 361.986 312.344 271.012 243.927 235.904 262.239 268.628 273.536 292.067 295.41 275.42 227.846 157.383 122.44 128.976 166.918 196.739 235.912 238.078 209.811 188.401 175.054 143.854 121.85 107.432 100.672 88.206 88.009 90.659 96.562 106.261 121.481 100.111 90.7 88.754 86.588 78.173 -9999 -9999 -9999 -9999 -9999 -9999 -9999 -9999 -9999 -9999 -9999 -9999 -9999 -9999 -9999 -9999 -9999 -9999 -9999 -9999 -9999 -9999 -9999
-9999 -9999 -9999 -9999 -9999 -9999 -9999 323.37 347.119 359.665 459.302 460.15 411.458 408.648 369.422 322.076 307.659 312.063 319.819 302.689 302.897 273.42 255.498 248.376 232.144 178.734 129.054 129.59 157.624 198.651 244.592 231.411 228.225 210.12 195.857 171.609 144.489 126.526 116.052 98.717 86.761 93.672 88.257 93.279 112.576 102.576 95.737 90.529 92.215 87.626 -9999 -9999 -9999 -9999 -9999 -9999 -9999 -9999 -9999 -9999 -9999 -9999 -9999 -9999 -9999 -9999 -9999 -9999 -9999 -9999 -9999 -9999 -9999 -9999
-9999 -9999 -9999 -9999 -9999 225.001 259.632 -9999 345.259 390.421 489.089 443.112 388.795 364.292 350.262 368.149 372.623 344.95 287.932 293.953 285.538 267.504 225.553 202.816 175.608 156.481 173.718 179.916 198.209 232.329 223.176 209.861 163.102 167.65 156.444 127.633 123.9 124.687 136.124 127.169 116.262 114.026 121.428 117.927 102.014 114.225 118.302 108.799 98.769 87.767 -9999 -9999 -9999 -9999 -9999 -9999 -9999 -9999 -9999 -9999 -9999 -9999 -9999 -9999 -9999 -9999 -9999 -9999 -9999 -9999 -9999 -9999 -9999 -9999
-9999 -9999 -9999 -9999 218.248 217.644 287.848 335.043 391.363 459.594 473.758 440.913 374.122 329.843 339.497 335.744 327.08 335.176 321.031 336.922 331.102 244.748 234.075 197.479 190.609 194.423 218.136 220.742 225.486 215.683 213.776 175.576 158.159 156.0 169.432 168.683 169.231 157.071 149.666 169.631 179.253 169.164 157.722 143.553 149.788 146.721 125.111 102.624 93.871 -9999 -9999 -9999 -9999 -9999 -9999 -9999 -9999 -9999 -9999 -9999 -9999 -9999 -9999 -9999 -9999 -9999 -9999 -9999 -9999 -9999 -9999 -9999 -9999 -9999
-9999 -9999 -9999 -9999 210.891 -9999 290.964 333.178 380.277 451.839 450.886 355.862 331.052 341.1 293.313 273.263 287.4 297.839 321.25 311.505 251.993 255.306 256.248 233.253 218.422 259.464 253.766 257.16 247.247 244.578 229.516 206.698 186.229 196.824 199.952 209.156 207.0 166.177 190.469 197.402 165.063 167.215 170.134 156.227 149.197 135.661 109.115 102.475 89.085 -9999 -9999 -9999 -9999 -9999 -9999 -9999 -9999 -9999 -9999 -9999 -9999 -9999 -9999 -9999 -9999 -9999 -9999 -9999 -9999 -9999 -9999 -9999 -9999 -9999
-9999 -9999 -9999 -9999 -9999 -9999 322.769 360.552 373.794 417.593 366.264 303.162 302.951 277.268 251.119 260.845 281.683 319.896 299.047 303.837 286.073 293.219 260.271 229.036 248.297 271.305 262.649 258.031 232.878 241.116 217.904 209.427 237.904 232.153 231.934 254.031 237.723 234.365 232.475 204.189 184.254 169.827 146.434 142.402 141.438 115.343 98.147 93.988 81.04 -9999 -9999 -9999 -9999 -9999 -9999 -9999 -9999 -9999 -9999 -9999 -9999 -9999 -9999 -9999 -9999 -9999 -9999 -9999 -9999 -9999 -9999 -9999 -9999 -9999
-9999 -9999 -9999 -9999 257.65 271.633 308.044 327.901 347.93 383.976 337.234 346.559 349.06 -9999 312.793 386.629 401.476 379.312 364.127 364.572 344.454 324.932 302.802 275.855 256.956 244.591 229.569 200.409 198.001 208.942 192.559 226.99 215.686 214.544 209.09 236.211 245.925 227.309 195.848 194.972 181.602 154.144 153.891 127.515 112.4 99.361 92.19 91.928 59.829 -9999 -9999 -9999 -9999 -9999 -9999 -9999 -9999 -9999 -9999 -9999 -9999 -9999 -9999 -9999 -9999 -9999 -9999 -9999 -9999 -9999 -9999 -9999 -9999 -9999
240.956 214.65 218.118 251.359 -9999 274.776 305.977 318.846 317.601 350.578 363.683 361.122 -9999 361.809 421.123 432.416 463.904 406.871 373.548 339.804 348.659 326.648 309.131 271.991 237.91 215.833 189.905 158.13 170.25 161.822 191.755 194.054 197.509 188.904 182.998 197.815 200.618 183.066 180.997 173.11 157.14 147.527 117.532 104.581 94.337 89.227 96.353 67.364 -9999 -9999 -9999 -9999 -9999 -9999 -9999 -9999 -9999 -9999 -9999 -9999 -9999 -9999 -9999 -9999 -9999 -9999 -9999 -9999 -9999 -9999 -9999 -9999 -9999 -9999
209.382 213.475 236.649 277.814 290.26 -9999 314.203 325.414 347.863 354.925 344.187 322.725 329.034 388.511 406.353 410.902 431.949 400.254 366.147 335.183 310.195 266.328 254.015 231.761 221.534 229.641 167.342 163.752 144.547 151.913 164.014 182.596 168.602 152.933 162.863 183.324 172.786 167.39 150.521 151.733 129.275 105.395 96.609 94.055 88.558 86.031 -9999 -9999 -9999 -9999 -9999 -9999 -9999 -9999 -9999 -9999 -9999 -9999 -9999 -9999 -9999 -9999 -9999 -9999 -9999 -9999 -9999 -9999 -9999 -9999 -9999 -9999 -9999 -9999
-9999 -9999 -9999 269.986 -9999 313.397 335.369 362.351 391.608 383.992 -9999 -9999 387.115 393.229 401.195 442.644 419.314 402.156 355.287 320.434 243.76 217.985 205.047 201.76 224.502 212.282 187.751 155.296 151.536 145.665 155.395 160.025 155.424 144.39 155.825 157.987 153.746 137.358 131.726 118.12 100.598 82.344 80.594 89.028 82.56 -9999 -9999 -9999 -9999 -9999 -9999 -9999 -9999 -9999 -9999 -9999 -9999 -9999 -9999 -9999 -9999 -9999 -9999 -9999 -9999 -9999 -9999 -9999 -9999 -9999 -9999 -9999 -9999 -9999
225.736 237.075 -9999 276.905 321.964 324.459 349.033 379.214 395.676 -9999 -9999 371.481 430.106 450.257 463.194 424.95 425.201 390.098 342.602 285.996 253.879 240.56 253.12 248.872 262.418 262.663 218.65 183.522 170.913 150.076 142.471 138.527 149.7 148.952 141.864 135.1 123.196 105.567 100.426 92.321 85.678 77.603 77.315 81.032 78.382 77.03 -9999 -9999 -9999 -9999 -9999 -9999 -9999 -9999 -9999 -9999 -9999 -9999 -9999 -9999 -9999 -9999 -9999 -9999 -9999 -9999 -9999 -9999 -9999 -9999 -9999 -9999 -9999 -9999
