Validation/Results/ReClimate_07_2024_2.asc
NCOLS 192
NROWS 249
XLLCENTER -225160.85627316462
YLLCENTER 29788.11610251502
CELLSIZE 5000.0
NODATA_VALUE -9999
[rows 132 to 164 of 249, columns 74 to 147 of 192]
-9999 -9999 -9999 -9999 -9999 -9999 -9999 -9999 -9999 -9999 -9999 -9999 -9999 102.17 101.434 102.599 103.899 104.001 104.069 103.622 103.345 103.712 104.079 104.355 104.558 104.581 104.605 104.43 104.313 104.58 104.808 104.87 104.931 104.991 105.053 104.89 104.698 104.852 104.849 104.989 105.281 104.709 104.491 105.836 105.914 105.989 106.055 106.088 106.11 106.133 106.158 106.181 106.194 106.197 106.195 106.187 106.172 106.147 -9999 -9999 -9999 -9999 -9999 -9999 -9999 -9999 -9999 -9999 -9999 -9999 -9999 -9999 -9999 -9999
105.867 -9999 -9999 -9999 -9999 -9999 -9999 -9999 -9999 -9999 -9999 -9999 -9999 102.028 100.797 102.256 104.4 104.372 104.258 104.002 103.692 103.974 104.215 104.347 104.407 104.47 104.596 104.525 104.531 104.753 104.995 105.072 105.138 105.205 105.28 105.167 105.12 105.198 105.407 105.601 105.694 105.486 105.966 106.043 106.113 106.179 106.224 106.245 106.265 106.283 106.292 106.283 106.281 106.273 106.259 106.243 106.226 106.207 -9999 -9999 -9999 -9999 -9999 -9999 -9999 -9999 -9999 -9999 -9999 -9999 -9999 -9999 -9999 -9999
105.928 -9999 -9999 -9999 -9999 -9999 -9999 -9999 -9999 -9999 -9999 -9999 103.343 101.685 102.004 103.54 104.678 104.539 104.382 104.089 103.724 103.904 104.045 104.202 104.534 104.596 104.573 104.589 104.67 104.904 105.162 105.24 105.303 105.394 105.492 105.347 104.976 105.291 105.833 105.923 106.015 106.109 106.194 106.262 106.329 106.377 106.384 106.387 106.388 106.384 106.374 106.362 106.347 106.332 106.316 106.298 106.279 106.258 106.222 -9999 -9999 -9999 -9999 -9999 -9999 -9999 -9999 -9999 -9999 -9999 -9999 -9999 -9999 -9999
105.795 -9999 -9999 -9999 -9999 -9999 -9999 -9999 -9999 -9999 -9999 104.628 -9999 104.126 103.676 104.414 104.809 104.706 104.702 104.513 104.538 104.548 104.367 104.6 104.752 104.701 104.582 104.628 104.682 104.961 105.321 105.402 105.491 105.588 105.675 105.451 105.332 105.735 106.036 106.128 106.223 106.318 106.391 106.449 106.493 106.494 106.488 106.479 106.468 106.455 106.44 106.423 106.406 106.388 106.369 106.349 106.328 106.305 106.274 -9999 -9999 -9999 -9999 -9999 -9999 -9999 -9999 -9999 -9999 -9999 -9999 -9999 -9999 -9999
105.295 105.541 -9999 -9999 -9999 -9999 -9999 -9999 -9999 -9999 -9999 104.751 -9999 104.48 103.588 104.1 104.941 104.922 104.911 104.917 104.944 104.737 104.421 104.594 104.84 104.677 104.388 104.45 104.589 104.977 105.483 -9999 -9999 -9999 -9999 -9999 -9999 105.964 106.217 106.316 106.419 106.505 106.559 106.597 106.597 106.587 106.573 106.558 106.54 106.522 106.502 106.482 106.461 106.44 106.418 106.396 106.373 106.349 106.32 106.256 -9999 -9999 -9999 -9999 -9999 -9999 -9999 -9999 -9999 -9999 -9999 -9999 -9999 -9999
104.952 105.395 106.205 -9999 -9999 -9999 -9999 -9999 -9999 -9999 -9999 104.856 105.176 104.693 104.666 105.095 105.075 105.023 104.915 104.954 105.071 104.921 104.954 105.018 104.831 104.628 104.472 104.718 105.237 105.544 105.619 -9999 -9999 -9999 -9999 105.464 105.823 106.303 106.409 106.514 106.612 106.68 106.714 106.711 106.695 106.676 106.655 106.632 106.609 106.585 106.561 106.536 106.512 106.488 106.464 106.44 106.415 106.389 106.36 106.325 -9999 -9999 -9999 -9999 -9999 -9999 -9999 -9999 -9999 -9999 -9999 -9999 -9999 -9999
104.377 105.941 106.464 106.049 -9999 -9999 -9999 -9999 -9999 -9999 -9999 104.985 105.307 105.059 -9999 -9999 105.211 105.105 104.98 105.041 -9999 105.24 105.274 105.099 104.876 104.779 104.724 105.153 105.62 -9999 -9999 -9999 -9999 -9999 106.193 106.288 106.39 106.502 106.609 106.712 106.8 106.843 106.836 106.814 106.789 106.761 106.733 106.703 106.674 106.645 106.617 106.589 106.561 106.534 106.507 106.481 106.454 106.427 106.399 106.368 -9999 -9999 -9999 -9999 -9999 -9999 -9999 -9999 -9999 -9999 -9999 -9999 -9999 -9999
106.274 106.457 106.24 106.056 -9999 -9999 -9999 -9999 -9999 -9999 -9999 -9999 105.453 104.994 -9999 -9999 -9999 105.281 105.272 105.285 105.302 -9999 -9999 105.466 105.37 105.251 104.994 105.266 -9999 -9999 -9999 -9999 -9999 106.203 106.312 106.434 106.589 106.7 106.807 106.752 106.544 106.97 106.945 106.914 106.879 106.843 106.806 106.771 106.736 106.702 106.67 106.637 106.607 106.577 106.548 106.519 106.491 106.462 106.433 106.402 -9999 -9999 -9999 -9999 -9999 -9999 -9999 -9999 -9999 -9999 -9999 -9999 -9999 -9999
106.58 106.426 106.501 -9999 -9999 -9999 -9999 -9999 -9999 -9999 -9999 -9999 -9999 105.564 -9999 -9999 -9999 -9999 105.486 105.486 105.503 -9999 -9999 -9999 105.624 105.598 -9999 -9999 -9999 -9999 -9999 -9999 -9999 106.397 106.503 106.648 106.785 106.894 106.999 106.859 107.107 107.085 107.052 107.01 106.965 106.92 106.876 106.834 106.794 106.756 106.72 106.685 106.651 106.618 106.587 106.556 106.526 106.496 106.465 106.433 -9999 -9999 -9999 -9999 -9999 -9999 -9999 -9999 -9999 -9999 -9999 -9999 -9999 -9999
105.525 105.69 -9999 -9999 -9999 -9999 -9999 -9999 -9999 -9999 -9999 -9999 -9999 105.737 -9999 -9999 -9999 -9999 -9999 105.655 105.672 -9999 -9999 -9999 -9999 -9999 -9999 -9999 -9999 -9999 -9999 -9999 -9999 106.616 106.744 106.717 106.409 106.66 107.155 107.21 107.223 107.198 107.155 107.1 107.044 106.991 106.941 106.894 106.849 106.808 106.768 106.73 106.693 106.658 106.625 106.592 106.56 106.528 106.496 106.462 106.433 -9999 -9999 -9999 -9999 -9999 -9999 -9999 -9999 -9999 -9999 -9999 -9999 -9999
105.402 -9999 105.734 105.84 105.857 103.8 -9999 -9999 -9999 -9999 -9999 -9999 -9999 105.884 -9999 -9999 -9999 -9999 -9999 -9999 -9999 -9999 -9999 -9999 -9999 -9999 -9999 -9999 -9999 -9999 -9999 -9999 106.73 106.845 106.952 106.837 106.923 107.207 107.269 107.319 107.33 107.306 107.249 107.18 107.118 107.06 107.006 106.956 106.908 106.863 106.82 106.778 106.74 106.704 106.669 106.636 106.603 106.57 106.537 106.502 106.467 106.431 -9999 -9999 -9999 -9999 -9999 -9999 -9999 -9999 -9999 -9999 -9999 -9999
105.85 105.797 105.55 105.726 106.035 104.22 -9999 -9999 -9999 -9999 -9999 -9999 -9999 -9999 -9999 -9999 -9999 -9999 -9999 -9999 -9999 -9999 -9999 -9999 -9999 -9999 -9999 -9999 -9999 -9999 -9999 106.787 106.946 107.044 107.127 107.192 107.25 107.309 107.367 107.412 107.419 107.388 107.329 107.261 107.196 107.136 107.08 107.027 106.979 106.934 106.89 106.849 106.808 106.768 106.729 106.69 106.652 106.616 106.582 106.546 106.51 106.472 -9999 -9999 -9999 -9999 -9999 -9999 -9999 -9999 -9999 -9999 -9999 -9999
105.359 105.294 105.471 105.659 -9999 104.092 104.114 -9999 -9999 -9999 -9999 -9999 -9999 -9999 -9999 -9999 -9999 -9999 -9999 -9999 -9999 -9999 -9999 -9999 -9999 -9999 -9999 -9999 -9999 -9999 -9999 106.956 107.128 107.189 107.241 107.294 107.349 107.408 107.466 107.501 107.491 107.451 107.394 107.332 107.269 107.209 107.155 107.104 107.056 107.011 106.967 106.924 106.882 106.841 106.799 106.758 106.717 106.675 106.633 106.592 106.553 106.507 106.444 106.36 -9999 -9999 -9999 -9999 -9999 -9999 -9999 -9999 -9999 -9999
105.092 105.348 105.79 105.304 -9999 -9999 105.33 -9999 -9999 -9999 -9999 -9999 -9999 -9999 -9999 -9999 -9999 -9999 -9999 -9999 -9999 -9999 -9999 -9999 -9999 -9999 -9999 -9999 -9999 -9999 -9999 107.134 107.25 107.297 107.347 107.404 107.46 107.513 107.563 107.582 107.555 107.508 107.454 107.395 107.337 107.281 107.229 107.178 107.13 107.084 107.04 106.996 106.954 106.912 106.87 106.828 106.786 106.743 106.699 106.653 106.605 106.541 106.465 106.383 106.298 106.197 106.07 -9999 -9999 -9999 -9999 -9999 -9999 -9999
104.637 105.059 105.571 104.369 103.132 -9999 106.137 -9999 -9999 -9999 -9999 -9999 -9999 -9999 -9999 -9999 -9999 -9999 -9999 -9999 -9999 -9999 -9999 -9999 -9999 -9999 -9999 -9999 -9999 -9999 107.085 107.257 107.365 107.417 107.471 107.521 107.569 107.612 107.652 107.66 107.62 107.568 107.514 107.459 107.404 107.351 107.299 107.249 107.201 107.155 107.11 107.066 107.023 106.981 106.939 106.897 106.854 106.811 106.767 106.721 106.659 106.583 106.493 106.405 106.319 106.225 106.124 106.023 105.746 -9999 -9999 -9999 -9999 -9999
105.852 105.869 105.184 104.815 -9999 106.231 -9999 -9999 -9999 -9999 -9999 -9999 -9999 -9999 -9999 -9999 -9999 -9999 -9999 -9999 -9999 -9999 -9999 -9999 -9999 -9999 -9999 -9999 -9999 -9999 -9999 107.385 107.504 107.55 107.594 107.634 107.672 107.707 107.739 107.737 107.69 107.634 107.579 107.525 107.471 107.418 107.367 107.317 107.27 107.224 107.179 107.135 107.092 107.05 107.007 106.965 106.923 106.879 106.835 106.779 106.709 106.618 106.515 106.409 106.302 106.203 106.103 106.004 105.91 105.66 -9999 -9999 -9999 -9999
106.466 106.112 106.13 106.52 106.5 105.755 -9999 -9999 -9999 -9999 -9999 -9999 -9999 -9999 -9999 -9999 -9999 -9999 -9999 -9999 -9999 -9999 -9999 -9999 -9999 -9999 -9999 -9999 -9999 -9999 -9999 -9999 107.612 107.668 107.713 107.744 107.774 107.801 107.825 107.817 107.765 107.705 107.647 107.591 107.537 107.485 107.434 107.385 107.337 107.291 107.247 107.203 107.16 107.118 107.076 107.034 106.991 106.948 106.895 106.815 106.718 106.617 106.51 106.399 106.288 106.174 106.069 105.971 105.875 105.784 105.59 -9999 -9999 -9999
106.056 106.52 106.499 106.478 106.456 -9999 -9999 -9999 -9999 -9999 -9999 -9999 -9999 -9999 -9999 -9999 -9999 -9999 -9999 -9999 -9999 -9999 -9999 -9999 -9999 -9999 -9999 -9999 -9999 -9999 -9999 -9999 107.163 106.168 106.664 107.008 107.875 107.895 107.913 107.9 107.845 107.779 107.718 107.66 107.605 107.552 107.501 107.452 107.405 107.359 107.315 107.271 107.229 107.186 107.144 107.102 107.058 106.993 106.908 106.813 106.706 106.599 106.492 106.384 106.274 106.163 106.05 105.943 105.846 105.754 105.675 105.503 -9999 -9999
106.503 106.481 106.459 106.053 105.13 -9999 -9999 -9999 -9999 -9999 -9999 -9999 -9999 -9999 -9999 -9999 -9999 -9999 -9999 -9999 -9999 -9999 -9999 -9999 -9999 -9999 -9999 -9999 -9999 -9999 -9999 -9999 -9999 106.042 105.774 106.468 107.321 107.99 108.001 107.985 107.929 107.857 107.792 107.732 107.675 107.621 107.57 107.521 107.473 107.428 107.383 107.34 107.298 107.256 107.214 107.157 107.085 106.999 106.898 106.792 106.687 106.582 106.476 106.37 106.262 106.153 106.042 105.929 105.82 105.723 105.642 105.589 -9999 -9999
106.466 -9999 -9999 -9999 -9999 -9999 -9999 -9999 -9999 -9999 -9999 -9999 -9999 -9999 -9999 -9999 -9999 -9999 -9999 -9999 -9999 -9999 -9999 -9999 -9999 -9999 -9999 -9999 -9999 -9999 -9999 -9999 -9999 107.369 107.314 107.667 108.044 108.073 108.09 108.073 108.017 107.94 107.87 107.807 107.748 107.693 107.64 107.591 107.543 107.497 107.453 107.41 107.368 107.319 107.256 107.179 107.085 106.983 106.878 106.774 106.67 106.566 106.462 106.357 106.251 106.143 106.034 105.922 105.806 105.693 105.613 105.559 105.511 -9999
106.427 -9999 -9999 -9999 -9999 -9999 -9999 -9999 -9999 -9999 -9999 -9999 -9999 -9999 -9999 -9999 -9999 -9999 -9999 -9999 -9999 -9999 -9999 -9999 -9999 -9999 -9999 -9999 -9999 -9999 -9999 -9999 -9999 -9999 108.03 108.071 108.109 108.143 108.166 108.165 108.111 108.027 107.953 107.885 107.824 107.767 107.713 107.663 107.615 107.569 107.524 107.481 107.425 107.356 107.271 107.171 107.068 106.963 106.859 106.756 106.654 106.551 106.448 106.344 106.239 106.132 106.023 105.911 105.796 105.678 105.587 105.533 105.484 -9999
106.387 -9999 -9999 -9999 -9999 -9999 -9999 -9999 -9999 -9999 -9999 -9999 -9999 -9999 -9999 -9999 -9999 -9999 -9999 -9999 -9999 -9999 -9999 -9999 -9999 -9999 -9999 -9999 -9999 -9999 -9999 -9999 -9999 -9999 108.049 -9999 108.17 108.203 108.233 108.246 -9999 108.12 108.04 107.969 107.904 107.845 107.789 107.738 107.689 107.642 107.598 107.535 107.458 107.362 107.259 107.153 107.048 106.944 106.842 106.74 106.639 106.537 106.434 106.331 106.226 106.12 106.011 105.898 105.782 105.672 105.576 105.508 105.454 105.401
-9999 -9999 -9999 -9999 -9999 -9999 -9999 -9999 -9999 -9999 -9999 -9999 -9999 -9999 -9999 -9999 -9999 -9999 -9999 -9999 -9999 -9999 -9999 -9999 -9999 -9999 -9999 -9999 -9999 -9999 -9999 -9999 -9999 -9999 -9999 108.152 108.231 -9999 -9999 -9999 -9999 108.221 108.133 108.057 107.988 107.926 107.869 107.816 107.766 107.718 107.664 107.57 107.455 107.348 107.237 107.123 107.011 106.902 106.796 106.692 106.589 106.487 106.386 106.285 106.184 106.082 105.979 105.874 105.762 105.661 105.574 105.491 105.423 105.366
-9999 -9999 -9999 -9999 -9999 -9999 -9999 -9999 -9999 -9999 -9999 -9999 -9999 -9999 -9999 -9999 -9999 -9999 -9999 -9999 -9999 -9999 -9999 -9999 -9999 -9999 -9999 -9999 -9999 -9999 -9999 -9999 -9999 -9999 -9999 108.094 108.164 -9999 -9999 -9999 -9999 108.344 108.26 108.178 108.104 108.036 107.972 107.913 107.855 107.788 107.674 107.544 107.416 107.291 107.173 107.058 106.944 106.834 106.727 106.622 106.519 106.417 106.316 106.215 106.114 106.013 105.911 105.806 105.707 105.621 105.551 105.479 105.396 105.329
-9999 -9999 -9999 -9999 -9999 -9999 -9999 -9999 -9999 -9999 -9999 -9999 -9999 -9999 -9999 -9999 -9999 -9999 -9999 -9999 -9999 -9999 -9999 -9999 -9999 -9999 -9999 -9999 -9999 -9999 -9999 -9999 -9999 -9999 -9999 108.096 -9999 -9999 -9999 -9999 108.514 108.481 108.404 108.318 108.238 108.165 108.097 108.028 107.941 107.802 107.645 107.493 107.345 107.214 107.094 106.979 106.868 106.76 106.654 106.549 106.446 106.344 106.242 106.141 106.039 105.937 105.832 105.725 105.633 105.557 105.49 105.421 105.349 105.28
-9999 -9999 -9999 -9999 -9999 -9999 -9999 -9999 -9999 -9999 -9999 -9999 -9999 -9999 -9999 -9999 -9999 -9999 -9999 -9999 -9999 -9999 -9999 -9999 -9999 -9999 -9999 -9999 -9999 -9999 -9999 -9999 -9999 -9999 -9999 -9999 -9999 -9999 -9999 -9999 108.622 108.606 108.539 108.462 108.372 108.28 108.194 108.089 107.931 107.756 107.594 107.442 107.299 107.159 107.028 106.907 106.795 106.688 106.582 106.477 106.374 106.271 106.169 106.066 105.963 105.858 105.751 105.649 105.562 105.491 105.42 105.348 105.273 105.194
-9999 -9999 -9999 -9999 -9999 -9999 -9999 -9999 -9999 -9999 -9999 -9999 -9999 -9999 -9999 -9999 -9999 -9999 -9999 -9999 -9999 -9999 -9999 -9999 -9999 -9999 -9999 -9999 -9999 -9999 -9999 -9999 -9999 -9999 -9999 -9999 -9999 -9999 -9999 -9999 108.705 108.688 108.636 108.549 108.452 108.346 108.221 108.059 107.875 107.707 107.551 107.404 107.266 107.131 106.998 106.866 106.737 106.62 106.512 106.406 106.302 106.198 106.094 105.99 105.884 105.777 105.667 105.574 105.495 105.422 105.349 105.273 105.194 105.111
-9999 -9999 -9999 -9999 -9999 -9999 -9999 -9999 -9999 -9999 -9999 -9999 -9999 -9999 -9999 -9999 -9999 -9999 -9999 -9999 -9999 -9999 -9999 -9999 -9999 -9999 -9999 -9999 -9999 -9999 -9999 -9999 -9999 -9999 -9999 -9999 -9999 -9999 -9999 108.714 108.723 108.587 108.315 108.602 108.499 108.352 108.196 108.003 107.827 107.664 107.513 107.372 107.237 107.105 106.976 106.846 106.714 106.58 106.449 106.335 106.23 106.124 106.018 105.911 105.803 105.693 105.592 105.503 105.427 105.352 105.275 105.195 105.112 105.025
-9999 -9999 -9999 -9999 -9999 -9999 -9999 -9999 -9999 -9999 -9999 -9999 -9999 -9999 -9999 -9999 -9999 -9999 -9999 -9999 -9999 -9999 -9999 -9999 -9999 -9999 -9999 -9999 -9999 -9999 -9999 -9999 -9999 -9999 -9999 -9999 -9999 -9999 -9999 108.716 108.726 108.33 108.115 108.619 108.479 108.333 108.143 107.955 107.784 107.626 107.479 107.341 107.21 107.083 106.956 106.827 106.695 106.561 106.424 106.284 106.16 106.048 105.94 105.83 105.719 105.612 105.517 105.435 105.357 105.278 105.197 105.114 105.027 104.935
-9999 -9999 -9999 -9999 -9999 -9999 -9999 -9999 -9999 -9999 -9999 -9999 -9999 -9999 -9999 -9999 -9999 -9999 -9999 -9999 -9999 -9999 -9999 -9999 -9999 -9999 -9999 -9999 -9999 -9999 -9999 -9999 -9999 -9999 -9999 -9999 -9999 -9999 108.116 108.285 108.732 108.416 108.653 108.566 108.458 108.299 108.096 107.914 107.747 107.593 107.449 107.314 107.185 107.061 106.937 106.808 106.676 106.54 106.402 106.261 106.116 105.977 105.858 105.746 105.633 105.534 105.447 105.366 105.284 105.201 105.117 105.03 104.939 104.842
-9999 -9999 -9999 -9999 -9999 -9999 -9999 -9999 -9999 -9999 -9999 -9999 -9999 -9999 -9999 -9999 -9999 -9999 -9999 -9999 -9999 -9999 -9999 -9999 -9999 -9999 -9999 -9999 -9999 -9999 -9999 -9999 -9999 -9999 -9999 -9999 -9999 -9999 107.702 108.152 108.73 108.66 108.559 108.502 108.431 108.246 108.056 107.878 107.714 107.563 107.421 107.287 107.16 107.037 106.915 106.786 106.653 106.517 106.378 106.236 106.089 105.937 105.784 105.658 105.555 105.461 105.377 105.292 105.207 105.121 105.032 104.941 104.845 104.744
-9999 -9999 -9999 -9999 -9999 -9999 -9999 -9999 -9999 -9999 -9999 -9999 -9999 -9999 -9999 -9999 -9999 -9999 -9999 -9999 -9999 -9999 -9999 -9999 -9999 -9999 -9999 -9999 -9999 -9999 -9999 -9999 -9999 -9999 -9999 -9999 -9999 -9999 107.918 108.28 108.389 108.293 108.202 108.221 108.31 108.203 108.022 107.847 107.686 107.536 107.395 107.262 107.134 107.01 106.886 106.758 106.626 106.49 106.351 106.208 106.06 105.906 105.745 105.591 105.48 105.391 105.304 105.215 105.126 105.036 104.943 104.848 104.747 104.641
-9999 -9999 -9999 -9999 -9999 -9999 -9999 -9999 -9999 -9999 -9999 -9999 -9999 -9999 -9999 -9999 -9999 -9999 -9999 -9999 -9999 -9999 -9999 -9999 -9999 -9999 -9999 -9999 -9999 -9999 -9999 -9999 -9999 -9999 -9999 -9999 -9999 -9999 -9999 107.814 107.778 107.672 107.533 107.773 108.29 108.165 107.992 107.821 107.662 107.513 107.372 107.238 107.108 106.982 106.856 106.728 106.596 106.46 106.321 106.177 106.027 105.871 105.719 105.567 105.423 105.318 105.226 105.134 105.041 104.946 104.849 104.749 -9999 104.531
