Validation/Results/ReClimate_06_2024_1_Precipitation-Actualsweatherlogisticsltd.asc
NCOLS 192
NROWS 249
XLLCENTER -225160.85627316462
YLLCENTER 29788.11610251502
CELLSIZE 5000.0
NODATA_VALUE -9999
[rows 66 to 98 of 249, columns 74 to 147 of 192]
-9999 -9999 -9999 -9999 -9999 -9999 -9999 -9999 -9999 -9999 -9999 95.525 -9999 113.585 148.968 157.442 147.26 165.307 135.637 120.612 99.462 92.272 75.04 78.828 87.675 84.385 85.573 88.864 88.017 92.307 78.639 68.947 -9999 -9999 -9999 -9999 -9999 -9999 -9999 -9999 -9999 -9999 -9999 -9999 -9999 -9999 -9999 -9999 -9999 -9999 -9999 -9999 -9999 -9999 -9999 -9999 -9999 -9999 -9999 -9999 -9999 -9999 -9999 -9999 -9999 -9999 -9999 -9999 -9999 -9999 -9999 -9999 -9999 -9999
-9999 -9999 -9999 -9999 -9999 -9999 -9999 -9999 -9999 -9999 -9999 -9999 99.895 146.316 149.005 141.116 139.02 135.944 130.686 121.754 106.431 91.28 84.049 77.474 80.984 79.758 85.881 89.524 90.701 79.185 -9999 -9999 -9999 -9999 -9999 -9999 -9999 -9999 -9999 -9999 -9999 -9999 -9999 -9999 -9999 -9999 -9999 -9999 -9999 -9999 -9999 -9999 -9999 -9999 -9999 -9999 -9999 -9999 -9999 -9999 -9999 -9999 -9999 -9999 -9999 -9999 -9999 -9999 -9999 -9999 -9999 -9999 -9999 -9999
-9999 -9999 -9999 -9999 -9999 -9999 -9999 -9999 -9999 -9999 -9999 -9999 120.27 140.466 131.349 118.349 127.139 129.78 113.653 106.787 95.552 84.296 84.657 79.966 87.131 88.275 84.346 89.471 80.084 66.078 -9999 -9999 -9999 -9999 -9999 -9999 -9999 -9999 -9999 -9999 -9999 -9999 -9999 -9999 -9999 -9999 -9999 -9999 -9999 -9999 -9999 -9999 -9999 -9999 -9999 -9999 -9999 -9999 -9999 -9999 -9999 -9999 -9999 -9999 -9999 -9999 -9999 -9999 -9999 -9999 -9999 -9999 -9999 -9999
-9999 -9999 -9999 -9999 -9999 -9999 -9999 -9999 -9999 -9999 -9999 -9999 -9999 -9999 114.576 124.721 128.361 111.463 106.376 110.307 103.745 92.411 79.621 81.483 95.355 92.099 87.066 71.525 -9999 -9999 -9999 -9999 -9999 -9999 -9999 -9999 -9999 -9999 -9999 -9999 -9999 -9999 -9999 -9999 -9999 -9999 -9999 -9999 -9999 -9999 -9999 -9999 -9999 -9999 -9999 -9999 -9999 -9999 -9999 -9999 -9999 -9999 -9999 -9999 -9999 -9999 -9999 -9999 -9999 -9999 -9999 -9999 -9999 -9999
-9999 -9999 -9999 -9999 -9999 -9999 -9999 -9999 90.142 -9999 -9999 106.05 117.237 114.046 111.066 134.538 124.828 117.762 118.029 117.203 100.413 86.113 71.194 84.825 91.728 100.589 85.333 76.041 -9999 -9999 -9999 -9999 -9999 -9999 -9999 -9999 -9999 -9999 -9999 -9999 -9999 -9999 -9999 -9999 -9999 -9999 -9999 -9999 -9999 -9999 -9999 -9999 -9999 -9999 -9999 -9999 -9999 -9999 -9999 -9999 -9999 -9999 -9999 -9999 -9999 -9999 -9999 -9999 -9999 -9999 -9999 -9999 -9999 -9999
-9999 -9999 -9999 -9999 -9999 -9999 88.415 88.292 95.327 96.688 111.919 118.16 132.957 135.009 133.476 111.529 134.537 134.633 123.467 109.439 92.525 95.218 105.387 83.795 87.739 81.223 78.107 78.677 -9999 -9999 -9999 -9999 -9999 -9999 -9999 -9999 -9999 -9999 -9999 -9999 -9999 -9999 -9999 -9999 -9999 -9999 -9999 -9999 -9999 -9999 -9999 -9999 -9999 -9999 -9999 -9999 -9999 -9999 -9999 -9999 -9999 -9999 -9999 -9999 -9999 -9999 -9999 -9999 -9999 -9999 -9999 -9999 -9999 -9999
-9999 -9999 -9999 -9999 -9999 -9999 88.368 99.765 -9999 113.214 128.329 138.535 139.067 155.534 115.462 128.265 144.545 146.649 138.223 111.423 111.876 121.584 98.411 94.12 98.126 82.16 83.547 -9999 75.661 -9999 -9999 -9999 -9999 -9999 -9999 -9999 -9999 -9999 -9999 -9999 -9999 -9999 -9999 -9999 -9999 -9999 -9999 -9999 -9999 -9999 -9999 -9999 -9999 -9999 -9999 -9999 -9999 -9999 -9999 -9999 -9999 -9999 -9999 -9999 -9999 -9999 -9999 -9999 -9999 -9999 -9999 -9999 -9999 -9999
-9999 -9999 -9999 -9999 -9999 -9999 -9999 114.523 120.589 125.067 142.306 139.263 160.805 131.736 123.699 124.707 127.752 132.726 125.523 107.737 110.462 106.832 85.548 93.378 90.911 84.295 79.372 71.378 73.91 -9999 -9999 -9999 -9999 -9999 -9999 -9999 -9999 -9999 -9999 -9999 -9999 -9999 -9999 -9999 -9999 -9999 -9999 -9999 -9999 -9999 -9999 -9999 -9999 -9999 -9999 -9999 -9999 -9999 -9999 -9999 -9999 -9999 -9999 -9999 -9999 -9999 -9999 -9999 -9999 -9999 -9999 -9999 -9999 -9999
94.847 -9999 -9999 -9999 -9999 -9999 -9999 -9999 123.141 131.128 138.158 175.095 160.885 151.083 137.345 146.005 152.179 127.125 99.709 100.188 118.003 105.662 88.9 91.576 81.942 82.314 72.277 74.396 83.283 -9999 -9999 -9999 -9999 -9999 -9999 -9999 -9999 -9999 -9999 -9999 -9999 -9999 -9999 -9999 -9999 -9999 -9999 -9999 -9999 -9999 -9999 -9999 -9999 -9999 -9999 -9999 -9999 -9999 -9999 -9999 -9999 -9999 -9999 -9999 -9999 -9999 -9999 -9999 -9999 -9999 -9999 -9999 -9999 -9999
105.491 -9999 -9999 -9999 -9999 -9999 114.767 123.597 141.569 143.047 146.4 143.205 165.845 155.825 153.063 151.78 129.643 110.214 110.099 99.126 113.638 129.701 96.733 79.147 72.987 76.842 -9999 80.222 -9999 -9999 -9999 -9999 -9999 -9999 89.27 85.889 88.542 -9999 -9999 -9999 -9999 -9999 -9999 -9999 -9999 -9999 -9999 -9999 -9999 -9999 -9999 -9999 -9999 -9999 -9999 -9999 -9999 -9999 -9999 -9999 -9999 -9999 -9999 -9999 -9999 -9999 -9999 -9999 -9999 -9999 -9999 -9999 -9999 -9999
108.069 92.685 -9999 -9999 -9999 -9999 -9999 135.213 150.986 155.572 142.822 153.147 139.477 150.104 145.187 141.565 115.003 105.912 89.762 105.218 132.425 109.002 85.149 75.836 85.366 88.279 81.09 -9999 -9999 -9999 -9999 77.64 78.317 84.501 91.623 90.476 90.702 99.743 102.191 99.26 102.744 103.641 95.226 87.479 84.485 92.069 103.235 103.478 93.728 84.174 80.743 82.85 85.74 -9999 -9999 -9999 -9999 -9999 -9999 -9999 -9999 -9999 -9999 -9999 -9999 -9999 -9999 -9999 -9999 -9999 -9999 -9999 -9999 -9999
134.245 130.736 -9999 -9999 -9999 115.047 -9999 123.768 130.158 156.61 190.041 169.968 146.397 130.822 139.12 125.438 121.622 109.415 109.155 97.993 89.576 87.551 81.425 83.895 96.078 88.774 -9999 -9999 -9999 -9999 89.887 85.168 88.128 100.339 109.9 98.39 100.367 119.031 123.301 115.056 116.68 114.391 110.613 99.803 99.642 101.789 103.17 102.37 95.991 88.64 92.272 96.846 87.514 -9999 -9999 -9999 -9999 -9999 -9999 -9999 -9999 -9999 -9999 -9999 -9999 -9999 -9999 -9999 -9999 -9999 -9999 -9999 -9999 -9999
141.069 132.784 -9999 -9999 -9999 118.771 120.643 108.367 135.465 190.013 192.923 189.899 151.357 147.413 134.271 125.801 111.881 107.602 114.16 100.043 99.27 82.699 77.792 90.129 82.978 -9999 -9999 87.265 88.716 91.942 97.412 102.003 108.175 124.644 125.558 124.232 125.286 126.893 116.251 117.004 114.205 109.022 108.386 114.147 106.229 104.864 104.734 104.802 93.849 95.676 103.613 96.551 91.486 90.153 -9999 -9999 -9999 -9999 -9999 -9999 -9999 -9999 -9999 -9999 -9999 -9999 -9999 -9999 -9999 -9999 -9999 -9999 -9999 -9999
126.39 121.378 -9999 111.806 -9999 111.375 114.83 146.067 180.769 168.738 197.059 183.611 173.816 162.914 149.205 140.906 121.807 117.216 110.137 112.206 96.162 82.686 70.919 72.293 77.025 -9999 98.963 104.847 105.873 106.361 110.255 116.818 125.702 131.627 130.135 134.826 128.817 123.081 125.851 126.862 118.886 111.441 110.695 108.486 114.456 109.569 110.169 106.39 100.084 98.603 99.328 98.021 93.586 94.779 -9999 -9999 -9999 -9999 -9999 -9999 -9999 -9999 -9999 -9999 -9999 -9999 -9999 -9999 -9999 -9999 -9999 -9999 -9999 -9999
120.668 -9999 111.259 -9999 -9999 -9999 154.351 213.837 173.207 167.213 151.553 163.005 163.645 154.477 148.235 135.704 144.232 133.702 121.68 102.364 88.88 76.458 77.888 98.884 91.29 98.148 116.55 128.011 132.547 122.803 122.634 128.369 136.551 139.59 135.139 115.749 116.911 119.176 120.312 127.997 118.737 111.951 107.327 111.607 115.078 111.314 101.202 110.731 107.279 109.319 108.84 106.576 102.497 101.418 -9999 -9999 -9999 -9999 -9999 -9999 -9999 -9999 -9999 -9999 -9999 -9999 -9999 -9999 -9999 -9999 -9999 -9999 -9999 -9999
132.192 115.55 -9999 -9999 -9999 -9999 166.081 162.518 145.226 -9999 148.426 164.143 167.595 146.082 129.193 124.899 114.646 106.803 112.204 107.735 106.567 99.829 110.851 120.043 101.844 114.566 121.427 138.245 151.206 139.186 120.455 123.933 139.249 145.813 122.079 115.111 137.55 129.675 134.357 133.67 126.789 123.734 113.67 126.428 131.248 108.474 109.411 110.945 114.0 110.127 114.595 117.504 107.706 104.844 -9999 -9999 -9999 -9999 -9999 -9999 -9999 -9999 -9999 -9999 -9999 -9999 -9999 -9999 -9999 -9999 -9999 -9999 -9999 -9999
161.627 146.48 -9999 -9999 -9999 128.268 -9999 -9999 125.28 131.778 156.319 182.731 180.336 160.97 153.188 126.743 106.893 100.961 94.165 96.803 102.42 105.276 118.791 106.908 125.495 110.576 136.95 133.977 137.76 143.831 125.366 124.347 131.573 125.269 120.478 141.515 145.242 144.102 133.108 130.24 138.201 127.557 126.668 138.711 122.913 112.91 116.229 122.477 112.037 108.567 111.744 118.123 110.503 -9999 -9999 -9999 -9999 -9999 -9999 -9999 -9999 -9999 -9999 -9999 -9999 -9999 -9999 -9999 -9999 -9999 -9999 -9999 -9999 -9999
189.06 178.094 145.591 124.328 -9999 -9999 -9999 142.771 122.741 -9999 155.865 159.588 162.034 168.32 159.502 150.205 124.088 97.12 97.646 103.45 106.079 102.532 91.005 125.611 120.865 135.803 129.407 121.373 133.456 135.653 114.095 115.397 117.222 126.102 152.64 141.727 150.472 157.849 130.872 130.706 125.303 119.153 122.79 120.489 117.155 115.168 121.993 118.773 118.764 109.217 109.081 113.479 -9999 -9999 -9999 -9999 -9999 -9999 -9999 -9999 -9999 -9999 -9999 -9999 -9999 -9999 -9999 -9999 -9999 -9999 -9999 -9999 -9999 -9999
197.863 184.805 150.381 133.315 -9999 130.677 139.675 145.845 147.297 169.63 166.245 163.262 179.168 185.456 157.651 121.4 120.164 115.085 123.541 121.99 116.528 103.476 104.48 125.866 152.482 147.002 120.786 117.1 126.053 102.962 103.898 119.454 133.222 149.436 129.909 133.491 153.28 154.659 154.391 144.274 145.122 119.85 128.815 129.731 136.544 148.145 123.516 120.367 124.788 119.462 110.862 113.062 -9999 -9999 -9999 -9999 -9999 -9999 -9999 -9999 -9999 -9999 -9999 -9999 -9999 -9999 -9999 -9999 -9999 -9999 -9999 -9999 -9999 -9999
179.329 168.446 145.91 136.706 141.827 138.163 156.838 -9999 155.38 174.16 195.265 206.827 194.319 176.514 142.395 154.238 134.466 128.244 117.705 109.572 114.864 103.305 114.559 151.273 164.445 133.059 119.615 131.92 111.233 116.712 105.696 118.709 133.232 135.837 139.314 144.336 162.767 171.629 146.6 137.159 132.688 122.445 124.322 122.464 131.001 123.96 116.874 122.618 124.711 119.916 116.516 -9999 -9999 -9999 -9999 -9999 -9999 -9999 -9999 -9999 -9999 -9999 -9999 -9999 -9999 -9999 -9999 -9999 -9999 -9999 -9999 -9999 -9999 -9999
174.948 -9999 -9999 -9999 133.219 150.523 -9999 159.104 179.371 211.579 219.192 191.691 188.512 174.336 177.925 155.662 117.844 106.716 119.673 135.514 111.963 120.965 144.108 166.995 163.375 150.439 154.826 126.454 136.146 118.519 117.738 149.996 144.649 160.632 153.958 159.844 167.589 150.292 124.238 125.318 128.93 139.816 136.601 121.228 128.107 126.059 124.689 126.964 125.034 122.338 120.267 -9999 -9999 -9999 -9999 -9999 -9999 -9999 -9999 -9999 -9999 -9999 -9999 -9999 -9999 -9999 -9999 -9999 -9999 -9999 -9999 -9999 -9999 -9999
-9999 -9999 -9999 117.168 140.705 -9999 147.383 170.579 -9999 193.018 180.223 201.134 196.795 203.438 177.088 144.712 143.843 140.666 124.902 114.08 144.889 147.499 152.08 175.831 178.865 171.382 147.843 124.082 109.826 108.596 143.866 156.904 175.256 175.139 158.509 149.401 153.194 138.512 137.448 132.375 137.318 142.445 130.201 134.699 144.365 151.214 139.804 129.711 134.234 134.99 123.364 -9999 -9999 -9999 -9999 -9999 -9999 -9999 -9999 -9999 -9999 -9999 -9999 -9999 -9999 -9999 -9999 -9999 -9999 -9999 -9999 -9999 -9999 -9999
-9999 -9999 -9999 113.343 -9999 -9999 158.882 178.631 194.404 178.406 196.515 196.943 181.867 167.45 156.86 139.164 125.09 113.907 126.739 165.542 181.095 172.551 174.749 182.035 175.984 146.72 108.68 102.962 127.576 164.856 175.279 222.679 216.505 180.616 166.23 168.257 146.048 141.305 136.193 136.715 132.229 131.717 134.28 132.577 158.331 175.37 146.592 130.469 131.476 131.724 126.07 -9999 -9999 -9999 -9999 -9999 -9999 -9999 -9999 -9999 -9999 -9999 -9999 -9999 -9999 -9999 -9999 -9999 -9999 -9999 -9999 -9999 -9999 -9999
-9999 -9999 -9999 -9999 -9999 -9999 -9999 202.51 216.192 200.717 206.213 199.645 171.148 182.17 169.763 153.646 153.091 162.554 175.558 182.724 182.734 156.711 152.282 159.737 151.11 116.177 103.465 126.276 152.053 176.716 222.061 203.249 198.243 178.082 175.449 155.833 142.463 145.135 142.418 124.09 122.638 131.537 125.164 135.615 157.654 143.855 132.353 132.066 140.625 137.598 -9999 -9999 -9999 -9999 -9999 -9999 -9999 -9999 -9999 -9999 -9999 -9999 -9999 -9999 -9999 -9999 -9999 -9999 -9999 -9999 -9999 -9999 -9999 -9999
-9999 -9999 -9999 -9999 -9999 130.039 156.922 -9999 225.215 217.604 228.72 193.021 169.691 167.045 169.448 191.286 197.345 178.954 155.785 160.118 151.652 149.985 133.453 134.266 117.762 101.906 127.911 136.829 156.257 187.266 185.38 188.451 151.523 149.136 142.369 115.184 124.6 147.964 158.95 160.764 154.088 154.082 172.717 159.928 135.452 143.314 152.336 152.685 148.811 131.922 -9999 -9999 -9999 -9999 -9999 -9999 -9999 -9999 -9999 -9999 -9999 -9999 -9999 -9999 -9999 -9999 -9999 -9999 -9999 -9999 -9999 -9999 -9999 -9999
-9999 -9999 -9999 -9999 124.644 130.038 169.28 192.669 223.685 234.956 224.591 200.716 167.382 149.477 160.426 161.252 170.37 186.434 178.351 184.447 184.545 119.734 125.932 119.688 113.326 120.169 138.479 141.287 154.543 154.067 161.286 149.625 140.549 140.715 163.762 166.435 183.684 179.271 169.329 197.468 216.05 208.839 192.829 167.108 167.957 169.832 162.933 149.71 133.944 -9999 -9999 -9999 -9999 -9999 -9999 -9999 -9999 -9999 -9999 -9999 -9999 -9999 -9999 -9999 -9999 -9999 -9999 -9999 -9999 -9999 -9999 -9999 -9999 -9999
-9999 -9999 -9999 -9999 124.649 -9999 156.81 173.412 196.972 219.811 214.934 166.907 155.113 163.281 140.701 146.533 155.521 160.03 173.047 166.447 127.62 136.954 152.662 137.11 125.108 167.626 151.233 148.228 161.517 169.894 168.905 167.424 161.134 186.769 189.912 203.92 210.722 155.993 178.92 192.905 172.213 184.25 197.1 181.693 175.603 166.445 145.439 141.886 134.922 -9999 -9999 -9999 -9999 -9999 -9999 -9999 -9999 -9999 -9999 -9999 -9999 -9999 -9999 -9999 -9999 -9999 -9999 -9999 -9999 -9999 -9999 -9999 -9999 -9999
-9999 -9999 -9999 -9999 -9999 -9999 173.861 189.62 178.984 189.875 168.301 141.844 139.646 126.637 135.679 139.444 141.976 156.679 137.141 145.979 151.647 173.814 148.007 118.864 156.17 180.081 158.242 165.793 159.197 179.302 169.187 168.643 212.722 212.07 207.525 233.671 213.91 209.344 213.859 197.763 183.211 176.845 164.4 173.626 179.184 156.081 140.624 136.542 134.896 -9999 -9999 -9999 -9999 -9999 -9999 -9999 -9999 -9999 -9999 -9999 -9999 -9999 -9999 -9999 -9999 -9999 -9999 -9999 -9999 -9999 -9999 -9999 -9999 -9999
-9999 -9999 -9999 -9999 129.329 148.893 180.103 176.941 171.893 190.134 163.527 164.755 161.771 -9999 168.839 215.375 200.305 177.268 169.737 185.301 187.974 182.344 166.97 157.219 160.383 155.202 153.04 135.573 144.493 168.691 161.399 198.016 182.963 180.982 174.321 198.267 217.07 207.859 180.64 198.285 193.31 169.111 181.773 164.573 153.738 148.478 147.506 144.449 122.392 -9999 -9999 -9999 -9999 -9999 -9999 -9999 -9999 -9999 -9999 -9999 -9999 -9999 -9999 -9999 -9999 -9999 -9999 -9999 -9999 -9999 -9999 -9999 -9999 -9999
136.759 111.698 118.975 121.805 -9999 133.532 157.652 170.911 179.813 185.248 186.549 183.871 -9999 187.851 228.383 219.943 218.718 190.378 182.392 170.902 185.287 181.364 175.525 156.074 137.629 133.954 128.768 110.429 136.131 139.81 171.116 174.169 171.38 161.384 156.732 168.605 178.006 167.414 177.898 186.865 187.4 181.408 143.379 141.036 141.641 149.081 157.201 127.931 -9999 -9999 -9999 -9999 -9999 -9999 -9999 -9999 -9999 -9999 -9999 -9999 -9999 -9999 -9999 -9999 -9999 -9999 -9999 -9999 -9999 -9999 -9999 -9999 -9999 -9999
113.291 114.563 121.702 127.297 127.164 -9999 149.066 160.347 160.659 180.681 178.532 170.602 173.673 202.295 208.383 198.954 214.275 198.752 185.362 170.829 167.274 151.731 149.384 126.439 124.749 149.399 120.814 121.953 120.359 131.818 148.885 172.595 154.248 139.228 150.568 172.624 163.683 162.83 155.148 178.352 171.053 141.635 133.38 139.479 142.638 141.088 -9999 -9999 -9999 -9999 -9999 -9999 -9999 -9999 -9999 -9999 -9999 -9999 -9999 -9999 -9999 -9999 -9999 -9999 -9999 -9999 -9999 -9999 -9999 -9999 -9999 -9999 -9999 -9999
-9999 -9999 -9999 132.745 -9999 148.156 159.808 163.02 187.345 186.771 -9999 -9999 196.028 191.51 185.569 225.215 212.396 205.924 182.125 170.071 126.195 118.293 109.845 103.13 116.895 121.84 131.242 112.597 125.739 128.256 138.258 145.733 141.293 137.561 151.809 160.35 160.927 147.629 153.901 152.255 133.3 119.729 127.522 140.158 131.598 -9999 -9999 -9999 -9999 -9999 -9999 -9999 -9999 -9999 -9999 -9999 -9999 -9999 -9999 -9999 -9999 -9999 -9999 -9999 -9999 -9999 -9999 -9999 -9999 -9999 -9999 -9999 -9999 -9999
119.484 125.445 -9999 137.595 155.697 147.135 157.552 170.849 176.438 -9999 -9999 177.669 229.282 229.556 239.63 211.858 205.706 194.408 172.931 145.756 134.479 130.954 133.685 123.368 139.694 173.094 143.201 121.713 127.396 118.22 120.239 125.345 142.29 148.925 145.571 147.204 147.303 136.487 131.972 125.94 119.321 120.379 130.567 134.4 134.17 129.512 -9999 -9999 -9999 -9999 -9999 -9999 -9999 -9999 -9999 -9999 -9999 -9999 -9999 -9999 -9999 -9999 -9999 -9999 -9999 -9999 -9999 -9999 -9999 -9999 -9999 -9999 -9999 -9999
