Validation/Results/ReClimate_04_2024_2.asc
NCOLS 192
NROWS 249
XLLCENTER -225160.85627316462
YLLCENTER 29788.11610251502
CELLSIZE 5000.0
NODATA_VALUE -9999
[rows 66 to 98 of 249, columns 74 to 147 of 192]
-9999 -9999 -9999 -9999 -9999 -9999 -9999 -9999 -9999 -9999 -9999 97.122 -9999 97.035 96.99 96.948 96.912 96.898 96.925 96.951 96.974 96.992 97.007 97.018 97.027 97.033 97.035 97.036 97.033 97.029 97.023 97.018 -9999 -9999 -9999 -9999 -9999 -9999 -9999 -9999 -9999 -9999 -9999 -9999 -9999 -9999 -9999 -9999 -9999 -9999 -9999 -9999 -9999 -9999 -9999 -9999 -9999 -9999 -9999 -9999 -9999 -9999 -9999 -9999 -9999 -9999 -9999 -9999 -9999 -9999 -9999 -9999 -9999 -9999
-9999 -9999 -9999 -9999 -9999 -9999 -9999 -9999 -9999 -9999 -9999 -9999 97.085 97.038 96.994 96.961 96.964 96.998 97.027 97.051 97.072 97.09 97.104 97.115 97.123 97.129 97.132 97.134 97.133 97.129 -9999 -9999 -9999 -9999 -9999 -9999 -9999 -9999 -9999 -9999 -9999 -9999 -9999 -9999 -9999 -9999 -9999 -9999 -9999 -9999 -9999 -9999 -9999 -9999 -9999 -9999 -9999 -9999 -9999 -9999 -9999 -9999 -9999 -9999 -9999 -9999 -9999 -9999 -9999 -9999 -9999 -9999 -9999 -9999
-9999 -9999 -9999 -9999 -9999 -9999 -9999 -9999 -9999 -9999 -9999 -9999 97.09 97.048 97.01 97.028 97.065 97.096 97.124 97.147 97.166 97.182 97.196 97.207 97.215 97.221 97.225 97.227 97.227 97.224 -9999 -9999 -9999 -9999 -9999 -9999 -9999 -9999 -9999 -9999 -9999 -9999 -9999 -9999 -9999 -9999 -9999 -9999 -9999 -9999 -9999 -9999 -9999 -9999 -9999 -9999 -9999 -9999 -9999 -9999 -9999 -9999 -9999 -9999 -9999 -9999 -9999 -9999 -9999 -9999 -9999 -9999 -9999 -9999
-9999 -9999 -9999 -9999 -9999 -9999 -9999 -9999 -9999 -9999 -9999 -9999 -9999 -9999 97.087 97.127 97.161 97.191 97.216 97.238 97.256 97.272 97.285 97.295 97.303 97.309 97.314 97.317 -9999 -9999 -9999 -9999 -9999 -9999 -9999 -9999 -9999 -9999 -9999 -9999 -9999 -9999 -9999 -9999 -9999 -9999 -9999 -9999 -9999 -9999 -9999 -9999 -9999 -9999 -9999 -9999 -9999 -9999 -9999 -9999 -9999 -9999 -9999 -9999 -9999 -9999 -9999 -9999 -9999 -9999 -9999 -9999 -9999 -9999
-9999 -9999 -9999 -9999 -9999 -9999 -9999 -9999 97.212 -9999 -9999 97.148 97.127 97.142 97.185 97.222 97.255 97.282 97.306 97.326 97.344 97.358 97.371 97.381 97.389 97.395 97.4 97.403 -9999 -9999 -9999 -9999 -9999 -9999 -9999 -9999 -9999 -9999 -9999 -9999 -9999 -9999 -9999 -9999 -9999 -9999 -9999 -9999 -9999 -9999 -9999 -9999 -9999 -9999 -9999 -9999 -9999 -9999 -9999 -9999 -9999 -9999 -9999 -9999 -9999 -9999 -9999 -9999 -9999 -9999 -9999 -9999 -9999 -9999
-9999 -9999 -9999 -9999 -9999 -9999 97.445 97.379 97.208 97.191 97.175 97.16 97.193 97.24 97.281 97.316 97.346 97.372 97.394 97.413 97.429 97.443 97.455 97.464 97.472 97.478 97.483 97.487 -9999 -9999 -9999 -9999 -9999 -9999 -9999 -9999 -9999 -9999 -9999 -9999 -9999 -9999 -9999 -9999 -9999 -9999 -9999 -9999 -9999 -9999 -9999 -9999 -9999 -9999 -9999 -9999 -9999 -9999 -9999 -9999 -9999 -9999 -9999 -9999 -9999 -9999 -9999 -9999 -9999 -9999 -9999 -9999 -9999 -9999
-9999 -9999 -9999 -9999 -9999 -9999 97.678 97.395 -9999 97.249 97.237 97.268 97.324 97.35 97.376 97.408 97.436 97.46 97.481 97.499 97.514 97.527 97.538 97.546 97.554 97.56 97.565 -9999 97.574 -9999 -9999 -9999 -9999 -9999 -9999 -9999 -9999 -9999 -9999 -9999 -9999 -9999 -9999 -9999 -9999 -9999 -9999 -9999 -9999 -9999 -9999 -9999 -9999 -9999 -9999 -9999 -9999 -9999 -9999 -9999 -9999 -9999 -9999 -9999 -9999 -9999 -9999 -9999 -9999 -9999 -9999 -9999 -9999 -9999
-9999 -9999 -9999 -9999 -9999 -9999 -9999 97.561 97.468 97.452 97.465 97.536 97.579 97.598 97.6 97.597 97.589 97.577 97.569 97.585 97.599 97.61 97.62 97.628 97.635 97.64 97.645 97.649 97.654 -9999 -9999 -9999 -9999 -9999 -9999 -9999 -9999 -9999 -9999 -9999 -9999 -9999 -9999 -9999 -9999 -9999 -9999 -9999 -9999 -9999 -9999 -9999 -9999 -9999 -9999 -9999 -9999 -9999 -9999 -9999 -9999 -9999 -9999 -9999 -9999 -9999 -9999 -9999 -9999 -9999 -9999 -9999 -9999 -9999
98.281 -9999 -9999 -9999 -9999 -9999 -9999 -9999 97.711 97.708 97.768 97.826 97.868 97.884 97.869 97.844 97.815 97.782 97.759 97.734 97.708 97.694 97.703 97.711 97.716 97.721 97.725 97.729 97.735 -9999 -9999 -9999 -9999 -9999 -9999 -9999 -9999 -9999 -9999 -9999 -9999 -9999 -9999 -9999 -9999 -9999 -9999 -9999 -9999 -9999 -9999 -9999 -9999 -9999 -9999 -9999 -9999 -9999 -9999 -9999 -9999 -9999 -9999 -9999 -9999 -9999 -9999 -9999 -9999 -9999 -9999 -9999 -9999 -9999
98.626 -9999 -9999 -9999 -9999 -9999 98.26 98.109 97.999 97.992 98.05 98.097 98.133 98.148 98.14 98.104 98.065 98.024 97.98 97.934 97.89 97.855 97.819 97.794 97.799 97.803 -9999 97.809 -9999 -9999 -9999 -9999 -9999 -9999 97.903 97.921 97.941 -9999 -9999 -9999 -9999 -9999 -9999 -9999 -9999 -9999 -9999 -9999 -9999 -9999 -9999 -9999 -9999 -9999 -9999 -9999 -9999 -9999 -9999 -9999 -9999 -9999 -9999 -9999 -9999 -9999 -9999 -9999 -9999 -9999 -9999 -9999 -9999 -9999
99.027 98.947 -9999 -9999 -9999 -9999 -9999 98.402 98.337 98.328 98.325 98.352 98.378 98.395 98.388 98.358 98.309 98.26 98.209 98.157 98.103 98.048 97.992 97.95 97.91 97.888 97.889 -9999 -9999 -9999 -9999 97.931 97.947 97.971 97.999 98.022 98.042 98.057 98.071 98.083 98.091 98.098 98.101 98.101 98.097 98.09 98.078 98.074 98.052 98.024 97.986 97.966 98.048 -9999 -9999 -9999 -9999 -9999 -9999 -9999 -9999 -9999 -9999 -9999 -9999 -9999 -9999 -9999 -9999 -9999 -9999 -9999 -9999 -9999
99.4 99.313 -9999 -9999 -9999 98.958 -9999 98.738 98.705 98.663 98.633 98.61 98.612 98.623 98.621 98.599 98.551 98.493 98.434 98.376 98.317 98.257 98.196 98.133 98.074 98.026 -9999 -9999 -9999 -9999 98.036 98.034 98.068 98.101 98.13 98.156 98.179 98.198 98.215 98.228 98.239 98.247 98.253 98.256 98.256 98.254 98.248 98.239 98.226 98.207 98.182 98.161 98.147 -9999 -9999 -9999 -9999 -9999 -9999 -9999 -9999 -9999 -9999 -9999 -9999 -9999 -9999 -9999 -9999 -9999 -9999 -9999 -9999 -9999
99.75 99.654 -9999 -9999 -9999 99.268 99.171 99.093 99.045 98.994 98.939 98.891 98.855 98.84 98.837 98.82 98.786 98.725 98.66 98.595 98.53 98.465 98.4 98.334 98.267 -9999 -9999 98.112 98.107 98.124 98.139 98.175 98.211 98.245 98.276 98.304 98.328 98.35 98.368 98.384 98.397 98.409 98.418 98.425 98.43 98.433 98.435 98.434 98.431 98.425 98.415 98.407 98.389 98.373 -9999 -9999 -9999 -9999 -9999 -9999 -9999 -9999 -9999 -9999 -9999 -9999 -9999 -9999 -9999 -9999 -9999 -9999 -9999 -9999
100.08 99.977 -9999 99.777 -9999 99.581 99.484 99.414 99.358 99.299 99.237 99.172 99.113 99.067 99.042 99.028 99.0 98.957 98.887 98.815 98.745 98.675 98.606 98.538 98.471 -9999 98.39 98.32 98.274 98.263 98.29 98.324 98.358 98.392 98.423 98.451 98.476 98.499 98.519 98.537 98.552 98.566 98.578 98.589 98.599 98.607 98.615 98.622 98.628 98.633 98.638 98.647 98.651 98.655 -9999 -9999 -9999 -9999 -9999 -9999 -9999 -9999 -9999 -9999 -9999 -9999 -9999 -9999 -9999 -9999 -9999 -9999 -9999 -9999
100.394 -9999 100.18 -9999 -9999 -9999 99.782 99.713 99.649 99.584 99.516 99.446 99.373 99.307 99.253 99.223 99.201 99.164 99.114 99.04 98.964 98.889 98.817 98.75 98.701 98.648 98.597 98.533 98.483 98.454 98.446 98.476 98.508 98.54 98.57 98.599 98.624 98.648 98.669 98.688 98.705 98.721 98.736 98.75 98.764 98.777 98.79 98.804 98.819 98.834 98.852 98.872 98.902 98.933 -9999 -9999 -9999 -9999 -9999 -9999 -9999 -9999 -9999 -9999 -9999 -9999 -9999 -9999 -9999 -9999 -9999 -9999 -9999 -9999
100.694 100.579 -9999 -9999 -9999 -9999 100.068 99.995 99.924 -9999 99.779 99.705 99.628 99.549 99.478 99.421 99.389 99.36 99.316 99.263 99.188 99.11 99.042 98.995 98.945 98.88 98.817 98.759 98.706 98.659 98.636 98.63 98.66 98.691 98.72 98.747 98.773 98.796 98.818 98.838 98.856 98.874 98.891 98.908 98.925 98.943 98.962 98.982 99.005 99.03 99.06 99.095 99.145 99.175 -9999 -9999 -9999 -9999 -9999 -9999 -9999 -9999 -9999 -9999 -9999 -9999 -9999 -9999 -9999 -9999 -9999 -9999 -9999 -9999
100.98 100.864 -9999 -9999 -9999 100.428 -9999 -9999 100.185 100.108 100.03 99.952 99.872 99.791 99.706 99.634 99.576 99.543 99.508 99.462 99.409 99.35 99.297 99.242 99.171 99.101 99.037 98.979 98.926 98.878 98.836 98.816 98.814 98.842 98.87 98.897 98.922 98.945 98.966 98.987 99.006 99.025 99.044 99.064 99.085 99.106 99.13 99.157 99.187 99.222 99.264 99.319 99.372 -9999 -9999 -9999 -9999 -9999 -9999 -9999 -9999 -9999 -9999 -9999 -9999 -9999 -9999 -9999 -9999 -9999 -9999 -9999 -9999 -9999
101.245 101.139 101.023 100.911 -9999 -9999 -9999 100.517 100.436 -9999 100.272 100.19 100.107 100.023 99.937 99.851 99.78 99.726 99.688 99.651 99.618 99.59 99.549 99.468 99.389 99.317 99.252 99.192 99.139 99.091 99.047 99.009 98.992 98.995 99.022 99.047 99.071 99.094 99.115 99.135 99.155 99.176 99.197 99.219 99.242 99.268 99.297 99.33 99.368 99.412 99.465 99.535 -9999 -9999 -9999 -9999 -9999 -9999 -9999 -9999 -9999 -9999 -9999 -9999 -9999 -9999 -9999 -9999 -9999 -9999 -9999 -9999 -9999 -9999
101.499 101.408 101.288 101.174 -9999 100.957 100.859 100.769 100.679 100.592 100.506 100.421 100.336 100.249 100.162 100.073 99.988 99.918 99.872 99.841 99.823 99.798 99.74 99.675 99.602 99.528 99.461 99.4 99.346 99.298 99.254 99.213 99.179 99.165 99.175 99.199 99.221 99.243 99.263 99.284 99.304 99.325 99.348 99.372 99.399 99.429 99.463 99.502 99.548 99.601 99.666 99.743 -9999 -9999 -9999 -9999 -9999 -9999 -9999 -9999 -9999 -9999 -9999 -9999 -9999 -9999 -9999 -9999 -9999 -9999 -9999 -9999 -9999 -9999
101.744 101.671 101.549 101.433 101.322 101.214 101.11 -9999 100.917 100.825 100.736 100.647 100.559 100.471 100.382 100.292 100.2 100.121 100.064 100.04 100.01 99.955 99.9 99.842 99.785 99.729 99.664 99.603 99.548 99.498 99.454 99.413 99.374 99.344 99.333 99.351 99.372 99.392 99.412 99.432 99.452 99.475 99.499 99.526 99.556 99.59 99.629 99.674 99.728 99.791 99.868 -9999 -9999 -9999 -9999 -9999 -9999 -9999 -9999 -9999 -9999 -9999 -9999 -9999 -9999 -9999 -9999 -9999 -9999 -9999 -9999 -9999 -9999 -9999
101.952 -9999 -9999 -9999 101.576 101.464 -9999 101.248 101.15 101.055 100.962 100.871 100.78 100.69 100.6 100.508 100.417 100.335 100.281 100.235 100.172 100.11 100.052 99.997 99.944 99.889 99.838 99.793 99.744 99.694 99.649 99.608 99.569 99.531 99.508 99.503 99.523 99.542 99.56 99.58 99.601 99.624 99.65 99.679 99.712 99.751 99.795 99.848 99.909 99.983 100.046 -9999 -9999 -9999 -9999 -9999 -9999 -9999 -9999 -9999 -9999 -9999 -9999 -9999 -9999 -9999 -9999 -9999 -9999 -9999 -9999 -9999 -9999 -9999
-9999 -9999 -9999 101.943 101.828 -9999 101.595 101.486 -9999 101.283 101.187 101.093 101.002 100.918 100.834 100.75 100.667 100.588 100.503 100.415 100.348 100.284 100.223 100.165 100.11 100.059 100.012 99.965 99.918 99.874 99.834 99.797 99.759 99.722 99.686 99.669 99.674 99.691 99.708 99.727 99.749 99.773 99.801 99.833 99.87 99.913 99.964 100.018 100.065 100.118 100.146 -9999 -9999 -9999 -9999 -9999 -9999 -9999 -9999 -9999 -9999 -9999 -9999 -9999 -9999 -9999 -9999 -9999 -9999 -9999 -9999 -9999 -9999 -9999
-9999 -9999 -9999 102.194 -9999 -9999 101.833 101.72 101.613 101.512 101.419 101.331 101.248 101.166 101.084 101.001 100.91 100.799 100.688 100.595 100.52 100.454 100.391 100.332 100.276 100.223 100.173 100.126 100.082 100.04 100.002 99.963 99.926 99.892 99.862 99.837 99.825 99.84 99.856 99.875 99.897 99.923 99.951 99.979 100.009 100.043 100.08 100.116 100.154 100.197 100.246 -9999 -9999 -9999 -9999 -9999 -9999 -9999 -9999 -9999 -9999 -9999 -9999 -9999 -9999 -9999 -9999 -9999 -9999 -9999 -9999 -9999 -9999 -9999
-9999 -9999 -9999 -9999 -9999 -9999 -9999 101.958 101.852 101.756 101.666 101.579 101.494 101.41 101.318 101.205 101.086 100.971 100.861 100.763 100.68 100.611 100.547 100.486 100.429 100.375 100.325 100.277 100.233 100.191 100.151 100.113 100.077 100.044 100.005 99.962 99.941 99.944 99.96 99.978 99.998 100.021 100.043 100.068 100.094 100.123 100.155 100.19 100.229 100.274 -9999 -9999 -9999 -9999 -9999 -9999 -9999 -9999 -9999 -9999 -9999 -9999 -9999 -9999 -9999 -9999 -9999 -9999 -9999 -9999 -9999 -9999 -9999 -9999
-9999 -9999 -9999 -9999 -9999 102.445 102.32 -9999 102.099 102.001 101.908 101.816 101.714 101.602 101.481 101.36 101.242 101.129 101.02 100.917 100.829 100.758 100.692 100.63 100.572 100.517 100.466 100.417 100.372 100.33 100.29 100.252 100.215 100.179 100.139 100.09 100.042 100.02 100.035 100.052 100.071 100.091 100.114 100.138 100.165 100.194 100.227 100.263 100.304 100.35 -9999 -9999 -9999 -9999 -9999 -9999 -9999 -9999 -9999 -9999 -9999 -9999 -9999 -9999 -9999 -9999 -9999 -9999 -9999 -9999 -9999 -9999 -9999 -9999
-9999 -9999 -9999 -9999 102.822 102.683 102.569 102.45 102.338 102.222 102.104 101.985 101.864 101.744 101.624 101.503 101.387 101.275 101.167 101.063 100.972 100.896 100.829 100.765 100.706 100.65 100.597 100.548 100.501 100.458 100.417 100.378 100.341 100.304 100.262 100.208 100.149 100.112 100.105 100.12 100.139 100.159 100.182 100.207 100.235 100.265 100.298 100.336 100.378 -9999 -9999 -9999 -9999 -9999 -9999 -9999 -9999 -9999 -9999 -9999 -9999 -9999 -9999 -9999 -9999 -9999 -9999 -9999 -9999 -9999 -9999 -9999 -9999 -9999
-9999 -9999 -9999 -9999 103.06 -9999 102.764 102.625 102.492 102.361 102.236 102.115 101.996 101.878 101.756 101.636 101.521 101.411 101.304 101.201 101.107 101.027 100.958 100.893 100.832 100.774 100.72 100.67 100.622 100.577 100.535 100.494 100.454 100.415 100.371 100.319 100.261 100.213 100.192 100.193 100.204 100.226 100.25 100.275 100.303 100.335 100.369 100.408 100.452 -9999 -9999 -9999 -9999 -9999 -9999 -9999 -9999 -9999 -9999 -9999 -9999 -9999 -9999 -9999 -9999 -9999 -9999 -9999 -9999 -9999 -9999 -9999 -9999 -9999
-9999 -9999 -9999 -9999 -9999 -9999 102.882 102.739 102.606 102.479 102.357 102.239 102.123 102.004 101.88 101.762 101.648 101.539 101.433 101.331 101.234 101.151 101.08 101.014 100.951 100.893 100.837 100.785 100.736 100.69 100.646 100.603 100.561 100.519 100.474 100.425 100.37 100.317 100.283 100.279 100.281 100.292 100.316 100.343 100.372 100.404 100.44 100.48 100.526 -9999 -9999 -9999 -9999 -9999 -9999 -9999 -9999 -9999 -9999 -9999 -9999 -9999 -9999 -9999 -9999 -9999 -9999 -9999 -9999 -9999 -9999 -9999 -9999 -9999
-9999 -9999 -9999 -9999 103.214 103.134 102.985 102.846 102.716 102.593 102.474 102.359 102.244 -9999 101.999 101.881 101.768 101.659 101.554 101.453 101.356 101.27 101.197 101.129 101.066 101.006 100.949 100.896 100.845 100.797 100.751 100.707 100.664 100.62 100.574 100.526 100.474 100.418 100.383 100.372 100.368 100.371 100.382 100.41 100.44 100.474 100.511 100.553 100.6 -9999 -9999 -9999 -9999 -9999 -9999 -9999 -9999 -9999 -9999 -9999 -9999 -9999 -9999 -9999 -9999 -9999 -9999 -9999 -9999 -9999 -9999 -9999 -9999 -9999
103.063 103.06 103.191 103.231 -9999 103.191 103.086 102.951 102.825 102.704 102.588 102.475 -9999 102.234 102.112 101.995 101.883 101.775 101.67 101.57 101.472 101.385 101.31 101.24 101.175 101.114 101.056 101.002 100.95 100.9 100.853 100.807 100.763 100.718 100.672 100.625 100.575 100.521 100.481 100.465 100.462 100.459 100.464 100.478 100.509 100.544 100.583 100.627 -9999 -9999 -9999 -9999 -9999 -9999 -9999 -9999 -9999 -9999 -9999 -9999 -9999 -9999 -9999 -9999 -9999 -9999 -9999 -9999 -9999 -9999 -9999 -9999 -9999 -9999
103.137 103.178 103.206 103.229 103.248 -9999 103.163 103.055 102.932 102.814 102.7 102.589 102.471 102.343 102.221 102.105 101.993 101.885 101.781 101.681 101.584 101.496 101.418 101.348 101.281 101.219 101.16 101.104 101.051 101.0 100.952 100.905 100.859 100.814 100.768 100.721 100.673 100.621 100.578 100.557 100.555 100.554 100.552 100.561 100.579 100.615 -9999 -9999 -9999 -9999 -9999 -9999 -9999 -9999 -9999 -9999 -9999 -9999 -9999 -9999 -9999 -9999 -9999 -9999 -9999 -9999 -9999 -9999 -9999 -9999 -9999 -9999 -9999 -9999
-9999 -9999 -9999 103.227 -9999 103.25 103.212 103.145 103.038 102.922 -9999 -9999 102.576 102.449 102.327 102.211 102.099 101.992 101.889 101.789 101.692 101.603 101.524 101.452 101.385 101.321 101.261 101.204 101.15 101.098 101.048 101.0 100.954 100.908 100.862 100.816 100.768 100.718 100.672 100.647 100.648 100.648 100.648 100.649 100.662 -9999 -9999 -9999 -9999 -9999 -9999 -9999 -9999 -9999 -9999 -9999 -9999 -9999 -9999 -9999 -9999 -9999 -9999 -9999 -9999 -9999 -9999 -9999 -9999 -9999 -9999 -9999 -9999 -9999
103.153 103.178 -9999 103.226 103.248 103.255 103.243 103.199 103.135 -9999 -9999 102.805 102.68 102.553 102.431 102.314 102.203 102.096 101.993 101.893 101.797 101.707 101.627 101.554 101.485 101.421 101.359 101.301 101.246 101.193 101.143 101.094 101.047 101.0 100.955 100.909 100.862 100.813 100.764 100.737 100.739 100.741 100.743 100.745 100.752 100.776 -9999 -9999 -9999 -9999 -9999 -9999 -9999 -9999 -9999 -9999 -9999 -9999 -9999 -9999 -9999 -9999 -9999 -9999 -9999 -9999 -9999 -9999 -9999 -9999 -9999 -9999 -9999 -9999
