Validation/Results/ReClimate_11_2023_1_Temperature-Actuals.asc
NCOLS 192
NROWS 249
XLLCENTER -225160.85627316462
YLLCENTER 29788.11610251502
CELLSIZE 5000.0
NODATA_VALUE -9999
[rows 170 to 203 of 249, columns 77 to 153 of 192]
-9999 -9999 -9999 -9999 -9999 -9999 -9999 -9999 -9999 -9999 -9999 -9999 -9999 -9999 -9999 7.531 7.302 -9999 -9999 -9999 -9999 -9999 -9999 -9999 -9999 -9999 -9999 -9999 -9999 -9999 -9999 -9999 -9999 -9999 6.271 6.458 6.247 6.085 5.852 5.816 5.885 5.933 5.988 6.146 6.272 6.27 6.007 5.547 4.798 4.113 3.545 3.753 3.765 4.183 5.089 5.494 5.699 5.444 5.365 5.428 5.553 5.546 5.517 5.453 5.433 5.388 5.293 5.261 5.322 5.361 5.316 5.001 4.972 4.913 5.115 5.367 5.6
-9999 -9999 -9999 -9999 -9999 -9999 -9999 -9999 -9999 -9999 -9999 -9999 -9999 -9999 -9999 7.227 6.955 6.975 -9999 -9999 -9999 -9999 -9999 -9999 -9999 -9999 -9999 -9999 -9999 -9999 -9999 -9999 -9999 6.404 6.49 6.442 6.34 6.091 6.001 5.878 5.935 5.932 5.97 6.018 6.064 5.992 5.863 5.563 4.984 4.038 3.364 3.805 4.29 4.422 4.976 5.782 5.878 5.661 5.284 5.328 5.541 5.572 5.506 5.403 5.389 5.38 5.332 5.237 5.291 5.36 5.371 5.165 4.929 4.965 5.073 5.349 5.57
-9999 -9999 -9999 -9999 -9999 -9999 -9999 -9999 -9999 -9999 -9999 -9999 -9999 -9999 7.469 7.049 6.67 6.803 7.235 -9999 -9999 -9999 -9999 -9999 -9999 -9999 -9999 -9999 -9999 -9999 6.659 -9999 -9999 6.381 6.232 6.394 6.363 6.22 -9999 5.848 5.796 5.787 5.795 5.713 5.798 5.74 5.651 5.295 4.698 4.83 3.901 4.192 4.74 4.308 5.019 5.429 5.744 5.648 5.384 5.371 5.508 5.656 5.487 5.364 5.405 5.4 5.382 5.281 5.283 5.374 5.348 5.268 5.029 4.906 4.973 5.293 5.517
-9999 -9999 -9999 -9999 -9999 -9999 -9999 -9999 -9999 -9999 -9999 -9999 -9999 -9999 7.456 6.986 6.747 6.766 7.086 7.342 7.639 -9999 -9999 -9999 6.966 7.017 -9999 6.861 6.8 6.672 5.931 6.009 -9999 -9999 6.316 6.301 -9999 -9999 5.982 5.785 5.933 6.079 5.88 5.668 5.571 5.559 5.412 4.894 4.306 4.481 4.306 4.144 4.391 4.386 4.565 5.474 5.578 5.455 5.24 5.368 5.446 5.554 5.563 5.375 5.426 5.438 5.395 5.326 5.299 5.402 5.386 5.331 5.181 5.025 4.932 5.136 5.429
-9999 -9999 -9999 -9999 -9999 -9999 -9999 -9999 -9999 -9999 -9999 -9999 -9999 -9999 -9999 7.255 6.932 6.862 7.03 7.115 -9999 -9999 5.619 5.436 6.386 5.878 5.992 6.039 6.477 6.246 5.98 5.673 5.752 -9999 6.281 6.284 6.211 6.112 5.721 5.499 5.852 6.175 6.001 5.698 5.587 5.478 5.312 4.695 3.952 4.102 4.253 4.414 4.668 4.55 4.693 5.212 5.541 5.44 5.266 5.332 5.382 5.426 5.454 5.436 5.468 5.471 5.335 5.111 5.3 5.499 5.462 5.401 5.292 5.16 5.155 5.178 5.237
-9999 -9999 -9999 -9999 -9999 -9999 -9999 -9999 -9999 -9999 -9999 -9999 -9999 -9999 -9999 7.466 7.226 7.229 7.155 7.085 6.98 5.888 4.123 5.815 6.092 5.323 5.647 5.373 5.729 6.11 5.844 5.107 5.637 5.815 6.083 6.247 6.161 5.957 5.621 5.462 5.727 5.954 5.885 5.747 5.602 5.47 5.217 4.468 4.037 3.82 4.097 4.142 4.77 4.908 4.68 4.961 5.317 5.346 5.34 5.371 5.351 5.387 5.428 5.436 5.56 5.519 5.466 5.416 5.358 5.588 5.568 5.5 5.405 5.255 5.096 5.218 5.359
-9999 -9999 -9999 -9999 -9999 -9999 -9999 -9999 -9999 -9999 -9999 -9999 -9999 -9999 -9999 -9999 7.552 7.471 7.14 6.54 5.638 3.469 4.038 5.483 5.287 5.364 4.887 4.75 5.006 5.316 5.466 5.604 5.042 5.619 5.971 6.039 6.112 6.009 5.729 5.608 5.684 5.791 5.815 5.678 5.551 5.422 5.045 4.549 3.999 3.858 4.231 4.112 4.359 5.157 4.92 4.966 5.237 5.218 5.341 5.496 5.438 5.388 5.408 5.458 5.602 5.6 5.583 5.473 5.486 5.574 5.591 5.538 5.428 5.342 5.298 5.272 5.335
-9999 -9999 -9999 -9999 -9999 -9999 -9999 -9999 -9999 -9999 -9999 -9999 -9999 -9999 -9999 -9999 -9999 -9999 6.719 5.688 4.596 4.218 4.582 5.646 5.52 4.912 4.369 4.224 4.318 5.099 5.758 5.409 4.843 5.285 5.818 6.08 6.238 6.074 5.817 5.593 5.615 5.643 5.65 5.633 5.532 5.275 4.798 4.509 4.265 3.844 4.139 4.095 4.093 4.636 5.189 5.12 5.417 5.287 5.187 5.415 5.473 5.497 5.5 5.546 5.632 5.644 5.623 5.6 5.461 5.523 5.552 5.523 5.468 5.423 5.41 5.383 5.358
-9999 -9999 -9999 -9999 -9999 -9999 -9999 -9999 -9999 -9999 -9999 -9999 -9999 -9999 -9999 -9999 -9999 7.378 6.386 5.71 5.427 4.694 5.533 5.778 5.244 5.06 4.514 4.048 4.391 4.555 5.279 5.107 4.612 4.897 5.511 6.253 6.29 6.117 5.744 5.526 5.511 5.544 5.596 5.595 5.415 5.005 4.848 4.941 4.578 4.072 4.27 4.34 4.479 4.684 4.839 5.245 5.353 5.332 5.317 5.345 5.473 5.427 5.574 5.649 5.671 5.653 5.626 5.428 5.425 5.502 5.568 5.534 5.508 5.502 5.495 5.471 5.496
-9999 -9999 -9999 -9999 -9999 -9999 -9999 -9999 -9999 -9999 -9999 -9999 -9999 -9999 -9999 -9999 7.396 5.835 6.152 5.765 5.352 5.531 4.461 4.604 4.817 4.672 4.1 4.457 4.3 4.751 5.135 4.528 4.201 4.788 5.586 6.258 6.346 6.098 5.688 5.642 5.659 5.596 5.618 5.487 5.195 5.142 5.094 4.774 4.521 4.355 4.196 4.617 4.798 4.986 5.193 5.226 5.492 5.46 5.497 5.501 5.533 5.674 5.523 5.649 5.703 5.646 5.6 5.425 5.357 5.541 5.556 5.555 5.537 5.535 5.532 5.581 5.722
-9999 -9999 -9999 -9999 -9999 -9999 -9999 -9999 -9999 -9999 -9999 -9999 -9999 -9999 -9999 7.277 6.035 6.502 6.496 6.175 6.232 5.655 5.275 4.849 4.446 4.131 4.109 4.179 4.362 4.972 4.617 4.694 5.287 5.466 5.96 6.091 6.19 5.965 5.732 5.702 5.651 5.631 5.456 5.186 5.248 5.193 5.088 4.726 4.645 4.929 4.787 4.755 4.984 5.08 5.217 5.319 5.395 5.622 5.699 5.797 5.824 5.836 5.783 5.631 5.655 5.642 5.592 5.428 5.37 5.562 5.586 5.531 5.527 5.516 5.566 5.622 5.713
-9999 -9999 -9999 -9999 -9999 -9999 -9999 -9999 -9999 -9999 -9999 -9999 -9999 7.122 7.261 6.916 7.0 7.214 7.2 6.822 6.879 6.401 5.618 4.973 4.345 3.536 4.592 4.676 5.006 4.862 4.17 4.467 4.877 5.563 5.835 5.923 5.955 5.832 5.692 5.605 5.628 5.516 5.297 5.189 5.113 5.28 5.055 4.794 4.871 4.956 5.031 5.104 5.173 5.262 5.371 5.608 5.584 5.627 5.846 6.012 6.046 5.876 5.783 5.717 5.646 5.577 5.566 5.381 5.297 5.497 5.608 5.569 5.508 5.508 5.564 5.558 -9999
-9999 -9999 -9999 -9999 -9999 -9999 -9999 -9999 -9999 -9999 -9999 -9999 6.966 7.021 6.993 7.228 -9999 -9999 -9999 -9999 6.359 5.472 5.175 4.88 4.116 4.753 4.798 4.288 4.601 4.046 3.088 3.838 4.639 5.057 5.677 5.966 5.862 5.745 5.666 5.617 5.57 5.471 5.302 5.219 5.104 5.163 5.025 5.009 5.046 5.11 5.268 5.347 5.399 5.546 5.592 5.762 5.924 5.832 5.857 5.901 5.933 5.819 5.715 5.635 5.514 5.442 5.442 5.376 5.286 5.4 5.578 5.621 5.546 5.494 5.537 5.535 5.57
-9999 -9999 -9999 -9999 -9999 -9999 -9999 -9999 -9999 -9999 -9999 -9999 6.991 6.92 7.377 -9999 -9999 -9999 -9999 -9999 6.157 5.429 4.932 5.079 4.457 4.536 4.183 3.749 3.892 3.59 3.653 4.828 4.917 5.433 5.888 5.997 5.869 5.728 5.597 5.439 5.384 5.403 5.299 5.18 5.163 5.088 5.177 5.198 5.303 5.17 5.155 5.258 5.494 5.736 5.83 5.838 5.831 5.867 5.87 5.782 5.71 5.551 5.529 5.351 5.203 5.164 5.26 5.308 5.336 5.466 5.629 5.744 5.686 5.611 5.559 5.5 5.495
-9999 -9999 -9999 -9999 -9999 -9999 -9999 -9999 -9999 -9999 -9999 -9999 -9999 -9999 7.558 -9999 -9999 -9999 -9999 -9999 6.111 5.286 5.415 5.104 4.778 4.738 3.739 3.936 4.594 3.979 4.652 4.914 5.162 5.716 6.009 6.007 5.737 5.66 5.511 5.395 5.496 5.425 5.364 5.31 5.211 5.251 5.342 5.447 5.41 5.406 5.336 5.276 5.49 5.613 5.522 5.582 5.648 5.681 5.819 5.736 5.519 5.305 5.191 5.291 5.165 5.089 5.132 5.238 5.34 5.512 5.709 5.864 5.833 5.739 5.657 5.553 5.561
-9999 -9999 -9999 -9999 -9999 -9999 -9999 -9999 -9999 -9999 -9999 -9999 -9999 -9999 -9999 -9999 -9999 -9999 -9999 -9999 6.449 5.829 6.403 5.651 4.978 4.009 4.202 4.262 4.183 4.796 4.864 4.981 5.712 5.924 6.09 5.934 5.797 5.67 5.658 5.651 5.618 5.573 5.484 5.392 5.359 5.36 5.44 5.417 5.304 5.493 5.605 5.546 5.469 5.573 5.423 5.295 5.439 5.399 5.565 5.727 5.555 5.452 5.325 5.266 5.323 5.218 5.183 5.317 5.447 5.588 5.762 5.924 5.916 5.84 5.756 5.691 5.67
-9999 -9999 -9999 -9999 -9999 -9999 -9999 -9999 -9999 -9999 -9999 -9999 -9999 -9999 -9999 -9999 -9999 -9999 -9999 -9999 -9999 6.392 5.162 4.637 4.54 4.77 4.721 4.465 4.993 5.03 5.36 5.74 5.623 6.004 5.96 5.665 5.647 5.713 5.845 5.889 5.755 5.527 5.419 5.284 5.299 5.372 5.476 5.336 5.175 5.309 5.574 5.65 5.595 5.504 5.48 5.37 5.283 5.107 5.141 5.573 5.683 5.523 5.353 5.129 5.12 5.294 5.292 5.412 5.565 5.727 5.824 5.935 5.93 5.883 5.828 5.79 5.773
-9999 -9999 -9999 -9999 -9999 -9999 -9999 -9999 -9999 -9999 -9999 -9999 -9999 -9999 -9999 -9999 -9999 -9999 -9999 -9999 6.458 5.875 5.197 4.35 5.081 5.13 4.684 4.951 4.996 4.987 5.721 5.631 5.607 5.813 5.012 5.477 5.686 5.715 5.715 5.834 5.492 4.961 4.956 5.205 5.42 5.39 5.487 5.439 5.343 5.345 5.544 5.646 5.669 5.606 5.493 5.46 5.326 5.279 5.302 5.534 5.614 5.454 5.237 5.027 5.01 5.26 5.455 5.543 5.71 5.825 5.86 5.895 5.938 5.925 5.897 5.889 5.881
-9999 -9999 -9999 -9999 -9999 -9999 -9999 -9999 -9999 -9999 -9999 -9999 -9999 -9999 -9999 -9999 -9999 -9999 -9999 -9999 6.725 6.1 4.442 5.506 5.852 5.302 5.15 4.888 4.463 5.018 5.663 5.606 5.834 5.515 5.572 5.599 5.472 5.41 5.724 5.609 5.199 5.001 5.059 5.414 5.438 5.391 5.493 5.48 5.541 5.522 5.564 5.651 5.674 5.673 5.622 5.545 5.463 5.325 5.443 5.59 5.507 5.229 4.981 5.0 5.053 5.171 5.436 5.655 5.729 5.864 5.838 5.831 5.937 5.991 5.981 5.978 5.986
-9999 -9999 -9999 -9999 -9999 -9999 -9999 -9999 -9999 -9999 -9999 -9999 -9999 -9999 -9999 -9999 -9999 -9999 -9999 -9999 6.721 5.904 6.291 5.927 5.641 5.364 4.941 4.265 4.549 4.789 5.38 5.596 5.893 5.794 5.555 5.143 4.843 4.931 5.4 5.177 5.198 5.084 5.313 5.595 5.508 5.512 5.571 5.625 5.705 5.575 5.539 5.661 5.698 5.556 5.636 5.653 5.581 5.508 5.562 5.622 5.479 5.246 5.11 5.108 5.241 5.377 5.551 5.63 5.731 5.824 5.939 5.871 5.976 6.046 6.039 6.04 6.031
-9999 -9999 -9999 -9999 -9999 -9999 -9999 -9999 -9999 -9999 -9999 -9999 -9999 -9999 -9999 -9999 -9999 -9999 -9999 -9999 -9999 7.007 5.787 5.058 4.423 4.314 4.371 4.674 4.969 5.531 5.641 5.763 5.67 5.616 5.496 5.255 4.946 4.862 5.055 5.276 5.217 5.094 5.417 5.66 5.547 5.703 5.698 5.636 5.907 5.929 5.756 5.756 5.767 5.555 5.468 5.681 5.623 5.565 5.6 5.588 5.425 5.315 5.342 5.463 5.489 5.575 5.622 5.623 5.743 5.864 5.908 5.931 6.039 6.099 6.065 6.035 6.028
-9999 -9999 -9999 -9999 -9999 -9999 -9999 -9999 -9999 -9999 -9999 -9999 -9999 -9999 -9999 -9999 -9999 -9999 -9999 -9999 -9999 6.329 5.356 4.544 3.871 3.681 4.117 4.902 5.494 5.579 5.259 4.835 4.565 4.595 5.081 5.376 5.021 4.999 5.159 5.285 4.886 5.097 5.384 5.527 5.568 5.779 5.727 5.791 5.807 5.944 5.958 5.859 5.799 5.661 5.585 5.703 5.702 5.522 5.44 5.408 5.308 5.298 5.454 5.435 5.51 5.563 5.684 5.616 5.724 5.851 5.843 5.942 6.077 6.112 6.065 5.981 5.899
-9999 -9999 -9999 -9999 -9999 -9999 -9999 -9999 -9999 -9999 -9999 -9999 -9999 -9999 -9999 -9999 -9999 -9999 -9999 -9999 6.971 6.218 5.321 4.522 4.023 4.153 4.563 4.98 4.741 4.142 4.382 4.277 4.32 4.919 5.234 5.125 5.082 5.268 5.362 5.026 4.947 5.029 5.325 5.511 5.592 5.849 5.755 5.601 5.791 5.707 5.8 5.761 5.746 5.712 5.73 5.838 5.757 5.618 5.536 5.397 5.356 5.237 5.363 5.44 5.493 5.604 5.636 5.714 5.781 5.807 5.807 5.941 6.118 6.118 6.096 5.993 5.86
-9999 -9999 -9999 -9999 -9999 -9999 -9999 -9999 -9999 -9999 -9999 -9999 -9999 -9999 -9999 -9999 -9999 -9999 -9999 -9999 6.529 5.929 5.483 5.096 4.586 3.997 4.2 4.434 4.415 4.372 4.109 3.995 4.36 4.923 4.651 4.734 5.279 5.113 5.453 5.175 4.94 4.911 5.484 5.524 5.882 5.917 5.736 5.611 5.308 5.55 5.584 5.635 5.641 5.702 5.71 5.794 5.8 5.702 5.664 5.629 5.412 5.32 5.302 5.38 5.472 5.701 5.757 5.783 5.81 5.795 5.822 5.965 6.055 6.135 6.149 6.106 5.965
-9999 -9999 -9999 -9999 -9999 -9999 -9999 -9999 -9999 -9999 -9999 -9999 -9999 -9999 -9999 -9999 -9999 -9999 -9999 -9999 6.125 6.139 6.116 5.443 4.485 3.918 4.167 4.44 4.633 4.281 4.328 4.506 4.722 4.626 4.704 5.248 5.279 5.333 5.048 5.398 5.261 5.466 5.461 5.544 5.871 5.994 5.834 5.488 5.585 5.559 5.524 5.554 5.57 5.703 5.766 5.684 5.692 5.65 5.68 5.637 5.462 5.33 5.463 5.605 5.541 5.694 5.763 5.853 5.836 5.791 5.922 6.077 6.153 6.205 6.275 6.232 6.167
-9999 -9999 -9999 -9999 -9999 -9999 -9999 -9999 -9999 -9999 -9999 -9999 -9999 -9999 -9999 -9999 -9999 -9999 -9999 6.339 6.037 5.542 5.553 5.312 4.446 4.269 3.944 4.368 4.931 4.892 4.952 4.677 4.652 4.933 4.819 4.885 5.254 5.228 5.565 5.687 5.696 5.643 5.535 5.769 5.956 5.973 5.91 5.819 5.779 5.903 5.752 5.658 5.601 5.667 5.766 5.734 5.734 5.784 5.735 5.62 5.536 5.509 5.678 5.793 5.78 5.759 5.909 5.84 5.848 5.808 5.871 6.045 6.186 6.209 6.226 6.222 6.265
-9999 -9999 -9999 -9999 -9999 -9999 -9999 -9999 -9999 -9999 -9999 -9999 -9999 -9999 -9999 -9999 -9999 -9999 6.116 6.02 5.413 5.574 5.555 4.685 4.138 4.005 4.207 4.555 4.91 4.809 4.931 4.675 4.272 4.75 4.692 5.282 5.433 5.624 5.694 5.633 5.516 5.563 5.506 5.828 5.897 6.092 6.063 5.933 5.802 5.872 5.915 5.71 5.659 5.777 5.844 5.767 5.721 5.724 5.709 5.625 5.616 5.655 5.777 5.931 5.989 6.019 5.891 5.824 5.811 5.832 5.906 6.051 6.096 6.075 6.039 6.064 6.211
-9999 -9999 -9999 -9999 -9999 -9999 -9999 -9999 -9999 -9999 -9999 -9999 -9999 -9999 -9999 -9999 5.745 5.853 5.726 6.098 5.944 5.733 5.186 4.384 4.042 3.925 3.8 4.385 4.624 5.046 4.911 4.474 4.446 4.866 5.334 5.505 5.725 5.737 5.779 5.505 5.419 5.419 5.708 6.036 6.117 6.104 6.064 5.94 5.844 5.834 5.859 5.699 5.74 5.834 5.95 5.742 5.646 5.551 5.459 5.511 5.601 5.806 5.906 5.959 5.888 5.953 5.92 5.908 5.882 5.884 5.969 6.11 6.175 6.008 5.94 5.985 6.16
-9999 -9999 -9999 -9999 -9999 -9999 -9999 -9999 -9999 -9999 -9999 -9999 -9999 -9999 -9999 5.801 5.565 5.194 5.49 5.828 5.767 5.497 4.63 4.573 4.134 4.007 4.308 4.827 5.211 5.202 5.138 4.717 4.253 4.764 5.288 5.703 5.685 5.704 5.5 5.625 5.435 5.477 5.868 6.137 6.288 6.259 6.078 6.047 5.885 5.868 5.914 5.84 5.791 5.835 5.777 5.792 5.616 5.596 5.531 5.406 5.457 5.588 5.752 5.822 5.809 5.864 5.97 5.905 6.054 6.087 6.106 6.17 6.128 6.016 5.918 6.01 6.167
-9999 -9999 -9999 -9999 -9999 -9999 -9999 -9999 -9999 -9999 -9999 -9999 7.215 6.633 6.197 5.813 5.258 5.205 5.475 5.895 5.882 4.973 4.876 4.766 4.928 4.202 4.768 4.928 4.637 5.134 5.339 4.218 4.75 5.263 5.968 5.933 5.753 5.346 5.892 5.767 5.696 5.702 5.807 6.133 6.281 6.362 6.218 6.148 6.014 5.911 5.988 5.962 5.973 5.85 5.755 5.496 5.611 5.678 5.658 5.525 5.523 5.625 5.765 5.886 5.85 5.898 5.937 6.044 6.109 6.186 6.145 6.179 6.187 6.1 6.102 6.13 6.195
-9999 -9999 -9999 -9999 -9999 -9999 -9999 -9999 -9999 -9999 6.766 6.891 6.751 6.487 6.259 5.842 5.829 5.662 5.939 5.794 5.017 5.337 5.281 5.297 5.378 4.778 4.496 3.91 4.451 4.854 4.808 5.101 5.456 5.897 5.371 5.57 5.805 5.955 6.011 5.979 5.877 5.881 6.041 6.041 6.281 6.446 6.337 6.237 6.157 6.115 6.106 5.941 6.057 6.046 5.78 5.591 5.465 5.677 5.668 5.54 5.493 5.547 5.669 5.902 6.02 6.052 6.026 6.001 6.144 6.103 6.053 6.125 6.195 6.171 6.151 6.14 6.126
-9999 -9999 -9999 -9999 -9999 -9999 6.947 6.804 6.791 6.778 6.293 6.739 6.486 6.441 6.163 5.931 5.923 5.889 5.833 5.202 5.444 5.721 5.358 5.814 5.541 4.942 4.098 4.283 4.67 4.942 4.92 5.458 5.824 4.887 4.96 5.587 5.673 6.001 5.987 6.029 5.925 5.784 6.01 5.944 6.412 6.461 6.392 6.194 6.085 6.138 5.711 5.885 6.029 6.07 5.818 5.522 5.516 5.635 5.66 5.657 5.596 5.606 5.687 5.882 6.002 6.086 6.122 6.017 6.03 6.098 6.083 6.178 6.257 6.159 5.921 5.898 5.837
-9999 -9999 -9999 -9999 -9999 7.374 6.899 6.803 6.597 5.866 5.59 5.703 5.93 6.13 5.64 5.534 5.647 5.612 5.319 5.639 5.701 5.455 5.88 6.073 5.665 5.0 4.558 4.75 4.935 5.008 5.303 5.602 4.747 3.8 4.807 5.425 5.898 5.838 5.93 5.796 5.886 6.038 6.09 6.293 6.391 6.397 6.41 6.211 6.027 5.735 5.478 5.346 5.811 5.93 5.55 5.416 5.479 5.615 5.704 5.672 5.679 5.679 5.803 5.82 5.893 6.013 5.942 5.877 5.998 6.077 6.117 6.186 6.205 6.045 5.844 5.72 5.748
-9999 -9999 -9999 -9999 7.776 7.136 6.754 6.603 6.211 5.75 5.821 6.028 6.205 5.739 5.63 5.617 5.984 5.579 5.47 5.714 5.722 5.868 6.311 5.973 5.267 4.863 5.027 5.152 5.117 5.607 5.789 5.486 4.215 4.231 4.816 5.833 5.68 5.737 5.673 6.041 6.168 6.075 6.19 6.292 6.391 6.425 6.527 6.386 6.122 5.696 5.325 5.411 5.675 5.749 5.506 5.247 5.42 5.598 5.673 5.751 5.775 5.82 5.837 5.861 5.79 5.878 5.979 5.899 5.961 5.949 5.87 6.052 6.133 5.985 5.814 5.798 5.819
