Validation/Results/ReClimate_04_2024_2_Temperature.asc
NCOLS 192
NROWS 249
XLLCENTER -225160.85627316462
YLLCENTER 29788.11610251502
CELLSIZE 5000.0
NODATA_VALUE -9999
[rows 170 to 203 of 249, columns 76 to 151 of 192]
-9999 -9999 -9999 -9999 -9999 -9999 -9999 -9999 -9999 -9999 -9999 -9999 -9999 -9999 -9999 -9999 -0.006 0.009 -9999 -9999 -9999 -9999 -9999 -9999 -9999 -9999 -9999 -9999 -9999 -9999 -9999 -9999 -9999 -9999 -9999 0.048 0.052 0.05 0.048 0.052 0.057 0.057 0.056 0.051 0.045 0.045 0.044 0.053 0.063 0.053 0.039 0.034 0.026 0.032 0.038 0.037 0.035 0.032 0.027 0.029 0.03 0.019 0.005 0.009 0.014 0.025 0.037 0.026 0.009 0.02 0.032 0.031 0.029 0.03 0.03 0.017
-9999 -9999 -9999 -9999 -9999 -9999 -9999 -9999 -9999 -9999 -9999 -9999 -9999 -9999 -9999 -9999 0.007 0.019 0.025 -9999 -9999 -9999 -9999 -9999 -9999 -9999 -9999 -9999 -9999 -9999 -9999 -9999 -9999 -9999 0.045 0.049 0.062 0.059 0.049 0.054 0.06 0.061 0.062 0.053 0.029 0.027 0.023 0.029 0.036 0.033 0.046 0.044 0.039 0.042 0.046 0.03 0.019 0.017 0.013 0.016 0.017 0.014 0.005 0.021 0.035 0.037 0.045 0.029 0.01 0.011 0.017 0.026 0.03 0.027 0.024 0.013
-9999 -9999 -9999 -9999 -9999 -9999 -9999 -9999 -9999 -9999 -9999 -9999 -9999 -9999 -9999 0.006 0.012 0.018 0.024 0.024 -9999 -9999 -9999 -9999 -9999 -9999 -9999 -9999 -9999 -9999 -9999 0.076 -9999 -9999 0.049 0.057 0.065 0.058 0.048 -9999 0.059 0.061 0.063 0.045 0.022 0.018 0.012 0.018 0.023 0.034 0.045 0.044 0.04 0.044 0.046 0.031 0.01 0.009 0.006 0.008 0.012 0.009 0.005 0.021 0.041 0.044 0.046 0.032 0.011 0.012 0.012 0.021 0.031 0.028 0.023 0.013
-9999 -9999 -9999 -9999 -9999 -9999 -9999 -9999 -9999 -9999 -9999 -9999 -9999 -9999 -9999 0.001 0.009 0.015 0.023 0.023 0.024 0.033 -9999 -9999 -9999 0.036 0.053 -9999 0.067 0.066 0.082 0.082 0.072 -9999 -9999 0.062 0.063 -9999 -9999 0.074 0.079 0.08 0.072 0.057 0.041 0.038 0.031 0.032 0.024 0.016 0.016 0.009 0.001 0.014 0.021 0.021 0.01 0.018 0.022 0.028 0.035 0.032 0.029 0.024 0.031 0.032 0.032 0.026 0.011 0.019 0.025 0.024 0.029 0.038 0.041 0.032
-9999 -9999 -9999 -9999 -9999 -9999 -9999 -9999 -9999 -9999 -9999 -9999 -9999 -9999 -9999 -9999 0.008 0.015 0.022 0.024 0.026 -9999 -9999 0.047 0.048 0.055 0.059 0.058 0.056 0.067 0.083 0.076 0.066 0.065 -9999 0.059 0.06 0.067 0.074 0.08 0.085 0.08 0.073 0.062 0.047 0.043 0.036 0.03 0.023 0.015 0.005 -0.003 -0.013 -0.003 0.01 0.009 0.008 0.016 0.026 0.033 0.042 0.04 0.036 0.033 0.027 0.028 0.027 0.021 0.012 0.02 0.029 0.03 0.029 0.038 0.049 0.042
-9999 -9999 -9999 -9999 -9999 -9999 -9999 -9999 -9999 -9999 -9999 -9999 -9999 -9999 -9999 -9999 0.008 0.012 0.01 0.014 0.026 0.036 0.051 0.056 0.06 0.065 0.069 0.071 0.076 0.086 0.086 0.079 0.067 0.066 0.062 0.062 0.057 0.062 0.064 0.068 0.071 0.068 0.071 0.065 0.067 0.061 0.047 0.038 0.022 0.014 0.002 -0.002 -0.01 -0.0 0.012 -0.005 -0.016 0.014 0.037 0.041 0.047 0.032 0.02 0.029 0.03 0.033 0.035 0.026 0.016 0.016 0.02 0.029 0.035 0.043 0.054 0.06
-9999 -9999 -9999 -9999 -9999 -9999 -9999 -9999 -9999 -9999 -9999 -9999 -9999 -9999 -9999 -9999 -9999 0.008 0.005 0.015 0.026 0.038 0.053 0.057 0.062 0.067 0.071 0.077 0.083 0.084 0.085 0.078 0.067 0.066 0.064 0.061 0.056 0.058 0.06 0.063 0.064 0.067 0.069 0.071 0.074 0.064 0.05 0.038 0.022 0.013 0.001 -0.004 -0.01 -0.001 0.011 -0.004 -0.023 0.005 0.04 0.044 0.048 0.033 0.014 0.022 0.031 0.034 0.037 0.029 0.018 0.018 0.017 0.027 0.038 0.047 0.059 0.066
-9999 -9999 -9999 -9999 -9999 -9999 -9999 -9999 -9999 -9999 -9999 -9999 -9999 -9999 -9999 -9999 -9999 -9999 -9999 0.012 0.015 0.029 0.05 0.055 0.061 0.066 0.072 0.068 0.048 0.047 0.046 0.047 0.068 0.076 0.098 0.089 0.061 0.066 0.075 0.075 0.065 0.068 0.07 0.072 0.072 0.061 0.045 0.034 0.021 0.016 0.017 0.011 0.004 -0.008 -0.01 0.008 0.009 0.016 0.038 0.041 0.043 0.041 0.029 0.037 0.046 0.045 0.046 0.048 0.044 0.043 0.042 0.044 0.052 0.054 0.063 0.061
-9999 -9999 -9999 -9999 -9999 -9999 -9999 -9999 -9999 -9999 -9999 -9999 -9999 -9999 -9999 -9999 -9999 -9999 0.006 0.008 0.01 0.028 0.048 0.054 0.059 0.065 0.071 0.055 0.035 0.033 0.031 0.048 0.069 0.088 0.11 0.089 0.062 0.071 0.08 0.074 0.065 0.067 0.069 0.07 0.07 0.058 0.043 0.033 0.02 0.021 0.023 0.017 0.009 -0.002 -0.015 0.002 0.023 0.03 0.039 0.041 0.043 0.041 0.036 0.044 0.053 0.053 0.051 0.053 0.055 0.055 0.054 0.056 0.06 0.064 0.069 0.067
-9999 -9999 -9999 -9999 -9999 -9999 -9999 -9999 -9999 -9999 -9999 -9999 -9999 -9999 -9999 -9999 -9999 0.0 0.013 0.012 0.006 0.023 0.043 0.047 0.05 0.057 0.065 0.054 0.045 0.046 0.047 0.063 0.077 0.091 0.099 0.084 0.073 0.078 0.077 0.071 0.062 0.067 0.077 0.078 0.078 0.074 0.079 0.062 0.022 0.023 0.021 0.017 0.01 0.018 0.018 0.013 0.021 0.026 0.032 0.025 0.021 0.036 0.042 0.045 0.051 0.056 0.057 0.061 0.063 0.062 0.059 0.06 0.063 0.074 0.083 0.062
-9999 -9999 -9999 -9999 -9999 -9999 -9999 -9999 -9999 -9999 -9999 -9999 -9999 -9999 -9999 -9999 -0.006 0.003 0.016 0.011 0.005 0.022 0.041 0.044 0.048 0.056 0.064 0.058 0.049 0.052 0.055 0.066 0.079 0.086 0.094 0.086 0.076 0.076 0.075 0.069 0.06 0.069 0.079 0.08 0.08 0.086 0.092 0.062 0.024 0.024 0.022 0.018 0.013 0.021 0.032 0.029 0.024 0.028 0.033 0.025 0.015 0.029 0.045 0.049 0.053 0.058 0.062 0.066 0.07 0.069 0.066 0.067 0.068 0.079 0.092 0.072
-9999 -9999 -9999 -9999 -9999 -9999 -9999 -9999 -9999 -9999 -9999 -9999 -9999 -9999 -0.007 -0.007 -0.012 -0.004 0.002 -0.001 0.002 0.014 0.026 0.033 0.045 0.049 0.048 0.05 0.069 0.073 0.075 0.085 0.093 0.096 0.087 0.085 0.093 0.092 0.085 0.079 0.07 0.076 0.077 0.081 0.091 0.096 0.094 0.074 0.063 0.061 0.05 0.047 0.045 0.042 0.047 0.045 0.041 0.038 0.039 0.027 0.014 0.038 0.061 0.062 0.064 0.061 0.062 0.072 0.08 0.073 0.066 0.071 0.074 0.06 0.056 0.067
-9999 -9999 -9999 -9999 -9999 -9999 -9999 -9999 -9999 -9999 -9999 -9999 -9999 -0.005 -0.007 -0.01 -0.012 -9999 -9999 -9999 -9999 0.017 0.023 0.033 0.044 0.044 0.042 0.058 0.076 0.08 0.082 0.09 0.098 0.092 0.083 0.091 0.098 0.094 0.088 0.081 0.073 0.074 0.075 0.084 0.096 0.096 0.095 0.088 0.079 0.071 0.061 0.06 0.057 0.056 0.054 0.052 0.049 0.047 0.043 0.032 0.018 0.04 0.068 0.069 0.07 0.068 0.065 0.075 0.087 0.081 0.071 0.076 0.082 0.069 0.051 0.059
-9999 -9999 -9999 -9999 -9999 -9999 -9999 -9999 -9999 -9999 -9999 -9999 -9999 -0.003 0.001 -0.002 -9999 -9999 -9999 -9999 -9999 0.036 0.044 0.055 0.068 0.067 0.058 0.069 0.07 0.072 0.072 0.077 0.08 0.082 0.099 0.104 0.105 0.098 0.085 0.08 0.078 0.082 0.09 0.09 0.068 0.073 0.089 0.083 0.076 0.073 0.076 0.068 0.062 0.061 0.059 0.056 0.051 0.052 0.05 0.054 0.05 0.048 0.061 0.061 0.061 0.072 0.077 0.073 0.076 0.087 0.089 0.093 0.098 0.098 0.089 0.101
-9999 -9999 -9999 -9999 -9999 -9999 -9999 -9999 -9999 -9999 -9999 -9999 -9999 -9999 -9999 0.005 -9999 -9999 -9999 -9999 -9999 0.039 0.053 0.065 0.078 0.073 0.066 0.067 0.068 0.069 0.069 0.072 0.074 0.089 0.105 0.107 0.107 0.097 0.084 0.082 0.079 0.087 0.097 0.08 0.058 0.071 0.087 0.082 0.076 0.079 0.082 0.075 0.066 0.065 0.063 0.06 0.055 0.056 0.056 0.059 0.064 0.064 0.062 0.062 0.061 0.073 0.086 0.084 0.079 0.09 0.103 0.108 0.112 0.113 0.11 0.123
-9999 -9999 -9999 -9999 -9999 -9999 -9999 -9999 -9999 -9999 -9999 -9999 -9999 -9999 -9999 -9999 -9999 -9999 -9999 -9999 -9999 0.046 0.057 0.067 0.076 0.076 0.083 0.088 0.098 0.099 0.093 0.09 0.071 0.087 0.107 0.106 0.097 0.093 0.097 0.097 0.096 0.104 0.109 0.09 0.058 0.07 0.084 0.074 0.055 0.071 0.083 0.079 0.072 0.072 0.071 0.073 0.071 0.051 0.039 0.052 0.061 0.076 0.085 0.087 0.088 0.085 0.09 0.1 0.104 0.118 0.133 0.129 0.127 0.138 0.143 0.131
-9999 -9999 -9999 -9999 -9999 -9999 -9999 -9999 -9999 -9999 -9999 -9999 -9999 -9999 -9999 -9999 -9999 -9999 -9999 -9999 -9999 -9999 0.061 0.069 0.078 0.084 0.091 0.101 0.111 0.108 0.104 0.089 0.071 0.088 0.108 0.102 0.094 0.098 0.104 0.105 0.105 0.11 0.115 0.091 0.06 0.071 0.083 0.067 0.048 0.064 0.085 0.081 0.075 0.076 0.076 0.078 0.079 0.061 0.037 0.05 0.065 0.08 0.099 0.102 0.104 0.102 0.098 0.108 0.12 0.135 0.15 0.147 0.139 0.15 0.161 0.151
-9999 -9999 -9999 -9999 -9999 -9999 -9999 -9999 -9999 -9999 -9999 -9999 -9999 -9999 -9999 -9999 -9999 -9999 -9999 -9999 -9999 0.062 0.069 0.077 0.082 0.089 0.096 0.1 0.092 0.088 0.085 0.077 0.078 0.088 0.087 0.09 0.109 0.111 0.105 0.109 0.12 0.115 0.089 0.078 0.09 0.098 0.099 0.083 0.058 0.073 0.094 0.093 0.09 0.092 0.093 0.087 0.084 0.079 0.064 0.074 0.089 0.095 0.107 0.107 0.107 0.116 0.119 0.128 0.139 0.146 0.158 0.156 0.149 0.163 0.176 0.153
-9999 -9999 -9999 -9999 -9999 -9999 -9999 -9999 -9999 -9999 -9999 -9999 -9999 -9999 -9999 -9999 -9999 -9999 -9999 -9999 -9999 0.071 0.075 0.08 0.085 0.092 0.1 0.093 0.085 0.083 0.079 0.081 0.082 0.082 0.08 0.096 0.116 0.112 0.107 0.116 0.127 0.106 0.08 0.091 0.104 0.106 0.107 0.088 0.065 0.079 0.098 0.098 0.097 0.099 0.101 0.097 0.091 0.086 0.079 0.09 0.103 0.109 0.115 0.116 0.114 0.123 0.133 0.142 0.151 0.159 0.167 0.165 0.159 0.172 0.187 0.166
-9999 -9999 -9999 -9999 -9999 -9999 -9999 -9999 -9999 -9999 -9999 -9999 -9999 -9999 -9999 -9999 -9999 -9999 -9999 -9999 -9999 0.1 0.104 0.108 0.105 0.109 0.103 0.098 0.09 0.088 0.085 0.094 0.116 0.11 0.086 0.097 0.102 0.097 0.087 0.102 0.132 0.113 0.089 0.1 0.113 0.108 0.088 0.078 0.083 0.099 0.118 0.112 0.108 0.104 0.103 0.102 0.097 0.105 0.105 0.112 0.123 0.128 0.133 0.137 0.138 0.125 0.122 0.147 0.166 0.17 0.175 0.176 0.172 0.179 0.189 0.175
-9999 -9999 -9999 -9999 -9999 -9999 -9999 -9999 -9999 -9999 -9999 -9999 -9999 -9999 -9999 -9999 -9999 -9999 -9999 -9999 -9999 -9999 0.116 0.116 0.114 0.111 0.106 0.101 0.093 0.092 0.088 0.108 0.13 0.112 0.09 0.094 0.099 0.091 0.082 0.106 0.135 0.117 0.094 0.106 0.119 0.102 0.082 0.087 0.094 0.109 0.127 0.121 0.114 0.112 0.108 0.107 0.104 0.112 0.119 0.127 0.135 0.14 0.145 0.149 0.152 0.141 0.124 0.148 0.177 0.182 0.183 0.184 0.182 0.189 0.195 0.182
-9999 -9999 -9999 -9999 -9999 -9999 -9999 -9999 -9999 -9999 -9999 -9999 -9999 -9999 -9999 -9999 -9999 -9999 -9999 -9999 -9999 -9999 0.117 0.115 0.109 0.11 0.119 0.113 0.098 0.097 0.096 0.111 0.123 0.107 0.088 0.095 0.107 0.106 0.112 0.131 0.142 0.131 0.127 0.128 0.106 0.099 0.106 0.112 0.117 0.105 0.107 0.104 0.097 0.114 0.122 0.118 0.114 0.122 0.13 0.133 0.138 0.145 0.15 0.158 0.164 0.163 0.153 0.159 0.177 0.189 0.195 0.198 0.199 0.203 0.208 0.218
-9999 -9999 -9999 -9999 -9999 -9999 -9999 -9999 -9999 -9999 -9999 -9999 -9999 -9999 -9999 -9999 -9999 -9999 -9999 -9999 -9999 0.11 0.118 0.114 0.107 0.116 0.125 0.115 0.101 0.101 0.099 0.11 0.121 0.107 0.09 0.1 0.112 0.118 0.125 0.135 0.145 0.144 0.141 0.124 0.103 0.11 0.117 0.122 0.128 0.116 0.103 0.1 0.095 0.111 0.13 0.127 0.122 0.13 0.139 0.142 0.144 0.15 0.157 0.165 0.173 0.172 0.17 0.177 0.183 0.194 0.204 0.207 0.21 0.214 0.218 0.228
-9999 -9999 -9999 -9999 -9999 -9999 -9999 -9999 -9999 -9999 -9999 -9999 -9999 -9999 -9999 -9999 -9999 -9999 -9999 -9999 -9999 0.11 0.1 0.106 0.131 0.135 0.126 0.116 0.102 0.104 0.111 0.118 0.119 0.109 0.105 0.111 0.108 0.117 0.136 0.147 0.161 0.154 0.132 0.122 0.118 0.122 0.122 0.128 0.136 0.126 0.113 0.118 0.117 0.121 0.133 0.127 0.119 0.127 0.135 0.155 0.168 0.168 0.171 0.175 0.181 0.189 0.191 0.183 0.181 0.192 0.201 0.211 0.218 0.227 0.233 0.236
-9999 -9999 -9999 -9999 -9999 -9999 -9999 -9999 -9999 -9999 -9999 -9999 -9999 -9999 -9999 -9999 -9999 -9999 -9999 -9999 -9999 0.095 0.094 0.116 0.141 0.135 0.126 0.116 0.103 0.109 0.117 0.118 0.119 0.117 0.113 0.111 0.108 0.123 0.141 0.153 0.167 0.151 0.13 0.129 0.125 0.126 0.127 0.133 0.142 0.133 0.12 0.125 0.129 0.134 0.138 0.132 0.123 0.13 0.138 0.158 0.181 0.182 0.181 0.185 0.189 0.197 0.204 0.197 0.186 0.196 0.205 0.215 0.226 0.234 0.243 0.245
-9999 -9999 -9999 -9999 -9999 -9999 -9999 -9999 -9999 -9999 -9999 -9999 -9999 -9999 -9999 -9999 -9999 -9999 -9999 -9999 0.106 0.096 0.127 0.142 0.143 0.136 0.123 0.119 0.122 0.13 0.138 0.136 0.124 0.118 0.103 0.107 0.126 0.135 0.135 0.143 0.148 0.136 0.132 0.13 0.128 0.129 0.129 0.135 0.143 0.138 0.137 0.143 0.148 0.146 0.147 0.154 0.153 0.148 0.149 0.166 0.187 0.19 0.19 0.205 0.216 0.219 0.225 0.22 0.21 0.21 0.212 0.224 0.237 0.244 0.252 0.248
-9999 -9999 -9999 -9999 -9999 -9999 -9999 -9999 -9999 -9999 -9999 -9999 -9999 -9999 -9999 -9999 -9999 -9999 -9999 0.1 0.103 0.121 0.14 0.142 0.143 0.134 0.122 0.126 0.131 0.138 0.147 0.139 0.128 0.116 0.101 0.117 0.135 0.135 0.135 0.138 0.141 0.139 0.135 0.134 0.132 0.132 0.133 0.139 0.147 0.148 0.147 0.153 0.158 0.157 0.154 0.161 0.168 0.165 0.158 0.174 0.193 0.197 0.198 0.213 0.229 0.234 0.237 0.233 0.224 0.223 0.219 0.231 0.245 0.251 0.258 0.253
-9999 -9999 -9999 -9999 -9999 -9999 -9999 -9999 -9999 -9999 -9999 -9999 -9999 -9999 -9999 -9999 -9999 0.102 0.105 0.111 0.131 0.146 0.154 0.15 0.13 0.124 0.121 0.125 0.126 0.134 0.144 0.137 0.13 0.125 0.13 0.146 0.162 0.161 0.152 0.158 0.167 0.161 0.141 0.141 0.141 0.144 0.152 0.155 0.149 0.151 0.157 0.178 0.194 0.175 0.162 0.168 0.175 0.184 0.186 0.198 0.215 0.218 0.22 0.227 0.239 0.242 0.245 0.254 0.254 0.245 0.238 0.244 0.253 0.25 0.249 0.263
-9999 -9999 -9999 -9999 -9999 -9999 -9999 -9999 -9999 -9999 -9999 -9999 -9999 -9999 -9999 -9999 0.106 0.11 0.12 0.132 0.142 0.15 0.159 0.144 0.125 0.124 0.122 0.124 0.126 0.134 0.143 0.138 0.132 0.138 0.143 0.157 0.174 0.168 0.16 0.169 0.179 0.164 0.145 0.146 0.147 0.154 0.163 0.158 0.153 0.16 0.166 0.188 0.213 0.196 0.172 0.178 0.184 0.194 0.203 0.216 0.23 0.233 0.235 0.242 0.249 0.252 0.254 0.261 0.268 0.26 0.248 0.254 0.258 0.254 0.248 0.26
-9999 -9999 -9999 -9999 -9999 -9999 -9999 -9999 -9999 -9999 -9999 -9999 -9999 0.114 0.116 0.121 0.13 0.132 0.115 0.12 0.122 0.129 0.138 0.136 0.158 0.152 0.13 0.133 0.135 0.142 0.145 0.143 0.143 0.148 0.15 0.16 0.164 0.163 0.17 0.176 0.176 0.166 0.161 0.165 0.17 0.177 0.181 0.177 0.17 0.173 0.177 0.182 0.196 0.202 0.191 0.198 0.204 0.233 0.256 0.234 0.228 0.242 0.25 0.25 0.253 0.26 0.263 0.263 0.263 0.262 0.254 0.26 0.265 0.264 0.26 0.261
-9999 -9999 -9999 -9999 -9999 -9999 -9999 -9999 -9999 -9999 -9999 0.11 0.12 0.122 0.119 0.13 0.14 0.128 0.112 0.114 0.115 0.122 0.13 0.149 0.171 0.155 0.134 0.137 0.14 0.143 0.146 0.147 0.148 0.151 0.153 0.157 0.161 0.167 0.174 0.176 0.176 0.173 0.169 0.175 0.182 0.188 0.193 0.188 0.182 0.185 0.186 0.191 0.196 0.201 0.205 0.211 0.217 0.246 0.28 0.261 0.233 0.247 0.262 0.263 0.261 0.267 0.271 0.27 0.265 0.264 0.26 0.264 0.269 0.268 0.265 0.266
-9999 -9999 -9999 -9999 -9999 -9999 -9999 0.076 0.074 0.089 0.104 0.114 0.125 0.132 0.147 0.147 0.119 0.112 0.115 0.117 0.119 0.126 0.133 0.142 0.136 0.127 0.132 0.137 0.147 0.146 0.137 0.14 0.147 0.151 0.158 0.164 0.171 0.177 0.179 0.18 0.179 0.175 0.167 0.17 0.167 0.175 0.191 0.189 0.189 0.199 0.205 0.196 0.193 0.203 0.209 0.224 0.235 0.25 0.276 0.287 0.28 0.273 0.277 0.28 0.281 0.285 0.288 0.257 0.235 0.252 0.259 0.258 0.257 0.265 0.268 0.273
-9999 -9999 -9999 -9999 -9999 -9999 0.074 0.079 0.083 0.09 0.104 0.113 0.126 0.142 0.158 0.138 0.112 0.115 0.117 0.12 0.122 0.128 0.135 0.13 0.122 0.127 0.132 0.14 0.15 0.143 0.134 0.14 0.147 0.153 0.161 0.168 0.176 0.179 0.181 0.182 0.182 0.177 0.169 0.168 0.165 0.179 0.194 0.195 0.196 0.205 0.215 0.207 0.195 0.205 0.214 0.229 0.245 0.261 0.278 0.289 0.3 0.296 0.287 0.29 0.292 0.296 0.297 0.268 0.229 0.243 0.261 0.259 0.255 0.261 0.269 0.273
-9999 -9999 -9999 -9999 -9999 0.063 0.088 0.095 0.103 0.11 0.104 0.116 0.131 0.133 0.113 0.1 0.101 0.106 0.114 0.119 0.129 0.131 0.124 0.125 0.137 0.141 0.141 0.148 0.153 0.147 0.14 0.146 0.151 0.162 0.181 0.186 0.183 0.185 0.185 0.185 0.181 0.177 0.171 0.174 0.184 0.192 0.191 0.196 0.21 0.216 0.217 0.224 0.222 0.231 0.241 0.24 0.247 0.258 0.272 0.281 0.291 0.309 0.314 0.31 0.307 0.307 0.307 0.301 0.278 0.279 0.288 0.288 0.285 0.287 0.293 0.284
