Validation/Results/ReClimate_10_2023_2_Temperatureweatherlogisticsltd.asc
NCOLS 192
NROWS 249
XLLCENTER -225160.85627316462
YLLCENTER 29788.11610251502
CELLSIZE 5000.0
NODATA_VALUE -9999
[rows 170 to 203 of 249, columns 75 to 149 of 192]
-9999 -9999 -9999 -9999 -9999 -9999 -9999 -9999 -9999 -9999 -9999 -9999 -9999 -9999 -9999 -9999 -9999 -0.329 -0.363 -9999 -9999 -9999 -9999 -9999 -9999 -9999 -9999 -9999 -9999 -9999 -9999 -9999 -9999 -9999 -9999 -9999 -0.717 -0.737 -0.73 -0.719 -0.725 -0.726 -0.722 -0.714 -0.706 -0.695 -0.685 -0.671 -0.669 -0.666 -0.665 -0.663 -0.646 -0.622 -0.624 -0.625 -0.615 -0.6 -0.593 -0.582 -0.572 -0.558 -0.555 -0.549 -0.525 -0.494 -0.48 -0.46 -0.447 -0.433 -0.415 -0.392 -0.383 -0.371 -0.349
-9999 -9999 -9999 -9999 -9999 -9999 -9999 -9999 -9999 -9999 -9999 -9999 -9999 -9999 -9999 -9999 -9999 -0.337 -0.371 -0.395 -9999 -9999 -9999 -9999 -9999 -9999 -9999 -9999 -9999 -9999 -9999 -9999 -9999 -9999 -9999 -0.679 -0.696 -0.721 -0.719 -0.719 -0.722 -0.712 -0.709 -0.706 -0.7 -0.688 -0.685 -0.685 -0.68 -0.666 -0.662 -0.651 -0.647 -0.632 -0.623 -0.618 -0.619 -0.61 -0.6 -0.587 -0.575 -0.56 -0.546 -0.533 -0.519 -0.494 -0.474 -0.452 -0.436 -0.42 -0.401 -0.378 -0.361 -0.344 -0.332
-9999 -9999 -9999 -9999 -9999 -9999 -9999 -9999 -9999 -9999 -9999 -9999 -9999 -9999 -9999 -9999 -0.322 -0.336 -0.364 -0.389 -0.415 -9999 -9999 -9999 -9999 -9999 -9999 -9999 -9999 -9999 -9999 -9999 -0.633 -9999 -9999 -0.663 -0.679 -0.701 -0.705 -0.707 -9999 -0.693 -0.693 -0.691 -0.684 -0.673 -0.679 -0.681 -0.67 -0.657 -0.649 -0.637 -0.632 -0.625 -0.617 -0.604 -0.604 -0.602 -0.592 -0.577 -0.565 -0.546 -0.531 -0.511 -0.496 -0.477 -0.457 -0.432 -0.413 -0.394 -0.375 -0.352 -0.335 -0.313 -0.3
-9999 -9999 -9999 -9999 -9999 -9999 -9999 -9999 -9999 -9999 -9999 -9999 -9999 -9999 -9999 -9999 -0.339 -0.367 -0.388 -0.386 -0.402 -0.393 -0.426 -9999 -9999 -9999 -0.509 -0.526 -9999 -0.573 -0.596 -0.621 -0.641 -0.668 -9999 -9999 -0.7 -0.712 -9999 -9999 -0.701 -0.688 -0.687 -0.68 -0.677 -0.677 -0.681 -0.675 -0.666 -0.651 -0.651 -0.645 -0.631 -0.618 -0.604 -0.589 -0.593 -0.593 -0.581 -0.565 -0.558 -0.542 -0.521 -0.497 -0.489 -0.475 -0.447 -0.416 -0.403 -0.385 -0.357 -0.33 -0.315 -0.295 -0.262
-9999 -9999 -9999 -9999 -9999 -9999 -9999 -9999 -9999 -9999 -9999 -9999 -9999 -9999 -9999 -9999 -9999 -0.372 -0.379 -0.378 -0.378 -0.371 -9999 -9999 -0.477 -0.487 -0.499 -0.512 -0.544 -0.57 -0.591 -0.611 -0.641 -0.668 -0.68 -9999 -0.694 -0.707 -0.702 -0.694 -0.687 -0.674 -0.67 -0.664 -0.666 -0.666 -0.666 -0.662 -0.652 -0.639 -0.639 -0.638 -0.624 -0.606 -0.591 -0.572 -0.575 -0.576 -0.564 -0.545 -0.536 -0.523 -0.502 -0.475 -0.467 -0.457 -0.429 -0.393 -0.378 -0.36 -0.331 -0.3 -0.285 -0.266 -0.234
-9999 -9999 -9999 -9999 -9999 -9999 -9999 -9999 -9999 -9999 -9999 -9999 -9999 -9999 -9999 -9999 -9999 -0.352 -0.365 -0.392 -0.393 -0.386 -0.425 -0.451 -0.469 -0.498 -0.517 -0.541 -0.571 -0.591 -0.607 -0.603 -0.629 -0.645 -0.665 -0.692 -0.701 -0.701 -0.701 -0.703 -0.697 -0.681 -0.68 -0.674 -0.675 -0.668 -0.671 -0.673 -0.661 -0.632 -0.636 -0.644 -0.629 -0.61 -0.596 -0.578 -0.574 -0.571 -0.556 -0.536 -0.535 -0.529 -0.507 -0.48 -0.457 -0.439 -0.424 -0.396 -0.373 -0.35 -0.322 -0.294 -0.267 -0.243 -0.205
-9999 -9999 -9999 -9999 -9999 -9999 -9999 -9999 -9999 -9999 -9999 -9999 -9999 -9999 -9999 -9999 -9999 -9999 -0.363 -0.39 -0.39 -0.385 -0.409 -0.433 -0.463 -0.494 -0.519 -0.543 -0.566 -0.59 -0.593 -0.588 -0.604 -0.618 -0.645 -0.675 -0.679 -0.68 -0.685 -0.688 -0.681 -0.667 -0.665 -0.661 -0.658 -0.651 -0.657 -0.66 -0.64 -0.613 -0.622 -0.63 -0.618 -0.601 -0.588 -0.569 -0.565 -0.556 -0.539 -0.518 -0.516 -0.514 -0.492 -0.464 -0.443 -0.415 -0.399 -0.379 -0.357 -0.328 -0.299 -0.272 -0.247 -0.215 -0.179
-9999 -9999 -9999 -9999 -9999 -9999 -9999 -9999 -9999 -9999 -9999 -9999 -9999 -9999 -9999 -9999 -9999 -9999 -9999 -9999 -0.386 -0.403 -0.428 -0.449 -0.483 -0.524 -0.55 -0.57 -0.586 -0.577 -0.58 -0.583 -0.6 -0.62 -0.637 -0.632 -0.637 -0.644 -0.655 -0.677 -0.668 -0.645 -0.643 -0.635 -0.632 -0.628 -0.628 -0.613 -0.608 -0.63 -0.632 -0.613 -0.603 -0.587 -0.578 -0.563 -0.558 -0.548 -0.536 -0.518 -0.509 -0.503 -0.481 -0.454 -0.428 -0.399 -0.382 -0.362 -0.345 -0.321 -0.289 -0.261 -0.234 -0.202 -0.171
-9999 -9999 -9999 -9999 -9999 -9999 -9999 -9999 -9999 -9999 -9999 -9999 -9999 -9999 -9999 -9999 -9999 -9999 -9999 -0.364 -0.384 -0.402 -0.425 -0.447 -0.485 -0.526 -0.548 -0.569 -0.563 -0.553 -0.561 -0.564 -0.583 -0.603 -0.602 -0.598 -0.606 -0.613 -0.635 -0.657 -0.643 -0.622 -0.617 -0.61 -0.609 -0.605 -0.595 -0.58 -0.6 -0.622 -0.61 -0.591 -0.582 -0.566 -0.557 -0.541 -0.536 -0.527 -0.516 -0.501 -0.492 -0.482 -0.461 -0.434 -0.41 -0.38 -0.364 -0.345 -0.328 -0.309 -0.278 -0.246 -0.22 -0.186 -0.156
-9999 -9999 -9999 -9999 -9999 -9999 -9999 -9999 -9999 -9999 -9999 -9999 -9999 -9999 -9999 -9999 -9999 -9999 -0.322 -0.35 -0.369 -0.388 -0.416 -0.454 -0.485 -0.503 -0.524 -0.545 -0.54 -0.533 -0.55 -0.573 -0.58 -0.558 -0.561 -0.571 -0.587 -0.615 -0.634 -0.643 -0.638 -0.64 -0.638 -0.629 -0.615 -0.569 -0.564 -0.568 -0.576 -0.564 -0.56 -0.575 -0.564 -0.547 -0.54 -0.526 -0.515 -0.503 -0.499 -0.488 -0.471 -0.456 -0.439 -0.415 -0.391 -0.362 -0.339 -0.316 -0.313 -0.303 -0.271 -0.237 -0.221 -0.195 -0.159
-9999 -9999 -9999 -9999 -9999 -9999 -9999 -9999 -9999 -9999 -9999 -9999 -9999 -9999 -9999 -9999 -9999 -0.285 -0.306 -0.337 -0.356 -0.374 -0.41 -0.447 -0.466 -0.478 -0.497 -0.518 -0.514 -0.508 -0.534 -0.558 -0.545 -0.525 -0.536 -0.546 -0.572 -0.6 -0.612 -0.621 -0.629 -0.633 -0.629 -0.621 -0.586 -0.541 -0.546 -0.55 -0.54 -0.525 -0.535 -0.548 -0.537 -0.52 -0.512 -0.5 -0.489 -0.474 -0.468 -0.462 -0.449 -0.43 -0.413 -0.392 -0.369 -0.341 -0.319 -0.292 -0.289 -0.287 -0.256 -0.22 -0.203 -0.184 -0.15
-9999 -9999 -9999 -9999 -9999 -9999 -9999 -9999 -9999 -9999 -9999 -9999 -9999 -9999 -9999 -0.267 -0.269 -0.293 -0.312 -0.331 -0.346 -0.36 -0.389 -0.416 -0.432 -0.461 -0.48 -0.499 -0.497 -0.495 -0.516 -0.524 -0.523 -0.536 -0.55 -0.562 -0.581 -0.578 -0.595 -0.619 -0.623 -0.611 -0.611 -0.614 -0.58 -0.537 -0.545 -0.557 -0.547 -0.535 -0.54 -0.53 -0.527 -0.515 -0.517 -0.511 -0.485 -0.463 -0.455 -0.447 -0.43 -0.412 -0.397 -0.376 -0.366 -0.347 -0.316 -0.287 -0.273 -0.265 -0.246 -0.217 -0.183 -0.154 -0.141
-9999 -9999 -9999 -9999 -9999 -9999 -9999 -9999 -9999 -9999 -9999 -9999 -9999 -9999 -0.263 -0.26 -0.279 -0.291 -9999 -9999 -9999 -9999 -0.376 -0.385 -0.411 -0.439 -0.457 -0.476 -0.476 -0.474 -0.486 -0.495 -0.509 -0.524 -0.538 -0.551 -0.554 -0.555 -0.579 -0.603 -0.599 -0.587 -0.592 -0.594 -0.562 -0.52 -0.53 -0.54 -0.531 -0.521 -0.514 -0.504 -0.501 -0.494 -0.495 -0.495 -0.471 -0.439 -0.431 -0.421 -0.405 -0.384 -0.373 -0.355 -0.346 -0.335 -0.307 -0.272 -0.259 -0.243 -0.223 -0.201 -0.167 -0.128 -0.114
-9999 -9999 -9999 -9999 -9999 -9999 -9999 -9999 -9999 -9999 -9999 -9999 -9999 -9999 -0.254 -0.247 -0.262 -9999 -9999 -9999 -9999 -9999 -0.381 -0.404 -0.426 -0.437 -0.454 -0.468 -0.469 -0.467 -0.477 -0.481 -0.497 -0.514 -0.528 -0.537 -0.55 -0.571 -0.585 -0.572 -0.575 -0.581 -0.58 -0.561 -0.54 -0.537 -0.541 -0.529 -0.522 -0.513 -0.506 -0.494 -0.488 -0.479 -0.475 -0.472 -0.458 -0.434 -0.42 -0.407 -0.397 -0.383 -0.379 -0.371 -0.337 -0.31 -0.299 -0.274 -0.248 -0.225 -0.193 -0.162 -0.145 -0.116 -0.1
-9999 -9999 -9999 -9999 -9999 -9999 -9999 -9999 -9999 -9999 -9999 -9999 -9999 -9999 -9999 -9999 -0.257 -9999 -9999 -9999 -9999 -9999 -0.373 -0.396 -0.409 -0.422 -0.436 -0.45 -0.451 -0.448 -0.455 -0.459 -0.475 -0.492 -0.502 -0.512 -0.534 -0.557 -0.552 -0.541 -0.554 -0.562 -0.55 -0.529 -0.528 -0.527 -0.518 -0.506 -0.5 -0.493 -0.485 -0.471 -0.465 -0.455 -0.451 -0.445 -0.431 -0.414 -0.401 -0.385 -0.376 -0.367 -0.364 -0.359 -0.33 -0.287 -0.273 -0.257 -0.23 -0.197 -0.164 -0.125 -0.106 -0.09 -0.079
-9999 -9999 -9999 -9999 -9999 -9999 -9999 -9999 -9999 -9999 -9999 -9999 -9999 -9999 -9999 -9999 -9999 -9999 -9999 -9999 -9999 -9999 -0.367 -0.395 -0.403 -0.397 -0.411 -0.427 -0.428 -0.426 -0.433 -0.441 -0.459 -0.482 -0.492 -0.499 -0.52 -0.537 -0.538 -0.543 -0.556 -0.558 -0.548 -0.525 -0.526 -0.523 -0.508 -0.475 -0.468 -0.457 -0.46 -0.454 -0.451 -0.444 -0.438 -0.431 -0.422 -0.409 -0.393 -0.377 -0.358 -0.343 -0.343 -0.338 -0.317 -0.284 -0.269 -0.251 -0.222 -0.189 -0.155 -0.117 -0.08 -0.057 -0.059
-9999 -9999 -9999 -9999 -9999 -9999 -9999 -9999 -9999 -9999 -9999 -9999 -9999 -9999 -9999 -9999 -9999 -9999 -9999 -9999 -9999 -9999 -9999 -0.379 -0.378 -0.373 -0.387 -0.402 -0.403 -0.402 -0.411 -0.418 -0.439 -0.461 -0.469 -0.475 -0.492 -0.508 -0.517 -0.523 -0.53 -0.532 -0.521 -0.502 -0.503 -0.502 -0.477 -0.446 -0.437 -0.426 -0.43 -0.431 -0.427 -0.422 -0.417 -0.41 -0.402 -0.392 -0.378 -0.357 -0.338 -0.313 -0.311 -0.308 -0.286 -0.258 -0.245 -0.226 -0.197 -0.162 -0.129 -0.093 -0.06 -0.031 -0.036
-9999 -9999 -9999 -9999 -9999 -9999 -9999 -9999 -9999 -9999 -9999 -9999 -9999 -9999 -9999 -9999 -9999 -9999 -9999 -9999 -9999 -9999 -0.333 -0.358 -0.362 -0.372 -0.386 -0.397 -0.401 -0.403 -0.414 -0.423 -0.441 -0.456 -0.465 -0.471 -0.485 -0.494 -0.501 -0.499 -0.507 -0.518 -0.516 -0.515 -0.511 -0.488 -0.467 -0.441 -0.435 -0.424 -0.426 -0.427 -0.425 -0.42 -0.412 -0.403 -0.384 -0.366 -0.35 -0.329 -0.314 -0.293 -0.287 -0.282 -0.263 -0.237 -0.226 -0.21 -0.187 -0.157 -0.121 -0.086 -0.053 -0.026 -0.02
-9999 -9999 -9999 -9999 -9999 -9999 -9999 -9999 -9999 -9999 -9999 -9999 -9999 -9999 -9999 -9999 -9999 -9999 -9999 -9999 -9999 -9999 -0.314 -0.336 -0.347 -0.358 -0.37 -0.381 -0.386 -0.39 -0.401 -0.41 -0.423 -0.438 -0.446 -0.453 -0.463 -0.471 -0.472 -0.469 -0.48 -0.491 -0.497 -0.499 -0.484 -0.464 -0.446 -0.424 -0.418 -0.41 -0.411 -0.409 -0.407 -0.403 -0.396 -0.383 -0.363 -0.336 -0.318 -0.296 -0.282 -0.265 -0.258 -0.25 -0.231 -0.206 -0.195 -0.181 -0.16 -0.134 -0.101 -0.068 -0.041 -0.013 -0.009
-9999 -9999 -9999 -9999 -9999 -9999 -9999 -9999 -9999 -9999 -9999 -9999 -9999 -9999 -9999 -9999 -9999 -9999 -9999 -9999 -9999 -9999 -0.308 -0.329 -0.345 -0.366 -0.381 -0.394 -0.395 -0.38 -0.394 -0.413 -0.418 -0.407 -0.419 -0.44 -0.44 -0.419 -0.424 -0.44 -0.449 -0.451 -0.458 -0.467 -0.456 -0.442 -0.434 -0.433 -0.423 -0.396 -0.396 -0.393 -0.386 -0.378 -0.366 -0.349 -0.338 -0.317 -0.297 -0.275 -0.26 -0.243 -0.234 -0.225 -0.213 -0.193 -0.162 -0.137 -0.122 -0.102 -0.077 -0.052 -0.036 -0.016 -0.012
-9999 -9999 -9999 -9999 -9999 -9999 -9999 -9999 -9999 -9999 -9999 -9999 -9999 -9999 -9999 -9999 -9999 -9999 -9999 -9999 -9999 -9999 -9999 -0.314 -0.336 -0.358 -0.373 -0.387 -0.378 -0.364 -0.383 -0.402 -0.394 -0.382 -0.4 -0.42 -0.406 -0.384 -0.399 -0.414 -0.418 -0.419 -0.428 -0.436 -0.429 -0.417 -0.419 -0.42 -0.4 -0.375 -0.374 -0.37 -0.363 -0.349 -0.334 -0.314 -0.303 -0.288 -0.269 -0.246 -0.231 -0.214 -0.204 -0.194 -0.182 -0.168 -0.138 -0.102 -0.088 -0.074 -0.052 -0.033 -0.02 -0.005 -0.002
-9999 -9999 -9999 -9999 -9999 -9999 -9999 -9999 -9999 -9999 -9999 -9999 -9999 -9999 -9999 -9999 -9999 -9999 -9999 -9999 -9999 -9999 -9999 -0.318 -0.338 -0.359 -0.369 -0.367 -0.359 -0.347 -0.366 -0.385 -0.386 -0.394 -0.405 -0.398 -0.397 -0.413 -0.421 -0.406 -0.406 -0.395 -0.405 -0.415 -0.415 -0.422 -0.422 -0.41 -0.392 -0.367 -0.361 -0.355 -0.348 -0.336 -0.31 -0.285 -0.265 -0.246 -0.243 -0.231 -0.22 -0.205 -0.189 -0.174 -0.16 -0.145 -0.123 -0.094 -0.072 -0.053 -0.037 -0.024 -0.011 0.004 0.011
-9999 -9999 -9999 -9999 -9999 -9999 -9999 -9999 -9999 -9999 -9999 -9999 -9999 -9999 -9999 -9999 -9999 -9999 -9999 -9999 -9999 -9999 -0.281 -0.31 -0.327 -0.347 -0.348 -0.346 -0.34 -0.329 -0.348 -0.366 -0.377 -0.387 -0.383 -0.376 -0.392 -0.409 -0.4 -0.387 -0.38 -0.369 -0.38 -0.39 -0.4 -0.408 -0.401 -0.39 -0.372 -0.349 -0.343 -0.33 -0.322 -0.309 -0.284 -0.253 -0.234 -0.211 -0.208 -0.206 -0.195 -0.182 -0.167 -0.147 -0.133 -0.117 -0.098 -0.076 -0.055 -0.032 -0.018 -0.008 0.003 0.019 0.025
-9999 -9999 -9999 -9999 -9999 -9999 -9999 -9999 -9999 -9999 -9999 -9999 -9999 -9999 -9999 -9999 -9999 -9999 -9999 -9999 -9999 -9999 -0.283 -0.312 -0.323 -0.323 -0.328 -0.341 -0.338 -0.331 -0.35 -0.37 -0.382 -0.388 -0.384 -0.369 -0.381 -0.385 -0.38 -0.376 -0.376 -0.383 -0.389 -0.381 -0.389 -0.386 -0.383 -0.378 -0.363 -0.343 -0.331 -0.301 -0.297 -0.288 -0.279 -0.258 -0.225 -0.196 -0.192 -0.188 -0.16 -0.137 -0.142 -0.136 -0.112 -0.092 -0.077 -0.058 -0.049 -0.033 -0.023 -0.016 0.002 0.021 0.029
-9999 -9999 -9999 -9999 -9999 -9999 -9999 -9999 -9999 -9999 -9999 -9999 -9999 -9999 -9999 -9999 -9999 -9999 -9999 -9999 -9999 -9999 -0.284 -0.303 -0.304 -0.304 -0.315 -0.326 -0.325 -0.319 -0.339 -0.359 -0.368 -0.375 -0.367 -0.353 -0.358 -0.361 -0.359 -0.354 -0.363 -0.371 -0.368 -0.361 -0.362 -0.361 -0.36 -0.357 -0.344 -0.323 -0.3 -0.271 -0.266 -0.261 -0.252 -0.24 -0.21 -0.172 -0.167 -0.162 -0.135 -0.1 -0.105 -0.114 -0.093 -0.067 -0.053 -0.037 -0.029 -0.019 -0.011 -0.006 0.011 0.034 0.041
-9999 -9999 -9999 -9999 -9999 -9999 -9999 -9999 -9999 -9999 -9999 -9999 -9999 -9999 -9999 -9999 -9999 -9999 -9999 -9999 -9999 -0.247 -0.269 -0.292 -0.296 -0.303 -0.313 -0.322 -0.322 -0.322 -0.337 -0.34 -0.348 -0.348 -0.343 -0.34 -0.338 -0.323 -0.322 -0.327 -0.334 -0.336 -0.332 -0.324 -0.325 -0.325 -0.333 -0.356 -0.343 -0.313 -0.292 -0.268 -0.265 -0.261 -0.237 -0.217 -0.196 -0.165 -0.153 -0.145 -0.131 -0.109 -0.097 -0.098 -0.069 -0.039 -0.039 -0.031 -0.019 -0.008 -0.003 0.0 0.007 0.023 0.022
-9999 -9999 -9999 -9999 -9999 -9999 -9999 -9999 -9999 -9999 -9999 -9999 -9999 -9999 -9999 -9999 -9999 -9999 -9999 -9999 -0.228 -0.24 -0.256 -0.278 -0.286 -0.294 -0.303 -0.311 -0.312 -0.311 -0.316 -0.319 -0.323 -0.323 -0.323 -0.321 -0.309 -0.294 -0.298 -0.302 -0.304 -0.304 -0.3 -0.293 -0.295 -0.293 -0.315 -0.337 -0.317 -0.29 -0.272 -0.247 -0.245 -0.241 -0.219 -0.19 -0.169 -0.143 -0.131 -0.119 -0.108 -0.096 -0.087 -0.076 -0.049 -0.015 -0.015 -0.015 -0.002 0.01 0.013 0.015 0.021 0.032 0.028
-9999 -9999 -9999 -9999 -9999 -9999 -9999 -9999 -9999 -9999 -9999 -9999 -9999 -9999 -9999 -9999 -9999 -9999 -0.21 -0.216 -0.23 -0.244 -0.264 -0.282 -0.29 -0.293 -0.302 -0.307 -0.304 -0.29 -0.295 -0.303 -0.309 -0.313 -0.317 -0.322 -0.31 -0.287 -0.295 -0.306 -0.301 -0.279 -0.28 -0.292 -0.297 -0.305 -0.313 -0.291 -0.278 -0.275 -0.258 -0.236 -0.226 -0.218 -0.204 -0.181 -0.16 -0.135 -0.124 -0.115 -0.105 -0.094 -0.085 -0.076 -0.053 -0.024 -0.014 -0.009 -0.001 0.006 0.01 0.014 0.022 0.03 0.027
-9999 -9999 -9999 -9999 -9999 -9999 -9999 -9999 -9999 -9999 -9999 -9999 -9999 -9999 -9999 -9999 -9999 -0.195 -0.206 -0.227 -0.235 -0.239 -0.257 -0.275 -0.28 -0.284 -0.291 -0.296 -0.286 -0.271 -0.279 -0.286 -0.291 -0.295 -0.303 -0.309 -0.293 -0.271 -0.282 -0.294 -0.277 -0.255 -0.265 -0.276 -0.284 -0.292 -0.278 -0.253 -0.252 -0.25 -0.234 -0.212 -0.203 -0.191 -0.176 -0.158 -0.138 -0.115 -0.108 -0.1 -0.089 -0.078 -0.072 -0.063 -0.042 -0.015 -0.005 0.007 0.013 0.018 0.02 0.024 0.03 0.04 0.035
-9999 -9999 -9999 -9999 -9999 -9999 -9999 -9999 -9999 -9999 -9999 -9999 -9999 -9999 -0.19 -0.202 -0.21 -0.225 -0.237 -0.224 -0.233 -0.248 -0.266 -0.282 -0.289 -0.296 -0.301 -0.297 -0.293 -0.295 -0.297 -0.284 -0.292 -0.304 -0.307 -0.293 -0.286 -0.288 -0.291 -0.273 -0.265 -0.27 -0.276 -0.27 -0.273 -0.263 -0.255 -0.259 -0.255 -0.236 -0.226 -0.208 -0.194 -0.181 -0.163 -0.144 -0.135 -0.12 -0.094 -0.076 -0.072 -0.064 -0.063 -0.059 -0.042 -0.018 -0.003 0.012 0.021 0.025 0.025 0.028 0.025 0.028 0.031
-9999 -9999 -9999 -9999 -9999 -9999 -9999 -9999 -9999 -9999 -9999 -9999 -0.193 -0.195 -0.197 -0.199 -0.212 -0.229 -0.223 -0.213 -0.228 -0.243 -0.259 -0.275 -0.283 -0.29 -0.29 -0.287 -0.291 -0.294 -0.286 -0.274 -0.286 -0.298 -0.289 -0.276 -0.28 -0.282 -0.269 -0.251 -0.257 -0.262 -0.259 -0.254 -0.248 -0.236 -0.24 -0.245 -0.231 -0.212 -0.201 -0.187 -0.175 -0.158 -0.142 -0.121 -0.116 -0.109 -0.086 -0.056 -0.051 -0.047 -0.046 -0.044 -0.028 -0.006 0.007 0.022 0.027 0.033 0.033 0.036 0.035 0.033 0.036
-9999 -9999 -9999 -9999 -9999 -9999 -9999 -9999 -0.187 -0.172 -0.178 -0.185 -0.195 -0.212 -0.215 -0.217 -0.225 -0.228 -0.227 -0.229 -0.24 -0.237 -0.253 -0.269 -0.277 -0.28 -0.285 -0.295 -0.3 -0.301 -0.299 -0.299 -0.303 -0.284 -0.278 -0.275 -0.279 -0.278 -0.268 -0.259 -0.261 -0.253 -0.25 -0.245 -0.24 -0.232 -0.235 -0.232 -0.222 -0.212 -0.196 -0.179 -0.17 -0.157 -0.141 -0.123 -0.105 -0.095 -0.079 -0.055 -0.046 -0.039 -0.026 -0.017 -0.017 -0.006 0.01 0.024 0.028 0.033 0.029 0.029 0.04 0.046 0.039
-9999 -9999 -9999 -9999 -9999 -9999 -9999 -0.176 -0.178 -0.17 -0.181 -0.191 -0.204 -0.214 -0.217 -0.219 -0.219 -0.22 -0.223 -0.226 -0.227 -0.226 -0.241 -0.257 -0.262 -0.266 -0.278 -0.289 -0.293 -0.295 -0.298 -0.299 -0.286 -0.268 -0.268 -0.265 -0.267 -0.266 -0.261 -0.253 -0.247 -0.238 -0.234 -0.228 -0.226 -0.217 -0.216 -0.213 -0.208 -0.2 -0.185 -0.164 -0.157 -0.146 -0.132 -0.113 -0.099 -0.081 -0.066 -0.046 -0.039 -0.028 -0.015 0.002 0.003 0.004 0.016 0.031 0.034 0.04 0.036 0.034 0.044 0.058 0.052
-9999 -9999 -9999 -9999 -9999 -9999 -0.163 -0.188 -0.191 -0.188 -0.199 -0.199 -0.209 -0.21 -0.213 -0.215 -0.215 -0.218 -0.224 -0.24 -0.244 -0.246 -0.257 -0.255 -0.263 -0.269 -0.277 -0.273 -0.279 -0.287 -0.29 -0.285 -0.277 -0.273 -0.271 -0.259 -0.263 -0.27 -0.263 -0.245 -0.241 -0.238 -0.236 -0.235 -0.233 -0.226 -0.222 -0.206 -0.201 -0.193 -0.181 -0.167 -0.159 -0.149 -0.13 -0.112 -0.098 -0.081 -0.067 -0.048 -0.038 -0.027 -0.005 0.015 0.021 0.024 0.023 0.03 0.043 0.056 0.055 0.055 0.06 0.071 0.064
