Validation/Results/ReClimate_12_2023_1_Precipitation-Actuals.asc
NCOLS 192
NROWS 249
XLLCENTER -225160.85627316462
YLLCENTER 29788.11610251502
CELLSIZE 5000.0
NODATA_VALUE -9999
[rows 99 to 131 of 249, columns 74 to 147 of 192]
278.192 282.168 304.001 310.709 326.162 348.027 370.883 386.248 -9999 -9999 271.421 394.734 440.282 485.029 466.824 492.289 478.822 413.295 393.065 352.189 332.758 328.187 320.902 299.186 255.509 236.682 208.92 204.951 188.168 169.413 153.466 153.691 153.723 141.71 125.711 114.928 99.206 89.297 90.343 99.593 93.958 83.75 81.031 81.933 74.091 -9999 -9999 -9999 -9999 -9999 -9999 -9999 -9999 -9999 -9999 -9999 -9999 -9999 -9999 -9999 -9999 -9999 -9999 -9999 -9999 -9999 -9999 -9999 -9999 -9999 -9999 -9999 -9999 -9999
257.535 307.611 300.378 -9999 -9999 300.176 338.965 -9999 -9999 -9999 254.593 359.863 479.936 484.464 531.847 475.464 420.366 402.564 428.287 409.718 364.576 353.428 311.864 291.572 285.74 255.613 220.059 229.544 233.292 195.007 165.212 158.059 137.988 126.497 102.349 93.199 86.506 89.719 103.277 102.052 100.767 96.213 92.563 81.157 69.625 -9999 -9999 -9999 -9999 -9999 -9999 -9999 -9999 -9999 -9999 -9999 -9999 -9999 -9999 -9999 -9999 -9999 -9999 -9999 -9999 -9999 -9999 -9999 -9999 -9999 -9999 -9999 -9999 -9999
258.182 -9999 306.181 306.231 316.426 -9999 -9999 -9999 -9999 301.531 296.582 387.325 426.771 450.965 474.322 448.871 439.807 457.647 484.038 433.417 418.469 337.741 307.824 289.66 260.768 230.725 246.519 272.066 256.874 203.377 174.56 154.494 138.904 114.431 100.017 92.64 95.399 107.91 97.587 97.596 97.434 95.247 84.809 72.027 -9999 -9999 -9999 -9999 -9999 -9999 -9999 -9999 -9999 -9999 -9999 -9999 -9999 -9999 -9999 -9999 -9999 -9999 -9999 -9999 -9999 -9999 -9999 -9999 -9999 -9999 -9999 -9999 -9999 -9999
266.672 343.805 402.511 431.441 455.583 396.085 336.873 -9999 -9999 288.137 -9999 -9999 332.249 463.183 460.88 421.854 453.026 508.832 481.511 497.341 463.722 384.257 314.934 267.742 275.909 282.863 285.874 276.407 262.872 242.888 211.981 162.06 130.346 111.745 101.289 101.848 112.625 91.989 86.07 90.188 85.392 81.177 75.457 -9999 -9999 -9999 -9999 -9999 -9999 -9999 -9999 -9999 -9999 -9999 -9999 -9999 -9999 -9999 -9999 -9999 -9999 -9999 -9999 -9999 -9999 -9999 -9999 -9999 -9999 -9999 -9999 -9999 -9999 -9999
291.939 333.904 391.019 461.172 437.823 -9999 -9999 -9999 289.155 317.948 328.073 344.319 373.735 395.06 369.475 373.585 456.022 485.236 476.052 448.356 412.741 363.707 330.317 322.925 270.773 277.633 256.323 254.736 246.501 209.5 187.852 153.022 126.521 110.801 98.687 103.001 91.81 82.154 -9999 -9999 79.648 -9999 -9999 -9999 -9999 -9999 -9999 -9999 -9999 -9999 -9999 -9999 -9999 -9999 -9999 -9999 -9999 -9999 -9999 -9999 -9999 -9999 -9999 -9999 -9999 -9999 -9999 -9999 -9999 -9999 -9999 -9999 -9999 -9999
277.045 317.573 382.272 -9999 402.531 -9999 -9999 -9999 300.67 349.07 381.076 373.024 351.179 373.027 384.004 443.177 497.393 464.386 449.04 437.493 448.199 411.27 344.245 277.53 277.884 270.302 239.196 204.755 164.091 162.366 142.441 126.337 118.711 104.982 96.834 95.113 89.209 -9999 87.963 79.415 74.98 79.695 -9999 -9999 -9999 -9999 -9999 -9999 -9999 -9999 -9999 -9999 -9999 -9999 -9999 -9999 -9999 -9999 -9999 -9999 -9999 -9999 -9999 -9999 -9999 -9999 -9999 -9999 -9999 -9999 -9999 -9999 -9999 -9999
-9999 278.622 -9999 -9999 -9999 -9999 322.738 315.49 333.137 362.782 388.684 381.456 395.543 425.173 424.918 459.254 458.715 500.904 451.808 450.03 424.05 402.036 337.073 340.265 344.797 286.766 237.763 206.588 186.051 150.692 133.557 119.531 115.162 106.359 99.374 -9999 94.104 89.942 80.763 80.571 76.184 84.067 -9999 -9999 -9999 -9999 -9999 -9999 -9999 -9999 -9999 -9999 -9999 -9999 -9999 -9999 -9999 -9999 -9999 -9999 -9999 -9999 -9999 -9999 -9999 -9999 -9999 -9999 -9999 -9999 -9999 -9999 -9999 -9999
-9999 -9999 -9999 -9999 -9999 -9999 317.574 289.804 304.148 354.376 389.116 379.539 412.382 373.899 381.616 431.243 511.058 505.089 445.503 428.174 416.971 355.143 342.543 364.731 313.256 311.407 288.321 230.369 203.961 171.366 158.063 149.52 146.145 136.99 135.135 124.016 100.255 90.319 89.694 95.414 88.317 89.943 83.141 -9999 -9999 -9999 -9999 -9999 -9999 -9999 -9999 -9999 -9999 -9999 -9999 -9999 -9999 -9999 -9999 -9999 -9999 -9999 -9999 -9999 -9999 -9999 -9999 -9999 -9999 -9999 -9999 -9999 -9999 -9999
-9999 -9999 -9999 -9999 -9999 306.312 -9999 -9999 301.891 357.361 369.575 401.481 385.195 -9999 -9999 472.904 538.893 553.042 440.032 402.599 370.568 332.567 321.301 297.742 275.33 255.233 205.078 193.955 177.162 195.921 208.162 209.472 182.38 164.144 145.368 133.687 115.428 99.736 107.724 92.237 97.349 93.483 78.711 67.005 -9999 -9999 -9999 -9999 -9999 -9999 -9999 -9999 -9999 -9999 -9999 -9999 -9999 -9999 -9999 -9999 -9999 -9999 -9999 -9999 -9999 -9999 -9999 -9999 -9999 -9999 -9999 -9999 -9999 -9999
-9999 -9999 -9999 -9999 -9999 286.151 -9999 271.605 295.05 325.497 370.023 386.988 372.317 365.599 430.323 481.472 493.676 405.745 406.361 424.924 343.24 312.111 293.628 267.529 222.659 191.88 168.742 166.656 201.431 251.88 261.977 214.951 183.899 151.803 136.53 123.053 110.751 107.061 93.702 85.104 78.889 76.273 67.208 -9999 -9999 -9999 -9999 -9999 -9999 -9999 -9999 -9999 -9999 -9999 -9999 -9999 -9999 -9999 -9999 -9999 -9999 -9999 -9999 -9999 -9999 -9999 -9999 -9999 -9999 -9999 -9999 -9999 -9999 -9999
-9999 -9999 -9999 -9999 -9999 265.992 -9999 247.368 248.21 297.381 319.846 325.893 -9999 392.86 415.521 -9999 423.732 402.094 406.661 346.657 351.104 295.331 259.261 209.263 183.725 168.0 166.502 159.127 183.876 179.413 164.857 167.951 154.524 141.53 125.139 116.309 105.657 93.408 84.552 -9999 -9999 -9999 -9999 -9999 -9999 -9999 -9999 -9999 -9999 -9999 -9999 -9999 -9999 -9999 -9999 -9999 -9999 -9999 -9999 -9999 -9999 -9999 -9999 -9999 -9999 -9999 -9999 -9999 -9999 -9999 -9999 -9999 -9999 -9999
-9999 -9999 -9999 236.179 247.495 -9999 -9999 220.682 261.123 289.262 289.5 329.616 390.462 383.583 430.789 -9999 349.245 364.636 336.479 312.629 286.322 266.717 221.037 211.966 207.842 205.587 191.802 157.8 140.997 132.228 131.469 130.685 132.781 131.046 119.257 113.532 104.628 87.838 -9999 -9999 -9999 -9999 -9999 -9999 -9999 -9999 -9999 -9999 -9999 -9999 -9999 -9999 -9999 -9999 -9999 -9999 -9999 -9999 -9999 -9999 -9999 -9999 -9999 -9999 -9999 -9999 -9999 -9999 -9999 -9999 -9999 -9999 -9999 -9999
-9999 -9999 216.895 229.199 242.598 -9999 230.249 253.935 273.916 276.826 -9999 360.291 368.371 410.149 434.381 -9999 326.22 324.229 281.556 238.456 235.639 212.406 214.811 235.942 241.391 234.484 205.546 175.546 151.792 -9999 109.038 112.722 114.636 112.537 108.457 113.151 97.343 -9999 -9999 -9999 -9999 -9999 -9999 -9999 -9999 -9999 -9999 -9999 -9999 -9999 -9999 -9999 -9999 -9999 -9999 -9999 -9999 -9999 -9999 -9999 -9999 -9999 -9999 -9999 -9999 -9999 -9999 -9999 -9999 -9999 -9999 -9999 -9999 -9999
-9999 -9999 209.928 228.977 -9999 -9999 246.01 274.522 282.5 -9999 311.113 345.75 371.449 401.311 395.864 -9999 283.99 245.922 228.319 224.719 222.158 219.338 227.18 270.906 273.074 266.926 236.888 187.275 149.872 119.715 108.453 -9999 -9999 94.078 96.318 -9999 -9999 -9999 -9999 -9999 -9999 63.351 60.809 56.456 -9999 -9999 -9999 -9999 -9999 -9999 -9999 -9999 -9999 -9999 -9999 -9999 -9999 -9999 -9999 -9999 -9999 -9999 -9999 -9999 -9999 -9999 -9999 -9999 -9999 -9999 -9999 -9999 -9999 -9999
-9999 207.727 235.653 -9999 -9999 248.338 255.539 255.905 289.017 -9999 299.017 330.811 333.864 347.579 366.787 -9999 -9999 -9999 242.99 232.567 227.139 221.795 227.323 230.42 231.396 216.599 192.274 168.78 151.616 137.815 116.019 97.697 96.024 95.946 85.661 -9999 -9999 -9999 -9999 -9999 65.478 62.694 61.889 57.706 57.517 -9999 -9999 -9999 -9999 -9999 -9999 -9999 -9999 -9999 -9999 -9999 -9999 -9999 -9999 -9999 -9999 -9999 -9999 -9999 -9999 -9999 -9999 -9999 -9999 -9999 -9999 -9999 -9999 -9999
212.011 232.831 239.892 -9999 -9999 -9999 215.956 265.955 271.984 -9999 264.834 -9999 278.959 307.975 290.96 -9999 252.634 267.162 268.162 -9999 200.55 183.908 185.761 185.681 177.161 175.179 172.268 160.555 152.784 143.037 124.844 117.567 107.406 94.332 85.938 77.082 76.619 73.243 -9999 64.28 64.818 64.18 65.654 74.99 79.366 88.183 64.844 -9999 -9999 -9999 -9999 -9999 -9999 -9999 -9999 -9999 -9999 -9999 -9999 -9999 -9999 -9999 -9999 -9999 -9999 -9999 -9999 -9999 -9999 -9999 -9999 -9999 -9999 -9999
218.563 243.164 -9999 -9999 -9999 -9999 235.47 274.938 251.843 -9999 229.012 -9999 243.633 240.252 -9999 266.231 285.275 321.921 306.505 224.312 182.716 164.747 156.669 150.221 152.219 150.355 149.359 145.066 141.637 140.748 126.599 122.269 112.05 107.178 94.681 89.582 94.014 78.908 70.435 71.232 69.955 69.744 73.979 90.773 96.416 103.574 92.197 75.961 72.467 76.055 -9999 -9999 -9999 -9999 -9999 -9999 -9999 -9999 -9999 -9999 -9999 -9999 -9999 -9999 -9999 -9999 -9999 -9999 -9999 -9999 -9999 -9999 -9999 -9999
-9999 238.236 -9999 -9999 -9999 -9999 223.294 236.218 252.978 247.383 -9999 -9999 195.971 205.41 -9999 244.301 293.073 351.876 285.25 226.374 184.389 170.531 151.253 139.018 134.452 129.83 129.065 134.407 146.044 150.409 143.359 130.286 135.512 125.526 117.863 123.224 105.4 83.928 75.327 83.914 87.115 94.718 119.405 125.747 119.593 115.532 101.075 98.778 76.183 75.314 73.301 -9999 -9999 -9999 -9999 -9999 -9999 -9999 -9999 -9999 -9999 -9999 -9999 -9999 -9999 -9999 -9999 -9999 -9999 -9999 -9999 -9999 -9999 -9999
248.929 -9999 -9999 -9999 -9999 -9999 191.766 215.346 243.943 221.927 -9999 -9999 197.401 194.511 -9999 -9999 283.291 277.89 249.484 220.135 209.519 198.474 176.085 159.209 154.729 133.315 132.259 142.288 149.629 156.997 156.152 159.762 148.36 144.023 145.536 127.185 110.595 101.41 92.512 93.35 112.215 127.561 137.737 139.693 128.666 112.987 106.188 88.397 78.312 78.068 73.233 -9999 -9999 -9999 -9999 -9999 -9999 -9999 -9999 -9999 -9999 -9999 -9999 -9999 -9999 -9999 -9999 -9999 -9999 -9999 -9999 -9999 -9999 -9999
227.107 -9999 -9999 -9999 -9999 -9999 183.308 213.443 238.128 -9999 -9999 -9999 -9999 189.325 -9999 197.511 228.906 238.282 224.27 214.986 219.265 213.163 204.196 197.674 179.919 157.138 145.636 136.152 139.073 145.441 158.697 157.556 151.943 147.064 132.585 120.339 107.468 114.886 129.049 132.253 127.128 127.07 121.419 117.893 116.072 111.486 96.159 81.088 79.064 76.478 78.151 70.207 -9999 -9999 -9999 -9999 -9999 -9999 -9999 -9999 -9999 -9999 -9999 -9999 -9999 -9999 -9999 -9999 -9999 -9999 -9999 -9999 -9999 -9999
206.874 -9999 -9999 -9999 215.865 209.324 210.273 227.12 -9999 -9999 272.387 -9999 -9999 -9999 -9999 178.846 201.494 204.237 198.085 197.779 197.451 212.965 211.63 219.313 203.953 178.05 158.775 139.734 130.409 137.879 139.198 132.003 138.153 124.678 131.807 137.358 134.325 162.246 170.363 157.791 145.4 129.448 108.852 112.991 106.16 104.624 91.038 77.581 72.126 77.36 75.506 67.878 -9999 -9999 -9999 -9999 -9999 -9999 -9999 -9999 -9999 -9999 -9999 -9999 -9999 -9999 -9999 -9999 -9999 -9999 -9999 -9999 -9999 -9999
-9999 -9999 -9999 -9999 -9999 220.686 226.663 250.692 -9999 257.068 293.831 321.677 -9999 -9999 -9999 -9999 160.697 162.233 165.092 169.763 178.861 185.517 204.446 206.698 201.443 180.325 158.183 142.321 143.086 127.674 121.319 126.826 138.818 138.06 154.697 140.016 156.923 157.348 160.673 166.661 155.333 126.881 114.675 104.063 92.91 87.935 82.03 70.559 69.754 77.927 80.92 71.57 70.426 -9999 -9999 -9999 -9999 -9999 -9999 -9999 -9999 -9999 -9999 -9999 -9999 -9999 -9999 -9999 -9999 -9999 -9999 -9999 -9999 -9999
-9999 -9999 -9999 -9999 -9999 221.259 243.827 270.96 -9999 213.53 285.772 328.991 -9999 -9999 -9999 -9999 -9999 141.046 145.869 151.457 157.449 173.452 178.546 191.767 191.804 200.977 187.665 176.845 153.359 135.556 127.057 132.09 131.436 142.623 164.532 154.708 150.134 152.442 149.491 133.152 124.104 109.841 105.637 91.052 87.747 84.7 73.011 69.236 67.71 74.929 77.244 81.03 74.174 72.091 -9999 -9999 -9999 -9999 -9999 -9999 -9999 -9999 -9999 -9999 -9999 -9999 -9999 -9999 -9999 -9999 -9999 -9999 -9999 -9999
-9999 -9999 -9999 -9999 -9999 220.889 259.304 -9999 -9999 199.827 269.705 301.748 247.352 -9999 -9999 -9999 -9999 -9999 135.351 148.005 166.807 173.403 191.757 206.927 215.406 222.384 220.955 206.426 178.023 166.452 151.769 152.701 160.683 189.971 189.84 205.038 175.296 175.339 148.506 156.976 139.451 116.927 105.111 94.228 84.749 78.653 78.264 81.958 86.463 78.454 82.958 82.27 86.293 76.696 73.949 70.697 -9999 -9999 -9999 -9999 -9999 -9999 -9999 -9999 -9999 -9999 -9999 -9999 -9999 -9999 -9999 -9999 -9999 -9999
-9999 -9999 -9999 -9999 -9999 232.381 206.361 -9999 -9999 216.518 255.547 253.373 -9999 -9999 -9999 -9999 -9999 -9999 127.095 137.299 152.485 157.983 176.584 182.696 201.735 221.284 230.111 223.13 197.924 182.151 183.793 201.033 227.648 213.057 225.553 236.91 218.873 176.507 165.366 140.439 125.449 117.755 105.584 92.623 90.718 86.062 78.839 87.75 92.475 110.765 107.986 94.7 89.774 85.208 79.026 75.02 -9999 -9999 -9999 -9999 -9999 -9999 -9999 -9999 -9999 -9999 -9999 -9999 -9999 -9999 -9999 -9999 -9999 -9999
-9999 -9999 -9999 -9999 -9999 203.823 183.051 -9999 -9999 -9999 204.45 201.155 178.919 -9999 -9999 -9999 -9999 -9999 121.353 135.981 142.439 153.408 162.263 179.14 211.293 242.815 255.824 231.363 213.433 199.459 202.574 213.243 228.993 235.401 274.441 255.152 220.628 209.892 172.456 141.54 136.288 118.702 111.843 101.051 88.445 89.853 98.789 105.969 122.084 147.842 137.644 117.79 100.113 84.865 85.004 82.776 -9999 -9999 -9999 -9999 -9999 -9999 -9999 -9999 -9999 -9999 -9999 -9999 -9999 -9999 -9999 -9999 -9999 -9999
-9999 -9999 -9999 -9999 217.662 195.99 184.88 -9999 -9999 -9999 -9999 -9999 -9999 -9999 -9999 -9999 -9999 -9999 139.89 153.907 161.142 162.273 170.952 187.841 216.573 239.575 255.403 244.611 232.681 244.897 233.479 252.328 268.587 293.702 303.038 291.107 275.431 234.692 191.48 173.923 146.325 135.097 114.189 100.704 102.837 100.958 115.961 128.097 156.04 158.294 158.592 125.533 102.715 92.901 84.597 85.003 70.634 -9999 -9999 -9999 -9999 -9999 -9999 -9999 -9999 -9999 -9999 -9999 -9999 -9999 -9999 -9999 -9999 -9999
-9999 -9999 -9999 211.918 209.923 205.762 184.915 -9999 -9999 -9999 -9999 -9999 -9999 -9999 -9999 -9999 149.213 144.174 156.711 181.957 198.803 206.476 219.987 242.6 236.712 241.995 232.876 250.983 266.081 264.401 287.347 283.678 265.732 262.504 305.881 290.911 282.064 234.334 204.209 173.886 146.936 129.201 127.815 117.128 106.997 115.182 132.384 151.383 148.275 153.723 160.946 129.955 99.229 94.408 99.288 91.146 76.867 -9999 -9999 -9999 -9999 -9999 -9999 -9999 -9999 -9999 -9999 -9999 -9999 -9999 -9999 -9999 -9999 -9999
-9999 -9999 -9999 202.449 182.916 165.057 -9999 -9999 -9999 -9999 -9999 -9999 -9999 -9999 -9999 -9999 151.177 148.521 174.913 199.593 212.452 227.205 275.705 300.413 296.574 276.999 278.468 258.579 258.322 285.998 298.124 280.351 251.466 249.66 272.043 294.839 266.193 246.994 215.67 192.019 160.943 150.603 144.531 133.503 128.73 161.486 166.875 164.578 148.932 147.414 134.756 117.205 111.294 107.773 100.453 93.685 78.524 -9999 -9999 -9999 -9999 -9999 -9999 -9999 -9999 -9999 -9999 -9999 -9999 -9999 -9999 -9999 -9999 -9999
-9999 -9999 -9999 -9999 -9999 -9999 -9999 -9999 -9999 -9999 -9999 -9999 -9999 -9999 -9999 -9999 157.398 166.772 198.874 219.787 248.88 263.57 311.759 343.86 371.236 332.286 283.435 261.197 260.881 278.55 317.482 298.457 249.028 250.918 260.342 273.115 264.818 246.977 236.311 209.895 206.493 199.639 186.019 181.731 195.294 193.728 165.048 159.545 147.586 140.001 136.487 115.51 105.876 103.51 97.226 85.641 80.484 -9999 -9999 -9999 -9999 -9999 -9999 -9999 -9999 -9999 -9999 -9999 -9999 -9999 -9999 -9999 -9999 -9999
-9999 -9999 -9999 -9999 -9999 -9999 -9999 -9999 -9999 -9999 -9999 -9999 -9999 -9999 -9999 168.655 182.682 207.114 221.782 265.66 278.472 288.847 309.167 356.492 348.163 320.078 281.061 253.746 219.666 231.387 249.02 256.06 240.266 220.343 230.937 240.784 242.338 245.522 240.294 240.383 217.211 215.284 206.003 202.417 222.632 186.461 183.926 162.805 134.086 140.784 138.575 129.453 109.982 99.872 89.237 80.949 77.326 -9999 -9999 -9999 -9999 -9999 -9999 -9999 -9999 -9999 -9999 -9999 -9999 -9999 -9999 -9999 -9999 -9999
-9999 -9999 -9999 -9999 -9999 -9999 -9999 -9999 -9999 -9999 -9999 -9999 -9999 -9999 -9999 187.861 210.867 238.345 284.523 307.401 309.288 313.109 337.652 311.049 307.324 286.234 259.986 239.379 200.923 199.733 228.623 234.329 219.921 190.371 196.244 202.454 211.602 231.279 249.517 209.541 227.784 216.685 202.651 232.077 204.775 196.726 176.718 141.15 138.178 135.308 130.239 125.535 115.533 104.475 93.905 81.305 73.757 -9999 -9999 -9999 -9999 -9999 -9999 -9999 -9999 -9999 -9999 -9999 -9999 -9999 -9999 -9999 -9999 -9999
-9999 -9999 -9999 -9999 -9999 -9999 -9999 -9999 -9999 -9999 -9999 -9999 -9999 -9999 184.026 209.606 233.249 278.209 295.721 320.162 353.661 366.964 354.228 300.48 276.359 257.281 255.501 244.455 212.687 205.824 220.282 210.598 178.762 165.368 176.933 191.056 206.315 239.055 214.759 213.221 226.14 201.447 215.653 212.148 194.657 195.848 160.054 148.671 140.126 133.3 126.01 113.969 102.521 97.968 94.111 83.443 72.331 73.526 -9999 -9999 -9999 -9999 -9999 -9999 -9999 -9999 -9999 -9999 -9999 -9999 -9999 -9999 -9999 -9999
