Validation/Results/ReClimate_10_2023_2.asc
NCOLS 192
NROWS 249
XLLCENTER -225160.85627316462
YLLCENTER 29788.11610251502
CELLSIZE 5000.0
NODATA_VALUE -9999
[rows 198 to 230 of 249, columns 74 to 147 of 192]
-9999 -9999 -9999 -9999 -9999 -9999 -9999 -9999 -9999 -9999 -9999 -9999 -9999 -9999 -9999 -9999 -9999 -9999 105.361 105.379 105.394 105.409 105.424 105.44 105.458 105.479 105.502 105.527 105.552 105.577 105.606 105.637 105.67 105.703 105.736 105.765 105.793 105.82 105.846 105.87 105.891 105.904 105.915 105.921 105.923 105.922 105.914 105.905 105.889 105.873 105.86 105.848 105.837 105.828 105.82 105.816 105.814 105.806 105.79 105.775 105.764 105.738 105.703 105.669 105.638 105.609 105.583 105.558 105.535 105.516 105.499 105.482 105.461 105.476
-9999 -9999 -9999 -9999 -9999 -9999 -9999 -9999 -9999 -9999 -9999 -9999 -9999 -9999 -9999 105.225 105.263 105.287 105.308 105.326 105.344 105.361 105.379 105.398 105.419 105.441 105.461 105.48 105.502 105.527 105.556 105.576 105.578 105.624 105.693 105.732 105.768 105.796 105.826 105.856 105.883 105.906 105.921 105.93 105.937 105.937 105.934 105.924 105.903 105.88 105.861 105.85 105.842 105.832 105.824 105.82 105.817 105.81 105.802 105.793 105.782 105.767 105.735 105.7 105.668 105.639 105.613 105.589 105.569 105.55 105.534 105.517 105.496 105.493
-9999 -9999 -9999 -9999 -9999 -9999 -9999 -9999 -9999 -9999 -9999 -9999 -9999 105.086 105.106 105.154 105.188 105.215 105.243 105.267 105.289 105.31 105.332 105.353 105.375 105.391 105.408 105.428 105.45 105.476 105.504 105.592 105.833 105.816 105.652 105.694 105.734 105.771 105.805 105.838 105.872 105.901 105.925 105.939 105.946 105.946 105.934 105.91 105.885 105.862 105.844 105.831 105.824 105.819 105.813 105.81 105.806 105.798 105.791 105.788 105.788 105.784 105.761 105.727 105.695 105.666 105.637 105.607 105.582 105.561 105.541 105.523 105.503 105.501
-9999 -9999 -9999 -9999 -9999 -9999 -9999 -9999 -9999 105.148 105.083 105.066 105.05 105.002 105.028 105.076 105.112 105.143 105.172 105.203 105.23 105.255 105.28 105.302 105.317 105.333 105.351 105.372 105.396 105.422 105.453 105.598 105.636 105.566 105.608 105.652 105.696 105.739 105.778 105.817 105.855 105.893 105.924 105.944 105.944 105.928 105.901 105.89 105.908 105.87 105.807 105.785 105.738 105.763 105.789 105.789 105.784 105.734 105.732 105.757 105.765 105.77 105.764 105.737 105.705 105.673 105.641 105.61 105.583 105.56 105.54 105.519 105.497 105.49
-9999 -9999 -9999 -9999 -9999 -9999 -9999 -9999 105.121 105.079 105.03 104.977 104.928 104.906 104.944 104.996 105.036 105.069 105.1 105.134 105.166 105.196 105.22 105.236 105.253 105.272 105.292 105.316 105.343 105.374 105.407 105.443 105.481 105.52 105.562 105.607 105.654 105.701 105.747 105.79 105.832 105.872 105.905 105.919 105.916 105.894 105.862 105.856 105.825 105.778 105.761 105.73 105.745 105.721 105.739 105.741 105.739 105.762 105.734 105.721 105.72 105.724 105.733 105.718 105.688 105.66 105.633 105.605 105.58 105.557 105.535 105.511 105.486 105.475
-9999 -9999 -9999 -9999 -9999 -9999 -9999 105.147 105.081 104.999 104.932 104.874 104.824 104.812 104.857 104.913 104.958 104.995 105.028 105.061 105.097 105.127 105.147 105.168 105.19 105.165 105.052 104.973 104.7 104.886 105.359 105.394 105.432 105.472 105.514 105.559 105.607 105.657 105.707 105.755 105.795 105.833 105.862 105.881 105.878 105.853 105.818 105.785 105.757 105.733 105.71 105.602 105.477 105.649 105.684 105.683 105.68 105.68 105.685 105.679 105.664 105.668 105.679 105.682 105.66 105.633 105.609 105.59 105.571 105.549 105.525 105.5 105.473 105.46
-9999 -9999 -9999 -9999 -9999 105.19 -9999 105.102 105.003 104.923 104.856 104.799 104.75 104.739 104.785 104.843 104.89 104.93 104.965 104.999 105.029 105.056 105.082 105.108 105.133 105.167 105.424 105.445 105.91 105.941 105.308 105.343 105.381 105.421 105.463 105.508 105.556 105.606 105.653 105.699 105.741 105.773 105.807 105.83 105.826 105.797 105.767 105.736 105.708 105.682 105.659 105.674 105.511 105.569 105.63 105.627 105.621 105.598 105.592 105.599 105.602 105.607 105.627 105.634 105.626 105.605 105.583 105.564 105.547 105.532 105.512 105.486 105.458 105.444
-9999 -9999 -9999 -9999 -9999 -9999 -9999 -9999 -9999 104.854 104.79 104.735 104.686 104.676 104.721 104.782 104.832 104.876 104.913 104.965 105.045 105.048 105.019 105.048 105.075 105.226 105.254 105.516 105.546 105.221 105.254 105.289 105.327 105.366 105.408 105.453 105.498 105.541 105.586 105.658 105.777 105.785 105.734 105.752 105.747 105.728 105.706 105.644 105.508 105.521 105.608 105.61 105.601 105.569 105.575 105.571 105.563 105.557 105.543 105.577 105.564 105.577 105.618 105.598 105.581 105.572 105.556 105.537 105.519 105.503 105.487 105.467 105.442 105.427
-9999 -9999 -9999 -9999 -9999 -9999 -9999 -9999 -9999 104.786 104.725 104.672 104.625 104.614 104.658 104.722 104.776 104.822 104.861 104.916 104.938 104.93 104.954 104.985 105.015 105.044 105.074 105.103 105.133 105.165 105.198 105.232 105.269 105.308 105.349 105.388 105.428 105.47 105.509 105.558 105.504 105.527 105.647 105.662 105.661 105.651 105.638 105.55 105.485 105.535 105.555 105.538 105.527 105.524 105.519 105.513 105.505 105.499 105.496 105.506 105.492 105.48 105.499 105.526 105.528 105.523 105.516 105.501 105.484 105.467 105.449 105.431 105.413 105.403
-9999 -9999 -9999 -9999 -9999 -9999 -9999 104.885 104.79 104.721 104.662 -9999 104.565 104.552 104.593 104.66 104.717 104.785 -9999 104.907 104.951 104.945 104.893 104.919 104.951 104.983 105.013 105.044 105.074 105.106 105.138 105.172 105.208 105.246 105.28 105.323 105.38 105.411 105.424 105.41 105.445 105.527 105.554 105.572 105.574 105.57 105.566 105.483 105.32 105.37 105.488 105.479 105.472 105.468 105.463 105.455 105.448 105.478 105.467 105.445 105.331 105.34 105.385 105.417 105.474 105.472 105.467 105.458 105.443 105.425 105.406 105.388 105.37 105.368
-9999 -9999 -9999 -9999 -9999 -9999 -9999 104.814 -9999 -9999 -9999 104.55 104.506 104.488 -9999 -9999 -9999 -9999 -9999 104.786 104.76 104.761 104.834 104.86 104.887 104.918 104.95 104.981 105.012 105.044 105.076 105.109 105.143 105.173 105.205 105.335 105.614 105.549 105.338 105.371 105.403 105.433 105.46 105.478 105.486 105.49 105.491 105.427 105.469 105.512 105.454 105.43 105.417 105.41 105.404 105.396 105.39 105.376 105.379 105.244 105.153 105.187 105.317 105.354 105.423 105.423 105.418 105.413 105.402 105.384 105.364 105.345 105.326 105.327
-9999 -9999 -9999 -9999 -9999 -9999 -9999 -9999 -9999 104.591 104.538 104.49 104.448 104.423 -9999 -9999 -9999 -9999 -9999 -9999 -9999 -9999 104.778 104.802 104.827 104.854 104.884 104.916 104.948 104.979 105.011 105.042 105.069 105.097 105.127 105.29 105.318 105.219 105.25 105.282 105.312 105.341 105.366 105.384 105.397 105.408 105.415 105.446 105.445 105.413 105.395 105.381 105.361 105.35 105.343 105.336 105.331 105.327 105.319 105.313 105.249 105.239 105.32 105.333 105.373 105.376 105.37 105.365 105.359 105.342 105.322 105.302 105.283 105.287
-9999 -9999 -9999 -9999 -9999 -9999 -9999 -9999 -9999 -9999 104.48 -9999 -9999 -9999 -9999 -9999 -9999 -9999 -9999 -9999 104.651 104.693 104.72 104.745 104.77 104.795 104.822 104.85 104.881 104.912 104.942 104.967 104.991 105.018 105.046 105.073 105.101 105.131 105.163 105.194 105.223 105.25 105.273 -9999 105.308 105.324 105.335 105.351 105.373 105.362 105.333 105.32 105.305 105.289 105.28 105.275 105.271 105.268 105.269 105.272 105.278 105.287 105.298 105.311 105.325 105.329 105.323 105.318 105.313 105.301 105.281 105.261 105.245 105.251
-9999 -9999 -9999 -9999 -9999 -9999 -9999 -9999 -9999 -9999 -9999 -9999 -9999 -9999 -9999 -9999 -9999 -9999 -9999 -9999 104.6 104.631 104.66 104.688 -9999 -9999 -9999 104.959 105.112 105.062 104.868 104.889 104.912 104.937 104.961 104.985 105.013 105.044 105.076 105.106 105.135 105.161 -9999 105.202 105.222 105.218 105.171 105.225 105.329 105.313 105.282 105.269 105.247 105.229 105.217 105.213 105.211 105.213 105.216 104.767 104.6 105.032 105.249 105.262 105.276 105.282 105.276 105.271 105.266 105.258 105.241 105.221 105.193 105.201
-9999 -9999 -9999 -9999 -9999 -9999 -9999 -9999 -9999 -9999 -9999 -9999 -9999 -9999 -9999 -9999 -9999 -9999 -9999 -9999 -9999 -9999 -9999 -9999 -9999 -9999 -9999 104.738 104.597 104.574 104.796 104.812 104.832 104.854 104.872 104.895 104.926 104.959 104.991 105.021 -9999 -9999 105.095 105.116 105.138 105.123 105.134 105.199 105.212 105.207 105.212 105.202 105.186 105.17 105.157 105.154 105.156 105.159 105.164 105.251 104.756 104.853 105.201 105.214 105.228 105.234 105.229 105.225 105.219 105.213 105.063 105.045 105.058 105.033
-9999 -9999 -9999 -9999 -9999 -9999 -9999 -9999 -9999 -9999 -9999 -9999 -9999 -9999 -9999 -9999 -9999 -9999 -9999 -9999 -9999 -9999 -9999 -9999 -9999 -9999 -9999 104.681 104.591 104.856 105.266 105.286 105.318 105.3 105.222 105.129 104.82 -9999 -9999 -9999 -9999 -9999 104.932 104.976 105.057 105.075 105.092 105.108 105.121 105.135 105.137 105.109 105.066 105.096 105.101 105.096 105.1 105.106 105.113 105.121 105.179 105.025 105.152 105.165 105.18 105.186 105.181 105.175 105.168 105.159 105.078 105.001 105.062 105.069
-9999 -9999 -9999 -9999 -9999 -9999 -9999 -9999 -9999 -9999 -9999 -9999 -9999 -9999 -9999 -9999 -9999 -9999 -9999 -9999 -9999 -9999 -9999 -9999 -9999 -9999 -9999 -9999 -9999 104.699 104.897 104.9 104.859 104.839 104.903 104.819 -9999 -9999 -9999 -9999 104.88 104.896 104.991 105.023 104.977 104.998 105.017 105.035 105.051 105.064 105.067 105.063 105.084 105.063 105.044 105.037 105.038 105.045 105.054 105.064 105.074 105.085 105.097 105.11 105.124 105.13 105.125 105.119 105.112 105.103 105.012 104.979 105.054 105.074
-9999 -9999 -9999 -9999 -9999 -9999 -9999 -9999 -9999 -9999 -9999 -9999 -9999 -9999 -9999 -9999 -9999 -9999 -9999 -9999 -9999 -9999 -9999 -9999 -9999 -9999 -9999 -9999 -9999 -9999 104.727 104.744 104.846 104.895 104.938 -9999 -9999 -9999 -9999 104.782 104.746 104.822 104.893 104.881 104.906 104.952 105.039 105.036 104.985 104.996 105.003 105.002 104.997 105.027 104.987 104.982 104.977 104.982 104.992 105.003 105.014 105.026 105.038 105.051 105.065 105.071 105.066 105.06 105.054 105.046 105.037 104.988 105.039 104.99
-9999 -9999 -9999 -9999 -9999 -9999 -9999 -9999 -9999 -9999 -9999 -9999 -9999 -9999 -9999 -9999 -9999 -9999 -9999 -9999 -9999 -9999 -9999 -9999 -9999 -9999 -9999 -9999 -9999 -9999 -9999 -9999 -9999 -9999 -9999 -9999 -9999 -9999 104.363 104.676 104.669 104.73 104.792 104.818 104.843 104.916 104.978 104.947 104.919 104.931 104.941 104.944 104.94 104.936 104.931 104.927 104.923 104.921 104.93 104.941 104.953 104.965 104.978 104.992 105.005 105.011 105.006 105.001 104.995 104.988 104.981 104.993 105.016 104.985
-9999 -9999 -9999 -9999 -9999 -9999 -9999 -9999 -9999 -9999 -9999 -9999 -9999 -9999 -9999 -9999 -9999 -9999 -9999 -9999 -9999 -9999 -9999 -9999 -9999 -9999 -9999 -9999 -9999 -9999 -9999 -9999 -9999 -9999 -9999 -9999 -9999 104.679 104.634 104.625 104.61 104.638 104.615 104.67 104.781 104.827 104.847 104.859 104.926 104.92 104.879 104.884 104.883 104.879 104.876 104.872 104.87 104.868 104.87 104.879 104.892 104.905 104.918 104.932 104.944 104.95 104.946 104.941 104.936 104.929 104.933 104.953 104.983 104.857
-9999 -9999 -9999 -9999 -9999 -9999 -9999 -9999 -9999 -9999 -9999 -9999 -9999 -9999 -9999 -9999 -9999 -9999 -9999 -9999 -9999 -9999 -9999 -9999 -9999 -9999 -9999 -9999 -9999 -9999 -9999 -9999 -9999 -9999 -9999 -9999 -9999 104.563 104.577 104.559 104.533 104.537 104.576 104.659 104.72 104.742 104.761 104.82 104.876 104.847 104.819 104.825 104.826 104.823 104.82 104.818 104.817 104.817 104.817 104.819 104.83 104.843 104.857 104.871 104.883 104.887 104.884 104.88 104.874 104.869 104.884 104.917 104.949 105.0
-9999 -9999 -9999 -9999 -9999 -9999 -9999 -9999 -9999 -9999 -9999 -9999 -9999 -9999 -9999 -9999 -9999 -9999 -9999 -9999 -9999 -9999 -9999 -9999 104.074 104.121 104.432 104.405 -9999 104.382 -9999 -9999 -9999 -9999 -9999 -9999 -9999 -9999 104.518 104.516 104.54 104.63 104.821 104.805 104.657 104.696 104.765 104.749 104.604 104.63 104.739 104.761 104.769 104.767 104.765 104.764 104.764 104.765 104.766 104.768 104.77 104.781 104.795 104.809 104.82 104.74 104.718 104.785 104.811 104.819 104.842 104.881 104.915 104.942
-9999 -9999 -9999 -9999 -9999 -9999 -9999 -9999 -9999 -9999 -9999 -9999 -9999 -9999 -9999 -9999 -9999 -9999 -9999 -9999 -9999 103.978 104.044 104.027 103.991 104.157 104.4 104.34 104.261 104.29 104.315 104.346 -9999 -9999 104.402 104.42 104.419 104.439 104.465 104.49 104.513 104.584 104.489 104.457 104.593 104.655 104.713 104.648 104.673 104.72 104.674 104.696 104.712 104.712 104.71 104.71 104.712 104.714 104.716 104.718 104.72 104.722 104.733 104.746 104.756 104.768 104.686 104.703 104.751 104.77 104.805 104.845 104.881 104.909
-9999 -9999 -9999 -9999 -9999 -9999 -9999 -9999 -9999 -9999 -9999 -9999 -9999 -9999 -9999 -9999 -9999 -9999 -9999 -9999 103.828 103.884 103.884 103.903 103.97 104.12 104.168 104.166 104.255 104.261 104.216 104.246 104.283 104.301 104.318 104.336 104.359 104.386 104.412 104.435 104.455 104.411 104.429 104.509 104.529 104.573 104.594 104.618 104.636 104.62 104.635 104.652 104.656 104.656 104.656 104.657 104.66 104.662 104.665 104.667 104.67 104.673 104.676 104.683 104.689 104.689 104.693 104.668 104.698 104.728 104.769 104.809 104.846 104.876
-9999 -9999 -9999 -9999 -9999 -9999 -9999 -9999 -9999 -9999 -9999 -9999 -9999 -9999 -9999 -9999 -9999 -9999 -9999 -9999 103.735 103.7 103.752 103.83 103.901 103.962 104.016 104.097 104.151 104.143 104.164 104.198 104.214 104.234 104.253 104.276 104.305 104.332 104.355 104.376 104.394 104.411 104.428 104.446 104.467 104.49 104.513 104.534 104.553 104.569 104.584 104.595 104.599 104.6 104.601 104.603 104.607 104.61 104.613 104.616 104.62 104.623 104.627 104.628 104.625 104.62 104.616 104.626 104.651 104.691 104.733 104.774 104.812 104.842
-9999 -9999 -9999 -9999 -9999 -9999 -9999 -9999 -9999 -9999 -9999 -9999 -9999 -9999 -9999 -9999 -9999 -9999 -9999 -9999 103.579 103.574 103.642 103.734 103.837 103.892 103.919 103.978 104.023 104.056 104.089 104.116 104.141 104.165 104.193 104.221 104.247 104.273 104.296 104.316 104.334 104.349 104.365 104.314 104.137 104.22 104.417 104.45 104.501 104.516 104.527 104.494 104.361 104.479 104.545 104.549 104.553 104.557 104.561 104.565 104.568 104.572 104.576 104.576 104.57 104.558 104.557 104.576 104.612 104.654 104.696 104.738 104.776 104.808
-9999 -9999 -9999 -9999 -9999 -9999 -9999 -9999 -9999 -9999 -9999 -9999 -9999 -9999 -9999 -9999 103.415 103.422 -9999 103.429 103.423 103.444 103.521 103.614 103.665 103.727 103.815 103.87 103.919 103.961 103.998 104.033 104.067 104.103 104.135 104.162 104.188 104.212 104.236 104.257 104.274 104.289 104.304 104.158 104.011 104.157 104.269 104.337 104.44 104.455 104.469 104.543 104.369 104.37 104.488 104.494 104.499 104.503 104.508 104.512 104.516 104.521 104.525 104.523 104.514 104.51 104.522 104.546 104.58 104.618 104.659 104.701 104.741 104.774
-9999 -9999 -9999 -9999 -9999 -9999 -9999 -9999 -9999 -9999 -9999 -9999 -9999 -9999 -9999 -9999 103.324 103.331 103.352 103.349 103.345 103.362 103.4 103.464 103.547 103.634 103.7 103.759 103.811 103.859 103.908 103.957 104.002 104.04 104.073 104.102 104.128 104.152 104.175 104.197 104.216 104.232 104.249 104.178 104.198 104.234 104.164 104.254 104.34 104.355 104.365 104.426 104.463 104.378 104.431 104.437 104.444 104.449 104.454 104.458 104.463 104.468 104.47 104.467 104.463 104.475 104.499 104.531 104.563 104.596 104.632 104.669 104.705 104.737
-9999 -9999 -9999 -9999 -9999 -9999 -9999 -9999 -9999 -9999 -9999 -9999 -9999 -9999 -9999 103.191 103.264 103.284 103.298 103.297 103.295 103.294 103.313 103.349 103.422 103.502 103.573 103.638 103.702 103.766 103.828 103.884 103.932 103.973 104.009 104.04 104.067 104.091 104.114 104.136 104.157 104.176 104.195 104.213 104.232 104.187 104.167 104.233 104.273 104.287 104.299 104.335 104.363 104.365 104.371 104.379 104.387 104.393 104.399 104.404 104.409 104.414 104.413 104.414 104.428 104.451 104.483 104.516 104.548 104.582 104.617 104.653 104.687 104.715
-9999 -9999 -9999 -9999 -9999 -9999 -9999 -9999 -9999 -9999 -9999 -9999 -9999 -9999 -9999 -9999 103.238 103.247 103.239 103.24 103.241 103.241 103.24 103.257 103.292 103.362 103.45 103.531 103.606 103.681 103.764 103.822 103.857 103.926 104.033 104.043 104.004 104.029 104.052 104.073 104.096 104.117 104.137 104.135 104.093 104.04 103.92 103.988 104.112 104.162 104.274 104.283 104.299 104.301 104.308 104.318 104.328 104.336 104.343 104.348 -9999 104.35 104.362 104.381 104.404 104.436 104.468 104.501 104.534 104.568 104.604 104.64 104.674 104.703
-9999 -9999 -9999 -9999 -9999 -9999 -9999 -9999 -9999 -9999 -9999 -9999 -9999 -9999 -9999 103.091 103.148 103.155 103.175 103.182 103.19 103.197 103.204 103.211 103.235 103.275 103.335 103.423 103.502 103.578 103.636 103.702 103.776 103.799 103.66 103.723 103.936 103.964 103.987 104.01 104.031 104.054 104.075 104.074 104.124 104.08 104.139 104.194 104.159 104.224 104.222 104.229 104.231 104.234 104.242 104.255 104.266 104.276 104.284 104.29 104.294 -9999 104.31 -9999 104.389 -9999 104.454 -9999 104.521 104.555 104.591 104.628 104.662 104.691
-9999 -9999 -9999 -9999 -9999 -9999 -9999 -9999 -9999 -9999 -9999 -9999 -9999 -9999 -9999 103.037 103.108 103.14 103.19 103.191 103.174 103.184 103.194 103.205 103.216 103.234 103.269 103.312 103.386 103.456 103.534 103.62 103.685 103.642 103.689 103.828 103.863 103.88 103.868 103.918 104.017 104.024 104.008 104.046 104.065 104.113 104.152 104.139 104.156 104.159 104.152 104.159 104.16 104.162 104.172 104.187 104.2 104.211 104.22 104.233 104.232 -9999 -9999 104.331 104.374 -9999 -9999 104.473 104.508 104.543 -9999 -9999 -9999 -9999
-9999 -9999 -9999 -9999 -9999 -9999 -9999 -9999 -9999 -9999 -9999 -9999 -9999 -9999 102.832 103.105 103.124 103.165 103.198 103.185 103.169 103.179 103.189 103.2 103.211 103.223 103.234 103.262 103.294 103.339 103.423 103.509 103.583 103.645 103.697 103.743 103.782 103.795 103.822 103.881 103.88 103.889 103.935 103.956 103.976 104.002 104.005 104.019 104.036 104.048 104.076 104.083 104.086 104.09 104.1 104.115 104.129 104.14 -9999 -9999 -9999 104.244 -9999 -9999 -9999 -9999 -9999 -9999 104.494 -9999 -9999 -9999 -9999 -9999
