Validation/Results/ReClimate_06_2024_1_Temperature-Actualsweatherlogisticsltd.asc
NCOLS 192
NROWS 249
XLLCENTER -225160.85627316462
YLLCENTER 29788.11610251502
CELLSIZE 5000.0
NODATA_VALUE -9999
[rows 102 to 135 of 249, columns 75 to 149 of 192]
12.354 11.245 11.909 11.925 13.942 14.665 -9999 -9999 13.573 -9999 -9999 14.355 11.768 11.562 13.43 12.513 10.196 11.966 10.968 11.118 11.467 12.025 13.829 12.97 12.035 11.072 11.75 12.872 12.195 12.507 13.785 14.68 15.132 14.985 14.428 13.555 14.412 14.722 14.91 15.177 15.093 15.048 -9999 -9999 -9999 -9999 -9999 -9999 -9999 -9999 -9999 -9999 -9999 -9999 -9999 -9999 -9999 -9999 -9999 -9999 -9999 -9999 -9999 -9999 -9999 -9999 -9999 -9999 -9999 -9999 -9999 -9999 -9999 -9999 -9999
13.13 13.03 12.246 13.609 -9999 -9999 -9999 14.314 13.279 13.961 13.712 13.563 12.545 14.454 14.015 12.247 12.111 12.559 12.733 12.814 12.808 12.848 11.861 12.846 12.037 12.377 12.198 11.86 12.585 13.438 14.365 15.019 15.177 14.825 14.036 14.634 15.175 -9999 -9999 15.35 -9999 -9999 -9999 -9999 -9999 -9999 -9999 -9999 -9999 -9999 -9999 -9999 -9999 -9999 -9999 -9999 -9999 -9999 -9999 -9999 -9999 -9999 -9999 -9999 -9999 -9999 -9999 -9999 -9999 -9999 -9999 -9999 -9999 -9999 -9999
13.854 12.831 -9999 13.463 -9999 -9999 -9999 14.136 13.422 13.418 13.431 13.874 14.493 13.592 12.316 12.069 12.624 13.06 12.665 12.319 12.973 12.419 13.807 12.937 12.741 13.603 14.075 14.336 14.225 14.733 15.042 15.091 15.234 15.171 14.979 15.306 -9999 15.027 15.14 15.068 15.028 -9999 -9999 -9999 -9999 -9999 -9999 -9999 -9999 -9999 -9999 -9999 -9999 -9999 -9999 -9999 -9999 -9999 -9999 -9999 -9999 -9999 -9999 -9999 -9999 -9999 -9999 -9999 -9999 -9999 -9999 -9999 -9999 -9999 -9999
14.29 -9999 -9999 -9999 -9999 14.428 14.104 13.346 13.556 13.231 13.718 13.436 12.392 11.835 11.793 12.948 12.799 13.396 12.039 13.412 11.939 13.611 12.468 11.575 13.593 14.319 14.074 14.392 14.994 15.103 15.296 15.38 15.465 15.493 -9999 15.24 15.032 15.058 14.965 15.179 14.925 -9999 -9999 -9999 -9999 -9999 -9999 -9999 -9999 -9999 -9999 -9999 -9999 -9999 -9999 -9999 -9999 -9999 -9999 -9999 -9999 -9999 -9999 -9999 -9999 -9999 -9999 -9999 -9999 -9999 -9999 -9999 -9999 -9999 -9999
-9999 -9999 -9999 -9999 -9999 14.201 14.629 14.205 13.331 13.607 14.004 12.646 13.491 13.381 12.913 12.006 13.454 13.513 12.692 12.086 12.954 13.017 11.791 12.947 12.882 12.529 13.568 14.169 14.382 14.649 14.795 14.569 14.53 14.373 14.57 15.099 15.309 14.997 14.763 14.909 14.729 14.669 -9999 -9999 -9999 -9999 -9999 -9999 -9999 -9999 -9999 -9999 -9999 -9999 -9999 -9999 -9999 -9999 -9999 -9999 -9999 -9999 -9999 -9999 -9999 -9999 -9999 -9999 -9999 -9999 -9999 -9999 -9999 -9999 -9999
-9999 -9999 -9999 -9999 14.071 -9999 -9999 13.954 13.356 14.169 13.048 13.478 -9999 -9999 12.38 12.117 12.942 13.501 12.625 12.989 13.343 13.001 13.379 14.227 13.56 13.806 14.156 14.458 13.931 13.37 12.954 13.312 13.559 14.109 14.544 14.742 15.244 14.611 14.56 14.366 14.415 14.463 14.582 -9999 -9999 -9999 -9999 -9999 -9999 -9999 -9999 -9999 -9999 -9999 -9999 -9999 -9999 -9999 -9999 -9999 -9999 -9999 -9999 -9999 -9999 -9999 -9999 -9999 -9999 -9999 -9999 -9999 -9999 -9999 -9999
-9999 -9999 -9999 -9999 14.103 -9999 14.299 13.816 14.133 12.943 13.015 14.513 14.699 12.878 12.101 13.047 15.001 12.987 11.75 13.953 14.025 13.618 14.302 14.62 14.734 14.937 14.739 13.48 12.347 12.423 13.135 13.651 14.291 14.543 14.449 14.734 14.793 14.7 14.897 14.984 14.916 14.896 -9999 -9999 -9999 -9999 -9999 -9999 -9999 -9999 -9999 -9999 -9999 -9999 -9999 -9999 -9999 -9999 -9999 -9999 -9999 -9999 -9999 -9999 -9999 -9999 -9999 -9999 -9999 -9999 -9999 -9999 -9999 -9999 -9999
-9999 -9999 -9999 -9999 14.134 -9999 14.2 14.527 13.855 13.577 14.275 -9999 12.984 13.307 -9999 13.234 13.303 13.067 14.095 12.916 14.231 14.714 15.177 15.31 15.536 15.58 14.969 13.851 14.375 14.683 14.703 14.467 14.298 14.587 14.603 14.95 14.956 14.97 -9999 -9999 -9999 -9999 -9999 -9999 -9999 -9999 -9999 -9999 -9999 -9999 -9999 -9999 -9999 -9999 -9999 -9999 -9999 -9999 -9999 -9999 -9999 -9999 -9999 -9999 -9999 -9999 -9999 -9999 -9999 -9999 -9999 -9999 -9999 -9999 -9999
-9999 -9999 13.808 13.835 -9999 -9999 14.644 14.403 13.935 14.37 14.338 12.519 13.109 12.139 -9999 13.918 13.121 13.92 14.078 13.999 14.254 14.863 14.803 14.658 14.557 14.799 15.327 15.563 15.56 15.313 14.842 14.368 14.305 14.505 14.652 14.794 14.932 -9999 -9999 -9999 -9999 -9999 -9999 -9999 -9999 -9999 -9999 -9999 -9999 -9999 -9999 -9999 -9999 -9999 -9999 -9999 -9999 -9999 -9999 -9999 -9999 -9999 -9999 -9999 -9999 -9999 -9999 -9999 -9999 -9999 -9999 -9999 -9999 -9999 -9999
-9999 14.263 13.978 14.109 -9999 14.584 13.392 13.515 14.401 -9999 12.932 13.381 12.374 12.332 -9999 13.563 12.897 14.144 15.215 15.094 15.15 14.853 14.49 14.123 13.509 14.105 15.024 15.507 -9999 15.482 15.066 14.848 14.769 14.562 14.179 14.513 -9999 -9999 -9999 -9999 -9999 -9999 -9999 -9999 -9999 -9999 -9999 -9999 -9999 -9999 -9999 -9999 -9999 -9999 -9999 -9999 -9999 -9999 -9999 -9999 -9999 -9999 -9999 -9999 -9999 -9999 -9999 -9999 -9999 -9999 -9999 -9999 -9999 -9999 -9999
-9999 14.432 14.443 -9999 -9999 13.989 12.783 13.783 -9999 13.695 13.459 13.422 12.864 13.332 -9999 14.541 14.505 14.973 15.265 15.112 14.803 14.36 12.695 12.692 13.042 13.79 14.899 15.575 15.684 15.749 -9999 -9999 15.257 14.854 -9999 -9999 -9999 -9999 -9999 -9999 14.809 14.761 14.915 -9999 -9999 -9999 -9999 -9999 -9999 -9999 -9999 -9999 -9999 -9999 -9999 -9999 -9999 -9999 -9999 -9999 -9999 -9999 -9999 -9999 -9999 -9999 -9999 -9999 -9999 -9999 -9999 -9999 -9999 -9999 -9999
14.309 13.796 -9999 -9999 13.589 13.22 14.058 13.552 -9999 13.714 13.286 14.124 14.127 12.981 -9999 -9999 -9999 15.315 14.849 14.129 13.96 13.708 13.821 14.302 14.43 14.922 15.096 15.042 15.168 15.427 15.472 15.193 14.986 15.153 -9999 -9999 -9999 -9999 -9999 14.8 14.731 14.726 15.065 15.091 -9999 -9999 -9999 -9999 -9999 -9999 -9999 -9999 -9999 -9999 -9999 -9999 -9999 -9999 -9999 -9999 -9999 -9999 -9999 -9999 -9999 -9999 -9999 -9999 -9999 -9999 -9999 -9999 -9999 -9999 -9999
13.552 13.969 -9999 -9999 -9999 14.591 13.359 13.826 -9999 13.67 -9999 14.505 13.404 14.369 -9999 14.984 14.601 14.519 -9999 14.647 14.916 14.86 15.102 15.014 15.098 15.035 14.807 14.508 14.665 14.846 14.418 14.39 14.923 15.204 15.285 15.172 15.178 -9999 14.93 14.722 14.727 14.944 14.696 14.304 14.183 15.048 -9999 -9999 -9999 -9999 -9999 -9999 -9999 -9999 -9999 -9999 -9999 -9999 -9999 -9999 -9999 -9999 -9999 -9999 -9999 -9999 -9999 -9999 -9999 -9999 -9999 -9999 -9999 -9999 -9999
13.902 -9999 -9999 -9999 -9999 13.634 13.059 14.315 -9999 14.681 -9999 14.533 14.893 -9999 14.718 13.904 13.636 14.524 15.077 15.316 15.269 15.401 15.375 15.106 15.08 14.777 14.189 14.04 14.189 14.263 14.283 14.548 14.831 14.892 14.812 14.614 15.053 15.03 14.551 14.62 14.666 14.55 13.916 13.609 13.445 13.854 14.705 14.823 14.663 -9999 -9999 -9999 -9999 -9999 -9999 -9999 -9999 -9999 -9999 -9999 -9999 -9999 -9999 -9999 -9999 -9999 -9999 -9999 -9999 -9999 -9999 -9999 -9999 -9999 -9999
14.891 -9999 -9999 -9999 -9999 13.634 14.427 14.106 13.785 -9999 -9999 15.147 15.071 -9999 14.589 13.378 13.264 14.336 14.804 15.322 15.54 15.52 15.439 15.567 15.364 14.86 14.327 13.763 13.811 13.944 14.147 14.161 14.024 13.884 13.554 14.137 14.857 14.719 14.418 14.306 13.965 12.935 12.823 13.328 13.4 13.848 13.934 14.514 14.684 14.477 -9999 -9999 -9999 -9999 -9999 -9999 -9999 -9999 -9999 -9999 -9999 -9999 -9999 -9999 -9999 -9999 -9999 -9999 -9999 -9999 -9999 -9999 -9999 -9999 -9999
-9999 -9999 -9999 -9999 -9999 14.287 14.399 13.551 14.555 -9999 -9999 14.992 15.047 -9999 -9999 13.497 13.755 14.604 14.56 14.512 14.858 15.036 15.163 14.958 15.373 15.356 14.671 14.188 13.75 13.579 13.393 13.439 13.057 12.983 13.555 14.076 14.196 14.125 13.88 13.536 12.967 12.871 12.912 13.368 13.676 14.055 14.679 14.796 14.516 14.413 -9999 -9999 -9999 -9999 -9999 -9999 -9999 -9999 -9999 -9999 -9999 -9999 -9999 -9999 -9999 -9999 -9999 -9999 -9999 -9999 -9999 -9999 -9999 -9999 -9999
-9999 -9999 -9999 -9999 -9999 14.684 13.934 14.107 -9999 -9999 -9999 -9999 14.976 -9999 14.712 13.782 14.671 14.91 14.281 14.051 14.007 14.423 14.456 14.58 14.783 15.04 14.945 14.121 13.596 13.505 13.537 13.155 12.873 13.301 13.637 13.582 13.51 12.996 13.124 13.373 13.573 13.521 13.467 13.726 13.953 14.421 14.941 14.938 14.856 14.806 14.48 -9999 -9999 -9999 -9999 -9999 -9999 -9999 -9999 -9999 -9999 -9999 -9999 -9999 -9999 -9999 -9999 -9999 -9999 -9999 -9999 -9999 -9999 -9999 -9999
-9999 -9999 -9999 13.908 13.952 13.839 14.246 -9999 -9999 13.661 -9999 -9999 -9999 -9999 14.707 14.551 15.001 14.874 14.52 14.046 13.772 13.712 13.599 13.67 14.14 14.445 14.558 14.492 13.806 13.8 13.656 13.532 13.715 13.621 13.193 13.287 12.354 12.047 12.701 13.245 13.61 13.989 14.032 14.185 14.156 14.545 15.003 15.135 15.167 15.054 14.873 -9999 -9999 -9999 -9999 -9999 -9999 -9999 -9999 -9999 -9999 -9999 -9999 -9999 -9999 -9999 -9999 -9999 -9999 -9999 -9999 -9999 -9999 -9999 -9999
-9999 -9999 -9999 -9999 13.584 13.779 14.608 -9999 13.822 12.999 13.743 -9999 -9999 -9999 -9999 15.067 15.129 15.119 14.829 14.448 14.082 13.633 13.546 13.78 14.025 14.141 14.373 14.066 14.214 13.991 13.754 13.54 13.522 13.045 13.758 13.277 13.142 13.01 12.571 12.901 13.795 14.129 14.509 14.58 14.595 14.843 15.091 15.219 15.276 15.05 15.001 14.897 -9999 -9999 -9999 -9999 -9999 -9999 -9999 -9999 -9999 -9999 -9999 -9999 -9999 -9999 -9999 -9999 -9999 -9999 -9999 -9999 -9999 -9999 -9999
-9999 -9999 -9999 -9999 14.004 13.858 14.189 -9999 14.347 13.366 14.232 -9999 -9999 -9999 -9999 -9999 15.119 15.131 15.03 14.9 14.692 14.415 14.115 13.706 13.259 13.446 13.81 14.095 14.079 13.794 13.603 13.664 13.387 13.485 13.888 13.694 13.623 13.655 14.083 14.154 14.429 14.511 14.825 14.694 14.957 15.403 15.449 15.453 15.36 15.208 14.832 14.961 15.014 -9999 -9999 -9999 -9999 -9999 -9999 -9999 -9999 -9999 -9999 -9999 -9999 -9999 -9999 -9999 -9999 -9999 -9999 -9999 -9999 -9999 -9999
-9999 -9999 -9999 -9999 13.843 13.375 -9999 -9999 14.883 14.11 13.756 14.612 -9999 -9999 -9999 -9999 -9999 15.062 14.845 14.702 14.673 14.012 13.391 13.063 12.758 12.916 13.319 13.716 13.474 13.691 13.627 13.273 13.115 13.508 12.191 13.151 13.028 13.862 13.473 14.072 14.644 14.578 14.838 15.044 15.364 15.319 15.046 14.976 15.176 15.052 15.293 14.748 15.078 15.131 15.174 -9999 -9999 -9999 -9999 -9999 -9999 -9999 -9999 -9999 -9999 -9999 -9999 -9999 -9999 -9999 -9999 -9999 -9999 -9999 -9999
-9999 -9999 -9999 -9999 13.488 14.124 -9999 -9999 14.207 13.325 13.525 -9999 -9999 -9999 -9999 -9999 -9999 15.063 14.866 14.736 14.49 13.911 13.634 13.586 13.308 13.235 13.155 13.235 13.343 13.436 12.56 11.921 12.831 11.834 11.422 11.977 13.26 13.24 13.985 14.796 14.402 14.572 14.888 14.9 15.017 15.134 14.954 14.921 14.433 14.321 15.099 15.008 14.792 15.198 15.3 -9999 -9999 -9999 -9999 -9999 -9999 -9999 -9999 -9999 -9999 -9999 -9999 -9999 -9999 -9999 -9999 -9999 -9999 -9999 -9999
-9999 -9999 -9999 -9999 13.797 14.63 -9999 -9999 -9999 14.401 14.184 14.304 -9999 -9999 -9999 -9999 -9999 15.111 14.899 14.774 14.559 14.172 14.005 13.415 12.699 12.46 12.966 12.929 13.483 13.327 12.598 12.469 12.947 11.412 12.078 12.9 12.693 13.25 14.367 14.145 14.444 14.451 14.645 14.984 14.856 14.677 14.702 14.304 13.06 13.497 14.247 15.073 14.974 15.055 15.27 -9999 -9999 -9999 -9999 -9999 -9999 -9999 -9999 -9999 -9999 -9999 -9999 -9999 -9999 -9999 -9999 -9999 -9999 -9999 -9999
-9999 -9999 -9999 13.403 13.809 14.38 -9999 -9999 -9999 -9999 -9999 -9999 -9999 -9999 -9999 -9999 -9999 14.825 14.629 14.582 14.332 14.022 13.815 13.113 12.747 12.73 13.031 13.195 12.956 12.952 12.18 12.399 11.741 11.427 12.169 12.948 12.719 13.237 13.532 14.094 14.137 14.549 14.546 14.466 14.695 14.422 14.288 13.211 13.057 12.983 14.295 15.261 15.382 15.239 15.245 15.547 -9999 -9999 -9999 -9999 -9999 -9999 -9999 -9999 -9999 -9999 -9999 -9999 -9999 -9999 -9999 -9999 -9999 -9999 -9999
-9999 -9999 13.317 13.368 13.44 14.476 -9999 -9999 -9999 -9999 -9999 -9999 -9999 -9999 -9999 15.232 14.968 14.827 14.425 13.889 13.5 13.638 13.661 13.578 13.416 13.84 13.365 12.508 12.639 12.667 12.687 13.072 12.578 11.701 13.13 12.979 13.018 13.225 13.712 14.144 14.578 14.046 14.126 14.457 14.392 14.138 13.404 13.269 13.284 13.454 14.29 15.43 15.636 15.358 15.356 15.51 -9999 -9999 -9999 -9999 -9999 -9999 -9999 -9999 -9999 -9999 -9999 -9999 -9999 -9999 -9999 -9999 -9999 -9999 -9999
-9999 -9999 13.373 13.894 14.744 -9999 -9999 -9999 -9999 -9999 -9999 -9999 -9999 -9999 -9999 15.25 15.269 14.945 14.087 13.552 13.571 12.94 12.591 12.71 12.732 13.137 13.275 13.42 13.249 12.798 13.186 13.694 13.346 13.012 12.346 12.893 12.745 13.446 13.871 14.559 14.188 14.048 14.266 14.172 13.742 13.134 12.858 13.376 13.84 14.262 14.873 14.926 14.979 15.262 15.36 15.523 -9999 -9999 -9999 -9999 -9999 -9999 -9999 -9999 -9999 -9999 -9999 -9999 -9999 -9999 -9999 -9999 -9999 -9999 -9999
-9999 -9999 -9999 -9999 -9999 -9999 -9999 -9999 -9999 -9999 -9999 -9999 -9999 -9999 -9999 15.342 15.237 14.224 13.918 13.623 13.345 12.428 12.351 11.77 12.229 12.659 13.156 13.418 13.106 11.873 12.533 13.91 13.972 12.667 12.644 12.977 13.112 13.107 13.904 13.502 13.366 13.738 13.37 13.047 12.7 13.507 13.639 13.773 13.969 14.27 15.156 15.378 15.259 15.421 15.709 15.758 -9999 -9999 -9999 -9999 -9999 -9999 -9999 -9999 -9999 -9999 -9999 -9999 -9999 -9999 -9999 -9999 -9999 -9999 -9999
-9999 -9999 -9999 -9999 -9999 -9999 -9999 -9999 -9999 -9999 -9999 -9999 -9999 -9999 15.092 14.608 13.945 13.903 13.354 13.514 13.389 13.197 12.153 12.223 12.118 12.482 12.845 13.882 13.46 12.904 13.196 13.815 14.017 13.59 13.409 13.331 13.181 13.241 12.821 13.591 13.888 13.675 13.372 12.294 13.216 13.097 13.563 14.129 14.066 14.311 14.332 15.199 15.682 15.875 15.917 15.922 -9999 -9999 -9999 -9999 -9999 -9999 -9999 -9999 -9999 -9999 -9999 -9999 -9999 -9999 -9999 -9999 -9999 -9999 -9999
-9999 -9999 -9999 -9999 -9999 -9999 -9999 -9999 -9999 -9999 -9999 -9999 -9999 -9999 14.447 14.183 13.799 12.807 13.032 13.53 13.439 12.629 13.293 12.795 12.592 12.897 13.387 14.395 14.28 13.756 13.508 13.67 14.473 14.152 13.985 13.879 13.788 13.001 13.985 13.454 13.893 13.914 12.534 13.743 13.331 13.465 13.965 13.986 14.502 14.429 14.132 14.734 15.377 15.628 15.848 16.012 -9999 -9999 -9999 -9999 -9999 -9999 -9999 -9999 -9999 -9999 -9999 -9999 -9999 -9999 -9999 -9999 -9999 -9999 -9999
-9999 -9999 -9999 -9999 -9999 -9999 -9999 -9999 -9999 -9999 -9999 -9999 -9999 14.671 14.133 14.295 13.205 13.354 12.998 12.139 12.69 13.299 13.593 13.117 13.296 13.372 13.399 13.862 14.068 13.863 13.939 14.791 14.807 14.445 13.946 13.905 13.179 14.187 13.908 13.503 14.285 13.217 13.147 13.941 14.246 14.477 14.043 14.139 14.354 14.186 14.566 14.988 15.447 15.691 15.859 16.067 16.104 -9999 -9999 -9999 -9999 -9999 -9999 -9999 -9999 -9999 -9999 -9999 -9999 -9999 -9999 -9999 -9999 -9999 -9999
-9999 -9999 -9999 -9999 -9999 -9999 -9999 -9999 -9999 -9999 -9999 -9999 14.408 14.301 14.298 14.268 13.965 13.663 12.946 13.051 12.984 12.73 14.055 14.037 13.802 13.424 13.398 13.749 14.217 14.733 14.954 14.672 14.973 14.645 14.209 13.895 14.186 14.522 14.252 14.294 14.517 13.397 13.153 13.612 13.884 14.102 14.236 14.601 14.599 14.383 14.893 15.179 15.465 15.704 16.028 16.161 16.234 -9999 -9999 -9999 -9999 -9999 -9999 -9999 -9999 -9999 -9999 -9999 -9999 -9999 -9999 -9999 -9999 -9999 -9999
-9999 -9999 -9999 -9999 -9999 -9999 -9999 -9999 -9999 -9999 -9999 -9999 14.256 13.227 14.095 14.182 14.157 14.249 13.579 12.377 12.632 13.823 14.135 14.438 14.142 13.852 13.649 13.526 14.82 15.28 15.045 15.049 14.689 14.762 14.334 14.477 14.495 14.821 14.648 14.758 14.269 13.933 13.584 13.6 13.918 14.043 14.647 15.043 14.93 14.909 14.942 15.16 15.572 16.001 16.106 16.2 16.275 -9999 -9999 -9999 -9999 -9999 -9999 -9999 -9999 -9999 -9999 -9999 -9999 -9999 -9999 -9999 -9999 -9999 -9999
-9999 -9999 -9999 -9999 -9999 -9999 -9999 -9999 -9999 -9999 -9999 14.184 13.326 13.741 13.913 14.024 14.334 14.474 13.589 13.084 13.485 13.607 14.167 14.339 14.424 14.011 13.631 14.39 14.769 15.089 15.457 15.025 15.0 14.83 14.915 14.827 14.935 15.13 15.116 14.698 14.84 14.295 13.653 14.054 14.135 14.324 14.473 15.012 15.227 15.622 15.323 15.367 15.7 16.109 16.351 16.302 16.308 16.43 -9999 -9999 -9999 -9999 -9999 -9999 -9999 -9999 -9999 -9999 -9999 -9999 -9999 -9999 -9999 -9999 -9999
-9999 -9999 -9999 -9999 -9999 -9999 -9999 -9999 -9999 -9999 14.36 -9999 14.349 13.926 13.941 14.082 14.505 14.864 14.435 14.297 13.66 13.216 13.917 14.465 14.634 14.566 14.502 14.641 14.825 15.087 15.283 15.02 15.242 15.231 15.26 15.281 15.424 15.487 15.4 15.273 14.999 14.648 14.766 14.605 14.595 14.601 14.952 15.416 16.087 15.56 15.254 15.632 15.955 16.188 16.359 16.506 16.551 16.464 -9999 -9999 -9999 -9999 -9999 -9999 -9999 -9999 -9999 -9999 -9999 -9999 -9999 -9999 -9999 -9999 -9999
