Validation/Results/ReClimate_10_2023_1_Precipitation-Actuals.asc
NCOLS 192
NROWS 249
XLLCENTER -225160.85627316462
YLLCENTER 29788.11610251502
CELLSIZE 5000.0
NODATA_VALUE -9999
[rows 198 to 230 of 249, columns 74 to 147 of 192]
-9999 -9999 -9999 -9999 -9999 -9999 -9999 -9999 -9999 -9999 -9999 -9999 -9999 -9999 -9999 -9999 -9999 -9999 182.929 183.818 189.915 166.536 169.802 173.731 170.355 210.751 230.096 258.251 253.3 224.115 187.376 143.064 135.758 127.926 130.345 142.465 130.378 109.104 91.683 86.53 85.86 89.033 84.054 88.162 86.865 82.102 78.27 74.681 71.873 72.367 69.154 71.174 70.996 68.499 65.491 66.807 66.834 68.071 66.147 69.124 71.868 72.965 77.777 76.993 73.851 70.099 68.818 71.252 70.916 69.163 70.505 63.8 62.893 61.917
-9999 -9999 -9999 -9999 -9999 -9999 -9999 -9999 -9999 -9999 -9999 -9999 -9999 -9999 -9999 125.987 156.514 170.551 174.922 189.366 189.74 182.96 174.585 168.308 193.047 215.244 238.592 233.075 240.49 211.719 187.278 169.661 143.266 124.489 146.896 130.387 110.855 89.578 84.512 84.77 94.428 80.879 81.895 80.938 83.444 85.621 86.484 81.819 74.194 68.718 65.498 67.299 70.765 65.434 62.763 63.075 68.092 69.023 74.856 72.096 71.397 73.677 76.456 78.344 74.775 71.165 68.19 71.222 71.029 69.142 65.643 64.428 60.585 61.693
-9999 -9999 -9999 -9999 -9999 -9999 -9999 -9999 -9999 -9999 -9999 -9999 -9999 164.514 152.212 159.061 164.22 169.231 178.828 181.826 194.052 184.562 188.021 207.165 197.723 218.225 228.59 214.65 217.801 220.567 210.676 176.522 150.326 143.452 129.402 113.231 97.622 112.122 98.249 85.657 80.752 75.889 73.779 76.328 79.976 85.938 84.008 78.842 72.218 68.426 62.803 66.937 70.085 66.822 70.965 70.57 69.991 71.035 70.87 76.837 74.252 76.197 80.708 81.604 79.245 76.302 70.683 67.058 69.561 69.04 66.333 58.917 62.216 63.139
-9999 -9999 -9999 -9999 -9999 -9999 -9999 -9999 -9999 176.685 183.538 177.026 170.512 192.243 184.165 188.338 182.099 185.459 191.143 198.984 210.606 211.315 229.483 217.423 204.893 217.197 206.514 200.274 208.652 221.745 197.231 168.394 140.137 145.792 121.703 97.325 125.117 125.151 106.328 98.102 85.81 81.742 72.877 73.513 89.291 77.561 83.493 74.53 72.013 68.11 69.188 72.918 71.272 78.166 75.467 77.174 73.409 73.266 71.983 73.735 76.078 78.549 80.244 80.811 79.083 75.978 72.014 69.158 68.818 70.967 69.868 69.948 62.849 64.272
-9999 -9999 -9999 -9999 -9999 -9999 -9999 -9999 157.947 180.852 183.003 190.055 228.121 243.287 238.823 211.786 206.101 219.964 224.749 221.282 224.613 234.16 231.822 221.672 211.981 195.3 187.33 188.041 208.479 207.702 184.44 159.228 156.58 148.955 136.427 152.213 178.499 143.897 117.853 93.597 91.534 83.696 84.339 85.381 78.188 79.608 76.176 74.739 72.491 70.611 74.911 79.083 85.147 87.525 90.465 82.389 75.558 82.598 82.18 79.14 79.954 78.747 81.562 80.765 77.661 73.666 73.475 74.754 71.211 74.729 75.213 69.52 68.293 65.617
-9999 -9999 -9999 -9999 -9999 -9999 -9999 144.834 164.824 180.879 187.045 206.259 231.644 235.546 217.036 213.874 217.009 219.913 215.679 208.469 223.825 234.147 227.045 206.597 189.316 177.855 189.171 209.915 216.122 210.494 187.736 165.9 153.499 152.555 141.247 185.125 175.175 159.631 119.364 110.388 99.256 96.953 88.804 85.801 84.541 85.026 86.258 75.654 74.001 73.401 77.704 81.332 89.988 99.353 93.406 89.363 85.334 84.059 90.665 86.963 84.231 83.011 80.615 79.403 78.418 74.976 74.298 77.919 78.536 74.472 75.604 72.195 71.366 78.255
-9999 -9999 -9999 -9999 -9999 134.536 -9999 145.252 155.818 164.699 179.454 190.054 202.042 200.157 194.624 197.091 193.441 202.0 190.132 192.696 192.718 196.905 189.242 189.188 190.718 208.376 233.092 271.956 296.504 251.375 231.3 213.931 216.654 191.527 169.77 168.456 196.414 150.059 129.74 122.747 114.346 100.791 92.684 92.266 92.496 93.321 85.091 76.676 68.688 71.208 84.202 96.079 103.017 101.475 95.127 88.887 86.151 85.326 88.314 87.467 83.576 79.932 78.739 73.217 72.476 76.169 76.632 76.785 77.643 75.622 74.815 76.088 74.821 76.825
-9999 -9999 -9999 -9999 -9999 -9999 -9999 -9999 -9999 167.436 168.227 177.07 184.8 179.597 180.176 187.514 192.703 182.76 180.768 179.344 182.304 194.897 192.412 206.278 210.355 235.923 267.906 303.623 300.858 295.2 269.508 283.3 278.045 207.817 187.277 184.834 143.28 145.926 136.209 108.118 102.315 98.845 108.93 105.616 107.185 99.731 86.014 76.672 74.984 83.475 95.862 115.1 113.561 109.11 96.858 90.803 89.517 93.318 87.046 84.984 80.38 75.887 74.163 73.701 72.803 74.308 75.192 74.333 75.806 79.132 81.712 85.382 84.244 79.148
-9999 -9999 -9999 -9999 -9999 -9999 -9999 -9999 -9999 160.519 163.599 170.917 174.666 179.664 188.853 196.372 186.483 177.861 179.211 179.96 193.704 194.05 196.304 201.804 207.629 226.179 244.401 261.973 268.005 263.11 266.386 280.065 243.517 226.776 198.036 155.611 178.544 174.846 126.501 110.225 109.156 120.783 116.629 118.767 115.272 106.397 87.589 85.024 88.526 108.304 117.829 113.236 108.162 106.072 101.527 96.646 89.922 89.03 87.915 81.363 78.284 75.265 74.159 77.382 77.619 78.194 76.585 72.692 76.367 82.342 88.953 88.116 87.15 85.743
-9999 -9999 -9999 -9999 -9999 -9999 -9999 134.871 144.937 156.421 161.639 -9999 172.71 175.108 180.92 172.387 166.804 163.483 -9999 169.56 173.362 182.877 203.131 201.278 223.787 231.42 246.994 256.77 246.222 230.693 252.586 230.886 211.151 210.784 195.823 189.397 191.121 176.589 133.334 124.596 113.523 117.604 125.935 123.476 120.436 102.722 89.264 89.223 100.029 105.741 111.13 106.844 106.725 97.769 94.87 94.089 88.419 82.555 80.29 78.006 81.989 78.204 76.59 74.711 75.084 74.045 76.582 78.589 80.276 88.593 91.724 93.684 88.48 87.36
-9999 -9999 -9999 -9999 -9999 -9999 -9999 135.379 -9999 -9999 -9999 163.825 165.913 169.217 -9999 -9999 -9999 -9999 -9999 161.213 165.082 182.823 181.189 195.013 207.796 217.299 231.352 236.085 235.584 297.577 300.996 252.73 222.24 210.883 210.075 199.35 190.926 153.485 142.802 125.933 119.304 128.721 124.839 123.875 103.764 91.001 90.007 96.226 106.087 104.61 111.29 105.475 98.213 94.421 88.884 85.476 83.369 79.898 78.854 77.008 77.852 79.419 76.037 76.795 74.323 76.005 79.314 77.373 84.631 92.623 97.133 96.49 90.3 84.826
-9999 -9999 -9999 -9999 -9999 -9999 -9999 -9999 -9999 147.57 156.156 159.183 157.837 159.233 -9999 -9999 -9999 -9999 -9999 -9999 -9999 -9999 171.654 192.573 192.739 191.794 204.149 225.408 285.862 334.439 333.107 296.683 252.242 226.039 210.515 188.681 188.919 180.213 146.183 131.771 144.11 137.988 131.929 103.521 95.268 93.848 97.501 111.513 109.968 109.102 106.541 99.843 94.312 87.637 84.602 81.269 78.514 80.132 81.128 79.283 74.319 73.871 74.42 77.251 79.553 79.106 86.958 91.419 92.1 98.874 97.554 94.889 90.408 83.599
-9999 -9999 -9999 -9999 -9999 -9999 -9999 -9999 -9999 -9999 153.83 -9999 -9999 -9999 -9999 -9999 -9999 -9999 -9999 -9999 162.656 164.946 178.766 179.205 171.704 172.433 182.2 217.066 272.004 311.361 318.339 285.283 240.046 218.809 206.786 189.678 189.163 158.6 130.24 123.444 135.741 134.633 118.592 -9999 98.298 100.908 104.513 119.983 113.204 108.008 101.35 94.408 90.629 85.331 84.587 81.51 77.819 71.384 71.825 74.352 74.244 74.469 74.403 75.862 83.61 94.168 94.18 100.89 95.142 96.056 95.601 91.843 83.721 82.516
-9999 -9999 -9999 -9999 -9999 -9999 -9999 -9999 -9999 -9999 -9999 -9999 -9999 -9999 -9999 -9999 -9999 -9999 -9999 -9999 156.295 161.634 161.996 156.39 -9999 -9999 -9999 192.589 240.758 258.395 261.019 237.627 219.662 217.364 199.693 179.566 163.525 144.979 122.854 121.283 119.117 107.874 -9999 96.84 98.689 101.881 112.178 114.856 108.144 106.107 100.675 93.84 90.739 89.516 85.723 83.375 78.012 76.88 80.971 83.455 81.067 77.602 76.965 78.416 84.809 93.446 100.101 98.569 94.904 90.803 91.592 86.901 81.915 78.103
-9999 -9999 -9999 -9999 -9999 -9999 -9999 -9999 -9999 -9999 -9999 -9999 -9999 -9999 -9999 -9999 -9999 -9999 -9999 -9999 -9999 -9999 -9999 -9999 -9999 -9999 -9999 153.82 186.178 207.855 201.47 195.502 193.629 188.08 177.188 163.203 148.404 132.617 119.195 117.532 -9999 -9999 98.369 95.951 101.77 103.369 112.343 114.397 108.692 109.357 98.713 88.946 92.034 89.283 88.932 92.817 93.152 89.397 91.563 99.376 94.614 88.981 88.107 86.498 89.368 93.849 94.742 92.975 90.502 85.527 85.794 84.039 82.058 79.074
-9999 -9999 -9999 -9999 -9999 -9999 -9999 -9999 -9999 -9999 -9999 -9999 -9999 -9999 -9999 -9999 -9999 -9999 -9999 -9999 -9999 -9999 -9999 -9999 -9999 -9999 -9999 141.914 156.964 163.012 167.032 174.614 167.184 162.367 159.175 148.236 134.143 -9999 -9999 -9999 -9999 -9999 96.823 102.575 105.584 107.632 111.264 113.641 109.899 103.919 94.066 87.288 88.484 97.382 95.961 102.891 105.263 102.536 99.826 100.832 99.032 92.21 91.422 88.546 88.041 92.203 87.565 85.093 81.512 80.437 78.624 77.135 76.337 77.586
-9999 -9999 -9999 -9999 -9999 -9999 -9999 -9999 -9999 -9999 -9999 -9999 -9999 -9999 -9999 -9999 -9999 -9999 -9999 -9999 -9999 -9999 -9999 -9999 -9999 -9999 -9999 -9999 -9999 146.533 160.467 158.278 151.723 149.28 145.487 133.418 -9999 -9999 -9999 -9999 111.14 112.659 113.3 111.025 112.935 106.214 114.985 114.902 111.096 101.065 93.462 93.93 99.02 105.394 107.552 106.058 108.549 104.939 100.161 96.133 95.815 93.59 88.293 87.461 83.49 83.296 83.584 81.321 81.611 81.266 82.172 78.299 75.409 76.253
-9999 -9999 -9999 -9999 -9999 -9999 -9999 -9999 -9999 -9999 -9999 -9999 -9999 -9999 -9999 -9999 -9999 -9999 -9999 -9999 -9999 -9999 -9999 -9999 -9999 -9999 -9999 -9999 -9999 -9999 135.565 133.778 142.437 131.936 128.202 -9999 -9999 -9999 -9999 115.815 113.095 117.089 119.398 116.345 109.269 105.06 108.242 107.553 110.005 101.654 97.227 103.24 105.737 109.217 113.243 108.544 106.062 105.087 104.135 97.833 94.499 91.475 91.574 87.769 85.288 82.479 81.674 83.246 85.113 87.061 86.431 82.617 77.459 76.263
-9999 -9999 -9999 -9999 -9999 -9999 -9999 -9999 -9999 -9999 -9999 -9999 -9999 -9999 -9999 -9999 -9999 -9999 -9999 -9999 -9999 -9999 -9999 -9999 -9999 -9999 -9999 -9999 -9999 -9999 -9999 -9999 -9999 -9999 -9999 -9999 -9999 -9999 119.418 115.942 113.18 116.268 119.76 119.644 111.382 110.751 106.555 108.683 104.456 94.631 93.935 96.248 100.196 102.613 104.62 109.249 110.331 108.554 113.783 112.167 104.927 100.234 97.842 97.433 89.959 85.571 84.685 84.686 86.678 88.425 85.281 82.198 79.598 78.473
-9999 -9999 -9999 -9999 -9999 -9999 -9999 -9999 -9999 -9999 -9999 -9999 -9999 -9999 -9999 -9999 -9999 -9999 -9999 -9999 -9999 -9999 -9999 -9999 -9999 -9999 -9999 -9999 -9999 -9999 -9999 -9999 -9999 -9999 -9999 -9999 -9999 110.657 114.313 118.389 121.09 146.461 140.336 123.961 120.737 114.301 112.083 109.154 96.989 90.645 88.978 89.826 96.295 99.325 106.373 111.38 119.227 118.241 114.904 124.066 116.783 108.612 104.149 98.802 94.277 86.892 87.118 88.591 88.037 88.228 85.799 82.407 82.107 82.695
-9999 -9999 -9999 -9999 -9999 -9999 -9999 -9999 -9999 -9999 -9999 -9999 -9999 -9999 -9999 -9999 -9999 -9999 -9999 -9999 -9999 -9999 -9999 -9999 -9999 -9999 -9999 -9999 -9999 -9999 -9999 -9999 -9999 -9999 -9999 -9999 -9999 108.252 105.523 108.391 127.558 140.272 149.613 149.216 137.563 130.073 126.806 110.676 101.111 97.983 104.078 102.673 104.658 103.454 101.376 105.491 110.843 119.66 118.643 118.255 118.952 109.72 107.189 103.557 97.226 94.253 92.552 93.437 93.64 84.336 85.596 86.286 88.472 95.593
-9999 -9999 -9999 -9999 -9999 -9999 -9999 -9999 -9999 -9999 -9999 -9999 -9999 -9999 -9999 -9999 -9999 -9999 -9999 -9999 -9999 -9999 -9999 -9999 194.655 215.188 238.047 219.727 -9999 181.539 -9999 -9999 -9999 -9999 -9999 -9999 -9999 -9999 98.099 103.028 113.19 124.482 134.233 142.266 143.095 140.367 122.809 114.487 107.592 114.37 114.035 104.46 105.113 103.677 98.801 102.933 105.649 109.642 111.133 114.539 110.823 112.366 111.776 115.81 115.069 106.88 103.43 103.125 98.759 98.192 91.377 94.261 95.465 97.777
-9999 -9999 -9999 -9999 -9999 -9999 -9999 -9999 -9999 -9999 -9999 -9999 -9999 -9999 -9999 -9999 -9999 -9999 -9999 -9999 -9999 170.598 177.794 177.918 197.373 238.831 246.54 234.743 227.917 188.73 152.061 127.559 -9999 -9999 114.117 108.597 102.868 98.675 99.048 96.733 102.992 108.639 118.555 123.588 134.961 129.325 123.218 118.497 128.598 123.292 112.916 113.705 106.098 102.721 99.95 100.561 106.66 108.678 110.217 106.075 109.59 111.568 117.209 116.305 122.309 122.484 111.092 105.542 102.293 99.197 101.39 100.106 112.617 111.778
-9999 -9999 -9999 -9999 -9999 -9999 -9999 -9999 -9999 -9999 -9999 -9999 -9999 -9999 -9999 -9999 -9999 -9999 -9999 -9999 173.138 170.975 160.84 169.958 201.215 240.273 261.325 262.6 235.903 203.942 172.362 140.407 121.167 124.542 118.183 119.181 104.141 99.564 92.246 93.413 96.345 102.434 106.148 120.226 122.438 120.854 119.506 137.532 130.092 129.379 125.651 118.572 110.791 105.543 103.165 101.33 105.91 110.425 108.197 108.939 107.188 110.938 114.043 118.417 123.014 123.471 119.119 113.807 115.66 109.724 109.896 108.012 107.0 116.824
-9999 -9999 -9999 -9999 -9999 -9999 -9999 -9999 -9999 -9999 -9999 -9999 -9999 -9999 -9999 -9999 -9999 -9999 -9999 -9999 173.629 146.532 143.906 151.886 176.921 214.743 227.119 236.091 222.547 199.875 169.565 159.114 154.801 138.343 129.391 111.419 106.799 100.186 89.363 88.224 90.083 94.845 98.025 105.056 107.739 113.83 128.629 128.888 127.478 135.527 131.819 116.984 116.125 113.76 108.457 107.15 109.72 111.216 109.413 108.546 111.805 105.28 110.687 120.098 128.005 129.871 121.991 121.654 123.41 120.852 112.755 109.529 108.518 106.593
-9999 -9999 -9999 -9999 -9999 -9999 -9999 -9999 -9999 -9999 -9999 -9999 -9999 -9999 -9999 -9999 -9999 -9999 -9999 -9999 157.745 139.03 140.481 141.462 164.708 177.81 186.732 192.485 191.31 181.787 170.447 161.64 159.427 143.083 117.27 107.926 102.417 96.395 89.659 90.144 101.586 91.764 93.956 95.637 104.657 115.865 118.302 119.642 119.606 126.712 120.282 123.907 124.916 118.459 111.602 109.772 112.437 117.555 119.521 114.933 114.433 122.522 118.995 127.886 132.728 140.888 129.806 123.027 126.601 119.85 113.072 111.351 106.438 109.237
-9999 -9999 -9999 -9999 -9999 -9999 -9999 -9999 -9999 -9999 -9999 -9999 -9999 -9999 -9999 -9999 161.837 177.214 -9999 164.386 144.459 150.939 147.601 141.317 142.878 148.887 158.008 168.874 174.497 174.176 158.84 152.763 142.32 123.782 115.438 106.459 104.653 102.123 96.432 95.571 91.717 94.415 94.513 96.461 108.093 107.978 112.612 113.858 123.457 125.485 123.726 137.036 135.54 124.578 116.771 115.342 117.663 119.7 119.148 119.68 115.458 121.635 129.806 128.914 133.136 132.785 133.36 122.694 125.082 125.621 120.872 117.595 113.881 109.123
-9999 -9999 -9999 -9999 -9999 -9999 -9999 -9999 -9999 -9999 -9999 -9999 -9999 -9999 -9999 -9999 172.885 183.474 177.628 161.457 157.401 155.514 142.988 138.128 148.211 146.12 149.559 156.255 164.985 165.277 153.397 140.885 132.626 124.658 127.51 136.772 124.236 112.485 100.494 95.477 101.142 103.252 103.6 107.052 111.612 105.564 114.744 116.962 119.486 120.094 131.893 131.395 130.296 123.945 121.117 124.46 125.33 120.385 117.445 116.412 117.919 118.846 122.758 125.149 130.105 134.793 134.032 139.889 134.152 131.136 128.459 125.258 119.069 116.554
-9999 -9999 -9999 -9999 -9999 -9999 -9999 -9999 -9999 -9999 -9999 -9999 -9999 -9999 -9999 160.118 171.223 178.938 180.909 175.155 161.528 153.439 147.146 147.629 144.301 137.315 140.885 145.518 145.299 152.682 142.95 129.074 122.446 127.045 148.759 142.284 131.717 129.258 115.904 108.761 110.559 109.804 112.28 114.274 112.353 118.771 123.098 119.473 120.927 132.182 126.575 124.338 122.49 126.065 125.315 124.389 130.504 126.901 118.161 116.054 118.851 119.235 119.781 119.342 124.059 129.729 130.656 137.082 144.609 136.099 143.032 129.654 134.211 135.039
-9999 -9999 -9999 -9999 -9999 -9999 -9999 -9999 -9999 -9999 -9999 -9999 -9999 -9999 -9999 -9999 151.68 170.649 167.817 160.388 155.212 152.679 142.659 135.668 138.044 132.54 132.851 132.648 133.9 126.696 123.146 122.668 113.647 132.376 145.804 146.323 151.475 144.798 129.191 126.877 119.849 121.561 122.179 121.336 122.34 127.16 129.529 128.79 132.142 126.203 125.475 119.669 120.382 124.631 126.916 125.687 125.426 125.753 121.686 120.381 -9999 118.09 117.569 120.778 117.847 116.847 119.045 118.851 123.821 123.29 122.059 124.056 118.999 130.232
-9999 -9999 -9999 -9999 -9999 -9999 -9999 -9999 -9999 -9999 -9999 -9999 -9999 -9999 -9999 146.2 146.884 152.384 154.342 158.526 161.337 155.347 142.051 135.787 128.462 126.174 127.851 120.671 113.446 116.777 117.822 109.413 116.928 128.039 136.287 145.547 152.836 138.077 133.66 145.396 141.988 141.269 147.186 141.75 144.588 151.108 145.359 138.069 134.765 127.294 120.99 125.209 122.677 123.964 125.022 126.699 129.644 126.725 126.657 121.309 116.187 -9999 109.555 -9999 107.204 -9999 106.555 -9999 109.052 109.548 109.581 107.286 109.497 113.751
-9999 -9999 -9999 -9999 -9999 -9999 -9999 -9999 -9999 -9999 -9999 -9999 -9999 -9999 -9999 146.549 147.334 151.911 156.055 161.364 164.008 162.583 154.107 151.391 143.722 137.495 124.325 111.457 106.94 110.586 108.0 109.4 114.632 125.462 135.729 148.015 141.754 130.06 146.253 145.602 132.738 138.463 138.673 154.152 161.938 154.403 143.43 142.111 138.581 130.27 130.349 127.892 125.802 123.362 122.372 123.985 124.012 120.999 118.507 116.634 114.248 -9999 -9999 103.488 101.527 -9999 -9999 101.985 101.017 101.075 -9999 -9999 -9999 -9999
-9999 -9999 -9999 -9999 -9999 -9999 -9999 -9999 -9999 -9999 -9999 -9999 -9999 -9999 164.995 159.385 165.565 159.402 152.163 150.617 161.657 170.402 178.688 187.579 186.987 157.415 130.169 114.38 113.436 112.78 107.264 103.698 112.896 123.393 137.101 127.638 136.868 132.317 135.063 117.752 118.523 125.3 139.863 150.365 150.786 146.251 142.888 141.186 138.016 132.434 124.345 124.701 125.106 123.557 117.872 113.767 117.929 117.425 -9999 -9999 -9999 119.2 -9999 -9999 -9999 -9999 -9999 -9999 102.694 -9999 -9999 -9999 -9999 -9999
