Validation/Results/ReClimate_11_2023_2_Precipitation-Actualsweatherlogisticsltd.asc
NCOLS 192
NROWS 249
XLLCENTER -225160.85627316462
YLLCENTER 29788.11610251502
CELLSIZE 5000.0
NODATA_VALUE -9999
[rows 132 to 164 of 249, columns 74 to 147 of 192]
-9999 -9999 -9999 -9999 -9999 -9999 -9999 -9999 -9999 -9999 -9999 -9999 -9999 174.448 185.176 207.854 228.776 238.622 240.105 280.527 312.245 345.066 332.755 254.399 216.792 221.981 228.967 210.523 193.848 189.872 177.63 166.216 157.608 148.38 152.263 171.038 186.819 189.397 175.754 183.781 179.972 170.826 186.814 189.84 190.191 181.392 160.513 146.737 129.588 114.445 109.195 100.03 93.49 86.829 88.087 79.849 71.397 69.052 -9999 -9999 -9999 -9999 -9999 -9999 -9999 -9999 -9999 -9999 -9999 -9999 -9999 -9999 -9999 -9999
138.032 -9999 -9999 -9999 -9999 -9999 -9999 -9999 -9999 -9999 -9999 -9999 -9999 178.732 217.051 215.847 223.092 219.085 221.628 265.629 338.207 353.198 313.647 268.979 229.436 224.892 217.077 210.966 215.552 180.122 168.428 164.963 149.397 144.436 147.1 162.424 162.45 162.043 154.286 156.235 150.78 155.989 166.697 173.736 172.884 161.402 156.322 136.412 118.584 109.693 95.192 92.748 91.751 82.804 76.974 77.183 70.77 67.191 -9999 -9999 -9999 -9999 -9999 -9999 -9999 -9999 -9999 -9999 -9999 -9999 -9999 -9999 -9999 -9999
160.484 -9999 -9999 -9999 -9999 -9999 -9999 -9999 -9999 -9999 -9999 -9999 171.092 204.459 206.11 213.321 219.806 214.078 204.706 250.001 293.616 302.169 325.411 279.222 243.299 212.642 203.472 210.489 188.331 175.217 162.026 140.99 146.391 133.73 134.997 138.052 141.722 140.066 132.15 129.238 136.181 138.646 152.153 160.616 151.204 148.814 142.563 130.031 115.237 103.288 88.457 81.804 82.379 80.99 76.402 71.605 70.265 68.738 65.774 -9999 -9999 -9999 -9999 -9999 -9999 -9999 -9999 -9999 -9999 -9999 -9999 -9999 -9999 -9999
145.758 -9999 -9999 -9999 -9999 -9999 -9999 -9999 -9999 -9999 -9999 155.485 -9999 180.576 200.337 204.196 208.071 193.238 179.151 205.966 223.397 286.138 320.961 272.621 227.33 193.789 183.169 175.799 175.163 171.202 162.319 153.956 148.168 124.781 120.105 121.804 123.998 116.002 109.257 110.96 116.808 126.33 127.146 125.639 130.899 131.537 121.795 109.175 101.883 83.727 86.104 87.386 78.921 76.213 71.487 62.608 65.042 69.077 65.777 -9999 -9999 -9999 -9999 -9999 -9999 -9999 -9999 -9999 -9999 -9999 -9999 -9999 -9999 -9999
149.503 136.479 -9999 -9999 -9999 -9999 -9999 -9999 -9999 -9999 -9999 148.389 -9999 163.79 172.08 172.152 178.431 172.644 166.46 171.977 194.293 254.194 267.743 245.195 204.358 178.71 170.884 168.483 173.619 183.317 186.313 -9999 -9999 -9999 -9999 -9999 -9999 103.16 98.004 100.272 106.335 107.507 108.817 120.887 133.779 121.972 107.61 110.252 94.526 92.593 93.722 79.716 79.807 74.43 76.456 67.185 59.851 65.457 66.221 64.227 -9999 -9999 -9999 -9999 -9999 -9999 -9999 -9999 -9999 -9999 -9999 -9999 -9999 -9999
154.08 141.708 122.853 -9999 -9999 -9999 -9999 -9999 -9999 -9999 -9999 145.001 143.957 140.648 140.927 152.443 161.18 162.401 159.937 161.148 183.47 219.659 243.375 217.086 196.743 176.046 171.457 176.823 163.18 169.961 156.363 -9999 -9999 -9999 -9999 105.119 104.706 98.157 96.309 95.603 100.117 105.721 117.629 141.401 149.765 128.444 123.753 107.486 94.339 105.666 95.31 84.185 84.421 79.918 74.738 81.83 75.897 67.708 65.964 60.43 -9999 -9999 -9999 -9999 -9999 -9999 -9999 -9999 -9999 -9999 -9999 -9999 -9999 -9999
144.662 130.982 126.397 116.542 -9999 -9999 -9999 -9999 -9999 -9999 -9999 137.852 127.888 125.845 -9999 -9999 153.354 156.491 153.576 160.063 -9999 178.157 188.603 184.79 183.995 170.63 169.855 165.171 153.192 -9999 -9999 -9999 -9999 -9999 101.779 101.248 102.586 96.618 97.335 96.3 99.137 111.713 132.162 165.093 179.428 166.581 157.194 130.746 124.7 111.646 103.969 103.793 89.615 89.784 81.613 77.406 77.313 72.998 66.024 61.857 -9999 -9999 -9999 -9999 -9999 -9999 -9999 -9999 -9999 -9999 -9999 -9999 -9999 -9999
121.932 128.532 127.937 113.763 -9999 -9999 -9999 -9999 -9999 -9999 -9999 -9999 124.014 114.343 -9999 -9999 -9999 139.481 139.959 147.669 148.782 -9999 -9999 155.453 157.29 155.749 158.356 161.112 -9999 -9999 -9999 -9999 -9999 120.411 108.984 110.962 106.763 105.206 103.87 102.729 108.261 120.803 135.617 162.172 174.163 189.189 172.551 167.794 158.077 144.146 131.421 124.519 112.844 93.341 88.769 84.448 76.003 73.387 70.824 66.896 -9999 -9999 -9999 -9999 -9999 -9999 -9999 -9999 -9999 -9999 -9999 -9999 -9999 -9999
115.248 117.212 114.892 -9999 -9999 -9999 -9999 -9999 -9999 -9999 -9999 -9999 -9999 109.775 -9999 -9999 -9999 -9999 127.723 140.041 145.783 -9999 -9999 -9999 144.716 142.345 -9999 -9999 -9999 -9999 -9999 -9999 -9999 118.553 119.943 126.369 125.401 131.625 131.083 124.575 115.533 118.618 133.961 136.148 160.792 176.808 187.075 201.607 190.286 173.801 143.258 135.969 126.142 102.8 88.421 82.338 75.912 71.259 72.445 67.021 -9999 -9999 -9999 -9999 -9999 -9999 -9999 -9999 -9999 -9999 -9999 -9999 -9999 -9999
124.632 112.302 -9999 -9999 -9999 -9999 -9999 -9999 -9999 -9999 -9999 -9999 -9999 120.578 -9999 -9999 -9999 -9999 -9999 137.365 141.671 -9999 -9999 -9999 -9999 -9999 -9999 -9999 -9999 -9999 -9999 -9999 -9999 120.33 138.299 142.922 159.225 167.723 167.972 148.744 127.301 128.5 126.952 146.865 178.029 209.101 230.66 227.218 205.466 161.807 144.498 127.852 111.332 104.336 95.998 87.208 74.419 69.495 72.123 72.909 62.5 -9999 -9999 -9999 -9999 -9999 -9999 -9999 -9999 -9999 -9999 -9999 -9999 -9999
110.828 -9999 108.544 108.404 103.356 94.313 -9999 -9999 -9999 -9999 -9999 -9999 -9999 120.083 -9999 -9999 -9999 -9999 -9999 -9999 -9999 -9999 -9999 -9999 -9999 -9999 -9999 -9999 -9999 -9999 -9999 -9999 126.391 125.669 139.264 154.682 169.351 213.985 222.049 196.776 163.78 136.008 135.175 121.015 153.769 202.633 231.106 248.871 204.769 207.252 190.317 149.485 125.831 98.485 90.035 88.421 83.159 76.848 72.254 73.651 68.32 60.627 -9999 -9999 -9999 -9999 -9999 -9999 -9999 -9999 -9999 -9999 -9999 -9999
105.978 104.931 106.98 103.331 94.321 93.474 -9999 -9999 -9999 -9999 -9999 -9999 -9999 -9999 -9999 -9999 -9999 -9999 -9999 -9999 -9999 -9999 -9999 -9999 -9999 -9999 -9999 -9999 -9999 -9999 -9999 136.971 131.459 145.957 171.421 192.06 230.361 292.927 267.477 216.595 177.683 156.975 121.388 117.165 141.455 187.62 253.94 227.431 214.03 198.703 178.046 151.444 127.451 109.874 87.104 80.909 76.645 71.19 69.189 69.952 63.035 56.301 -9999 -9999 -9999 -9999 -9999 -9999 -9999 -9999 -9999 -9999 -9999 -9999
102.472 106.223 105.192 100.418 -9999 89.926 89.325 -9999 -9999 -9999 -9999 -9999 -9999 -9999 -9999 -9999 -9999 -9999 -9999 -9999 -9999 -9999 -9999 -9999 -9999 -9999 -9999 -9999 -9999 -9999 -9999 138.264 140.406 177.75 225.748 264.627 281.979 267.398 273.633 252.08 219.023 185.613 153.829 136.037 137.518 172.676 198.031 224.74 198.017 183.844 154.684 134.91 107.323 95.144 86.287 79.658 73.986 69.444 63.775 64.331 59.412 53.5 52.642 55.365 -9999 -9999 -9999 -9999 -9999 -9999 -9999 -9999 -9999 -9999
104.232 107.272 104.359 96.663 -9999 -9999 88.324 -9999 -9999 -9999 -9999 -9999 -9999 -9999 -9999 -9999 -9999 -9999 -9999 -9999 -9999 -9999 -9999 -9999 -9999 -9999 -9999 -9999 -9999 -9999 -9999 158.929 167.291 207.954 269.182 304.604 316.053 342.255 343.587 303.948 277.24 256.523 207.211 168.273 139.641 124.516 153.372 170.316 166.403 162.58 146.541 122.727 103.524 89.39 77.792 71.958 71.338 64.268 61.795 61.236 59.837 56.007 67.409 68.667 68.567 66.506 78.475 -9999 -9999 -9999 -9999 -9999 -9999 -9999
102.827 104.791 99.061 88.716 87.607 -9999 87.666 -9999 -9999 -9999 -9999 -9999 -9999 -9999 -9999 -9999 -9999 -9999 -9999 -9999 -9999 -9999 -9999 -9999 -9999 -9999 -9999 -9999 -9999 -9999 135.307 171.816 198.587 264.68 353.185 418.636 435.443 378.352 370.905 366.301 362.037 310.62 278.253 213.171 163.362 137.987 152.42 140.147 143.707 154.507 139.577 121.339 107.834 95.813 84.541 74.8 69.554 63.708 58.345 56.47 59.229 62.852 70.95 90.755 87.686 88.361 85.335 81.829 86.234 -9999 -9999 -9999 -9999 -9999
110.114 107.614 104.496 98.287 -9999 88.155 -9999 -9999 -9999 -9999 -9999 -9999 -9999 -9999 -9999 -9999 -9999 -9999 -9999 -9999 -9999 -9999 -9999 -9999 -9999 -9999 -9999 -9999 -9999 -9999 -9999 140.328 181.671 247.419 332.472 400.042 431.135 431.54 387.907 373.451 339.018 345.625 296.093 239.661 195.191 175.625 165.402 164.792 194.019 172.843 164.96 156.977 137.241 110.457 94.567 82.519 71.921 67.006 62.35 63.296 62.402 64.151 76.242 94.113 93.941 95.469 96.767 93.327 90.233 87.743 -9999 -9999 -9999 -9999
126.809 116.199 106.007 97.761 91.07 92.444 -9999 -9999 -9999 -9999 -9999 -9999 -9999 -9999 -9999 -9999 -9999 -9999 -9999 -9999 -9999 -9999 -9999 -9999 -9999 -9999 -9999 -9999 -9999 -9999 -9999 -9999 144.806 193.348 258.59 332.343 377.859 402.95 342.083 300.352 305.098 301.032 265.262 240.969 225.361 210.488 198.302 217.809 214.349 204.517 211.982 186.502 150.115 128.844 103.249 87.48 74.721 67.75 66.483 67.261 71.153 88.396 93.733 117.107 130.883 121.064 122.525 102.307 98.054 91.527 83.005 -9999 -9999 -9999
131.093 116.574 106.194 94.665 88.017 -9999 -9999 -9999 -9999 -9999 -9999 -9999 -9999 -9999 -9999 -9999 -9999 -9999 -9999 -9999 -9999 -9999 -9999 -9999 -9999 -9999 -9999 -9999 -9999 -9999 -9999 -9999 136.4 176.911 238.431 288.812 355.704 361.387 293.459 268.838 250.715 229.379 218.304 202.88 217.241 251.843 237.903 250.418 250.282 223.252 185.8 171.367 144.879 128.752 111.113 85.289 73.902 70.146 68.031 72.995 80.902 95.162 113.888 117.63 127.014 124.755 127.6 122.062 105.473 100.253 90.532 75.702 -9999 -9999
146.057 133.995 111.831 92.859 86.903 -9999 -9999 -9999 -9999 -9999 -9999 -9999 -9999 -9999 -9999 -9999 -9999 -9999 -9999 -9999 -9999 -9999 -9999 -9999 -9999 -9999 -9999 -9999 -9999 -9999 -9999 -9999 -9999 163.824 220.431 263.791 305.555 275.773 259.363 228.148 210.082 200.619 178.678 180.634 212.353 228.188 262.913 256.964 250.152 222.439 201.042 176.434 160.324 127.379 107.683 84.636 76.032 73.512 68.205 75.739 87.984 94.865 109.902 122.544 124.7 120.062 114.401 113.775 111.866 100.738 97.824 83.243 -9999 -9999
176.061 -9999 -9999 -9999 -9999 -9999 -9999 -9999 -9999 -9999 -9999 -9999 -9999 -9999 -9999 -9999 -9999 -9999 -9999 -9999 -9999 -9999 -9999 -9999 -9999 -9999 -9999 -9999 -9999 -9999 -9999 -9999 -9999 155.96 200.259 227.973 222.917 226.374 194.539 213.284 207.127 172.961 172.394 177.469 199.111 268.398 262.001 259.653 247.592 235.549 195.682 169.961 149.295 133.543 107.73 89.762 77.128 71.26 70.617 71.081 84.947 97.219 102.728 107.189 107.88 101.626 104.567 103.798 107.924 95.84 86.487 87.008 72.751 -9999
189.965 -9999 -9999 -9999 -9999 -9999 -9999 -9999 -9999 -9999 -9999 -9999 -9999 -9999 -9999 -9999 -9999 -9999 -9999 -9999 -9999 -9999 -9999 -9999 -9999 -9999 -9999 -9999 -9999 -9999 -9999 -9999 -9999 -9999 181.034 180.33 194.359 197.165 186.484 179.202 156.352 155.556 157.838 172.344 203.648 237.663 261.835 257.362 258.338 243.073 229.239 210.053 171.251 155.783 130.833 102.553 83.984 78.113 70.177 67.509 71.57 87.198 97.205 94.055 85.564 80.736 76.006 80.71 83.068 90.014 79.168 78.807 74.429 -9999
141.106 -9999 -9999 -9999 -9999 -9999 -9999 -9999 -9999 -9999 -9999 -9999 -9999 -9999 -9999 -9999 -9999 -9999 -9999 -9999 -9999 -9999 -9999 -9999 -9999 -9999 -9999 -9999 -9999 -9999 -9999 -9999 -9999 -9999 153.906 -9999 158.056 153.625 149.259 141.738 -9999 142.537 154.125 164.517 180.662 222.935 242.462 256.88 255.338 239.524 230.831 236.956 198.906 167.637 146.913 122.216 92.929 78.017 71.781 63.468 68.361 74.929 81.683 81.352 78.475 71.275 68.231 67.08 72.443 77.02 80.856 83.687 85.563 79.037
-9999 -9999 -9999 -9999 -9999 -9999 -9999 -9999 -9999 -9999 -9999 -9999 -9999 -9999 -9999 -9999 -9999 -9999 -9999 -9999 -9999 -9999 -9999 -9999 -9999 -9999 -9999 -9999 -9999 -9999 -9999 -9999 -9999 -9999 -9999 138.578 138.207 -9999 -9999 -9999 -9999 130.349 135.957 140.718 159.481 176.881 203.616 212.206 223.28 225.892 208.947 210.382 217.52 185.663 155.7 129.339 105.052 84.965 73.221 64.832 64.671 72.321 76.887 79.981 76.253 75.676 70.494 66.809 70.639 80.546 82.475 81.439 82.635 81.462
-9999 -9999 -9999 -9999 -9999 -9999 -9999 -9999 -9999 -9999 -9999 -9999 -9999 -9999 -9999 -9999 -9999 -9999 -9999 -9999 -9999 -9999 -9999 -9999 -9999 -9999 -9999 -9999 -9999 -9999 -9999 -9999 -9999 -9999 -9999 126.345 124.86 -9999 -9999 -9999 -9999 121.201 133.739 129.76 143.603 160.041 177.536 169.021 181.74 203.962 199.565 187.353 197.069 182.731 163.891 133.179 108.722 86.023 72.935 65.967 61.98 62.487 68.708 73.159 74.333 73.074 73.688 73.49 74.839 83.62 91.302 89.956 79.69 69.396
-9999 -9999 -9999 -9999 -9999 -9999 -9999 -9999 -9999 -9999 -9999 -9999 -9999 -9999 -9999 -9999 -9999 -9999 -9999 -9999 -9999 -9999 -9999 -9999 -9999 -9999 -9999 -9999 -9999 -9999 -9999 -9999 -9999 -9999 -9999 119.899 -9999 -9999 -9999 -9999 117.093 125.538 136.65 159.275 174.637 196.204 183.618 155.719 180.904 192.264 167.078 166.364 160.854 158.422 147.482 127.803 102.12 84.863 72.48 68.329 65.099 61.648 62.604 67.026 69.811 71.722 77.761 87.865 87.673 87.873 89.241 86.496 81.479 72.914
-9999 -9999 -9999 -9999 -9999 -9999 -9999 -9999 -9999 -9999 -9999 -9999 -9999 -9999 -9999 -9999 -9999 -9999 -9999 -9999 -9999 -9999 -9999 -9999 -9999 -9999 -9999 -9999 -9999 -9999 -9999 -9999 -9999 -9999 -9999 -9999 -9999 -9999 -9999 -9999 112.212 122.116 149.72 191.348 224.597 225.119 190.362 174.272 159.375 158.332 145.661 147.176 151.973 141.037 134.733 123.448 101.391 85.77 74.568 68.173 65.154 61.775 62.15 63.643 66.506 72.054 76.906 91.39 98.911 85.78 82.796 77.128 72.508 68.919
-9999 -9999 -9999 -9999 -9999 -9999 -9999 -9999 -9999 -9999 -9999 -9999 -9999 -9999 -9999 -9999 -9999 -9999 -9999 -9999 -9999 -9999 -9999 -9999 -9999 -9999 -9999 -9999 -9999 -9999 -9999 -9999 -9999 -9999 -9999 -9999 -9999 -9999 -9999 -9999 107.417 120.355 157.968 204.373 236.449 219.168 192.048 155.193 151.037 142.376 130.518 129.72 124.467 129.144 118.454 112.347 97.876 83.617 73.637 65.712 62.404 62.277 63.232 62.293 62.624 68.229 74.443 81.469 88.576 83.639 76.135 70.882 68.194 67.612
-9999 -9999 -9999 -9999 -9999 -9999 -9999 -9999 -9999 -9999 -9999 -9999 -9999 -9999 -9999 -9999 -9999 -9999 -9999 -9999 -9999 -9999 -9999 -9999 -9999 -9999 -9999 -9999 -9999 -9999 -9999 -9999 -9999 -9999 -9999 -9999 -9999 -9999 -9999 103.424 109.131 124.71 157.431 209.291 223.875 195.889 176.896 140.692 134.256 137.647 128.832 125.314 127.43 115.918 107.287 95.429 88.702 74.333 69.174 63.834 62.095 61.993 61.683 59.795 59.753 62.276 68.594 73.605 78.484 76.473 73.254 69.294 66.36 67.249
-9999 -9999 -9999 -9999 -9999 -9999 -9999 -9999 -9999 -9999 -9999 -9999 -9999 -9999 -9999 -9999 -9999 -9999 -9999 -9999 -9999 -9999 -9999 -9999 -9999 -9999 -9999 -9999 -9999 -9999 -9999 -9999 -9999 -9999 -9999 -9999 -9999 -9999 -9999 103.373 106.374 118.901 146.503 172.619 159.312 160.672 142.722 141.454 161.345 144.22 135.34 131.196 122.123 113.402 98.685 93.221 92.495 83.358 69.4 65.934 62.737 60.751 59.377 57.399 57.265 59.949 63.079 66.281 68.666 72.031 70.972 67.37 64.559 65.382
-9999 -9999 -9999 -9999 -9999 -9999 -9999 -9999 -9999 -9999 -9999 -9999 -9999 -9999 -9999 -9999 -9999 -9999 -9999 -9999 -9999 -9999 -9999 -9999 -9999 -9999 -9999 -9999 -9999 -9999 -9999 -9999 -9999 -9999 -9999 -9999 -9999 -9999 101.689 100.623 104.259 113.05 128.265 132.48 133.691 137.295 136.339 143.495 146.691 136.664 133.16 145.341 132.154 106.064 100.065 88.682 83.774 80.632 75.648 66.048 63.705 60.968 57.863 57.244 56.767 58.49 61.333 63.831 66.614 70.197 73.627 71.16 67.396 64.145
-9999 -9999 -9999 -9999 -9999 -9999 -9999 -9999 -9999 -9999 -9999 -9999 -9999 -9999 -9999 -9999 -9999 -9999 -9999 -9999 -9999 -9999 -9999 -9999 -9999 -9999 -9999 -9999 -9999 -9999 -9999 -9999 -9999 -9999 -9999 -9999 -9999 -9999 93.182 97.067 100.773 105.785 112.56 115.05 120.072 130.495 132.768 131.942 139.282 139.987 166.647 163.869 144.693 119.39 99.642 94.472 79.687 70.402 70.098 67.693 61.868 60.638 58.31 55.55 54.813 54.719 55.533 55.844 60.317 67.879 75.371 75.297 69.629 65.636
-9999 -9999 -9999 -9999 -9999 -9999 -9999 -9999 -9999 -9999 -9999 -9999 -9999 -9999 -9999 -9999 -9999 -9999 -9999 -9999 -9999 -9999 -9999 -9999 -9999 -9999 -9999 -9999 -9999 -9999 -9999 -9999 -9999 -9999 -9999 -9999 -9999 -9999 90.706 91.191 91.714 95.848 106.114 109.295 117.475 130.162 134.729 144.406 160.547 169.522 178.317 162.278 139.339 116.547 97.874 89.559 83.317 71.201 62.997 60.996 59.2 55.738 56.02 54.535 51.769 53.774 55.921 54.646 55.669 61.952 68.885 71.743 67.501 63.976
-9999 -9999 -9999 -9999 -9999 -9999 -9999 -9999 -9999 -9999 -9999 -9999 -9999 -9999 -9999 -9999 -9999 -9999 -9999 -9999 -9999 -9999 -9999 -9999 -9999 -9999 -9999 -9999 -9999 -9999 -9999 -9999 -9999 -9999 -9999 -9999 -9999 -9999 -9999 87.692 88.005 93.522 97.926 114.346 133.064 149.199 160.262 173.014 163.345 178.501 168.931 157.482 133.945 105.47 93.546 78.974 75.951 69.017 63.332 58.894 56.133 53.592 54.057 53.578 53.077 53.275 56.223 54.72 51.313 57.19 62.772 64.371 -9999 60.986
