Validation/Results/ReClimate_12_2023_2_Temperature-Actualsweatherlogisticsltd.asc
NCOLS 192
NROWS 249
XLLCENTER -225160.85627316462
YLLCENTER 29788.11610251502
CELLSIZE 5000.0
NODATA_VALUE -9999
[rows 170 to 203 of 249, columns 77 to 153 of 192]
-9999 -9999 -9999 -9999 -9999 -9999 -9999 -9999 -9999 -9999 -9999 -9999 -9999 -9999 -9999 7.582 7.388 -9999 -9999 -9999 -9999 -9999 -9999 -9999 -9999 -9999 -9999 -9999 -9999 -9999 -9999 -9999 -9999 -9999 6.969 7.179 7.058 6.97 6.747 6.755 6.804 6.909 7.011 7.209 7.34 7.331 7.029 6.492 5.608 4.77 4.032 4.252 4.206 4.64 5.712 6.191 6.452 6.117 6.078 6.293 6.533 6.528 6.55 6.557 6.548 6.502 6.402 6.379 6.462 6.476 6.358 5.917 5.893 5.878 6.204 6.476 6.581
-9999 -9999 -9999 -9999 -9999 -9999 -9999 -9999 -9999 -9999 -9999 -9999 -9999 -9999 -9999 7.39 7.166 7.14 -9999 -9999 -9999 -9999 -9999 -9999 -9999 -9999 -9999 -9999 -9999 -9999 -9999 -9999 -9999 7.158 7.193 7.14 7.094 6.884 6.951 6.828 6.843 6.916 7.024 7.093 7.111 7.027 6.893 6.539 5.882 4.823 4.008 4.444 4.896 4.925 5.541 6.522 6.653 6.431 6.018 6.195 6.569 6.642 6.563 6.492 6.509 6.502 6.443 6.324 6.383 6.456 6.419 6.127 5.844 5.913 6.083 6.428 6.593
-9999 -9999 -9999 -9999 -9999 -9999 -9999 -9999 -9999 -9999 -9999 -9999 -9999 -9999 7.599 7.35 7.025 7.133 7.489 -9999 -9999 -9999 -9999 -9999 -9999 -9999 -9999 -9999 -9999 -9999 7.038 -9999 -9999 7.143 6.915 7.121 7.119 7.068 -9999 6.738 6.719 6.776 6.869 6.819 6.878 6.765 6.671 6.235 5.573 5.887 4.791 5.023 5.482 4.767 5.56 6.083 6.521 6.464 6.204 6.281 6.539 6.761 6.642 6.505 6.546 6.528 6.484 6.347 6.339 6.449 6.408 6.294 5.991 5.829 5.903 6.296 6.524
-9999 -9999 -9999 -9999 -9999 -9999 -9999 -9999 -9999 -9999 -9999 -9999 -9999 -9999 7.586 7.26 7.133 7.174 7.462 7.616 7.774 -9999 -9999 -9999 7.097 7.295 -9999 7.196 7.164 7.106 6.317 6.506 -9999 -9999 7.076 7.054 -9999 -9999 6.881 6.712 6.923 7.118 6.966 6.811 6.65 6.565 6.342 5.727 4.975 5.282 5.164 4.919 5.086 4.947 5.047 6.193 6.396 6.302 6.077 6.295 6.448 6.625 6.678 6.514 6.559 6.559 6.505 6.396 6.347 6.471 6.448 6.382 6.198 5.973 5.771 5.939 6.278
-9999 -9999 -9999 -9999 -9999 -9999 -9999 -9999 -9999 -9999 -9999 -9999 -9999 -9999 -9999 7.453 7.262 7.285 7.506 7.555 -9999 -9999 5.418 5.316 6.74 6.176 6.33 6.435 7.049 6.851 6.58 6.206 6.259 -9999 7.076 7.099 7.038 6.993 6.643 6.46 6.87 7.217 7.091 6.801 6.638 6.431 6.21 5.462 4.483 4.595 4.878 5.136 5.431 5.277 5.368 5.966 6.416 6.319 6.134 6.269 6.37 6.436 6.502 6.512 6.561 6.578 6.493 6.284 6.324 6.513 6.503 6.445 6.324 6.132 6.021 5.933 5.961
-9999 -9999 -9999 -9999 -9999 -9999 -9999 -9999 -9999 -9999 -9999 -9999 -9999 -9999 -9999 7.564 7.448 7.65 7.68 7.627 7.369 5.923 3.763 6.054 6.565 5.682 6.11 5.81 6.282 6.779 6.474 5.518 6.118 6.418 6.856 7.11 7.056 6.88 6.601 6.482 6.754 7.007 6.969 6.827 6.627 6.413 6.086 5.127 4.538 4.256 4.628 4.74 5.535 5.732 5.396 5.68 6.134 6.175 6.153 6.257 6.31 6.359 6.413 6.447 6.604 6.561 6.543 6.477 6.348 6.533 6.564 6.513 6.426 6.231 5.975 6.026 6.174
-9999 -9999 -9999 -9999 -9999 -9999 -9999 -9999 -9999 -9999 -9999 -9999 -9999 -9999 -9999 -9999 7.709 7.84 7.627 6.991 5.821 3.107 3.797 5.753 5.761 5.926 5.305 5.133 5.449 5.841 6.06 6.232 5.515 6.251 6.748 6.926 7.031 6.952 6.711 6.632 6.733 6.883 6.916 6.728 6.536 6.336 5.842 5.211 4.588 4.43 4.871 4.719 5.011 5.993 5.643 5.636 6.0 5.985 6.078 6.246 6.289 6.29 6.327 6.411 6.605 6.604 6.598 6.462 6.421 6.526 6.582 6.552 6.449 6.345 6.265 6.189 6.249
-9999 -9999 -9999 -9999 -9999 -9999 -9999 -9999 -9999 -9999 -9999 -9999 -9999 -9999 -9999 -9999 -9999 -9999 7.068 5.962 4.658 3.957 4.392 5.981 6.217 5.461 4.724 4.544 4.655 5.606 6.435 6.005 5.294 5.87 6.556 6.868 7.091 6.96 6.754 6.59 6.704 6.803 6.782 6.675 6.493 6.154 5.521 5.15 4.938 4.503 4.83 4.732 4.683 5.322 5.985 5.861 6.221 6.066 5.886 6.12 6.253 6.35 6.374 6.467 6.601 6.626 6.619 6.597 6.4 6.476 6.531 6.525 6.482 6.426 6.408 6.363 6.291
-9999 -9999 -9999 -9999 -9999 -9999 -9999 -9999 -9999 -9999 -9999 -9999 -9999 -9999 -9999 -9999 -9999 7.637 6.649 5.972 5.487 4.446 5.548 6.207 5.813 5.619 4.925 4.38 4.799 4.976 5.849 5.617 5.016 5.399 6.09 6.894 7.017 6.951 6.63 6.488 6.592 6.72 6.731 6.62 6.344 5.81 5.544 5.628 5.189 4.653 4.958 5.048 5.191 5.401 5.576 6.07 6.175 6.124 6.079 6.082 6.26 6.226 6.412 6.548 6.619 6.617 6.612 6.382 6.364 6.458 6.545 6.523 6.507 6.491 6.482 6.43 6.371
-9999 -9999 -9999 -9999 -9999 -9999 -9999 -9999 -9999 -9999 -9999 -9999 -9999 -9999 -9999 -9999 7.567 5.849 6.414 5.974 5.366 5.52 4.267 4.725 5.138 5.02 4.385 4.897 4.717 5.278 5.728 4.932 4.527 5.268 6.121 6.856 7.075 6.943 6.555 6.559 6.671 6.701 6.699 6.465 6.076 5.981 5.839 5.388 5.081 4.9 4.818 5.389 5.605 5.806 6.01 6.038 6.343 6.243 6.296 6.306 6.348 6.511 6.323 6.521 6.643 6.605 6.563 6.35 6.249 6.476 6.523 6.538 6.538 6.538 6.514 6.505 6.517
-9999 -9999 -9999 -9999 -9999 -9999 -9999 -9999 -9999 -9999 -9999 -9999 -9999 -9999 -9999 7.417 5.993 6.702 6.774 6.404 6.458 5.671 5.379 5.045 4.612 4.313 4.384 4.534 4.811 5.609 5.159 5.183 5.893 6.117 6.632 6.757 6.973 6.818 6.597 6.588 6.6 6.653 6.443 6.087 6.157 6.07 5.874 5.386 5.331 5.767 5.66 5.62 5.865 5.987 6.15 6.221 6.252 6.417 6.486 6.649 6.713 6.751 6.686 6.523 6.581 6.589 6.537 6.333 6.251 6.484 6.544 6.509 6.525 6.52 6.535 6.532 6.551
-9999 -9999 -9999 -9999 -9999 -9999 -9999 -9999 -9999 -9999 -9999 -9999 -9999 7.196 7.404 7.066 7.17 7.412 7.394 7.022 7.159 6.718 5.978 5.241 4.514 3.622 5.011 5.149 5.611 5.51 4.644 4.925 5.404 6.221 6.514 6.636 6.742 6.653 6.526 6.444 6.527 6.453 6.203 6.081 5.998 6.219 5.928 5.581 5.688 5.868 6.026 6.076 6.1 6.228 6.468 6.607 6.464 6.498 6.807 6.981 7.002 6.84 6.736 6.653 6.558 6.472 6.466 6.241 6.148 6.403 6.555 6.54 6.504 6.506 6.526 6.52 -9999
-9999 -9999 -9999 -9999 -9999 -9999 -9999 -9999 -9999 -9999 -9999 -9999 7.035 7.11 7.167 7.398 -9999 -9999 -9999 -9999 6.546 5.61 5.434 5.156 4.288 5.161 5.263 4.66 5.102 4.472 3.247 4.118 5.09 5.551 6.292 6.704 6.635 6.552 6.504 6.482 6.474 6.401 6.222 6.141 6.031 6.157 5.989 5.924 5.946 6.038 6.262 6.332 6.335 6.501 6.591 6.814 6.857 6.768 6.894 7.022 6.942 6.804 6.676 6.562 6.391 6.288 6.289 6.212 6.11 6.261 6.487 6.566 6.529 6.491 6.513 6.516 6.533
-9999 -9999 -9999 -9999 -9999 -9999 -9999 -9999 -9999 -9999 -9999 -9999 7.05 6.943 7.517 -9999 -9999 -9999 -9999 -9999 6.331 5.617 5.199 5.445 4.752 4.91 4.504 3.996 4.205 3.85 3.907 5.341 5.407 5.982 6.546 6.753 6.665 6.557 6.457 6.318 6.293 6.374 6.278 6.132 6.136 6.082 6.191 6.159 6.243 6.058 6.048 6.155 6.371 6.571 6.671 6.768 6.749 6.762 6.758 6.748 6.688 6.466 6.445 6.221 6.02 5.959 6.086 6.154 6.148 6.275 6.462 6.61 6.595 6.562 6.535 6.506 6.494
-9999 -9999 -9999 -9999 -9999 -9999 -9999 -9999 -9999 -9999 -9999 -9999 -9999 -9999 7.685 -9999 -9999 -9999 -9999 -9999 6.247 5.473 5.81 5.507 5.183 5.182 3.959 4.227 5.06 4.306 5.153 5.466 5.73 6.37 6.745 6.807 6.549 6.501 6.371 6.291 6.456 6.432 6.387 6.309 6.191 6.238 6.327 6.414 6.336 6.312 6.225 6.138 6.351 6.422 6.265 6.396 6.52 6.526 6.671 6.587 6.362 6.081 5.943 6.101 5.953 5.859 5.922 6.061 6.136 6.269 6.47 6.642 6.648 6.618 6.597 6.554 6.562
-9999 -9999 -9999 -9999 -9999 -9999 -9999 -9999 -9999 -9999 -9999 -9999 -9999 -9999 -9999 -9999 -9999 -9999 -9999 -9999 6.665 6.101 7.006 6.22 5.477 4.311 4.544 4.621 4.561 5.337 5.422 5.556 6.443 6.695 6.921 6.788 6.675 6.542 6.529 6.537 6.594 6.624 6.542 6.428 6.369 6.318 6.38 6.339 6.183 6.403 6.532 6.447 6.337 6.44 6.204 6.047 6.259 6.207 6.408 6.604 6.351 6.172 6.007 5.996 6.101 5.979 5.92 6.078 6.224 6.328 6.475 6.642 6.662 6.649 6.631 6.622 6.642
-9999 -9999 -9999 -9999 -9999 -9999 -9999 -9999 -9999 -9999 -9999 -9999 -9999 -9999 -9999 -9999 -9999 -9999 -9999 -9999 -9999 6.782 5.501 5.029 4.987 5.293 5.203 4.895 5.569 5.638 6.042 6.505 6.365 6.849 6.822 6.51 6.525 6.572 6.68 6.754 6.736 6.658 6.586 6.352 6.279 6.298 6.395 6.217 6.007 6.165 6.49 6.568 6.485 6.368 6.325 6.172 6.078 5.885 5.937 6.461 6.516 6.223 6.006 5.789 5.81 6.028 6.009 6.127 6.303 6.482 6.549 6.652 6.668 6.663 6.658 6.666 6.686
-9999 -9999 -9999 -9999 -9999 -9999 -9999 -9999 -9999 -9999 -9999 -9999 -9999 -9999 -9999 -9999 -9999 -9999 -9999 -9999 6.732 6.196 5.655 4.724 5.658 5.753 5.176 5.508 5.583 5.582 6.489 6.394 6.37 6.622 5.651 6.279 6.58 6.578 6.508 6.722 6.531 6.117 6.106 6.3 6.426 6.329 6.412 6.318 6.212 6.223 6.448 6.552 6.56 6.472 6.325 6.278 6.126 6.092 6.129 6.4 6.471 6.216 5.919 5.676 5.661 5.959 6.182 6.255 6.424 6.561 6.625 6.66 6.695 6.695 6.685 6.704 6.73
-9999 -9999 -9999 -9999 -9999 -9999 -9999 -9999 -9999 -9999 -9999 -9999 -9999 -9999 -9999 -9999 -9999 -9999 -9999 -9999 6.973 6.469 4.751 6.189 6.664 5.964 5.773 5.459 4.947 5.642 6.436 6.372 6.657 6.252 6.308 6.336 6.195 6.162 6.575 6.543 6.257 6.17 6.223 6.529 6.44 6.33 6.403 6.344 6.433 6.441 6.478 6.553 6.57 6.555 6.474 6.369 6.278 6.123 6.266 6.441 6.339 6.007 5.679 5.674 5.704 5.821 6.119 6.356 6.414 6.561 6.582 6.602 6.702 6.752 6.749 6.76 6.798
-9999 -9999 -9999 -9999 -9999 -9999 -9999 -9999 -9999 -9999 -9999 -9999 -9999 -9999 -9999 -9999 -9999 -9999 -9999 -9999 6.906 6.15 6.971 6.703 6.389 6.064 5.559 4.699 5.074 5.39 6.131 6.421 6.779 6.642 6.281 5.69 5.364 5.559 6.216 6.025 6.183 6.137 6.409 6.664 6.486 6.425 6.435 6.464 6.565 6.443 6.41 6.551 6.6 6.414 6.485 6.483 6.387 6.301 6.357 6.422 6.261 5.994 5.811 5.761 5.904 6.061 6.238 6.307 6.406 6.515 6.687 6.634 6.724 6.785 6.794 6.816 6.829
-9999 -9999 -9999 -9999 -9999 -9999 -9999 -9999 -9999 -9999 -9999 -9999 -9999 -9999 -9999 -9999 -9999 -9999 -9999 -9999 -9999 7.497 6.278 5.542 4.882 4.842 4.904 5.241 5.637 6.381 6.562 6.728 6.571 6.472 6.25 5.881 5.539 5.515 5.808 6.126 6.108 6.003 6.395 6.671 6.491 6.628 6.569 6.447 6.75 6.768 6.59 6.64 6.704 6.43 6.265 6.492 6.412 6.343 6.377 6.351 6.155 6.029 6.04 6.141 6.138 6.246 6.285 6.273 6.419 6.563 6.627 6.662 6.765 6.821 6.807 6.809 6.829
-9999 -9999 -9999 -9999 -9999 -9999 -9999 -9999 -9999 -9999 -9999 -9999 -9999 -9999 -9999 -9999 -9999 -9999 -9999 -9999 -9999 6.743 5.616 4.807 4.22 4.129 4.647 5.578 6.33 6.48 6.139 5.591 5.217 5.265 5.834 6.192 5.765 5.745 5.97 6.135 5.648 5.92 6.285 6.448 6.474 6.703 6.62 6.672 6.571 6.713 6.762 6.708 6.756 6.578 6.383 6.486 6.506 6.304 6.192 6.139 6.022 6.012 6.153 6.068 6.09 6.112 6.286 6.236 6.379 6.533 6.516 6.623 6.782 6.826 6.802 6.765 6.725
-9999 -9999 -9999 -9999 -9999 -9999 -9999 -9999 -9999 -9999 -9999 -9999 -9999 -9999 -9999 -9999 -9999 -9999 -9999 -9999 7.415 6.679 5.609 4.792 4.392 4.698 5.234 5.73 5.361 4.646 5.003 4.869 4.934 5.719 6.107 5.963 5.891 6.107 6.226 5.801 5.687 5.792 6.164 6.39 6.485 6.797 6.697 6.477 6.624 6.449 6.566 6.535 6.596 6.57 6.518 6.636 6.564 6.42 6.309 6.119 6.071 5.925 6.029 6.059 6.069 6.162 6.21 6.368 6.456 6.468 6.448 6.591 6.8 6.802 6.795 6.757 6.68
-9999 -9999 -9999 -9999 -9999 -9999 -9999 -9999 -9999 -9999 -9999 -9999 -9999 -9999 -9999 -9999 -9999 -9999 -9999 -9999 7.066 6.362 5.915 5.535 5.006 4.418 4.842 5.035 4.634 4.848 4.614 4.506 4.975 5.717 5.389 5.47 6.132 5.914 6.326 5.964 5.639 5.59 6.32 6.369 6.832 6.912 6.706 6.535 6.071 6.291 6.339 6.413 6.415 6.497 6.587 6.668 6.641 6.539 6.463 6.387 6.106 5.982 5.917 5.965 6.052 6.317 6.4 6.476 6.52 6.466 6.448 6.586 6.682 6.754 6.743 6.755 6.708
-9999 -9999 -9999 -9999 -9999 -9999 -9999 -9999 -9999 -9999 -9999 -9999 -9999 -9999 -9999 -9999 -9999 -9999 -9999 -9999 6.593 6.675 6.72 5.948 4.826 4.293 4.792 4.909 5.157 4.764 4.882 5.105 5.339 5.25 5.421 6.136 6.161 6.202 5.822 6.233 6.033 6.286 6.273 6.386 6.819 7.004 6.814 6.362 6.391 6.273 6.24 6.322 6.348 6.49 6.568 6.546 6.503 6.459 6.472 6.373 6.141 5.955 6.08 6.218 6.12 6.311 6.42 6.565 6.55 6.458 6.556 6.695 6.755 6.791 6.843 6.801 6.801
-9999 -9999 -9999 -9999 -9999 -9999 -9999 -9999 -9999 -9999 -9999 -9999 -9999 -9999 -9999 -9999 -9999 -9999 -9999 6.816 6.55 6.079 6.138 5.845 4.806 4.714 4.412 4.926 5.615 5.572 5.653 5.285 5.227 5.696 5.745 5.794 6.206 6.119 6.484 6.601 6.585 6.503 6.37 6.66 6.914 6.964 6.89 6.751 6.586 6.553 6.411 6.412 6.391 6.467 6.58 6.548 6.535 6.586 6.501 6.319 6.193 6.133 6.287 6.391 6.368 6.348 6.56 6.506 6.539 6.465 6.478 6.647 6.778 6.782 6.821 6.817 6.849
-9999 -9999 -9999 -9999 -9999 -9999 -9999 -9999 -9999 -9999 -9999 -9999 -9999 -9999 -9999 -9999 -9999 -9999 6.587 6.525 5.999 6.328 6.312 5.142 4.499 4.406 4.729 5.221 5.689 5.489 5.577 5.282 4.832 5.62 5.593 6.273 6.487 6.664 6.664 6.515 6.32 6.37 6.316 6.727 6.845 7.118 7.078 6.892 6.747 6.678 6.658 6.496 6.473 6.605 6.664 6.567 6.502 6.492 6.438 6.287 6.238 6.249 6.359 6.518 6.586 6.636 6.492 6.416 6.406 6.436 6.487 6.638 6.669 6.62 6.596 6.648 6.774
-9999 -9999 -9999 -9999 -9999 -9999 -9999 -9999 -9999 -9999 -9999 -9999 -9999 -9999 -9999 -9999 6.215 6.336 6.254 6.83 6.768 6.593 5.872 4.822 4.441 4.371 4.267 5.072 5.411 5.876 5.561 5.017 5.066 5.697 6.218 6.413 6.755 6.779 6.746 6.331 6.174 6.197 6.581 6.998 7.14 7.145 7.067 6.902 6.812 6.782 6.768 6.607 6.611 6.665 6.763 6.5 6.368 6.232 6.092 6.105 6.165 6.375 6.471 6.533 6.44 6.522 6.505 6.494 6.44 6.437 6.515 6.674 6.767 6.557 6.475 6.531 6.725
-9999 -9999 -9999 -9999 -9999 -9999 -9999 -9999 -9999 -9999 -9999 -9999 -9999 -9999 -9999 6.205 6.064 5.774 6.168 6.555 6.486 6.191 5.117 5.072 4.663 4.598 4.973 5.629 6.128 6.027 5.88 5.331 4.815 5.484 6.071 6.597 6.64 6.672 6.395 6.522 6.263 6.306 6.783 7.092 7.297 7.267 7.027 7.018 6.798 6.766 6.846 6.758 6.674 6.647 6.529 6.537 6.309 6.263 6.158 5.961 5.977 6.097 6.278 6.364 6.343 6.397 6.544 6.472 6.642 6.677 6.679 6.74 6.698 6.575 6.449 6.558 6.733
-9999 -9999 -9999 -9999 -9999 -9999 -9999 -9999 -9999 -9999 -9999 -9999 7.569 7.056 6.659 6.389 5.903 5.917 6.167 6.564 6.506 5.419 5.359 5.342 5.729 4.954 5.641 5.79 5.361 5.898 6.107 4.709 5.392 6.027 6.887 6.895 6.707 6.214 6.903 6.724 6.629 6.631 6.691 7.044 7.234 7.332 7.193 7.118 6.923 6.761 6.87 6.853 6.807 6.622 6.49 6.168 6.292 6.349 6.312 6.119 6.08 6.176 6.312 6.439 6.398 6.448 6.486 6.621 6.699 6.803 6.743 6.77 6.77 6.659 6.653 6.679 6.756
-9999 -9999 -9999 -9999 -9999 -9999 -9999 -9999 -9999 -9999 6.988 7.194 7.237 7.065 6.895 6.483 6.539 6.368 6.678 6.425 5.41 5.842 5.84 5.928 6.14 5.585 5.342 4.562 5.111 5.52 5.426 5.778 6.22 6.77 6.147 6.432 6.725 6.933 7.027 6.969 6.854 6.846 6.971 6.909 7.175 7.418 7.321 7.196 7.062 6.969 6.95 6.704 6.794 6.783 6.497 6.296 6.123 6.352 6.321 6.143 6.06 6.102 6.216 6.464 6.594 6.626 6.575 6.536 6.717 6.687 6.617 6.699 6.785 6.741 6.701 6.673 6.648
-9999 -9999 -9999 -9999 -9999 -9999 6.977 6.979 6.989 6.999 6.493 7.207 7.018 7.062 6.807 6.529 6.563 6.592 6.561 5.751 6.026 6.336 5.891 6.437 6.196 5.67 4.752 4.958 5.333 5.588 5.529 6.216 6.676 5.492 5.608 6.407 6.494 6.944 6.974 7.052 6.918 6.686 6.918 6.801 7.361 7.425 7.35 7.092 6.938 6.979 6.434 6.611 6.734 6.794 6.525 6.208 6.203 6.307 6.314 6.29 6.202 6.202 6.288 6.497 6.58 6.643 6.663 6.525 6.53 6.611 6.594 6.738 6.853 6.719 6.42 6.383 6.296
-9999 -9999 -9999 -9999 -9999 7.38 6.992 7.001 6.873 6.038 5.803 6.027 6.353 6.701 6.169 6.042 6.22 6.25 5.93 6.341 6.376 6.028 6.533 6.761 6.334 5.631 5.126 5.385 5.582 5.591 5.911 6.337 5.311 4.135 5.421 6.206 6.776 6.736 6.904 6.751 6.822 6.965 7.022 7.269 7.367 7.355 7.36 7.087 6.839 6.466 6.143 5.968 6.509 6.659 6.214 6.085 6.173 6.299 6.373 6.31 6.304 6.302 6.443 6.445 6.472 6.552 6.435 6.34 6.474 6.556 6.597 6.718 6.773 6.559 6.307 6.153 6.173
-9999 -9999 -9999 -9999 7.701 7.147 6.91 6.928 6.536 6.011 6.148 6.437 6.731 6.297 6.219 6.183 6.638 6.151 6.05 6.407 6.421 6.598 7.119 6.676 5.841 5.383 5.632 5.826 5.764 6.228 6.301 6.016 4.597 4.706 5.492 6.789 6.652 6.79 6.684 7.021 7.099 7.003 7.163 7.261 7.365 7.397 7.486 7.237 6.896 6.386 5.936 6.047 6.347 6.428 6.137 5.837 6.079 6.277 6.33 6.402 6.388 6.428 6.455 6.476 6.346 6.398 6.485 6.357 6.406 6.363 6.241 6.477 6.643 6.478 6.266 6.251 6.249
