Validation/Results/ReClimate_08_2024_1_Temperature-Actualsweatherlogisticsltd.asc
NCOLS 192
NROWS 249
XLLCENTER -225160.85627316462
YLLCENTER 29788.11610251502
CELLSIZE 5000.0
NODATA_VALUE -9999
[rows 102 to 135 of 249, columns 75 to 149 of 192]
10.99 9.785 10.24 10.191 12.11 12.919 -9999 -9999 12.13 -9999 -9999 12.337 9.955 9.672 11.237 10.403 8.401 10.066 9.082 9.085 9.35 9.899 11.503 10.687 9.878 9.017 9.564 10.546 9.921 10.209 11.376 12.19 12.629 12.538 12.095 11.43 12.35 12.685 12.831 13.08 13.102 13.223 -9999 -9999 -9999 -9999 -9999 -9999 -9999 -9999 -9999 -9999 -9999 -9999 -9999 -9999 -9999 -9999 -9999 -9999 -9999 -9999 -9999 -9999 -9999 -9999 -9999 -9999 -9999 -9999 -9999 -9999 -9999 -9999 -9999
11.642 11.384 10.577 11.823 -9999 -9999 -9999 12.753 11.697 12.12 11.745 11.585 10.617 12.249 11.803 10.258 10.227 10.63 10.683 10.634 10.571 10.598 9.695 10.624 9.915 10.172 9.987 9.69 10.333 11.091 11.93 12.523 12.695 12.419 11.795 12.51 13.106 -9999 -9999 13.361 -9999 -9999 -9999 -9999 -9999 -9999 -9999 -9999 -9999 -9999 -9999 -9999 -9999 -9999 -9999 -9999 -9999 -9999 -9999 -9999 -9999 -9999 -9999 -9999 -9999 -9999 -9999 -9999 -9999 -9999 -9999 -9999 -9999 -9999 -9999
12.38 11.373 -9999 11.95 -9999 -9999 -9999 12.517 11.639 11.459 11.428 11.816 12.325 11.49 10.333 10.132 10.66 11.051 10.616 10.172 10.735 10.267 11.505 10.718 10.514 11.289 11.754 12.035 11.911 12.325 12.602 12.639 12.775 12.748 12.696 13.151 -9999 13.014 13.146 13.153 13.223 -9999 -9999 -9999 -9999 -9999 -9999 -9999 -9999 -9999 -9999 -9999 -9999 -9999 -9999 -9999 -9999 -9999 -9999 -9999 -9999 -9999 -9999 -9999 -9999 -9999 -9999 -9999 -9999 -9999 -9999 -9999 -9999 -9999 -9999
12.996 -9999 -9999 -9999 -9999 12.809 12.454 11.674 11.629 11.224 11.637 11.344 10.458 9.948 9.881 10.924 10.813 11.373 10.069 11.2 9.849 11.345 10.287 9.489 11.3 11.959 11.816 12.155 12.652 12.695 12.878 12.961 13.12 13.137 -9999 13.072 12.961 13.038 12.981 13.203 13.11 -9999 -9999 -9999 -9999 -9999 -9999 -9999 -9999 -9999 -9999 -9999 -9999 -9999 -9999 -9999 -9999 -9999 -9999 -9999 -9999 -9999 -9999 -9999 -9999 -9999 -9999 -9999 -9999 -9999 -9999 -9999 -9999 -9999 -9999
-9999 -9999 -9999 -9999 -9999 12.622 12.917 12.39 11.407 11.544 11.864 10.712 11.497 11.335 10.902 10.134 11.517 11.578 10.719 10.04 10.783 10.811 9.681 10.707 10.644 10.384 11.402 11.956 12.105 12.372 12.437 12.236 12.234 12.116 12.357 12.911 13.141 12.88 12.695 12.898 12.848 13.035 -9999 -9999 -9999 -9999 -9999 -9999 -9999 -9999 -9999 -9999 -9999 -9999 -9999 -9999 -9999 -9999 -9999 -9999 -9999 -9999 -9999 -9999 -9999 -9999 -9999 -9999 -9999 -9999 -9999 -9999 -9999 -9999 -9999
-9999 -9999 -9999 -9999 12.624 -9999 -9999 12.175 11.466 12.115 11.122 11.524 -9999 -9999 10.492 10.312 11.136 11.623 10.713 10.911 11.185 10.864 11.143 11.836 11.271 11.582 11.946 12.217 11.767 11.238 10.785 11.08 11.315 11.833 12.311 12.542 13.007 12.502 12.576 12.471 12.668 12.912 13.094 -9999 -9999 -9999 -9999 -9999 -9999 -9999 -9999 -9999 -9999 -9999 -9999 -9999 -9999 -9999 -9999 -9999 -9999 -9999 -9999 -9999 -9999 -9999 -9999 -9999 -9999 -9999 -9999 -9999 -9999 -9999 -9999
-9999 -9999 -9999 -9999 12.672 -9999 12.656 12.1 12.239 11.158 11.226 12.475 12.573 10.96 10.268 11.119 12.943 11.139 9.943 11.841 11.849 11.458 11.999 12.265 12.395 12.629 12.493 11.383 10.354 10.367 10.934 11.371 11.939 12.194 12.187 12.479 12.609 12.718 13.054 13.272 13.353 13.453 -9999 -9999 -9999 -9999 -9999 -9999 -9999 -9999 -9999 -9999 -9999 -9999 -9999 -9999 -9999 -9999 -9999 -9999 -9999 -9999 -9999 -9999 -9999 -9999 -9999 -9999 -9999 -9999 -9999 -9999 -9999 -9999 -9999
-9999 -9999 -9999 -9999 12.719 -9999 12.605 12.771 12.108 11.925 12.529 -9999 11.059 11.349 -9999 11.23 11.365 11.183 12.07 10.947 12.091 12.462 12.855 12.983 13.183 13.229 12.722 11.732 12.173 12.412 12.378 12.156 12.002 12.278 12.337 12.736 12.947 13.207 -9999 -9999 -9999 -9999 -9999 -9999 -9999 -9999 -9999 -9999 -9999 -9999 -9999 -9999 -9999 -9999 -9999 -9999 -9999 -9999 -9999 -9999 -9999 -9999 -9999 -9999 -9999 -9999 -9999 -9999 -9999 -9999 -9999 -9999 -9999 -9999 -9999
-9999 -9999 12.59 12.559 -9999 -9999 13.016 12.732 12.272 12.741 12.701 10.884 11.227 10.305 -9999 11.918 11.23 11.943 12.044 11.956 12.149 12.638 12.575 12.451 12.334 12.541 13.039 13.259 13.248 13.053 12.648 12.228 12.164 12.362 12.556 12.852 13.213 -9999 -9999 -9999 -9999 -9999 -9999 -9999 -9999 -9999 -9999 -9999 -9999 -9999 -9999 -9999 -9999 -9999 -9999 -9999 -9999 -9999 -9999 -9999 -9999 -9999 -9999 -9999 -9999 -9999 -9999 -9999 -9999 -9999 -9999 -9999 -9999 -9999 -9999
-9999 13.013 12.72 12.758 -9999 13.07 11.871 11.906 12.658 -9999 11.412 11.599 10.528 10.511 -9999 11.682 11.02 12.119 13.07 12.961 13.011 12.721 12.383 12.004 11.394 11.922 12.763 13.195 -9999 13.31 12.977 12.799 12.777 12.66 12.419 12.898 -9999 -9999 -9999 -9999 -9999 -9999 -9999 -9999 -9999 -9999 -9999 -9999 -9999 -9999 -9999 -9999 -9999 -9999 -9999 -9999 -9999 -9999 -9999 -9999 -9999 -9999 -9999 -9999 -9999 -9999 -9999 -9999 -9999 -9999 -9999 -9999 -9999 -9999 -9999
-9999 13.142 13.057 -9999 -9999 12.527 11.328 12.156 -9999 12.103 11.789 11.539 11.002 11.539 -9999 12.598 12.461 12.86 13.162 13.025 12.756 12.374 10.821 10.706 10.934 11.581 12.591 13.295 13.49 13.582 -9999 -9999 13.319 13.05 -9999 -9999 -9999 -9999 -9999 -9999 13.347 13.372 13.547 -9999 -9999 -9999 -9999 -9999 -9999 -9999 -9999 -9999 -9999 -9999 -9999 -9999 -9999 -9999 -9999 -9999 -9999 -9999 -9999 -9999 -9999 -9999 -9999 -9999 -9999 -9999 -9999 -9999 -9999 -9999 -9999
12.989 12.491 -9999 -9999 12.268 11.843 12.496 11.998 -9999 12.132 11.577 12.174 12.234 11.284 -9999 -9999 -9999 13.204 12.808 12.179 12.052 11.82 11.831 12.138 12.138 12.449 12.623 12.778 13.007 13.308 13.391 13.195 13.078 13.312 -9999 -9999 -9999 -9999 -9999 13.231 13.238 13.159 13.491 13.619 -9999 -9999 -9999 -9999 -9999 -9999 -9999 -9999 -9999 -9999 -9999 -9999 -9999 -9999 -9999 -9999 -9999 -9999 -9999 -9999 -9999 -9999 -9999 -9999 -9999 -9999 -9999 -9999 -9999 -9999 -9999
12.188 12.607 -9999 -9999 -9999 13.054 11.821 12.267 -9999 12.095 -9999 12.585 11.622 12.562 -9999 13.069 12.548 12.441 -9999 12.619 12.882 12.788 12.894 12.743 12.74 12.559 12.395 12.321 12.532 12.72 12.386 12.412 12.959 13.289 13.395 13.362 13.466 -9999 13.323 13.123 13.001 13.149 12.952 12.679 12.667 13.558 -9999 -9999 -9999 -9999 -9999 -9999 -9999 -9999 -9999 -9999 -9999 -9999 -9999 -9999 -9999 -9999 -9999 -9999 -9999 -9999 -9999 -9999 -9999 -9999 -9999 -9999 -9999 -9999 -9999
12.442 -9999 -9999 -9999 -9999 12.198 11.5 12.624 -9999 13.059 -9999 12.697 13.008 -9999 12.877 11.991 11.622 12.396 12.912 13.12 13.107 13.335 13.177 12.847 12.824 12.529 12.081 12.026 12.133 12.209 12.27 12.487 12.744 12.709 12.723 12.726 13.181 13.225 12.847 12.848 12.802 12.689 12.125 11.83 11.709 12.157 13.075 13.258 13.043 -9999 -9999 -9999 -9999 -9999 -9999 -9999 -9999 -9999 -9999 -9999 -9999 -9999 -9999 -9999 -9999 -9999 -9999 -9999 -9999 -9999 -9999 -9999 -9999 -9999 -9999
13.418 -9999 -9999 -9999 -9999 12.209 12.711 12.451 12.327 -9999 -9999 13.421 13.309 -9999 12.798 11.39 11.208 12.176 12.607 13.075 13.37 13.367 13.25 13.37 13.156 12.708 12.282 11.792 11.805 11.937 12.141 12.163 11.897 11.671 11.531 12.235 12.894 12.809 12.577 12.445 12.094 11.151 11.009 11.414 11.491 11.936 12.069 12.716 13.05 12.955 -9999 -9999 -9999 -9999 -9999 -9999 -9999 -9999 -9999 -9999 -9999 -9999 -9999 -9999 -9999 -9999 -9999 -9999 -9999 -9999 -9999 -9999 -9999 -9999 -9999
-9999 -9999 -9999 -9999 -9999 12.79 12.716 12.041 13.086 -9999 -9999 13.455 13.506 -9999 -9999 11.48 11.654 12.403 12.348 12.323 12.743 12.915 13.032 12.834 13.165 13.11 12.537 12.127 11.721 11.597 11.436 11.44 11.02 10.97 11.554 12.019 12.182 12.157 11.952 11.645 11.097 10.981 10.969 11.352 11.658 12.029 12.624 12.784 12.657 12.845 -9999 -9999 -9999 -9999 -9999 -9999 -9999 -9999 -9999 -9999 -9999 -9999 -9999 -9999 -9999 -9999 -9999 -9999 -9999 -9999 -9999 -9999 -9999 -9999 -9999
-9999 -9999 -9999 -9999 -9999 13.109 12.361 12.55 -9999 -9999 -9999 -9999 13.567 -9999 12.91 11.866 12.559 12.707 12.108 11.939 11.957 12.367 12.421 12.538 12.65 12.818 12.756 12.016 11.548 11.49 11.511 11.161 10.925 11.313 11.593 11.569 11.526 11.054 11.172 11.394 11.55 11.479 11.391 11.626 11.869 12.303 12.815 12.857 12.878 13.053 12.954 -9999 -9999 -9999 -9999 -9999 -9999 -9999 -9999 -9999 -9999 -9999 -9999 -9999 -9999 -9999 -9999 -9999 -9999 -9999 -9999 -9999 -9999 -9999 -9999
-9999 -9999 -9999 12.526 12.499 12.312 12.611 -9999 -9999 12.142 -9999 -9999 -9999 -9999 13.062 12.716 12.98 12.773 12.425 12.01 11.794 11.761 11.657 11.698 12.074 12.333 12.416 12.306 11.672 11.707 11.604 11.528 11.727 11.66 11.256 11.323 10.456 10.145 10.724 11.218 11.54 11.863 11.881 12.058 12.054 12.404 12.941 13.033 13.096 13.084 13.094 -9999 -9999 -9999 -9999 -9999 -9999 -9999 -9999 -9999 -9999 -9999 -9999 -9999 -9999 -9999 -9999 -9999 -9999 -9999 -9999 -9999 -9999 -9999 -9999
-9999 -9999 -9999 -9999 12.105 12.205 12.895 -9999 12.201 11.432 12.146 -9999 -9999 -9999 -9999 13.395 13.282 13.178 12.86 12.493 12.14 11.683 11.545 11.723 11.968 12.075 12.242 11.869 11.981 11.883 11.759 11.591 11.583 11.158 11.765 11.272 11.122 10.974 10.575 10.892 11.696 11.984 12.332 12.434 12.45 12.759 12.977 13.108 13.131 12.927 12.958 13.056 -9999 -9999 -9999 -9999 -9999 -9999 -9999 -9999 -9999 -9999 -9999 -9999 -9999 -9999 -9999 -9999 -9999 -9999 -9999 -9999 -9999 -9999 -9999
-9999 -9999 -9999 -9999 12.534 12.31 12.587 -9999 12.65 11.631 12.496 -9999 -9999 -9999 -9999 -9999 13.461 13.361 13.19 13.069 12.728 12.394 12.08 11.675 11.278 11.446 11.746 12.004 12.097 11.872 11.702 11.742 11.498 11.551 11.835 11.591 11.5 11.519 11.916 12.002 12.263 12.355 12.643 12.542 12.766 13.149 13.246 13.278 13.153 12.967 12.606 12.743 13.123 -9999 -9999 -9999 -9999 -9999 -9999 -9999 -9999 -9999 -9999 -9999 -9999 -9999 -9999 -9999 -9999 -9999 -9999 -9999 -9999 -9999 -9999
-9999 -9999 -9999 -9999 12.417 11.984 -9999 -9999 13.14 12.26 12.003 12.909 -9999 -9999 -9999 -9999 -9999 13.408 13.074 12.797 12.695 12.06 11.457 11.136 10.836 10.965 11.342 11.775 11.579 11.761 11.678 11.387 11.285 11.595 10.313 11.095 10.936 11.658 11.286 11.854 12.442 12.405 12.654 12.865 13.094 13.034 12.83 12.781 12.899 12.659 12.75 12.188 12.684 13.161 13.467 -9999 -9999 -9999 -9999 -9999 -9999 -9999 -9999 -9999 -9999 -9999 -9999 -9999 -9999 -9999 -9999 -9999 -9999 -9999 -9999
-9999 -9999 -9999 -9999 12.155 12.817 -9999 -9999 12.608 11.63 11.793 -9999 -9999 -9999 -9999 -9999 -9999 13.464 13.062 12.791 12.531 11.988 11.715 11.63 11.336 11.25 11.208 11.329 11.409 11.404 10.635 10.136 11.023 10.097 9.643 10.041 11.14 11.071 11.704 12.461 12.165 12.366 12.677 12.684 12.772 12.876 12.727 12.682 12.126 11.794 12.237 12.082 12.03 12.831 13.314 -9999 -9999 -9999 -9999 -9999 -9999 -9999 -9999 -9999 -9999 -9999 -9999 -9999 -9999 -9999 -9999 -9999 -9999 -9999 -9999
-9999 -9999 -9999 -9999 12.552 13.342 -9999 -9999 -9999 12.732 12.457 12.642 -9999 -9999 -9999 -9999 -9999 13.479 13.069 12.818 12.606 12.272 12.1 11.509 10.798 10.552 11.032 11.05 11.484 11.213 10.655 10.584 11.041 9.654 10.177 10.827 10.602 11.083 12.063 11.874 12.205 12.252 12.441 12.76 12.636 12.461 12.476 12.072 10.8 10.914 11.328 11.988 12.028 12.445 13.06 -9999 -9999 -9999 -9999 -9999 -9999 -9999 -9999 -9999 -9999 -9999 -9999 -9999 -9999 -9999 -9999 -9999 -9999 -9999 -9999
-9999 -9999 -9999 12.202 12.515 13.173 -9999 -9999 -9999 -9999 -9999 -9999 -9999 -9999 -9999 -9999 -9999 13.093 12.727 12.613 12.413 12.169 11.952 11.245 10.852 10.803 11.082 11.25 10.921 10.944 10.251 10.458 9.869 9.543 10.157 10.831 10.633 11.103 11.358 11.865 11.939 12.348 12.375 12.288 12.456 12.186 12.044 10.995 10.698 10.407 11.432 12.239 12.464 12.594 12.945 13.663 -9999 -9999 -9999 -9999 -9999 -9999 -9999 -9999 -9999 -9999 -9999 -9999 -9999 -9999 -9999 -9999 -9999 -9999 -9999
-9999 -9999 12.194 12.198 12.192 13.31 -9999 -9999 -9999 -9999 -9999 -9999 -9999 -9999 -9999 13.346 13.176 12.881 12.428 11.949 11.636 11.78 11.77 11.633 11.441 11.794 11.364 10.592 10.689 10.682 10.671 11.003 10.525 9.686 10.976 10.861 10.911 11.104 11.537 11.92 12.332 11.923 12.07 12.243 12.102 11.858 11.149 10.923 10.811 10.854 11.601 12.628 12.868 12.761 12.995 13.418 -9999 -9999 -9999 -9999 -9999 -9999 -9999 -9999 -9999 -9999 -9999 -9999 -9999 -9999 -9999 -9999 -9999 -9999 -9999
-9999 -9999 12.215 12.682 13.46 -9999 -9999 -9999 -9999 -9999 -9999 -9999 -9999 -9999 -9999 13.291 13.232 12.801 12.047 11.605 11.641 11.068 10.734 10.816 10.8 11.136 11.27 11.416 11.243 10.789 11.083 11.498 11.132 10.781 10.267 10.799 10.655 11.295 11.678 12.303 11.97 11.849 11.941 11.867 11.456 10.856 10.499 10.862 11.233 11.631 12.24 12.36 12.424 12.704 12.945 13.366 -9999 -9999 -9999 -9999 -9999 -9999 -9999 -9999 -9999 -9999 -9999 -9999 -9999 -9999 -9999 -9999 -9999 -9999 -9999
-9999 -9999 -9999 -9999 -9999 -9999 -9999 -9999 -9999 -9999 -9999 -9999 -9999 -9999 -9999 13.218 13.0 12.09 11.865 11.618 11.37 10.553 10.495 9.948 10.339 10.728 11.2 11.44 11.128 9.966 10.491 11.666 11.611 10.433 10.57 10.895 10.997 11.001 11.723 11.349 11.197 11.451 11.115 10.821 10.467 11.07 11.005 11.057 11.307 11.663 12.556 12.831 12.726 12.846 13.225 13.496 -9999 -9999 -9999 -9999 -9999 -9999 -9999 -9999 -9999 -9999 -9999 -9999 -9999 -9999 -9999 -9999 -9999 -9999 -9999
-9999 -9999 -9999 -9999 -9999 -9999 -9999 -9999 -9999 -9999 -9999 -9999 -9999 -9999 13.066 12.589 11.84 11.813 11.338 11.475 11.379 11.254 10.31 10.332 10.25 10.646 11.013 11.931 11.515 10.951 11.134 11.593 11.663 11.322 11.262 11.216 11.073 11.149 10.767 11.437 11.663 11.41 11.116 10.13 10.898 10.625 10.88 11.371 11.462 11.713 11.799 12.645 13.073 13.247 13.421 13.597 -9999 -9999 -9999 -9999 -9999 -9999 -9999 -9999 -9999 -9999 -9999 -9999 -9999 -9999 -9999 -9999 -9999 -9999 -9999
-9999 -9999 -9999 -9999 -9999 -9999 -9999 -9999 -9999 -9999 -9999 -9999 -9999 -9999 12.6 12.159 11.722 10.829 11.039 11.494 11.435 10.736 11.317 10.843 10.724 11.098 11.578 12.485 12.333 11.775 11.477 11.555 12.217 11.921 11.809 11.736 11.657 10.963 11.846 11.334 11.676 11.63 10.345 11.404 10.952 10.998 11.425 11.535 11.926 11.831 11.593 12.152 12.773 13.065 13.379 13.696 -9999 -9999 -9999 -9999 -9999 -9999 -9999 -9999 -9999 -9999 -9999 -9999 -9999 -9999 -9999 -9999 -9999 -9999 -9999
-9999 -9999 -9999 -9999 -9999 -9999 -9999 -9999 -9999 -9999 -9999 -9999 -9999 12.837 12.206 12.202 11.193 11.333 11.012 10.226 10.737 11.302 11.563 11.156 11.389 11.54 11.629 12.084 12.205 11.944 11.976 12.72 12.691 12.333 11.875 11.805 11.153 12.094 11.832 11.42 12.088 11.067 10.93 11.555 11.759 11.945 11.582 11.644 11.793 11.601 11.919 12.304 12.771 13.107 13.37 13.669 13.872 -9999 -9999 -9999 -9999 -9999 -9999 -9999 -9999 -9999 -9999 -9999 -9999 -9999 -9999 -9999 -9999 -9999 -9999
-9999 -9999 -9999 -9999 -9999 -9999 -9999 -9999 -9999 -9999 -9999 -9999 12.783 12.49 12.262 12.172 11.909 11.637 10.976 11.06 11.003 10.758 11.908 11.91 11.825 11.588 11.649 11.988 12.356 12.784 12.985 12.731 12.969 12.618 12.173 11.847 12.121 12.465 12.213 12.22 12.404 11.325 10.99 11.289 11.448 11.598 11.717 12.042 12.018 11.763 12.177 12.432 12.709 13.024 13.414 13.667 13.94 -9999 -9999 -9999 -9999 -9999 -9999 -9999 -9999 -9999 -9999 -9999 -9999 -9999 -9999 -9999 -9999 -9999 -9999
-9999 -9999 -9999 -9999 -9999 -9999 -9999 -9999 -9999 -9999 -9999 -9999 12.648 11.429 12.055 12.115 12.098 12.175 11.56 10.469 10.703 11.777 12.035 12.279 12.146 12.027 11.898 11.78 12.902 13.266 13.101 13.137 12.774 12.788 12.344 12.447 12.469 12.781 12.637 12.738 12.271 11.868 11.421 11.28 11.471 11.552 12.112 12.496 12.354 12.26 12.237 12.42 12.799 13.234 13.402 13.603 13.871 -9999 -9999 -9999 -9999 -9999 -9999 -9999 -9999 -9999 -9999 -9999 -9999 -9999 -9999 -9999 -9999 -9999 -9999
-9999 -9999 -9999 -9999 -9999 -9999 -9999 -9999 -9999 -9999 -9999 12.857 11.686 11.841 11.898 12.002 12.287 12.412 11.619 11.163 11.53 11.65 12.111 12.292 12.484 12.219 11.909 12.586 12.851 13.132 13.598 13.163 13.101 12.903 12.926 12.813 12.895 13.084 13.097 12.735 12.809 12.22 11.503 11.657 11.634 11.816 12.003 12.511 12.645 12.939 12.648 12.655 12.93 13.327 13.59 13.609 13.758 14.125 -9999 -9999 -9999 -9999 -9999 -9999 -9999 -9999 -9999 -9999 -9999 -9999 -9999 -9999 -9999 -9999 -9999
-9999 -9999 -9999 -9999 -9999 -9999 -9999 -9999 -9999 -9999 13.083 -9999 12.492 11.963 11.943 12.097 12.488 12.813 12.455 12.364 11.803 11.371 11.974 12.502 12.719 12.688 12.725 12.853 12.933 13.249 13.444 13.21 13.408 13.35 13.296 13.251 13.36 13.435 13.371 13.243 12.927 12.518 12.478 12.186 12.108 12.139 12.502 12.892 13.429 12.884 12.577 12.863 13.128 13.383 13.612 13.775 13.852 14.003 -9999 -9999 -9999 -9999 -9999 -9999 -9999 -9999 -9999 -9999 -9999 -9999 -9999 -9999 -9999 -9999 -9999
