Validation/Results/ReClimate_09_2024_1_Temperature-Actuals.asc
NCOLS 192
NROWS 249
XLLCENTER -225160.85627316462
YLLCENTER 29788.11610251502
CELLSIZE 5000.0
NODATA_VALUE -9999
[rows 170 to 203 of 249, columns 77 to 153 of 192]
-9999 -9999 -9999 -9999 -9999 -9999 -9999 -9999 -9999 -9999 -9999 -9999 -9999 -9999 -9999 12.137 11.998 -9999 -9999 -9999 -9999 -9999 -9999 -9999 -9999 -9999 -9999 -9999 -9999 -9999 -9999 -9999 -9999 -9999 11.785 11.742 11.627 11.511 11.274 11.335 11.425 11.456 11.477 11.619 11.732 11.729 11.489 11.047 10.261 9.487 8.78 8.944 8.891 9.323 10.344 10.793 11.032 10.739 10.739 10.963 11.193 11.213 11.3 11.36 11.366 11.316 11.194 11.149 11.245 11.275 11.159 10.8 10.901 10.856 11.091 11.362 11.548
-9999 -9999 -9999 -9999 -9999 -9999 -9999 -9999 -9999 -9999 -9999 -9999 -9999 -9999 -9999 11.854 11.655 11.748 -9999 -9999 -9999 -9999 -9999 -9999 -9999 -9999 -9999 -9999 -9999 -9999 -9999 -9999 -9999 11.944 11.807 11.693 11.685 11.45 11.497 11.467 11.517 11.474 11.487 11.547 11.584 11.526 11.419 11.118 10.546 9.578 8.793 9.158 9.554 9.615 10.2 11.12 11.255 11.058 10.684 10.847 11.159 11.212 11.236 11.287 11.328 11.312 11.256 11.144 11.207 11.272 11.214 10.954 10.778 10.878 11.03 11.399 11.631
-9999 -9999 -9999 -9999 -9999 -9999 -9999 -9999 -9999 -9999 -9999 -9999 -9999 -9999 12.137 11.76 11.455 11.614 11.988 -9999 -9999 -9999 -9999 -9999 -9999 -9999 -9999 -9999 -9999 -9999 11.798 -9999 -9999 11.901 11.546 11.706 11.721 11.661 -9999 11.4 11.335 11.285 11.318 11.269 11.37 11.308 11.216 10.828 10.261 10.596 9.551 9.715 10.119 9.507 10.28 10.725 11.143 11.103 10.855 10.909 11.084 11.157 11.295 11.358 11.374 11.336 11.305 11.203 11.211 11.307 11.25 11.141 10.894 10.775 10.856 11.269 11.553
-9999 -9999 -9999 -9999 -9999 -9999 -9999 -9999 -9999 -9999 -9999 -9999 -9999 -9999 12.192 11.796 11.598 11.616 11.875 12.024 12.2 -9999 -9999 -9999 11.553 11.654 -9999 11.719 11.802 11.744 11.009 11.208 -9999 -9999 11.658 11.656 -9999 -9999 11.43 11.25 11.422 11.586 11.407 11.196 11.095 11.089 10.892 10.328 9.622 9.927 9.82 9.57 9.689 9.604 9.797 10.859 11.022 10.944 10.708 10.88 11.003 11.127 11.19 11.315 11.385 11.383 11.338 11.265 11.233 11.343 11.319 11.26 11.089 10.881 10.692 10.849 11.2
-9999 -9999 -9999 -9999 -9999 -9999 -9999 -9999 -9999 -9999 -9999 -9999 -9999 -9999 -9999 12.053 11.766 11.703 11.897 11.982 -9999 -9999 10.0 9.871 11.077 10.516 10.742 10.947 11.543 11.382 11.173 10.875 10.931 -9999 11.625 11.637 11.576 11.478 11.07 10.884 11.314 11.694 11.52 11.194 11.093 10.964 10.773 10.07 9.12 9.148 9.417 9.687 9.924 9.741 9.947 10.642 11.067 10.961 10.749 10.82 10.904 11.009 11.112 11.218 11.343 11.398 11.317 11.122 11.207 11.396 11.389 11.347 11.233 11.036 10.915 10.822 10.856
-9999 -9999 -9999 -9999 -9999 -9999 -9999 -9999 -9999 -9999 -9999 -9999 -9999 -9999 -9999 12.179 11.956 12.069 12.078 12.039 11.81 10.407 8.343 10.437 10.824 10.04 10.54 10.287 10.755 11.28 11.03 10.187 10.78 11.006 11.345 11.563 11.504 11.318 10.997 10.854 11.166 11.452 11.392 11.269 11.124 10.96 10.68 9.794 9.197 8.86 9.175 9.291 10.01 10.143 9.897 10.196 10.672 10.772 10.775 10.82 10.841 10.943 11.074 11.17 11.366 11.372 11.374 11.337 11.24 11.435 11.466 11.439 11.379 11.189 10.914 10.937 11.104
-9999 -9999 -9999 -9999 -9999 -9999 -9999 -9999 -9999 -9999 -9999 -9999 -9999 -9999 -9999 -9999 12.242 12.29 12.034 11.372 10.214 7.668 8.34 10.088 9.973 10.19 9.731 9.615 9.938 10.348 10.566 10.744 10.08 10.749 11.182 11.313 11.449 11.389 11.117 11.003 11.106 11.248 11.298 11.177 11.05 10.906 10.484 9.929 9.365 9.184 9.522 9.327 9.574 10.475 10.215 10.275 10.532 10.568 10.73 10.907 10.906 10.927 11.026 11.164 11.382 11.42 11.45 11.353 11.349 11.445 11.5 11.505 11.452 11.371 11.271 11.177 11.272
-9999 -9999 -9999 -9999 -9999 -9999 -9999 -9999 -9999 -9999 -9999 -9999 -9999 -9999 -9999 -9999 -9999 -9999 11.532 10.429 9.184 8.558 8.921 10.281 10.306 9.706 9.179 9.061 9.154 10.057 10.854 10.491 9.837 10.323 10.931 11.279 11.526 11.411 11.172 10.961 11.0 11.034 11.073 11.1 11.013 10.726 10.183 9.894 9.72 9.328 9.573 9.376 9.298 9.895 10.535 10.47 10.807 10.667 10.551 10.797 10.93 11.049 11.129 11.255 11.402 11.457 11.485 11.494 11.336 11.412 11.474 11.512 11.532 11.517 11.484 11.429 11.401
-9999 -9999 -9999 -9999 -9999 -9999 -9999 -9999 -9999 -9999 -9999 -9999 -9999 -9999 -9999 -9999 -9999 12.157 11.171 10.484 10.061 9.071 10.073 10.506 10.001 9.897 9.395 8.913 9.273 9.432 10.299 10.164 9.635 9.964 10.568 11.386 11.512 11.409 11.033 10.823 10.834 10.907 11.009 11.061 10.893 10.424 10.225 10.357 9.999 9.501 9.704 9.671 9.754 9.943 10.066 10.539 10.719 10.748 10.754 10.77 10.959 10.984 11.218 11.373 11.446 11.473 11.501 11.32 11.328 11.415 11.501 11.525 11.575 11.6 11.588 11.536 11.536
-9999 -9999 -9999 -9999 -9999 -9999 -9999 -9999 -9999 -9999 -9999 -9999 -9999 -9999 -9999 -9999 12.125 10.456 10.897 10.46 9.965 10.154 8.95 9.17 9.46 9.385 8.834 9.342 9.139 9.645 10.126 9.477 9.171 9.816 10.627 11.368 11.564 11.368 10.898 10.839 10.914 10.952 11.041 10.962 10.683 10.632 10.524 10.125 9.88 9.69 9.481 9.927 10.108 10.278 10.39 10.387 10.815 10.86 11.001 11.016 11.06 11.279 11.168 11.381 11.471 11.444 11.454 11.301 11.238 11.45 11.491 11.534 11.568 11.597 11.595 11.621 11.703
-9999 -9999 -9999 -9999 -9999 -9999 -9999 -9999 -9999 -9999 -9999 -9999 -9999 -9999 -9999 11.999 10.62 11.233 11.244 10.871 10.97 10.37 9.984 9.509 9.054 8.727 8.776 8.918 9.146 9.882 9.497 9.612 10.336 10.537 11.069 11.237 11.429 11.214 10.91 10.862 10.887 10.981 10.869 10.638 10.774 10.713 10.525 10.065 9.931 10.183 9.991 10.001 10.311 10.445 10.578 10.708 10.803 11.032 11.159 11.348 11.398 11.478 11.481 11.375 11.423 11.428 11.425 11.281 11.232 11.456 11.51 11.492 11.52 11.527 11.585 11.644 11.738
-9999 -9999 -9999 -9999 -9999 -9999 -9999 -9999 -9999 -9999 -9999 -9999 -9999 11.837 12.007 11.648 11.738 12.008 12.062 11.797 11.922 11.304 10.438 9.681 8.962 8.07 9.328 9.47 9.91 9.771 8.961 9.274 9.742 10.583 10.927 11.072 11.175 11.051 10.871 10.777 10.882 10.855 10.675 10.611 10.565 10.762 10.468 10.145 10.159 10.154 10.188 10.343 10.518 10.69 10.86 11.111 11.123 11.141 11.368 11.598 11.66 11.538 11.476 11.444 11.402 11.348 11.373 11.19 11.116 11.359 11.493 11.486 11.474 11.498 11.56 11.637 -9999
-9999 -9999 -9999 -9999 -9999 -9999 -9999 -9999 -9999 -9999 -9999 -9999 11.67 11.746 11.769 11.98 -9999 -9999 -9999 -9999 11.316 10.225 9.925 9.574 8.724 9.525 9.594 9.061 9.471 8.829 7.669 8.464 9.412 9.985 10.747 11.128 11.065 10.975 10.907 10.884 10.891 10.845 10.697 10.635 10.527 10.617 10.463 10.41 10.372 10.371 10.512 10.633 10.743 10.949 11.049 11.289 11.473 11.398 11.453 11.546 11.608 11.524 11.421 11.346 11.235 11.189 11.218 11.159 11.067 11.209 11.416 11.495 11.489 11.488 11.55 11.628 11.722
-9999 -9999 -9999 -9999 -9999 -9999 -9999 -9999 -9999 -9999 -9999 -9999 11.69 11.578 12.124 -9999 -9999 -9999 -9999 -9999 10.977 10.173 9.692 9.841 9.169 9.288 8.883 8.432 8.622 8.269 8.295 9.627 9.781 10.446 11.001 11.183 11.101 10.998 10.901 10.78 10.755 10.812 10.742 10.638 10.62 10.535 10.641 10.641 10.71 10.509 10.45 10.553 10.778 10.947 11.044 11.23 11.32 11.383 11.403 11.374 11.366 11.218 11.206 11.024 10.891 10.894 11.044 11.115 11.099 11.206 11.376 11.529 11.549 11.557 11.572 11.598 11.66
-9999 -9999 -9999 -9999 -9999 -9999 -9999 -9999 -9999 -9999 -9999 -9999 -9999 -9999 12.297 -9999 -9999 -9999 -9999 -9999 10.922 10.017 10.272 9.926 9.577 9.51 8.314 8.591 9.437 8.731 9.498 9.801 10.126 10.802 11.178 11.244 10.999 10.959 10.84 10.773 10.909 10.872 10.879 10.84 10.697 10.717 10.816 10.925 10.863 10.828 10.718 10.63 10.848 10.873 10.682 10.869 11.089 11.158 11.335 11.275 11.069 10.821 10.711 10.906 10.852 10.852 10.956 11.082 11.116 11.202 11.371 11.547 11.598 11.619 11.644 11.65 11.707
-9999 -9999 -9999 -9999 -9999 -9999 -9999 -9999 -9999 -9999 -9999 -9999 -9999 -9999 -9999 -9999 -9999 -9999 -9999 -9999 11.27 10.654 11.429 10.58 9.804 8.63 8.786 8.915 8.961 9.693 9.764 9.914 10.791 11.079 11.32 11.203 11.107 10.996 10.991 11.001 11.019 11.034 11.009 10.935 10.859 10.822 10.917 10.915 10.747 10.936 11.065 11.013 10.968 11.102 10.8 10.625 10.873 10.868 11.092 11.291 11.052 10.887 10.759 10.826 11.031 11.028 11.029 11.166 11.245 11.283 11.386 11.55 11.628 11.678 11.708 11.75 11.807
-9999 -9999 -9999 -9999 -9999 -9999 -9999 -9999 -9999 -9999 -9999 -9999 -9999 -9999 -9999 -9999 -9999 -9999 -9999 -9999 -9999 11.318 9.994 9.39 9.28 9.533 9.426 9.212 9.898 9.969 10.374 10.847 10.743 11.216 11.198 10.913 10.939 11.025 11.146 11.222 11.151 11.003 10.942 10.784 10.756 10.819 10.973 10.838 10.625 10.749 11.056 11.163 11.142 11.09 11.026 10.829 10.748 10.585 10.651 11.159 11.215 10.947 10.774 10.647 10.778 11.096 11.143 11.244 11.362 11.487 11.519 11.618 11.678 11.733 11.768 11.815 11.87
-9999 -9999 -9999 -9999 -9999 -9999 -9999 -9999 -9999 -9999 -9999 -9999 -9999 -9999 -9999 -9999 -9999 -9999 -9999 -9999 11.227 10.678 10.002 8.997 9.847 9.988 9.475 9.836 9.913 9.94 10.839 10.78 10.767 10.985 10.068 10.663 10.952 10.973 10.96 11.162 10.918 10.478 10.495 10.702 10.875 10.841 10.972 10.918 10.835 10.844 11.057 11.156 11.183 11.14 11.031 10.983 10.831 10.796 10.847 11.124 11.19 10.956 10.706 10.531 10.613 10.991 11.266 11.354 11.517 11.645 11.701 11.737 11.781 11.807 11.828 11.875 11.919
-9999 -9999 -9999 -9999 -9999 -9999 -9999 -9999 -9999 -9999 -9999 -9999 -9999 -9999 -9999 -9999 -9999 -9999 -9999 -9999 11.54 10.928 9.151 10.431 10.902 10.259 10.106 9.819 9.337 10.026 10.798 10.759 11.035 10.637 10.686 10.703 10.565 10.567 10.971 10.941 10.653 10.569 10.623 10.932 10.892 10.842 10.953 10.933 11.071 11.099 11.131 11.182 11.186 11.194 11.152 11.089 11.006 10.848 10.994 11.181 11.089 10.775 10.497 10.537 10.621 10.802 11.142 11.422 11.524 11.695 11.713 11.741 11.849 11.898 11.911 11.937 11.979
-9999 -9999 -9999 -9999 -9999 -9999 -9999 -9999 -9999 -9999 -9999 -9999 -9999 -9999 -9999 -9999 -9999 -9999 -9999 -9999 11.49 10.727 11.31 11.038 10.738 10.407 9.912 9.087 9.446 9.794 10.536 10.835 11.16 11.017 10.668 10.112 9.791 9.957 10.586 10.421 10.579 10.542 10.785 11.037 10.927 10.946 10.995 11.059 11.203 11.119 11.07 11.174 11.206 11.048 11.145 11.178 11.117 11.048 11.105 11.181 11.041 10.799 10.646 10.635 10.802 10.981 11.194 11.331 11.502 11.65 11.814 11.771 11.883 11.949 11.963 11.99 12.009
-9999 -9999 -9999 -9999 -9999 -9999 -9999 -9999 -9999 -9999 -9999 -9999 -9999 -9999 -9999 -9999 -9999 -9999 -9999 -9999 -9999 11.758 10.657 10.026 9.343 9.217 9.234 9.541 9.953 10.729 10.97 11.147 10.974 10.861 10.648 10.294 9.947 9.918 10.201 10.516 10.519 10.404 10.715 10.94 10.849 11.098 11.101 11.029 11.36 11.387 11.218 11.254 11.319 11.071 10.931 11.172 11.127 11.102 11.157 11.143 10.967 10.866 10.897 11.016 11.05 11.177 11.24 11.284 11.491 11.683 11.761 11.807 11.931 12.002 11.992 11.992 12.016
-9999 -9999 -9999 -9999 -9999 -9999 -9999 -9999 -9999 -9999 -9999 -9999 -9999 -9999 -9999 -9999 -9999 -9999 -9999 -9999 -9999 11.187 10.201 9.335 8.638 8.488 8.942 9.845 10.606 10.812 10.543 10.035 9.674 9.716 10.238 10.542 10.13 10.142 10.373 10.554 10.116 10.343 10.566 10.634 10.756 11.111 11.108 11.198 11.203 11.344 11.364 11.316 11.4 11.23 11.018 11.132 11.182 11.046 10.994 10.964 10.864 10.867 11.022 10.969 11.027 11.087 11.271 11.257 11.449 11.648 11.663 11.788 11.953 12.009 11.999 11.944 11.895
-9999 -9999 -9999 -9999 -9999 -9999 -9999 -9999 -9999 -9999 -9999 -9999 -9999 -9999 -9999 -9999 -9999 -9999 -9999 -9999 11.69 11.193 10.189 9.293 8.803 9.031 9.493 9.988 9.721 9.083 9.418 9.299 9.381 10.126 10.473 10.31 10.25 10.499 10.65 10.277 10.202 10.289 10.535 10.656 10.793 11.204 11.163 10.993 11.192 11.043 11.153 11.125 11.203 11.151 11.134 11.278 11.241 11.182 11.152 11.003 10.957 10.823 10.93 10.979 11.021 11.143 11.22 11.402 11.535 11.601 11.617 11.783 11.996 12.021 12.036 11.954 11.841
-9999 -9999 -9999 -9999 -9999 -9999 -9999 -9999 -9999 -9999 -9999 -9999 -9999 -9999 -9999 -9999 -9999 -9999 -9999 -9999 11.489 10.861 10.399 9.966 9.417 8.782 9.085 9.331 9.182 9.254 9.002 8.901 9.367 10.076 9.758 9.837 10.482 10.332 10.759 10.44 10.187 10.161 10.758 10.759 11.206 11.323 11.16 11.035 10.638 10.86 10.901 10.987 10.957 10.925 11.07 11.274 11.331 11.342 11.349 11.307 11.026 10.897 10.845 10.907 11.019 11.297 11.409 11.518 11.596 11.593 11.627 11.798 11.913 12.04 12.08 12.044 11.912
-9999 -9999 -9999 -9999 -9999 -9999 -9999 -9999 -9999 -9999 -9999 -9999 -9999 -9999 -9999 -9999 -9999 -9999 -9999 -9999 11.036 11.097 11.123 10.354 9.259 8.67 9.029 9.262 9.482 9.114 9.229 9.445 9.677 9.58 9.727 10.425 10.493 10.59 10.27 10.681 10.548 10.802 10.766 10.838 11.242 11.425 11.28 10.899 10.958 10.855 10.826 10.9 10.905 10.998 11.006 11.1 11.209 11.328 11.391 11.315 11.071 10.881 11.023 11.19 11.124 11.322 11.446 11.616 11.633 11.591 11.739 11.922 12.031 12.12 12.233 12.193 12.135
-9999 -9999 -9999 -9999 -9999 -9999 -9999 -9999 -9999 -9999 -9999 -9999 -9999 -9999 -9999 -9999 -9999 -9999 -9999 11.183 10.94 10.491 10.567 10.254 9.238 9.067 8.712 9.194 9.853 9.874 9.987 9.626 9.554 9.937 9.927 10.029 10.493 10.482 10.862 11.023 11.068 11.014 10.868 11.129 11.363 11.426 11.39 11.294 11.167 11.134 11.018 11.033 11.001 11.058 11.159 11.167 11.228 11.435 11.407 11.243 11.094 11.025 11.239 11.412 11.419 11.405 11.602 11.57 11.642 11.633 11.694 11.893 12.076 12.148 12.225 12.238 12.248
-9999 -9999 -9999 -9999 -9999 -9999 -9999 -9999 -9999 -9999 -9999 -9999 -9999 -9999 -9999 -9999 -9999 -9999 10.975 10.894 10.316 10.608 10.587 9.557 8.915 8.757 9.015 9.47 9.953 9.846 9.962 9.655 9.179 9.818 9.773 10.504 10.765 10.993 11.051 10.996 10.891 10.935 10.837 11.204 11.32 11.6 11.589 11.451 11.385 11.32 11.284 11.15 11.144 11.292 11.373 11.299 11.258 11.304 11.303 11.167 11.082 11.064 11.266 11.555 11.664 11.709 11.575 11.541 11.598 11.682 11.753 11.906 11.984 12.017 12.042 12.096 12.172
-9999 -9999 -9999 -9999 -9999 -9999 -9999 -9999 -9999 -9999 -9999 -9999 -9999 -9999 -9999 -9999 10.602 10.715 10.592 11.085 10.989 10.779 10.143 9.187 8.77 8.656 8.563 9.34 9.718 10.226 9.97 9.438 9.415 9.928 10.462 10.711 11.054 11.11 11.144 10.856 10.788 10.775 11.065 11.432 11.586 11.642 11.575 11.437 11.439 11.502 11.433 11.27 11.312 11.412 11.557 11.324 11.19 11.064 10.948 10.957 10.99 11.17 11.284 11.489 11.501 11.601 11.593 11.632 11.659 11.717 11.803 11.951 12.063 11.932 11.913 11.965 12.107
-9999 -9999 -9999 -9999 -9999 -9999 -9999 -9999 -9999 -9999 -9999 -9999 -9999 -9999 -9999 10.642 10.43 10.06 10.429 10.853 10.826 10.511 9.416 9.245 8.746 8.71 9.171 9.873 10.426 10.41 10.283 9.733 9.184 9.776 10.377 10.909 10.954 10.996 10.772 10.955 10.767 10.823 11.235 11.532 11.759 11.732 11.49 11.54 11.413 11.465 11.53 11.447 11.4 11.433 11.373 11.397 11.16 11.105 11.008 10.819 10.826 10.939 11.126 11.271 11.358 11.462 11.619 11.588 11.805 11.873 11.902 11.99 11.98 11.909 11.838 11.952 12.102
-9999 -9999 -9999 -9999 -9999 -9999 -9999 -9999 -9999 -9999 -9999 -9999 12.005 11.451 11.065 10.768 10.199 10.174 10.453 10.929 10.995 9.904 9.575 9.285 9.546 8.922 9.784 10.022 9.699 10.259 10.443 9.105 9.717 10.323 11.156 11.16 10.962 10.493 11.167 11.063 11.011 11.052 11.156 11.528 11.722 11.792 11.679 11.685 11.529 11.425 11.536 11.527 11.54 11.406 11.304 11.004 11.128 11.183 11.15 10.978 10.935 11.03 11.197 11.372 11.383 11.475 11.543 11.698 11.803 11.923 11.881 11.953 12.002 11.94 11.983 12.037 12.12
-9999 -9999 -9999 -9999 -9999 -9999 -9999 -9999 -9999 -9999 11.482 11.656 11.616 11.393 11.269 10.922 10.945 10.699 10.894 10.729 9.971 10.281 9.968 9.82 10.018 9.683 9.612 8.893 9.442 9.849 9.752 10.09 10.533 11.066 10.461 10.685 10.936 11.141 11.285 11.326 11.22 11.253 11.426 11.41 11.674 11.896 11.857 11.799 11.7 11.634 11.632 11.423 11.548 11.568 11.29 11.082 10.932 11.171 11.157 11.011 10.943 10.988 11.132 11.423 11.583 11.639 11.62 11.614 11.816 11.809 11.761 11.871 11.993 11.994 12.004 12.018 12.021
-9999 -9999 -9999 -9999 -9999 -9999 11.5 11.479 11.484 11.488 10.973 11.598 11.374 11.404 11.218 11.016 11.024 10.904 10.634 9.929 10.301 10.593 10.021 10.475 10.299 9.941 9.102 9.286 9.65 9.89 9.838 10.512 10.97 9.87 9.927 10.633 10.722 11.19 11.335 11.44 11.298 11.111 11.364 11.28 11.84 11.939 11.915 11.716 11.611 11.665 11.165 11.348 11.483 11.558 11.3 10.974 10.972 11.108 11.14 11.146 11.088 11.105 11.203 11.437 11.567 11.663 11.711 11.611 11.648 11.76 11.768 11.928 12.07 11.976 11.721 11.715 11.675
-9999 -9999 -9999 -9999 -9999 11.902 11.499 11.49 11.322 10.506 10.244 10.443 10.732 11.048 10.577 10.503 10.66 10.505 10.035 10.401 10.544 10.258 10.723 10.956 10.62 10.029 9.566 9.776 9.959 9.969 10.272 10.674 9.704 8.565 9.695 10.401 10.985 11.02 11.243 11.122 11.195 11.363 11.441 11.697 11.835 11.874 11.922 11.715 11.533 11.202 10.901 10.742 11.261 11.416 10.998 10.849 10.925 11.084 11.194 11.163 11.181 11.203 11.357 11.386 11.459 11.581 11.504 11.446 11.609 11.725 11.797 11.938 12.016 11.84 11.614 11.484 11.547
-9999 -9999 -9999 -9999 12.228 11.64 11.369 11.334 10.926 10.418 10.531 10.762 11.012 10.591 10.519 10.53 10.961 10.453 10.295 10.628 10.678 10.873 11.39 10.992 10.233 9.813 10.036 10.237 10.203 10.635 10.708 10.416 9.006 9.017 9.677 10.866 10.744 10.894 10.876 11.296 11.431 11.363 11.533 11.671 11.81 11.886 12.027 11.872 11.587 11.108 10.683 10.8 11.108 11.198 10.941 10.648 10.86 11.07 11.156 11.249 11.26 11.314 11.364 11.424 11.348 11.444 11.556 11.477 11.573 11.589 11.502 11.728 11.89 11.748 11.559 11.56 11.613
