Validation/Results/ReClimate_07_2024_1weatherlogisticsltd.asc
NCOLS 192
NROWS 249
XLLCENTER -225160.85627316462
YLLCENTER 29788.11610251502
CELLSIZE 5000.0
NODATA_VALUE -9999
[rows 165 to 197 of 249, columns 74 to 147 of 192]
-9999 -9999 -9999 -9999 -9999 -9999 -9999 -9999 -9999 -9999 -9999 -9999 -9999 -9999 -9999 -9999 -9999 -9999 -9999 -9999 -9999 -9999 -9999 -9999 -9999 -9999 -9999 -9999 -9999 -9999 -9999 -9999 -9999 -9999 -9999 -9999 -9999 -9999 123.502 123.235 122.971 122.867 122.732 122.619 122.574 122.543 122.522 122.521 122.488 122.425 122.337 122.235 122.132 122.038 121.968 121.935 121.936 121.962 122.004 122.054 122.106 122.197 122.309 122.436 122.556 122.688 122.929 123.192 123.438 123.667 123.877 124.068 124.24 124.41
-9999 -9999 -9999 -9999 -9999 -9999 -9999 -9999 -9999 -9999 -9999 -9999 -9999 -9999 -9999 -9999 -9999 -9999 -9999 -9999 -9999 -9999 -9999 -9999 -9999 -9999 -9999 -9999 -9999 -9999 -9999 -9999 -9999 -9999 -9999 -9999 -9999 -9999 123.675 123.382 123.185 122.985 122.828 122.766 122.725 122.661 122.605 122.565 122.534 122.472 122.387 122.288 122.184 122.088 122.009 121.955 121.928 121.926 121.945 121.986 122.077 122.192 122.331 122.467 122.59 122.696 122.839 123.08 123.332 123.564 123.777 123.969 124.199 124.466
-9999 -9999 -9999 -9999 -9999 -9999 -9999 -9999 -9999 -9999 -9999 -9999 -9999 -9999 -9999 -9999 -9999 -9999 -9999 -9999 -9999 -9999 -9999 -9999 -9999 -9999 -9999 -9999 -9999 -9999 -9999 -9999 -9999 -9999 -9999 -9999 -9999 124.282 124.025 123.766 123.496 123.243 123.051 122.944 122.89 122.822 122.738 122.658 122.599 122.537 122.451 122.348 122.241 122.136 122.042 121.965 121.912 121.885 121.904 121.978 122.087 122.228 122.373 122.513 122.641 122.752 122.842 123.007 123.249 123.486 123.74 124.021 124.275 124.534
-9999 -9999 -9999 -9999 -9999 -9999 -9999 -9999 -9999 -9999 -9999 -9999 -9999 -9999 -9999 -9999 -9999 -9999 -9999 -9999 -9999 -9999 -9999 -9999 -9999 -9999 -9999 -9999 -9999 -9999 -9999 -9999 -9999 -9999 -9999 -9999 -9999 124.678 124.435 124.171 123.896 123.622 123.389 123.263 123.155 123.031 122.912 122.81 122.707 122.617 122.526 122.419 122.299 122.182 122.069 121.968 121.888 121.871 121.91 121.999 122.13 122.277 122.428 122.575 122.709 122.827 122.922 122.997 123.232 123.516 123.764 124.017 124.274 124.509
-9999 -9999 -9999 -9999 -9999 -9999 -9999 -9999 -9999 -9999 -9999 -9999 -9999 -9999 -9999 -9999 -9999 -9999 -9999 -9999 -9999 -9999 -9999 -9999 -9999 -9999 -9999 -9999 -9999 -9999 -9999 -9999 -9999 -9999 -9999 -9999 -9999 -9999 124.833 124.577 124.311 124.038 123.825 123.676 123.517 123.375 123.229 123.059 122.889 122.737 122.61 122.492 122.362 122.229 122.096 121.994 121.927 121.895 121.938 122.039 122.181 122.34 122.501 122.655 122.797 122.945 123.093 123.184 123.282 123.529 123.78 124.012 124.233 124.445
-9999 -9999 -9999 -9999 -9999 -9999 -9999 -9999 -9999 -9999 -9999 -9999 -9999 -9999 -9999 -9999 -9999 -9999 127.361 127.957 -9999 -9999 -9999 -9999 -9999 -9999 -9999 -9999 -9999 -9999 -9999 -9999 -9999 -9999 -9999 -9999 -9999 125.459 125.222 124.973 124.716 124.464 124.274 124.118 123.957 123.79 123.619 123.442 123.242 123.03 122.816 122.605 122.442 122.31 122.199 122.09 122.002 121.944 121.967 122.084 122.257 122.453 122.654 122.852 123.041 123.173 123.276 123.366 123.411 123.559 123.79 124.01 124.215 124.406
-9999 -9999 -9999 -9999 -9999 -9999 -9999 -9999 -9999 -9999 -9999 -9999 -9999 -9999 -9999 -9999 -9999 -9999 127.707 128.21 128.667 -9999 -9999 -9999 -9999 -9999 -9999 -9999 -9999 -9999 -9999 -9999 -9999 -9999 -9999 -9999 126.066 125.839 125.603 125.361 125.113 124.88 124.707 124.557 124.396 124.227 124.056 123.874 123.669 123.415 123.162 122.944 122.76 122.614 122.492 122.373 122.254 122.136 122.148 122.307 122.517 122.734 122.953 123.138 123.278 123.396 123.475 123.538 123.582 123.641 123.826 124.034 124.22 124.388
-9999 -9999 -9999 -9999 -9999 -9999 -9999 -9999 -9999 -9999 -9999 -9999 -9999 -9999 -9999 -9999 -9999 127.578 128.035 128.5 128.931 129.32 -9999 -9999 -9999 -9999 -9999 -9999 -9999 -9999 -9999 -9999 -9999 127.351 -9999 -9999 126.451 126.211 125.98 125.745 125.503 -9999 125.126 124.979 124.823 124.657 124.489 124.321 124.112 123.879 123.652 123.431 123.216 123.042 122.901 122.776 122.658 122.565 122.55 122.691 122.899 123.115 123.277 123.405 123.508 123.59 123.662 123.721 123.763 123.781 123.893 124.082 124.247 124.386
-9999 -9999 -9999 -9999 -9999 -9999 -9999 -9999 -9999 -9999 -9999 -9999 -9999 -9999 -9999 -9999 -9999 127.893 128.31 128.758 129.169 129.544 129.89 130.209 -9999 -9999 -9999 130.771 130.509 -9999 129.323 128.728 128.194 127.735 127.428 -9999 -9999 126.673 126.435 -9999 -9999 125.747 125.595 125.453 125.305 125.149 124.99 124.809 124.597 124.37 124.16 123.955 123.75 123.552 123.37 123.23 123.129 123.069 123.075 123.177 123.333 123.462 123.572 123.651 123.726 123.795 123.857 123.91 123.951 123.971 124.009 124.152 124.29 124.395
-9999 -9999 -9999 -9999 -9999 -9999 -9999 -9999 -9999 -9999 -9999 -9999 -9999 -9999 -9999 -9999 -9999 -9999 128.594 129.012 129.398 129.752 130.079 -9999 -9999 130.917 131.062 131.178 130.859 130.311 129.714 129.156 128.632 128.211 127.921 127.657 -9999 127.164 126.927 126.693 126.469 126.283 126.143 126.005 125.855 125.692 125.513 125.311 125.09 124.87 124.655 124.461 124.277 124.096 123.926 123.773 123.656 123.597 123.611 123.674 123.736 123.799 123.849 123.902 123.956 124.008 124.055 124.098 124.135 124.159 124.161 124.241 124.342 124.401
-9999 -9999 -9999 -9999 -9999 -9999 -9999 -9999 -9999 -9999 -9999 -9999 -9999 -9999 -9999 -9999 -9999 -9999 128.865 129.27 129.625 129.955 130.262 130.532 130.704 130.886 131.304 131.4 131.219 130.707 130.127 129.585 129.084 128.709 128.42 128.163 127.948 127.742 127.537 127.333 127.125 126.946 126.807 126.665 126.509 126.337 126.149 125.943 125.716 125.471 125.23 125.0 124.8 124.637 124.489 124.362 124.261 124.197 124.162 124.128 124.117 124.12 124.139 124.166 124.194 124.223 124.25 124.276 124.301 124.325 124.339 124.346 124.379 124.385
-9999 -9999 -9999 -9999 -9999 -9999 -9999 -9999 -9999 -9999 -9999 -9999 -9999 -9999 -9999 -9999 -9999 -9999 -9999 129.502 129.846 130.152 130.44 130.697 130.918 131.242 131.427 131.602 131.538 131.11 130.542 130.011 129.559 129.265 129.022 128.803 128.594 128.392 128.198 128.001 127.797 127.62 127.478 127.333 127.175 127.003 126.816 126.61 126.382 126.136 125.887 125.647 125.432 125.241 125.065 124.942 124.865 124.8 124.713 124.623 124.543 124.496 124.466 124.445 124.437 124.436 124.436 124.436 124.435 124.433 124.416 124.373 124.345 124.317
-9999 -9999 -9999 -9999 -9999 -9999 -9999 -9999 -9999 -9999 -9999 -9999 -9999 -9999 -9999 -9999 -9999 -9999 -9999 -9999 -9999 130.304 130.439 130.55 130.549 130.917 131.547 131.753 131.782 131.522 130.985 130.518 130.152 129.897 129.667 129.447 129.234 129.029 128.83 128.636 128.438 128.263 128.118 127.972 127.814 127.643 127.459 127.259 127.038 126.805 126.566 126.334 126.122 125.936 125.761 125.603 125.474 125.34 125.217 125.098 125.005 124.932 124.87 124.815 124.765 124.721 124.679 124.638 124.596 124.548 124.476 124.37 124.319 124.313
-9999 -9999 -9999 -9999 -9999 -9999 -9999 -9999 -9999 -9999 -9999 -9999 -9999 -9999 -9999 -9999 -9999 -9999 -9999 -9999 130.261 130.474 130.705 130.868 131.261 131.64 131.662 131.859 132.015 131.93 131.532 131.093 130.747 130.502 130.272 130.054 129.843 129.638 129.44 129.245 129.053 128.88 128.733 128.588 128.43 128.261 128.081 127.886 127.671 127.448 127.224 127.007 126.795 126.62 126.447 126.277 126.057 125.812 125.577 125.419 125.309 125.216 125.134 125.059 124.99 124.928 124.871 124.821 124.776 124.701 124.583 124.413 124.321 124.326
-9999 -9999 -9999 -9999 -9999 -9999 -9999 -9999 -9999 -9999 -9999 -9999 -9999 -9999 -9999 -9999 -9999 -9999 -9999 130.195 130.45 130.706 130.938 131.244 131.494 131.584 131.633 131.923 132.271 132.294 132.062 131.649 131.322 131.075 130.845 130.628 130.421 130.221 130.026 129.835 129.646 129.476 129.328 129.184 129.027 128.86 128.685 128.493 128.281 128.068 127.856 127.636 127.371 127.152 126.973 126.756 126.505 126.223 125.962 125.72 125.545 125.421 125.316 125.214 125.114 125.019 124.93 124.848 124.77 124.69 124.582 124.441 124.335 124.329
-9999 -9999 -9999 -9999 -9999 -9999 -9999 -9999 -9999 -9999 -9999 -9999 -9999 -9999 -9999 -9999 -9999 -9999 130.142 130.382 130.627 130.852 131.038 131.241 131.523 131.619 131.824 132.157 132.476 132.596 132.474 132.193 131.873 131.623 131.392 131.177 130.974 130.779 130.591 130.406 130.223 130.054 129.906 129.763 129.608 129.443 129.27 129.08 128.865 128.626 128.362 128.093 127.837 127.601 127.386 127.136 126.85 126.574 126.322 126.085 125.853 125.638 125.484 125.349 125.212 125.076 124.945 124.819 124.695 124.567 124.43 124.272 124.176 124.165
-9999 -9999 -9999 -9999 -9999 -9999 -9999 -9999 -9999 -9999 -9999 -9999 -9999 -9999 -9999 -9999 129.801 130.102 130.334 130.564 130.793 131.002 131.192 131.429 131.656 131.899 132.164 132.445 132.666 132.829 132.839 132.623 132.405 132.152 131.92 131.705 131.504 131.315 131.134 130.958 130.784 130.618 130.469 130.329 130.174 130.009 129.832 129.604 129.316 129.022 128.743 128.48 128.237 128.009 127.741 127.453 127.158 126.89 126.646 126.419 126.195 125.953 125.681 125.47 125.288 125.11 124.936 124.767 124.6 124.429 124.249 124.051 123.903 123.816
-9999 -9999 -9999 -9999 -9999 -9999 -9999 -9999 -9999 -9999 -9999 -9999 -9999 -9999 -9999 129.472 130.067 130.299 130.516 -9999 -9999 -9999 -9999 131.561 131.897 132.161 132.407 132.63 132.841 133.035 133.087 132.993 132.848 132.666 132.432 132.217 132.018 131.832 131.658 131.491 131.328 131.169 131.021 130.881 130.725 130.539 130.276 129.967 129.663 129.373 129.1 128.844 128.608 128.35 128.049 127.724 127.432 127.168 126.93 126.714 126.506 126.269 125.97 125.62 125.341 125.113 124.899 124.69 124.483 124.272 124.052 123.815 123.618 123.442
-9999 -9999 -9999 -9999 -9999 -9999 -9999 -9999 -9999 -9999 -9999 -9999 -9999 -9999 -9999 129.646 130.255 130.477 -9999 -9999 -9999 -9999 -9999 131.482 131.857 132.121 132.586 132.801 133.005 133.199 133.298 133.298 133.211 133.104 132.934 132.717 132.517 132.334 132.164 132.005 131.854 131.705 131.566 131.414 131.204 130.91 130.606 130.291 129.989 129.703 129.435 129.184 128.953 128.655 128.305 127.965 127.671 127.406 127.168 126.958 126.771 126.55 126.218 125.822 125.409 125.086 124.828 124.583 124.339 124.091 123.834 123.559 123.286 123.044
-9999 -9999 -9999 -9999 -9999 -9999 -9999 -9999 -9999 -9999 -9999 -9999 -9999 -9999 -9999 -9999 -9999 130.351 -9999 -9999 -9999 -9999 -9999 131.557 131.508 132.01 132.758 132.953 133.099 133.22 133.318 133.336 133.274 133.204 133.103 132.961 132.776 132.615 132.474 132.353 132.249 132.158 132.057 131.843 131.529 131.225 130.911 130.595 130.295 130.013 129.748 129.501 129.235 128.914 128.534 128.182 127.877 127.604 127.356 127.132 126.924 126.689 126.36 125.946 125.514 125.055 124.656 124.303 123.963 123.625 123.283 122.932 122.562 122.237
-9999 -9999 -9999 -9999 -9999 -9999 -9999 -9999 -9999 -9999 -9999 -9999 -9999 -9999 -9999 -9999 -9999 -9999 -9999 -9999 -9999 -9999 -9999 131.308 131.789 132.338 132.718 132.815 132.906 133.005 133.111 133.158 133.168 133.129 133.086 133.017 132.928 132.783 132.662 132.563 132.483 132.398 132.213 131.962 131.72 131.476 131.193 130.88 130.583 130.304 130.041 129.797 129.492 129.126 128.738 128.374 128.051 127.764 127.498 127.246 126.998 126.726 126.36 125.875 125.341 124.788 124.211 123.744 123.339 122.934 122.525 122.104 121.647 121.168
-9999 -9999 -9999 -9999 -9999 -9999 -9999 -9999 -9999 -9999 -9999 -9999 -9999 -9999 -9999 -9999 -9999 -9999 -9999 -9999 -9999 -9999 -9999 -9999 131.104 131.293 132.477 132.561 132.653 132.751 132.857 132.962 133.032 133.028 133.008 132.997 132.959 132.913 132.815 132.721 132.62 132.423 132.196 131.975 131.773 131.559 131.312 131.084 130.853 130.579 130.319 130.067 129.721 129.317 128.921 128.543 128.201 127.894 127.604 127.322 126.966 126.541 126.075 125.549 124.968 124.363 123.732 123.102 122.616 122.168 121.71 121.221 120.618 120.031
-9999 -9999 -9999 -9999 -9999 -9999 -9999 -9999 -9999 -9999 -9999 -9999 -9999 -9999 -9999 -9999 -9999 -9999 -9999 -9999 -9999 -9999 -9999 131.849 131.496 132.157 132.236 132.546 133.266 133.135 132.616 132.742 132.851 132.931 132.918 132.963 133.107 133.062 132.908 132.847 132.636 132.4 132.172 131.959 131.758 131.549 131.345 131.159 130.959 130.775 130.582 130.284 129.916 129.493 129.087 128.696 128.331 128.001 127.61 127.166 126.712 126.204 125.667 125.102 124.508 123.886 123.231 122.539 121.896 121.379 120.831 120.212 119.531 118.893
-9999 -9999 -9999 -9999 -9999 -9999 -9999 -9999 -9999 -9999 -9999 -9999 -9999 -9999 -9999 -9999 -9999 -9999 -9999 -9999 -9999 -9999 -9999 131.618 131.85 131.926 132.007 132.357 132.247 132.084 132.385 132.503 132.655 132.781 132.83 132.836 132.672 132.687 132.883 132.765 132.589 132.383 132.159 131.945 131.732 131.525 131.332 131.156 130.997 130.854 130.694 130.481 130.092 129.658 129.24 128.834 128.399 127.91 127.412 126.879 126.337 125.79 125.227 124.642 124.029 123.387 122.708 121.988 121.19 120.478 119.836 119.137 118.402 117.801
-9999 -9999 -9999 -9999 -9999 -9999 -9999 -9999 -9999 -9999 -9999 -9999 -9999 -9999 -9999 -9999 -9999 -9999 -9999 -9999 -9999 -9999 -9999 131.395 131.625 131.704 131.786 131.767 131.858 132.059 132.16 132.271 132.428 132.601 132.722 132.652 132.669 132.788 132.724 132.581 132.433 132.279 132.124 131.934 131.707 131.498 131.315 131.146 130.994 130.858 130.738 130.527 130.219 129.814 129.382 128.852 128.269 127.686 127.096 126.519 125.946 125.369 124.779 124.17 123.535 122.869 122.142 121.335 120.455 119.539 118.769 118.019 117.329 116.77
-9999 -9999 -9999 -9999 -9999 -9999 -9999 -9999 -9999 -9999 -9999 -9999 -9999 -9999 -9999 -9999 -9999 -9999 -9999 -9999 -9999 -9999 -9999 -9999 131.407 131.488 131.572 131.658 131.747 131.841 131.94 132.046 132.194 132.389 132.551 132.668 132.688 132.657 132.501 132.36 132.229 132.106 131.973 131.807 131.631 131.464 131.295 131.133 130.985 130.853 130.721 130.484 130.177 129.867 129.34 128.712 128.028 127.374 126.755 126.148 125.546 124.939 124.322 123.68 122.983 122.237 121.447 120.59 119.653 118.631 117.698 116.92 116.284 115.801
-9999 -9999 -9999 -9999 -9999 -9999 -9999 -9999 -9999 -9999 -9999 -9999 -9999 -9999 -9999 -9999 -9999 -9999 -9999 -9999 -9999 -9999 -9999 -9999 131.195 131.276 131.362 131.448 131.535 131.626 131.722 131.825 131.961 132.141 132.349 132.5 132.578 132.439 132.287 132.147 132.018 131.895 131.765 131.608 131.453 131.299 131.162 131.047 130.94 130.837 130.689 130.426 130.072 129.608 129.094 128.444 127.738 127.053 126.405 125.764 125.109 124.44 123.756 123.051 122.313 121.523 120.685 119.79 118.823 117.768 116.682 115.865 115.293 114.865
-9999 -9999 -9999 -9999 -9999 -9999 -9999 -9999 -9999 -9999 -9999 -9999 -9999 -9999 -9999 -9999 -9999 -9999 -9999 -9999 -9999 -9999 -9999 130.556 130.926 131.035 131.145 131.24 131.324 131.411 131.504 131.604 131.725 131.889 132.099 132.288 132.323 132.229 132.079 131.942 131.814 131.686 131.534 131.38 131.227 131.081 130.952 130.848 130.755 130.659 130.512 130.228 129.72 129.17 128.57 127.977 127.317 126.608 125.914 125.226 124.535 123.827 123.104 122.357 121.581 120.765 119.901 118.977 117.979 116.898 115.767 114.887 114.362 113.96
-9999 -9999 -9999 -9999 -9999 -9999 -9999 -9999 -9999 -9999 -9999 -9999 -9999 -9999 -9999 -9999 -9999 -9999 -9999 -9999 -9999 -9999 -9999 130.311 130.501 130.629 130.757 130.88 131.0 131.128 131.261 131.379 131.489 131.641 131.841 131.997 132.0 131.956 131.878 131.743 131.612 131.464 131.311 131.16 131.009 130.859 130.721 130.6 130.505 130.413 130.237 129.816 129.181 128.559 127.943 127.33 126.715 126.051 125.342 124.619 123.894 123.161 122.411 121.639 120.836 119.994 119.102 118.148 117.124 116.063 114.934 113.995 113.471 113.083
-9999 -9999 -9999 -9999 -9999 -9999 -9999 -9999 -9999 -9999 -9999 -9999 -9999 -9999 -9999 -9999 -9999 -9999 -9999 -9999 -9999 -9999 -9999 129.886 130.021 130.158 130.302 130.44 130.574 130.722 130.873 131.026 131.191 131.383 131.561 131.633 131.637 131.637 131.605 131.537 131.375 131.212 131.059 130.912 130.769 130.63 130.495 130.369 130.253 130.146 129.851 129.218 128.57 127.932 127.298 126.663 126.023 125.405 124.732 123.994 123.242 122.482 121.705 120.906 120.076 119.206 118.285 117.308 116.304 115.244 114.12 113.146 112.601 112.232
-9999 -9999 -9999 -9999 -9999 -9999 -9999 -9999 -9999 -9999 -9999 -9999 -9999 -9999 -9999 -9999 -9999 -9999 -9999 -9999 -9999 -9999 129.19 129.401 129.541 129.683 129.828 129.965 130.105 130.254 130.42 130.598 130.79 130.988 131.151 131.183 131.172 131.153 131.137 131.069 130.978 130.832 130.683 130.541 130.403 130.269 130.136 130.012 129.907 129.745 129.253 128.634 127.972 127.317 126.662 126.003 125.337 124.693 124.075 123.353 122.575 121.787 120.983 120.155 119.297 118.397 117.46 116.502 115.497 114.44 113.37 112.408 111.789 111.404
-9999 -9999 -9999 -9999 -9999 -9999 -9999 -9999 -9999 -9999 -9999 -9999 -9999 -9999 -9999 -9999 -9999 -9999 -9999 -9999 -9999 128.48 128.777 128.915 129.056 129.201 129.346 129.489 129.633 129.787 129.953 130.121 130.264 130.41 130.476 130.49 130.531 130.564 130.539 130.505 130.447 130.378 130.272 130.133 129.996 129.859 129.727 129.604 129.448 129.065 128.552 127.945 127.319 126.693 126.031 125.347 124.654 123.983 123.339 122.669 121.89 121.072 120.239 119.382 118.494 117.589 116.666 115.706 114.7 113.619 112.62 111.74 111.042 110.597
-9999 -9999 -9999 -9999 -9999 -9999 -9999 -9999 -9999 -9999 -9999 -9999 -9999 -9999 -9999 -9999 -9999 -9999 -9999 127.584 127.903 128.128 128.276 128.419 128.564 128.712 128.86 129.009 129.159 129.294 129.394 129.492 129.609 129.707 129.712 129.731 129.808 129.855 129.897 129.911 129.889 129.855 129.8 129.726 129.6 129.46 129.321 129.168 128.843 128.37 127.826 127.199 126.569 125.914 125.237 124.54 123.813 123.095 122.409 121.719 120.98 120.161 119.321 118.47 117.626 116.768 115.873 114.913 113.884 112.821 111.883 111.078 110.316 109.787
