Validation/Results/ReClimate_11_2023_1_Precipitation-Actualsweatherlogisticsltd.asc
NCOLS 192
NROWS 249
XLLCENTER -225160.85627316462
YLLCENTER 29788.11610251502
CELLSIZE 5000.0
NODATA_VALUE -9999
[rows 66 to 98 of 249, columns 74 to 147 of 192]
-9999 -9999 -9999 -9999 -9999 -9999 -9999 -9999 -9999 -9999 -9999 173.033 -9999 194.513 248.756 283.297 279.219 306.527 259.937 244.473 201.891 174.424 142.437 153.397 161.798 146.716 145.858 146.964 143.715 144.252 122.321 110.21 -9999 -9999 -9999 -9999 -9999 -9999 -9999 -9999 -9999 -9999 -9999 -9999 -9999 -9999 -9999 -9999 -9999 -9999 -9999 -9999 -9999 -9999 -9999 -9999 -9999 -9999 -9999 -9999 -9999 -9999 -9999 -9999 -9999 -9999 -9999 -9999 -9999 -9999 -9999 -9999 -9999 -9999
-9999 -9999 -9999 -9999 -9999 -9999 -9999 -9999 -9999 -9999 -9999 -9999 181.466 242.74 251.703 255.782 261.646 254.615 248.125 232.073 198.923 171.349 155.57 147.883 143.272 134.942 137.616 138.124 139.504 119.5 -9999 -9999 -9999 -9999 -9999 -9999 -9999 -9999 -9999 -9999 -9999 -9999 -9999 -9999 -9999 -9999 -9999 -9999 -9999 -9999 -9999 -9999 -9999 -9999 -9999 -9999 -9999 -9999 -9999 -9999 -9999 -9999 -9999 -9999 -9999 -9999 -9999 -9999 -9999 -9999 -9999 -9999 -9999 -9999
-9999 -9999 -9999 -9999 -9999 -9999 -9999 -9999 -9999 -9999 -9999 -9999 216.944 252.611 244.568 224.997 235.315 243.479 221.426 204.216 182.324 157.38 143.596 133.436 139.814 135.199 119.648 121.966 110.756 91.182 -9999 -9999 -9999 -9999 -9999 -9999 -9999 -9999 -9999 -9999 -9999 -9999 -9999 -9999 -9999 -9999 -9999 -9999 -9999 -9999 -9999 -9999 -9999 -9999 -9999 -9999 -9999 -9999 -9999 -9999 -9999 -9999 -9999 -9999 -9999 -9999 -9999 -9999 -9999 -9999 -9999 -9999 -9999 -9999
-9999 -9999 -9999 -9999 -9999 -9999 -9999 -9999 -9999 -9999 -9999 -9999 -9999 -9999 214.677 222.675 232.954 213.638 205.044 208.856 194.091 163.941 134.808 128.101 138.512 122.905 106.7 85.176 -9999 -9999 -9999 -9999 -9999 -9999 -9999 -9999 -9999 -9999 -9999 -9999 -9999 -9999 -9999 -9999 -9999 -9999 -9999 -9999 -9999 -9999 -9999 -9999 -9999 -9999 -9999 -9999 -9999 -9999 -9999 -9999 -9999 -9999 -9999 -9999 -9999 -9999 -9999 -9999 -9999 -9999 -9999 -9999 -9999 -9999
-9999 -9999 -9999 -9999 -9999 -9999 -9999 -9999 198.582 -9999 -9999 215.855 233.307 230.959 220.23 251.002 234.8 224.791 227.293 221.494 188.847 156.166 122.31 125.814 122.348 121.872 97.792 87.069 -9999 -9999 -9999 -9999 -9999 -9999 -9999 -9999 -9999 -9999 -9999 -9999 -9999 -9999 -9999 -9999 -9999 -9999 -9999 -9999 -9999 -9999 -9999 -9999 -9999 -9999 -9999 -9999 -9999 -9999 -9999 -9999 -9999 -9999 -9999 -9999 -9999 -9999 -9999 -9999 -9999 -9999 -9999 -9999 -9999 -9999
-9999 -9999 -9999 -9999 -9999 -9999 201.593 199.465 210.024 214.061 234.06 243.14 278.77 300.134 292.657 229.795 257.247 267.793 262.876 234.739 193.11 179.583 171.384 122.591 113.384 99.757 85.674 70.895 -9999 -9999 -9999 -9999 -9999 -9999 -9999 -9999 -9999 -9999 -9999 -9999 -9999 -9999 -9999 -9999 -9999 -9999 -9999 -9999 -9999 -9999 -9999 -9999 -9999 -9999 -9999 -9999 -9999 -9999 -9999 -9999 -9999 -9999 -9999 -9999 -9999 -9999 -9999 -9999 -9999 -9999 -9999 -9999 -9999 -9999
-9999 -9999 -9999 -9999 -9999 -9999 204.101 214.943 -9999 236.823 266.475 288.182 308.678 350.011 268.437 268.386 288.702 307.482 319.319 261.526 236.542 234.276 181.18 149.88 138.974 105.094 88.684 -9999 63.358 -9999 -9999 -9999 -9999 -9999 -9999 -9999 -9999 -9999 -9999 -9999 -9999 -9999 -9999 -9999 -9999 -9999 -9999 -9999 -9999 -9999 -9999 -9999 -9999 -9999 -9999 -9999 -9999 -9999 -9999 -9999 -9999 -9999 -9999 -9999 -9999 -9999 -9999 -9999 -9999 -9999 -9999 -9999 -9999 -9999
-9999 -9999 -9999 -9999 -9999 -9999 -9999 233.121 247.211 262.295 300.313 302.915 352.323 314.003 285.239 269.582 261.196 279.75 284.986 240.371 231.178 221.78 172.891 153.088 123.186 101.511 92.495 69.909 64.316 -9999 -9999 -9999 -9999 -9999 -9999 -9999 -9999 -9999 -9999 -9999 -9999 -9999 -9999 -9999 -9999 -9999 -9999 -9999 -9999 -9999 -9999 -9999 -9999 -9999 -9999 -9999 -9999 -9999 -9999 -9999 -9999 -9999 -9999 -9999 -9999 -9999 -9999 -9999 -9999 -9999 -9999 -9999 -9999 -9999
205.932 -9999 -9999 -9999 -9999 -9999 -9999 -9999 249.589 274.663 305.971 379.106 368.213 357.047 319.414 310.426 297.887 260.062 232.323 214.123 230.731 205.287 175.087 147.986 107.01 91.575 70.201 67.422 70.91 -9999 -9999 -9999 -9999 -9999 -9999 -9999 -9999 -9999 -9999 -9999 -9999 -9999 -9999 -9999 -9999 -9999 -9999 -9999 -9999 -9999 -9999 -9999 -9999 -9999 -9999 -9999 -9999 -9999 -9999 -9999 -9999 -9999 -9999 -9999 -9999 -9999 -9999 -9999 -9999 -9999 -9999 -9999 -9999 -9999
227.934 -9999 -9999 -9999 -9999 -9999 239.931 251.286 282.913 306.355 344.393 356.352 392.31 374.437 342.005 331.481 280.182 255.56 239.869 204.809 208.35 224.013 173.638 116.186 88.742 70.787 -9999 73.133 -9999 -9999 -9999 -9999 -9999 -9999 64.884 66.331 65.334 -9999 -9999 -9999 -9999 -9999 -9999 -9999 -9999 -9999 -9999 -9999 -9999 -9999 -9999 -9999 -9999 -9999 -9999 -9999 -9999 -9999 -9999 -9999 -9999 -9999 -9999 -9999 -9999 -9999 -9999 -9999 -9999 -9999 -9999 -9999 -9999 -9999
235.841 221.248 -9999 -9999 -9999 -9999 -9999 271.768 292.697 333.924 350.561 381.443 362.325 349.709 325.451 322.62 269.348 233.735 195.898 196.65 218.996 182.274 134.593 105.279 92.334 82.078 77.307 -9999 -9999 -9999 -9999 58.481 58.809 59.614 61.557 65.606 65.582 62.766 63.156 72.273 82.219 84.374 75.047 68.421 71.38 78.598 85.217 86.747 85.233 84.443 82.692 82.003 83.874 -9999 -9999 -9999 -9999 -9999 -9999 -9999 -9999 -9999 -9999 -9999 -9999 -9999 -9999 -9999 -9999 -9999 -9999 -9999 -9999 -9999
282.871 286.163 -9999 -9999 -9999 246.772 -9999 265.817 268.598 317.615 399.39 398.658 349.032 306.328 313.628 283.043 260.802 229.798 213.037 185.779 154.847 141.781 115.407 100.276 100.752 85.784 -9999 -9999 -9999 -9999 64.038 62.277 63.205 66.578 72.888 67.114 68.81 72.991 70.067 91.826 91.675 89.954 80.903 75.038 79.544 81.276 83.209 85.056 85.023 86.097 94.495 94.77 84.824 -9999 -9999 -9999 -9999 -9999 -9999 -9999 -9999 -9999 -9999 -9999 -9999 -9999 -9999 -9999 -9999 -9999 -9999 -9999 -9999 -9999
295.707 295.977 -9999 -9999 -9999 252.992 259.559 262.676 321.817 383.33 398.607 396.693 330.628 326.731 305.687 273.932 239.611 223.592 223.408 185.188 168.981 128.592 101.072 105.272 90.288 -9999 -9999 70.882 69.892 69.258 67.833 69.761 68.612 72.407 79.45 85.734 92.287 82.588 86.201 87.198 85.01 82.834 83.143 89.704 82.202 82.929 84.664 86.886 81.481 90.888 100.372 96.686 88.423 86.982 -9999 -9999 -9999 -9999 -9999 -9999 -9999 -9999 -9999 -9999 -9999 -9999 -9999 -9999 -9999 -9999 -9999 -9999 -9999 -9999
276.617 276.337 -9999 254.43 -9999 231.276 242.374 326.299 381.536 359.924 400.653 376.526 357.461 340.743 313.443 300.739 273.755 250.589 222.331 204.246 159.078 126.422 91.998 82.798 79.317 -9999 86.173 86.166 77.632 73.745 72.597 72.452 84.993 93.482 97.859 107.143 99.215 90.016 94.287 95.938 95.288 89.848 85.912 83.287 86.852 86.183 88.549 89.38 92.115 100.467 98.147 97.269 87.911 83.911 -9999 -9999 -9999 -9999 -9999 -9999 -9999 -9999 -9999 -9999 -9999 -9999 -9999 -9999 -9999 -9999 -9999 -9999 -9999 -9999
265.862 -9999 254.315 -9999 -9999 -9999 308.79 436.856 363.652 351.516 311.017 325.857 328.166 322.716 328.255 312.469 305.388 274.462 241.179 192.958 157.255 115.003 98.143 107.427 90.712 88.985 101.456 106.872 110.301 99.667 89.658 97.009 104.102 112.169 109.565 91.803 89.139 87.36 88.514 100.345 95.462 96.98 94.684 85.561 88.648 101.924 103.005 94.138 95.934 94.903 98.647 95.157 92.232 87.98 -9999 -9999 -9999 -9999 -9999 -9999 -9999 -9999 -9999 -9999 -9999 -9999 -9999 -9999 -9999 -9999 -9999 -9999 -9999 -9999
279.282 271.168 -9999 -9999 -9999 -9999 346.49 339.601 312.035 -9999 298.368 321.85 333.699 321.03 316.299 306.626 260.772 241.688 231.311 202.012 176.325 144.745 139.096 130.974 95.024 105.195 106.637 126.195 142.256 127.235 97.387 89.947 109.709 118.808 96.224 93.07 104.743 91.992 109.507 107.046 96.262 103.557 94.836 83.506 102.649 100.171 95.7 90.239 92.524 89.87 94.847 93.596 88.56 86.032 -9999 -9999 -9999 -9999 -9999 -9999 -9999 -9999 -9999 -9999 -9999 -9999 -9999 -9999 -9999 -9999 -9999 -9999 -9999 -9999
340.171 352.782 -9999 -9999 -9999 279.224 -9999 -9999 256.756 266.083 308.787 356.358 366.598 350.969 350.477 305.569 287.604 250.086 206.371 182.798 168.595 155.272 151.495 98.93 105.237 109.859 136.032 137.535 137.961 137.099 101.643 96.813 103.545 97.305 94.257 110.292 106.24 108.005 110.957 104.064 114.136 104.683 87.485 98.417 91.497 89.878 91.048 97.071 87.664 86.116 88.939 88.606 85.352 -9999 -9999 -9999 -9999 -9999 -9999 -9999 -9999 -9999 -9999 -9999 -9999 -9999 -9999 -9999 -9999 -9999 -9999 -9999 -9999 -9999
399.973 411.631 343.355 290.282 -9999 -9999 -9999 290.369 257.149 -9999 314.432 330.401 347.011 363.097 348.29 341.978 286.252 206.478 194.783 183.198 177.704 161.529 124.457 129.221 122.167 138.803 135.754 131.887 140.854 127.291 97.697 92.034 83.879 91.123 117.926 108.881 117.205 137.732 117.361 113.538 113.391 91.652 91.475 88.12 87.546 83.061 90.135 90.208 89.46 84.451 85.514 83.7 -9999 -9999 -9999 -9999 -9999 -9999 -9999 -9999 -9999 -9999 -9999 -9999 -9999 -9999 -9999 -9999 -9999 -9999 -9999 -9999 -9999 -9999
385.387 395.48 346.577 307.341 -9999 292.865 301.096 302.135 308.253 344.387 341.727 351.703 385.241 395.645 349.943 290.748 265.153 246.22 235.266 224.453 198.066 163.446 146.873 147.723 168.901 163.56 139.468 135.027 128.186 90.784 88.668 91.231 94.445 105.022 85.541 94.066 117.427 129.278 133.79 133.543 129.564 102.515 103.996 98.553 102.993 111.435 90.885 86.272 91.402 91.398 84.118 79.847 -9999 -9999 -9999 -9999 -9999 -9999 -9999 -9999 -9999 -9999 -9999 -9999 -9999 -9999 -9999 -9999 -9999 -9999 -9999 -9999 -9999 -9999
342.732 348.041 316.534 289.741 284.607 281.927 314.498 -9999 308.819 358.068 409.667 451.516 426.934 398.396 346.032 357.356 318.767 279.027 239.278 207.073 182.416 158.659 151.123 183.608 199.01 167.447 157.945 158.851 120.725 120.786 94.341 89.585 89.392 90.097 95.405 98.69 121.641 145.132 134.626 124.594 114.528 100.134 92.317 84.869 93.844 86.312 79.811 83.741 87.349 84.868 80.767 -9999 -9999 -9999 -9999 -9999 -9999 -9999 -9999 -9999 -9999 -9999 -9999 -9999 -9999 -9999 -9999 -9999 -9999 -9999 -9999 -9999 -9999 -9999
332.614 -9999 -9999 -9999 261.117 300.955 -9999 303.272 352.55 429.975 478.555 452.284 462.608 428.955 420.011 393.531 309.496 240.41 236.326 234.156 184.362 170.609 190.881 224.465 225.951 214.019 207.368 159.749 159.624 127.141 105.731 120.323 109.846 133.383 125.676 129.705 136.586 127.975 103.768 103.972 100.066 104.668 97.455 82.187 90.569 87.874 83.362 83.639 88.402 86.506 77.983 -9999 -9999 -9999 -9999 -9999 -9999 -9999 -9999 -9999 -9999 -9999 -9999 -9999 -9999 -9999 -9999 -9999 -9999 -9999 -9999 -9999 -9999 -9999
-9999 -9999 -9999 243.244 290.458 -9999 279.053 313.704 -9999 414.586 407.839 451.958 448.013 459.909 419.542 363.049 327.996 293.557 243.993 207.448 218.433 207.116 225.011 266.403 267.029 247.553 205.398 159.55 122.133 102.392 119.391 127.35 155.832 166.236 150.051 129.172 129.011 114.482 112.405 99.951 100.098 104.065 88.196 91.367 98.212 92.14 89.537 87.404 101.424 91.173 78.287 -9999 -9999 -9999 -9999 -9999 -9999 -9999 -9999 -9999 -9999 -9999 -9999 -9999 -9999 -9999 -9999 -9999 -9999 -9999 -9999 -9999 -9999 -9999
-9999 -9999 -9999 238.938 -9999 -9999 289.521 325.468 377.6 384.313 442.671 465.274 439.92 389.592 361.26 309.887 274.926 240.276 242.415 264.79 267.897 264.368 282.262 288.743 268.975 219.407 150.592 118.387 124.027 155.841 171.82 227.257 236.783 206.474 181.042 169.901 141.698 122.921 107.511 99.114 86.438 87.758 87.793 92.225 104.394 123.097 98.732 93.276 89.749 85.188 78.456 -9999 -9999 -9999 -9999 -9999 -9999 -9999 -9999 -9999 -9999 -9999 -9999 -9999 -9999 -9999 -9999 -9999 -9999 -9999 -9999 -9999 -9999 -9999
-9999 -9999 -9999 -9999 -9999 -9999 -9999 353.069 372.707 374.378 448.722 456.977 401.937 402.86 358.466 318.155 310.098 316.562 319.613 302.009 298.922 266.695 249.277 243.932 226.675 170.566 124.606 127.527 152.585 184.805 234.197 227.351 229.791 209.332 193.972 169.311 144.826 127.935 114.655 89.351 80.596 89.065 84.048 88.825 110.074 99.199 90.551 86.553 90.172 87.221 -9999 -9999 -9999 -9999 -9999 -9999 -9999 -9999 -9999 -9999 -9999 -9999 -9999 -9999 -9999 -9999 -9999 -9999 -9999 -9999 -9999 -9999 -9999 -9999
-9999 -9999 -9999 -9999 -9999 234.201 276.556 -9999 374.357 399.059 463.518 417.861 381.566 361.287 348.171 370.177 369.733 341.501 291.07 292.328 278.411 260.7 220.315 199.646 166.23 134.556 153.436 163.147 188.17 222.119 214.767 207.289 158.013 162.241 151.577 120.215 118.685 122.984 127.255 120.069 111.072 111.924 122.996 113.441 92.93 103.722 110.601 106.861 97.992 84.964 -9999 -9999 -9999 -9999 -9999 -9999 -9999 -9999 -9999 -9999 -9999 -9999 -9999 -9999 -9999 -9999 -9999 -9999 -9999 -9999 -9999 -9999 -9999 -9999
-9999 -9999 -9999 -9999 223.378 223.562 291.929 341.099 402.282 453.422 453.916 427.248 367.489 327.311 337.392 329.771 323.333 334.958 323.759 333.883 323.89 233.473 224.541 187.28 166.687 161.738 180.527 196.274 204.563 201.41 203.358 166.736 148.397 147.694 165.184 163.57 165.462 155.998 150.043 164.692 174.419 169.112 156.911 135.381 139.154 136.064 119.532 102.301 91.295 -9999 -9999 -9999 -9999 -9999 -9999 -9999 -9999 -9999 -9999 -9999 -9999 -9999 -9999 -9999 -9999 -9999 -9999 -9999 -9999 -9999 -9999 -9999 -9999 -9999
-9999 -9999 -9999 -9999 212.74 -9999 280.174 321.956 379.299 448.545 442.361 348.344 329.107 341.21 292.234 277.177 288.622 296.16 317.511 304.911 244.104 247.348 250.474 220.157 196.554 227.194 206.473 199.293 222.611 230.543 219.51 197.834 177.336 192.907 196.907 205.519 205.715 163.005 180.716 180.239 149.012 156.385 165.088 150.957 142.306 121.494 100.863 97.745 88.758 -9999 -9999 -9999 -9999 -9999 -9999 -9999 -9999 -9999 -9999 -9999 -9999 -9999 -9999 -9999 -9999 -9999 -9999 -9999 -9999 -9999 -9999 -9999 -9999 -9999
-9999 -9999 -9999 -9999 -9999 -9999 311.075 349.472 370.446 413.368 359.019 294.759 306.149 288.156 257.192 261.231 275.62 312.404 286.812 295.562 280.338 289.254 254.208 215.606 231.882 248.361 226.342 234.188 217.841 230.908 209.297 199.293 229.851 224.963 223.728 247.248 230.837 227.237 218.34 186.014 165.479 157.023 138.807 136.947 130.712 114.612 93.197 87.306 79.336 -9999 -9999 -9999 -9999 -9999 -9999 -9999 -9999 -9999 -9999 -9999 -9999 -9999 -9999 -9999 -9999 -9999 -9999 -9999 -9999 -9999 -9999 -9999 -9999 -9999
-9999 -9999 -9999 -9999 254.435 272.606 310.714 329.531 353.187 388.691 334.415 344.803 354.272 -9999 313.343 385.2 395.481 372.051 356.117 359.281 337.831 314.912 290.169 261.117 242.319 228.501 213.396 187.413 185.926 198.581 182.169 215.204 202.423 200.173 191.835 215.739 230.693 216.012 182.649 183.271 168.041 144.177 151.856 126.074 110.885 92.081 84.963 86.285 64.15 -9999 -9999 -9999 -9999 -9999 -9999 -9999 -9999 -9999 -9999 -9999 -9999 -9999 -9999 -9999 -9999 -9999 -9999 -9999 -9999 -9999 -9999 -9999 -9999 -9999
237.66 209.225 216.767 246.762 -9999 274.409 303.612 332.29 376.717 377.237 369.405 369.083 -9999 355.423 402.176 418.088 459.677 404.482 366.442 330.036 335.905 312.147 293.234 254.648 220.738 198.687 177.21 145.159 156.474 149.861 180.339 182.031 183.128 172.815 162.879 175.264 181.612 166.248 169.399 164.077 148.464 141.045 113.038 102.17 89.596 83.607 88.549 70.433 -9999 -9999 -9999 -9999 -9999 -9999 -9999 -9999 -9999 -9999 -9999 -9999 -9999 -9999 -9999 -9999 -9999 -9999 -9999 -9999 -9999 -9999 -9999 -9999 -9999 -9999
206.655 212.239 232.881 271.525 284.152 -9999 306.337 337.315 341.417 366.907 351.858 330.765 325.687 372.195 391.658 400.62 426.456 390.894 352.542 316.421 289.7 252.75 240.632 209.638 196.87 204.64 151.575 147.241 129.508 137.797 151.071 170.584 152.97 135.172 141.891 164.17 153.477 147.749 135.136 141.987 120.792 96.077 91.117 90.462 83.953 80.001 -9999 -9999 -9999 -9999 -9999 -9999 -9999 -9999 -9999 -9999 -9999 -9999 -9999 -9999 -9999 -9999 -9999 -9999 -9999 -9999 -9999 -9999 -9999 -9999 -9999 -9999 -9999 -9999
-9999 -9999 -9999 264.521 -9999 306.544 327.919 343.097 386.187 380.364 -9999 -9999 365.417 376.333 388.364 422.915 394.014 385.888 338.394 295.352 213.925 191.694 180.801 173.27 183.43 170.652 167.393 138.624 138.89 136.266 142.429 146.553 136.244 125.16 137.71 141.357 136.617 121.669 119.169 108.847 95.109 84.498 76.772 84.066 78.62 -9999 -9999 -9999 -9999 -9999 -9999 -9999 -9999 -9999 -9999 -9999 -9999 -9999 -9999 -9999 -9999 -9999 -9999 -9999 -9999 -9999 -9999 -9999 -9999 -9999 -9999 -9999 -9999 -9999
227.458 241.79 -9999 271.844 313.073 310.136 333.942 361.842 376.27 -9999 -9999 363.754 411.882 433.249 446.344 389.828 373.686 358.082 320.732 258.975 221.13 209.555 217.613 207.427 218.924 237.215 198.789 165.199 157.756 136.711 131.784 121.306 126.678 128.786 125.203 119.719 110.324 93.768 89.204 83.867 81.864 71.045 71.922 75.806 78.35 72.646 -9999 -9999 -9999 -9999 -9999 -9999 -9999 -9999 -9999 -9999 -9999 -9999 -9999 -9999 -9999 -9999 -9999 -9999 -9999 -9999 -9999 -9999 -9999 -9999 -9999 -9999 -9999 -9999
