Validation/Results/ReClimate_06_2024_1_Temperature.asc
NCOLS 192
NROWS 249
XLLCENTER -225160.85627316462
YLLCENTER 29788.11610251502
CELLSIZE 5000.0
NODATA_VALUE -9999
[rows 170 to 203 of 249, columns 77 to 153 of 192]
-9999 -9999 -9999 -9999 -9999 -9999 -9999 -9999 -9999 -9999 -9999 -9999 -9999 -9999 -9999 0.467 0.484 -9999 -9999 -9999 -9999 -9999 -9999 -9999 -9999 -9999 -9999 -9999 -9999 -9999 -9999 -9999 -9999 -9999 0.721 0.728 0.743 0.758 0.768 0.778 0.779 0.776 0.794 0.812 0.811 0.807 0.811 0.814 0.805 0.791 0.797 0.803 0.818 0.836 0.833 0.829 0.835 0.841 0.841 0.839 0.848 0.857 0.854 0.848 0.848 0.846 0.862 0.88 0.878 0.873 0.883 0.895 0.883 0.867 0.889 0.915 0.917
-9999 -9999 -9999 -9999 -9999 -9999 -9999 -9999 -9999 -9999 -9999 -9999 -9999 -9999 -9999 0.514 0.532 0.539 -9999 -9999 -9999 -9999 -9999 -9999 -9999 -9999 -9999 -9999 -9999 -9999 -9999 -9999 -9999 0.718 0.719 0.728 0.739 0.744 0.756 0.774 0.777 0.781 0.797 0.809 0.811 0.813 0.816 0.816 0.809 0.808 0.806 0.808 0.826 0.846 0.837 0.828 0.837 0.844 0.848 0.85 0.842 0.841 0.845 0.844 0.851 0.854 0.864 0.878 0.878 0.874 0.883 0.894 0.9 0.896 0.898 0.912 0.906
-9999 -9999 -9999 -9999 -9999 -9999 -9999 -9999 -9999 -9999 -9999 -9999 -9999 -9999 0.496 0.534 0.546 0.554 0.565 -9999 -9999 -9999 -9999 -9999 -9999 -9999 -9999 -9999 -9999 -9999 0.712 -9999 -9999 0.714 0.722 0.726 0.731 0.736 -9999 0.77 0.776 0.781 0.793 0.805 0.811 0.814 0.815 0.814 0.813 0.811 0.81 0.806 0.825 0.846 0.838 0.825 0.833 0.841 0.846 0.851 0.844 0.834 0.838 0.841 0.849 0.856 0.866 0.877 0.876 0.873 0.883 0.893 0.899 0.905 0.908 0.909 0.902
-9999 -9999 -9999 -9999 -9999 -9999 -9999 -9999 -9999 -9999 -9999 -9999 -9999 -9999 0.489 0.507 0.527 0.567 0.579 0.587 0.594 -9999 -9999 -9999 0.632 0.643 -9999 0.673 0.686 0.703 0.711 0.726 -9999 -9999 0.74 0.745 -9999 -9999 0.77 0.765 0.773 0.785 0.795 0.803 0.81 0.815 0.815 0.81 0.813 0.814 0.819 0.821 0.826 0.84 0.837 0.827 0.834 0.842 0.851 0.858 0.863 0.86 0.855 0.853 0.855 0.86 0.862 0.867 0.873 0.873 0.877 0.884 0.89 0.896 0.906 0.91 0.903
-9999 -9999 -9999 -9999 -9999 -9999 -9999 -9999 -9999 -9999 -9999 -9999 -9999 -9999 -9999 0.496 0.532 0.571 0.583 0.592 -9999 -9999 0.602 0.617 0.626 0.635 0.65 0.662 0.679 0.697 0.712 0.728 0.736 -9999 0.744 0.75 0.759 0.767 0.765 0.76 0.772 0.783 0.792 0.799 0.806 0.812 0.81 0.806 0.809 0.812 0.818 0.824 0.83 0.835 0.832 0.825 0.833 0.84 0.849 0.858 0.863 0.867 0.863 0.856 0.859 0.86 0.862 0.863 0.869 0.873 0.877 0.88 0.886 0.892 0.901 0.909 0.903
-9999 -9999 -9999 -9999 -9999 -9999 -9999 -9999 -9999 -9999 -9999 -9999 -9999 -9999 -9999 0.509 0.543 0.562 0.575 0.588 0.593 0.599 0.615 0.628 0.638 0.647 0.66 0.665 0.688 0.713 0.726 0.729 0.74 0.748 0.757 0.763 0.769 0.767 0.767 0.768 0.778 0.784 0.791 0.796 0.805 0.815 0.811 0.799 0.802 0.805 0.813 0.821 0.824 0.828 0.831 0.829 0.832 0.838 0.856 0.871 0.872 0.873 0.869 0.862 0.863 0.863 0.876 0.883 0.885 0.887 0.893 0.898 0.898 0.9 0.906 0.913 0.911
-9999 -9999 -9999 -9999 -9999 -9999 -9999 -9999 -9999 -9999 -9999 -9999 -9999 -9999 -9999 -9999 0.539 0.556 0.571 0.584 0.593 0.6 0.615 0.629 0.639 0.648 0.656 0.663 0.689 0.716 0.723 0.728 0.741 0.752 0.761 0.767 0.768 0.765 0.769 0.771 0.777 0.783 0.789 0.794 0.805 0.815 0.806 0.794 0.799 0.801 0.809 0.818 0.821 0.823 0.826 0.829 0.833 0.836 0.853 0.873 0.875 0.873 0.87 0.863 0.864 0.863 0.875 0.889 0.892 0.892 0.898 0.904 0.904 0.902 0.909 0.915 0.913
-9999 -9999 -9999 -9999 -9999 -9999 -9999 -9999 -9999 -9999 -9999 -9999 -9999 -9999 -9999 -9999 -9999 -9999 0.572 0.585 0.596 0.607 0.618 0.621 0.629 0.635 0.648 0.669 0.692 0.705 0.714 0.724 0.736 0.743 0.755 0.773 0.774 0.771 0.776 0.781 0.789 0.794 0.8 0.804 0.813 0.817 0.81 0.803 0.804 0.794 0.805 0.815 0.816 0.818 0.822 0.826 0.835 0.841 0.843 0.854 0.863 0.867 0.864 0.857 0.861 0.862 0.87 0.881 0.884 0.885 0.897 0.906 0.912 0.913 0.915 0.919 0.913
-9999 -9999 -9999 -9999 -9999 -9999 -9999 -9999 -9999 -9999 -9999 -9999 -9999 -9999 -9999 -9999 -9999 0.555 0.569 0.583 0.595 0.607 0.612 0.615 0.621 0.627 0.648 0.672 0.686 0.699 0.711 0.721 0.73 0.737 0.755 0.772 0.774 0.772 0.778 0.784 0.791 0.797 0.802 0.806 0.811 0.815 0.811 0.805 0.799 0.79 0.802 0.813 0.815 0.816 0.821 0.825 0.833 0.842 0.845 0.847 0.856 0.864 0.861 0.855 0.859 0.861 0.869 0.877 0.882 0.883 0.895 0.907 0.913 0.917 0.92 0.92 0.914
-9999 -9999 -9999 -9999 -9999 -9999 -9999 -9999 -9999 -9999 -9999 -9999 -9999 -9999 -9999 -9999 0.543 0.558 0.564 0.556 0.564 0.568 0.576 0.596 0.606 0.623 0.646 0.675 0.682 0.674 0.691 0.721 0.731 0.741 0.755 0.758 0.766 0.784 0.791 0.796 0.801 0.797 0.802 0.804 0.808 0.805 0.806 0.812 0.815 0.831 0.828 0.832 0.832 0.833 0.832 0.833 0.831 0.834 0.839 0.842 0.853 0.864 0.863 0.859 0.863 0.866 0.869 0.874 0.881 0.885 0.903 0.919 0.92 0.923 0.916 0.91 0.914
-9999 -9999 -9999 -9999 -9999 -9999 -9999 -9999 -9999 -9999 -9999 -9999 -9999 -9999 -9999 0.536 0.546 0.556 0.551 0.542 0.547 0.55 0.568 0.589 0.606 0.622 0.647 0.674 0.671 0.663 0.69 0.719 0.731 0.74 0.747 0.75 0.768 0.787 0.793 0.799 0.799 0.795 0.799 0.802 0.802 0.8 0.807 0.814 0.828 0.844 0.843 0.839 0.84 0.84 0.839 0.836 0.835 0.831 0.836 0.84 0.852 0.863 0.863 0.861 0.865 0.868 0.872 0.875 0.881 0.887 0.904 0.923 0.925 0.924 0.918 0.906 0.91
-9999 -9999 -9999 -9999 -9999 -9999 -9999 -9999 -9999 -9999 -9999 -9999 -9999 0.512 0.527 0.547 0.554 0.564 0.558 0.549 0.553 0.558 0.577 0.59 0.609 0.636 0.644 0.622 0.627 0.648 0.677 0.714 0.727 0.741 0.751 0.766 0.781 0.787 0.795 0.801 0.802 0.799 0.803 0.803 0.808 0.818 0.824 0.824 0.836 0.84 0.842 0.84 0.85 0.855 0.852 0.849 0.85 0.848 0.844 0.844 0.853 0.864 0.865 0.863 0.868 0.872 0.879 0.885 0.9 0.912 0.917 0.928 0.922 0.916 0.91 0.901 -9999
-9999 -9999 -9999 -9999 -9999 -9999 -9999 -9999 -9999 -9999 -9999 -9999 0.513 0.517 0.533 0.546 -9999 -9999 -9999 -9999 0.565 0.564 0.578 0.59 0.614 0.641 0.624 0.602 0.621 0.642 0.674 0.71 0.724 0.738 0.754 0.77 0.779 0.785 0.793 0.8 0.801 0.799 0.802 0.802 0.813 0.824 0.827 0.827 0.833 0.837 0.839 0.84 0.85 0.86 0.858 0.853 0.855 0.854 0.851 0.846 0.855 0.865 0.866 0.865 0.87 0.875 0.882 0.889 0.905 0.922 0.928 0.932 0.925 0.914 0.906 0.894 0.904
-9999 -9999 -9999 -9999 -9999 -9999 -9999 -9999 -9999 -9999 -9999 -9999 0.512 0.516 0.528 -9999 -9999 -9999 -9999 -9999 0.577 0.589 0.606 0.625 0.639 0.629 0.627 0.649 0.667 0.681 0.708 0.718 0.734 0.753 0.765 0.764 0.773 0.782 0.792 0.806 0.807 0.805 0.811 0.816 0.823 0.823 0.828 0.838 0.844 0.851 0.857 0.86 0.857 0.859 0.867 0.868 0.87 0.87 0.876 0.876 0.875 0.879 0.88 0.88 0.887 0.893 0.894 0.898 0.911 0.927 0.924 0.922 0.922 0.913 0.909 0.9 0.9
-9999 -9999 -9999 -9999 -9999 -9999 -9999 -9999 -9999 -9999 -9999 -9999 -9999 -9999 0.528 -9999 -9999 -9999 -9999 -9999 0.592 0.598 0.618 0.639 0.634 0.625 0.646 0.669 0.683 0.7 0.712 0.723 0.741 0.76 0.763 0.762 0.772 0.78 0.793 0.806 0.808 0.807 0.815 0.82 0.821 0.821 0.831 0.84 0.848 0.855 0.861 0.866 0.865 0.858 0.866 0.873 0.876 0.876 0.882 0.887 0.887 0.885 0.887 0.887 0.895 0.903 0.905 0.906 0.92 0.934 0.932 0.924 0.922 0.916 0.911 0.904 0.903
-9999 -9999 -9999 -9999 -9999 -9999 -9999 -9999 -9999 -9999 -9999 -9999 -9999 -9999 -9999 -9999 -9999 -9999 -9999 -9999 0.613 0.62 0.638 0.647 0.643 0.634 0.657 0.684 0.698 0.708 0.721 0.735 0.752 0.767 0.769 0.766 0.774 0.778 0.79 0.8 0.805 0.813 0.818 0.817 0.822 0.831 0.839 0.843 0.854 0.863 0.867 0.871 0.872 0.868 0.87 0.874 0.877 0.878 0.872 0.871 0.871 0.869 0.882 0.889 0.899 0.908 0.91 0.91 0.92 0.932 0.932 0.924 0.928 0.926 0.925 0.921 0.917
-9999 -9999 -9999 -9999 -9999 -9999 -9999 -9999 -9999 -9999 -9999 -9999 -9999 -9999 -9999 -9999 -9999 -9999 -9999 -9999 -9999 0.634 0.646 0.654 0.65 0.64 0.665 0.692 0.703 0.712 0.727 0.741 0.755 0.769 0.77 0.768 0.774 0.779 0.789 0.799 0.809 0.817 0.818 0.816 0.825 0.834 0.839 0.843 0.853 0.864 0.869 0.871 0.873 0.871 0.874 0.874 0.877 0.879 0.876 0.868 0.869 0.868 0.88 0.894 0.904 0.914 0.917 0.917 0.928 0.936 0.935 0.929 0.931 0.933 0.932 0.931 0.928
-9999 -9999 -9999 -9999 -9999 -9999 -9999 -9999 -9999 -9999 -9999 -9999 -9999 -9999 -9999 -9999 -9999 -9999 -9999 -9999 0.63 0.647 0.657 0.665 0.667 0.677 0.696 0.702 0.713 0.724 0.736 0.741 0.757 0.774 0.77 0.754 0.764 0.783 0.796 0.809 0.816 0.816 0.82 0.829 0.833 0.828 0.837 0.853 0.856 0.863 0.868 0.871 0.874 0.874 0.872 0.87 0.877 0.881 0.883 0.88 0.891 0.897 0.893 0.897 0.909 0.921 0.928 0.932 0.941 0.948 0.943 0.935 0.931 0.928 0.927 0.924 0.93
-9999 -9999 -9999 -9999 -9999 -9999 -9999 -9999 -9999 -9999 -9999 -9999 -9999 -9999 -9999 -9999 -9999 -9999 -9999 -9999 0.636 0.654 0.664 0.671 0.683 0.694 0.702 0.707 0.719 0.73 0.737 0.742 0.759 0.776 0.765 0.749 0.767 0.787 0.801 0.814 0.817 0.817 0.826 0.834 0.832 0.827 0.841 0.858 0.86 0.861 0.867 0.871 0.874 0.875 0.875 0.872 0.879 0.885 0.887 0.887 0.899 0.911 0.908 0.903 0.915 0.928 0.935 0.941 0.95 0.956 0.951 0.94 0.936 0.931 0.929 0.926 0.931
-9999 -9999 -9999 -9999 -9999 -9999 -9999 -9999 -9999 -9999 -9999 -9999 -9999 -9999 -9999 -9999 -9999 -9999 -9999 -9999 0.647 0.664 0.677 0.693 0.705 0.711 0.719 0.722 0.733 0.742 0.751 0.763 0.777 0.785 0.78 0.781 0.796 0.798 0.81 0.82 0.826 0.835 0.845 0.851 0.851 0.85 0.857 0.846 0.852 0.856 0.863 0.868 0.882 0.891 0.885 0.879 0.888 0.896 0.896 0.896 0.9 0.907 0.924 0.93 0.943 0.957 0.945 0.94 0.958 0.969 0.957 0.943 0.947 0.947 0.946 0.944 0.942
-9999 -9999 -9999 -9999 -9999 -9999 -9999 -9999 -9999 -9999 -9999 -9999 -9999 -9999 -9999 -9999 -9999 -9999 -9999 -9999 -9999 0.67 0.687 0.703 0.712 0.719 0.725 0.729 0.739 0.747 0.76 0.772 0.781 0.788 0.793 0.795 0.8 0.803 0.813 0.822 0.833 0.843 0.851 0.858 0.86 0.86 0.853 0.842 0.849 0.856 0.861 0.868 0.883 0.898 0.894 0.884 0.893 0.903 0.904 0.902 0.907 0.909 0.925 0.943 0.956 0.97 0.96 0.944 0.962 0.977 0.965 0.947 0.951 0.956 0.956 0.954 0.953
-9999 -9999 -9999 -9999 -9999 -9999 -9999 -9999 -9999 -9999 -9999 -9999 -9999 -9999 -9999 -9999 -9999 -9999 -9999 -9999 -9999 0.688 0.695 0.682 0.695 0.719 0.73 0.746 0.758 0.768 0.778 0.777 0.783 0.783 0.789 0.796 0.803 0.813 0.82 0.819 0.83 0.844 0.855 0.869 0.868 0.858 0.859 0.873 0.868 0.869 0.866 0.868 0.875 0.885 0.892 0.888 0.904 0.917 0.918 0.917 0.919 0.92 0.929 0.942 0.945 0.953 0.962 0.958 0.967 0.976 0.966 0.95 0.952 0.955 0.962 0.965 0.967
-9999 -9999 -9999 -9999 -9999 -9999 -9999 -9999 -9999 -9999 -9999 -9999 -9999 -9999 -9999 -9999 -9999 -9999 -9999 -9999 0.663 0.697 0.688 0.675 0.696 0.72 0.737 0.754 0.766 0.777 0.78 0.78 0.782 0.783 0.791 0.798 0.808 0.818 0.82 0.818 0.831 0.845 0.859 0.873 0.867 0.858 0.871 0.886 0.881 0.876 0.875 0.871 0.878 0.883 0.889 0.892 0.907 0.923 0.925 0.925 0.927 0.927 0.936 0.945 0.949 0.951 0.959 0.967 0.975 0.979 0.969 0.955 0.956 0.958 0.965 0.972 0.973
-9999 -9999 -9999 -9999 -9999 -9999 -9999 -9999 -9999 -9999 -9999 -9999 -9999 -9999 -9999 -9999 -9999 -9999 -9999 -9999 0.679 0.69 0.685 0.685 0.701 0.707 0.723 0.736 0.754 0.785 0.788 0.788 0.793 0.798 0.805 0.81 0.819 0.824 0.827 0.831 0.843 0.855 0.865 0.866 0.864 0.868 0.877 0.88 0.883 0.897 0.895 0.89 0.896 0.902 0.908 0.912 0.925 0.941 0.941 0.94 0.94 0.939 0.938 0.94 0.959 0.969 0.976 0.983 0.983 0.981 0.985 0.981 0.974 0.97 0.968 0.97 0.968
-9999 -9999 -9999 -9999 -9999 -9999 -9999 -9999 -9999 -9999 -9999 -9999 -9999 -9999 -9999 -9999 -9999 -9999 -9999 -9999 0.673 0.688 0.69 0.691 0.697 0.703 0.716 0.729 0.757 0.788 0.792 0.793 0.8 0.805 0.812 0.817 0.823 0.827 0.832 0.836 0.848 0.859 0.862 0.863 0.868 0.872 0.875 0.879 0.893 0.906 0.905 0.9 0.906 0.911 0.918 0.922 0.935 0.949 0.95 0.948 0.948 0.946 0.946 0.943 0.96 0.979 0.986 0.992 0.992 0.984 0.989 0.994 0.987 0.978 0.975 0.971 0.968
-9999 -9999 -9999 -9999 -9999 -9999 -9999 -9999 -9999 -9999 -9999 -9999 -9999 -9999 -9999 -9999 -9999 -9999 -9999 0.661 0.674 0.698 0.701 0.7 0.706 0.708 0.729 0.763 0.784 0.788 0.8 0.824 0.828 0.82 0.829 0.838 0.845 0.849 0.849 0.835 0.845 0.853 0.86 0.872 0.88 0.891 0.894 0.895 0.906 0.912 0.917 0.916 0.916 0.918 0.931 0.938 0.947 0.959 0.955 0.95 0.954 0.955 0.963 0.966 0.972 0.985 0.991 0.996 1.0 0.995 0.997 1.0 0.997 0.99 0.981 0.973 0.967
-9999 -9999 -9999 -9999 -9999 -9999 -9999 -9999 -9999 -9999 -9999 -9999 -9999 -9999 -9999 -9999 -9999 -9999 0.648 0.663 0.683 0.704 0.706 0.706 0.71 0.713 0.744 0.778 0.784 0.789 0.811 0.837 0.834 0.827 0.839 0.848 0.854 0.859 0.849 0.836 0.844 0.851 0.864 0.876 0.887 0.899 0.901 0.902 0.91 0.916 0.921 0.924 0.925 0.923 0.936 0.947 0.955 0.964 0.961 0.954 0.958 0.961 0.969 0.977 0.984 0.99 0.996 1.0 1.003 1.002 1.005 1.005 1.002 0.996 0.987 0.975 0.969
-9999 -9999 -9999 -9999 -9999 -9999 -9999 -9999 -9999 -9999 -9999 -9999 -9999 -9999 -9999 -9999 0.621 0.637 0.654 0.685 0.699 0.698 0.701 0.703 0.708 0.713 0.742 0.774 0.785 0.806 0.825 0.836 0.836 0.834 0.844 0.849 0.856 0.859 0.856 0.86 0.865 0.86 0.872 0.881 0.89 0.897 0.9 0.907 0.915 0.925 0.919 0.915 0.933 0.942 0.935 0.935 0.948 0.959 0.97 0.971 0.968 0.967 0.977 0.985 0.995 1.003 1.006 1.007 1.006 1.003 1.011 1.012 1.016 1.016 1.003 0.99 0.979
-9999 -9999 -9999 -9999 -9999 -9999 -9999 -9999 -9999 -9999 -9999 -9999 -9999 -9999 -9999 0.608 0.626 0.646 0.67 0.696 0.698 0.697 0.701 0.704 0.71 0.715 0.743 0.774 0.794 0.814 0.826 0.837 0.838 0.836 0.844 0.85 0.856 0.86 0.866 0.871 0.869 0.864 0.874 0.883 0.89 0.897 0.904 0.91 0.92 0.929 0.924 0.914 0.931 0.949 0.944 0.933 0.946 0.959 0.969 0.978 0.976 0.97 0.98 0.989 1.0 1.01 1.013 1.013 1.011 1.006 1.013 1.016 1.019 1.024 1.012 0.997 0.986
-9999 -9999 -9999 -9999 -9999 -9999 -9999 -9999 -9999 -9999 -9999 -9999 0.578 0.605 0.623 0.644 0.659 0.658 0.678 0.688 0.696 0.712 0.723 0.742 0.754 0.766 0.788 0.796 0.812 0.823 0.831 0.831 0.835 0.842 0.851 0.861 0.871 0.883 0.887 0.881 0.882 0.884 0.896 0.909 0.914 0.91 0.912 0.902 0.913 0.923 0.931 0.93 0.941 0.955 0.955 0.948 0.952 0.961 0.965 0.971 0.984 0.988 0.986 0.989 1.0 1.011 1.017 1.018 1.019 1.017 1.02 1.02 1.016 1.015 1.01 0.999 0.994
-9999 -9999 -9999 -9999 -9999 -9999 -9999 -9999 -9999 -9999 0.567 0.578 0.599 0.618 0.639 0.661 0.665 0.665 0.677 0.688 0.704 0.72 0.74 0.76 0.775 0.789 0.798 0.806 0.817 0.827 0.829 0.828 0.837 0.845 0.855 0.865 0.879 0.892 0.89 0.885 0.89 0.892 0.906 0.92 0.919 0.916 0.909 0.9 0.91 0.921 0.929 0.935 0.947 0.957 0.957 0.954 0.959 0.962 0.966 0.97 0.982 0.996 0.995 0.991 1.001 1.01 1.016 1.019 1.02 1.019 1.024 1.023 1.018 1.012 1.006 0.999 0.993
-9999 -9999 -9999 -9999 -9999 -9999 0.516 0.543 0.552 0.562 0.576 0.589 0.611 0.638 0.654 0.659 0.666 0.676 0.688 0.7 0.717 0.734 0.751 0.76 0.774 0.789 0.793 0.786 0.803 0.839 0.84 0.836 0.842 0.842 0.854 0.869 0.879 0.882 0.883 0.888 0.894 0.9 0.909 0.912 0.913 0.914 0.91 0.906 0.905 0.909 0.923 0.933 0.947 0.959 0.951 0.944 0.951 0.956 0.969 0.978 0.985 0.995 0.999 0.998 1.006 1.013 1.01 1.008 1.013 1.014 1.008 1.002 1.008 1.007 0.994 0.982 0.982
-9999 -9999 -9999 -9999 -9999 0.502 0.527 0.548 0.563 0.575 0.585 0.597 0.623 0.65 0.656 0.661 0.672 0.682 0.695 0.707 0.725 0.743 0.753 0.762 0.776 0.79 0.786 0.778 0.808 0.843 0.843 0.839 0.841 0.841 0.855 0.87 0.875 0.878 0.883 0.888 0.896 0.902 0.906 0.909 0.912 0.914 0.912 0.909 0.908 0.905 0.918 0.931 0.945 0.958 0.951 0.939 0.946 0.952 0.965 0.98 0.987 0.993 0.998 1.0 1.008 1.014 1.01 1.003 1.006 1.008 1.002 0.99 0.995 1.002 0.99 0.974 0.974
-9999 -9999 -9999 -9999 0.489 0.537 0.561 0.57 0.583 0.586 0.596 0.605 0.632 0.661 0.671 0.684 0.694 0.702 0.714 0.721 0.736 0.746 0.756 0.765 0.779 0.79 0.792 0.8 0.821 0.827 0.831 0.842 0.84 0.829 0.848 0.881 0.884 0.884 0.886 0.88 0.888 0.895 0.904 0.918 0.919 0.916 0.915 0.91 0.911 0.913 0.924 0.936 0.943 0.952 0.95 0.942 0.954 0.963 0.963 0.97 0.979 0.986 0.989 0.99 1.002 1.01 1.004 0.995 0.998 1.0 1.001 0.995 0.998 1.003 0.999 0.99 0.98
