Validation/Results/ReClimate_08_2024_2_Temperature-Actualsweatherlogisticsltd.asc
NCOLS 192
NROWS 249
XLLCENTER -225160.85627316462
YLLCENTER 29788.11610251502
CELLSIZE 5000.0
NODATA_VALUE -9999
[rows 170 to 203 of 249, columns 77 to 153 of 192]
-9999 -9999 -9999 -9999 -9999 -9999 -9999 -9999 -9999 -9999 -9999 -9999 -9999 -9999 -9999 11.485 11.36 -9999 -9999 -9999 -9999 -9999 -9999 -9999 -9999 -9999 -9999 -9999 -9999 -9999 -9999 -9999 -9999 -9999 11.254 11.241 11.112 10.979 10.756 10.836 10.937 10.982 11.016 11.174 11.291 11.293 11.035 10.573 9.8 9.045 8.332 8.491 8.427 8.849 9.873 10.328 10.554 10.245 10.242 10.465 10.705 10.742 10.802 10.828 10.855 10.835 10.719 10.683 10.783 10.818 10.691 10.319 10.427 10.393 10.631 10.906 11.096
-9999 -9999 -9999 -9999 -9999 -9999 -9999 -9999 -9999 -9999 -9999 -9999 -9999 -9999 -9999 11.195 11.011 11.125 -9999 -9999 -9999 -9999 -9999 -9999 -9999 -9999 -9999 -9999 -9999 -9999 -9999 -9999 -9999 11.359 11.282 11.196 11.182 10.953 11.005 10.966 11.03 11.013 11.033 11.089 11.13 11.074 10.949 10.634 10.074 9.127 8.334 8.69 9.085 9.14 9.726 10.652 10.772 10.558 10.188 10.352 10.665 10.725 10.75 10.785 10.825 10.823 10.764 10.656 10.722 10.79 10.738 10.476 10.304 10.413 10.558 10.927 11.161
-9999 -9999 -9999 -9999 -9999 -9999 -9999 -9999 -9999 -9999 -9999 -9999 -9999 -9999 11.464 11.103 10.817 10.995 11.378 -9999 -9999 -9999 -9999 -9999 -9999 -9999 -9999 -9999 -9999 -9999 11.16 -9999 -9999 11.332 11.006 11.217 11.238 11.184 -9999 10.906 10.861 10.836 10.866 10.814 10.916 10.856 10.751 10.347 9.794 10.148 9.093 9.249 9.65 9.038 9.812 10.264 10.666 10.608 10.363 10.422 10.598 10.672 10.809 10.874 10.888 10.852 10.816 10.713 10.722 10.822 10.77 10.672 10.427 10.315 10.39 10.798 11.083
-9999 -9999 -9999 -9999 -9999 -9999 -9999 -9999 -9999 -9999 -9999 -9999 -9999 -9999 11.533 11.147 10.963 10.989 11.261 11.432 11.613 -9999 -9999 -9999 11.0 11.134 -9999 11.14 11.184 11.125 10.399 10.609 -9999 -9999 11.116 11.11 -9999 -9999 10.947 10.751 10.935 11.105 10.939 10.779 10.676 10.656 10.447 9.87 9.18 9.506 9.381 9.119 9.23 9.142 9.328 10.39 10.545 10.454 10.23 10.412 10.532 10.656 10.713 10.835 10.889 10.878 10.836 10.763 10.734 10.848 10.824 10.771 10.617 10.422 10.224 10.373 10.734
-9999 -9999 -9999 -9999 -9999 -9999 -9999 -9999 -9999 -9999 -9999 -9999 -9999 -9999 -9999 11.41 11.131 11.075 11.288 11.393 -9999 -9999 9.42 9.302 10.536 10.006 10.2 10.363 10.956 10.779 10.577 10.291 10.357 -9999 11.067 11.075 11.057 11.012 10.591 10.389 10.823 11.206 11.073 10.795 10.685 10.543 10.343 9.628 8.694 8.743 8.997 9.249 9.478 9.289 9.488 10.178 10.595 10.482 10.279 10.365 10.447 10.55 10.646 10.747 10.856 10.894 10.813 10.622 10.709 10.903 10.897 10.859 10.759 10.583 10.453 10.349 10.393
-9999 -9999 -9999 -9999 -9999 -9999 -9999 -9999 -9999 -9999 -9999 -9999 -9999 -9999 -9999 11.546 11.333 11.444 11.48 11.486 11.264 9.882 7.809 9.85 10.254 9.478 9.959 9.715 10.171 10.682 10.439 9.607 10.207 10.44 10.779 11.009 10.982 10.818 10.494 10.371 10.684 10.965 10.931 10.817 10.664 10.504 10.221 9.347 8.761 8.431 8.742 8.846 9.559 9.686 9.437 9.731 10.211 10.31 10.306 10.355 10.372 10.47 10.595 10.685 10.877 10.872 10.865 10.825 10.713 10.901 10.958 10.95 10.891 10.712 10.444 10.466 10.631
-9999 -9999 -9999 -9999 -9999 -9999 -9999 -9999 -9999 -9999 -9999 -9999 -9999 -9999 -9999 -9999 11.62 11.668 11.451 10.833 9.696 7.171 7.8 9.496 9.386 9.608 9.156 9.047 9.359 9.757 9.985 10.175 9.514 10.187 10.63 10.773 10.924 10.883 10.628 10.534 10.632 10.769 10.825 10.712 10.586 10.444 10.032 9.489 8.93 8.757 9.089 8.889 9.129 10.025 9.761 9.819 10.078 10.121 10.275 10.446 10.439 10.457 10.549 10.682 10.894 10.929 10.95 10.844 10.823 10.904 10.983 11.023 10.971 10.892 10.798 10.715 10.807
-9999 -9999 -9999 -9999 -9999 -9999 -9999 -9999 -9999 -9999 -9999 -9999 -9999 -9999 -9999 -9999 -9999 -9999 10.94 9.869 8.651 8.069 8.387 9.686 9.709 9.091 8.575 8.484 8.568 9.462 10.266 9.908 9.269 9.8 10.41 10.742 11.001 10.897 10.67 10.476 10.516 10.567 10.609 10.636 10.558 10.297 9.759 9.466 9.295 8.902 9.145 8.944 8.848 9.432 10.075 10.011 10.344 10.206 10.095 10.341 10.461 10.57 10.644 10.764 10.906 10.957 10.986 10.992 10.827 10.894 10.964 11.027 11.041 11.024 10.994 10.946 10.92
-9999 -9999 -9999 -9999 -9999 -9999 -9999 -9999 -9999 -9999 -9999 -9999 -9999 -9999 -9999 -9999 -9999 11.531 10.573 9.916 9.53 8.582 9.538 9.912 9.393 9.271 8.795 8.34 8.693 8.844 9.714 9.584 9.091 9.463 10.056 10.858 10.993 10.9 10.535 10.339 10.364 10.453 10.554 10.605 10.459 10.015 9.813 9.941 9.583 9.086 9.287 9.251 9.316 9.484 9.608 10.086 10.261 10.288 10.298 10.324 10.499 10.511 10.738 10.889 10.956 10.979 11.008 10.83 10.832 10.914 11.01 11.047 11.091 11.112 11.101 11.055 11.055
-9999 -9999 -9999 -9999 -9999 -9999 -9999 -9999 -9999 -9999 -9999 -9999 -9999 -9999 -9999 -9999 11.497 9.825 10.289 9.876 9.41 9.623 8.392 8.614 8.903 8.838 8.295 8.771 8.563 9.07 9.561 8.936 8.658 9.322 10.122 10.85 11.053 10.864 10.408 10.372 10.456 10.5 10.588 10.508 10.248 10.219 10.109 9.716 9.472 9.283 9.063 9.501 9.667 9.818 9.924 9.92 10.342 10.384 10.539 10.569 10.598 10.804 10.678 10.881 10.991 10.977 10.959 10.793 10.725 10.934 10.984 11.041 11.08 11.11 11.109 11.143 11.224
-9999 -9999 -9999 -9999 -9999 -9999 -9999 -9999 -9999 -9999 -9999 -9999 -9999 -9999 -9999 11.367 9.989 10.601 10.631 10.28 10.4 9.822 9.441 8.972 8.53 8.216 8.242 8.353 8.582 9.32 8.954 9.094 9.833 10.052 10.575 10.731 10.929 10.721 10.435 10.41 10.439 10.537 10.424 10.192 10.345 10.306 10.12 9.666 9.531 9.785 9.582 9.579 9.875 9.994 10.12 10.246 10.335 10.561 10.699 10.907 10.944 11.009 10.998 10.876 10.943 10.976 10.946 10.772 10.718 10.941 11.004 11.002 11.034 11.05 11.108 11.17 11.261
-9999 -9999 -9999 -9999 -9999 -9999 -9999 -9999 -9999 -9999 -9999 -9999 -9999 11.15 11.348 10.996 11.089 11.362 11.437 11.191 11.338 10.743 9.887 9.144 8.43 7.527 8.769 8.904 9.349 9.226 8.443 8.803 9.277 10.1 10.437 10.575 10.687 10.579 10.41 10.316 10.425 10.406 10.226 10.168 10.133 10.336 10.043 9.725 9.734 9.72 9.767 9.922 10.073 10.223 10.408 10.666 10.662 10.671 10.91 11.156 11.207 11.072 11.001 10.958 10.916 10.878 10.895 10.692 10.619 10.865 11.009 11.02 10.988 11.006 11.071 11.159 -9999
-9999 -9999 -9999 -9999 -9999 -9999 -9999 -9999 -9999 -9999 -9999 -9999 10.965 11.053 11.088 11.323 -9999 -9999 -9999 -9999 10.716 9.664 9.378 9.04 8.183 8.972 9.039 8.499 8.922 8.295 7.175 8.018 8.952 9.509 10.268 10.643 10.593 10.519 10.45 10.428 10.441 10.401 10.256 10.199 10.094 10.188 10.036 9.989 9.942 9.931 10.083 10.22 10.307 10.487 10.599 10.86 11.029 10.939 11.005 11.114 11.162 11.066 10.953 10.87 10.76 10.718 10.738 10.671 10.58 10.728 10.945 11.04 11.017 10.995 11.06 11.141 11.241
-9999 -9999 -9999 -9999 -9999 -9999 -9999 -9999 -9999 -9999 -9999 -9999 10.986 10.889 11.454 -9999 -9999 -9999 -9999 -9999 10.364 9.574 9.118 9.323 8.637 8.729 8.33 7.902 8.104 7.757 7.815 9.169 9.31 9.963 10.512 10.683 10.617 10.542 10.449 10.34 10.317 10.37 10.301 10.2 10.186 10.114 10.221 10.222 10.28 10.065 10.016 10.134 10.361 10.517 10.586 10.767 10.864 10.924 10.95 10.933 10.91 10.747 10.728 10.538 10.397 10.397 10.545 10.612 10.609 10.728 10.896 11.058 11.085 11.087 11.08 11.098 11.16
-9999 -9999 -9999 -9999 -9999 -9999 -9999 -9999 -9999 -9999 -9999 -9999 -9999 -9999 11.632 -9999 -9999 -9999 -9999 -9999 10.296 9.407 9.708 9.415 9.045 8.951 7.776 8.077 8.929 8.23 9.017 9.34 9.657 10.321 10.688 10.743 10.522 10.509 10.401 10.347 10.479 10.435 10.444 10.407 10.273 10.303 10.402 10.513 10.439 10.39 10.289 10.215 10.435 10.462 10.245 10.402 10.627 10.706 10.888 10.837 10.616 10.354 10.233 10.423 10.359 10.352 10.454 10.58 10.625 10.73 10.896 11.074 11.13 11.158 11.163 11.147 11.204
-9999 -9999 -9999 -9999 -9999 -9999 -9999 -9999 -9999 -9999 -9999 -9999 -9999 -9999 -9999 -9999 -9999 -9999 -9999 -9999 10.63 10.022 10.845 10.061 9.266 8.069 8.254 8.434 8.481 9.2 9.286 9.445 10.32 10.613 10.843 10.708 10.625 10.515 10.522 10.556 10.573 10.6 10.574 10.495 10.426 10.397 10.483 10.46 10.305 10.496 10.613 10.559 10.511 10.641 10.366 10.194 10.426 10.42 10.626 10.818 10.581 10.409 10.27 10.326 10.54 10.539 10.535 10.672 10.745 10.791 10.898 11.066 11.137 11.187 11.211 11.237 11.293
-9999 -9999 -9999 -9999 -9999 -9999 -9999 -9999 -9999 -9999 -9999 -9999 -9999 -9999 -9999 -9999 -9999 -9999 -9999 -9999 -9999 10.681 9.41 8.868 8.741 8.972 8.908 8.744 9.421 9.48 9.895 10.378 10.28 10.76 10.728 10.425 10.452 10.537 10.675 10.772 10.709 10.573 10.509 10.346 10.324 10.395 10.528 10.371 10.172 10.316 10.609 10.703 10.676 10.62 10.579 10.416 10.321 10.145 10.193 10.68 10.736 10.472 10.288 10.15 10.285 10.616 10.658 10.759 10.871 10.991 11.026 11.132 11.185 11.235 11.263 11.303 11.356
-9999 -9999 -9999 -9999 -9999 -9999 -9999 -9999 -9999 -9999 -9999 -9999 -9999 -9999 -9999 -9999 -9999 -9999 -9999 -9999 10.683 10.117 9.48 8.488 9.331 9.474 8.982 9.324 9.393 9.416 10.331 10.301 10.293 10.514 9.587 10.175 10.466 10.49 10.49 10.702 10.463 10.026 10.044 10.269 10.444 10.407 10.526 10.471 10.383 10.401 10.615 10.709 10.734 10.689 10.581 10.552 10.4 10.359 10.394 10.653 10.727 10.502 10.228 10.035 10.1 10.475 10.759 10.853 10.995 11.108 11.178 11.225 11.272 11.299 11.312 11.353 11.394
-9999 -9999 -9999 -9999 -9999 -9999 -9999 -9999 -9999 -9999 -9999 -9999 -9999 -9999 -9999 -9999 -9999 -9999 -9999 -9999 10.98 10.399 8.634 9.927 10.403 9.765 9.597 9.292 8.805 9.49 10.288 10.279 10.558 10.164 10.208 10.219 10.085 10.09 10.502 10.482 10.194 10.111 10.178 10.503 10.461 10.409 10.518 10.499 10.633 10.658 10.691 10.747 10.749 10.757 10.716 10.657 10.574 10.418 10.548 10.718 10.634 10.334 10.033 10.047 10.116 10.28 10.625 10.919 10.999 11.148 11.177 11.224 11.333 11.39 11.395 11.416 11.454
-9999 -9999 -9999 -9999 -9999 -9999 -9999 -9999 -9999 -9999 -9999 -9999 -9999 -9999 -9999 -9999 -9999 -9999 -9999 -9999 10.847 10.116 10.71 10.462 10.169 9.86 9.365 8.569 8.931 9.292 10.048 10.338 10.667 10.528 10.172 9.603 9.293 9.493 10.129 9.971 10.129 10.089 10.337 10.583 10.472 10.499 10.549 10.622 10.775 10.695 10.635 10.735 10.772 10.617 10.708 10.74 10.672 10.601 10.651 10.715 10.566 10.327 10.173 10.149 10.292 10.448 10.661 10.806 10.974 11.11 11.273 11.24 11.355 11.428 11.427 11.442 11.464
-9999 -9999 -9999 -9999 -9999 -9999 -9999 -9999 -9999 -9999 -9999 -9999 -9999 -9999 -9999 -9999 -9999 -9999 -9999 -9999 -9999 11.117 10.034 9.423 8.756 8.65 8.693 9.029 9.452 10.242 10.477 10.646 10.478 10.369 10.147 9.779 9.458 9.461 9.75 10.073 10.074 9.956 10.262 10.481 10.394 10.649 10.658 10.594 10.933 10.973 10.794 10.821 10.89 10.649 10.503 10.739 10.686 10.655 10.703 10.683 10.497 10.389 10.417 10.536 10.546 10.646 10.707 10.755 10.958 11.15 11.227 11.275 11.401 11.48 11.456 11.44 11.465
-9999 -9999 -9999 -9999 -9999 -9999 -9999 -9999 -9999 -9999 -9999 -9999 -9999 -9999 -9999 -9999 -9999 -9999 -9999 -9999 -9999 10.544 9.589 8.785 8.093 7.924 8.396 9.31 10.083 10.307 10.039 9.544 9.189 9.234 9.753 10.062 9.667 9.677 9.912 10.099 9.657 9.881 10.102 10.176 10.302 10.664 10.663 10.75 10.766 10.92 10.922 10.859 10.946 10.78 10.587 10.709 10.746 10.601 10.548 10.516 10.385 10.368 10.518 10.461 10.522 10.571 10.723 10.693 10.881 11.079 11.102 11.233 11.41 11.478 11.451 11.38 11.313
-9999 -9999 -9999 -9999 -9999 -9999 -9999 -9999 -9999 -9999 -9999 -9999 -9999 -9999 -9999 -9999 -9999 -9999 -9999 -9999 11.069 10.553 9.599 8.764 8.258 8.469 8.941 9.446 9.193 8.573 8.92 8.813 8.901 9.649 10.003 9.847 9.786 10.033 10.188 9.82 9.741 9.825 10.075 10.202 10.344 10.76 10.716 10.543 10.754 10.619 10.711 10.663 10.744 10.696 10.697 10.862 10.813 10.742 10.71 10.563 10.487 10.32 10.422 10.467 10.509 10.636 10.683 10.831 10.958 11.024 11.046 11.223 11.448 11.491 11.49 11.39 11.257
-9999 -9999 -9999 -9999 -9999 -9999 -9999 -9999 -9999 -9999 -9999 -9999 -9999 -9999 -9999 -9999 -9999 -9999 -9999 -9999 10.869 10.226 9.806 9.414 8.861 8.242 8.554 8.803 8.67 8.758 8.517 8.427 8.901 9.618 9.3 9.364 10.013 9.88 10.312 10.0 9.741 9.699 10.298 10.301 10.746 10.855 10.689 10.567 10.182 10.432 10.463 10.535 10.499 10.467 10.626 10.848 10.895 10.896 10.91 10.874 10.569 10.411 10.35 10.408 10.51 10.787 10.872 10.949 11.019 11.016 11.054 11.235 11.355 11.495 11.529 11.48 11.327
-9999 -9999 -9999 -9999 -9999 -9999 -9999 -9999 -9999 -9999 -9999 -9999 -9999 -9999 -9999 -9999 -9999 -9999 -9999 -9999 10.421 10.467 10.525 9.795 8.712 8.14 8.503 8.74 8.976 8.625 8.75 8.977 9.218 9.13 9.266 9.95 10.033 10.145 9.832 10.249 10.104 10.342 10.308 10.381 10.776 10.95 10.806 10.427 10.505 10.428 10.39 10.455 10.454 10.542 10.564 10.673 10.772 10.884 10.953 10.888 10.621 10.405 10.538 10.699 10.625 10.816 10.913 11.054 11.062 11.019 11.171 11.363 11.476 11.573 11.678 11.629 11.55
-9999 -9999 -9999 -9999 -9999 -9999 -9999 -9999 -9999 -9999 -9999 -9999 -9999 -9999 -9999 -9999 -9999 -9999 -9999 10.595 10.335 9.863 9.972 9.704 8.7 8.54 8.192 8.685 9.352 9.371 9.497 9.158 9.092 9.478 9.464 9.574 10.049 10.043 10.421 10.568 10.6 10.535 10.391 10.656 10.883 10.941 10.911 10.83 10.721 10.705 10.569 10.567 10.524 10.572 10.673 10.688 10.764 10.975 10.947 10.789 10.626 10.536 10.738 10.901 10.894 10.868 11.055 11.004 11.065 11.052 11.106 11.306 11.49 11.564 11.645 11.655 11.658
-9999 -9999 -9999 -9999 -9999 -9999 -9999 -9999 -9999 -9999 -9999 -9999 -9999 -9999 -9999 -9999 -9999 -9999 10.39 10.316 9.724 9.985 10.001 9.014 8.381 8.234 8.502 8.967 9.449 9.338 9.473 9.186 8.713 9.354 9.317 10.056 10.322 10.555 10.602 10.532 10.417 10.451 10.356 10.726 10.838 11.114 11.115 10.993 10.94 10.892 10.837 10.68 10.663 10.799 10.879 10.804 10.776 10.842 10.84 10.707 10.608 10.575 10.763 11.041 11.134 11.165 11.021 10.979 11.026 11.104 11.167 11.315 11.39 11.421 11.448 11.507 11.576
-9999 -9999 -9999 -9999 -9999 -9999 -9999 -9999 -9999 -9999 -9999 -9999 -9999 -9999 -9999 -9999 9.966 10.104 10.02 10.511 10.407 10.209 9.6 8.651 8.24 8.127 8.042 8.83 9.199 9.682 9.446 8.949 8.928 9.445 9.988 10.25 10.596 10.654 10.68 10.391 10.313 10.285 10.575 10.939 11.09 11.15 11.089 10.953 10.961 11.026 10.953 10.774 10.827 10.927 11.062 10.822 10.699 10.591 10.471 10.48 10.502 10.669 10.78 10.979 10.986 11.077 11.051 11.079 11.089 11.135 11.219 11.363 11.457 11.314 11.289 11.341 11.484
-9999 -9999 -9999 -9999 -9999 -9999 -9999 -9999 -9999 -9999 -9999 -9999 -9999 -9999 -9999 9.988 9.795 9.485 9.857 10.28 10.266 9.965 8.877 8.714 8.216 8.18 8.649 9.361 9.894 9.854 9.755 9.236 8.689 9.284 9.896 10.441 10.488 10.532 10.308 10.49 10.291 10.332 10.741 11.035 11.263 11.24 10.997 11.049 10.919 10.973 11.031 10.943 10.904 10.95 10.88 10.893 10.666 10.627 10.526 10.336 10.331 10.434 10.617 10.763 10.845 10.948 11.089 11.044 11.244 11.294 11.318 11.406 11.376 11.285 11.207 11.318 11.467
-9999 -9999 -9999 -9999 -9999 -9999 -9999 -9999 -9999 -9999 -9999 -9999 11.327 10.795 10.403 10.106 9.565 9.562 9.849 10.348 10.425 9.347 9.026 8.75 9.013 8.395 9.265 9.512 9.174 9.724 9.93 8.609 9.216 9.802 10.645 10.664 10.468 10.001 10.68 10.591 10.526 10.548 10.651 11.029 11.224 11.298 11.182 11.187 11.037 10.939 11.038 11.022 11.024 10.89 10.806 10.512 10.627 10.688 10.651 10.477 10.436 10.527 10.679 10.846 10.855 10.946 11.002 11.143 11.221 11.314 11.274 11.348 11.385 11.308 11.349 11.403 11.477
-9999 -9999 -9999 -9999 -9999 -9999 -9999 -9999 -9999 -9999 10.747 10.929 10.914 10.73 10.605 10.258 10.299 10.073 10.289 10.146 9.399 9.721 9.419 9.284 9.488 9.158 9.095 8.384 8.927 9.324 9.24 9.595 10.021 10.534 9.94 10.178 10.432 10.639 10.795 10.852 10.731 10.746 10.922 10.91 11.174 11.399 11.357 11.297 11.205 11.15 11.136 10.917 11.032 11.04 10.777 10.592 10.435 10.668 10.651 10.503 10.436 10.486 10.615 10.892 11.047 11.103 11.072 11.055 11.23 11.191 11.142 11.259 11.37 11.362 11.369 11.386 11.378
-9999 -9999 -9999 -9999 -9999 -9999 10.809 10.776 10.768 10.761 10.251 10.839 10.646 10.71 10.536 10.376 10.391 10.254 9.999 9.307 9.698 10.031 9.467 9.927 9.76 9.418 8.585 8.772 9.133 9.378 9.333 10.001 10.452 9.361 9.418 10.103 10.19 10.65 10.803 10.917 10.766 10.584 10.84 10.765 11.319 11.405 11.382 11.198 11.085 11.138 10.641 10.82 10.954 11.021 10.78 10.475 10.463 10.591 10.625 10.632 10.553 10.561 10.654 10.879 11.021 11.125 11.154 11.037 11.082 11.185 11.167 11.32 11.462 11.366 11.099 11.09 11.023
-9999 -9999 -9999 -9999 -9999 11.212 10.803 10.782 10.612 9.815 9.522 9.681 9.999 10.347 9.91 9.874 10.018 9.847 9.388 9.765 9.942 9.695 10.166 10.405 10.083 9.508 9.047 9.259 9.448 9.462 9.76 10.157 9.195 8.066 9.178 9.863 10.439 10.466 10.694 10.581 10.656 10.828 10.912 11.176 11.301 11.326 11.382 11.189 10.998 10.659 10.358 10.204 10.72 10.872 10.468 10.342 10.407 10.557 10.667 10.641 10.64 10.64 10.789 10.816 10.9 11.042 10.946 10.868 11.036 11.162 11.21 11.328 11.407 11.236 11.001 10.863 10.9
-9999 -9999 -9999 -9999 11.544 10.944 10.67 10.647 10.243 9.73 9.825 10.075 10.348 9.926 9.876 9.893 10.316 9.811 9.653 9.959 10.038 10.269 10.803 10.451 9.709 9.312 9.531 9.711 9.683 10.126 10.188 9.872 8.473 8.511 9.152 10.32 10.192 10.342 10.325 10.736 10.879 10.83 11.0 11.129 11.256 11.325 11.478 11.35 11.055 10.558 10.134 10.256 10.567 10.659 10.397 10.114 10.31 10.506 10.603 10.706 10.723 10.771 10.798 10.847 10.771 10.879 10.991 10.9 10.988 11.003 10.907 11.12 11.276 11.135 10.935 10.926 10.96
