Validation/Results/ReClimate_11_2023_2_Temperatureweatherlogisticsltd.asc
NCOLS 192
NROWS 249
XLLCENTER -225160.85627316462
YLLCENTER 29788.11610251502
CELLSIZE 5000.0
NODATA_VALUE -9999
[rows 165 to 197 of 249, columns 76 to 151 of 192]
-9999 -9999 -9999 -9999 -9999 -9999 -9999 -9999 -9999 -9999 -9999 -9999 -9999 -9999 -9999 -9999 -9999 -9999 -9999 -9999 -9999 -9999 -9999 -9999 -9999 -9999 -9999 -9999 -9999 -9999 -9999 -9999 -9999 -9999 -9999 -9999 0.382 0.388 0.397 0.395 0.4 0.4 0.383 0.384 0.38 0.381 0.386 0.375 0.36 0.351 0.355 0.327 0.304 0.314 0.328 0.32 0.31 0.305 0.304 0.301 0.297 0.304 0.306 0.291 0.283 0.274 0.264 0.26 0.261 0.26 0.25 0.244 0.24 -9999 0.249 0.254
-9999 -9999 -9999 -9999 -9999 -9999 -9999 -9999 -9999 -9999 -9999 -9999 -9999 -9999 -9999 -9999 -9999 -9999 -9999 -9999 -9999 -9999 -9999 -9999 -9999 -9999 -9999 -9999 -9999 -9999 -9999 -9999 -9999 -9999 -9999 -9999 0.39 0.399 0.404 0.409 0.415 0.402 0.386 0.385 0.382 0.387 0.391 0.378 0.362 0.364 0.367 0.341 0.308 0.318 0.332 0.324 0.316 0.312 0.308 0.304 0.302 0.308 0.318 0.303 0.287 0.277 0.268 0.264 0.261 0.26 0.261 0.256 0.251 0.249 -9999 -9999
-9999 -9999 -9999 -9999 -9999 -9999 -9999 -9999 -9999 -9999 -9999 -9999 -9999 -9999 -9999 -9999 -9999 -9999 -9999 -9999 -9999 -9999 -9999 -9999 -9999 -9999 -9999 -9999 -9999 -9999 -9999 -9999 -9999 -9999 -9999 0.383 0.38 0.387 0.396 0.399 0.397 0.387 0.379 0.378 0.376 0.379 0.381 0.371 0.368 0.368 0.371 0.361 0.339 0.337 0.344 0.332 0.322 0.325 0.326 0.316 0.31 0.306 0.309 0.299 0.284 0.276 0.268 0.278 0.283 0.273 0.268 0.268 0.266 0.258 0.26 0.262
-9999 -9999 -9999 -9999 -9999 -9999 -9999 -9999 -9999 -9999 -9999 -9999 -9999 -9999 -9999 -9999 -9999 -9999 -9999 -9999 -9999 -9999 -9999 -9999 -9999 -9999 -9999 -9999 -9999 -9999 -9999 -9999 -9999 -9999 -9999 0.37 0.377 0.385 0.393 0.393 0.393 0.387 0.379 0.378 0.376 0.378 0.38 0.378 0.375 0.376 0.377 0.367 0.356 0.354 0.353 0.342 0.33 0.333 0.338 0.329 0.318 0.315 0.313 0.303 0.291 0.282 0.275 0.285 0.299 0.29 0.281 0.28 0.282 0.275 0.268 0.27
-9999 -9999 -9999 -9999 -9999 -9999 -9999 -9999 -9999 -9999 -9999 -9999 -9999 -9999 -9999 -9999 -9999 -9999 -9999 -9999 -9999 -9999 -9999 -9999 -9999 -9999 -9999 -9999 -9999 -9999 -9999 -9999 -9999 -9999 -9999 -9999 0.354 0.365 0.388 0.388 0.388 0.386 0.389 0.386 0.378 0.376 0.362 0.361 0.364 0.37 0.392 0.388 0.381 0.361 0.349 0.351 0.347 0.338 0.336 0.33 0.322 0.299 0.284 0.296 0.296 0.301 0.302 0.278 0.271 0.281 0.281 0.28 0.281 0.28 0.277 0.281
-9999 -9999 -9999 -9999 -9999 -9999 -9999 -9999 -9999 -9999 -9999 -9999 -9999 -9999 -9999 -9999 0.13 0.148 -9999 -9999 -9999 -9999 -9999 -9999 -9999 -9999 -9999 -9999 -9999 -9999 -9999 -9999 -9999 -9999 -9999 0.347 0.347 0.366 0.388 0.388 0.387 0.391 0.395 0.389 0.382 0.372 0.359 0.361 0.364 0.381 0.402 0.399 0.395 0.376 0.353 0.354 0.358 0.35 0.342 0.336 0.33 0.308 0.282 0.293 0.308 0.312 0.321 0.298 0.272 0.279 0.291 0.29 0.291 0.29 0.291 0.295
-9999 -9999 -9999 -9999 -9999 -9999 -9999 -9999 -9999 -9999 -9999 -9999 -9999 -9999 -9999 -9999 0.122 0.142 0.171 -9999 -9999 -9999 -9999 -9999 -9999 -9999 -9999 -9999 -9999 -9999 -9999 -9999 -9999 -9999 0.353 0.349 0.35 0.366 0.38 0.381 0.383 0.385 0.381 0.373 0.359 0.357 0.369 0.37 0.368 0.379 0.379 0.386 0.388 0.372 0.352 0.347 0.347 0.352 0.35 0.344 0.337 0.328 0.311 0.299 0.3 0.307 0.316 0.303 0.283 0.283 0.289 0.298 0.303 0.307 0.31 0.319
-9999 -9999 -9999 -9999 -9999 -9999 -9999 -9999 -9999 -9999 -9999 -9999 -9999 -9999 -9999 0.125 0.128 0.154 0.181 0.194 -9999 -9999 -9999 -9999 -9999 -9999 -9999 -9999 -9999 -9999 -9999 0.342 -9999 -9999 0.348 0.352 0.354 0.366 0.379 -9999 0.384 0.382 0.378 0.367 0.352 0.364 0.377 0.375 0.373 0.374 0.374 0.382 0.391 0.375 0.357 0.353 0.35 0.354 0.36 0.353 0.347 0.339 0.33 0.319 0.307 0.314 0.324 0.31 0.297 0.297 0.299 0.307 0.318 0.321 0.328 0.337
-9999 -9999 -9999 -9999 -9999 -9999 -9999 -9999 -9999 -9999 -9999 -9999 -9999 -9999 -9999 0.146 0.145 0.164 0.175 0.192 0.217 0.23 -9999 -9999 -9999 0.297 0.308 -9999 0.325 0.337 0.338 0.346 0.35 -9999 -9999 0.366 0.373 -9999 -9999 0.399 0.396 0.39 0.372 0.362 0.351 0.36 0.366 0.364 0.362 0.362 0.363 0.375 0.388 0.384 0.373 0.362 0.355 0.36 0.367 0.351 0.338 0.343 0.342 0.334 0.323 0.316 0.318 0.314 0.305 0.31 0.314 0.306 0.307 0.315 0.324 0.322
-9999 -9999 -9999 -9999 -9999 -9999 -9999 -9999 -9999 -9999 -9999 -9999 -9999 -9999 -9999 -9999 0.158 0.169 0.179 0.201 0.224 -9999 -9999 0.264 0.283 0.295 0.309 0.329 0.346 0.347 0.341 0.345 0.35 0.358 -9999 0.374 0.382 0.394 0.407 0.406 0.404 0.391 0.373 0.365 0.355 0.36 0.365 0.364 0.362 0.362 0.363 0.374 0.39 0.387 0.384 0.375 0.363 0.369 0.377 0.362 0.343 0.347 0.355 0.347 0.338 0.331 0.326 0.321 0.318 0.322 0.33 0.322 0.315 0.322 0.333 0.331
-9999 -9999 -9999 -9999 -9999 -9999 -9999 -9999 -9999 -9999 -9999 -9999 -9999 -9999 -9999 -9999 0.172 0.184 0.195 0.212 0.22 0.231 0.251 0.272 0.301 0.313 0.323 0.341 0.354 0.35 0.339 0.349 0.367 0.373 0.367 0.379 0.396 0.402 0.395 0.4 0.418 0.406 0.391 0.384 0.376 0.379 0.376 0.377 0.38 0.381 0.383 0.384 0.393 0.38 0.371 0.371 0.365 0.369 0.376 0.368 0.353 0.351 0.354 0.346 0.337 0.341 0.341 0.338 0.336 0.333 0.336 0.328 0.32 0.324 0.333 0.342
-9999 -9999 -9999 -9999 -9999 -9999 -9999 -9999 -9999 -9999 -9999 -9999 -9999 -9999 -9999 -9999 -9999 0.193 0.207 0.215 0.222 0.239 0.258 0.283 0.311 0.32 0.329 0.342 0.355 0.349 0.341 0.361 0.383 0.382 0.375 0.391 0.409 0.404 0.397 0.412 0.429 0.418 0.404 0.399 0.391 0.39 0.388 0.391 0.394 0.396 0.397 0.397 0.399 0.386 0.371 0.37 0.371 0.375 0.381 0.373 0.364 0.363 0.362 0.354 0.345 0.349 0.356 0.354 0.352 0.349 0.349 0.341 0.333 0.336 0.341 0.348
-9999 -9999 -9999 -9999 -9999 -9999 -9999 -9999 -9999 -9999 -9999 -9999 -9999 -9999 -9999 -9999 -9999 -9999 -9999 0.217 0.229 0.244 0.256 0.285 0.326 0.331 0.328 0.333 0.325 0.332 0.356 0.373 0.381 0.385 0.401 0.406 0.389 0.388 0.397 0.411 0.428 0.417 0.403 0.399 0.399 0.401 0.408 0.404 0.387 0.394 0.416 0.406 0.402 0.39 0.374 0.378 0.381 0.378 0.38 0.365 0.351 0.367 0.377 0.37 0.363 0.362 0.366 0.37 0.372 0.354 0.343 0.346 0.344 0.349 0.356 0.357
-9999 -9999 -9999 -9999 -9999 -9999 -9999 -9999 -9999 -9999 -9999 -9999 -9999 -9999 -9999 -9999 -9999 -9999 0.213 0.224 0.235 0.247 0.259 0.293 0.333 0.332 0.33 0.33 0.326 0.347 0.371 0.38 0.385 0.401 0.417 0.404 0.387 0.395 0.404 0.417 0.432 0.421 0.408 0.408 0.408 0.415 0.423 0.408 0.39 0.407 0.429 0.42 0.411 0.399 0.385 0.387 0.392 0.388 0.386 0.371 0.354 0.368 0.388 0.382 0.375 0.374 0.375 0.378 0.384 0.366 0.347 0.349 0.353 0.358 0.366 0.367
-9999 -9999 -9999 -9999 -9999 -9999 -9999 -9999 -9999 -9999 -9999 -9999 -9999 -9999 -9999 -9999 -9999 0.214 0.233 0.242 0.245 0.25 0.246 0.27 0.287 0.296 0.324 0.333 0.356 0.373 0.382 0.39 0.399 0.409 0.411 0.399 0.383 0.393 0.406 0.417 0.426 0.419 0.417 0.419 0.423 0.424 0.413 0.401 0.394 0.405 0.408 0.413 0.41 0.4 0.388 0.388 0.39 0.39 0.389 0.369 0.348 0.353 0.366 0.378 0.382 0.377 0.375 0.366 0.364 0.348 0.328 0.34 0.349 0.36 0.371 0.369
-9999 -9999 -9999 -9999 -9999 -9999 -9999 -9999 -9999 -9999 -9999 -9999 -9999 -9999 -9999 -9999 0.215 0.23 0.244 0.248 0.251 0.249 0.244 0.258 0.28 0.305 0.331 0.353 0.376 0.385 0.39 0.4 0.409 0.412 0.414 0.403 0.388 0.4 0.413 0.421 0.429 0.428 0.427 0.431 0.434 0.426 0.415 0.409 0.403 0.404 0.408 0.413 0.418 0.409 0.398 0.397 0.398 0.398 0.399 0.377 0.353 0.358 0.365 0.376 0.392 0.387 0.382 0.373 0.364 0.348 0.33 0.34 0.355 0.364 0.378 0.376
-9999 -9999 -9999 -9999 -9999 -9999 -9999 -9999 -9999 -9999 -9999 -9999 -9999 -9999 0.188 0.205 0.213 0.224 0.23 0.24 0.262 0.258 0.249 0.27 0.288 0.314 0.349 0.367 0.378 0.393 0.428 0.433 0.424 0.423 0.41 0.406 0.412 0.421 0.421 0.427 0.431 0.434 0.445 0.444 0.431 0.425 0.421 0.413 0.399 0.401 0.405 0.41 0.417 0.431 0.435 0.411 0.398 0.394 0.392 0.394 0.382 0.376 0.377 0.372 0.377 0.381 0.381 0.374 0.365 0.369 0.363 0.347 0.345 0.365 0.384 0.378
-9999 -9999 -9999 -9999 -9999 -9999 -9999 -9999 -9999 -9999 -9999 -9999 -9999 0.176 0.191 0.202 0.216 -9999 -9999 -9999 -9999 0.278 0.266 0.283 0.3 0.33 0.363 0.374 0.382 0.412 0.447 0.443 0.434 0.426 0.413 0.42 0.427 0.429 0.43 0.434 0.437 0.447 0.457 0.448 0.437 0.434 0.43 0.418 0.405 0.408 0.411 0.417 0.424 0.438 0.456 0.434 0.407 0.402 0.399 0.4 0.402 0.394 0.389 0.384 0.379 0.382 0.387 0.38 0.373 0.376 0.382 0.367 0.35 0.368 0.393 0.386
-9999 -9999 -9999 -9999 -9999 -9999 -9999 -9999 -9999 -9999 -9999 -9999 -9999 0.187 0.185 0.201 -9999 -9999 -9999 -9999 -9999 0.299 0.302 0.318 0.327 0.354 0.372 0.383 0.398 0.42 0.431 0.43 0.435 0.43 0.425 0.436 0.451 0.447 0.427 0.436 0.458 0.467 0.473 0.465 0.454 0.452 0.449 0.442 0.439 0.438 0.427 0.426 0.43 0.424 0.428 0.441 0.435 0.425 0.419 0.414 0.413 0.407 0.4 0.403 0.404 0.393 0.39 0.391 0.389 0.375 0.37 0.367 0.356 0.348 0.354 0.374
-9999 -9999 -9999 -9999 -9999 -9999 -9999 -9999 -9999 -9999 -9999 -9999 -9999 -9999 -9999 0.21 -9999 -9999 -9999 -9999 -9999 0.312 0.325 0.336 0.346 0.364 0.38 0.394 0.408 0.418 0.429 0.435 0.44 0.438 0.435 0.449 0.465 0.45 0.431 0.45 0.472 0.478 0.485 0.477 0.467 0.465 0.462 0.461 0.459 0.451 0.44 0.439 0.439 0.434 0.427 0.438 0.453 0.444 0.434 0.429 0.424 0.418 0.413 0.413 0.419 0.41 0.399 0.4 0.403 0.391 0.376 0.372 0.368 0.36 0.35 0.367
-9999 -9999 -9999 -9999 -9999 -9999 -9999 -9999 -9999 -9999 -9999 -9999 -9999 -9999 -9999 -9999 -9999 -9999 -9999 -9999 -9999 0.32 0.337 0.351 0.368 0.381 0.384 0.392 0.391 0.405 0.431 0.44 0.454 0.456 0.46 0.469 0.466 0.46 0.465 0.482 0.492 0.492 0.476 0.476 0.488 0.482 0.466 0.469 0.483 0.459 0.441 0.443 0.445 0.441 0.434 0.424 0.426 0.429 0.425 0.421 0.416 0.423 0.424 0.425 0.428 0.422 0.415 0.404 0.399 0.405 0.402 0.395 0.389 0.38 0.371 0.373
-9999 -9999 -9999 -9999 -9999 -9999 -9999 -9999 -9999 -9999 -9999 -9999 -9999 -9999 -9999 -9999 -9999 -9999 -9999 -9999 -9999 -9999 0.351 0.368 0.384 0.389 0.39 0.39 0.388 0.411 0.436 0.45 0.464 0.469 0.474 0.473 0.471 0.477 0.483 0.494 0.504 0.493 0.478 0.489 0.501 0.488 0.473 0.484 0.498 0.475 0.448 0.451 0.455 0.451 0.445 0.435 0.424 0.426 0.431 0.427 0.423 0.429 0.439 0.439 0.443 0.434 0.429 0.419 0.407 0.413 0.42 0.414 0.405 0.397 0.388 0.39
-9999 -9999 -9999 -9999 -9999 -9999 -9999 -9999 -9999 -9999 -9999 -9999 -9999 -9999 -9999 -9999 -9999 -9999 -9999 -9999 -9999 0.364 0.377 0.383 0.368 0.376 0.397 0.401 0.41 0.427 0.436 0.45 0.464 0.467 0.466 0.469 0.478 0.481 0.479 0.488 0.501 0.495 0.495 0.499 0.489 0.477 0.466 0.474 0.481 0.483 0.471 0.458 0.454 0.453 0.449 0.448 0.443 0.439 0.439 0.428 0.42 0.424 0.432 0.437 0.442 0.439 0.435 0.441 0.439 0.434 0.435 0.422 0.41 0.4 0.39 0.403
-9999 -9999 -9999 -9999 -9999 -9999 -9999 -9999 -9999 -9999 -9999 -9999 -9999 -9999 -9999 -9999 -9999 -9999 -9999 -9999 -9999 0.371 0.392 0.382 0.364 0.383 0.403 0.413 0.422 0.431 0.44 0.454 0.468 0.468 0.467 0.476 0.485 0.484 0.481 0.492 0.504 0.506 0.507 0.499 0.489 0.48 0.469 0.474 0.48 0.483 0.487 0.475 0.461 0.46 0.459 0.458 0.459 0.455 0.452 0.441 0.429 0.432 0.439 0.443 0.451 0.448 0.447 0.45 0.459 0.454 0.449 0.436 0.421 0.41 0.399 0.411
-9999 -9999 -9999 -9999 -9999 -9999 -9999 -9999 -9999 -9999 -9999 -9999 -9999 -9999 -9999 -9999 -9999 -9999 -9999 -9999 -9999 0.362 0.384 0.385 0.41 0.417 0.402 0.412 0.425 0.427 0.419 0.438 0.47 0.472 0.477 0.476 0.455 0.465 0.498 0.505 0.506 0.508 0.507 0.501 0.494 0.486 0.477 0.481 0.484 0.489 0.495 0.486 0.474 0.474 0.474 0.463 0.457 0.458 0.457 0.459 0.455 0.449 0.45 0.453 0.46 0.46 0.461 0.448 0.446 0.443 0.436 0.434 0.425 0.425 0.422 0.43
-9999 -9999 -9999 -9999 -9999 -9999 -9999 -9999 -9999 -9999 -9999 -9999 -9999 -9999 -9999 -9999 -9999 -9999 -9999 -9999 -9999 -9999 0.383 0.405 0.43 0.42 0.405 0.416 0.429 0.423 0.415 0.442 0.473 0.48 0.485 0.469 0.449 0.477 0.509 0.511 0.512 0.513 0.512 0.508 0.502 0.495 0.486 0.488 0.491 0.497 0.504 0.497 0.488 0.488 0.488 0.478 0.465 0.465 0.468 0.469 0.473 0.468 0.463 0.466 0.472 0.472 0.475 0.462 0.45 0.446 0.44 0.436 0.434 0.435 0.438 0.446
-9999 -9999 -9999 -9999 -9999 -9999 -9999 -9999 -9999 -9999 -9999 -9999 -9999 -9999 -9999 -9999 -9999 -9999 -9999 -9999 -9999 -9999 0.387 0.409 0.435 0.432 0.439 0.441 0.42 0.414 0.406 0.427 0.445 0.458 0.488 0.479 0.476 0.497 0.506 0.509 0.515 0.516 0.521 0.515 0.501 0.491 0.477 0.475 0.468 0.484 0.497 0.505 0.506 0.514 0.519 0.497 0.478 0.482 0.486 0.486 0.489 0.479 0.471 0.465 0.464 0.468 0.472 0.465 0.454 0.442 0.431 0.438 0.441 0.442 0.445 0.442
-9999 -9999 -9999 -9999 -9999 -9999 -9999 -9999 -9999 -9999 -9999 -9999 -9999 -9999 -9999 -9999 -9999 -9999 -9999 -9999 -9999 0.386 0.392 0.414 0.439 0.446 0.455 0.44 0.421 0.415 0.407 0.421 0.438 0.464 0.493 0.494 0.492 0.501 0.51 0.515 0.52 0.524 0.53 0.52 0.506 0.494 0.48 0.473 0.465 0.481 0.502 0.51 0.519 0.528 0.538 0.518 0.492 0.495 0.501 0.501 0.503 0.494 0.483 0.477 0.471 0.474 0.48 0.473 0.465 0.451 0.437 0.442 0.451 0.452 0.456 0.452
-9999 -9999 -9999 -9999 -9999 -9999 -9999 -9999 -9999 -9999 -9999 -9999 -9999 -9999 -9999 -9999 -9999 -9999 -9999 -9999 -9999 0.39 0.409 0.42 0.412 0.421 0.439 0.428 0.419 0.417 0.421 0.433 0.443 0.468 0.497 0.5 0.504 0.513 0.519 0.524 0.527 0.531 0.535 0.526 0.512 0.5 0.486 0.482 0.486 0.498 0.503 0.511 0.52 0.526 0.534 0.524 0.504 0.504 0.508 0.503 0.501 0.49 0.479 0.478 0.475 0.474 0.476 0.474 0.469 0.466 0.458 0.456 0.461 0.452 0.449 0.44
-9999 -9999 -9999 -9999 -9999 -9999 -9999 -9999 -9999 -9999 -9999 -9999 -9999 -9999 -9999 -9999 -9999 -9999 -9999 -9999 -9999 0.406 0.419 0.413 0.405 0.42 0.437 0.432 0.424 0.428 0.431 0.44 0.45 0.474 0.502 0.509 0.514 0.522 0.528 0.531 0.534 0.538 0.542 0.533 0.52 0.509 0.495 0.498 0.502 0.506 0.511 0.518 0.527 0.533 0.539 0.53 0.517 0.517 0.519 0.514 0.509 0.498 0.486 0.486 0.487 0.485 0.484 0.481 0.479 0.475 0.473 0.472 0.473 0.464 0.455 0.445
-9999 -9999 -9999 -9999 -9999 -9999 -9999 -9999 -9999 -9999 -9999 -9999 -9999 -9999 -9999 -9999 -9999 -9999 -9999 -9999 0.394 0.411 0.424 0.425 0.435 0.442 0.43 0.431 0.443 0.444 0.44 0.45 0.467 0.487 0.502 0.512 0.529 0.537 0.544 0.548 0.549 0.55 0.545 0.537 0.527 0.519 0.517 0.52 0.524 0.524 0.515 0.515 0.52 0.538 0.552 0.541 0.527 0.523 0.521 0.522 0.521 0.515 0.506 0.496 0.492 0.493 0.494 0.487 0.482 0.489 0.494 0.484 0.479 0.467 0.455 0.458
-9999 -9999 -9999 -9999 -9999 -9999 -9999 -9999 -9999 -9999 -9999 -9999 -9999 -9999 -9999 -9999 -9999 -9999 -9999 0.387 0.402 0.414 0.429 0.44 0.452 0.443 0.431 0.443 0.455 0.452 0.448 0.463 0.479 0.493 0.507 0.523 0.539 0.547 0.554 0.558 0.56 0.557 0.552 0.545 0.536 0.535 0.532 0.536 0.541 0.533 0.524 0.524 0.525 0.542 0.563 0.553 0.538 0.535 0.531 0.531 0.534 0.528 0.522 0.512 0.502 0.503 0.506 0.499 0.492 0.498 0.51 0.499 0.489 0.476 0.462 0.463
-9999 -9999 -9999 -9999 -9999 -9999 -9999 -9999 -9999 -9999 -9999 -9999 -9999 -9999 -9999 -9999 -9999 0.367 0.382 0.397 0.413 0.426 0.438 0.444 0.443 0.441 0.45 0.459 0.462 0.467 0.479 0.487 0.482 0.502 0.537 0.542 0.526 0.538 0.561 0.563 0.56 0.564 0.579 0.573 0.562 0.562 0.56 0.557 0.541 0.537 0.538 0.547 0.553 0.548 0.557 0.559 0.553 0.542 0.535 0.534 0.535 0.532 0.527 0.524 0.517 0.516 0.518 0.51 0.502 0.498 0.503 0.498 0.489 0.48 0.468 0.466
