Validation/Results/ReClimate_09_2024_1_Temperature.asc
NCOLS 192
NROWS 249
XLLCENTER -225160.85627316462
YLLCENTER 29788.11610251502
CELLSIZE 5000.0
NODATA_VALUE -9999
[rows 170 to 203 of 249, columns 75 to 149 of 192]
-9999 -9999 -9999 -9999 -9999 -9999 -9999 -9999 -9999 -9999 -9999 -9999 -9999 -9999 -9999 -9999 -9999 -0.301 -0.295 -9999 -9999 -9999 -9999 -9999 -9999 -9999 -9999 -9999 -9999 -9999 -9999 -9999 -9999 -9999 -9999 -9999 -0.235 -0.266 -0.239 -0.206 -0.213 -0.221 -0.217 -0.211 -0.212 -0.214 -0.214 -0.216 -0.207 -0.197 -0.207 -0.22 -0.217 -0.214 -0.209 -0.203 -0.202 -0.202 -0.19 -0.174 -0.17 -0.164 -0.165 -0.166 -0.15 -0.13 -0.135 -0.142 -0.149 -0.16 -0.152 -0.143 -0.133 -0.121 -0.123
-9999 -9999 -9999 -9999 -9999 -9999 -9999 -9999 -9999 -9999 -9999 -9999 -9999 -9999 -9999 -9999 -9999 -0.301 -0.296 -0.293 -9999 -9999 -9999 -9999 -9999 -9999 -9999 -9999 -9999 -9999 -9999 -9999 -9999 -9999 -9999 -0.174 -0.227 -0.265 -0.249 -0.25 -0.247 -0.223 -0.218 -0.214 -0.214 -0.212 -0.213 -0.216 -0.21 -0.209 -0.214 -0.211 -0.208 -0.205 -0.206 -0.203 -0.205 -0.207 -0.184 -0.162 -0.161 -0.157 -0.158 -0.159 -0.155 -0.142 -0.14 -0.142 -0.132 -0.131 -0.129 -0.123 -0.125 -0.12 -0.113
-9999 -9999 -9999 -9999 -9999 -9999 -9999 -9999 -9999 -9999 -9999 -9999 -9999 -9999 -9999 -9999 -0.307 -0.299 -0.295 -0.292 -0.288 -9999 -9999 -9999 -9999 -9999 -9999 -9999 -9999 -9999 -9999 -9999 -0.163 -9999 -9999 -0.175 -0.206 -0.263 -0.264 -0.266 -9999 -0.223 -0.219 -0.214 -0.213 -0.211 -0.213 -0.216 -0.214 -0.214 -0.211 -0.207 -0.204 -0.202 -0.201 -0.202 -0.204 -0.208 -0.186 -0.158 -0.156 -0.153 -0.154 -0.155 -0.15 -0.144 -0.142 -0.14 -0.13 -0.118 -0.115 -0.113 -0.114 -0.116 -0.109
-9999 -9999 -9999 -9999 -9999 -9999 -9999 -9999 -9999 -9999 -9999 -9999 -9999 -9999 -9999 -9999 -0.306 -0.295 -0.291 -0.288 -0.285 -0.285 -0.275 -9999 -9999 -9999 -0.265 -0.293 -9999 -0.227 -0.181 -0.175 -0.176 -0.177 -9999 -9999 -0.208 -0.209 -9999 -9999 -0.245 -0.216 -0.212 -0.21 -0.22 -0.254 -0.245 -0.21 -0.213 -0.222 -0.213 -0.206 -0.208 -0.209 -0.205 -0.203 -0.193 -0.189 -0.178 -0.156 -0.157 -0.155 -0.153 -0.152 -0.148 -0.143 -0.126 -0.114 -0.113 -0.106 -0.105 -0.103 -0.099 -0.097 -0.098
-9999 -9999 -9999 -9999 -9999 -9999 -9999 -9999 -9999 -9999 -9999 -9999 -9999 -9999 -9999 -9999 -9999 -0.292 -0.288 -0.285 -0.283 -0.283 -9999 -9999 -0.256 -0.256 -0.274 -0.3 -0.259 -0.205 -0.197 -0.181 -0.18 -0.18 -0.183 -9999 -0.188 -0.187 -0.221 -0.264 -0.24 -0.212 -0.21 -0.208 -0.235 -0.269 -0.241 -0.207 -0.215 -0.225 -0.216 -0.205 -0.208 -0.212 -0.207 -0.203 -0.193 -0.182 -0.17 -0.155 -0.154 -0.154 -0.151 -0.149 -0.144 -0.14 -0.123 -0.104 -0.101 -0.1 -0.098 -0.097 -0.092 -0.087 -0.086
-9999 -9999 -9999 -9999 -9999 -9999 -9999 -9999 -9999 -9999 -9999 -9999 -9999 -9999 -9999 -9999 -9999 -0.293 -0.289 -0.281 -0.296 -0.341 -0.33 -0.314 -0.3 -0.254 -0.265 -0.26 -0.232 -0.229 -0.214 -0.191 -0.191 -0.194 -0.19 -0.179 -0.179 -0.186 -0.206 -0.21 -0.2 -0.22 -0.215 -0.203 -0.215 -0.208 -0.19 -0.195 -0.201 -0.206 -0.2 -0.202 -0.205 -0.209 -0.202 -0.195 -0.191 -0.183 -0.179 -0.169 -0.161 -0.157 -0.147 -0.141 -0.128 -0.117 -0.118 -0.109 -0.103 -0.1 -0.091 -0.085 -0.081 -0.076 -0.066
-9999 -9999 -9999 -9999 -9999 -9999 -9999 -9999 -9999 -9999 -9999 -9999 -9999 -9999 -9999 -9999 -9999 -9999 -0.29 -0.279 -0.315 -0.36 -0.349 -0.335 -0.298 -0.254 -0.249 -0.243 -0.24 -0.237 -0.218 -0.196 -0.197 -0.2 -0.188 -0.175 -0.179 -0.186 -0.186 -0.188 -0.204 -0.223 -0.212 -0.201 -0.193 -0.183 -0.186 -0.19 -0.194 -0.198 -0.2 -0.201 -0.204 -0.208 -0.201 -0.193 -0.188 -0.182 -0.178 -0.172 -0.165 -0.156 -0.147 -0.136 -0.123 -0.108 -0.107 -0.109 -0.103 -0.098 -0.088 -0.077 -0.072 -0.068 -0.058
-9999 -9999 -9999 -9999 -9999 -9999 -9999 -9999 -9999 -9999 -9999 -9999 -9999 -9999 -9999 -9999 -9999 -9999 -9999 -9999 -0.308 -0.305 -0.305 -0.333 -0.298 -0.257 -0.247 -0.225 -0.225 -0.232 -0.216 -0.204 -0.201 -0.189 -0.186 -0.2 -0.198 -0.184 -0.185 -0.19 -0.196 -0.188 -0.185 -0.197 -0.19 -0.186 -0.192 -0.207 -0.207 -0.2 -0.201 -0.2 -0.199 -0.201 -0.19 -0.179 -0.18 -0.178 -0.171 -0.165 -0.162 -0.156 -0.151 -0.142 -0.125 -0.108 -0.099 -0.094 -0.091 -0.086 -0.082 -0.076 -0.067 -0.06 -0.047
-9999 -9999 -9999 -9999 -9999 -9999 -9999 -9999 -9999 -9999 -9999 -9999 -9999 -9999 -9999 -9999 -9999 -9999 -9999 -0.29 -0.285 -0.281 -0.303 -0.329 -0.296 -0.257 -0.239 -0.218 -0.223 -0.23 -0.219 -0.208 -0.197 -0.186 -0.196 -0.21 -0.198 -0.184 -0.186 -0.19 -0.183 -0.175 -0.184 -0.195 -0.191 -0.187 -0.198 -0.213 -0.207 -0.2 -0.2 -0.2 -0.199 -0.198 -0.187 -0.173 -0.173 -0.173 -0.167 -0.16 -0.156 -0.154 -0.148 -0.143 -0.126 -0.106 -0.098 -0.088 -0.084 -0.081 -0.077 -0.074 -0.065 -0.055 -0.042
-9999 -9999 -9999 -9999 -9999 -9999 -9999 -9999 -9999 -9999 -9999 -9999 -9999 -9999 -9999 -9999 -9999 -9999 -0.288 -0.275 -0.272 -0.27 -0.283 -0.287 -0.267 -0.269 -0.257 -0.25 -0.25 -0.234 -0.221 -0.203 -0.2 -0.211 -0.217 -0.216 -0.204 -0.191 -0.189 -0.181 -0.179 -0.188 -0.193 -0.194 -0.191 -0.191 -0.198 -0.202 -0.197 -0.197 -0.198 -0.2 -0.191 -0.185 -0.179 -0.168 -0.161 -0.158 -0.158 -0.156 -0.147 -0.142 -0.128 -0.117 -0.106 -0.089 -0.093 -0.092 -0.079 -0.071 -0.065 -0.06 -0.051 -0.041 -0.036
-9999 -9999 -9999 -9999 -9999 -9999 -9999 -9999 -9999 -9999 -9999 -9999 -9999 -9999 -9999 -9999 -9999 -0.286 -0.277 -0.268 -0.266 -0.264 -0.266 -0.268 -0.27 -0.272 -0.267 -0.262 -0.249 -0.234 -0.219 -0.202 -0.21 -0.221 -0.219 -0.219 -0.207 -0.194 -0.186 -0.177 -0.184 -0.193 -0.193 -0.193 -0.193 -0.193 -0.194 -0.197 -0.196 -0.195 -0.197 -0.199 -0.19 -0.179 -0.172 -0.164 -0.157 -0.15 -0.15 -0.152 -0.144 -0.135 -0.121 -0.106 -0.094 -0.081 -0.084 -0.09 -0.078 -0.064 -0.058 -0.052 -0.043 -0.033 -0.028
-9999 -9999 -9999 -9999 -9999 -9999 -9999 -9999 -9999 -9999 -9999 -9999 -9999 -9999 -9999 -0.273 -0.277 -0.266 -0.26 -0.256 -0.253 -0.252 -0.255 -0.263 -0.263 -0.264 -0.259 -0.253 -0.24 -0.223 -0.214 -0.214 -0.226 -0.247 -0.24 -0.219 -0.207 -0.192 -0.186 -0.185 -0.189 -0.19 -0.191 -0.195 -0.193 -0.191 -0.191 -0.187 -0.186 -0.186 -0.183 -0.175 -0.183 -0.181 -0.166 -0.153 -0.151 -0.146 -0.137 -0.133 -0.128 -0.12 -0.12 -0.113 -0.1 -0.087 -0.081 -0.081 -0.068 -0.053 -0.051 -0.047 -0.037 -0.028 -0.017
-9999 -9999 -9999 -9999 -9999 -9999 -9999 -9999 -9999 -9999 -9999 -9999 -9999 -9999 -0.269 -0.266 -0.26 -0.259 -9999 -9999 -9999 -9999 -0.251 -0.259 -0.259 -0.259 -0.254 -0.248 -0.234 -0.219 -0.219 -0.219 -0.235 -0.256 -0.239 -0.219 -0.206 -0.191 -0.19 -0.188 -0.188 -0.189 -0.192 -0.195 -0.193 -0.19 -0.186 -0.182 -0.181 -0.181 -0.174 -0.166 -0.172 -0.179 -0.165 -0.148 -0.145 -0.143 -0.134 -0.125 -0.119 -0.113 -0.112 -0.113 -0.101 -0.087 -0.081 -0.076 -0.062 -0.046 -0.043 -0.041 -0.031 -0.022 -0.01
-9999 -9999 -9999 -9999 -9999 -9999 -9999 -9999 -9999 -9999 -9999 -9999 -9999 -9999 -0.269 -0.269 -0.265 -9999 -9999 -9999 -9999 -9999 -0.255 -0.257 -0.257 -0.257 -0.252 -0.247 -0.239 -0.237 -0.235 -0.228 -0.241 -0.249 -0.234 -0.22 -0.207 -0.193 -0.191 -0.189 -0.189 -0.189 -0.193 -0.202 -0.196 -0.184 -0.183 -0.188 -0.184 -0.173 -0.165 -0.155 -0.16 -0.167 -0.163 -0.153 -0.137 -0.128 -0.131 -0.129 -0.124 -0.119 -0.108 -0.102 -0.091 -0.079 -0.07 -0.061 -0.053 -0.04 -0.037 -0.036 -0.019 -0.005 -0.002
-9999 -9999 -9999 -9999 -9999 -9999 -9999 -9999 -9999 -9999 -9999 -9999 -9999 -9999 -9999 -9999 -0.267 -9999 -9999 -9999 -9999 -9999 -0.243 -0.254 -0.254 -0.255 -0.25 -0.246 -0.244 -0.242 -0.236 -0.23 -0.236 -0.243 -0.232 -0.218 -0.206 -0.193 -0.191 -0.189 -0.189 -0.19 -0.195 -0.202 -0.192 -0.181 -0.184 -0.189 -0.18 -0.169 -0.161 -0.151 -0.155 -0.16 -0.157 -0.154 -0.139 -0.121 -0.124 -0.129 -0.124 -0.119 -0.108 -0.096 -0.085 -0.073 -0.063 -0.053 -0.043 -0.034 -0.03 -0.028 -0.011 0.006 0.009
-9999 -9999 -9999 -9999 -9999 -9999 -9999 -9999 -9999 -9999 -9999 -9999 -9999 -9999 -9999 -9999 -9999 -9999 -9999 -9999 -9999 -9999 -0.235 -0.238 -0.25 -0.29 -0.277 -0.242 -0.243 -0.248 -0.242 -0.234 -0.239 -0.243 -0.231 -0.213 -0.204 -0.196 -0.193 -0.187 -0.188 -0.193 -0.196 -0.199 -0.19 -0.18 -0.18 -0.176 -0.166 -0.155 -0.157 -0.153 -0.14 -0.135 -0.131 -0.127 -0.134 -0.129 -0.121 -0.119 -0.101 -0.088 -0.086 -0.079 -0.066 -0.052 -0.051 -0.047 -0.04 -0.032 -0.017 -0.007 -0.002 0.008 0.026
-9999 -9999 -9999 -9999 -9999 -9999 -9999 -9999 -9999 -9999 -9999 -9999 -9999 -9999 -9999 -9999 -9999 -9999 -9999 -9999 -9999 -9999 -9999 -0.228 -0.26 -0.299 -0.271 -0.238 -0.242 -0.247 -0.241 -0.233 -0.236 -0.241 -0.227 -0.21 -0.203 -0.196 -0.191 -0.185 -0.188 -0.192 -0.193 -0.196 -0.187 -0.178 -0.175 -0.171 -0.161 -0.15 -0.151 -0.153 -0.14 -0.125 -0.121 -0.117 -0.122 -0.131 -0.123 -0.114 -0.095 -0.074 -0.071 -0.069 -0.056 -0.041 -0.039 -0.04 -0.033 -0.026 -0.011 0.005 0.011 0.013 0.029
-9999 -9999 -9999 -9999 -9999 -9999 -9999 -9999 -9999 -9999 -9999 -9999 -9999 -9999 -9999 -9999 -9999 -9999 -9999 -9999 -9999 -9999 -0.298 -0.28 -0.304 -0.313 -0.294 -0.283 -0.278 -0.25 -0.241 -0.222 -0.223 -0.22 -0.213 -0.218 -0.211 -0.198 -0.196 -0.198 -0.195 -0.18 -0.179 -0.177 -0.171 -0.169 -0.166 -0.166 -0.16 -0.158 -0.153 -0.15 -0.139 -0.125 -0.119 -0.114 -0.108 -0.109 -0.111 -0.107 -0.084 -0.059 -0.066 -0.071 -0.056 -0.04 -0.024 -0.014 -0.007 0.001 0.017 0.035 0.038 0.04 0.041
-9999 -9999 -9999 -9999 -9999 -9999 -9999 -9999 -9999 -9999 -9999 -9999 -9999 -9999 -9999 -9999 -9999 -9999 -9999 -9999 -9999 -9999 -0.279 -0.298 -0.305 -0.314 -0.306 -0.298 -0.275 -0.248 -0.234 -0.216 -0.213 -0.21 -0.215 -0.22 -0.21 -0.198 -0.199 -0.201 -0.189 -0.174 -0.171 -0.168 -0.166 -0.164 -0.163 -0.163 -0.162 -0.16 -0.155 -0.148 -0.137 -0.125 -0.118 -0.112 -0.105 -0.099 -0.099 -0.102 -0.079 -0.052 -0.058 -0.068 -0.053 -0.037 -0.02 -0.002 0.007 0.015 0.032 0.049 0.052 0.052 0.054
-9999 -9999 -9999 -9999 -9999 -9999 -9999 -9999 -9999 -9999 -9999 -9999 -9999 -9999 -9999 -9999 -9999 -9999 -9999 -9999 -9999 -9999 -0.216 -0.235 -0.239 -0.25 -0.245 -0.25 -0.236 -0.238 -0.226 -0.217 -0.213 -0.203 -0.207 -0.211 -0.2 -0.188 -0.193 -0.21 -0.198 -0.181 -0.177 -0.169 -0.165 -0.157 -0.155 -0.151 -0.151 -0.154 -0.158 -0.158 -0.143 -0.13 -0.121 -0.112 -0.103 -0.094 -0.085 -0.082 -0.073 -0.055 -0.05 -0.054 -0.048 -0.038 -0.016 0.004 0.009 0.014 0.035 0.053 0.055 0.054 0.059
-9999 -9999 -9999 -9999 -9999 -9999 -9999 -9999 -9999 -9999 -9999 -9999 -9999 -9999 -9999 -9999 -9999 -9999 -9999 -9999 -9999 -9999 -9999 -0.208 -0.213 -0.222 -0.225 -0.229 -0.23 -0.231 -0.224 -0.216 -0.208 -0.199 -0.202 -0.206 -0.195 -0.182 -0.195 -0.212 -0.198 -0.183 -0.176 -0.168 -0.161 -0.153 -0.149 -0.146 -0.148 -0.15 -0.154 -0.159 -0.146 -0.129 -0.12 -0.11 -0.101 -0.09 -0.081 -0.072 -0.063 -0.053 -0.049 -0.046 -0.04 -0.035 -0.014 0.009 0.015 0.018 0.038 0.057 0.059 0.057 0.062
-9999 -9999 -9999 -9999 -9999 -9999 -9999 -9999 -9999 -9999 -9999 -9999 -9999 -9999 -9999 -9999 -9999 -9999 -9999 -9999 -9999 -9999 -9999 -0.213 -0.234 -0.283 -0.275 -0.236 -0.23 -0.21 -0.206 -0.207 -0.2 -0.194 -0.199 -0.208 -0.2 -0.195 -0.201 -0.192 -0.182 -0.179 -0.173 -0.165 -0.16 -0.159 -0.157 -0.158 -0.157 -0.147 -0.145 -0.146 -0.13 -0.112 -0.107 -0.1 -0.099 -0.094 -0.087 -0.08 -0.072 -0.065 -0.047 -0.036 -0.029 -0.023 -0.017 -0.002 0.024 0.04 0.058 0.076 0.073 0.07 0.066
-9999 -9999 -9999 -9999 -9999 -9999 -9999 -9999 -9999 -9999 -9999 -9999 -9999 -9999 -9999 -9999 -9999 -9999 -9999 -9999 -9999 -9999 -0.212 -0.214 -0.254 -0.303 -0.273 -0.236 -0.219 -0.2 -0.201 -0.202 -0.197 -0.191 -0.199 -0.207 -0.203 -0.199 -0.191 -0.182 -0.179 -0.176 -0.17 -0.163 -0.161 -0.16 -0.161 -0.162 -0.154 -0.144 -0.142 -0.138 -0.122 -0.103 -0.098 -0.094 -0.092 -0.092 -0.085 -0.079 -0.072 -0.066 -0.049 -0.03 -0.022 -0.016 -0.009 -0.002 0.023 0.05 0.069 0.084 0.082 0.077 0.073
-9999 -9999 -9999 -9999 -9999 -9999 -9999 -9999 -9999 -9999 -9999 -9999 -9999 -9999 -9999 -9999 -9999 -9999 -9999 -9999 -9999 -9999 -0.216 -0.211 -0.237 -0.251 -0.23 -0.231 -0.216 -0.199 -0.202 -0.207 -0.204 -0.202 -0.209 -0.214 -0.206 -0.189 -0.183 -0.179 -0.181 -0.19 -0.182 -0.168 -0.164 -0.155 -0.152 -0.144 -0.139 -0.138 -0.136 -0.134 -0.124 -0.11 -0.096 -0.087 -0.093 -0.098 -0.086 -0.076 -0.072 -0.068 -0.049 -0.029 -0.018 -0.008 0.002 0.01 0.037 0.065 0.075 0.085 0.088 0.087 0.085
-9999 -9999 -9999 -9999 -9999 -9999 -9999 -9999 -9999 -9999 -9999 -9999 -9999 -9999 -9999 -9999 -9999 -9999 -9999 -9999 -9999 -9999 -0.213 -0.208 -0.216 -0.227 -0.226 -0.227 -0.213 -0.197 -0.202 -0.208 -0.207 -0.205 -0.209 -0.214 -0.2 -0.184 -0.18 -0.177 -0.184 -0.194 -0.182 -0.168 -0.16 -0.152 -0.145 -0.136 -0.136 -0.134 -0.131 -0.129 -0.12 -0.11 -0.096 -0.081 -0.087 -0.096 -0.085 -0.072 -0.068 -0.065 -0.047 -0.026 -0.014 -0.002 0.008 0.018 0.043 0.072 0.083 0.087 0.09 0.092 0.091
-9999 -9999 -9999 -9999 -9999 -9999 -9999 -9999 -9999 -9999 -9999 -9999 -9999 -9999 -9999 -9999 -9999 -9999 -9999 -9999 -9999 -0.214 -0.21 -0.175 -0.189 -0.221 -0.22 -0.218 -0.21 -0.211 -0.208 -0.189 -0.193 -0.207 -0.208 -0.205 -0.195 -0.189 -0.185 -0.176 -0.179 -0.173 -0.163 -0.157 -0.148 -0.138 -0.131 -0.125 -0.124 -0.123 -0.122 -0.127 -0.113 -0.1 -0.088 -0.073 -0.065 -0.065 -0.066 -0.061 -0.05 -0.043 -0.028 -0.009 -0.005 0.003 0.021 0.035 0.045 0.063 0.081 0.09 0.098 0.102 0.107
-9999 -9999 -9999 -9999 -9999 -9999 -9999 -9999 -9999 -9999 -9999 -9999 -9999 -9999 -9999 -9999 -9999 -9999 -9999 -9999 -0.218 -0.213 -0.189 -0.162 -0.187 -0.218 -0.215 -0.213 -0.213 -0.214 -0.199 -0.18 -0.191 -0.204 -0.201 -0.198 -0.194 -0.189 -0.182 -0.174 -0.169 -0.163 -0.157 -0.151 -0.141 -0.131 -0.125 -0.118 -0.117 -0.116 -0.119 -0.124 -0.11 -0.094 -0.082 -0.068 -0.06 -0.051 -0.051 -0.053 -0.043 -0.032 -0.017 -0.0 0.005 0.008 0.025 0.043 0.054 0.062 0.078 0.092 0.1 0.108 0.111
-9999 -9999 -9999 -9999 -9999 -9999 -9999 -9999 -9999 -9999 -9999 -9999 -9999 -9999 -9999 -9999 -9999 -9999 -0.23 -0.223 -0.224 -0.209 -0.195 -0.195 -0.211 -0.21 -0.206 -0.2 -0.202 -0.211 -0.194 -0.175 -0.185 -0.194 -0.191 -0.19 -0.185 -0.177 -0.17 -0.165 -0.158 -0.15 -0.146 -0.147 -0.138 -0.13 -0.125 -0.121 -0.119 -0.115 -0.111 -0.095 -0.087 -0.074 -0.079 -0.076 -0.063 -0.052 -0.047 -0.046 -0.035 -0.024 -0.004 0.016 0.017 0.018 0.028 0.042 0.061 0.074 0.081 0.092 0.106 0.115 0.118
-9999 -9999 -9999 -9999 -9999 -9999 -9999 -9999 -9999 -9999 -9999 -9999 -9999 -9999 -9999 -9999 -9999 -0.234 -0.229 -0.238 -0.225 -0.207 -0.207 -0.208 -0.206 -0.206 -0.2 -0.193 -0.199 -0.206 -0.19 -0.171 -0.179 -0.187 -0.185 -0.184 -0.178 -0.17 -0.165 -0.159 -0.152 -0.144 -0.143 -0.143 -0.136 -0.128 -0.124 -0.119 -0.116 -0.112 -0.098 -0.082 -0.073 -0.064 -0.068 -0.076 -0.063 -0.049 -0.044 -0.04 -0.029 -0.018 0.001 0.022 0.024 0.023 0.033 0.044 0.062 0.079 0.086 0.092 0.106 0.118 0.121
-9999 -9999 -9999 -9999 -9999 -9999 -9999 -9999 -9999 -9999 -9999 -9999 -9999 -9999 -0.281 -0.294 -0.265 -0.231 -0.23 -0.222 -0.213 -0.216 -0.216 -0.215 -0.215 -0.219 -0.214 -0.207 -0.21 -0.207 -0.193 -0.179 -0.182 -0.178 -0.174 -0.167 -0.162 -0.161 -0.154 -0.143 -0.137 -0.133 -0.134 -0.136 -0.131 -0.13 -0.126 -0.124 -0.12 -0.113 -0.103 -0.091 -0.078 -0.067 -0.057 -0.055 -0.057 -0.051 -0.035 -0.025 -0.016 -0.007 -0.004 0.007 0.027 0.038 0.042 0.049 0.062 0.078 0.092 0.102 0.104 0.108 0.115
-9999 -9999 -9999 -9999 -9999 -9999 -9999 -9999 -9999 -9999 -9999 -9999 -0.255 -0.253 -0.264 -0.287 -0.26 -0.227 -0.22 -0.212 -0.215 -0.218 -0.217 -0.215 -0.218 -0.221 -0.216 -0.21 -0.207 -0.205 -0.194 -0.181 -0.177 -0.174 -0.166 -0.158 -0.157 -0.156 -0.146 -0.135 -0.132 -0.128 -0.13 -0.132 -0.13 -0.128 -0.125 -0.123 -0.117 -0.11 -0.101 -0.09 -0.078 -0.066 -0.055 -0.045 -0.046 -0.049 -0.035 -0.018 -0.009 -0.001 0.002 0.003 0.022 0.044 0.048 0.05 0.062 0.075 0.088 0.104 0.107 0.104 0.11
-9999 -9999 -9999 -9999 -9999 -9999 -9999 -9999 -0.316 -0.295 -0.28 -0.266 -0.263 -0.24 -0.25 -0.248 -0.23 -0.227 -0.219 -0.209 -0.211 -0.215 -0.213 -0.212 -0.211 -0.208 -0.207 -0.215 -0.213 -0.212 -0.203 -0.192 -0.186 -0.172 -0.172 -0.185 -0.175 -0.141 -0.134 -0.13 -0.124 -0.114 -0.117 -0.124 -0.12 -0.114 -0.109 -0.102 -0.095 -0.09 -0.082 -0.072 -0.068 -0.059 -0.049 -0.038 -0.035 -0.036 -0.025 -0.011 -0.007 -0.002 0.008 0.014 0.025 0.041 0.046 0.048 0.063 0.078 0.084 0.094 0.101 0.101 0.1
-9999 -9999 -9999 -9999 -9999 -9999 -9999 -0.323 -0.31 -0.291 -0.286 -0.286 -0.266 -0.235 -0.232 -0.229 -0.226 -0.224 -0.215 -0.205 -0.207 -0.21 -0.209 -0.207 -0.203 -0.199 -0.206 -0.215 -0.214 -0.213 -0.205 -0.195 -0.183 -0.169 -0.18 -0.195 -0.167 -0.135 -0.131 -0.128 -0.119 -0.108 -0.113 -0.118 -0.113 -0.106 -0.099 -0.092 -0.086 -0.08 -0.073 -0.064 -0.06 -0.056 -0.046 -0.035 -0.032 -0.031 -0.02 -0.008 -0.004 -0.001 0.009 0.019 0.029 0.04 0.044 0.046 0.06 0.077 0.083 0.089 0.095 0.097 0.096
-9999 -9999 -9999 -9999 -9999 -9999 -0.328 -0.318 -0.305 -0.292 -0.29 -0.286 -0.272 -0.278 -0.265 -0.225 -0.22 -0.21 -0.203 -0.2 -0.198 -0.187 -0.186 -0.189 -0.191 -0.206 -0.216 -0.233 -0.224 -0.196 -0.191 -0.192 -0.181 -0.171 -0.178 -0.181 -0.159 -0.144 -0.141 -0.136 -0.129 -0.121 -0.125 -0.127 -0.12 -0.111 -0.102 -0.09 -0.088 -0.093 -0.086 -0.076 -0.068 -0.063 -0.053 -0.043 -0.039 -0.037 -0.019 -0.003 0.002 0.006 0.018 0.029 0.036 0.044 0.057 0.065 0.064 0.071 0.071 0.073 0.075 0.074 0.084
