Validation/Results/ReClimate_06_2024_2_Temperature-Actuals.asc
NCOLS 192
NROWS 249
XLLCENTER -225160.85627316462
YLLCENTER 29788.11610251502
CELLSIZE 5000.0
NODATA_VALUE -9999
[rows 102 to 135 of 249, columns 75 to 149 of 192]
13.063 11.907 12.452 12.395 14.338 15.102 -9999 -9999 14.309 -9999 -9999 14.933 12.453 12.223 13.941 13.028 10.804 12.519 11.532 11.654 12.008 12.579 14.204 13.229 12.354 11.53 12.214 13.292 12.627 12.922 14.174 15.059 15.513 15.401 14.892 14.075 14.932 15.234 15.361 15.567 15.416 15.338 -9999 -9999 -9999 -9999 -9999 -9999 -9999 -9999 -9999 -9999 -9999 -9999 -9999 -9999 -9999 -9999 -9999 -9999 -9999 -9999 -9999 -9999 -9999 -9999 -9999 -9999 -9999 -9999 -9999 -9999 -9999 -9999 -9999
13.759 13.602 12.784 14.066 -9999 -9999 -9999 14.947 13.931 14.549 14.272 14.17 13.178 14.967 14.507 12.812 12.68 13.068 13.2 13.268 13.266 13.276 12.269 13.187 12.455 12.808 12.649 12.332 13.019 13.857 14.767 15.419 15.597 15.29 14.565 15.144 15.674 -9999 -9999 15.726 -9999 -9999 -9999 -9999 -9999 -9999 -9999 -9999 -9999 -9999 -9999 -9999 -9999 -9999 -9999 -9999 -9999 -9999 -9999 -9999 -9999 -9999 -9999 -9999 -9999 -9999 -9999 -9999 -9999 -9999 -9999 -9999 -9999 -9999 -9999
14.497 13.488 -9999 14.049 -9999 -9999 -9999 14.731 13.959 13.866 13.923 14.482 15.033 14.134 12.899 12.656 13.154 13.54 13.147 12.792 13.417 12.893 14.228 13.388 13.195 14.029 14.5 14.77 14.659 15.138 15.449 15.509 15.638 15.596 15.455 15.791 -9999 15.521 15.563 15.436 15.392 -9999 -9999 -9999 -9999 -9999 -9999 -9999 -9999 -9999 -9999 -9999 -9999 -9999 -9999 -9999 -9999 -9999 -9999 -9999 -9999 -9999 -9999 -9999 -9999 -9999 -9999 -9999 -9999 -9999 -9999 -9999 -9999 -9999 -9999
15.005 -9999 -9999 -9999 -9999 14.982 14.649 13.894 13.959 13.54 14.036 13.775 12.954 12.439 12.398 13.509 13.36 13.953 12.618 13.872 12.459 14.094 13.014 12.166 14.081 14.74 14.531 14.854 15.404 15.469 15.667 15.774 15.922 15.938 -9999 15.723 15.517 15.489 15.34 15.527 15.32 -9999 -9999 -9999 -9999 -9999 -9999 -9999 -9999 -9999 -9999 -9999 -9999 -9999 -9999 -9999 -9999 -9999 -9999 -9999 -9999 -9999 -9999 -9999 -9999 -9999 -9999 -9999 -9999 -9999 -9999 -9999 -9999 -9999 -9999
-9999 -9999 -9999 -9999 -9999 14.798 15.174 14.692 13.722 13.881 14.206 13.069 13.99 13.903 13.481 12.652 14.086 14.154 13.289 12.626 13.471 13.561 12.382 13.506 13.413 13.053 14.065 14.626 14.792 15.065 15.164 14.98 14.973 14.84 15.06 15.615 15.776 15.381 15.129 15.274 15.126 15.165 -9999 -9999 -9999 -9999 -9999 -9999 -9999 -9999 -9999 -9999 -9999 -9999 -9999 -9999 -9999 -9999 -9999 -9999 -9999 -9999 -9999 -9999 -9999 -9999 -9999 -9999 -9999 -9999 -9999 -9999 -9999 -9999 -9999
-9999 -9999 -9999 -9999 14.73 -9999 -9999 14.479 13.801 14.513 13.462 13.971 -9999 -9999 13.013 12.804 13.633 14.166 13.262 13.55 13.883 13.546 13.884 14.702 14.063 14.292 14.622 14.897 14.394 13.851 13.409 13.759 14.025 14.573 15.01 15.181 15.618 15.001 14.979 14.828 14.944 15.051 15.154 -9999 -9999 -9999 -9999 -9999 -9999 -9999 -9999 -9999 -9999 -9999 -9999 -9999 -9999 -9999 -9999 -9999 -9999 -9999 -9999 -9999 -9999 -9999 -9999 -9999 -9999 -9999 -9999 -9999 -9999 -9999 -9999
-9999 -9999 -9999 -9999 14.785 -9999 14.91 14.385 14.604 13.437 13.536 15.012 15.215 13.498 12.772 13.692 15.598 13.676 12.45 14.514 14.546 14.133 14.783 15.106 15.214 15.392 15.207 14.002 12.913 12.965 13.612 14.116 14.75 14.998 14.849 15.017 15.095 15.127 15.4 15.57 15.566 15.556 -9999 -9999 -9999 -9999 -9999 -9999 -9999 -9999 -9999 -9999 -9999 -9999 -9999 -9999 -9999 -9999 -9999 -9999 -9999 -9999 -9999 -9999 -9999 -9999 -9999 -9999 -9999 -9999 -9999 -9999 -9999 -9999 -9999
-9999 -9999 -9999 -9999 14.84 -9999 14.844 15.087 14.383 14.114 14.77 -9999 13.613 13.933 -9999 13.869 13.956 13.725 14.698 13.537 14.764 15.192 15.654 15.824 16.022 16.027 15.445 14.37 14.878 15.161 15.152 14.935 14.778 15.045 14.954 15.209 15.327 15.51 -9999 -9999 -9999 -9999 -9999 -9999 -9999 -9999 -9999 -9999 -9999 -9999 -9999 -9999 -9999 -9999 -9999 -9999 -9999 -9999 -9999 -9999 -9999 -9999 -9999 -9999 -9999 -9999 -9999 -9999 -9999 -9999 -9999 -9999 -9999 -9999 -9999
-9999 -9999 14.574 14.596 -9999 -9999 15.278 14.958 14.484 14.88 14.814 13.112 13.729 12.794 -9999 14.558 13.795 14.548 14.685 14.599 14.825 15.378 15.34 15.236 15.12 15.298 15.778 16.077 16.053 15.824 15.369 14.914 14.845 15.032 15.111 15.234 15.489 -9999 -9999 -9999 -9999 -9999 -9999 -9999 -9999 -9999 -9999 -9999 -9999 -9999 -9999 -9999 -9999 -9999 -9999 -9999 -9999 -9999 -9999 -9999 -9999 -9999 -9999 -9999 -9999 -9999 -9999 -9999 -9999 -9999 -9999 -9999 -9999 -9999 -9999
-9999 14.986 14.717 14.839 -9999 15.262 14.048 14.103 14.912 -9999 13.448 13.918 12.962 12.971 -9999 14.196 13.552 14.768 15.821 15.702 15.729 15.448 15.107 14.755 14.157 14.694 15.569 15.995 -9999 16.035 15.636 15.415 15.356 15.211 14.855 15.17 -9999 -9999 -9999 -9999 -9999 -9999 -9999 -9999 -9999 -9999 -9999 -9999 -9999 -9999 -9999 -9999 -9999 -9999 -9999 -9999 -9999 -9999 -9999 -9999 -9999 -9999 -9999 -9999 -9999 -9999 -9999 -9999 -9999 -9999 -9999 -9999 -9999 -9999 -9999
-9999 15.128 15.118 -9999 -9999 14.68 13.46 14.366 -9999 14.253 14.015 13.96 13.444 13.962 -9999 15.155 15.1 15.574 15.894 15.738 15.435 15.022 13.407 13.385 13.707 14.392 15.424 16.081 16.241 16.335 -9999 -9999 15.884 15.583 -9999 -9999 -9999 -9999 -9999 -9999 15.578 15.547 15.656 -9999 -9999 -9999 -9999 -9999 -9999 -9999 -9999 -9999 -9999 -9999 -9999 -9999 -9999 -9999 -9999 -9999 -9999 -9999 -9999 -9999 -9999 -9999 -9999 -9999 -9999 -9999 -9999 -9999 -9999 -9999 -9999
14.966 14.455 -9999 -9999 14.319 13.928 14.681 14.159 -9999 14.33 13.894 14.687 14.724 13.677 -9999 -9999 -9999 15.904 15.485 14.811 14.65 14.378 14.465 14.917 15.002 15.418 15.571 15.588 15.764 16.008 16.054 15.81 15.634 15.817 -9999 -9999 -9999 -9999 -9999 15.531 15.503 15.446 15.73 15.733 -9999 -9999 -9999 -9999 -9999 -9999 -9999 -9999 -9999 -9999 -9999 -9999 -9999 -9999 -9999 -9999 -9999 -9999 -9999 -9999 -9999 -9999 -9999 -9999 -9999 -9999 -9999 -9999 -9999 -9999 -9999
14.152 14.559 -9999 -9999 -9999 15.247 14.014 14.451 -9999 14.328 -9999 15.127 14.098 15.069 -9999 15.646 15.195 15.114 -9999 15.31 15.561 15.479 15.69 15.591 15.645 15.538 15.325 15.088 15.247 15.41 15.017 15.025 15.537 15.801 15.886 15.819 15.846 -9999 15.628 15.457 15.411 15.588 15.335 14.947 14.833 15.706 -9999 -9999 -9999 -9999 -9999 -9999 -9999 -9999 -9999 -9999 -9999 -9999 -9999 -9999 -9999 -9999 -9999 -9999 -9999 -9999 -9999 -9999 -9999 -9999 -9999 -9999 -9999 -9999 -9999
14.418 -9999 -9999 -9999 -9999 14.358 13.748 14.941 -9999 15.358 -9999 15.212 15.568 -9999 15.423 14.574 14.266 15.12 15.675 15.901 15.85 16.045 15.982 15.677 15.665 15.37 14.789 14.626 14.765 14.842 14.882 15.168 15.376 15.33 15.308 15.227 15.645 15.646 15.228 15.29 15.295 15.196 14.584 14.255 14.076 14.473 15.32 15.428 15.209 -9999 -9999 -9999 -9999 -9999 -9999 -9999 -9999 -9999 -9999 -9999 -9999 -9999 -9999 -9999 -9999 -9999 -9999 -9999 -9999 -9999 -9999 -9999 -9999 -9999 -9999
15.401 -9999 -9999 -9999 -9999 14.377 15.071 14.768 14.535 -9999 -9999 15.877 15.802 -9999 15.324 14.062 13.919 14.947 15.403 15.896 16.144 16.129 16.073 16.187 15.969 15.482 14.934 14.358 14.411 14.54 14.748 14.761 14.528 14.305 14.09 14.735 15.381 15.294 15.055 14.943 14.605 13.62 13.493 13.938 13.974 14.4 14.47 15.04 15.241 14.963 -9999 -9999 -9999 -9999 -9999 -9999 -9999 -9999 -9999 -9999 -9999 -9999 -9999 -9999 -9999 -9999 -9999 -9999 -9999 -9999 -9999 -9999 -9999 -9999 -9999
-9999 -9999 -9999 -9999 -9999 14.99 15.049 14.294 15.345 -9999 -9999 15.795 15.87 -9999 -9999 14.195 14.415 15.215 15.182 15.154 15.467 15.649 15.805 15.593 15.982 15.956 15.27 14.782 14.359 14.187 13.996 14.019 13.6 13.555 14.148 14.619 14.741 14.703 14.49 14.175 13.638 13.553 13.546 13.92 14.192 14.553 15.135 15.236 14.958 14.867 -9999 -9999 -9999 -9999 -9999 -9999 -9999 -9999 -9999 -9999 -9999 -9999 -9999 -9999 -9999 -9999 -9999 -9999 -9999 -9999 -9999 -9999 -9999 -9999 -9999
-9999 -9999 -9999 -9999 -9999 15.347 14.636 14.857 -9999 -9999 -9999 -9999 15.842 -9999 15.458 14.515 15.343 15.54 14.951 14.743 14.677 15.082 15.127 15.259 15.438 15.667 15.553 14.739 14.226 14.132 14.138 13.759 13.517 13.954 14.262 14.187 14.107 13.612 13.749 14.026 14.265 14.206 14.061 14.262 14.458 14.898 15.384 15.356 15.243 15.173 14.872 -9999 -9999 -9999 -9999 -9999 -9999 -9999 -9999 -9999 -9999 -9999 -9999 -9999 -9999 -9999 -9999 -9999 -9999 -9999 -9999 -9999 -9999 -9999 -9999
-9999 -9999 -9999 14.571 14.617 14.503 14.905 -9999 -9999 14.425 -9999 -9999 -9999 -9999 15.496 15.33 15.72 15.559 15.232 14.769 14.496 14.454 14.338 14.396 14.841 15.128 15.214 15.116 14.435 14.408 14.267 14.182 14.388 14.315 13.881 13.947 13.03 12.726 13.359 13.927 14.332 14.649 14.595 14.721 14.675 15.047 15.471 15.528 15.518 15.37 15.246 -9999 -9999 -9999 -9999 -9999 -9999 -9999 -9999 -9999 -9999 -9999 -9999 -9999 -9999 -9999 -9999 -9999 -9999 -9999 -9999 -9999 -9999 -9999 -9999
-9999 -9999 -9999 -9999 14.237 14.416 15.219 -9999 14.538 13.735 14.44 -9999 -9999 -9999 -9999 15.92 15.924 15.895 15.622 15.245 14.872 14.396 14.246 14.444 14.722 14.853 15.053 14.706 14.814 14.618 14.448 14.261 14.238 13.782 14.44 13.945 13.807 13.667 13.232 13.571 14.442 14.734 15.067 15.103 15.109 15.353 15.526 15.614 15.622 15.362 15.33 15.238 -9999 -9999 -9999 -9999 -9999 -9999 -9999 -9999 -9999 -9999 -9999 -9999 -9999 -9999 -9999 -9999 -9999 -9999 -9999 -9999 -9999 -9999 -9999
-9999 -9999 -9999 -9999 14.641 14.486 14.824 -9999 15.016 14.001 14.85 -9999 -9999 -9999 -9999 -9999 15.987 15.986 15.916 15.838 15.492 15.142 14.812 14.396 13.982 14.171 14.507 14.789 14.815 14.549 14.381 14.408 14.132 14.216 14.56 14.34 14.259 14.27 14.661 14.722 14.985 15.057 15.335 15.209 15.46 15.854 15.873 15.844 15.701 15.493 15.117 15.246 15.297 -9999 -9999 -9999 -9999 -9999 -9999 -9999 -9999 -9999 -9999 -9999 -9999 -9999 -9999 -9999 -9999 -9999 -9999 -9999 -9999 -9999 -9999
-9999 -9999 -9999 -9999 14.497 14.054 -9999 -9999 15.538 14.705 14.393 15.326 -9999 -9999 -9999 -9999 -9999 15.934 15.736 15.534 15.448 14.784 14.161 13.837 13.521 13.666 14.067 14.495 14.262 14.449 14.358 14.01 13.867 14.227 12.922 13.814 13.668 14.442 14.041 14.611 15.173 15.098 15.334 15.552 15.834 15.771 15.477 15.366 15.486 15.274 15.463 14.924 15.258 15.346 15.44 -9999 -9999 -9999 -9999 -9999 -9999 -9999 -9999 -9999 -9999 -9999 -9999 -9999 -9999 -9999 -9999 -9999 -9999 -9999 -9999
-9999 -9999 -9999 -9999 14.177 14.832 -9999 -9999 14.928 14.031 14.261 -9999 -9999 -9999 -9999 -9999 -9999 15.887 15.639 15.48 15.239 14.683 14.409 14.344 14.056 13.985 13.929 14.034 14.104 14.094 13.259 12.664 13.558 12.604 12.183 12.686 13.887 13.83 14.516 15.282 14.912 15.063 15.365 15.39 15.498 15.608 15.402 15.327 14.757 14.518 15.141 15.032 14.84 15.29 15.454 -9999 -9999 -9999 -9999 -9999 -9999 -9999 -9999 -9999 -9999 -9999 -9999 -9999 -9999 -9999 -9999 -9999 -9999 -9999 -9999
-9999 -9999 -9999 -9999 14.515 15.345 -9999 -9999 -9999 15.168 15.008 15.196 -9999 -9999 -9999 -9999 -9999 15.891 15.614 15.488 15.296 14.937 14.771 14.192 13.49 13.26 13.765 13.762 14.207 13.905 13.301 13.18 13.651 12.196 12.813 13.567 13.338 13.852 14.896 14.669 14.956 14.95 15.138 15.48 15.354 15.169 15.156 14.71 13.396 13.656 14.246 14.991 14.937 15.086 15.387 -9999 -9999 -9999 -9999 -9999 -9999 -9999 -9999 -9999 -9999 -9999 -9999 -9999 -9999 -9999 -9999 -9999 -9999 -9999 -9999
-9999 -9999 -9999 14.121 14.501 15.115 -9999 -9999 -9999 -9999 -9999 -9999 -9999 -9999 -9999 -9999 -9999 15.56 15.328 15.292 15.077 14.797 14.59 13.898 13.538 13.529 13.836 14.022 13.66 13.669 12.915 13.124 12.509 12.201 12.884 13.601 13.372 13.874 14.131 14.636 14.66 15.034 15.04 14.976 15.166 14.846 14.671 13.568 13.293 13.092 14.259 15.142 15.311 15.245 15.329 15.708 -9999 -9999 -9999 -9999 -9999 -9999 -9999 -9999 -9999 -9999 -9999 -9999 -9999 -9999 -9999 -9999 -9999 -9999 -9999
-9999 -9999 14.042 14.093 14.143 15.218 -9999 -9999 -9999 -9999 -9999 -9999 -9999 -9999 -9999 15.784 15.624 15.486 15.1 14.623 14.275 14.421 14.435 14.344 14.193 14.608 14.175 13.381 13.497 13.47 13.435 13.791 13.321 12.477 13.825 13.655 13.688 13.885 14.317 14.689 15.077 14.549 14.644 14.945 14.824 14.529 13.777 13.562 13.478 13.562 14.324 15.392 15.61 15.378 15.414 15.636 -9999 -9999 -9999 -9999 -9999 -9999 -9999 -9999 -9999 -9999 -9999 -9999 -9999 -9999 -9999 -9999 -9999 -9999 -9999
-9999 -9999 14.072 14.6 15.426 -9999 -9999 -9999 -9999 -9999 -9999 -9999 -9999 -9999 -9999 15.734 15.839 15.521 14.749 14.279 14.322 13.733 13.399 13.529 13.55 13.926 14.098 14.299 14.133 13.625 13.92 14.363 14.033 13.744 13.094 13.607 13.442 14.092 14.462 15.096 14.714 14.558 14.729 14.619 14.169 13.538 13.189 13.597 13.983 14.361 14.932 14.993 15.037 15.287 15.384 15.611 -9999 -9999 -9999 -9999 -9999 -9999 -9999 -9999 -9999 -9999 -9999 -9999 -9999 -9999 -9999 -9999 -9999 -9999 -9999
-9999 -9999 -9999 -9999 -9999 -9999 -9999 -9999 -9999 -9999 -9999 -9999 -9999 -9999 -9999 15.753 15.719 14.811 14.587 14.336 14.091 13.237 13.188 12.642 13.072 13.488 14.013 14.31 13.994 12.749 13.31 14.579 14.677 13.477 13.427 13.708 13.806 13.776 14.506 14.084 13.928 14.244 13.857 13.527 13.158 13.845 13.847 13.906 14.09 14.376 15.231 15.464 15.342 15.453 15.723 15.795 -9999 -9999 -9999 -9999 -9999 -9999 -9999 -9999 -9999 -9999 -9999 -9999 -9999 -9999 -9999 -9999 -9999 -9999 -9999
-9999 -9999 -9999 -9999 -9999 -9999 -9999 -9999 -9999 -9999 -9999 -9999 -9999 -9999 15.531 15.162 14.5 14.53 14.055 14.223 14.128 13.986 13.004 13.072 12.984 13.386 13.778 14.78 14.36 13.793 14.014 14.565 14.807 14.411 14.185 14.046 13.872 13.913 13.467 14.176 14.433 14.188 13.867 12.82 13.647 13.396 13.729 14.226 14.191 14.391 14.402 15.258 15.711 15.862 15.911 15.943 -9999 -9999 -9999 -9999 -9999 -9999 -9999 -9999 -9999 -9999 -9999 -9999 -9999 -9999 -9999 -9999 -9999 -9999 -9999
-9999 -9999 -9999 -9999 -9999 -9999 -9999 -9999 -9999 -9999 -9999 -9999 -9999 -9999 15.073 14.758 14.398 13.495 13.745 14.24 14.178 13.438 14.091 13.625 13.487 13.854 14.357 15.327 15.193 14.656 14.368 14.494 15.279 14.957 14.743 14.594 14.471 13.682 14.586 14.04 14.431 14.422 13.073 14.209 13.721 13.757 14.188 14.209 14.628 14.478 14.143 14.707 15.358 15.621 15.853 16.022 -9999 -9999 -9999 -9999 -9999 -9999 -9999 -9999 -9999 -9999 -9999 -9999 -9999 -9999 -9999 -9999 -9999 -9999 -9999
-9999 -9999 -9999 -9999 -9999 -9999 -9999 -9999 -9999 -9999 -9999 -9999 -9999 15.283 14.755 14.873 13.859 14.048 13.719 12.89 13.44 14.045 14.344 13.925 14.171 14.341 14.416 14.875 15.019 14.75 14.796 15.613 15.617 15.241 14.718 14.627 13.877 14.788 14.458 14.024 14.767 13.746 13.657 14.358 14.561 14.724 14.277 14.316 14.449 14.189 14.454 14.825 15.321 15.645 15.839 16.038 16.071 -9999 -9999 -9999 -9999 -9999 -9999 -9999 -9999 -9999 -9999 -9999 -9999 -9999 -9999 -9999 -9999 -9999 -9999
-9999 -9999 -9999 -9999 -9999 -9999 -9999 -9999 -9999 -9999 -9999 -9999 15.187 14.971 14.899 14.877 14.63 14.375 13.688 13.783 13.722 13.475 14.741 14.759 14.649 14.392 14.428 14.771 15.155 15.597 15.805 15.53 15.794 15.44 14.975 14.62 14.834 15.081 14.733 14.723 14.955 13.926 13.676 14.037 14.203 14.34 14.425 14.729 14.664 14.343 14.729 14.963 15.256 15.578 15.935 16.075 16.166 -9999 -9999 -9999 -9999 -9999 -9999 -9999 -9999 -9999 -9999 -9999 -9999 -9999 -9999 -9999 -9999 -9999 -9999
-9999 -9999 -9999 -9999 -9999 -9999 -9999 -9999 -9999 -9999 -9999 -9999 15.023 13.898 14.694 14.804 14.819 14.95 14.315 13.157 13.398 14.537 14.838 15.151 14.972 14.785 14.638 14.53 15.727 16.124 15.894 15.883 15.51 15.561 15.1 15.193 15.138 15.342 15.079 15.14 14.707 14.476 14.122 14.013 14.213 14.276 14.821 15.168 14.986 14.853 14.791 14.954 15.364 15.828 15.945 16.038 16.124 -9999 -9999 -9999 -9999 -9999 -9999 -9999 -9999 -9999 -9999 -9999 -9999 -9999 -9999 -9999 -9999 -9999 -9999
-9999 -9999 -9999 -9999 -9999 -9999 -9999 -9999 -9999 -9999 -9999 15.124 14.051 14.371 14.529 14.668 15.005 15.18 14.342 13.862 14.252 14.374 14.91 15.117 15.279 14.955 14.64 15.378 15.683 15.943 16.294 15.856 15.822 15.637 15.668 15.541 15.575 15.67 15.574 15.114 15.311 14.897 14.212 14.43 14.404 14.546 14.667 15.148 15.276 15.577 15.239 15.232 15.532 15.952 16.173 16.093 16.079 16.276 -9999 -9999 -9999 -9999 -9999 -9999 -9999 -9999 -9999 -9999 -9999 -9999 -9999 -9999 -9999 -9999 -9999
-9999 -9999 -9999 -9999 -9999 -9999 -9999 -9999 -9999 -9999 15.289 -9999 14.961 14.529 14.557 14.729 15.173 15.557 15.165 15.064 14.498 14.092 14.762 15.293 15.504 15.491 15.52 15.639 15.727 15.949 16.121 15.871 16.087 16.054 16.006 15.94 16.046 16.097 15.968 15.787 15.533 15.19 15.206 14.924 14.83 14.815 15.127 15.512 16.081 15.519 15.191 15.513 15.791 16.018 16.179 16.28 16.264 16.213 -9999 -9999 -9999 -9999 -9999 -9999 -9999 -9999 -9999 -9999 -9999 -9999 -9999 -9999 -9999 -9999 -9999
