Validation/Results/ReClimate_10_2023_1_Temperatureweatherlogisticsltd.asc
NCOLS 192
NROWS 249
XLLCENTER -225160.85627316462
YLLCENTER 29788.11610251502
CELLSIZE 5000.0
NODATA_VALUE -9999
[rows 132 to 164 of 249, columns 76 to 151 of 192]
-9999 -9999 -9999 -9999 -9999 -9999 -9999 -9999 -9999 -9999 -9999 -0.07 -0.084 -0.085 -0.078 -0.088 -0.097 -0.107 -0.118 -0.113 -0.106 -0.116 -0.128 -0.132 -0.135 -0.138 -0.141 -0.151 -0.161 -0.161 -0.161 -0.177 -0.197 -0.195 -0.193 -0.199 -0.207 -0.201 -0.194 -0.206 -0.221 -0.22 -0.218 -0.224 -0.23 -0.229 -0.229 -0.222 -0.216 -0.215 -0.215 -0.206 -0.197 -0.183 -0.167 -0.173 -9999 -9999 -9999 -9999 -9999 -9999 -9999 -9999 -9999 -9999 -9999 -9999 -9999 -9999 -9999 -9999 -9999 -9999 -9999 -9999
-9999 -9999 -9999 -9999 -9999 -9999 -9999 -9999 -9999 -9999 -9999 -0.061 -0.075 -0.075 -0.073 -0.083 -0.092 -0.108 -0.137 -0.131 -0.116 -0.125 -0.132 -0.14 -0.155 -0.158 -0.158 -0.162 -0.155 -0.153 -0.151 -0.164 -0.181 -0.185 -0.206 -0.213 -0.221 -0.214 -0.205 -0.213 -0.217 -0.212 -0.204 -0.208 -0.215 -0.211 -0.207 -0.205 -0.216 -0.213 -0.212 -0.209 -0.204 -0.197 -0.187 -0.169 -9999 -9999 -9999 -9999 -9999 -9999 -9999 -9999 -9999 -9999 -9999 -9999 -9999 -9999 -9999 -9999 -9999 -9999 -9999 -9999
-9999 -9999 -9999 -9999 -9999 -9999 -9999 -9999 -9999 -9999 -0.032 -0.049 -0.073 -0.075 -0.074 -0.085 -0.095 -0.121 -0.15 -0.14 -0.126 -0.133 -0.14 -0.154 -0.17 -0.172 -0.172 -0.167 -0.159 -0.157 -0.154 -0.166 -0.182 -0.198 -0.219 -0.225 -0.233 -0.226 -0.217 -0.219 -0.221 -0.213 -0.204 -0.208 -0.213 -0.206 -0.201 -0.207 -0.217 -0.214 -0.213 -0.209 -0.208 -0.201 -0.195 -0.179 -0.174 -9999 -9999 -9999 -9999 -9999 -9999 -9999 -9999 -9999 -9999 -9999 -9999 -9999 -9999 -9999 -9999 -9999 -9999 -9999
-9999 -9999 -9999 -9999 -9999 -9999 -9999 -9999 -9999 -0.005 -9999 -0.028 -0.047 -0.059 -0.093 -0.103 -0.105 -0.122 -0.124 -0.123 -0.138 -0.147 -0.161 -0.171 -0.175 -0.179 -0.184 -0.179 -0.175 -0.172 -0.169 -0.18 -0.185 -0.198 -0.204 -0.21 -0.215 -0.213 -0.223 -0.224 -0.225 -0.218 -0.213 -0.211 -0.206 -0.195 -0.176 -0.188 -0.217 -0.211 -0.208 -0.208 -0.208 -0.216 -0.22 -0.21 -0.169 -9999 -9999 -9999 -9999 -9999 -9999 -9999 -9999 -9999 -9999 -9999 -9999 -9999 -9999 -9999 -9999 -9999 -9999 -9999
-9999 -9999 -9999 -9999 -9999 -9999 -9999 -9999 -9999 0.008 -9999 -0.021 -0.039 -0.07 -0.103 -0.11 -0.114 -0.119 -0.12 -0.133 -0.149 -0.161 -0.175 -0.18 -0.185 -0.191 -0.196 -0.192 -0.187 -9999 -9999 -9999 -9999 -9999 -9999 -0.209 -0.214 -0.221 -0.231 -0.231 -0.231 -0.225 -0.218 -0.212 -0.207 -0.189 -0.17 -0.192 -0.219 -0.213 -0.207 -0.207 -0.209 -0.217 -0.229 -0.22 -0.204 -0.179 -9999 -9999 -9999 -9999 -9999 -9999 -9999 -9999 -9999 -9999 -9999 -9999 -9999 -9999 -9999 -9999 -9999 -9999
0.064 -9999 -9999 -9999 -9999 -9999 -9999 -9999 -9999 0.004 -0.02 -0.034 -0.033 -0.064 -0.093 -0.104 -0.124 -0.133 -0.142 -0.155 -0.158 -0.169 -0.178 -0.183 -0.188 -0.193 -0.191 -0.188 -0.191 -9999 -9999 -9999 -9999 -0.215 -0.214 -0.217 -0.217 -0.223 -0.229 -0.23 -0.235 -0.231 -0.236 -0.231 -0.227 -0.213 -0.199 -0.214 -0.222 -0.21 -0.2 -0.195 -0.193 -0.197 -0.205 -0.195 -0.193 -0.176 -9999 -9999 -9999 -9999 -9999 -9999 -9999 -9999 -9999 -9999 -9999 -9999 -9999 -9999 -9999 -9999 -9999 -9999
0.065 0.062 -9999 -9999 -9999 -9999 -9999 -9999 -9999 -0.013 -0.028 -0.033 -9999 -9999 -0.092 -0.111 -0.132 -0.145 -9999 -0.165 -0.169 -0.177 -0.186 -0.192 -0.197 -0.199 -0.196 -9999 -9999 -9999 -9999 -9999 -0.227 -0.228 -0.225 -0.224 -0.224 -0.229 -0.234 -0.237 -0.239 -0.241 -0.245 -0.241 -0.237 -0.226 -0.213 -0.218 -0.225 -0.213 -0.199 -0.194 -0.19 -0.192 -0.198 -0.187 -0.175 -0.18 -9999 -9999 -9999 -9999 -9999 -9999 -9999 -9999 -9999 -9999 -9999 -9999 -9999 -9999 -9999 -9999 -9999 -9999
0.054 0.055 -9999 -9999 -9999 -9999 -9999 -9999 -9999 -9999 -0.029 -0.039 -9999 -9999 -9999 -0.113 -0.131 -0.149 -0.169 -9999 -9999 -0.182 -0.19 -0.201 -0.217 -0.218 -9999 -9999 -9999 -9999 -9999 -0.216 -0.222 -0.222 -0.231 -0.23 -0.226 -0.23 -0.233 -0.233 -0.235 -0.234 -0.233 -0.229 -0.231 -0.224 -0.228 -0.232 -0.239 -0.218 -0.199 -0.188 -0.18 -0.179 -0.182 -0.18 -0.173 -0.175 -9999 -9999 -9999 -9999 -9999 -9999 -9999 -9999 -9999 -9999 -9999 -9999 -9999 -9999 -9999 -9999 -9999 -9999
0.052 -9999 -9999 -9999 -9999 -9999 -9999 -9999 -9999 -9999 -9999 -0.049 -9999 -9999 -9999 -9999 -0.135 -0.158 -0.179 -9999 -9999 -9999 -0.203 -0.222 -9999 -9999 -9999 -9999 -9999 -9999 -9999 -0.228 -0.225 -0.231 -0.239 -0.236 -0.233 -0.235 -0.236 -0.235 -0.236 -0.233 -0.23 -0.229 -0.231 -0.232 -0.235 -0.239 -0.245 -0.224 -0.201 -0.19 -0.179 -0.178 -0.179 -0.175 -0.174 -0.176 -9999 -9999 -9999 -9999 -9999 -9999 -9999 -9999 -9999 -9999 -9999 -9999 -9999 -9999 -9999 -9999 -9999 -9999
-9999 -9999 -9999 -9999 -9999 -9999 -9999 -9999 -9999 -9999 -9999 -0.045 -9999 -9999 -9999 -9999 -9999 -0.166 -0.177 -9999 -9999 -9999 -9999 -9999 -9999 -9999 -9999 -9999 -9999 -9999 -9999 -0.237 -0.233 -0.239 -0.249 -0.251 -0.261 -0.262 -0.257 -0.252 -0.237 -0.237 -0.244 -0.249 -0.264 -0.266 -0.268 -0.261 -0.233 -0.221 -0.203 -0.197 -0.189 -0.174 -0.166 -0.167 -0.168 -0.168 -0.179 -9999 -9999 -9999 -9999 -9999 -9999 -9999 -9999 -9999 -9999 -9999 -9999 -9999 -9999 -9999 -9999 -9999
0.075 0.068 0.055 0.061 -9999 -9999 -9999 -9999 -9999 -9999 -9999 -0.043 -9999 -9999 -9999 -9999 -9999 -9999 -9999 -9999 -9999 -9999 -9999 -9999 -9999 -9999 -9999 -9999 -9999 -9999 -0.246 -0.244 -0.242 -0.249 -0.258 -0.265 -0.275 -0.272 -0.268 -0.255 -0.24 -0.245 -0.252 -0.263 -0.278 -0.279 -0.282 -0.258 -0.23 -0.218 -0.206 -0.2 -0.196 -0.182 -0.166 -0.167 -0.17 -0.169 -0.17 -0.174 -9999 -9999 -9999 -9999 -9999 -9999 -9999 -9999 -9999 -9999 -9999 -9999 -9999 -9999 -9999 -9999
0.084 0.078 0.069 0.071 -9999 -9999 -9999 -9999 -9999 -9999 -9999 -9999 -9999 -9999 -9999 -9999 -9999 -9999 -9999 -9999 -9999 -9999 -9999 -9999 -9999 -9999 -9999 -9999 -9999 -0.234 -0.235 -0.245 -0.283 -0.288 -0.291 -0.296 -0.294 -0.292 -0.284 -0.274 -0.264 -0.267 -0.265 -0.273 -0.276 -0.273 -0.264 -0.245 -0.233 -0.221 -0.208 -0.2 -0.194 -0.185 -0.173 -0.172 -0.175 -0.177 -0.179 -0.179 -9999 -9999 -9999 -9999 -9999 -9999 -9999 -9999 -9999 -9999 -9999 -9999 -9999 -9999 -9999 -9999
0.087 0.081 -9999 0.068 0.071 -9999 -9999 -9999 -9999 -9999 -9999 -9999 -9999 -9999 -9999 -9999 -9999 -9999 -9999 -9999 -9999 -9999 -9999 -9999 -9999 -9999 -9999 -9999 -9999 -0.257 -0.235 -0.264 -0.3 -0.302 -0.306 -0.305 -0.305 -0.3 -0.292 -0.284 -0.275 -0.274 -0.273 -0.274 -0.278 -0.269 -0.26 -0.249 -0.237 -0.226 -0.214 -0.206 -0.198 -0.189 -0.181 -0.18 -0.18 -0.182 -0.186 -0.185 -0.187 -0.165 -9999 -9999 -9999 -9999 -9999 -9999 -9999 -9999 -9999 -9999 -9999 -9999 -9999 -9999
0.085 0.084 -9999 -9999 0.074 -9999 -9999 -9999 -9999 -9999 -9999 -9999 -9999 -9999 -9999 -9999 -9999 -9999 -9999 -9999 -9999 -9999 -9999 -9999 -9999 -9999 -9999 -9999 -9999 -0.302 -0.285 -0.303 -0.302 -0.301 -0.297 -0.298 -0.306 -0.305 -0.309 -0.304 -0.304 -0.303 -0.301 -0.297 -0.282 -0.271 -0.254 -0.244 -0.234 -0.221 -0.208 -0.208 -0.204 -0.204 -0.201 -0.2 -0.202 -0.195 -0.194 -0.197 -0.201 -0.191 -0.165 -0.151 -0.151 -9999 -9999 -9999 -9999 -9999 -9999 -9999 -9999 -9999 -9999 -9999
0.084 0.087 0.089 -9999 0.079 -9999 -9999 -9999 -9999 -9999 -9999 -9999 -9999 -9999 -9999 -9999 -9999 -9999 -9999 -9999 -9999 -9999 -9999 -9999 -9999 -9999 -9999 -9999 -0.28 -0.302 -0.308 -0.306 -0.306 -0.301 -0.296 -0.302 -0.309 -0.313 -0.317 -0.316 -0.316 -0.315 -0.314 -0.3 -0.285 -0.271 -0.255 -0.246 -0.236 -0.224 -0.21 -0.209 -0.211 -0.21 -0.212 -0.212 -0.213 -0.207 -0.201 -0.204 -0.209 -0.199 -0.188 -0.179 -0.174 -0.146 -0.156 -9999 -9999 -9999 -9999 -9999 -9999 -9999 -9999 -9999
0.082 0.087 -9999 0.093 -9999 -9999 -9999 -9999 -9999 -9999 -9999 -9999 -9999 -9999 -9999 -9999 -9999 -9999 -9999 -9999 -9999 -9999 -9999 -9999 -9999 -9999 -9999 -9999 -9999 -0.291 -0.299 -0.298 -0.299 -0.296 -0.297 -0.303 -0.31 -0.31 -0.303 -0.304 -0.312 -0.307 -0.295 -0.282 -0.27 -0.262 -0.265 -0.254 -0.24 -0.237 -0.23 -0.223 -0.22 -0.21 -0.205 -0.215 -0.223 -0.215 -0.208 -0.199 -0.196 -0.203 -0.202 -0.19 -0.182 -0.174 -0.15 -0.159 -9999 -9999 -9999 -9999 -9999 -9999 -9999 -9999
0.081 0.092 0.104 0.095 -9999 -9999 -9999 -9999 -9999 -9999 -9999 -9999 -9999 -9999 -9999 -9999 -9999 -9999 -9999 -9999 -9999 -9999 -9999 -9999 -9999 -9999 -9999 -9999 -9999 -9999 -0.293 -0.297 -0.3 -0.3 -0.3 -0.305 -0.312 -0.307 -0.3 -0.305 -0.312 -0.301 -0.289 -0.278 -0.266 -0.268 -0.271 -0.258 -0.244 -0.242 -0.24 -0.234 -0.228 -0.217 -0.207 -0.216 -0.229 -0.221 -0.212 -0.203 -0.192 -0.198 -0.207 -0.195 -0.183 -0.174 -0.165 -0.158 -0.16 -9999 -9999 -9999 -9999 -9999 -9999 -9999
0.106 0.114 0.114 -9999 -9999 -9999 -9999 -9999 -9999 -9999 -9999 -9999 -9999 -9999 -9999 -9999 -9999 -9999 -9999 -9999 -9999 -9999 -9999 -9999 -9999 -9999 -9999 -9999 -9999 -9999 -0.294 -0.302 -0.31 -0.309 -0.297 -0.296 -0.285 -0.287 -0.304 -0.309 -0.314 -0.298 -0.273 -0.265 -0.267 -0.266 -0.263 -0.252 -0.243 -0.244 -0.255 -0.239 -0.227 -0.222 -0.215 -0.208 -0.211 -0.202 -0.192 -0.202 -0.204 -0.192 -0.19 -0.189 -0.183 -0.169 -0.158 -0.15 -0.154 -0.164 -9999 -9999 -9999 -9999 -9999 -9999
0.119 0.121 0.119 -9999 -9999 -9999 -9999 -9999 -9999 -9999 -9999 -9999 -9999 -9999 -9999 -9999 -9999 -9999 -9999 -9999 -9999 -9999 -9999 -9999 -9999 -9999 -9999 -9999 -9999 -9999 -9999 -0.299 -0.312 -0.306 -0.297 -0.289 -0.278 -0.293 -0.309 -0.312 -0.316 -0.294 -0.269 -0.268 -0.27 -0.266 -0.262 -0.254 -0.246 -0.253 -0.263 -0.247 -0.23 -0.224 -0.218 -0.212 -0.205 -0.195 -0.185 -0.194 -0.208 -0.197 -0.185 -0.183 -0.183 -0.17 -0.154 -0.147 -0.14 -0.158 -9999 -9999 -9999 -9999 -9999 -9999
-9999 -9999 -9999 -9999 -9999 -9999 -9999 -9999 -9999 -9999 -9999 -9999 -9999 -9999 -9999 -9999 -9999 -9999 -9999 -9999 -9999 -9999 -9999 -9999 -9999 -9999 -9999 -9999 -9999 -9999 -9999 -0.292 -0.299 -0.3 -0.311 -0.307 -0.3 -0.31 -0.313 -0.313 -0.313 -0.295 -0.281 -0.28 -0.276 -0.267 -0.247 -0.241 -0.245 -0.245 -0.25 -0.248 -0.238 -0.23 -0.224 -0.218 -0.212 -0.209 -0.203 -0.192 -0.193 -0.185 -0.174 -0.167 -0.163 -0.165 -0.159 -0.154 -0.15 -0.147 -0.158 -9999 -9999 -9999 -9999 -9999
-9999 -9999 -9999 -9999 -9999 -9999 -9999 -9999 -9999 -9999 -9999 -9999 -9999 -9999 -9999 -9999 -9999 -9999 -9999 -9999 -9999 -9999 -9999 -9999 -9999 -9999 -9999 -9999 -9999 -9999 -9999 -9999 -0.291 -0.302 -0.316 -0.314 -0.309 -0.315 -0.317 -0.315 -0.314 -0.302 -0.289 -0.285 -0.281 -0.264 -0.244 -0.245 -0.247 -0.247 -0.248 -0.244 -0.241 -0.233 -0.226 -0.22 -0.215 -0.212 -0.21 -0.199 -0.188 -0.179 -0.171 -0.163 -0.156 -0.157 -0.161 -0.156 -0.153 -0.15 -0.149 -9999 -9999 -9999 -9999 -9999
-9999 -9999 -9999 -9999 -9999 -9999 -9999 -9999 -9999 -9999 -9999 -9999 -9999 -9999 -9999 -9999 -9999 -9999 -9999 -9999 -9999 -9999 -9999 -9999 -9999 -9999 -9999 -9999 -9999 -9999 -9999 -9999 -0.292 -9999 -0.319 -0.322 -0.332 -0.334 -9999 -0.319 -0.318 -0.307 -0.297 -0.288 -0.27 -0.263 -0.277 -0.273 -0.26 -0.262 -0.264 -0.249 -0.239 -0.239 -0.236 -0.219 -0.207 -0.208 -0.209 -0.194 -0.18 -0.179 -0.174 -0.168 -0.162 -0.163 -0.166 -0.156 -0.149 -0.154 -0.157 -0.138 -9999 -9999 -9999 -9999
-9999 -9999 -9999 -9999 -9999 -9999 -9999 -9999 -9999 -9999 -9999 -9999 -9999 -9999 -9999 -9999 -9999 -9999 -9999 -9999 -9999 -9999 -9999 -9999 -9999 -9999 -9999 -9999 -9999 -9999 -9999 -9999 -9999 -0.298 -0.318 -9999 -9999 -9999 -9999 -0.323 -0.323 -0.313 -0.303 -0.287 -0.268 -0.278 -0.292 -0.281 -0.267 -0.268 -0.27 -0.255 -0.239 -0.237 -0.239 -0.221 -0.202 -0.203 -0.205 -0.191 -0.175 -0.173 -0.173 -0.168 -0.164 -0.165 -0.168 -0.158 -0.148 -0.151 -0.158 -0.14 -0.118 -0.122 -9999 -9999
-9999 -9999 -9999 -9999 -9999 -9999 -9999 -9999 -9999 -9999 -9999 -9999 -9999 -9999 -9999 -9999 -9999 -9999 -9999 -9999 -9999 -9999 -9999 -9999 -9999 -9999 -9999 -9999 -9999 -9999 -9999 -9999 -9999 -0.294 -0.307 -9999 -9999 -9999 -9999 -0.324 -0.315 -0.311 -0.316 -0.302 -0.289 -0.295 -0.291 -0.281 -0.269 -0.269 -0.271 -0.243 -0.218 -0.222 -0.226 -0.227 -0.22 -0.207 -0.202 -0.194 -0.182 -0.167 -0.159 -0.161 -0.16 -0.16 -0.164 -0.156 -0.148 -0.146 -0.147 -0.142 -0.129 -0.116 -9999 -9999
-9999 -9999 -9999 -9999 -9999 -9999 -9999 -9999 -9999 -9999 -9999 -9999 -9999 -9999 -9999 -9999 -9999 -9999 -9999 -9999 -9999 -9999 -9999 -9999 -9999 -9999 -9999 -9999 -9999 -9999 -9999 -9999 -9999 -0.287 -9999 -9999 -9999 -9999 -0.321 -0.319 -0.312 -0.316 -0.321 -0.311 -0.299 -0.295 -0.291 -0.279 -0.266 -0.265 -0.267 -0.239 -0.208 -0.21 -0.217 -0.218 -0.222 -0.21 -0.198 -0.189 -0.181 -0.167 -0.152 -0.152 -0.155 -0.155 -0.157 -0.15 -0.143 -0.142 -0.141 -0.135 -0.128 -9999 -9999 -9999
-9999 -9999 -9999 -9999 -9999 -9999 -9999 -9999 -9999 -9999 -9999 -9999 -9999 -9999 -9999 -9999 -9999 -9999 -9999 -9999 -9999 -9999 -9999 -9999 -9999 -9999 -9999 -9999 -9999 -9999 -9999 -9999 -9999 -9999 -9999 -9999 -9999 -9999 -0.299 -0.302 -0.313 -0.315 -0.311 -0.3 -0.292 -0.287 -0.283 -0.269 -0.256 -0.252 -0.242 -0.237 -0.22 -0.21 -0.209 -0.202 -0.2 -0.197 -0.19 -0.176 -0.164 -0.155 -0.143 -0.141 -0.142 -0.15 -0.157 -0.14 -0.127 -0.125 -0.123 -0.12 -0.116 -9999 -9999 -9999
-9999 -9999 -9999 -9999 -9999 -9999 -9999 -9999 -9999 -9999 -9999 -9999 -9999 -9999 -9999 -9999 -9999 -9999 -9999 -9999 -9999 -9999 -9999 -9999 -9999 -9999 -9999 -9999 -9999 -9999 -9999 -9999 -9999 -9999 -9999 -9999 -9999 -9999 -0.287 -0.3 -0.312 -0.311 -0.307 -0.298 -0.286 -0.28 -0.274 -0.261 -0.249 -0.239 -0.229 -0.224 -0.22 -0.212 -0.203 -0.196 -0.189 -0.186 -0.184 -0.17 -0.155 -0.146 -0.137 -0.135 -0.134 -0.141 -0.152 -0.137 -0.118 -0.115 -0.113 -0.109 -0.106 -9999 -9999 -9999
-9999 -9999 -9999 -9999 -9999 -9999 -9999 -9999 -9999 -9999 -9999 -9999 -9999 -9999 -9999 -9999 -9999 -9999 -9999 -9999 -9999 -9999 -9999 -9999 -9999 -9999 -9999 -9999 -9999 -9999 -9999 -9999 -9999 -9999 -9999 -9999 -9999 -0.283 -0.296 -0.304 -0.301 -0.304 -0.313 -0.302 -0.29 -0.281 -0.268 -0.258 -0.253 -0.237 -0.224 -0.219 -0.216 -0.208 -0.199 -0.19 -0.182 -0.172 -0.165 -0.159 -0.149 -0.14 -0.131 -0.124 -0.121 -0.123 -0.131 -0.129 -0.118 -0.109 -0.104 -0.108 -0.103 -0.093 -9999 -9999
-9999 -9999 -9999 -9999 -9999 -9999 -9999 -9999 -9999 -9999 -9999 -9999 -9999 -9999 -9999 -9999 -9999 -9999 -9999 -9999 -9999 -9999 -9999 -9999 -9999 -9999 -9999 -9999 -9999 -9999 -9999 -9999 -9999 -9999 -9999 -9999 -9999 -0.287 -0.297 -0.297 -0.295 -0.303 -0.309 -0.3 -0.286 -0.273 -0.261 -0.256 -0.252 -0.236 -0.219 -0.214 -0.211 -0.203 -0.195 -0.186 -0.177 -0.166 -0.155 -0.149 -0.143 -0.134 -0.125 -0.119 -0.114 -0.116 -0.12 -0.117 -0.114 -0.105 -0.096 -0.1 -0.106 -0.088 -9999 -9999
-9999 -9999 -9999 -9999 -9999 -9999 -9999 -9999 -9999 -9999 -9999 -9999 -9999 -9999 -9999 -9999 -9999 -9999 -9999 -9999 -9999 -9999 -9999 -9999 -9999 -9999 -9999 -9999 -9999 -9999 -9999 -9999 -9999 -9999 -9999 -9999 -0.252 -0.264 -0.285 -0.29 -0.3 -0.304 -0.304 -0.292 -0.27 -0.265 -0.274 -0.265 -0.246 -0.228 -0.209 -0.211 -0.212 -0.192 -0.176 -0.173 -0.166 -0.156 -0.144 -0.139 -0.134 -0.127 -0.119 -0.124 -0.127 -0.113 -0.107 -0.105 -0.103 -0.096 -0.087 -0.09 -0.095 -0.085 -0.071 -9999
-9999 -9999 -9999 -9999 -9999 -9999 -9999 -9999 -9999 -9999 -9999 -9999 -9999 -9999 -9999 -9999 -9999 -9999 -9999 -9999 -9999 -9999 -9999 -9999 -9999 -9999 -9999 -9999 -9999 -9999 -9999 -9999 -9999 -9999 -9999 -9999 -0.24 -0.258 -0.278 -0.287 -0.295 -0.296 -0.297 -0.28 -0.26 -0.265 -0.275 -0.258 -0.241 -0.222 -0.203 -0.204 -0.209 -0.19 -0.167 -0.163 -0.16 -0.149 -0.138 -0.132 -0.127 -0.12 -0.114 -0.119 -0.127 -0.114 -0.099 -0.096 -0.094 -0.087 -0.079 -0.081 -0.085 -0.075 -0.065 -9999
-9999 -9999 -9999 -9999 -9999 -9999 -9999 -9999 -9999 -9999 -9999 -9999 -9999 -9999 -9999 -9999 -9999 -9999 -9999 -9999 -9999 -9999 -9999 -9999 -9999 -9999 -9999 -9999 -9999 -9999 -9999 -9999 -9999 -9999 -9999 -9999 -0.235 -0.254 -0.271 -0.279 -0.29 -0.285 -0.264 -0.254 -0.255 -0.25 -0.233 -0.224 -0.232 -0.219 -0.203 -0.198 -0.198 -0.197 -0.186 -0.163 -0.149 -0.149 -0.144 -0.143 -0.14 -0.131 -0.125 -0.115 -0.114 -0.105 -0.091 -0.077 -0.068 -0.08 -0.084 -0.076 -0.073 -0.068 -0.06 -0.052
-9999 -9999 -9999 -9999 -9999 -9999 -9999 -9999 -9999 -9999 -9999 -9999 -9999 -9999 -9999 -9999 -9999 -9999 -9999 -9999 -9999 -9999 -9999 -9999 -9999 -9999 -9999 -9999 -9999 -9999 -9999 -9999 -9999 -9999 -9999 -9999 -9999 -0.25 -0.264 -0.273 -0.284 -0.268 -0.246 -0.247 -0.248 -0.232 -0.214 -0.218 -0.225 -0.213 -0.2 -0.195 -0.191 -0.19 -0.19 -0.168 -0.142 -0.142 -0.143 -0.141 -0.142 -0.134 -0.125 -0.116 -0.106 -0.096 -0.085 -0.07 -0.054 -0.064 -9999 -0.071 -9999 -0.055 -0.051 -0.042
