Validation/Results/ReClimate_10_2023_1.asc
NCOLS 192
NROWS 249
XLLCENTER -225160.85627316462
YLLCENTER 29788.11610251502
CELLSIZE 5000.0
NODATA_VALUE -9999
[rows 99 to 131 of 249, columns 74 to 147 of 192]
100.225 100.178 100.275 100.409 100.596 100.542 100.534 100.557 -9999 -9999 100.795 101.022 101.308 101.453 101.595 101.808 102.091 102.156 102.067 102.135 102.174 102.41 102.744 102.863 102.955 103.323 103.772 103.466 102.727 102.952 103.346 103.527 104.015 104.302 104.62 104.704 104.679 104.849 105.03 105.185 105.307 105.433 105.569 105.72 105.883 -9999 -9999 -9999 -9999 -9999 -9999 -9999 -9999 -9999 -9999 -9999 -9999 -9999 -9999 -9999 -9999 -9999 -9999 -9999 -9999 -9999 -9999 -9999 -9999 -9999 -9999 -9999 -9999 -9999
100.244 100.297 100.401 -9999 -9999 100.442 100.441 -9999 -9999 -9999 100.668 100.91 101.256 101.428 101.621 101.827 101.923 102.038 102.412 102.462 102.488 102.732 102.824 103.055 103.506 103.59 103.145 102.96 103.465 103.69 103.72 104.018 104.114 104.266 104.202 104.318 104.639 104.811 104.996 105.157 105.286 105.414 105.554 105.707 105.874 -9999 -9999 -9999 -9999 -9999 -9999 -9999 -9999 -9999 -9999 -9999 -9999 -9999 -9999 -9999 -9999 -9999 -9999 -9999 -9999 -9999 -9999 -9999 -9999 -9999 -9999 -9999 -9999 -9999
100.283 -9999 100.174 100.128 100.014 -9999 -9999 -9999 -9999 100.518 100.603 100.923 101.389 101.568 101.708 101.738 101.62 101.917 102.137 102.188 102.238 102.503 102.989 103.339 103.608 103.076 102.23 102.788 103.562 103.638 103.766 103.878 104.015 104.018 104.082 104.238 104.178 104.466 104.962 105.127 105.258 105.385 105.519 105.667 -9999 -9999 -9999 -9999 -9999 -9999 -9999 -9999 -9999 -9999 -9999 -9999 -9999 -9999 -9999 -9999 -9999 -9999 -9999 -9999 -9999 -9999 -9999 -9999 -9999 -9999 -9999 -9999 -9999 -9999
100.325 100.351 100.581 100.553 100.637 100.456 100.126 -9999 -9999 100.496 -9999 -9999 100.685 100.995 101.555 101.521 101.528 101.751 101.987 102.229 102.756 103.124 103.335 103.458 103.383 102.949 102.923 103.356 103.411 103.538 103.667 103.801 103.94 104.035 104.171 104.216 104.391 104.732 104.93 105.1 105.234 105.359 105.478 -9999 -9999 -9999 -9999 -9999 -9999 -9999 -9999 -9999 -9999 -9999 -9999 -9999 -9999 -9999 -9999 -9999 -9999 -9999 -9999 -9999 -9999 -9999 -9999 -9999 -9999 -9999 -9999 -9999 -9999 -9999
100.366 100.484 100.478 100.519 100.512 -9999 -9999 -9999 100.405 100.472 100.185 100.204 100.441 101.031 101.777 101.755 101.611 101.879 102.213 102.733 103.341 103.36 103.03 103.044 103.148 103.236 103.476 103.531 103.569 103.791 104.177 104.213 104.082 104.174 104.204 104.363 104.518 104.704 -9999 -9999 105.211 -9999 -9999 -9999 -9999 -9999 -9999 -9999 -9999 -9999 -9999 -9999 -9999 -9999 -9999 -9999 -9999 -9999 -9999 -9999 -9999 -9999 -9999 -9999 -9999 -9999 -9999 -9999 -9999 -9999 -9999 -9999 -9999 -9999
100.405 100.4 100.395 -9999 100.379 -9999 -9999 -9999 100.383 100.336 100.481 100.644 100.836 101.346 101.63 101.591 101.622 101.949 102.298 102.773 103.161 102.94 102.713 102.762 102.713 102.912 103.079 102.972 102.595 103.017 103.589 103.621 103.861 103.9 103.93 104.144 104.478 -9999 104.863 105.044 105.187 105.279 -9999 -9999 -9999 -9999 -9999 -9999 -9999 -9999 -9999 -9999 -9999 -9999 -9999 -9999 -9999 -9999 -9999 -9999 -9999 -9999 -9999 -9999 -9999 -9999 -9999 -9999 -9999 -9999 -9999 -9999 -9999 -9999
-9999 100.439 -9999 -9999 -9999 -9999 100.381 100.361 100.402 100.487 100.559 100.689 100.853 101.092 101.296 101.487 101.911 102.21 102.454 102.779 103.055 102.885 102.657 102.571 102.372 102.503 102.589 102.391 102.348 102.865 103.434 103.578 103.602 103.557 103.359 -9999 104.428 104.593 104.734 104.937 105.136 105.198 -9999 -9999 -9999 -9999 -9999 -9999 -9999 -9999 -9999 -9999 -9999 -9999 -9999 -9999 -9999 -9999 -9999 -9999 -9999 -9999 -9999 -9999 -9999 -9999 -9999 -9999 -9999 -9999 -9999 -9999 -9999 -9999
-9999 -9999 -9999 -9999 -9999 -9999 100.349 100.407 100.423 100.482 100.651 100.764 100.927 101.086 101.182 101.555 101.924 102.127 102.293 102.559 102.834 102.69 102.528 102.459 102.518 102.706 103.059 103.034 102.992 103.337 103.443 103.6 103.962 103.946 104.147 104.461 104.372 104.513 104.667 104.864 105.008 105.097 105.152 -9999 -9999 -9999 -9999 -9999 -9999 -9999 -9999 -9999 -9999 -9999 -9999 -9999 -9999 -9999 -9999 -9999 -9999 -9999 -9999 -9999 -9999 -9999 -9999 -9999 -9999 -9999 -9999 -9999 -9999 -9999
-9999 -9999 -9999 -9999 -9999 100.453 -9999 -9999 100.325 100.52 100.917 101.008 101.124 -9999 -9999 101.474 101.928 102.093 102.271 102.508 102.715 102.611 102.482 102.731 103.279 103.588 103.886 103.687 103.165 102.717 101.321 102.049 103.491 103.801 104.339 104.294 104.279 104.407 104.509 104.655 104.743 104.874 105.072 105.141 -9999 -9999 -9999 -9999 -9999 -9999 -9999 -9999 -9999 -9999 -9999 -9999 -9999 -9999 -9999 -9999 -9999 -9999 -9999 -9999 -9999 -9999 -9999 -9999 -9999 -9999 -9999 -9999 -9999 -9999
-9999 -9999 -9999 -9999 -9999 100.489 -9999 100.369 100.363 100.594 100.756 100.838 101.042 101.047 101.101 101.441 101.679 101.838 101.982 102.151 102.275 102.254 102.322 102.655 102.75 102.919 102.924 102.631 102.533 102.045 102.648 103.452 103.575 103.924 104.091 104.108 104.151 104.301 104.517 104.49 104.2 104.426 104.724 -9999 -9999 -9999 -9999 -9999 -9999 -9999 -9999 -9999 -9999 -9999 -9999 -9999 -9999 -9999 -9999 -9999 -9999 -9999 -9999 -9999 -9999 -9999 -9999 -9999 -9999 -9999 -9999 -9999 -9999 -9999
-9999 -9999 -9999 -9999 -9999 100.526 -9999 100.531 100.581 100.664 100.724 100.763 -9999 100.914 101.087 -9999 101.995 102.054 101.975 102.071 102.109 102.262 102.548 102.568 102.454 102.44 102.363 102.501 102.978 103.282 103.225 103.426 103.767 103.896 103.984 104.071 104.216 104.403 104.542 -9999 -9999 -9999 -9999 -9999 -9999 -9999 -9999 -9999 -9999 -9999 -9999 -9999 -9999 -9999 -9999 -9999 -9999 -9999 -9999 -9999 -9999 -9999 -9999 -9999 -9999 -9999 -9999 -9999 -9999 -9999 -9999 -9999 -9999 -9999
-9999 -9999 -9999 100.612 100.6 -9999 -9999 100.646 100.602 100.622 100.612 100.619 100.804 100.969 101.105 -9999 101.367 101.476 101.846 101.857 101.782 101.977 102.078 102.057 102.125 102.328 102.953 103.194 103.141 103.105 103.055 103.206 103.105 103.297 103.665 103.844 104.1 104.287 -9999 -9999 -9999 -9999 -9999 -9999 -9999 -9999 -9999 -9999 -9999 -9999 -9999 -9999 -9999 -9999 -9999 -9999 -9999 -9999 -9999 -9999 -9999 -9999 -9999 -9999 -9999 -9999 -9999 -9999 -9999 -9999 -9999 -9999 -9999 -9999
-9999 -9999 100.665 100.652 100.639 -9999 100.624 100.615 100.522 100.523 -9999 100.645 100.861 100.972 101.089 -9999 101.229 101.504 101.692 101.677 101.688 101.819 102.012 101.836 101.231 101.81 102.469 102.607 103.023 -9999 102.94 103.018 103.342 103.609 103.785 103.954 104.028 -9999 -9999 -9999 -9999 -9999 -9999 -9999 -9999 -9999 -9999 -9999 -9999 -9999 -9999 -9999 -9999 -9999 -9999 -9999 -9999 -9999 -9999 -9999 -9999 -9999 -9999 -9999 -9999 -9999 -9999 -9999 -9999 -9999 -9999 -9999 -9999 -9999
-9999 -9999 100.705 100.692 -9999 -9999 100.609 100.579 100.534 -9999 100.556 100.653 100.781 100.863 100.947 -9999 101.204 101.349 101.437 101.506 101.628 101.762 101.837 101.67 102.044 102.424 102.492 102.757 102.856 102.837 102.823 -9999 -9999 103.271 103.666 -9999 -9999 -9999 -9999 -9999 -9999 104.02 104.153 104.236 -9999 -9999 -9999 -9999 -9999 -9999 -9999 -9999 -9999 -9999 -9999 -9999 -9999 -9999 -9999 -9999 -9999 -9999 -9999 -9999 -9999 -9999 -9999 -9999 -9999 -9999 -9999 -9999 -9999 -9999
-9999 100.763 100.748 -9999 -9999 100.763 100.733 100.675 100.478 -9999 100.613 100.676 100.811 100.89 101.019 -9999 -9999 -9999 101.312 101.427 101.53 101.662 101.898 102.097 102.088 102.331 102.856 102.826 102.569 102.538 102.44 102.503 102.622 103.066 103.691 -9999 -9999 -9999 -9999 -9999 103.832 103.962 104.032 103.989 103.74 -9999 -9999 -9999 -9999 -9999 -9999 -9999 -9999 -9999 -9999 -9999 -9999 -9999 -9999 -9999 -9999 -9999 -9999 -9999 -9999 -9999 -9999 -9999 -9999 -9999 -9999 -9999 -9999 -9999
100.822 100.807 100.793 -9999 -9999 -9999 100.654 100.544 100.492 -9999 100.654 -9999 100.697 100.773 100.859 -9999 101.025 101.113 101.232 -9999 101.43 101.578 101.633 101.699 101.867 102.185 102.273 102.219 102.4 102.42 102.581 102.747 103.005 103.341 103.317 103.357 103.294 103.477 -9999 103.716 103.775 103.852 103.936 103.914 104.173 104.148 104.198 -9999 -9999 -9999 -9999 -9999 -9999 -9999 -9999 -9999 -9999 -9999 -9999 -9999 -9999 -9999 -9999 -9999 -9999 -9999 -9999 -9999 -9999 -9999 -9999 -9999 -9999 -9999
100.87 100.855 -9999 -9999 -9999 -9999 100.734 100.699 100.68 -9999 100.768 -9999 100.657 100.696 -9999 100.803 100.866 100.983 101.139 101.236 101.329 101.399 101.506 101.645 101.759 101.954 102.331 102.391 102.261 102.387 102.471 102.695 102.886 102.796 102.536 102.555 102.517 102.778 103.206 103.282 103.344 103.298 103.017 103.314 103.721 103.875 104.328 104.546 104.634 104.853 -9999 -9999 -9999 -9999 -9999 -9999 -9999 -9999 -9999 -9999 -9999 -9999 -9999 -9999 -9999 -9999 -9999 -9999 -9999 -9999 -9999 -9999 -9999 -9999
-9999 100.905 -9999 -9999 -9999 -9999 100.815 100.796 100.776 100.756 -9999 -9999 100.673 100.695 -9999 100.788 100.789 100.924 101.069 101.143 101.23 101.326 101.433 101.543 101.653 101.807 101.671 101.73 102.041 102.258 102.665 102.771 102.74 102.706 102.938 102.99 103.106 103.277 103.104 103.198 103.354 103.37 103.766 104.027 104.126 104.407 104.5 104.613 104.776 104.746 104.907 -9999 -9999 -9999 -9999 -9999 -9999 -9999 -9999 -9999 -9999 -9999 -9999 -9999 -9999 -9999 -9999 -9999 -9999 -9999 -9999 -9999 -9999 -9999
100.975 -9999 -9999 -9999 -9999 -9999 100.861 100.84 100.817 100.753 -9999 -9999 100.698 100.703 -9999 -9999 100.858 100.96 101.022 101.088 101.155 101.104 100.847 100.943 101.027 101.148 101.663 101.913 102.075 102.322 102.363 102.425 102.592 102.769 102.881 103.044 103.235 102.88 102.126 102.313 102.552 103.101 104.005 104.158 104.397 104.521 104.699 104.925 105.355 105.246 104.875 -9999 -9999 -9999 -9999 -9999 -9999 -9999 -9999 -9999 -9999 -9999 -9999 -9999 -9999 -9999 -9999 -9999 -9999 -9999 -9999 -9999 -9999 -9999
101.032 -9999 -9999 -9999 -9999 -9999 100.908 100.879 100.84 -9999 -9999 -9999 -9999 100.7 -9999 100.788 100.823 100.899 100.991 101.049 101.109 101.047 101.265 101.35 101.495 101.789 101.795 101.9 101.899 101.994 102.142 102.345 102.616 102.724 102.814 102.93 102.923 102.723 103.214 103.284 103.086 103.582 103.611 103.858 104.158 104.356 104.619 104.874 104.931 104.783 104.886 105.014 -9999 -9999 -9999 -9999 -9999 -9999 -9999 -9999 -9999 -9999 -9999 -9999 -9999 -9999 -9999 -9999 -9999 -9999 -9999 -9999 -9999 -9999
101.116 -9999 -9999 -9999 101.001 100.98 100.959 100.923 -9999 -9999 100.831 -9999 -9999 -9999 -9999 100.752 100.818 100.897 100.957 101.016 101.076 101.231 101.355 101.449 101.504 101.592 101.807 101.869 101.989 102.256 102.719 102.883 102.897 102.913 102.766 102.628 102.247 102.68 103.116 103.065 103.158 103.377 103.892 104.174 104.485 104.673 104.776 104.763 104.616 104.737 104.902 105.018 -9999 -9999 -9999 -9999 -9999 -9999 -9999 -9999 -9999 -9999 -9999 -9999 -9999 -9999 -9999 -9999 -9999 -9999 -9999 -9999 -9999 -9999
-9999 -9999 -9999 -9999 -9999 101.034 101.012 100.983 -9999 100.906 100.869 100.833 -9999 -9999 -9999 -9999 100.797 100.86 100.92 100.98 101.039 101.124 101.206 101.384 101.759 101.951 102.147 102.174 102.051 102.366 102.53 102.621 102.808 102.807 102.941 102.775 102.838 103.017 102.835 103.069 103.53 103.866 104.005 104.19 104.212 104.352 104.557 104.522 104.606 104.759 104.921 105.031 105.106 -9999 -9999 -9999 -9999 -9999 -9999 -9999 -9999 -9999 -9999 -9999 -9999 -9999 -9999 -9999 -9999 -9999 -9999 -9999 -9999 -9999
-9999 -9999 -9999 -9999 -9999 100.901 100.907 101.079 -9999 101.405 100.979 100.923 -9999 -9999 -9999 -9999 -9999 100.817 100.879 100.939 101.012 101.12 101.257 101.533 101.711 101.811 101.772 101.82 102.097 102.162 102.068 102.309 102.662 102.741 102.75 102.866 103.043 103.024 103.181 103.602 104.054 104.108 104.01 104.047 104.077 104.312 104.633 104.674 104.633 104.799 104.973 105.042 105.115 105.197 -9999 -9999 -9999 -9999 -9999 -9999 -9999 -9999 -9999 -9999 -9999 -9999 -9999 -9999 -9999 -9999 -9999 -9999 -9999 -9999
-9999 -9999 -9999 -9999 -9999 101.15 101.306 -9999 -9999 101.411 100.904 100.861 100.885 -9999 -9999 -9999 -9999 -9999 100.833 100.907 101.04 101.183 101.321 101.491 101.656 101.722 101.916 102.201 102.549 102.507 102.482 102.714 102.792 102.755 102.655 102.87 103.159 103.277 103.333 103.761 104.25 104.156 103.993 104.047 104.109 104.356 104.538 104.565 104.666 104.88 105.083 105.056 105.131 105.213 105.29 105.368 -9999 -9999 -9999 -9999 -9999 -9999 -9999 -9999 -9999 -9999 -9999 -9999 -9999 -9999 -9999 -9999 -9999 -9999
-9999 -9999 -9999 -9999 -9999 101.548 101.877 -9999 -9999 101.272 100.977 100.958 -9999 -9999 -9999 -9999 -9999 -9999 100.842 100.984 101.154 101.278 101.363 101.515 101.646 101.796 101.888 102.114 102.202 102.165 102.051 101.99 101.68 101.572 101.382 101.887 102.819 102.94 103.155 103.658 104.302 104.188 104.064 104.12 104.141 104.3 104.438 104.472 104.384 104.478 104.423 105.093 105.171 105.251 105.328 105.402 -9999 -9999 -9999 -9999 -9999 -9999 -9999 -9999 -9999 -9999 -9999 -9999 -9999 -9999 -9999 -9999 -9999 -9999
-9999 -9999 -9999 -9999 -9999 102.132 101.619 -9999 -9999 -9999 101.047 100.992 100.955 -9999 -9999 -9999 -9999 -9999 100.81 100.977 101.143 101.262 101.403 101.539 101.67 101.813 102.026 102.187 102.464 102.382 102.258 102.064 101.984 102.042 102.421 102.95 103.035 103.286 103.632 104.036 104.185 104.146 104.167 104.19 104.179 104.316 104.456 104.526 104.81 104.746 105.049 105.136 105.218 105.296 105.37 105.442 -9999 -9999 -9999 -9999 -9999 -9999 -9999 -9999 -9999 -9999 -9999 -9999 -9999 -9999 -9999 -9999 -9999 -9999
-9999 -9999 -9999 -9999 102.076 102.146 101.829 -9999 -9999 -9999 -9999 -9999 -9999 -9999 -9999 -9999 -9999 -9999 100.881 100.999 101.15 101.3 101.443 101.58 101.713 101.888 102.014 102.154 102.096 102.144 102.41 102.214 101.81 102.228 102.789 102.781 102.609 103.034 103.677 103.826 103.977 104.01 104.024 104.084 104.222 104.361 104.503 104.683 104.775 104.975 105.099 105.183 105.263 105.339 105.412 105.481 105.556 -9999 -9999 -9999 -9999 -9999 -9999 -9999 -9999 -9999 -9999 -9999 -9999 -9999 -9999 -9999 -9999 -9999
-9999 -9999 -9999 102.381 102.425 102.329 102.276 -9999 -9999 -9999 -9999 -9999 -9999 -9999 -9999 -9999 100.924 100.903 100.983 101.078 101.188 101.335 101.481 101.621 101.756 101.887 102.013 102.071 102.257 102.41 102.422 102.225 102.226 102.635 102.909 102.849 102.909 103.38 103.726 103.856 103.947 103.978 103.993 104.132 104.272 104.413 104.557 104.657 104.882 105.043 105.147 105.23 105.308 105.382 105.452 105.52 105.595 -9999 -9999 -9999 -9999 -9999 -9999 -9999 -9999 -9999 -9999 -9999 -9999 -9999 -9999 -9999 -9999 -9999
-9999 -9999 -9999 102.467 102.393 102.226 -9999 -9999 -9999 -9999 -9999 -9999 -9999 -9999 -9999 -9999 100.961 101.023 101.1 101.165 101.232 101.287 101.284 101.424 101.552 101.749 102.048 102.197 102.296 102.346 102.465 102.577 102.808 103.075 103.367 103.352 103.223 103.475 103.642 103.649 103.478 103.648 104.046 103.974 103.525 103.855 104.55 104.792 104.968 105.109 105.195 105.276 105.352 105.424 105.492 105.558 105.633 -9999 -9999 -9999 -9999 -9999 -9999 -9999 -9999 -9999 -9999 -9999 -9999 -9999 -9999 -9999 -9999 -9999
-9999 -9999 -9999 -9999 -9999 -9999 -9999 -9999 -9999 -9999 -9999 -9999 -9999 -9999 -9999 -9999 101.057 101.14 101.22 101.301 101.426 101.439 101.529 101.663 101.828 102.021 102.07 102.175 102.274 102.38 102.524 102.726 102.872 103.025 102.972 102.996 103.261 103.486 103.814 103.822 104.029 104.216 104.108 104.074 104.576 104.864 104.707 104.884 105.048 105.16 105.244 105.322 105.396 105.466 105.532 105.596 105.67 -9999 -9999 -9999 -9999 -9999 -9999 -9999 -9999 -9999 -9999 -9999 -9999 -9999 -9999 -9999 -9999 -9999
-9999 -9999 -9999 -9999 -9999 -9999 -9999 -9999 -9999 -9999 -9999 -9999 -9999 -9999 -9999 101.129 101.175 101.228 101.222 101.36 101.525 101.596 101.679 101.838 102.086 102.123 102.092 102.2 102.302 102.428 102.588 102.773 102.99 103.07 103.302 103.516 103.737 103.913 103.905 104.029 104.019 104.049 104.236 104.584 104.745 104.628 104.805 104.978 105.122 105.211 105.293 105.369 105.44 105.508 105.572 105.634 105.707 -9999 -9999 -9999 -9999 -9999 -9999 -9999 -9999 -9999 -9999 -9999 -9999 -9999 -9999 -9999 -9999 -9999
-9999 -9999 -9999 -9999 -9999 -9999 -9999 -9999 -9999 -9999 -9999 -9999 -9999 -9999 -9999 101.23 101.296 101.374 101.56 101.672 101.705 101.783 101.87 101.983 101.969 101.988 102.116 102.226 102.34 102.494 102.656 102.863 103.038 103.153 103.069 103.231 103.355 103.532 104.015 104.012 103.971 104.151 104.33 104.525 104.664 104.733 104.906 105.067 105.179 105.263 105.342 105.416 105.485 105.551 105.613 105.672 105.744 -9999 -9999 -9999 -9999 -9999 -9999 -9999 -9999 -9999 -9999 -9999 -9999 -9999 -9999 -9999 -9999 -9999
-9999 -9999 -9999 -9999 -9999 -9999 -9999 -9999 -9999 -9999 -9999 -9999 -9999 -9999 101.323 101.355 101.34 101.524 101.745 101.78 101.802 101.881 101.942 101.955 102.007 102.095 102.175 102.26 102.388 102.563 102.729 102.9 103.035 103.053 103.153 103.276 103.411 103.725 103.875 103.986 104.31 104.398 104.334 104.528 104.668 104.841 105.008 105.147 105.235 105.316 105.392 105.463 105.53 105.593 105.656 105.72 105.795 105.867 -9999 -9999 -9999 -9999 -9999 -9999 -9999 -9999 -9999 -9999 -9999 -9999 -9999 -9999 -9999 -9999
