Validation/Results/ReClimate_04_2024_2_Temperature.asc
NCOLS 192
NROWS 249
XLLCENTER -225160.85627316462
YLLCENTER 29788.11610251502
CELLSIZE 5000.0
NODATA_VALUE -9999
[rows 136 to 169 of 249, columns 76 to 151 of 192]
-9999 -9999 -9999 -9999 -9999 -9999 -9999 -9999 -9999 -0.096 -9999 -0.096 -0.092 -0.088 -0.084 -0.09 -0.097 -0.086 -0.071 -0.06 -0.048 -0.036 -0.022 -0.026 -0.033 -0.034 -0.036 -0.035 -0.037 -9999 -9999 -9999 -9999 -9999 -9999 0.01 0.017 0.022 0.027 0.031 0.037 0.039 0.036 0.049 0.062 0.071 0.079 0.086 0.091 0.098 0.105 0.104 0.1 0.097 0.091 0.099 0.1 0.085 -9999 -9999 -9999 -9999 -9999 -9999 -9999 -9999 -9999 -9999 -9999 -9999 -9999 -9999 -9999 -9999 -9999 -9999
-0.023 -9999 -9999 -9999 -9999 -9999 -9999 -9999 -9999 -0.091 -0.09 -0.087 -0.087 -0.085 -0.083 -0.083 -0.073 -0.067 -0.072 -0.063 -0.05 -0.044 -0.048 -0.049 -0.043 -0.043 -0.042 -0.043 -0.048 -9999 -9999 -9999 -9999 -0.01 0.01 0.017 0.025 0.029 0.031 0.033 0.028 0.035 0.053 0.062 0.062 0.069 0.074 0.08 0.084 0.095 0.104 0.105 0.102 0.098 0.091 0.088 0.095 0.09 -9999 -9999 -9999 -9999 -9999 -9999 -9999 -9999 -9999 -9999 -9999 -9999 -9999 -9999 -9999 -9999 -9999 -9999
-0.019 -0.03 -9999 -9999 -9999 -9999 -9999 -9999 -9999 -0.081 -0.084 -0.084 -9999 -9999 -0.082 -0.073 -0.062 -0.067 -9999 -0.064 -0.052 -0.054 -0.058 -0.052 -0.046 -0.045 -0.045 -9999 -9999 -9999 -9999 -9999 -0.02 -0.006 0.012 0.02 0.027 0.03 0.032 0.029 0.024 0.041 0.058 0.06 0.06 0.066 0.07 0.076 0.08 0.09 0.101 0.102 0.101 0.097 0.09 0.087 0.081 0.089 -9999 -9999 -9999 -9999 -9999 -9999 -9999 -9999 -9999 -9999 -9999 -9999 -9999 -9999 -9999 -9999 -9999 -9999
-0.015 -0.029 -9999 -9999 -9999 -9999 -9999 -9999 -9999 -9999 -0.085 -0.09 -9999 -9999 -9999 -0.076 -0.067 -0.071 -0.072 -9999 -9999 -0.067 -0.071 -0.067 -0.061 -0.059 -9999 -9999 -9999 -9999 -9999 -0.001 0.004 0.019 0.031 0.038 0.042 0.041 0.03 0.033 0.045 0.058 0.063 0.068 0.076 0.081 0.08 0.085 0.087 0.095 0.105 0.108 0.108 0.11 0.107 0.105 0.101 0.097 -9999 -9999 -9999 -9999 -9999 -9999 -9999 -9999 -9999 -9999 -9999 -9999 -9999 -9999 -9999 -9999 -9999 -9999
-0.015 -9999 -9999 -9999 -9999 -9999 -9999 -9999 -9999 -9999 -9999 -0.087 -9999 -9999 -9999 -9999 -0.068 -0.07 -0.071 -9999 -9999 -9999 -0.071 -0.071 -9999 -9999 -9999 -9999 -9999 -9999 -9999 0.0 0.014 0.025 0.037 0.042 0.047 0.038 0.028 0.04 0.052 0.058 0.063 0.072 0.08 0.082 0.083 0.086 0.088 0.096 0.104 0.107 0.108 0.11 0.11 0.11 0.106 0.103 -9999 -9999 -9999 -9999 -9999 -9999 -9999 -9999 -9999 -9999 -9999 -9999 -9999 -9999 -9999 -9999 -9999 -9999
-9999 -9999 -9999 -9999 -9999 -9999 -9999 -9999 -9999 -9999 -9999 -0.079 -9999 -9999 -9999 -9999 -9999 -0.084 -0.077 -9999 -9999 -9999 -9999 -9999 -9999 -9999 -9999 -9999 -9999 -9999 -9999 -0.002 0.006 0.014 0.019 0.028 0.046 0.04 0.039 0.05 0.055 0.061 0.066 0.077 0.093 0.091 0.078 0.084 0.094 0.097 0.102 0.108 0.112 0.111 0.109 0.115 0.116 0.116 0.097 -9999 -9999 -9999 -9999 -9999 -9999 -9999 -9999 -9999 -9999 -9999 -9999 -9999 -9999 -9999 -9999 -9999
-0.03 -0.029 -0.029 -0.032 -9999 -9999 -9999 -9999 -9999 -9999 -9999 -0.071 -9999 -9999 -9999 -9999 -9999 -9999 -9999 -9999 -9999 -9999 -9999 -9999 -9999 -9999 -9999 -9999 -9999 -9999 -0.018 -0.01 0.003 0.007 0.011 0.026 0.043 0.043 0.042 0.049 0.054 0.06 0.065 0.08 0.096 0.087 0.075 0.085 0.095 0.098 0.099 0.105 0.11 0.11 0.107 0.113 0.118 0.118 0.115 0.088 -9999 -9999 -9999 -9999 -9999 -9999 -9999 -9999 -9999 -9999 -9999 -9999 -9999 -9999 -9999 -9999
-0.008 -0.011 -0.024 -0.026 -9999 -9999 -9999 -9999 -9999 -9999 -9999 -9999 -9999 -9999 -9999 -9999 -9999 -9999 -9999 -9999 -9999 -9999 -9999 -9999 -9999 -9999 -9999 -9999 -9999 -0.019 -0.013 0.0 0.016 0.018 0.013 0.03 0.049 0.054 0.067 0.073 0.074 0.078 0.07 0.082 0.089 0.085 0.086 0.093 0.095 0.098 0.103 0.104 0.106 0.114 0.116 0.111 0.109 0.114 0.114 0.114 -9999 -9999 -9999 -9999 -9999 -9999 -9999 -9999 -9999 -9999 -9999 -9999 -9999 -9999 -9999 -9999
0.0 -0.01 -9999 -0.025 -0.024 -9999 -9999 -9999 -9999 -9999 -9999 -9999 -9999 -9999 -9999 -9999 -9999 -9999 -9999 -9999 -9999 -9999 -9999 -9999 -9999 -9999 -9999 -9999 -9999 -0.021 -0.01 0.004 0.02 0.018 0.013 0.031 0.05 0.061 0.074 0.079 0.081 0.077 0.071 0.078 0.085 0.088 0.089 0.091 0.093 0.098 0.103 0.104 0.102 0.11 0.117 0.112 0.104 0.108 0.112 0.111 0.108 0.097 -9999 -9999 -9999 -9999 -9999 -9999 -9999 -9999 -9999 -9999 -9999 -9999 -9999 -9999
0.004 -0.003 -9999 -9999 -0.019 -9999 -9999 -9999 -9999 -9999 -9999 -9999 -9999 -9999 -9999 -9999 -9999 -9999 -9999 -9999 -9999 -9999 -9999 -9999 -9999 -9999 -9999 -9999 -9999 -0.027 -0.017 -0.003 0.015 0.013 0.009 0.028 0.053 0.059 0.058 0.068 0.093 0.086 0.067 0.072 0.072 0.078 0.089 0.091 0.089 0.092 0.095 0.093 0.09 0.097 0.103 0.112 0.112 0.114 0.117 0.115 0.111 0.111 0.102 0.076 0.055 -9999 -9999 -9999 -9999 -9999 -9999 -9999 -9999 -9999 -9999 -9999
0.005 0.002 -0.003 -9999 -0.015 -9999 -9999 -9999 -9999 -9999 -9999 -9999 -9999 -9999 -9999 -9999 -9999 -9999 -9999 -9999 -9999 -9999 -9999 -9999 -9999 -9999 -9999 -9999 -0.041 -0.029 -0.02 -0.005 0.013 0.011 0.007 0.028 0.052 0.051 0.049 0.071 0.096 0.083 0.064 0.066 0.066 0.077 0.088 0.088 0.086 0.089 0.09 0.088 0.084 0.09 0.096 0.104 0.113 0.115 0.116 0.114 0.11 0.11 0.108 0.11 0.114 0.05 0.072 -9999 -9999 -9999 -9999 -9999 -9999 -9999 -9999 -9999
0.014 0.009 -9999 -0.006 -9999 -9999 -9999 -9999 -9999 -9999 -9999 -9999 -9999 -9999 -9999 -9999 -9999 -9999 -9999 -9999 -9999 -9999 -9999 -9999 -9999 -9999 -9999 -9999 -9999 -0.035 -0.027 -0.015 -0.007 -0.004 0.012 0.028 0.036 0.038 0.049 0.066 0.076 0.07 0.073 0.076 0.077 0.09 0.108 0.109 0.106 0.102 0.099 0.11 0.114 0.107 0.106 0.101 0.102 0.105 0.105 0.103 0.098 0.106 0.109 0.107 0.107 0.107 0.065 0.094 -9999 -9999 -9999 -9999 -9999 -9999 -9999 -9999
0.016 0.009 -0.0 -0.006 -9999 -9999 -9999 -9999 -9999 -9999 -9999 -9999 -9999 -9999 -9999 -9999 -9999 -9999 -9999 -9999 -9999 -9999 -9999 -9999 -9999 -9999 -9999 -9999 -9999 -9999 -0.029 -0.022 -0.015 -0.002 0.014 0.021 0.029 0.037 0.048 0.058 0.067 0.072 0.075 0.078 0.079 0.096 0.114 0.114 0.111 0.107 0.1 0.111 0.122 0.116 0.107 0.103 0.096 0.098 0.099 0.097 0.092 0.099 0.107 0.105 0.101 0.101 0.101 0.094 0.092 -9999 -9999 -9999 -9999 -9999 -9999 -9999
0.023 0.017 0.009 -9999 -9999 -9999 -9999 -9999 -9999 -9999 -9999 -9999 -9999 -9999 -9999 -9999 -9999 -9999 -9999 -9999 -9999 -9999 -9999 -9999 -9999 -9999 -9999 -9999 -9999 -9999 -0.028 -0.018 -0.007 0.005 0.017 0.021 0.02 0.03 0.047 0.053 0.052 0.063 0.087 0.093 0.102 0.106 0.084 0.089 0.106 0.102 0.095 0.101 0.109 0.11 0.105 0.111 0.11 0.102 0.097 0.098 0.096 0.102 0.108 0.109 0.107 0.104 0.102 0.1 0.098 0.085 -9999 -9999 -9999 -9999 -9999 -9999
0.025 0.02 0.011 -9999 -9999 -9999 -9999 -9999 -9999 -9999 -9999 -9999 -9999 -9999 -9999 -9999 -9999 -9999 -9999 -9999 -9999 -9999 -9999 -9999 -9999 -9999 -9999 -9999 -9999 -9999 -9999 -0.019 -0.004 0.006 0.018 0.018 0.016 0.03 0.046 0.047 0.045 0.066 0.09 0.099 0.108 0.092 0.071 0.085 0.101 0.098 0.091 0.097 0.102 0.103 0.102 0.107 0.111 0.104 0.093 0.095 0.095 0.101 0.106 0.107 0.106 0.104 0.099 0.098 0.095 0.091 -9999 -9999 -9999 -9999 -9999 -9999
-9999 -9999 -9999 -9999 -9999 -9999 -9999 -9999 -9999 -9999 -9999 -9999 -9999 -9999 -9999 -9999 -9999 -9999 -9999 -9999 -9999 -9999 -9999 -9999 -9999 -9999 -9999 -9999 -9999 -9999 -9999 -0.022 -0.014 -0.004 0.006 0.007 0.01 0.021 0.033 0.035 0.038 0.054 0.063 0.075 0.097 0.088 0.084 0.097 0.107 0.099 0.09 0.094 0.097 0.096 0.093 0.1 0.105 0.108 0.104 0.108 0.11 0.104 0.103 0.097 0.092 0.09 0.085 0.084 0.081 0.087 0.083 -9999 -9999 -9999 -9999 -9999
-9999 -9999 -9999 -9999 -9999 -9999 -9999 -9999 -9999 -9999 -9999 -9999 -9999 -9999 -9999 -9999 -9999 -9999 -9999 -9999 -9999 -9999 -9999 -9999 -9999 -9999 -9999 -9999 -9999 -9999 -9999 -9999 -0.017 -0.009 0.001 0.005 0.008 0.016 0.027 0.032 0.035 0.043 0.051 0.07 0.091 0.09 0.088 0.097 0.107 0.099 0.088 0.091 0.093 0.092 0.088 0.094 0.1 0.103 0.105 0.109 0.112 0.107 0.099 0.093 0.085 0.082 0.078 0.077 0.074 0.079 0.086 -9999 -9999 -9999 -9999 -9999
-9999 -9999 -9999 -9999 -9999 -9999 -9999 -9999 -9999 -9999 -9999 -9999 -9999 -9999 -9999 -9999 -9999 -9999 -9999 -9999 -9999 -9999 -9999 -9999 -9999 -9999 -9999 -9999 -9999 -9999 -9999 -9999 -0.017 -9999 -0.003 0.001 0.005 0.012 -9999 0.03 0.044 0.051 0.056 0.069 0.076 0.079 0.09 0.093 0.087 0.1 0.101 0.1 0.099 0.091 0.083 0.09 0.096 0.104 0.11 0.101 0.096 0.09 0.081 0.08 0.074 0.079 0.079 0.071 0.064 0.071 0.079 0.069 -9999 -9999 -9999 -9999
-9999 -9999 -9999 -9999 -9999 -9999 -9999 -9999 -9999 -9999 -9999 -9999 -9999 -9999 -9999 -9999 -9999 -9999 -9999 -9999 -9999 -9999 -9999 -9999 -9999 -9999 -9999 -9999 -9999 -9999 -9999 -9999 -9999 -0.013 -0.005 -9999 -9999 -9999 -9999 0.033 0.047 0.052 0.056 0.062 0.068 0.078 0.088 0.084 0.077 0.09 0.103 0.102 0.098 0.091 0.079 0.085 0.092 0.1 0.108 0.1 0.088 0.081 0.072 0.07 0.067 0.072 0.077 0.07 0.058 0.066 0.074 0.065 0.052 0.033 -9999 -9999
-9999 -9999 -9999 -9999 -9999 -9999 -9999 -9999 -9999 -9999 -9999 -9999 -9999 -9999 -9999 -9999 -9999 -9999 -9999 -9999 -9999 -9999 -9999 -9999 -9999 -9999 -9999 -9999 -9999 -9999 -9999 -9999 -9999 -0.009 -0.005 -9999 -9999 -9999 -9999 0.036 0.049 0.054 0.059 0.065 0.068 0.077 0.084 0.08 0.074 0.083 0.095 0.1 0.1 0.098 0.091 0.089 0.091 0.098 0.106 0.098 0.087 0.079 0.069 0.073 0.074 0.071 0.072 0.067 0.058 0.059 0.064 0.056 0.045 0.035 -9999 -9999
-9999 -9999 -9999 -9999 -9999 -9999 -9999 -9999 -9999 -9999 -9999 -9999 -9999 -9999 -9999 -9999 -9999 -9999 -9999 -9999 -9999 -9999 -9999 -9999 -9999 -9999 -9999 -9999 -9999 -9999 -9999 -9999 -9999 -0.004 -9999 -9999 -9999 -9999 0.029 0.038 0.048 0.053 0.059 0.063 0.066 0.073 0.08 0.076 0.07 0.079 0.088 0.093 0.097 0.096 0.092 0.091 0.088 0.095 0.101 0.094 0.084 0.076 0.066 0.07 0.074 0.071 0.067 0.062 0.055 0.056 0.057 0.05 0.042 -9999 -9999 -9999
-9999 -9999 -9999 -9999 -9999 -9999 -9999 -9999 -9999 -9999 -9999 -9999 -9999 -9999 -9999 -9999 -9999 -9999 -9999 -9999 -9999 -9999 -9999 -9999 -9999 -9999 -9999 -9999 -9999 -9999 -9999 -9999 -9999 -9999 -9999 -9999 -9999 -9999 0.035 0.046 0.064 0.069 0.068 0.071 0.07 0.073 0.068 0.067 0.071 0.08 0.087 0.092 0.096 0.093 0.089 0.09 0.089 0.083 0.082 0.08 0.072 0.065 0.054 0.06 0.064 0.076 0.081 0.068 0.057 0.053 0.05 0.049 0.041 -9999 -9999 -9999
-9999 -9999 -9999 -9999 -9999 -9999 -9999 -9999 -9999 -9999 -9999 -9999 -9999 -9999 -9999 -9999 -9999 -9999 -9999 -9999 -9999 -9999 -9999 -9999 -9999 -9999 -9999 -9999 -9999 -9999 -9999 -9999 -9999 -9999 -9999 -9999 -9999 -9999 0.035 0.05 0.067 0.069 0.069 0.07 0.068 0.065 0.06 0.065 0.069 0.076 0.083 0.088 0.092 0.089 0.084 0.085 0.086 0.08 0.072 0.07 0.065 0.058 0.048 0.053 0.059 0.07 0.082 0.071 0.055 0.051 0.045 0.044 0.039 -9999 -9999 -9999
-9999 -9999 -9999 -9999 -9999 -9999 -9999 -9999 -9999 -9999 -9999 -9999 -9999 -9999 -9999 -9999 -9999 -9999 -9999 -9999 -9999 -9999 -9999 -9999 -9999 -9999 -9999 -9999 -9999 -9999 -9999 -9999 -9999 -9999 -9999 -9999 -9999 0.026 0.035 0.047 0.06 0.063 0.069 0.066 0.056 0.056 0.062 0.066 0.07 0.073 0.079 0.088 0.096 0.08 0.067 0.07 0.071 0.065 0.056 0.055 0.05 0.055 0.052 0.055 0.059 0.055 0.057 0.063 0.058 0.061 0.06 0.046 0.036 0.032 -9999 -9999
-9999 -9999 -9999 -9999 -9999 -9999 -9999 -9999 -9999 -9999 -9999 -9999 -9999 -9999 -9999 -9999 -9999 -9999 -9999 -9999 -9999 -9999 -9999 -9999 -9999 -9999 -9999 -9999 -9999 -9999 -9999 -9999 -9999 -9999 -9999 -9999 -9999 0.024 0.033 0.043 0.054 0.06 0.065 0.058 0.049 0.054 0.059 0.064 0.067 0.071 0.073 0.083 0.093 0.078 0.058 0.061 0.063 0.057 0.048 0.046 0.043 0.047 0.052 0.054 0.057 0.052 0.046 0.051 0.056 0.059 0.062 0.05 0.033 0.03 -9999 -9999
-9999 -9999 -9999 -9999 -9999 -9999 -9999 -9999 -9999 -9999 -9999 -9999 -9999 -9999 -9999 -9999 -9999 -9999 -9999 -9999 -9999 -9999 -9999 -9999 -9999 -9999 -9999 -9999 -9999 -9999 -9999 -9999 -9999 -9999 -9999 -9999 0.03 0.038 0.043 0.05 0.055 0.058 0.059 0.054 0.051 0.055 0.057 0.063 0.072 0.079 0.085 0.073 0.071 0.071 0.061 0.071 0.079 0.055 0.035 0.039 0.039 0.037 0.037 0.049 0.056 0.047 0.038 0.047 0.055 0.049 0.046 0.042 0.031 0.024 0.019 -9999
-9999 -9999 -9999 -9999 -9999 -9999 -9999 -9999 -9999 -9999 -9999 -9999 -9999 -9999 -9999 -9999 -9999 -9999 -9999 -9999 -9999 -9999 -9999 -9999 -9999 -9999 -9999 -9999 -9999 -9999 -9999 -9999 -9999 -9999 -9999 -9999 0.034 0.039 0.044 0.048 0.052 0.053 0.053 0.052 0.049 0.052 0.053 0.061 0.07 0.077 0.085 0.075 0.06 0.06 0.059 0.069 0.081 0.059 0.029 0.032 0.035 0.034 0.031 0.041 0.053 0.044 0.033 0.042 0.052 0.046 0.038 0.034 0.028 0.021 0.012 -9999
-9999 -9999 -9999 -9999 -9999 -9999 -9999 -9999 -9999 -9999 -9999 -9999 -9999 -9999 -9999 -9999 -9999 -9999 -9999 -9999 -9999 -9999 -9999 -9999 -9999 -9999 -9999 -9999 -9999 -9999 -9999 -9999 -9999 -9999 -9999 -9999 0.043 0.043 0.035 0.043 0.058 0.061 0.069 0.069 0.066 0.061 0.039 0.046 0.053 0.068 0.08 0.08 0.073 0.066 0.061 0.061 0.066 0.058 0.038 0.034 0.034 0.038 0.039 0.043 0.052 0.051 0.044 0.042 0.045 0.047 0.043 0.034 0.025 0.023 0.018 0.014
-9999 -9999 -9999 -9999 -9999 -9999 -9999 -9999 -9999 -9999 -9999 -9999 -9999 -9999 -9999 -9999 -9999 -9999 -9999 -9999 -9999 -9999 -9999 -9999 -9999 -9999 -9999 -9999 -9999 -9999 -9999 -9999 -9999 -9999 -9999 -9999 -9999 0.037 0.03 0.043 0.057 0.065 0.073 0.071 0.069 0.052 0.031 0.037 0.044 0.058 0.074 0.075 0.074 0.068 0.059 0.059 0.058 0.05 0.039 0.036 0.031 0.035 0.04 0.044 0.049 0.048 0.046 0.044 0.04 0.042 -9999 0.034 -9999 0.023 0.017 0.015
-9999 -9999 -9999 -9999 -9999 -9999 -9999 -9999 -9999 -9999 -9999 -9999 -9999 -9999 -9999 -9999 -9999 -9999 -9999 -9999 -9999 -9999 -9999 -9999 -9999 -9999 -9999 -9999 -9999 -9999 -9999 -9999 -9999 -9999 -9999 -9999 0.038 0.031 0.038 0.051 0.065 0.068 0.06 0.062 0.071 0.061 0.057 0.058 0.043 0.055 0.065 0.058 0.052 0.056 0.053 0.046 0.04 0.045 0.041 0.042 0.04 0.032 0.03 0.037 0.043 0.041 0.038 0.033 0.027 0.027 0.027 0.036 0.035 -9999 0.023 0.015
-9999 -9999 -9999 -9999 -9999 -9999 -9999 -9999 -9999 -9999 -9999 -9999 -9999 -9999 -9999 -9999 -9999 -9999 -9999 -9999 -9999 -9999 -9999 -9999 -9999 -9999 -9999 -9999 -9999 -9999 -9999 -9999 -9999 -9999 -9999 -9999 0.033 0.035 0.039 0.051 0.065 0.06 0.053 0.061 0.069 0.068 0.065 0.055 0.041 0.049 0.059 0.052 0.042 0.045 0.048 0.042 0.032 0.036 0.04 0.04 0.04 0.033 0.024 0.03 0.038 0.036 0.032 0.028 0.021 0.02 0.019 0.027 0.037 0.032 -9999 -9999
-9999 -9999 -9999 -9999 -9999 -9999 -9999 -9999 -9999 -9999 -9999 -9999 -9999 -9999 -9999 -9999 -9999 -9999 -9999 -9999 -9999 -9999 -9999 -9999 -9999 -9999 -9999 -9999 -9999 -9999 -9999 -9999 -9999 -9999 -9999 0.036 0.032 0.035 0.037 0.045 0.048 0.044 0.042 0.046 0.047 0.047 0.05 0.043 0.042 0.044 0.049 0.047 0.04 0.036 0.034 0.039 0.036 0.036 0.038 0.039 0.04 0.033 0.025 0.031 0.039 0.039 0.037 0.028 0.019 0.016 0.014 0.019 0.027 0.025 0.023 0.023
-9999 -9999 -9999 -9999 -9999 -9999 -9999 -9999 -9999 -9999 -9999 -9999 -9999 -9999 -9999 -9999 -9999 -9999 -9999 -9999 -9999 -9999 -9999 -9999 -9999 -9999 -9999 -9999 -9999 -9999 -9999 -9999 -9999 -9999 -9999 0.036 0.032 0.034 0.035 0.037 0.039 0.038 0.036 0.037 0.037 0.039 0.041 0.041 0.039 0.042 0.043 0.041 0.036 0.033 0.027 0.031 0.036 0.036 0.035 0.036 0.037 0.031 0.022 0.029 0.036 0.037 0.036 0.028 0.018 0.016 0.014 0.019 0.025 0.023 0.02 0.02
-9999 -9999 -9999 -9999 -9999 -9999 -9999 -9999 -9999 -9999 -9999 -9999 -9999 -9999 -9999 -9999 -9999 -9999 -9999 -9999 -9999 -9999 -9999 -9999 -9999 -9999 -9999 -9999 -9999 -9999 -9999 -9999 -9999 -9999 -9999 -9999 0.047 0.048 0.045 0.048 0.053 0.053 0.051 0.051 0.044 0.046 0.045 0.048 0.059 0.057 0.042 0.037 0.031 0.037 0.037 0.036 0.037 0.034 0.031 0.033 0.034 0.022 0.011 0.015 0.02 0.031 0.038 0.024 0.011 0.022 0.027 0.025 0.028 0.028 0.027 0.012
