Validation/Results/ReClimate_10_2023_1.asc
NCOLS 192
NROWS 249
XLLCENTER -225160.85627316462
YLLCENTER 29788.11610251502
CELLSIZE 5000.0
NODATA_VALUE -9999
[rows 132 to 164 of 249, columns 74 to 147 of 192]
-9999 -9999 -9999 -9999 -9999 -9999 -9999 -9999 -9999 -9999 -9999 -9999 -9999 101.424 101.428 101.448 101.504 101.632 101.681 101.75 101.873 101.97 102.115 102.148 102.137 102.206 102.275 102.356 102.478 102.642 102.806 102.96 103.101 103.172 103.156 103.333 103.588 103.733 103.887 104.136 104.32 104.329 104.41 104.609 104.784 104.952 105.105 105.207 105.292 105.372 105.45 105.522 105.592 105.661 105.726 105.79 105.852 105.915 -9999 -9999 -9999 -9999 -9999 -9999 -9999 -9999 -9999 -9999 -9999 -9999 -9999 -9999 -9999 -9999
102.567 -9999 -9999 -9999 -9999 -9999 -9999 -9999 -9999 -9999 -9999 -9999 -9999 101.384 101.328 101.439 101.652 101.7 101.776 101.882 101.961 102.168 102.496 102.436 102.257 102.33 102.403 102.485 102.618 102.777 102.925 103.063 103.196 103.259 103.393 103.623 103.845 103.956 104.004 104.164 104.304 104.407 104.568 104.735 104.904 105.065 105.196 105.289 105.376 105.458 105.537 105.613 105.684 105.752 105.816 105.877 105.935 105.989 -9999 -9999 -9999 -9999 -9999 -9999 -9999 -9999 -9999 -9999 -9999 -9999 -9999 -9999 -9999 -9999
102.562 -9999 -9999 -9999 -9999 -9999 -9999 -9999 -9999 -9999 -9999 -9999 101.448 101.198 101.482 101.647 101.771 101.832 101.902 101.951 101.939 102.219 102.483 102.396 102.382 102.458 102.535 102.633 102.781 102.935 103.076 103.21 103.343 103.473 103.599 103.768 103.883 103.975 104.126 104.265 104.403 104.542 104.697 104.878 105.052 105.202 105.304 105.397 105.484 105.565 105.643 105.715 105.782 105.846 105.906 105.963 106.016 106.067 106.096 -9999 -9999 -9999 -9999 -9999 -9999 -9999 -9999 -9999 -9999 -9999 -9999 -9999 -9999 -9999
102.595 -9999 -9999 -9999 -9999 -9999 -9999 -9999 -9999 -9999 -9999 101.689 -9999 101.749 102.003 102.025 101.888 101.947 102.017 102.048 102.133 102.342 102.503 102.508 102.51 102.591 102.673 102.786 102.946 103.1 103.244 103.38 103.511 103.638 103.765 103.884 104.013 104.152 104.286 104.421 104.56 104.715 104.895 105.074 105.232 105.337 105.431 105.518 105.598 105.674 105.745 105.81 105.874 105.933 105.989 106.042 106.092 106.139 106.172 -9999 -9999 -9999 -9999 -9999 -9999 -9999 -9999 -9999 -9999 -9999 -9999 -9999 -9999 -9999
102.617 102.568 -9999 -9999 -9999 -9999 -9999 -9999 -9999 -9999 -9999 101.791 -9999 101.867 101.771 101.787 102.005 102.067 102.135 102.212 102.301 102.426 102.505 102.552 102.644 102.73 102.817 102.943 103.114 103.268 103.413 -9999 -9999 -9999 -9999 -9999 -9999 104.334 104.468 104.614 104.773 104.939 105.115 105.273 105.381 105.472 105.555 105.633 105.706 105.775 105.84 105.902 105.959 106.015 106.067 106.117 106.163 106.206 106.242 106.228 -9999 -9999 -9999 -9999 -9999 -9999 -9999 -9999 -9999 -9999 -9999 -9999 -9999 -9999
102.792 102.711 102.578 -9999 -9999 -9999 -9999 -9999 -9999 -9999 -9999 101.87 101.867 101.849 101.912 102.058 102.123 102.189 102.257 102.336 102.425 102.512 102.601 102.695 102.785 102.887 103.013 103.141 103.283 103.438 103.584 -9999 -9999 -9999 -9999 104.252 104.387 104.524 104.683 104.844 105.001 105.165 105.321 105.429 105.517 105.597 105.671 105.741 105.807 105.87 105.93 105.985 106.04 106.092 106.141 106.187 106.23 106.27 106.304 106.33 -9999 -9999 -9999 -9999 -9999 -9999 -9999 -9999 -9999 -9999 -9999 -9999 -9999 -9999
102.937 102.813 102.641 102.591 -9999 -9999 -9999 -9999 -9999 -9999 -9999 101.975 101.974 102.041 -9999 -9999 102.244 102.314 102.387 102.467 -9999 102.653 102.744 102.838 102.933 103.024 103.069 103.223 103.455 -9999 -9999 -9999 -9999 -9999 104.302 104.437 104.585 104.753 104.915 105.072 105.227 105.377 105.483 105.568 105.644 105.715 105.78 105.843 105.902 105.959 106.013 106.066 106.115 106.164 106.21 106.254 106.295 106.331 106.365 106.396 -9999 -9999 -9999 -9999 -9999 -9999 -9999 -9999 -9999 -9999 -9999 -9999 -9999 -9999
102.814 102.731 102.705 102.652 -9999 -9999 -9999 -9999 -9999 -9999 -9999 -9999 102.092 102.154 -9999 -9999 -9999 102.444 102.522 102.604 102.696 -9999 -9999 102.994 103.092 103.154 103.244 103.425 -9999 -9999 -9999 -9999 -9999 104.353 104.489 104.626 104.742 104.883 104.977 105.175 105.44 105.54 105.624 105.698 105.764 105.825 105.883 105.938 105.991 106.042 106.092 106.139 106.186 106.232 106.276 106.318 106.356 106.39 106.42 106.449 -9999 -9999 -9999 -9999 -9999 -9999 -9999 -9999 -9999 -9999 -9999 -9999 -9999 -9999
102.768 102.761 102.74 -9999 -9999 -9999 -9999 -9999 -9999 -9999 -9999 -9999 -9999 102.275 -9999 -9999 -9999 -9999 102.664 102.752 102.848 -9999 -9999 -9999 103.29 103.374 -9999 -9999 -9999 -9999 -9999 -9999 -9999 104.543 104.702 104.867 105.086 105.284 105.546 105.499 105.597 105.685 105.758 105.82 105.876 105.928 105.979 106.028 106.075 106.122 106.167 106.211 106.253 106.296 106.337 106.377 106.415 106.445 106.472 106.498 -9999 -9999 -9999 -9999 -9999 -9999 -9999 -9999 -9999 -9999 -9999 -9999 -9999 -9999
102.785 102.778 -9999 -9999 -9999 -9999 -9999 -9999 -9999 -9999 -9999 -9999 -9999 102.414 -9999 -9999 -9999 -9999 -9999 102.913 103.014 -9999 -9999 -9999 -9999 -9999 -9999 -9999 -9999 -9999 -9999 -9999 -9999 104.756 104.934 104.98 104.723 105.13 105.545 105.646 105.741 105.822 105.884 105.934 105.98 106.025 106.069 106.112 106.155 106.197 106.238 106.277 106.317 106.356 106.394 106.431 106.465 106.495 106.519 106.544 106.572 -9999 -9999 -9999 -9999 -9999 -9999 -9999 -9999 -9999 -9999 -9999 -9999 -9999
102.801 -9999 102.787 102.781 102.765 102.758 -9999 -9999 -9999 -9999 -9999 -9999 -9999 102.557 -9999 -9999 -9999 -9999 -9999 -9999 -9999 -9999 -9999 -9999 -9999 -9999 -9999 -9999 -9999 -9999 -9999 -9999 104.808 104.992 105.165 105.107 105.246 105.577 105.68 105.78 105.873 105.95 106.0 106.039 106.077 106.115 106.153 106.192 106.23 106.268 106.306 106.344 106.383 106.42 106.456 106.49 106.521 106.549 106.574 106.597 106.62 106.645 -9999 -9999 -9999 -9999 -9999 -9999 -9999 -9999 -9999 -9999 -9999 -9999
102.818 102.811 102.804 102.797 102.79 102.783 -9999 -9999 -9999 -9999 -9999 -9999 -9999 -9999 -9999 -9999 -9999 -9999 -9999 -9999 -9999 -9999 -9999 -9999 -9999 -9999 -9999 -9999 -9999 -9999 -9999 104.894 105.054 105.227 105.374 105.495 105.602 105.704 105.802 105.897 105.986 106.052 106.095 106.129 106.163 106.197 106.231 106.266 106.303 106.341 106.378 106.416 106.451 106.485 106.519 106.55 106.58 106.606 106.63 106.653 106.675 106.697 -9999 -9999 -9999 -9999 -9999 -9999 -9999 -9999 -9999 -9999 -9999 -9999
102.834 102.827 102.82 102.813 -9999 102.799 102.793 -9999 -9999 -9999 -9999 -9999 -9999 -9999 -9999 -9999 -9999 -9999 -9999 -9999 -9999 -9999 -9999 -9999 -9999 -9999 -9999 -9999 -9999 -9999 -9999 105.094 105.27 105.401 105.516 105.623 105.725 105.822 105.914 106.0 106.075 106.132 106.174 106.208 106.24 106.273 106.308 106.345 106.381 106.417 106.452 106.485 106.517 106.548 106.579 106.608 106.635 106.661 106.686 106.709 106.73 106.74 106.726 106.681 -9999 -9999 -9999 -9999 -9999 -9999 -9999 -9999 -9999 -9999
102.85 102.843 102.836 102.829 -9999 -9999 102.809 -9999 -9999 -9999 -9999 -9999 -9999 -9999 -9999 -9999 -9999 -9999 -9999 -9999 -9999 -9999 -9999 -9999 -9999 -9999 -9999 -9999 -9999 -9999 -9999 105.253 105.418 105.536 105.645 105.748 105.844 105.933 106.017 106.092 106.156 106.206 106.247 106.282 106.318 106.355 106.39 106.425 106.458 106.49 106.522 106.551 106.581 106.61 106.637 106.664 106.689 106.714 106.737 106.761 106.782 106.776 106.746 106.705 106.662 106.611 106.522 -9999 -9999 -9999 -9999 -9999 -9999 -9999
102.866 102.859 102.851 102.845 102.838 -9999 102.846 -9999 -9999 -9999 -9999 -9999 -9999 -9999 -9999 -9999 -9999 -9999 -9999 -9999 -9999 -9999 -9999 -9999 -9999 -9999 -9999 -9999 -9999 -9999 105.183 105.395 105.557 105.671 105.774 105.869 105.956 106.037 106.113 106.18 106.235 106.281 106.322 106.364 106.401 106.436 106.469 106.501 106.531 106.561 106.589 106.617 106.643 106.67 106.695 106.72 106.743 106.766 106.789 106.811 106.813 106.797 106.761 106.722 106.679 106.633 106.584 106.533 106.407 -9999 -9999 -9999 -9999 -9999
102.882 102.874 102.867 102.865 -9999 102.894 -9999 -9999 -9999 -9999 -9999 -9999 -9999 -9999 -9999 -9999 -9999 -9999 -9999 -9999 -9999 -9999 -9999 -9999 -9999 -9999 -9999 -9999 -9999 -9999 -9999 105.531 105.699 105.804 105.898 105.984 106.063 106.137 106.206 106.266 106.316 106.363 106.408 106.447 106.482 106.514 106.545 106.574 106.602 106.629 106.655 106.68 106.705 106.729 106.753 106.776 106.798 106.82 106.842 106.849 106.838 106.807 106.77 106.731 106.69 106.645 106.598 106.549 106.504 106.402 -9999 -9999 -9999 -9999
102.897 102.893 102.899 102.919 102.942 102.965 -9999 -9999 -9999 -9999 -9999 -9999 -9999 -9999 -9999 -9999 -9999 -9999 -9999 -9999 -9999 -9999 -9999 -9999 -9999 -9999 -9999 -9999 -9999 -9999 -9999 -9999 105.82 105.926 106.017 106.095 106.167 106.235 106.298 106.354 106.408 106.454 106.494 106.529 106.561 106.591 106.619 106.646 106.671 106.696 106.721 106.744 106.767 106.789 106.811 106.833 106.854 106.875 106.886 106.875 106.847 106.811 106.774 106.735 106.696 106.654 106.61 106.563 106.517 106.476 106.405 -9999 -9999 -9999
102.918 102.937 102.961 102.985 103.01 -9999 -9999 -9999 -9999 -9999 -9999 -9999 -9999 -9999 -9999 -9999 -9999 -9999 -9999 -9999 -9999 -9999 -9999 -9999 -9999 -9999 -9999 -9999 -9999 -9999 -9999 -9999 105.917 106.03 106.121 106.203 106.27 106.332 106.393 106.457 106.505 106.544 106.579 106.61 106.639 106.666 106.692 106.716 106.74 106.763 106.786 106.808 106.829 106.85 106.871 106.891 106.911 106.92 106.909 106.885 106.85 106.814 106.777 106.74 106.702 106.662 106.622 106.58 106.537 106.494 106.458 106.396 -9999 -9999
102.973 102.998 103.024 103.051 103.088 -9999 -9999 -9999 -9999 -9999 -9999 -9999 -9999 -9999 -9999 -9999 -9999 -9999 -9999 -9999 -9999 -9999 -9999 -9999 -9999 -9999 -9999 -9999 -9999 -9999 -9999 -9999 -9999 106.119 106.213 106.293 106.367 106.434 106.502 106.559 106.601 106.634 106.664 106.691 106.717 106.741 106.764 106.787 106.809 106.83 106.851 106.871 106.891 106.911 106.931 106.948 106.955 106.944 106.919 106.886 106.852 106.817 106.782 106.746 106.709 106.671 106.633 106.595 106.555 106.514 106.477 106.449 -9999 -9999
103.032 -9999 -9999 -9999 -9999 -9999 -9999 -9999 -9999 -9999 -9999 -9999 -9999 -9999 -9999 -9999 -9999 -9999 -9999 -9999 -9999 -9999 -9999 -9999 -9999 -9999 -9999 -9999 -9999 -9999 -9999 -9999 -9999 106.197 106.295 106.376 106.456 106.539 106.609 106.661 106.698 106.725 106.749 106.773 106.795 106.816 106.837 106.858 106.878 106.897 106.917 106.936 106.955 106.973 106.987 106.991 106.977 106.953 106.921 106.888 106.855 106.822 106.787 106.753 106.717 106.681 106.644 106.607 106.57 106.532 106.498 106.469 106.442 -9999
103.092 -9999 -9999 -9999 -9999 -9999 -9999 -9999 -9999 -9999 -9999 -9999 -9999 -9999 -9999 -9999 -9999 -9999 -9999 -9999 -9999 -9999 -9999 -9999 -9999 -9999 -9999 -9999 -9999 -9999 -9999 -9999 -9999 -9999 106.375 106.456 106.548 106.632 106.705 106.763 106.796 106.816 106.836 106.855 106.874 106.893 106.911 106.929 106.948 106.966 106.984 107.002 107.017 107.03 107.027 107.011 106.986 106.955 106.924 106.892 106.86 106.827 106.794 106.76 106.725 106.69 106.655 106.619 106.583 106.548 106.517 106.49 106.463 -9999
103.154 -9999 -9999 -9999 -9999 -9999 -9999 -9999 -9999 -9999 -9999 -9999 -9999 -9999 -9999 -9999 -9999 -9999 -9999 -9999 -9999 -9999 -9999 -9999 -9999 -9999 -9999 -9999 -9999 -9999 -9999 -9999 -9999 -9999 106.46 -9999 106.634 106.715 106.791 106.855 -9999 106.91 106.924 106.939 106.954 106.97 106.986 107.002 107.019 107.035 107.052 107.066 107.073 107.063 107.044 107.017 106.988 106.957 106.927 106.896 106.865 106.833 106.8 106.767 106.734 106.7 106.665 106.63 106.595 106.562 106.535 106.51 106.483 106.454
-9999 -9999 -9999 -9999 -9999 -9999 -9999 -9999 -9999 -9999 -9999 -9999 -9999 -9999 -9999 -9999 -9999 -9999 -9999 -9999 -9999 -9999 -9999 -9999 -9999 -9999 -9999 -9999 -9999 -9999 -9999 -9999 -9999 -9999 -9999 106.632 106.717 -9999 -9999 -9999 -9999 107.0 107.015 107.025 107.036 107.049 107.062 107.076 107.091 107.106 107.121 107.122 107.097 107.077 107.047 107.016 106.985 106.953 106.922 106.891 106.859 106.828 106.796 106.765 106.733 106.701 106.67 106.638 106.605 106.575 106.551 106.528 106.502 106.473
-9999 -9999 -9999 -9999 -9999 -9999 -9999 -9999 -9999 -9999 -9999 -9999 -9999 -9999 -9999 -9999 -9999 -9999 -9999 -9999 -9999 -9999 -9999 -9999 -9999 -9999 -9999 -9999 -9999 -9999 -9999 -9999 -9999 -9999 -9999 106.673 106.798 -9999 -9999 -9999 -9999 107.08 107.1 107.106 107.114 107.124 107.136 107.149 107.163 107.172 107.16 107.129 107.098 107.066 107.035 107.004 106.973 106.941 106.91 106.879 106.848 106.817 106.786 106.755 106.724 106.693 106.663 106.632 106.603 106.579 106.56 106.541 106.518 106.49
-9999 -9999 -9999 -9999 -9999 -9999 -9999 -9999 -9999 -9999 -9999 -9999 -9999 -9999 -9999 -9999 -9999 -9999 -9999 -9999 -9999 -9999 -9999 -9999 -9999 -9999 -9999 -9999 -9999 -9999 -9999 -9999 -9999 -9999 -9999 106.672 -9999 -9999 -9999 -9999 107.12 107.163 107.179 107.183 107.187 107.195 107.204 107.211 107.202 107.177 107.144 107.111 107.082 107.051 107.019 106.989 106.958 106.927 106.897 106.866 106.835 106.805 106.774 106.744 106.713 106.683 106.652 106.621 106.595 106.574 106.556 106.539 106.522 106.501
-9999 -9999 -9999 -9999 -9999 -9999 -9999 -9999 -9999 -9999 -9999 -9999 -9999 -9999 -9999 -9999 -9999 -9999 -9999 -9999 -9999 -9999 -9999 -9999 -9999 -9999 -9999 -9999 -9999 -9999 -9999 -9999 -9999 -9999 -9999 -9999 -9999 -9999 -9999 -9999 107.181 107.226 107.246 107.258 107.254 107.241 107.231 107.211 107.18 107.145 107.113 107.084 107.057 107.03 107.003 106.974 106.944 106.914 106.884 106.853 106.823 106.792 106.762 106.732 106.701 106.671 106.641 106.612 106.587 106.568 106.55 106.532 106.514 106.496
-9999 -9999 -9999 -9999 -9999 -9999 -9999 -9999 -9999 -9999 -9999 -9999 -9999 -9999 -9999 -9999 -9999 -9999 -9999 -9999 -9999 -9999 -9999 -9999 -9999 -9999 -9999 -9999 -9999 -9999 -9999 -9999 -9999 -9999 -9999 -9999 -9999 -9999 -9999 -9999 107.213 107.249 107.27 107.271 107.257 107.236 107.211 107.179 107.143 107.112 107.084 107.058 107.034 107.009 106.984 106.958 106.931 106.901 106.871 106.841 106.81 106.78 106.75 106.719 106.689 106.659 106.628 106.602 106.58 106.561 106.542 106.524 106.505 106.487
-9999 -9999 -9999 -9999 -9999 -9999 -9999 -9999 -9999 -9999 -9999 -9999 -9999 -9999 -9999 -9999 -9999 -9999 -9999 -9999 -9999 -9999 -9999 -9999 -9999 -9999 -9999 -9999 -9999 -9999 -9999 -9999 -9999 -9999 -9999 -9999 -9999 -9999 -9999 107.136 107.18 107.217 107.243 107.247 107.239 107.208 107.177 107.141 107.109 107.081 107.056 107.034 107.012 106.99 106.967 106.942 106.915 106.887 106.858 106.828 106.797 106.767 106.736 106.706 106.676 106.645 106.617 106.593 106.572 106.553 106.534 106.514 106.495 106.476
-9999 -9999 -9999 -9999 -9999 -9999 -9999 -9999 -9999 -9999 -9999 -9999 -9999 -9999 -9999 -9999 -9999 -9999 -9999 -9999 -9999 -9999 -9999 -9999 -9999 -9999 -9999 -9999 -9999 -9999 -9999 -9999 -9999 -9999 -9999 -9999 -9999 -9999 -9999 107.087 107.131 107.174 107.202 107.212 107.197 107.174 107.139 107.105 107.077 107.051 107.029 107.009 106.991 106.972 106.951 106.927 106.9 106.871 106.842 106.813 106.783 106.753 106.722 106.692 106.661 106.631 106.606 106.584 106.563 106.543 106.524 106.504 106.484 106.464
-9999 -9999 -9999 -9999 -9999 -9999 -9999 -9999 -9999 -9999 -9999 -9999 -9999 -9999 -9999 -9999 -9999 -9999 -9999 -9999 -9999 -9999 -9999 -9999 -9999 -9999 -9999 -9999 -9999 -9999 -9999 -9999 -9999 -9999 -9999 -9999 -9999 -9999 106.993 107.04 107.085 107.126 107.151 107.161 107.155 107.137 107.102 107.071 107.045 107.022 107.002 106.985 106.969 106.955 106.937 106.912 106.883 106.855 106.826 106.797 106.767 106.737 106.707 106.676 106.645 106.619 106.595 106.574 106.553 106.533 106.512 106.492 106.472 106.451
-9999 -9999 -9999 -9999 -9999 -9999 -9999 -9999 -9999 -9999 -9999 -9999 -9999 -9999 -9999 -9999 -9999 -9999 -9999 -9999 -9999 -9999 -9999 -9999 -9999 -9999 -9999 -9999 -9999 -9999 -9999 -9999 -9999 -9999 -9999 -9999 -9999 -9999 106.949 106.997 107.04 107.069 107.092 107.106 107.112 107.093 107.066 107.038 107.014 106.993 106.975 106.959 106.945 106.932 106.916 106.893 106.864 106.836 106.807 106.779 106.75 106.72 106.69 106.659 106.631 106.606 106.584 106.563 106.542 106.521 106.5 106.479 106.458 106.437
-9999 -9999 -9999 -9999 -9999 -9999 -9999 -9999 -9999 -9999 -9999 -9999 -9999 -9999 -9999 -9999 -9999 -9999 -9999 -9999 -9999 -9999 -9999 -9999 -9999 -9999 -9999 -9999 -9999 -9999 -9999 -9999 -9999 -9999 -9999 -9999 -9999 -9999 106.907 106.953 106.984 107.009 107.033 107.054 107.062 107.051 107.031 107.005 106.983 106.963 106.947 106.932 106.918 106.904 106.888 106.867 106.842 106.815 106.788 106.76 106.731 106.702 106.671 106.643 106.618 106.595 106.572 106.55 106.529 106.507 106.486 106.465 106.443 106.421
-9999 -9999 -9999 -9999 -9999 -9999 -9999 -9999 -9999 -9999 -9999 -9999 -9999 -9999 -9999 -9999 -9999 -9999 -9999 -9999 -9999 -9999 -9999 -9999 -9999 -9999 -9999 -9999 -9999 -9999 -9999 -9999 -9999 -9999 -9999 -9999 -9999 -9999 -9999 106.899 106.927 106.953 106.978 107.0 107.009 107.01 106.995 106.973 106.952 106.933 106.917 106.903 106.889 106.875 106.859 106.84 106.817 106.792 106.766 106.739 106.711 106.682 106.655 106.629 106.605 106.582 106.559 106.536 106.514 106.492 106.47 106.448 -9999 106.403
