Validation/Results/ReClimate_04_2024_2.asc
NCOLS 192
NROWS 249
XLLCENTER -225160.85627316462
YLLCENTER 29788.11610251502
CELLSIZE 5000.0
NODATA_VALUE -9999
[rows 99 to 131 of 249, columns 74 to 147 of 192]
103.151 103.177 103.201 103.225 103.247 103.261 103.256 103.235 -9999 -9999 103.016 102.914 102.783 102.655 102.532 102.416 102.304 102.197 102.094 101.995 101.9 101.81 101.728 101.654 101.585 101.519 101.456 101.397 101.342 101.291 101.243 101.197 101.152 101.108 101.064 101.02 100.974 100.927 100.878 100.851 100.848 100.848 100.848 100.847 100.848 -9999 -9999 -9999 -9999 -9999 -9999 -9999 -9999 -9999 -9999 -9999 -9999 -9999 -9999 -9999 -9999 -9999 -9999 -9999 -9999 -9999 -9999 -9999 -9999 -9999 -9999 -9999 -9999 -9999
103.113 103.143 103.175 -9999 -9999 103.266 103.269 -9999 -9999 -9999 103.125 103.018 102.884 102.755 102.632 102.515 102.403 102.296 102.194 102.095 102.0 101.91 101.828 101.753 101.682 101.616 101.557 101.501 101.449 101.4 101.353 101.308 101.264 101.22 101.178 101.135 101.091 101.046 100.999 100.971 100.968 100.968 100.968 100.969 100.972 -9999 -9999 -9999 -9999 -9999 -9999 -9999 -9999 -9999 -9999 -9999 -9999 -9999 -9999 -9999 -9999 -9999 -9999 -9999 -9999 -9999 -9999 -9999 -9999 -9999 -9999 -9999 -9999 -9999
103.037 -9999 103.105 103.142 103.18 -9999 -9999 -9999 -9999 103.208 103.178 103.1 102.985 102.854 102.731 102.614 102.502 102.395 102.293 102.195 102.1 102.01 101.928 101.853 101.786 101.724 101.666 101.612 101.56 101.51 101.463 101.418 101.373 101.33 101.288 101.246 101.204 101.161 101.116 101.09 101.087 101.089 101.093 101.097 -9999 -9999 -9999 -9999 -9999 -9999 -9999 -9999 -9999 -9999 -9999 -9999 -9999 -9999 -9999 -9999 -9999 -9999 -9999 -9999 -9999 -9999 -9999 -9999 -9999 -9999 -9999 -9999 -9999 -9999
102.953 102.986 103.022 103.059 103.099 103.14 103.161 -9999 -9999 103.173 -9999 -9999 103.051 102.954 102.83 102.712 102.6 102.494 102.392 102.294 102.2 102.111 102.032 101.961 101.895 101.833 101.775 101.72 101.668 101.618 101.57 101.525 101.481 101.438 101.396 101.354 101.313 101.271 101.229 101.204 101.202 101.207 101.207 -9999 -9999 -9999 -9999 -9999 -9999 -9999 -9999 -9999 -9999 -9999 -9999 -9999 -9999 -9999 -9999 -9999 -9999 -9999 -9999 -9999 -9999 -9999 -9999 -9999 -9999 -9999 -9999 -9999 -9999 -9999
102.872 102.906 102.941 102.979 103.018 -9999 -9999 -9999 103.111 103.131 103.145 103.113 103.067 102.999 102.912 102.812 102.7 102.594 102.492 102.395 102.303 102.218 102.141 102.069 102.003 101.94 101.882 101.826 101.774 101.724 101.676 101.63 101.586 101.543 101.502 101.46 101.42 101.379 -9999 -9999 101.314 -9999 -9999 -9999 -9999 -9999 -9999 -9999 -9999 -9999 -9999 -9999 -9999 -9999 -9999 -9999 -9999 -9999 -9999 -9999 -9999 -9999 -9999 -9999 -9999 -9999 -9999 -9999 -9999 -9999 -9999 -9999 -9999 -9999
102.793 102.827 102.863 -9999 102.939 -9999 -9999 -9999 103.07 103.081 103.08 103.06 103.027 102.986 102.938 102.872 102.791 102.695 102.594 102.499 102.41 102.326 102.248 102.176 102.109 102.046 101.987 101.932 101.879 101.829 101.781 101.735 101.691 101.648 101.606 101.566 101.526 -9999 101.446 101.423 101.424 101.414 -9999 -9999 -9999 -9999 -9999 -9999 -9999 -9999 -9999 -9999 -9999 -9999 -9999 -9999 -9999 -9999 -9999 -9999 -9999 -9999 -9999 -9999 -9999 -9999 -9999 -9999 -9999 -9999 -9999 -9999 -9999 -9999
-9999 102.749 -9999 -9999 -9999 -9999 102.936 102.976 103.002 103.014 103.015 102.999 102.97 102.942 102.912 102.876 102.829 102.758 102.685 102.606 102.517 102.433 102.355 102.283 102.215 102.152 102.092 102.036 101.983 101.933 101.885 101.839 101.795 101.753 101.711 -9999 101.632 101.593 101.554 101.533 101.535 101.501 -9999 -9999 -9999 -9999 -9999 -9999 -9999 -9999 -9999 -9999 -9999 -9999 -9999 -9999 -9999 -9999 -9999 -9999 -9999 -9999 -9999 -9999 -9999 -9999 -9999 -9999 -9999 -9999 -9999 -9999 -9999 -9999
-9999 -9999 -9999 -9999 -9999 -9999 102.854 102.893 102.926 102.947 102.951 102.939 102.914 102.89 102.866 102.844 102.813 102.778 102.726 102.659 102.595 102.531 102.462 102.389 102.321 102.257 102.198 102.141 102.088 102.038 101.99 101.944 101.9 101.858 101.817 101.778 101.739 101.7 101.656 101.622 101.606 101.587 101.558 -9999 -9999 -9999 -9999 -9999 -9999 -9999 -9999 -9999 -9999 -9999 -9999 -9999 -9999 -9999 -9999 -9999 -9999 -9999 -9999 -9999 -9999 -9999 -9999 -9999 -9999 -9999 -9999 -9999 -9999 -9999
-9999 -9999 -9999 -9999 -9999 102.736 -9999 -9999 102.848 102.874 102.888 102.881 102.859 -9999 -9999 102.799 102.781 102.758 102.728 102.687 102.631 102.574 102.514 102.456 102.401 102.347 102.296 102.245 102.194 102.144 102.096 102.05 102.005 101.958 101.91 101.862 101.813 101.761 101.706 101.67 101.65 101.631 101.613 101.58 -9999 -9999 -9999 -9999 -9999 -9999 -9999 -9999 -9999 -9999 -9999 -9999 -9999 -9999 -9999 -9999 -9999 -9999 -9999 -9999 -9999 -9999 -9999 -9999 -9999 -9999 -9999 -9999 -9999 -9999
-9999 -9999 -9999 -9999 -9999 102.656 -9999 102.73 102.767 102.799 102.823 102.824 102.806 102.788 102.771 102.755 102.741 102.727 102.711 102.686 102.648 102.594 102.54 102.489 102.439 102.389 102.341 102.292 102.244 102.196 102.149 102.102 102.053 102.004 101.953 101.902 101.849 101.795 101.744 101.713 101.694 101.675 101.657 -9999 -9999 -9999 -9999 -9999 -9999 -9999 -9999 -9999 -9999 -9999 -9999 -9999 -9999 -9999 -9999 -9999 -9999 -9999 -9999 -9999 -9999 -9999 -9999 -9999 -9999 -9999 -9999 -9999 -9999 -9999
-9999 -9999 -9999 -9999 -9999 102.575 -9999 102.649 102.686 102.722 102.753 102.765 -9999 102.739 102.726 -9999 102.703 102.693 102.684 102.672 102.649 102.612 102.56 102.509 102.46 102.412 102.364 102.317 102.27 102.224 102.177 102.129 102.082 102.033 101.984 101.933 101.882 101.828 101.782 -9999 -9999 -9999 -9999 -9999 -9999 -9999 -9999 -9999 -9999 -9999 -9999 -9999 -9999 -9999 -9999 -9999 -9999 -9999 -9999 -9999 -9999 -9999 -9999 -9999 -9999 -9999 -9999 -9999 -9999 -9999 -9999 -9999 -9999 -9999
-9999 -9999 -9999 102.42 102.458 -9999 -9999 102.568 102.605 102.642 102.678 102.699 102.702 102.692 102.683 -9999 102.667 102.66 102.654 102.649 102.639 102.616 102.579 102.53 102.482 102.435 102.388 102.341 102.295 102.249 102.203 102.157 102.11 102.062 102.014 101.964 101.914 101.861 -9999 -9999 -9999 -9999 -9999 -9999 -9999 -9999 -9999 -9999 -9999 -9999 -9999 -9999 -9999 -9999 -9999 -9999 -9999 -9999 -9999 -9999 -9999 -9999 -9999 -9999 -9999 -9999 -9999 -9999 -9999 -9999 -9999 -9999 -9999 -9999
-9999 -9999 102.298 102.337 102.375 -9999 102.449 102.486 102.525 102.562 -9999 102.63 102.644 102.647 102.642 -9999 102.633 102.629 102.626 102.624 102.619 102.61 102.589 102.55 102.503 102.457 102.411 102.365 102.32 -9999 102.23 102.184 102.138 102.091 102.044 101.995 101.945 -9999 -9999 -9999 -9999 -9999 -9999 -9999 -9999 -9999 -9999 -9999 -9999 -9999 -9999 -9999 -9999 -9999 -9999 -9999 -9999 -9999 -9999 -9999 -9999 -9999 -9999 -9999 -9999 -9999 -9999 -9999 -9999 -9999 -9999 -9999 -9999 -9999
-9999 -9999 102.215 102.253 -9999 -9999 102.367 102.405 102.443 -9999 102.521 102.558 102.584 102.595 102.602 -9999 102.6 102.6 102.6 102.6 102.598 102.597 102.589 102.568 102.525 102.479 102.434 102.389 102.345 102.3 102.256 -9999 -9999 102.12 102.073 -9999 -9999 -9999 -9999 -9999 -9999 101.868 101.838 101.821 -9999 -9999 -9999 -9999 -9999 -9999 -9999 -9999 -9999 -9999 -9999 -9999 -9999 -9999 -9999 -9999 -9999 -9999 -9999 -9999 -9999 -9999 -9999 -9999 -9999 -9999 -9999 -9999 -9999 -9999
-9999 102.087 102.127 -9999 -9999 102.245 102.283 102.322 102.361 -9999 102.443 102.486 102.52 102.54 102.555 -9999 -9999 -9999 102.575 102.577 102.579 102.58 102.582 102.571 102.546 102.501 102.457 102.413 102.369 102.325 102.282 102.238 102.193 102.148 102.103 -9999 -9999 -9999 -9999 -9999 101.979 101.937 101.915 101.898 101.883 -9999 -9999 -9999 -9999 -9999 -9999 -9999 -9999 -9999 -9999 -9999 -9999 -9999 -9999 -9999 -9999 -9999 -9999 -9999 -9999 -9999 -9999 -9999 -9999 -9999 -9999 -9999 -9999 -9999
101.955 101.996 102.036 -9999 -9999 -9999 102.197 102.238 102.279 -9999 102.367 -9999 102.453 102.481 102.504 -9999 102.537 102.545 102.551 -9999 102.561 102.566 102.569 102.571 102.556 102.524 102.48 102.437 102.393 102.35 102.307 102.266 102.23 102.196 102.161 102.128 102.104 102.088 -9999 102.069 102.048 102.034 102.022 102.016 102.012 102.008 102.003 -9999 -9999 -9999 -9999 -9999 -9999 -9999 -9999 -9999 -9999 -9999 -9999 -9999 -9999 -9999 -9999 -9999 -9999 -9999 -9999 -9999 -9999 -9999 -9999 -9999 -9999 -9999
101.858 101.899 -9999 -9999 -9999 -9999 102.109 102.152 102.194 -9999 102.291 -9999 102.386 102.422 -9999 102.475 102.496 102.515 102.528 102.537 102.545 102.552 102.558 102.563 102.562 102.546 102.503 102.46 102.418 102.38 102.351 102.323 102.296 102.268 102.239 102.208 102.183 102.175 102.167 102.159 102.152 102.149 102.151 102.153 102.154 102.154 102.152 102.151 102.176 102.237 -9999 -9999 -9999 -9999 -9999 -9999 -9999 -9999 -9999 -9999 -9999 -9999 -9999 -9999 -9999 -9999 -9999 -9999 -9999 -9999 -9999 -9999 -9999 -9999
-9999 101.798 -9999 -9999 -9999 -9999 102.018 102.063 102.108 102.16 -9999 -9999 102.318 102.361 -9999 102.422 102.451 102.476 102.498 102.517 102.53 102.539 102.547 102.554 102.563 102.554 102.527 102.49 102.463 102.44 102.417 102.393 102.368 102.343 102.316 102.289 102.276 102.272 102.266 102.263 102.268 102.274 102.28 102.285 102.29 102.294 102.298 102.303 102.306 102.308 102.354 -9999 -9999 -9999 -9999 -9999 -9999 -9999 -9999 -9999 -9999 -9999 -9999 -9999 -9999 -9999 -9999 -9999 -9999 -9999 -9999 -9999 -9999 -9999
101.648 -9999 -9999 -9999 -9999 -9999 101.924 101.971 102.021 102.079 -9999 -9999 102.248 102.297 -9999 -9999 102.402 102.432 102.461 102.485 102.507 102.524 102.535 102.545 102.557 102.565 102.567 102.547 102.527 102.506 102.484 102.463 102.44 102.417 102.392 102.374 102.371 102.369 102.369 102.378 102.387 102.395 102.404 102.412 102.421 102.43 102.438 102.447 102.454 102.452 102.444 -9999 -9999 -9999 -9999 -9999 -9999 -9999 -9999 -9999 -9999 -9999 -9999 -9999 -9999 -9999 -9999 -9999 -9999 -9999 -9999 -9999 -9999 -9999
101.536 -9999 -9999 -9999 -9999 -9999 101.826 101.876 101.933 -9999 -9999 -9999 -9999 102.233 -9999 102.317 102.353 102.387 102.418 102.448 102.475 102.497 102.518 102.538 102.561 102.598 102.616 102.611 102.592 102.572 102.553 102.533 102.513 102.492 102.472 102.467 102.467 102.471 102.482 102.492 102.502 102.513 102.524 102.535 102.547 102.56 102.571 102.576 102.576 102.575 102.571 102.56 -9999 -9999 -9999 -9999 -9999 -9999 -9999 -9999 -9999 -9999 -9999 -9999 -9999 -9999 -9999 -9999 -9999 -9999 -9999 -9999 -9999 -9999
101.405 -9999 -9999 -9999 101.626 101.675 101.724 101.779 -9999 -9999 101.976 -9999 -9999 -9999 -9999 102.263 102.303 102.34 102.375 102.407 102.437 102.465 102.494 102.533 102.582 102.63 102.666 102.676 102.658 102.64 102.622 102.604 102.586 102.568 102.559 102.561 102.567 102.579 102.591 102.603 102.615 102.627 102.641 102.653 102.663 102.671 102.676 102.681 102.684 102.687 102.689 102.686 -9999 -9999 -9999 -9999 -9999 -9999 -9999 -9999 -9999 -9999 -9999 -9999 -9999 -9999 -9999 -9999 -9999 -9999 -9999 -9999 -9999 -9999
-9999 -9999 -9999 -9999 -9999 101.566 101.617 101.678 -9999 101.823 101.891 101.957 -9999 -9999 -9999 -9999 102.253 102.294 102.331 102.367 102.399 102.435 102.486 102.542 102.597 102.65 102.699 102.723 102.718 102.706 102.692 102.677 102.661 102.65 102.652 102.66 102.672 102.685 102.697 102.708 102.718 102.729 102.739 102.748 102.755 102.763 102.771 102.778 102.785 102.792 102.798 102.804 102.797 -9999 -9999 -9999 -9999 -9999 -9999 -9999 -9999 -9999 -9999 -9999 -9999 -9999 -9999 -9999 -9999 -9999 -9999 -9999 -9999 -9999
-9999 -9999 -9999 -9999 -9999 101.448 101.505 101.574 -9999 101.729 101.803 101.874 -9999 -9999 -9999 -9999 -9999 102.248 102.287 102.326 102.367 102.428 102.491 102.551 102.609 102.666 102.722 102.758 102.766 102.756 102.746 102.734 102.724 102.726 102.734 102.747 102.759 102.771 102.781 102.792 102.802 102.811 102.821 102.831 102.841 102.85 102.86 102.87 102.88 102.89 102.9 102.909 102.912 102.91 -9999 -9999 -9999 -9999 -9999 -9999 -9999 -9999 -9999 -9999 -9999 -9999 -9999 -9999 -9999 -9999 -9999 -9999 -9999 -9999
-9999 -9999 -9999 -9999 -9999 101.274 101.373 -9999 -9999 101.633 101.71 101.786 101.856 -9999 -9999 -9999 -9999 -9999 102.242 102.29 102.359 102.43 102.497 102.561 102.622 102.682 102.742 102.789 102.81 102.801 102.792 102.785 102.787 102.794 102.807 102.82 102.832 102.844 102.855 102.866 102.877 102.888 102.899 102.91 102.922 102.933 102.945 102.957 102.97 102.983 102.996 103.006 103.013 103.016 103.021 103.021 -9999 -9999 -9999 -9999 -9999 -9999 -9999 -9999 -9999 -9999 -9999 -9999 -9999 -9999 -9999 -9999 -9999 -9999
-9999 -9999 -9999 -9999 -9999 101.11 101.219 -9999 -9999 101.522 101.613 101.701 -9999 -9999 -9999 -9999 -9999 -9999 102.202 102.278 102.359 102.434 102.505 102.572 102.638 102.701 102.764 102.822 102.853 102.847 102.841 102.843 102.85 102.863 102.876 102.889 102.901 102.913 102.925 102.937 102.949 102.961 102.974 102.986 102.999 103.013 103.026 103.041 103.056 103.071 103.086 103.093 103.098 103.103 103.107 103.11 -9999 -9999 -9999 -9999 -9999 -9999 -9999 -9999 -9999 -9999 -9999 -9999 -9999 -9999 -9999 -9999 -9999 -9999
-9999 -9999 -9999 -9999 -9999 100.945 101.048 -9999 -9999 -9999 101.522 101.616 101.699 -9999 -9999 -9999 -9999 -9999 102.181 102.275 102.36 102.439 102.514 102.586 102.655 102.723 102.789 102.854 102.89 102.895 102.898 102.905 102.916 102.929 102.942 102.955 102.967 102.98 102.992 103.005 103.019 103.032 103.046 103.06 103.074 103.089 103.105 103.121 103.138 103.156 103.166 103.17 103.173 103.176 103.18 103.183 -9999 -9999 -9999 -9999 -9999 -9999 -9999 -9999 -9999 -9999 -9999 -9999 -9999 -9999 -9999 -9999 -9999 -9999
-9999 -9999 -9999 -9999 100.666 100.765 100.876 -9999 -9999 -9999 -9999 -9999 -9999 -9999 -9999 -9999 -9999 -9999 102.166 102.271 102.362 102.446 102.526 102.602 102.675 102.747 102.816 102.885 102.932 102.953 102.959 102.968 102.981 102.994 103.006 103.018 103.031 103.044 103.058 103.072 103.086 103.101 103.116 103.132 103.148 103.164 103.181 103.199 103.217 103.23 103.235 103.237 103.239 103.242 103.244 103.247 103.181 -9999 -9999 -9999 -9999 -9999 -9999 -9999 -9999 -9999 -9999 -9999 -9999 -9999 -9999 -9999 -9999 -9999
-9999 -9999 -9999 100.409 100.494 100.585 100.699 -9999 -9999 -9999 -9999 -9999 -9999 -9999 -9999 -9999 101.917 102.015 102.148 102.261 102.365 102.456 102.54 102.621 102.698 102.773 102.848 102.924 102.987 103.015 103.022 103.034 103.046 103.057 103.068 103.08 103.092 103.106 103.121 103.137 103.153 103.169 103.185 103.202 103.22 103.238 103.256 103.274 103.287 103.295 103.298 103.298 103.299 103.3 103.302 103.304 103.255 -9999 -9999 -9999 -9999 -9999 -9999 -9999 -9999 -9999 -9999 -9999 -9999 -9999 -9999 -9999 -9999 -9999
-9999 -9999 -9999 100.223 100.312 100.416 -9999 -9999 -9999 -9999 -9999 -9999 -9999 -9999 -9999 -9999 101.858 101.993 102.126 102.248 102.361 102.465 102.556 102.642 102.724 102.805 102.89 102.977 103.047 103.079 103.088 103.099 103.11 103.12 103.13 103.14 103.152 103.167 103.184 103.201 103.219 103.236 103.254 103.272 103.291 103.31 103.329 103.341 103.35 103.356 103.355 103.355 103.354 103.354 103.354 103.355 103.317 -9999 -9999 -9999 -9999 -9999 -9999 -9999 -9999 -9999 -9999 -9999 -9999 -9999 -9999 -9999 -9999 -9999
-9999 -9999 -9999 -9999 -9999 -9999 -9999 -9999 -9999 -9999 -9999 -9999 -9999 -9999 -9999 -9999 101.824 101.97 102.104 102.232 102.353 102.466 102.572 102.668 102.759 102.854 102.946 103.035 103.109 103.146 103.155 103.165 103.175 103.184 103.192 103.2 103.211 103.229 103.248 103.267 103.285 103.304 103.323 103.343 103.362 103.382 103.395 103.403 103.41 103.411 103.408 103.406 103.404 103.403 103.402 103.402 103.37 -9999 -9999 -9999 -9999 -9999 -9999 -9999 -9999 -9999 -9999 -9999 -9999 -9999 -9999 -9999 -9999 -9999
-9999 -9999 -9999 -9999 -9999 -9999 -9999 -9999 -9999 -9999 -9999 -9999 -9999 -9999 -9999 101.602 101.791 101.941 102.082 102.215 102.342 102.465 102.585 102.702 102.813 102.912 103.006 103.098 103.176 103.216 103.225 103.234 103.242 103.25 103.257 103.265 103.278 103.295 103.315 103.334 103.354 103.374 103.394 103.414 103.434 103.449 103.456 103.463 103.466 103.462 103.458 103.454 103.451 103.449 103.447 103.446 103.418 -9999 -9999 -9999 -9999 -9999 -9999 -9999 -9999 -9999 -9999 -9999 -9999 -9999 -9999 -9999 -9999 -9999
-9999 -9999 -9999 -9999 -9999 -9999 -9999 -9999 -9999 -9999 -9999 -9999 -9999 -9999 -9999 101.541 101.754 101.911 102.059 102.201 102.342 102.479 102.612 102.74 102.858 102.971 103.072 103.167 103.249 103.289 103.297 103.304 103.312 103.319 103.327 103.337 103.35 103.366 103.385 103.405 103.425 103.445 103.466 103.487 103.504 103.511 103.516 103.52 103.517 103.511 103.505 103.5 103.496 103.492 103.488 103.486 103.46 -9999 -9999 -9999 -9999 -9999 -9999 -9999 -9999 -9999 -9999 -9999 -9999 -9999 -9999 -9999 -9999 -9999
-9999 -9999 -9999 -9999 -9999 -9999 -9999 -9999 -9999 -9999 -9999 -9999 -9999 -9999 101.26 101.501 101.711 101.893 102.057 102.214 102.364 102.506 102.642 102.772 102.899 103.018 103.132 103.241 103.327 103.366 103.372 103.379 103.385 103.393 103.401 103.412 103.425 103.441 103.459 103.478 103.499 103.519 103.54 103.56 103.569 103.572 103.575 103.574 103.566 103.558 103.551 103.543 103.537 103.532 103.524 103.51 103.486 103.444 -9999 -9999 -9999 -9999 -9999 -9999 -9999 -9999 -9999 -9999 -9999 -9999 -9999 -9999 -9999 -9999
