Validation/Results/ReClimate_10_2023_2_Temperatureweatherlogisticsltd.asc
NCOLS 192
NROWS 249
XLLCENTER -225160.85627316462
YLLCENTER 29788.11610251502
CELLSIZE 5000.0
NODATA_VALUE -9999
[rows 136 to 169 of 249, columns 75 to 149 of 192]
-0.678 -9999 -9999 -9999 -9999 -9999 -9999 -9999 -9999 -9999 -0.867 -9999 -0.916 -0.942 -0.933 -0.918 -0.941 -0.965 -0.994 -1.022 -1.04 -1.058 -1.059 -1.057 -1.077 -1.096 -1.1 -1.094 -1.087 -1.079 -9999 -9999 -9999 -9999 -9999 -9999 -1.05 -1.048 -1.038 -1.024 -1.009 -0.985 -0.965 -0.944 -0.941 -0.936 -0.936 -0.936 -0.911 -0.881 -0.868 -0.852 -0.84 -0.826 -0.799 -0.764 -0.758 -0.746 -0.723 -9999 -9999 -9999 -9999 -9999 -9999 -9999 -9999 -9999 -9999 -9999 -9999 -9999 -9999 -9999 -9999
-0.68 -0.66 -9999 -9999 -9999 -9999 -9999 -9999 -9999 -9999 -0.851 -0.86 -0.885 -0.917 -0.914 -0.927 -0.945 -0.95 -0.978 -1.006 -1.023 -1.052 -1.051 -1.041 -1.057 -1.072 -1.079 -1.085 -1.082 -1.084 -9999 -9999 -9999 -9999 -1.036 -1.049 -1.047 -1.043 -1.035 -1.028 -1.013 -0.993 -0.97 -0.928 -0.922 -0.913 -0.911 -0.906 -0.889 -0.88 -0.87 -0.857 -0.854 -0.846 -0.825 -0.796 -0.779 -0.756 -0.728 -9999 -9999 -9999 -9999 -9999 -9999 -9999 -9999 -9999 -9999 -9999 -9999 -9999 -9999 -9999 -9999
-0.677 -0.658 -0.673 -9999 -9999 -9999 -9999 -9999 -9999 -9999 -0.82 -0.841 -0.871 -9999 -9999 -0.925 -0.933 -0.939 -0.967 -9999 -1.013 -1.043 -1.039 -1.029 -1.043 -1.057 -1.069 -1.074 -9999 -9999 -9999 -9999 -9999 -1.024 -1.028 -1.036 -1.032 -1.028 -1.024 -1.016 -1.002 -0.986 -0.952 -0.912 -0.904 -0.894 -0.889 -0.885 -0.878 -0.87 -0.861 -0.849 -0.847 -0.843 -0.824 -0.798 -0.784 -0.764 -0.735 -9999 -9999 -9999 -9999 -9999 -9999 -9999 -9999 -9999 -9999 -9999 -9999 -9999 -9999 -9999 -9999
-0.667 -0.668 -0.681 -9999 -9999 -9999 -9999 -9999 -9999 -9999 -9999 -0.834 -0.862 -9999 -9999 -9999 -0.922 -0.933 -0.957 -0.972 -9999 -9999 -1.029 -1.027 -1.037 -1.048 -1.057 -9999 -9999 -9999 -9999 -9999 -1.05 -1.039 -1.043 -1.037 -1.031 -1.017 -1.012 -1.002 -0.987 -0.967 -0.941 -0.922 -0.912 -0.891 -0.887 -0.882 -0.871 -0.852 -0.852 -0.845 -0.838 -0.832 -0.819 -0.799 -0.782 -0.762 -0.75 -9999 -9999 -9999 -9999 -9999 -9999 -9999 -9999 -9999 -9999 -9999 -9999 -9999 -9999 -9999 -9999
-0.675 -0.675 -9999 -9999 -9999 -9999 -9999 -9999 -9999 -9999 -9999 -9999 -0.85 -9999 -9999 -9999 -9999 -0.926 -0.943 -0.958 -9999 -9999 -9999 -1.008 -1.027 -9999 -9999 -9999 -9999 -9999 -9999 -9999 -1.048 -1.036 -1.031 -1.026 -1.014 -1.001 -0.995 -0.985 -0.968 -0.95 -0.935 -0.918 -0.901 -0.881 -0.876 -0.871 -0.856 -0.837 -0.836 -0.835 -0.828 -0.82 -0.807 -0.79 -0.775 -0.754 -0.742 -9999 -9999 -9999 -9999 -9999 -9999 -9999 -9999 -9999 -9999 -9999 -9999 -9999 -9999 -9999 -9999
-0.673 -9999 -9999 -9999 -9999 -9999 -9999 -9999 -9999 -9999 -9999 -9999 -0.843 -9999 -9999 -9999 -9999 -9999 -0.929 -0.954 -9999 -9999 -9999 -9999 -9999 -9999 -9999 -9999 -9999 -9999 -9999 -9999 -1.039 -1.033 -1.025 -1.006 -0.996 -0.986 -0.985 -0.982 -0.969 -0.956 -0.938 -0.91 -0.891 -0.864 -0.855 -0.841 -0.833 -0.838 -0.839 -0.839 -0.825 -0.813 -0.81 -0.801 -0.782 -0.761 -0.744 -0.714 -9999 -9999 -9999 -9999 -9999 -9999 -9999 -9999 -9999 -9999 -9999 -9999 -9999 -9999 -9999
-9999 -0.688 -0.681 -0.675 -0.681 -9999 -9999 -9999 -9999 -9999 -9999 -9999 -0.838 -9999 -9999 -9999 -9999 -9999 -9999 -9999 -9999 -9999 -9999 -9999 -9999 -9999 -9999 -9999 -9999 -9999 -9999 -1.058 -1.043 -1.02 -1.005 -0.987 -0.98 -0.971 -0.973 -0.971 -0.96 -0.948 -0.924 -0.898 -0.875 -0.849 -0.836 -0.821 -0.825 -0.83 -0.831 -0.832 -0.819 -0.802 -0.8 -0.796 -0.779 -0.756 -0.741 -0.72 -0.687 -9999 -9999 -9999 -9999 -9999 -9999 -9999 -9999 -9999 -9999 -9999 -9999 -9999 -9999
-0.689 -0.705 -0.7 -0.695 -0.697 -9999 -9999 -9999 -9999 -9999 -9999 -9999 -9999 -9999 -9999 -9999 -9999 -9999 -9999 -9999 -9999 -9999 -9999 -9999 -9999 -9999 -9999 -9999 -9999 -9999 -1.07 -1.074 -1.044 -0.989 -0.979 -0.977 -0.973 -0.969 -0.968 -0.958 -0.949 -0.94 -0.92 -0.899 -0.877 -0.848 -0.843 -0.848 -0.848 -0.837 -0.833 -0.818 -0.819 -0.811 -0.807 -0.802 -0.784 -0.762 -0.736 -0.71 -0.699 -9999 -9999 -9999 -9999 -9999 -9999 -9999 -9999 -9999 -9999 -9999 -9999 -9999 -9999
-0.699 -0.714 -0.711 -9999 -0.702 -0.708 -9999 -9999 -9999 -9999 -9999 -9999 -9999 -9999 -9999 -9999 -9999 -9999 -9999 -9999 -9999 -9999 -9999 -9999 -9999 -9999 -9999 -9999 -9999 -9999 -1.039 -1.065 -1.02 -0.967 -0.965 -0.964 -0.961 -0.958 -0.952 -0.942 -0.934 -0.926 -0.909 -0.891 -0.868 -0.841 -0.845 -0.851 -0.842 -0.832 -0.821 -0.806 -0.807 -0.807 -0.803 -0.797 -0.78 -0.757 -0.733 -0.701 -0.69 -0.678 -0.689 -9999 -9999 -9999 -9999 -9999 -9999 -9999 -9999 -9999 -9999 -9999 -9999
-0.723 -0.738 -0.73 -9999 -9999 -0.72 -9999 -9999 -9999 -9999 -9999 -9999 -9999 -9999 -9999 -9999 -9999 -9999 -9999 -9999 -9999 -9999 -9999 -9999 -9999 -9999 -9999 -9999 -9999 -9999 -0.995 -1.016 -0.984 -0.971 -0.972 -0.976 -0.969 -0.949 -0.944 -0.934 -0.926 -0.911 -0.896 -0.877 -0.863 -0.858 -0.859 -0.85 -0.843 -0.835 -0.829 -0.818 -0.808 -0.802 -0.793 -0.784 -0.769 -0.748 -0.743 -0.724 -0.711 -0.699 -0.7 -0.699 -0.683 -0.669 -9999 -9999 -9999 -9999 -9999 -9999 -9999 -9999 -9999
-0.735 -0.749 -0.734 -0.716 -9999 -0.721 -9999 -9999 -9999 -9999 -9999 -9999 -9999 -9999 -9999 -9999 -9999 -9999 -9999 -9999 -9999 -9999 -9999 -9999 -9999 -9999 -9999 -9999 -9999 -0.996 -0.99 -0.986 -0.974 -0.961 -0.965 -0.971 -0.955 -0.936 -0.931 -0.922 -0.909 -0.895 -0.88 -0.863 -0.86 -0.856 -0.85 -0.842 -0.836 -0.828 -0.822 -0.814 -0.806 -0.793 -0.784 -0.772 -0.758 -0.739 -0.734 -0.728 -0.716 -0.702 -0.704 -0.705 -0.686 -0.679 -0.662 -0.653 -9999 -9999 -9999 -9999 -9999 -9999 -9999
-0.751 -0.738 -0.731 -9999 -0.727 -9999 -9999 -9999 -9999 -9999 -9999 -9999 -9999 -9999 -9999 -9999 -9999 -9999 -9999 -9999 -9999 -9999 -9999 -9999 -9999 -9999 -9999 -9999 -9999 -9999 -0.997 -1.002 -0.992 -0.979 -0.974 -0.951 -0.945 -0.953 -0.946 -0.926 -0.916 -0.905 -0.894 -0.881 -0.875 -0.858 -0.854 -0.85 -0.843 -0.828 -0.819 -0.809 -0.807 -0.8 -0.801 -0.796 -0.771 -0.747 -0.743 -0.738 -0.739 -0.732 -0.711 -0.697 -0.696 -0.688 -0.68 -0.658 -0.642 -9999 -9999 -9999 -9999 -9999 -9999
-0.747 -0.73 -0.73 -0.732 -0.708 -9999 -9999 -9999 -9999 -9999 -9999 -9999 -9999 -9999 -9999 -9999 -9999 -9999 -9999 -9999 -9999 -9999 -9999 -9999 -9999 -9999 -9999 -9999 -9999 -9999 -9999 -0.988 -0.983 -0.975 -0.956 -0.933 -0.941 -0.95 -0.937 -0.918 -0.909 -0.9 -0.89 -0.878 -0.866 -0.85 -0.848 -0.845 -0.834 -0.821 -0.812 -0.8 -0.798 -0.795 -0.796 -0.796 -0.774 -0.744 -0.74 -0.734 -0.735 -0.734 -0.714 -0.686 -0.684 -0.681 -0.676 -0.668 -0.646 -0.623 -9999 -9999 -9999 -9999 -9999
-0.75 -0.734 -0.728 -0.714 -9999 -9999 -9999 -9999 -9999 -9999 -9999 -9999 -9999 -9999 -9999 -9999 -9999 -9999 -9999 -9999 -9999 -9999 -9999 -9999 -9999 -9999 -9999 -9999 -9999 -9999 -9999 -0.953 -0.948 -0.958 -0.947 -0.932 -0.94 -0.945 -0.935 -0.923 -0.909 -0.883 -0.877 -0.874 -0.863 -0.849 -0.849 -0.849 -0.842 -0.835 -0.823 -0.798 -0.798 -0.797 -0.783 -0.773 -0.774 -0.759 -0.755 -0.75 -0.735 -0.725 -0.709 -0.685 -0.674 -0.665 -0.653 -0.642 -0.637 -0.623 -0.599 -9999 -9999 -9999 -9999
-0.744 -0.727 -0.714 -0.698 -9999 -9999 -9999 -9999 -9999 -9999 -9999 -9999 -9999 -9999 -9999 -9999 -9999 -9999 -9999 -9999 -9999 -9999 -9999 -9999 -9999 -9999 -9999 -9999 -9999 -9999 -9999 -9999 -0.924 -0.934 -0.929 -0.92 -0.927 -0.932 -0.925 -0.914 -0.892 -0.867 -0.866 -0.864 -0.853 -0.84 -0.841 -0.842 -0.838 -0.833 -0.815 -0.79 -0.79 -0.789 -0.775 -0.755 -0.755 -0.755 -0.752 -0.746 -0.733 -0.714 -0.698 -0.677 -0.667 -0.652 -0.64 -0.624 -0.618 -0.611 -0.599 -9999 -9999 -9999 -9999
-9999 -9999 -9999 -9999 -9999 -9999 -9999 -9999 -9999 -9999 -9999 -9999 -9999 -9999 -9999 -9999 -9999 -9999 -9999 -9999 -9999 -9999 -9999 -9999 -9999 -9999 -9999 -9999 -9999 -9999 -9999 -9999 -0.902 -0.912 -0.909 -0.897 -0.903 -0.903 -0.902 -0.912 -0.895 -0.88 -0.871 -0.846 -0.839 -0.835 -0.838 -0.844 -0.841 -0.836 -0.821 -0.799 -0.794 -0.789 -0.775 -0.757 -0.75 -0.746 -0.74 -0.733 -0.73 -0.718 -0.712 -0.698 -0.672 -0.649 -0.634 -0.616 -0.621 -0.621 -0.613 -0.585 -9999 -9999 -9999
-9999 -9999 -9999 -9999 -9999 -9999 -9999 -9999 -9999 -9999 -9999 -9999 -9999 -9999 -9999 -9999 -9999 -9999 -9999 -9999 -9999 -9999 -9999 -9999 -9999 -9999 -9999 -9999 -9999 -9999 -9999 -9999 -9999 -0.888 -0.883 -0.872 -0.876 -0.878 -0.891 -0.902 -0.89 -0.876 -0.855 -0.831 -0.828 -0.826 -0.83 -0.836 -0.833 -0.829 -0.814 -0.793 -0.787 -0.779 -0.765 -0.748 -0.742 -0.734 -0.728 -0.72 -0.716 -0.71 -0.705 -0.696 -0.672 -0.64 -0.626 -0.606 -0.61 -0.616 -0.609 -0.597 -9999 -9999 -9999
-9999 -9999 -9999 -9999 -9999 -9999 -9999 -9999 -9999 -9999 -9999 -9999 -9999 -9999 -9999 -9999 -9999 -9999 -9999 -9999 -9999 -9999 -9999 -9999 -9999 -9999 -9999 -9999 -9999 -9999 -9999 -9999 -9999 -0.861 -9999 -0.876 -0.876 -0.86 -0.866 -9999 -0.852 -0.861 -0.846 -0.834 -0.835 -0.84 -0.835 -0.809 -0.806 -0.805 -0.799 -0.784 -0.782 -0.776 -0.767 -0.753 -0.746 -0.738 -0.727 -0.715 -0.712 -0.706 -0.696 -0.685 -0.672 -0.647 -0.646 -0.636 -0.626 -0.624 -0.604 -0.586 -0.579 -9999 -9999
-9999 -9999 -9999 -9999 -9999 -9999 -9999 -9999 -9999 -9999 -9999 -9999 -9999 -9999 -9999 -9999 -9999 -9999 -9999 -9999 -9999 -9999 -9999 -9999 -9999 -9999 -9999 -9999 -9999 -9999 -9999 -9999 -9999 -9999 -0.861 -0.864 -9999 -9999 -9999 -9999 -0.839 -0.847 -0.838 -0.828 -0.832 -0.838 -0.817 -0.791 -0.79 -0.787 -0.779 -0.77 -0.768 -0.766 -0.756 -0.744 -0.737 -0.728 -0.717 -0.701 -0.698 -0.692 -0.683 -0.67 -0.657 -0.64 -0.64 -0.638 -0.63 -0.619 -0.599 -0.573 -0.566 -0.556 -0.534
-9999 -9999 -9999 -9999 -9999 -9999 -9999 -9999 -9999 -9999 -9999 -9999 -9999 -9999 -9999 -9999 -9999 -9999 -9999 -9999 -9999 -9999 -9999 -9999 -9999 -9999 -9999 -9999 -9999 -9999 -9999 -9999 -9999 -9999 -0.832 -0.84 -9999 -9999 -9999 -9999 -0.828 -0.836 -0.83 -0.826 -0.831 -0.834 -0.811 -0.775 -0.773 -0.767 -0.769 -0.764 -0.766 -0.766 -0.756 -0.744 -0.739 -0.732 -0.724 -0.712 -0.697 -0.685 -0.687 -0.681 -0.663 -0.643 -0.638 -0.635 -0.627 -0.618 -0.609 -0.589 -0.56 -0.536 -0.536
-9999 -9999 -9999 -9999 -9999 -9999 -9999 -9999 -9999 -9999 -9999 -9999 -9999 -9999 -9999 -9999 -9999 -9999 -9999 -9999 -9999 -9999 -9999 -9999 -9999 -9999 -9999 -9999 -9999 -9999 -9999 -9999 -9999 -9999 -0.818 -9999 -9999 -9999 -9999 -0.809 -0.816 -0.82 -0.819 -0.816 -0.819 -0.823 -0.795 -0.76 -0.755 -0.747 -0.748 -0.749 -0.75 -0.752 -0.743 -0.73 -0.726 -0.72 -0.713 -0.703 -0.689 -0.669 -0.671 -0.672 -0.655 -0.631 -0.626 -0.62 -0.613 -0.604 -0.595 -0.583 -0.557 -0.533 -9999
-9999 -9999 -9999 -9999 -9999 -9999 -9999 -9999 -9999 -9999 -9999 -9999 -9999 -9999 -9999 -9999 -9999 -9999 -9999 -9999 -9999 -9999 -9999 -9999 -9999 -9999 -9999 -9999 -9999 -9999 -9999 -9999 -9999 -9999 -9999 -9999 -9999 -9999 -9999 -0.827 -0.833 -0.825 -0.829 -0.832 -0.835 -0.829 -0.806 -0.776 -0.77 -0.762 -0.761 -0.753 -0.743 -0.739 -0.737 -0.73 -0.721 -0.712 -0.701 -0.689 -0.681 -0.666 -0.663 -0.661 -0.643 -0.62 -0.612 -0.603 -0.611 -0.611 -0.592 -0.574 -0.575 -0.55 -9999
-9999 -9999 -9999 -9999 -9999 -9999 -9999 -9999 -9999 -9999 -9999 -9999 -9999 -9999 -9999 -9999 -9999 -9999 -9999 -9999 -9999 -9999 -9999 -9999 -9999 -9999 -9999 -9999 -9999 -9999 -9999 -9999 -9999 -9999 -9999 -9999 -9999 -9999 -9999 -0.822 -0.821 -0.817 -0.825 -0.831 -0.828 -0.82 -0.797 -0.767 -0.761 -0.755 -0.748 -0.741 -0.732 -0.72 -0.719 -0.717 -0.708 -0.696 -0.686 -0.671 -0.664 -0.652 -0.649 -0.644 -0.627 -0.603 -0.596 -0.585 -0.593 -0.601 -0.583 -0.558 -0.559 -0.548 -9999
-9999 -9999 -9999 -9999 -9999 -9999 -9999 -9999 -9999 -9999 -9999 -9999 -9999 -9999 -9999 -9999 -9999 -9999 -9999 -9999 -9999 -9999 -9999 -9999 -9999 -9999 -9999 -9999 -9999 -9999 -9999 -9999 -9999 -9999 -9999 -9999 -9999 -9999 -0.796 -0.824 -0.826 -0.825 -0.83 -0.82 -0.813 -0.804 -0.785 -0.773 -0.767 -0.754 -0.747 -0.739 -0.738 -0.732 -0.719 -0.71 -0.703 -0.693 -0.693 -0.685 -0.659 -0.637 -0.63 -0.623 -0.615 -0.6 -0.597 -0.59 -0.593 -0.599 -0.589 -0.57 -0.556 -0.535 -0.506
-9999 -9999 -9999 -9999 -9999 -9999 -9999 -9999 -9999 -9999 -9999 -9999 -9999 -9999 -9999 -9999 -9999 -9999 -9999 -9999 -9999 -9999 -9999 -9999 -9999 -9999 -9999 -9999 -9999 -9999 -9999 -9999 -9999 -9999 -9999 -9999 -9999 -9999 -0.797 -0.814 -0.818 -0.818 -0.813 -0.801 -0.795 -0.782 -0.773 -0.763 -0.753 -0.743 -0.735 -0.726 -0.725 -0.723 -0.711 -0.695 -0.689 -0.679 -0.679 -0.677 -0.652 -0.619 -0.612 -0.602 -0.595 -0.586 -0.584 -0.58 -0.582 -0.584 -0.574 -0.56 -0.547 -0.528 -0.503
-9999 -9999 -9999 -9999 -9999 -9999 -9999 -9999 -9999 -9999 -9999 -9999 -9999 -9999 -9999 -9999 -9999 -9999 -9999 -9999 -9999 -9999 -9999 -9999 -9999 -9999 -9999 -9999 -9999 -9999 -9999 -9999 -9999 -9999 -9999 -9999 -9999 -0.836 -0.846 -0.83 -0.833 -0.821 -0.81 -0.782 -0.781 -0.781 -0.771 -0.754 -0.75 -0.752 -0.74 -0.727 -0.723 -0.719 -0.714 -0.704 -0.695 -0.686 -0.672 -0.662 -0.651 -0.627 -0.615 -0.604 -0.597 -0.589 -0.587 -0.584 -0.579 -0.577 -0.579 -0.573 -0.55 -0.527 -0.517
-9999 -9999 -9999 -9999 -9999 -9999 -9999 -9999 -9999 -9999 -9999 -9999 -9999 -9999 -9999 -9999 -9999 -9999 -9999 -9999 -9999 -9999 -9999 -9999 -9999 -9999 -9999 -9999 -9999 -9999 -9999 -9999 -9999 -9999 -9999 -9999 -9999 -0.847 -0.839 -0.826 -0.819 -0.808 -0.789 -0.763 -0.766 -0.768 -0.754 -0.739 -0.741 -0.744 -0.731 -0.716 -0.712 -0.705 -0.701 -0.694 -0.687 -0.675 -0.662 -0.644 -0.633 -0.617 -0.606 -0.591 -0.586 -0.578 -0.576 -0.572 -0.568 -0.56 -0.562 -0.562 -0.541 -0.512 -0.502
-9999 -9999 -9999 -9999 -9999 -9999 -9999 -9999 -9999 -9999 -9999 -9999 -9999 -9999 -9999 -9999 -9999 -9999 -9999 -9999 -9999 -9999 -9999 -9999 -9999 -9999 -9999 -9999 -9999 -9999 -9999 -9999 -9999 -9999 -9999 -9999 -9999 -0.823 -0.816 -0.819 -0.81 -0.794 -0.783 -0.775 -0.774 -0.757 -0.747 -0.74 -0.737 -0.723 -0.715 -0.702 -0.705 -0.703 -0.691 -0.68 -0.677 -0.669 -0.667 -0.657 -0.627 -0.6 -0.599 -0.592 -0.583 -0.573 -0.573 -0.571 -0.566 -0.558 -0.542 -0.531 -0.523 -0.499 -0.485
-9999 -9999 -9999 -9999 -9999 -9999 -9999 -9999 -9999 -9999 -9999 -9999 -9999 -9999 -9999 -9999 -9999 -9999 -9999 -9999 -9999 -9999 -9999 -9999 -9999 -9999 -9999 -9999 -9999 -9999 -9999 -9999 -9999 -9999 -9999 -9999 -9999 -9999 -0.801 -0.802 -0.791 -0.776 -0.775 -0.767 -0.755 -0.74 -0.735 -0.729 -0.718 -0.704 -0.696 -0.685 -0.688 -0.69 -0.679 -0.663 -0.66 -0.654 -0.652 -0.648 -0.62 -0.582 -0.582 -0.581 -0.571 -0.558 -0.558 -0.556 -0.551 -0.543 -0.527 -9999 -0.497 -9999 -0.466
-9999 -9999 -9999 -9999 -9999 -9999 -9999 -9999 -9999 -9999 -9999 -9999 -9999 -9999 -9999 -9999 -9999 -9999 -9999 -9999 -9999 -9999 -9999 -9999 -9999 -9999 -9999 -9999 -9999 -9999 -9999 -9999 -9999 -9999 -9999 -9999 -9999 -0.79 -0.787 -0.792 -0.785 -0.778 -0.775 -0.761 -0.755 -0.749 -0.739 -0.712 -0.705 -0.704 -0.699 -0.698 -0.694 -0.694 -0.681 -0.665 -0.661 -0.656 -0.644 -0.635 -0.628 -0.606 -0.591 -0.581 -0.571 -0.558 -0.551 -0.546 -0.532 -0.518 -0.513 -0.497 -0.486 -0.473 -9999
-9999 -9999 -9999 -9999 -9999 -9999 -9999 -9999 -9999 -9999 -9999 -9999 -9999 -9999 -9999 -9999 -9999 -9999 -9999 -9999 -9999 -9999 -9999 -9999 -9999 -9999 -9999 -9999 -9999 -9999 -9999 -9999 -9999 -9999 -9999 -9999 -9999 -0.776 -0.775 -0.776 -0.773 -0.767 -0.759 -0.747 -0.744 -0.74 -0.721 -0.695 -0.694 -0.693 -0.692 -0.69 -0.688 -0.683 -0.671 -0.654 -0.65 -0.643 -0.633 -0.618 -0.612 -0.603 -0.589 -0.569 -0.559 -0.544 -0.538 -0.528 -0.513 -0.491 -0.485 -0.477 -0.467 -0.452 -0.427
-9999 -9999 -9999 -9999 -9999 -9999 -9999 -9999 -9999 -9999 -9999 -9999 -9999 -9999 -9999 -9999 -9999 -9999 -9999 -9999 -9999 -9999 -9999 -9999 -9999 -9999 -9999 -9999 -9999 -9999 -9999 -9999 -9999 -9999 -9999 -9999 -0.748 -0.773 -0.777 -0.775 -0.775 -0.767 -0.757 -0.734 -0.731 -0.724 -0.71 -0.699 -0.698 -0.696 -0.678 -0.666 -0.666 -0.662 -0.665 -0.658 -0.644 -0.632 -0.62 -0.604 -0.606 -0.601 -0.595 -0.581 -0.566 -0.548 -0.525 -0.506 -0.502 -0.488 -0.474 -0.461 -0.459 -0.451 -0.432
-9999 -9999 -9999 -9999 -9999 -9999 -9999 -9999 -9999 -9999 -9999 -9999 -9999 -9999 -9999 -9999 -9999 -9999 -9999 -9999 -9999 -9999 -9999 -9999 -9999 -9999 -9999 -9999 -9999 -9999 -9999 -9999 -9999 -9999 -9999 -9999 -0.744 -0.758 -0.76 -0.76 -0.76 -0.754 -0.739 -0.718 -0.713 -0.707 -0.7 -0.69 -0.689 -0.687 -0.669 -0.646 -0.645 -0.643 -0.645 -0.646 -0.634 -0.617 -0.606 -0.589 -0.589 -0.589 -0.582 -0.572 -0.557 -0.534 -0.51 -0.482 -0.476 -0.469 -0.454 -0.435 -0.432 -0.428 -0.41
-9999 -9999 -9999 -9999 -9999 -9999 -9999 -9999 -9999 -9999 -9999 -9999 -9999 -9999 -9999 -9999 -9999 -9999 -9999 -9999 -9999 -9999 -9999 -9999 -9999 -9999 -9999 -9999 -9999 -9999 -9999 -9999 -9999 -9999 -9999 -9999 -9999 -0.753 -0.753 -0.74 -0.743 -0.744 -0.734 -0.724 -0.719 -0.705 -0.698 -0.683 -0.682 -0.68 -0.669 -0.668 -0.648 -0.635 -0.637 -0.639 -0.628 -0.612 -0.605 -0.592 -0.582 -0.575 -0.573 -0.565 -0.542 -0.517 -0.503 -0.479 -0.468 -0.458 -0.44 -0.418 -0.409 -0.402 -0.38
