Validation/Results/ReClimate_05_2024_2.asc
NCOLS 192
NROWS 249
XLLCENTER -225160.85627316462
YLLCENTER 29788.11610251502
CELLSIZE 5000.0
NODATA_VALUE -9999
[rows 66 to 98 of 249, columns 75 to 149 of 192]
-9999 -9999 -9999 -9999 -9999 -9999 -9999 -9999 -9999 -9999 104.109 -9999 104.046 104.014 104.107 104.044 104.181 104.297 104.225 104.177 104.164 104.106 104.08 104.047 104.048 104.115 104.106 104.1 104.098 104.097 104.095 -9999 -9999 -9999 -9999 -9999 -9999 -9999 -9999 -9999 -9999 -9999 -9999 -9999 -9999 -9999 -9999 -9999 -9999 -9999 -9999 -9999 -9999 -9999 -9999 -9999 -9999 -9999 -9999 -9999 -9999 -9999 -9999 -9999 -9999 -9999 -9999 -9999 -9999 -9999 -9999 -9999 -9999 -9999 -9999
-9999 -9999 -9999 -9999 -9999 -9999 -9999 -9999 -9999 -9999 -9999 104.076 104.117 104.242 104.227 104.213 104.238 104.187 104.138 104.1 104.052 104.024 103.993 103.973 103.998 103.985 103.975 103.968 103.964 -9999 -9999 -9999 -9999 -9999 -9999 -9999 -9999 -9999 -9999 -9999 -9999 -9999 -9999 -9999 -9999 -9999 -9999 -9999 -9999 -9999 -9999 -9999 -9999 -9999 -9999 -9999 -9999 -9999 -9999 -9999 -9999 -9999 -9999 -9999 -9999 -9999 -9999 -9999 -9999 -9999 -9999 -9999 -9999 -9999 -9999
-9999 -9999 -9999 -9999 -9999 -9999 -9999 -9999 -9999 -9999 -9999 104.079 104.171 104.276 104.238 104.174 104.118 104.07 104.027 103.991 103.959 103.932 103.91 103.89 103.874 103.861 103.851 103.843 103.839 -9999 -9999 -9999 -9999 -9999 -9999 -9999 -9999 -9999 -9999 -9999 -9999 -9999 -9999 -9999 -9999 -9999 -9999 -9999 -9999 -9999 -9999 -9999 -9999 -9999 -9999 -9999 -9999 -9999 -9999 -9999 -9999 -9999 -9999 -9999 -9999 -9999 -9999 -9999 -9999 -9999 -9999 -9999 -9999 -9999 -9999
-9999 -9999 -9999 -9999 -9999 -9999 -9999 -9999 -9999 -9999 -9999 -9999 -9999 104.171 104.101 104.04 103.988 103.942 103.902 103.867 103.838 103.812 103.79 103.772 103.756 103.743 103.732 -9999 -9999 -9999 -9999 -9999 -9999 -9999 -9999 -9999 -9999 -9999 -9999 -9999 -9999 -9999 -9999 -9999 -9999 -9999 -9999 -9999 -9999 -9999 -9999 -9999 -9999 -9999 -9999 -9999 -9999 -9999 -9999 -9999 -9999 -9999 -9999 -9999 -9999 -9999 -9999 -9999 -9999 -9999 -9999 -9999 -9999 -9999 -9999
-9999 -9999 -9999 -9999 -9999 -9999 -9999 103.864 -9999 -9999 104.114 104.134 104.112 104.035 103.969 103.911 103.862 103.818 103.781 103.748 103.72 103.696 103.675 103.657 103.642 103.629 103.617 -9999 -9999 -9999 -9999 -9999 -9999 -9999 -9999 -9999 -9999 -9999 -9999 -9999 -9999 -9999 -9999 -9999 -9999 -9999 -9999 -9999 -9999 -9999 -9999 -9999 -9999 -9999 -9999 -9999 -9999 -9999 -9999 -9999 -9999 -9999 -9999 -9999 -9999 -9999 -9999 -9999 -9999 -9999 -9999 -9999 -9999 -9999 -9999
-9999 -9999 -9999 -9999 -9999 103.621 103.713 104.021 104.056 104.092 103.949 103.447 103.458 103.635 103.51 103.293 103.28 103.33 103.277 103.201 102.926 102.242 102.589 103.545 103.531 103.518 103.506 -9999 -9999 -9999 -9999 -9999 -9999 -9999 -9999 -9999 -9999 -9999 -9999 -9999 -9999 -9999 -9999 -9999 -9999 -9999 -9999 -9999 -9999 -9999 -9999 -9999 -9999 -9999 -9999 -9999 -9999 -9999 -9999 -9999 -9999 -9999 -9999 -9999 -9999 -9999 -9999 -9999 -9999 -9999 -9999 -9999 -9999 -9999 -9999
-9999 -9999 -9999 -9999 -9999 103.515 103.872 -9999 104.03 104.055 103.639 103.178 103.348 103.579 103.357 103.095 103.189 103.392 103.262 103.038 102.703 102.759 103.297 103.435 103.422 103.41 -9999 103.386 -9999 -9999 -9999 -9999 -9999 -9999 -9999 -9999 -9999 -9999 -9999 -9999 -9999 -9999 -9999 -9999 -9999 -9999 -9999 -9999 -9999 -9999 -9999 -9999 -9999 -9999 -9999 -9999 -9999 -9999 -9999 -9999 -9999 -9999 -9999 -9999 -9999 -9999 -9999 -9999 -9999 -9999 -9999 -9999 -9999 -9999 -9999
-9999 -9999 -9999 -9999 -9999 -9999 103.768 103.872 103.905 103.882 103.445 103.007 103.201 103.448 103.327 103.356 103.537 103.72 103.512 103.282 103.298 103.278 103.34 103.326 103.314 103.303 103.292 103.281 -9999 -9999 -9999 -9999 -9999 -9999 -9999 -9999 -9999 -9999 -9999 -9999 -9999 -9999 -9999 -9999 -9999 -9999 -9999 -9999 -9999 -9999 -9999 -9999 -9999 -9999 -9999 -9999 -9999 -9999 -9999 -9999 -9999 -9999 -9999 -9999 -9999 -9999 -9999 -9999 -9999 -9999 -9999 -9999 -9999 -9999 -9999
-9999 -9999 -9999 -9999 -9999 -9999 -9999 103.722 103.728 103.621 103.299 103.117 103.224 103.249 103.271 103.292 103.234 102.812 102.858 103.269 103.262 103.244 103.228 103.216 103.205 103.196 103.187 103.172 -9999 -9999 -9999 -9999 -9999 -9999 -9999 -9999 -9999 -9999 -9999 -9999 -9999 -9999 -9999 -9999 -9999 -9999 -9999 -9999 -9999 -9999 -9999 -9999 -9999 -9999 -9999 -9999 -9999 -9999 -9999 -9999 -9999 -9999 -9999 -9999 -9999 -9999 -9999 -9999 -9999 -9999 -9999 -9999 -9999 -9999 -9999
-9999 -9999 -9999 -9999 -9999 103.258 103.413 103.524 103.329 102.779 102.791 103.12 103.092 103.071 103.078 103.074 102.861 102.865 103.086 103.095 103.101 103.11 103.114 103.103 103.095 -9999 103.08 -9999 -9999 -9999 -9999 -9999 -9999 102.881 102.844 102.805 -9999 -9999 -9999 -9999 -9999 -9999 -9999 -9999 -9999 -9999 -9999 -9999 -9999 -9999 -9999 -9999 -9999 -9999 -9999 -9999 -9999 -9999 -9999 -9999 -9999 -9999 -9999 -9999 -9999 -9999 -9999 -9999 -9999 -9999 -9999 -9999 -9999 -9999 -9999
102.62 -9999 -9999 -9999 -9999 -9999 103.218 103.268 102.922 102.685 102.805 102.769 102.768 102.875 102.857 102.86 102.866 102.875 102.888 102.903 102.921 102.942 102.957 102.972 102.979 102.975 -9999 -9999 -9999 -9999 102.882 102.852 102.805 102.754 102.71 102.67 102.64 102.61 102.586 102.567 102.55 102.54 102.535 102.536 102.542 102.554 102.557 102.585 102.623 102.676 102.702 102.577 -9999 -9999 -9999 -9999 -9999 -9999 -9999 -9999 -9999 -9999 -9999 -9999 -9999 -9999 -9999 -9999 -9999 -9999 -9999 -9999 -9999 -9999 -9999
102.366 -9999 -9999 -9999 102.749 -9999 102.98 102.828 102.611 102.293 102.281 102.244 102.386 102.676 102.646 102.637 102.652 102.675 102.692 102.711 102.732 102.755 102.782 102.808 102.829 -9999 -9999 -9999 -9999 102.738 102.737 102.676 102.617 102.563 102.515 102.473 102.436 102.404 102.376 102.354 102.335 102.321 102.312 102.306 102.305 102.309 102.319 102.335 102.359 102.393 102.421 102.437 -9999 -9999 -9999 -9999 -9999 -9999 -9999 -9999 -9999 -9999 -9999 -9999 -9999 -9999 -9999 -9999 -9999 -9999 -9999 -9999 -9999 -9999 -9999
102.128 -9999 -9999 -9999 102.538 102.64 102.564 102.315 102.157 102.145 102.202 102.347 102.49 102.493 102.447 102.411 102.435 102.475 102.495 102.518 102.541 102.567 102.594 102.623 -9999 -9999 102.67 102.655 102.622 102.593 102.53 102.464 102.403 102.348 102.298 102.253 102.213 102.178 102.148 102.121 102.098 102.079 102.063 102.051 102.041 102.035 102.033 102.034 102.04 102.051 102.061 102.086 102.107 -9999 -9999 -9999 -9999 -9999 -9999 -9999 -9999 -9999 -9999 -9999 -9999 -9999 -9999 -9999 -9999 -9999 -9999 -9999 -9999 -9999 -9999
101.903 -9999 102.113 -9999 102.317 102.411 102.212 101.921 102.005 102.251 102.309 102.223 102.266 102.322 102.272 102.249 102.252 102.273 102.297 102.322 102.348 102.374 102.402 102.427 -9999 102.406 102.431 102.436 102.415 102.365 102.306 102.245 102.185 102.13 102.079 102.033 101.992 101.955 101.922 101.892 101.866 101.843 101.821 101.802 101.767 101.703 101.708 101.744 101.733 101.724 101.708 101.7 101.693 -9999 -9999 -9999 -9999 -9999 -9999 -9999 -9999 -9999 -9999 -9999 -9999 -9999 -9999 -9999 -9999 -9999 -9999 -9999 -9999 -9999 -9999
-9999 101.796 -9999 -9999 -9999 102.183 102.025 101.969 102.084 102.057 102.005 101.968 102.052 102.146 102.119 102.088 102.073 102.071 102.095 102.122 102.149 102.177 102.194 102.182 102.172 102.166 102.177 102.177 102.162 102.13 102.076 102.02 101.963 101.91 101.859 101.813 101.771 101.733 101.698 101.667 101.637 101.61 101.584 101.56 101.464 101.313 101.361 101.463 101.437 101.408 101.377 101.33 101.283 -9999 -9999 -9999 -9999 -9999 -9999 -9999 -9999 -9999 -9999 -9999 -9999 -9999 -9999 -9999 -9999 -9999 -9999 -9999 -9999 -9999 -9999
101.221 -9999 -9999 -9999 -9999 101.823 101.848 101.991 -9999 101.895 101.816 101.657 101.785 101.962 101.955 101.93 101.905 101.894 101.894 101.917 101.943 101.954 101.927 101.907 101.91 101.913 101.915 101.913 101.904 101.88 101.844 101.791 101.738 101.686 101.638 101.592 101.55 101.512 101.476 101.443 101.411 101.38 101.35 101.321 101.225 101.194 101.225 101.189 101.148 101.101 101.047 100.973 100.927 -9999 -9999 -9999 -9999 -9999 -9999 -9999 -9999 -9999 -9999 -9999 -9999 -9999 -9999 -9999 -9999 -9999 -9999 -9999 -9999 -9999 -9999
101.275 -9999 -9999 -9999 101.591 -9999 -9999 101.689 101.677 101.727 101.647 101.653 101.756 101.777 101.78 101.774 101.75 101.728 101.718 101.713 101.705 101.675 101.652 101.654 101.658 101.66 101.66 101.655 101.644 101.627 101.598 101.56 101.509 101.46 101.414 101.37 101.329 101.29 101.254 101.22 101.186 101.153 101.119 101.085 101.048 101.009 100.966 100.918 100.864 100.8 100.718 100.637 -9999 -9999 -9999 -9999 -9999 -9999 -9999 -9999 -9999 -9999 -9999 -9999 -9999 -9999 -9999 -9999 -9999 -9999 -9999 -9999 -9999 -9999 -9999
100.973 101.199 101.311 -9999 -9999 -9999 101.325 101.254 -9999 101.325 101.4 101.588 101.597 101.592 101.605 101.606 101.596 101.575 101.55 101.507 101.443 101.399 101.401 101.408 101.412 101.413 101.411 101.403 101.391 101.373 101.351 101.319 101.279 101.232 101.188 101.146 101.106 101.069 101.033 100.997 100.962 100.927 100.89 100.851 100.808 100.762 100.71 100.651 100.583 100.502 100.398 -9999 -9999 -9999 -9999 -9999 -9999 -9999 -9999 -9999 -9999 -9999 -9999 -9999 -9999 -9999 -9999 -9999 -9999 -9999 -9999 -9999 -9999 -9999 -9999
100.82 101.01 101.123 -9999 101.097 100.911 101.032 101.145 101.192 101.268 101.322 101.204 101.26 101.413 101.427 101.438 101.437 101.416 101.365 101.285 101.216 101.187 101.17 101.168 101.172 101.172 101.168 101.159 101.145 101.126 101.103 101.076 101.043 101.003 100.96 100.92 100.883 100.846 100.811 100.776 100.739 100.701 100.661 100.617 100.569 100.516 100.455 100.385 100.303 100.205 100.09 -9999 -9999 -9999 -9999 -9999 -9999 -9999 -9999 -9999 -9999 -9999 -9999 -9999 -9999 -9999 -9999 -9999 -9999 -9999 -9999 -9999 -9999 -9999 -9999
100.696 100.824 100.938 101.047 100.971 101.034 -9999 101.117 101.165 101.179 101.126 101.14 101.226 101.24 101.254 101.267 101.269 101.237 101.155 101.084 101.043 101.01 100.983 100.962 100.944 100.937 100.932 100.921 100.905 100.884 100.86 100.834 100.804 100.771 100.732 100.694 100.659 100.624 100.589 100.554 100.517 100.476 100.433 100.384 100.33 100.269 100.199 100.117 100.021 99.906 -9999 -9999 -9999 -9999 -9999 -9999 -9999 -9999 -9999 -9999 -9999 -9999 -9999 -9999 -9999 -9999 -9999 -9999 -9999 -9999 -9999 -9999 -9999 -9999 -9999
-9999 -9999 -9999 100.86 100.915 -9999 100.959 100.976 100.993 101.01 101.026 101.041 101.056 101.07 101.083 101.095 101.086 101.02 100.956 100.918 100.883 100.851 100.82 100.788 100.763 100.737 100.71 100.689 100.672 100.649 100.623 100.595 100.566 100.535 100.502 100.467 100.434 100.401 100.368 100.332 100.294 100.251 100.204 100.151 100.09 100.021 99.941 99.848 99.737 99.638 -9999 -9999 -9999 -9999 -9999 -9999 -9999 -9999 -9999 -9999 -9999 -9999 -9999 -9999 -9999 -9999 -9999 -9999 -9999 -9999 -9999 -9999 -9999 -9999 -9999
-9999 -9999 100.574 100.673 -9999 100.756 100.779 -9999 100.821 100.84 100.837 100.798 100.831 100.902 100.908 100.898 100.855 100.816 100.671 100.324 100.41 100.692 100.652 100.593 100.571 100.564 100.531 100.499 100.463 100.425 100.392 100.361 100.33 100.3 100.27 100.24 100.21 100.179 100.146 100.11 100.07 100.025 99.973 99.915 99.848 99.77 99.687 99.612 99.529 99.478 -9999 -9999 -9999 -9999 -9999 -9999 -9999 -9999 -9999 -9999 -9999 -9999 -9999 -9999 -9999 -9999 -9999 -9999 -9999 -9999 -9999 -9999 -9999 -9999 -9999
-9999 -9999 100.393 -9999 -9999 100.576 100.603 100.628 100.65 100.666 100.61 100.509 100.579 100.663 100.676 100.69 100.67 100.654 100.474 100.455 100.583 100.543 100.493 100.444 100.433 100.416 100.379 100.339 100.296 100.252 100.208 100.163 100.117 100.076 100.041 100.013 99.986 99.958 99.925 99.888 99.846 99.799 99.754 99.705 99.65 99.589 99.531 99.469 99.398 99.317 -9999 -9999 -9999 -9999 -9999 -9999 -9999 -9999 -9999 -9999 -9999 -9999 -9999 -9999 -9999 -9999 -9999 -9999 -9999 -9999 -9999 -9999 -9999 -9999 -9999
-9999 -9999 -9999 -9999 -9999 -9999 100.429 100.452 100.47 100.485 100.441 100.453 100.475 100.416 100.476 100.535 100.52 100.506 100.496 100.48 100.444 100.408 100.369 100.339 100.316 100.281 100.243 100.203 100.159 100.111 100.061 100.008 99.955 99.909 99.875 99.85 99.824 99.795 99.764 99.73 99.692 99.653 99.612 99.568 99.519 99.466 99.408 99.343 99.27 -9999 -9999 -9999 -9999 -9999 -9999 -9999 -9999 -9999 -9999 -9999 -9999 -9999 -9999 -9999 -9999 -9999 -9999 -9999 -9999 -9999 -9999 -9999 -9999 -9999 -9999
-9999 -9999 -9999 -9999 100.185 100.219 -9999 100.271 100.292 100.31 100.328 100.353 100.314 100.258 100.326 100.4 100.387 100.373 100.309 100.149 100.17 100.283 100.255 100.224 100.192 100.157 100.12 100.079 100.035 99.987 99.936 99.881 99.825 99.774 99.742 99.722 99.699 99.672 99.643 99.61 99.575 99.537 99.495 99.45 99.401 99.347 99.287 99.219 99.144 -9999 -9999 -9999 -9999 -9999 -9999 -9999 -9999 -9999 -9999 -9999 -9999 -9999 -9999 -9999 -9999 -9999 -9999 -9999 -9999 -9999 -9999 -9999 -9999 -9999 -9999
-9999 -9999 -9999 99.947 100.011 100.037 100.07 100.1 100.134 100.171 100.21 100.25 100.243 100.259 100.292 100.279 100.266 100.253 100.166 100.147 100.195 100.169 100.141 100.111 100.079 100.045 100.007 99.967 99.924 99.877 99.826 99.772 99.716 99.668 99.638 99.614 99.589 99.561 99.531 99.498 99.462 99.423 99.381 99.334 99.284 99.228 99.166 99.096 -9999 -9999 -9999 -9999 -9999 -9999 -9999 -9999 -9999 -9999 -9999 -9999 -9999 -9999 -9999 -9999 -9999 -9999 -9999 -9999 -9999 -9999 -9999 -9999 -9999 -9999 -9999
-9999 -9999 -9999 99.774 -9999 99.896 99.944 99.991 100.038 100.082 100.123 100.163 100.193 100.192 100.18 100.169 100.156 100.143 100.129 100.111 100.088 100.063 100.035 100.006 99.975 99.941 99.904 99.865 99.823 99.777 99.729 99.679 99.628 99.585 99.55 99.52 99.489 99.457 99.424 99.388 99.351 99.311 99.267 99.22 99.168 99.11 99.046 98.973 -9999 -9999 -9999 -9999 -9999 -9999 -9999 -9999 -9999 -9999 -9999 -9999 -9999 -9999 -9999 -9999 -9999 -9999 -9999 -9999 -9999 -9999 -9999 -9999 -9999 -9999 -9999
-9999 -9999 -9999 -9999 -9999 99.812 99.865 99.914 99.961 100.008 100.047 100.081 100.1 100.089 100.079 100.068 100.056 100.042 100.027 100.01 99.97 99.893 99.886 99.909 99.878 99.845 99.806 99.76 99.722 99.686 99.641 99.594 99.549 99.506 99.468 99.432 99.396 99.359 99.322 99.283 99.241 99.2 99.155 99.106 99.052 98.992 98.925 98.85 -9999 -9999 -9999 -9999 -9999 -9999 -9999 -9999 -9999 -9999 -9999 -9999 -9999 -9999 -9999 -9999 -9999 -9999 -9999 -9999 -9999 -9999 -9999 -9999 -9999 -9999 -9999
-9999 -9999 -9999 99.405 99.683 99.741 99.793 99.841 99.887 99.927 99.964 100.0 -9999 99.995 99.985 99.974 99.962 99.949 99.934 99.917 99.871 99.853 99.852 99.818 99.788 99.755 99.679 99.54 99.542 99.602 99.559 99.515 99.471 99.429 99.388 99.348 99.307 99.266 99.224 99.181 99.136 99.089 99.042 98.991 98.935 98.873 98.803 98.746 -9999 -9999 -9999 -9999 -9999 -9999 -9999 -9999 -9999 -9999 -9999 -9999 -9999 -9999 -9999 -9999 -9999 -9999 -9999 -9999 -9999 -9999 -9999 -9999 -9999 -9999 -9999
99.733 99.656 99.337 -9999 99.649 99.674 99.725 99.772 99.815 99.855 99.894 -9999 99.917 99.908 99.899 99.888 99.876 99.862 99.847 99.829 99.812 99.788 99.757 99.72 99.701 99.698 99.605 99.549 99.563 99.522 99.481 99.438 99.395 99.352 99.309 99.265 99.22 99.175 99.13 99.083 99.033 98.982 98.928 98.875 98.817 98.753 98.679 -9999 -9999 -9999 -9999 -9999 -9999 -9999 -9999 -9999 -9999 -9999 -9999 -9999 -9999 -9999 -9999 -9999 -9999 -9999 -9999 -9999 -9999 -9999 -9999 -9999 -9999 -9999 -9999
99.647 99.577 99.641 99.638 -9999 99.628 99.66 99.706 99.749 99.788 99.825 99.842 99.835 99.827 99.818 99.807 99.795 99.781 99.765 99.747 99.726 99.703 99.618 99.441 99.483 99.602 99.559 99.523 99.485 99.446 99.405 99.362 99.319 99.275 99.23 99.183 99.135 99.085 99.036 98.987 98.934 98.878 98.819 98.758 98.697 -9999 -9999 -9999 -9999 -9999 -9999 -9999 -9999 -9999 -9999 -9999 -9999 -9999 -9999 -9999 -9999 -9999 -9999 -9999 -9999 -9999 -9999 -9999 -9999 -9999 -9999 -9999 -9999 -9999 -9999
-9999 -9999 99.641 -9999 99.624 99.607 99.608 99.643 99.684 -9999 -9999 99.764 99.758 99.75 99.741 99.73 99.718 99.704 99.687 99.669 99.648 99.625 99.524 99.497 99.527 99.446 99.432 99.447 99.41 99.371 99.33 99.288 99.244 99.198 99.151 99.101 99.049 98.995 98.942 98.891 98.836 98.776 98.711 98.644 -9999 -9999 -9999 -9999 -9999 -9999 -9999 -9999 -9999 -9999 -9999 -9999 -9999 -9999 -9999 -9999 -9999 -9999 -9999 -9999 -9999 -9999 -9999 -9999 -9999 -9999 -9999 -9999 -9999 -9999 -9999
99.616 -9999 99.642 99.64 99.628 99.603 99.587 99.588 -9999 -9999 99.685 99.691 99.685 99.678 99.669 99.658 99.645 99.63 99.613 99.594 99.573 99.55 99.527 99.501 99.462 99.476 99.453 99.374 99.337 99.298 99.257 99.214 99.169 99.121 99.072 99.02 98.964 98.906 98.848 98.794 98.737 98.675 98.607 98.532 98.458 -9999 -9999 -9999 -9999 -9999 -9999 -9999 -9999 -9999 -9999 -9999 -9999 -9999 -9999 -9999 -9999 -9999 -9999 -9999 -9999 -9999 -9999 -9999 -9999 -9999 -9999 -9999 -9999 -9999 -9999
