Validation/Results/ReClimate_11_2023_2weatherlogisticsltd.asc
NCOLS 192
NROWS 249
XLLCENTER -225160.85627316462
YLLCENTER 29788.11610251502
CELLSIZE 5000.0
NODATA_VALUE -9999
[rows 66 to 98 of 249, columns 75 to 149 of 192]
-9999 -9999 -9999 -9999 -9999 -9999 -9999 -9999 -9999 -9999 101.838 -9999 101.295 100.592 101.221 101.919 101.668 101.149 101.233 101.534 101.515 101.582 101.547 101.517 101.49 101.491 101.464 101.446 101.422 101.4 101.385 -9999 -9999 -9999 -9999 -9999 -9999 -9999 -9999 -9999 -9999 -9999 -9999 -9999 -9999 -9999 -9999 -9999 -9999 -9999 -9999 -9999 -9999 -9999 -9999 -9999 -9999 -9999 -9999 -9999 -9999 -9999 -9999 -9999 -9999 -9999 -9999 -9999 -9999 -9999 -9999 -9999 -9999 -9999 -9999
-9999 -9999 -9999 -9999 -9999 -9999 -9999 -9999 -9999 -9999 -9999 101.938 101.578 101.577 101.843 101.575 101.343 101.503 101.612 101.547 101.563 101.517 101.483 101.479 101.479 101.489 101.45 101.386 101.362 -9999 -9999 -9999 -9999 -9999 -9999 -9999 -9999 -9999 -9999 -9999 -9999 -9999 -9999 -9999 -9999 -9999 -9999 -9999 -9999 -9999 -9999 -9999 -9999 -9999 -9999 -9999 -9999 -9999 -9999 -9999 -9999 -9999 -9999 -9999 -9999 -9999 -9999 -9999 -9999 -9999 -9999 -9999 -9999 -9999 -9999
-9999 -9999 -9999 -9999 -9999 -9999 -9999 -9999 -9999 -9999 -9999 101.917 101.932 101.938 101.592 101.02 101.189 101.685 101.542 101.29 101.333 101.475 101.457 101.438 101.378 101.211 101.211 101.329 101.306 -9999 -9999 -9999 -9999 -9999 -9999 -9999 -9999 -9999 -9999 -9999 -9999 -9999 -9999 -9999 -9999 -9999 -9999 -9999 -9999 -9999 -9999 -9999 -9999 -9999 -9999 -9999 -9999 -9999 -9999 -9999 -9999 -9999 -9999 -9999 -9999 -9999 -9999 -9999 -9999 -9999 -9999 -9999 -9999 -9999 -9999
-9999 -9999 -9999 -9999 -9999 -9999 -9999 -9999 -9999 -9999 -9999 -9999 -9999 101.5 101.112 100.818 101.161 101.441 101.302 101.311 101.398 101.437 101.41 101.38 101.282 101.251 101.299 -9999 -9999 -9999 -9999 -9999 -9999 -9999 -9999 -9999 -9999 -9999 -9999 -9999 -9999 -9999 -9999 -9999 -9999 -9999 -9999 -9999 -9999 -9999 -9999 -9999 -9999 -9999 -9999 -9999 -9999 -9999 -9999 -9999 -9999 -9999 -9999 -9999 -9999 -9999 -9999 -9999 -9999 -9999 -9999 -9999 -9999 -9999 -9999
-9999 -9999 -9999 -9999 -9999 -9999 -9999 101.801 -9999 -9999 101.431 101.822 101.458 100.849 100.788 101.163 101.328 101.405 101.388 101.356 101.376 101.384 101.352 101.323 101.296 101.27 101.245 -9999 -9999 -9999 -9999 -9999 -9999 -9999 -9999 -9999 -9999 -9999 -9999 -9999 -9999 -9999 -9999 -9999 -9999 -9999 -9999 -9999 -9999 -9999 -9999 -9999 -9999 -9999 -9999 -9999 -9999 -9999 -9999 -9999 -9999 -9999 -9999 -9999 -9999 -9999 -9999 -9999 -9999 -9999 -9999 -9999 -9999 -9999 -9999
-9999 -9999 -9999 -9999 -9999 100.943 101.149 100.708 100.395 99.917 100.338 100.802 100.265 99.674 100.033 100.515 100.536 100.548 100.563 100.634 100.47 100.015 100.225 100.924 100.991 101.217 101.194 -9999 -9999 -9999 -9999 -9999 -9999 -9999 -9999 -9999 -9999 -9999 -9999 -9999 -9999 -9999 -9999 -9999 -9999 -9999 -9999 -9999 -9999 -9999 -9999 -9999 -9999 -9999 -9999 -9999 -9999 -9999 -9999 -9999 -9999 -9999 -9999 -9999 -9999 -9999 -9999 -9999 -9999 -9999 -9999 -9999 -9999 -9999 -9999
-9999 -9999 -9999 -9999 -9999 100.241 100.268 -9999 100.713 100.718 100.839 100.456 100.283 100.662 100.863 100.75 100.806 101.005 100.996 100.845 100.658 100.791 101.185 101.231 101.336 101.165 -9999 101.12 -9999 -9999 -9999 -9999 -9999 -9999 -9999 -9999 -9999 -9999 -9999 -9999 -9999 -9999 -9999 -9999 -9999 -9999 -9999 -9999 -9999 -9999 -9999 -9999 -9999 -9999 -9999 -9999 -9999 -9999 -9999 -9999 -9999 -9999 -9999 -9999 -9999 -9999 -9999 -9999 -9999 -9999 -9999 -9999 -9999 -9999 -9999
-9999 -9999 -9999 -9999 -9999 -9999 100.645 100.328 100.237 99.939 99.715 99.616 100.018 100.544 100.595 100.778 101.09 101.6 101.424 101.124 101.214 101.367 101.345 101.234 101.136 101.114 101.093 101.071 -9999 -9999 -9999 -9999 -9999 -9999 -9999 -9999 -9999 -9999 -9999 -9999 -9999 -9999 -9999 -9999 -9999 -9999 -9999 -9999 -9999 -9999 -9999 -9999 -9999 -9999 -9999 -9999 -9999 -9999 -9999 -9999 -9999 -9999 -9999 -9999 -9999 -9999 -9999 -9999 -9999 -9999 -9999 -9999 -9999 -9999 -9999
-9999 -9999 -9999 -9999 -9999 -9999 -9999 100.02 99.729 99.288 99.435 100.129 100.437 100.565 100.777 101.068 101.255 100.896 100.795 100.772 100.928 101.098 101.05 101.102 101.082 101.062 101.043 101.021 -9999 -9999 -9999 -9999 -9999 -9999 -9999 -9999 -9999 -9999 -9999 -9999 -9999 -9999 -9999 -9999 -9999 -9999 -9999 -9999 -9999 -9999 -9999 -9999 -9999 -9999 -9999 -9999 -9999 -9999 -9999 -9999 -9999 -9999 -9999 -9999 -9999 -9999 -9999 -9999 -9999 -9999 -9999 -9999 -9999 -9999 -9999
-9999 -9999 -9999 -9999 -9999 99.525 99.589 98.605 98.921 99.074 99.594 100.029 100.227 100.605 100.77 100.842 100.611 100.519 100.609 100.693 100.862 101.13 101.194 101.045 101.025 -9999 100.99 -9999 -9999 -9999 -9999 -9999 -9999 100.806 100.774 100.742 -9999 -9999 -9999 -9999 -9999 -9999 -9999 -9999 -9999 -9999 -9999 -9999 -9999 -9999 -9999 -9999 -9999 -9999 -9999 -9999 -9999 -9999 -9999 -9999 -9999 -9999 -9999 -9999 -9999 -9999 -9999 -9999 -9999 -9999 -9999 -9999 -9999 -9999 -9999
97.539 -9999 -9999 -9999 -9999 -9999 98.142 98.216 98.583 99.269 99.573 99.381 99.776 100.347 100.394 100.438 100.206 99.722 99.94 100.345 100.579 100.801 100.819 100.944 100.966 100.951 -9999 -9999 -9999 -9999 100.855 100.829 100.79 100.75 100.714 100.682 100.659 100.634 100.608 100.589 100.572 100.56 100.551 100.545 100.542 100.544 100.539 100.55 100.566 100.59 100.599 100.533 -9999 -9999 -9999 -9999 -9999 -9999 -9999 -9999 -9999 -9999 -9999 -9999 -9999 -9999 -9999 -9999 -9999 -9999 -9999 -9999 -9999 -9999 -9999
96.923 -9999 -9999 -9999 98.408 -9999 98.274 97.499 97.878 98.027 98.288 99.026 99.479 99.828 99.933 100.123 99.913 99.989 100.278 100.445 100.556 100.555 100.679 100.759 100.822 -9999 -9999 -9999 -9999 100.788 100.782 100.737 100.691 100.65 100.612 100.578 100.548 100.521 100.498 100.478 100.46 100.446 100.434 100.425 100.419 100.415 100.416 100.42 100.428 100.442 100.452 100.455 -9999 -9999 -9999 -9999 -9999 -9999 -9999 -9999 -9999 -9999 -9999 -9999 -9999 -9999 -9999 -9999 -9999 -9999 -9999 -9999 -9999 -9999 -9999
96.766 -9999 -9999 -9999 98.158 98.418 98.073 97.665 97.699 97.712 98.269 98.685 99.173 99.539 99.667 99.738 99.861 99.996 100.14 100.268 100.3 100.345 100.436 100.529 -9999 -9999 100.755 100.765 100.739 100.715 100.668 100.619 100.573 100.531 100.492 100.458 100.426 100.398 100.373 100.351 100.332 100.314 100.299 100.287 100.276 100.267 100.261 100.257 100.256 100.258 100.259 100.269 100.275 -9999 -9999 -9999 -9999 -9999 -9999 -9999 -9999 -9999 -9999 -9999 -9999 -9999 -9999 -9999 -9999 -9999 -9999 -9999 -9999 -9999 -9999
96.341 -9999 97.045 -9999 96.438 96.251 96.169 96.511 96.98 98.066 98.246 98.206 98.505 98.545 98.418 98.071 98.581 99.69 99.75 99.698 99.839 100.093 100.19 100.286 -9999 100.419 100.526 100.6 100.622 100.585 100.54 100.495 100.451 100.409 100.371 100.336 100.304 100.276 100.249 100.226 100.205 100.185 100.168 100.152 100.137 100.124 100.111 100.1 100.09 100.081 100.068 100.06 100.052 -9999 -9999 -9999 -9999 -9999 -9999 -9999 -9999 -9999 -9999 -9999 -9999 -9999 -9999 -9999 -9999 -9999 -9999 -9999 -9999 -9999 -9999
-9999 95.844 -9999 -9999 -9999 95.429 95.817 96.584 97.109 96.918 97.059 97.68 97.858 98.106 98.197 98.483 99.16 99.41 99.299 99.046 99.388 99.837 99.934 100.016 100.105 100.19 100.293 100.377 100.429 100.449 100.409 100.366 100.325 100.285 100.248 100.213 100.182 100.152 100.126 100.101 100.079 100.058 100.038 100.019 100.001 99.983 99.965 99.947 99.929 99.909 99.888 99.86 99.83 -9999 -9999 -9999 -9999 -9999 -9999 -9999 -9999 -9999 -9999 -9999 -9999 -9999 -9999 -9999 -9999 -9999 -9999 -9999 -9999 -9999 -9999
94.089 -9999 -9999 -9999 -9999 96.061 96.735 97.5 -9999 96.284 96.65 96.834 97.222 97.808 98.299 99.048 99.184 99.149 98.936 98.755 99.162 99.565 99.647 99.733 99.84 99.942 100.038 100.128 100.209 100.256 100.274 100.235 100.196 100.158 100.122 100.089 100.058 100.029 100.002 99.977 99.953 99.931 99.909 99.888 99.866 99.844 99.822 99.797 99.771 99.742 99.709 99.665 99.636 -9999 -9999 -9999 -9999 -9999 -9999 -9999 -9999 -9999 -9999 -9999 -9999 -9999 -9999 -9999 -9999 -9999 -9999 -9999 -9999 -9999 -9999
94.735 -9999 -9999 -9999 96.058 -9999 -9999 96.492 96.202 96.418 96.665 97.232 97.622 97.805 98.449 98.898 98.928 98.883 98.72 98.559 98.915 99.266 99.36 99.475 99.588 99.693 99.79 99.882 99.967 100.045 100.088 100.102 100.065 100.029 99.995 99.963 99.933 99.905 99.878 99.853 99.829 99.805 99.781 99.757 99.733 99.707 99.68 99.65 99.616 99.578 99.529 99.482 -9999 -9999 -9999 -9999 -9999 -9999 -9999 -9999 -9999 -9999 -9999 -9999 -9999 -9999 -9999 -9999 -9999 -9999 -9999 -9999 -9999 -9999 -9999
93.703 94.27 94.988 -9999 -9999 -9999 95.579 94.731 -9999 95.264 95.975 97.039 97.315 97.805 98.192 98.497 98.478 98.354 98.218 98.04 98.447 99.047 99.034 98.779 99.014 99.45 99.55 99.643 99.73 99.812 99.887 99.927 99.933 99.899 99.866 99.836 99.807 99.78 99.754 99.728 99.704 99.679 99.565 99.303 99.358 99.517 99.497 99.503 99.462 99.415 99.355 -9999 -9999 -9999 -9999 -9999 -9999 -9999 -9999 -9999 -9999 -9999 -9999 -9999 -9999 -9999 -9999 -9999 -9999 -9999 -9999 -9999 -9999 -9999 -9999
93.346 94.456 95.087 -9999 94.967 94.621 94.796 94.957 95.266 95.754 96.372 96.432 96.886 97.455 97.754 97.919 98.021 98.196 98.134 98.174 98.465 98.396 98.417 98.786 99.082 99.214 99.317 99.413 99.501 99.585 99.666 99.736 99.773 99.767 99.736 99.707 99.68 99.654 99.629 99.604 99.579 99.553 99.377 99.279 99.383 99.496 99.458 99.356 99.308 99.251 99.186 -9999 -9999 -9999 -9999 -9999 -9999 -9999 -9999 -9999 -9999 -9999 -9999 -9999 -9999 -9999 -9999 -9999 -9999 -9999 -9999 -9999 -9999 -9999 -9999
94.069 94.713 94.974 95.012 94.816 95.243 -9999 94.331 94.439 94.193 94.412 94.976 95.632 96.554 96.753 97.033 97.282 97.435 97.68 98.188 98.245 98.388 98.499 98.254 98.312 98.212 98.439 98.934 99.09 99.366 99.448 99.528 99.504 99.3 99.202 98.951 99.08 99.528 99.504 99.481 99.454 99.427 99.382 99.396 99.429 99.347 99.27 99.209 99.153 99.087 -9999 -9999 -9999 -9999 -9999 -9999 -9999 -9999 -9999 -9999 -9999 -9999 -9999 -9999 -9999 -9999 -9999 -9999 -9999 -9999 -9999 -9999 -9999 -9999 -9999
-9999 -9999 -9999 93.985 94.426 -9999 94.599 93.998 94.07 94.728 95.208 95.592 96.177 96.392 96.528 96.464 96.686 96.857 97.233 97.527 97.817 98.3 98.228 98.329 98.38 98.568 98.851 98.856 99.054 99.153 99.237 99.318 99.292 99.387 99.297 99.265 99.47 99.401 99.379 99.354 99.328 99.301 99.303 99.29 99.227 99.176 99.119 99.059 98.996 98.936 -9999 -9999 -9999 -9999 -9999 -9999 -9999 -9999 -9999 -9999 -9999 -9999 -9999 -9999 -9999 -9999 -9999 -9999 -9999 -9999 -9999 -9999 -9999 -9999 -9999
-9999 -9999 93.406 93.445 -9999 93.935 93.854 -9999 94.197 95.294 95.571 95.82 95.955 96.081 96.259 96.696 96.738 96.51 96.553 95.98 96.119 95.682 96.156 97.466 97.961 98.939 98.979 98.867 98.737 98.163 98.072 97.746 98.127 98.915 99.065 99.394 99.292 99.105 99.158 99.287 99.291 99.338 99.207 98.887 98.876 98.904 98.895 98.925 98.874 98.836 -9999 -9999 -9999 -9999 -9999 -9999 -9999 -9999 -9999 -9999 -9999 -9999 -9999 -9999 -9999 -9999 -9999 -9999 -9999 -9999 -9999 -9999 -9999 -9999 -9999
-9999 -9999 92.507 -9999 -9999 93.19 93.28 93.401 94.114 94.403 94.526 94.569 94.803 95.259 95.799 96.51 96.312 95.978 95.953 96.559 96.396 96.418 97.198 97.463 97.84 97.463 97.58 97.92 97.781 98.288 98.259 98.614 99.014 99.058 99.344 99.508 99.31 99.073 99.127 99.095 99.12 99.131 98.924 98.807 98.887 99.132 99.059 98.834 98.788 98.734 -9999 -9999 -9999 -9999 -9999 -9999 -9999 -9999 -9999 -9999 -9999 -9999 -9999 -9999 -9999 -9999 -9999 -9999 -9999 -9999 -9999 -9999 -9999 -9999 -9999
-9999 -9999 -9999 -9999 -9999 -9999 93.205 93.551 93.802 93.822 93.967 94.356 94.612 94.734 94.697 93.46 93.805 95.126 95.768 96.341 96.689 97.385 97.619 97.853 97.538 97.226 97.101 96.164 96.775 97.836 98.396 99.278 99.326 99.246 99.267 99.172 99.033 98.939 98.893 98.793 98.832 98.965 98.896 98.854 98.965 98.927 98.794 98.751 98.703 -9999 -9999 -9999 -9999 -9999 -9999 -9999 -9999 -9999 -9999 -9999 -9999 -9999 -9999 -9999 -9999 -9999 -9999 -9999 -9999 -9999 -9999 -9999 -9999 -9999 -9999
-9999 -9999 -9999 -9999 92.542 92.256 -9999 93.442 93.6 93.772 93.957 93.853 93.942 93.923 93.632 94.557 95.275 95.27 95.72 95.978 96.526 96.986 97.169 97.253 97.211 97.477 97.044 97.013 97.62 97.786 98.068 97.539 97.846 98.641 98.735 98.929 98.974 99.03 99.001 99.039 99.043 98.879 98.852 98.822 98.789 98.754 98.714 98.67 98.62 -9999 -9999 -9999 -9999 -9999 -9999 -9999 -9999 -9999 -9999 -9999 -9999 -9999 -9999 -9999 -9999 -9999 -9999 -9999 -9999 -9999 -9999 -9999 -9999 -9999 -9999
-9999 -9999 -9999 92.452 91.993 91.236 91.775 92.07 92.559 93.578 93.687 94.072 94.221 94.523 95.239 95.775 95.676 95.38 95.668 95.972 96.371 96.526 96.732 97.09 96.915 95.98 96.162 96.597 96.973 97.684 97.418 97.397 97.917 98.13 98.18 97.969 98.185 98.49 98.729 98.925 98.781 98.626 98.653 98.746 98.712 98.675 98.634 98.588 -9999 -9999 -9999 -9999 -9999 -9999 -9999 -9999 -9999 -9999 -9999 -9999 -9999 -9999 -9999 -9999 -9999 -9999 -9999 -9999 -9999 -9999 -9999 -9999 -9999 -9999 -9999
-9999 -9999 -9999 91.902 -9999 91.698 91.648 90.887 91.853 93.241 93.55 93.556 93.888 94.387 94.737 94.794 94.877 95.469 95.636 95.571 95.918 96.501 96.778 96.961 96.466 96.405 96.725 96.952 97.408 97.611 97.691 97.883 98.039 98.141 98.146 98.441 98.689 98.815 98.906 98.782 98.724 98.797 98.793 98.67 98.635 98.597 98.555 98.507 -9999 -9999 -9999 -9999 -9999 -9999 -9999 -9999 -9999 -9999 -9999 -9999 -9999 -9999 -9999 -9999 -9999 -9999 -9999 -9999 -9999 -9999 -9999 -9999 -9999 -9999 -9999
-9999 -9999 -9999 -9999 -9999 92.079 91.803 91.857 92.806 93.627 93.607 93.402 93.737 93.953 93.882 93.509 94.131 95.067 94.928 94.658 95.31 96.139 96.197 95.983 96.17 96.808 97.036 97.31 97.473 97.604 97.648 97.447 97.603 97.837 98.049 98.235 98.364 98.446 98.391 98.365 98.637 98.823 98.728 98.647 98.595 98.519 98.475 98.426 -9999 -9999 -9999 -9999 -9999 -9999 -9999 -9999 -9999 -9999 -9999 -9999 -9999 -9999 -9999 -9999 -9999 -9999 -9999 -9999 -9999 -9999 -9999 -9999 -9999 -9999 -9999
-9999 -9999 -9999 91.737 91.781 91.897 92.035 92.067 92.511 92.898 93.04 93.678 -9999 93.648 93.657 94.293 94.898 95.112 95.091 95.349 95.908 96.108 96.011 95.917 96.26 96.238 96.47 96.638 96.774 96.961 96.922 97.094 97.276 97.413 97.627 97.985 98.072 98.04 98.169 98.612 98.76 98.724 98.638 98.522 98.471 98.441 98.395 98.348 -9999 -9999 -9999 -9999 -9999 -9999 -9999 -9999 -9999 -9999 -9999 -9999 -9999 -9999 -9999 -9999 -9999 -9999 -9999 -9999 -9999 -9999 -9999 -9999 -9999 -9999 -9999
91.707 91.687 91.666 -9999 91.357 91.928 91.942 91.605 91.97 92.494 93.031 -9999 93.244 92.533 93.162 93.829 94.229 94.804 95.165 95.629 95.902 96.191 96.151 96.07 96.199 96.51 96.649 96.704 96.852 96.925 97.098 97.286 97.417 97.525 97.833 98.148 98.161 98.113 98.359 98.418 98.625 99.035 98.671 98.436 98.404 98.361 98.313 -9999 -9999 -9999 -9999 -9999 -9999 -9999 -9999 -9999 -9999 -9999 -9999 -9999 -9999 -9999 -9999 -9999 -9999 -9999 -9999 -9999 -9999 -9999 -9999 -9999 -9999 -9999 -9999
91.558 91.677 91.419 91.27 -9999 91.876 91.721 91.596 92.022 92.359 92.67 92.742 92.567 93.105 93.497 93.51 94.095 94.768 95.07 95.117 95.353 95.351 95.409 95.609 95.909 96.324 96.463 96.696 96.744 96.694 96.887 97.165 97.3 97.455 97.637 97.678 97.772 98.01 98.106 98.175 98.436 98.256 98.233 98.364 98.324 -9999 -9999 -9999 -9999 -9999 -9999 -9999 -9999 -9999 -9999 -9999 -9999 -9999 -9999 -9999 -9999 -9999 -9999 -9999 -9999 -9999 -9999 -9999 -9999 -9999 -9999 -9999 -9999 -9999 -9999
-9999 -9999 91.467 -9999 91.133 90.945 90.909 91.119 91.53 -9999 -9999 91.165 91.905 92.913 93.074 93.514 94.105 94.703 94.924 95.392 95.368 95.146 95.201 94.98 95.355 95.829 96.095 96.372 96.457 96.673 96.882 97.014 97.158 97.287 97.37 97.508 97.704 97.846 97.953 98.008 98.013 98.077 98.205 98.243 -9999 -9999 -9999 -9999 -9999 -9999 -9999 -9999 -9999 -9999 -9999 -9999 -9999 -9999 -9999 -9999 -9999 -9999 -9999 -9999 -9999 -9999 -9999 -9999 -9999 -9999 -9999 -9999 -9999 -9999 -9999
91.675 -9999 91.422 91.204 91.024 90.967 91.074 91.206 -9999 -9999 92.255 91.964 92.645 92.982 93.283 93.336 93.78 94.068 94.531 95.014 95.042 95.264 95.198 95.193 95.594 96.011 96.201 96.263 96.453 96.587 96.721 96.854 96.986 97.119 97.253 97.39 97.535 97.682 97.789 97.843 97.901 97.965 98.034 98.099 98.113 -9999 -9999 -9999 -9999 -9999 -9999 -9999 -9999 -9999 -9999 -9999 -9999 -9999 -9999 -9999 -9999 -9999 -9999 -9999 -9999 -9999 -9999 -9999 -9999 -9999 -9999 -9999 -9999 -9999 -9999
