Validation/Results/ReClimate_08_2024_1_Temperature-Actualsweatherlogisticsltd.asc
NCOLS 192
NROWS 249
XLLCENTER -225160.85627316462
YLLCENTER 29788.11610251502
CELLSIZE 5000.0
NODATA_VALUE -9999
[rows 204 to 237 of 249, columns 75 to 149 of 192]
-9999 -9999 -9999 -9999 14.743 -9999 14.497 14.294 14.099 13.783 13.725 13.572 13.658 13.713 13.59 13.536 13.268 13.754 13.655 13.812 14.014 14.174 14.052 14.151 13.772 13.352 12.211 11.636 13.036 12.858 13.02 12.646 13.2 14.026 13.217 11.875 13.394 13.794 13.808 13.895 14.512 15.016 14.927 14.67 14.817 15.222 15.397 15.502 15.44 15.23 14.569 14.188 14.121 14.441 14.665 14.803 14.68 14.34 14.404 14.571 14.729 14.779 14.753 14.624 14.526 14.646 14.779 14.795 14.925 15.002 14.97 15.074 15.05 15.081 15.228
-9999 -9999 -9999 -9999 -9999 -9999 -9999 -9999 13.979 14.171 14.031 13.928 13.965 13.918 13.851 13.716 14.03 13.956 13.996 14.072 14.046 14.113 13.814 13.85 13.344 12.619 11.781 12.034 11.957 12.315 11.696 11.913 13.473 13.342 13.028 13.89 13.324 13.71 14.311 14.583 14.912 14.692 14.467 14.14 14.664 15.255 15.428 15.547 15.547 14.889 14.157 14.049 14.126 14.541 14.629 14.773 14.625 14.669 14.685 14.858 15.003 15.029 14.943 14.784 14.7 14.782 14.966 15.058 14.973 14.867 14.754 14.829 15.066 15.057 15.163
-9999 -9999 -9999 -9999 -9999 -9999 -9999 -9999 14.266 14.171 14.117 14.163 13.795 13.594 13.496 13.861 14.102 14.128 14.24 13.931 13.796 14.011 14.139 14.235 13.734 13.511 13.314 13.05 12.77 12.56 12.005 12.419 12.245 12.882 13.375 12.948 12.753 14.294 14.604 14.793 14.459 14.481 13.984 14.261 14.692 15.276 15.404 15.264 14.493 14.055 14.113 14.291 14.252 14.447 14.617 14.703 14.836 14.71 14.945 15.108 15.268 15.263 15.059 14.866 14.749 14.838 15.068 15.14 14.99 14.61 14.669 14.741 14.842 15.044 15.122
-9999 -9999 -9999 -9999 -9999 -9999 14.783 14.616 14.413 14.343 -9999 14.218 14.058 13.899 14.186 14.362 14.51 -9999 14.417 14.108 14.217 13.873 14.426 13.696 13.781 13.612 13.391 13.361 13.65 13.22 12.911 12.856 12.89 13.089 13.368 12.442 13.432 14.457 14.476 14.802 14.701 14.213 14.294 14.533 14.905 15.136 15.145 14.56 14.469 14.176 14.299 14.26 14.464 14.575 14.658 14.823 15.001 15.032 15.111 15.105 15.365 15.339 15.206 15.054 15.02 15.008 15.063 15.004 14.731 14.597 14.557 14.798 14.866 14.981 15.107
-9999 -9999 -9999 -9999 -9999 -9999 14.784 -9999 -9999 -9999 14.469 14.369 14.218 -9999 -9999 -9999 -9999 -9999 14.572 14.432 14.089 14.803 14.534 14.362 14.244 13.983 14.11 14.094 12.515 12.548 13.535 13.615 13.566 13.426 12.959 13.064 14.222 14.354 14.756 14.796 14.176 14.437 14.554 14.979 15.0 15.084 14.808 14.523 14.558 14.352 14.552 14.66 14.649 14.736 14.891 14.987 15.114 15.135 15.155 15.11 15.197 15.346 15.1 15.095 15.068 15.045 14.87 14.806 14.685 14.525 14.633 14.923 15.046 15.146 15.144
-9999 -9999 -9999 -9999 -9999 -9999 -9999 -9999 14.601 14.475 14.381 14.536 14.333 -9999 -9999 -9999 -9999 -9999 -9999 -9999 -9999 15.198 15.081 15.023 15.08 14.681 14.3 12.727 12.209 12.388 12.851 13.359 13.517 13.565 13.674 13.675 14.041 14.718 14.855 14.056 14.329 14.495 15.271 15.203 15.094 15.035 14.473 14.494 14.413 14.518 14.733 14.865 14.884 14.911 14.953 15.037 14.99 15.043 15.118 15.217 15.231 15.27 15.098 15.035 14.891 14.777 14.906 14.696 14.627 14.685 14.824 15.022 15.299 15.312 15.317
-9999 -9999 -9999 -9999 -9999 -9999 -9999 -9999 -9999 14.488 -9999 -9999 -9999 -9999 -9999 -9999 -9999 -9999 -9999 14.636 14.907 15.022 15.016 15.39 15.448 15.145 14.335 13.418 12.541 12.53 13.17 14.041 13.884 13.554 13.783 14.078 14.819 15.184 14.974 14.704 14.834 15.234 -9999 15.263 15.115 14.79 14.166 14.179 14.413 14.607 14.833 14.887 14.953 14.906 14.922 14.917 15.016 15.04 15.138 15.182 15.22 15.089 14.941 14.764 14.566 14.58 14.639 14.971 14.858 14.856 15.059 15.108 15.303 15.482 15.462
-9999 -9999 -9999 -9999 -9999 -9999 -9999 -9999 -9999 -9999 -9999 -9999 -9999 -9999 -9999 -9999 -9999 -9999 -9999 14.812 14.992 15.26 15.298 -9999 -9999 -9999 15.089 13.923 13.962 13.768 14.234 14.222 13.738 13.954 14.639 14.928 15.116 15.438 15.4 15.479 15.492 -9999 15.402 15.075 15.032 14.488 14.115 14.403 14.546 14.754 14.818 14.797 14.892 14.932 14.911 14.912 14.803 14.818 14.934 14.913 14.989 15.044 14.811 14.419 14.475 14.542 14.757 15.044 15.183 15.077 15.266 15.465 15.554 15.743 15.818
-9999 -9999 -9999 -9999 -9999 -9999 -9999 -9999 -9999 -9999 -9999 -9999 -9999 -9999 -9999 -9999 -9999 -9999 -9999 -9999 -9999 -9999 -9999 -9999 -9999 -9999 15.765 15.084 14.433 14.513 14.743 14.701 14.54 14.829 15.155 15.298 15.399 15.55 15.685 -9999 -9999 15.687 15.356 15.139 14.978 14.491 14.301 14.476 14.602 14.829 14.993 14.809 14.844 14.899 14.675 14.48 14.432 14.387 14.3 14.471 14.533 14.691 14.752 14.575 14.52 14.772 14.753 15.004 15.334 15.343 15.445 15.57 15.758 15.888 15.995
-9999 -9999 -9999 -9999 -9999 -9999 -9999 -9999 -9999 -9999 -9999 -9999 -9999 -9999 -9999 -9999 -9999 -9999 -9999 -9999 -9999 -9999 -9999 -9999 -9999 -9999 15.629 15.3 15.019 14.954 14.831 14.84 15.02 15.199 15.399 15.585 -9999 -9999 -9999 -9999 -9999 15.685 15.309 15.201 15.01 14.559 14.352 14.462 14.521 14.834 15.055 14.856 14.547 14.596 14.332 14.168 14.137 14.279 14.293 14.227 14.43 14.475 14.815 14.983 14.875 15.117 15.11 15.169 15.387 15.516 15.74 15.967 15.912 15.84 15.993
-9999 -9999 -9999 -9999 -9999 -9999 -9999 -9999 -9999 -9999 -9999 -9999 -9999 -9999 -9999 -9999 -9999 -9999 -9999 -9999 -9999 -9999 -9999 -9999 -9999 -9999 -9999 -9999 15.29 14.885 14.921 15.049 15.024 15.269 15.644 -9999 -9999 -9999 -9999 15.455 15.238 15.088 15.391 15.324 15.058 14.442 14.345 14.312 14.404 14.702 14.888 14.582 14.169 13.982 14.092 14.062 14.221 14.263 14.532 14.53 14.521 14.727 14.835 15.14 15.336 15.294 15.266 15.244 15.286 15.315 15.62 15.967 16.076 15.928 15.887
-9999 -9999 -9999 -9999 -9999 -9999 -9999 -9999 -9999 -9999 -9999 -9999 -9999 -9999 -9999 -9999 -9999 -9999 -9999 -9999 -9999 -9999 -9999 -9999 -9999 -9999 -9999 -9999 -9999 15.412 15.335 15.236 15.201 15.567 -9999 -9999 -9999 -9999 15.407 15.279 14.988 14.942 15.047 15.18 15.095 14.822 14.808 14.405 14.455 14.606 14.466 14.36 14.185 13.842 13.94 14.161 14.417 14.569 14.671 14.767 14.714 14.717 14.902 15.128 15.219 15.162 14.982 15.081 15.202 15.216 15.363 15.73 15.955 16.0 15.998
-9999 -9999 -9999 -9999 -9999 -9999 -9999 -9999 -9999 -9999 -9999 -9999 -9999 -9999 -9999 -9999 -9999 -9999 -9999 -9999 -9999 -9999 -9999 -9999 -9999 -9999 -9999 -9999 -9999 -9999 -9999 -9999 -9999 -9999 -9999 -9999 -9999 15.459 15.372 15.294 14.985 14.805 15.094 15.082 14.882 15.009 14.79 14.644 14.865 14.735 14.552 14.431 14.382 14.281 14.092 14.208 14.395 14.303 14.478 14.532 14.587 14.633 14.714 14.958 15.065 14.942 14.801 14.764 15.017 15.175 15.27 15.412 15.629 15.684 15.758
-9999 -9999 -9999 -9999 -9999 -9999 -9999 -9999 -9999 -9999 -9999 -9999 -9999 -9999 -9999 -9999 -9999 -9999 -9999 -9999 -9999 -9999 -9999 -9999 -9999 -9999 -9999 -9999 -9999 -9999 -9999 -9999 -9999 -9999 -9999 -9999 15.833 15.569 15.134 14.803 13.926 14.53 15.003 14.863 14.818 14.786 14.684 14.933 14.981 14.958 14.804 14.641 14.768 14.558 14.318 14.058 14.205 14.32 14.005 14.22 14.36 14.556 14.748 14.909 15.029 14.988 14.912 14.957 14.895 14.972 15.151 15.243 15.274 15.258 15.077
-9999 -9999 -9999 -9999 -9999 -9999 -9999 -9999 -9999 -9999 -9999 -9999 -9999 -9999 -9999 -9999 -9999 -9999 -9999 -9999 -9999 -9999 -9999 -9999 -9999 -9999 -9999 -9999 -9999 -9999 -9999 -9999 -9999 -9999 -9999 -9999 15.76 15.45 15.277 14.643 14.288 14.143 14.382 14.598 14.699 14.551 14.83 14.884 14.889 14.609 14.41 14.385 14.617 14.711 14.531 14.427 14.236 14.314 14.385 14.306 14.423 14.526 14.732 14.958 15.09 15.115 14.986 14.963 14.941 14.857 14.967 15.015 14.754 14.708 14.67
-9999 -9999 -9999 -9999 -9999 -9999 -9999 -9999 -9999 -9999 -9999 -9999 -9999 -9999 -9999 -9999 -9999 -9999 -9999 -9999 -9999 -9999 -9999 13.601 13.361 12.877 13.107 -9999 13.932 -9999 -9999 -9999 -9999 -9999 -9999 -9999 -9999 15.518 15.332 15.079 14.833 14.591 14.334 14.323 14.408 14.677 14.734 14.735 14.432 14.254 14.477 14.491 14.598 14.627 14.606 14.711 14.784 14.791 14.691 14.727 14.614 14.498 14.425 14.667 14.962 15.019 14.917 14.893 14.822 14.78 14.926 14.901 14.636 14.555 14.761
-9999 -9999 -9999 -9999 -9999 -9999 -9999 -9999 -9999 -9999 -9999 -9999 -9999 -9999 -9999 -9999 -9999 -9999 -9999 -9999 14.506 14.316 13.975 13.438 12.755 12.458 12.673 12.925 13.658 14.688 15.315 -9999 -9999 14.93 15.367 15.513 15.591 15.503 15.375 15.381 15.222 14.99 14.685 14.376 14.469 14.642 14.605 14.193 14.381 14.561 14.451 14.642 14.766 14.837 14.772 14.797 14.9 14.955 15.077 14.986 14.812 14.611 14.569 14.461 14.57 14.79 14.851 14.911 15.036 14.825 14.924 14.514 14.428 14.552 14.766
-9999 -9999 -9999 -9999 -9999 -9999 -9999 -9999 -9999 -9999 -9999 -9999 -9999 -9999 -9999 -9999 -9999 -9999 -9999 14.387 14.474 14.538 14.348 13.697 12.771 12.376 12.554 12.893 13.41 13.989 14.59 14.751 14.656 14.701 14.776 15.317 15.425 15.463 15.306 15.152 15.283 15.087 14.604 14.538 14.6 14.508 14.018 14.374 14.271 14.381 14.567 14.751 14.934 14.928 14.746 14.839 14.88 15.029 15.068 15.086 14.951 14.783 14.531 14.35 14.554 14.767 14.844 14.566 14.745 14.979 14.909 14.953 14.586 14.728 14.82
-9999 -9999 -9999 -9999 -9999 -9999 -9999 -9999 -9999 -9999 -9999 -9999 -9999 -9999 -9999 -9999 -9999 -9999 -9999 14.353 14.803 15.115 14.763 13.868 13.371 13.001 12.727 13.097 13.572 14.14 13.963 13.818 14.25 14.526 14.767 14.741 15.228 15.419 15.271 15.283 15.054 14.853 14.895 14.847 14.709 14.368 14.392 14.382 14.243 14.485 14.59 14.762 14.87 14.853 14.69 14.643 15.008 15.105 15.14 15.178 15.17 15.06 14.82 14.436 14.335 14.732 14.839 14.696 14.533 14.806 15.001 15.045 15.074 15.031 14.795
-9999 -9999 -9999 -9999 -9999 -9999 -9999 -9999 -9999 -9999 -9999 -9999 -9999 -9999 -9999 -9999 -9999 -9999 -9999 14.656 15.18 14.949 14.763 14.273 14.251 13.88 13.862 13.832 14.004 14.166 13.758 13.926 14.58 14.84 14.97 15.214 15.434 15.474 15.386 15.118 14.878 14.947 14.907 14.809 14.625 14.666 14.633 14.63 14.587 14.581 14.459 14.543 14.813 15.032 14.975 14.978 15.097 15.073 15.142 15.302 15.07 14.964 14.955 14.544 14.167 14.579 14.916 14.845 14.814 14.904 14.993 15.064 15.027 14.965 14.886
-9999 -9999 -9999 -9999 -9999 -9999 -9999 -9999 -9999 -9999 -9999 -9999 -9999 -9999 -9999 14.647 14.223 -9999 14.405 14.953 14.685 14.506 14.577 14.717 14.577 14.475 14.102 13.874 14.022 14.255 14.253 14.467 14.772 15.073 15.196 15.222 15.248 15.323 15.391 15.179 15.058 14.959 14.844 14.545 14.79 14.782 14.704 14.527 14.387 14.41 14.262 14.371 14.679 15.023 15.083 15.11 15.161 15.298 15.178 15.181 15.129 14.801 14.936 14.783 14.666 14.708 15.061 15.073 14.96 14.925 14.953 15.013 15.097 15.151 15.122
-9999 -9999 -9999 -9999 -9999 -9999 -9999 -9999 -9999 -9999 -9999 -9999 -9999 -9999 -9999 14.408 14.039 14.168 14.371 14.494 14.388 14.584 14.31 14.27 14.396 14.021 13.996 13.962 14.07 14.362 14.303 14.415 14.667 14.393 14.265 14.614 15.004 15.341 15.406 15.16 14.963 14.79 14.683 14.61 14.833 14.709 14.78 14.616 14.352 14.304 14.449 14.519 14.777 14.918 15.001 15.073 15.366 15.439 15.479 15.46 15.326 15.084 14.992 14.842 14.645 14.709 14.513 14.787 15.004 15.015 15.052 15.034 15.097 15.253 15.322
-9999 -9999 -9999 -9999 -9999 -9999 -9999 -9999 -9999 -9999 -9999 -9999 -9999 -9999 14.692 14.172 14.082 14.058 14.119 14.272 14.402 14.384 14.266 14.394 14.39 14.137 14.135 14.056 14.301 14.525 14.77 14.845 14.46 13.872 14.07 14.305 14.61 15.188 15.202 15.088 15.045 14.868 14.762 14.71 14.767 14.836 14.894 14.708 14.412 14.662 14.705 14.797 14.855 14.925 14.936 14.945 15.346 15.765 15.906 15.722 15.688 15.453 15.34 15.232 15.048 14.972 14.722 14.535 14.681 14.425 14.809 14.616 14.701 15.244 15.553
-9999 -9999 -9999 -9999 -9999 -9999 -9999 -9999 -9999 -9999 -9999 -9999 -9999 -9999 -9999 14.472 14.184 14.105 14.275 14.387 14.508 14.508 14.503 14.496 14.449 14.37 14.309 14.546 14.71 14.912 14.837 14.9 14.31 14.04 14.129 14.045 14.515 14.914 14.857 14.896 14.938 14.81 14.64 14.708 14.736 14.747 14.69 14.515 14.84 14.741 14.814 14.867 14.909 14.893 14.895 15.041 15.278 15.701 15.953 -9999 15.739 15.706 15.485 15.52 15.506 15.452 15.301 15.087 15.073 14.842 14.658 14.792 14.735 15.002 15.395
-9999 -9999 -9999 -9999 -9999 -9999 -9999 -9999 -9999 -9999 -9999 -9999 -9999 -9999 14.628 14.636 14.238 14.126 14.207 14.254 14.439 14.553 14.53 14.48 14.348 14.451 14.68 14.829 14.863 14.885 14.942 14.745 14.584 14.596 14.469 14.283 14.835 14.993 14.44 14.582 14.54 14.052 14.242 14.205 14.202 14.375 14.414 14.599 14.805 14.966 14.947 14.972 14.911 14.891 14.878 15.0 15.223 15.472 15.789 15.945 -9999 15.942 -9999 15.992 -9999 15.723 -9999 15.498 15.508 15.387 15.096 15.078 15.317 15.669 -9999
-9999 -9999 -9999 -9999 -9999 -9999 -9999 -9999 -9999 -9999 -9999 -9999 -9999 -9999 14.704 14.349 14.031 14.11 14.128 14.113 14.045 14.278 14.167 14.151 14.259 14.52 14.769 14.906 15.025 15.05 14.963 14.881 14.707 14.607 14.386 14.71 15.132 14.538 14.548 14.897 14.498 14.302 14.239 14.107 14.324 14.603 14.612 14.808 14.957 14.966 15.138 15.101 14.971 14.915 14.933 15.023 15.252 15.421 15.713 15.928 -9999 -9999 16.26 16.347 -9999 -9999 15.774 15.733 15.752 -9999 -9999 -9999 -9999 -9999 -9999
-9999 -9999 -9999 -9999 -9999 -9999 -9999 -9999 -9999 -9999 -9999 -9999 -9999 14.423 14.314 14.136 14.075 14.346 14.416 14.159 14.148 13.974 13.511 13.441 13.893 14.206 14.427 14.644 15.009 15.087 14.8 14.861 14.66 14.278 14.328 14.734 14.75 14.874 15.429 15.201 14.786 14.415 14.197 14.579 14.883 14.79 14.853 14.898 15.058 15.303 15.428 15.201 15.268 15.182 15.244 15.254 15.371 -9999 -9999 -9999 15.936 -9999 -9999 -9999 -9999 -9999 -9999 15.807 -9999 -9999 -9999 -9999 -9999 -9999 -9999
-9999 -9999 -9999 -9999 -9999 -9999 -9999 -9999 -9999 -9999 -9999 -9999 14.661 13.948 13.78 13.975 14.462 14.646 14.601 14.451 14.205 13.413 12.502 12.75 13.755 13.959 13.942 14.634 14.691 14.996 15.047 14.822 14.948 15.019 15.19 -9999 -9999 -9999 -9999 -9999 15.378 14.89 14.63 14.811 14.993 15.032 14.935 15.044 15.191 15.413 -9999 15.282 -9999 -9999 -9999 -9999 -9999 15.456 15.531 15.573 15.526 15.606 15.952 -9999 -9999 -9999 -9999 -9999 -9999 -9999 -9999 -9999 -9999 -9999 -9999
-9999 -9999 -9999 -9999 -9999 -9999 -9999 -9999 -9999 -9999 -9999 15.301 14.316 13.507 13.504 13.943 14.255 14.546 14.717 14.303 13.801 12.78 12.18 12.541 13.161 13.575 14.312 14.15 14.792 15.059 15.132 15.394 -9999 -9999 -9999 -9999 -9999 -9999 -9999 -9999 -9999 -9999 15.434 15.418 15.501 15.144 14.848 14.775 15.081 14.886 15.213 -9999 -9999 -9999 -9999 -9999 -9999 -9999 15.669 15.499 15.602 15.623 -9999 -9999 -9999 -9999 -9999 -9999 -9999 -9999 -9999 -9999 -9999 -9999 -9999
-9999 -9999 -9999 -9999 -9999 -9999 -9999 -9999 -9999 15.253 15.413 14.891 14.061 13.457 13.221 13.38 14.007 14.64 14.452 14.075 13.64 12.976 12.413 12.844 13.32 13.905 14.088 15.027 14.684 14.829 -9999 -9999 -9999 -9999 -9999 -9999 -9999 -9999 -9999 -9999 -9999 -9999 -9999 15.929 -9999 -9999 -9999 -9999 -9999 15.277 15.048 -9999 -9999 -9999 -9999 -9999 -9999 -9999 -9999 -9999 15.645 15.637 -9999 -9999 -9999 -9999 -9999 -9999 -9999 -9999 -9999 -9999 -9999 -9999 -9999
-9999 -9999 -9999 -9999 -9999 -9999 -9999 -9999 15.161 -9999 14.942 14.721 14.084 13.513 13.257 13.357 13.973 14.252 14.123 14.467 14.314 13.45 13.015 13.206 13.905 14.23 14.707 15.108 15.232 15.552 -9999 -9999 -9999 -9999 -9999 -9999 -9999 -9999 -9999 -9999 -9999 -9999 -9999 -9999 15.787 -9999 -9999 -9999 -9999 -9999 -9999 -9999 -9999 -9999 -9999 -9999 -9999 -9999 -9999 -9999 -9999 -9999 -9999 -9999 -9999 -9999 -9999 -9999 -9999 -9999 -9999 -9999 -9999 -9999 -9999
-9999 -9999 -9999 -9999 -9999 -9999 -9999 15.203 15.178 14.557 14.763 14.728 14.255 14.023 13.792 13.825 14.162 14.139 14.345 -9999 14.557 13.866 13.269 12.867 13.474 14.501 14.858 15.304 15.492 -9999 -9999 -9999 -9999 -9999 -9999 -9999 -9999 -9999 -9999 -9999 -9999 -9999 -9999 -9999 -9999 -9999 -9999 -9999 -9999 -9999 -9999 -9999 -9999 -9999 -9999 -9999 -9999 -9999 -9999 -9999 -9999 -9999 -9999 -9999 -9999 -9999 -9999 -9999 -9999 -9999 -9999 -9999 -9999 -9999 -9999
-9999 -9999 -9999 -9999 -9999 -9999 -9999 15.22 14.855 14.522 14.417 14.429 14.324 14.259 14.07 14.325 14.545 14.595 15.058 15.019 14.864 14.332 13.337 13.08 13.957 14.436 14.991 15.217 15.197 -9999 -9999 -9999 -9999 -9999 -9999 -9999 -9999 -9999 -9999 -9999 -9999 -9999 -9999 -9999 -9999 -9999 -9999 -9999 -9999 -9999 -9999 -9999 -9999 -9999 -9999 -9999 -9999 -9999 -9999 -9999 -9999 -9999 -9999 -9999 -9999 -9999 -9999 -9999 -9999 -9999 -9999 -9999 -9999 -9999 -9999
-9999 -9999 -9999 -9999 -9999 -9999 15.191 15.01 14.535 14.099 14.082 14.297 14.378 14.425 14.484 14.673 14.509 14.942 15.216 15.2 14.92 14.619 14.117 14.053 14.424 14.862 15.026 14.954 -9999 -9999 -9999 -9999 -9999 -9999 -9999 -9999 -9999 -9999 -9999 -9999 -9999 -9999 -9999 -9999 -9999 -9999 -9999 -9999 -9999 -9999 -9999 -9999 -9999 -9999 -9999 -9999 -9999 -9999 -9999 -9999 -9999 -9999 -9999 -9999 -9999 -9999 -9999 -9999 -9999 -9999 -9999 -9999 -9999 -9999 -9999
