Validation/Results/ReClimate_07_2024_1weatherlogisticsltd.asc
NCOLS 192
NROWS 249
XLLCENTER -225160.85627316462
YLLCENTER 29788.11610251502
CELLSIZE 5000.0
NODATA_VALUE -9999
[rows 99 to 131 of 249, columns 74 to 147 of 192]
143.453 143.547 143.689 143.802 143.911 143.869 143.53 142.909 -9999 -9999 140.352 139.089 137.524 135.893 134.228 132.79 131.431 130.007 128.526 127.336 126.26 125.048 123.973 122.999 122.057 121.143 120.252 119.381 118.54 117.753 116.993 116.233 115.469 114.695 113.906 113.095 112.247 111.355 110.405 109.697 109.277 108.852 108.378 107.843 107.28 -9999 -9999 -9999 -9999 -9999 -9999 -9999 -9999 -9999 -9999 -9999 -9999 -9999 -9999 -9999 -9999 -9999 -9999 -9999 -9999 -9999 -9999 -9999 -9999 -9999 -9999 -9999 -9999 -9999
143.1 143.264 143.442 -9999 -9999 143.934 143.715 -9999 -9999 -9999 141.071 139.835 138.262 136.637 135.211 133.707 132.131 130.713 129.43 128.235 126.959 125.744 124.663 123.679 122.727 121.822 120.997 120.209 119.45 118.709 117.969 117.227 116.479 115.719 114.941 114.138 113.3 112.417 111.475 110.743 110.287 109.852 109.367 108.821 108.248 -9999 -9999 -9999 -9999 -9999 -9999 -9999 -9999 -9999 -9999 -9999 -9999 -9999 -9999 -9999 -9999 -9999 -9999 -9999 -9999 -9999 -9999 -9999 -9999 -9999 -9999 -9999 -9999 -9999
142.424 -9999 142.824 143.027 143.174 -9999 -9999 -9999 -9999 142.149 141.536 140.45 138.919 137.38 135.864 134.248 132.691 131.268 129.698 128.574 127.654 126.44 125.356 124.393 123.54 122.738 121.965 121.207 120.458 119.715 118.975 118.232 117.484 116.723 115.946 115.145 114.313 113.44 112.516 111.782 111.328 110.919 110.473 109.974 -9999 -9999 -9999 -9999 -9999 -9999 -9999 -9999 -9999 -9999 -9999 -9999 -9999 -9999 -9999 -9999 -9999 -9999 -9999 -9999 -9999 -9999 -9999 -9999 -9999 -9999 -9999 -9999 -9999 -9999
141.687 141.882 142.098 142.346 142.696 142.939 142.878 -9999 -9999 141.991 -9999 -9999 139.419 138.019 136.497 134.899 133.346 131.799 130.463 129.427 128.352 127.168 126.19 125.343 124.526 123.733 122.959 122.199 121.449 120.705 119.964 119.22 118.47 117.708 116.93 116.129 115.298 114.429 113.513 112.779 112.331 111.944 111.529 -9999 -9999 -9999 -9999 -9999 -9999 -9999 -9999 -9999 -9999 -9999 -9999 -9999 -9999 -9999 -9999 -9999 -9999 -9999 -9999 -9999 -9999 -9999 -9999 -9999 -9999 -9999 -9999 -9999 -9999 -9999
140.979 141.179 141.398 141.706 141.932 -9999 -9999 -9999 141.993 141.784 141.508 140.692 139.623 138.428 137.112 135.669 134.238 132.856 131.531 130.391 129.303 128.21 127.179 126.33 125.512 124.718 123.943 123.182 122.431 121.686 120.943 120.197 119.446 118.683 117.903 117.1 116.267 115.397 -9999 -9999 113.302 -9999 -9999 -9999 -9999 -9999 -9999 -9999 -9999 -9999 -9999 -9999 -9999 -9999 -9999 -9999 -9999 -9999 -9999 -9999 -9999 -9999 -9999 -9999 -9999 -9999 -9999 -9999 -9999 -9999 -9999 -9999 -9999 -9999
140.289 140.493 140.715 -9999 141.206 -9999 -9999 -9999 141.794 141.524 141.121 140.411 139.455 138.446 137.401 136.243 134.991 133.682 132.373 131.287 130.232 129.114 128.161 127.311 126.492 125.697 124.921 124.16 123.408 122.663 121.919 121.173 120.42 119.656 118.875 118.071 117.237 -9999 115.446 114.707 114.259 113.897 -9999 -9999 -9999 -9999 -9999 -9999 -9999 -9999 -9999 -9999 -9999 -9999 -9999 -9999 -9999 -9999 -9999 -9999 -9999 -9999 -9999 -9999 -9999 -9999 -9999 -9999 -9999 -9999 -9999 -9999 -9999 -9999
-9999 139.818 -9999 -9999 -9999 -9999 141.039 141.308 141.324 141.12 140.743 140.029 138.997 138.141 137.361 136.414 135.4 134.257 133.211 132.178 131.071 130.036 129.143 128.293 127.473 126.678 125.902 125.14 124.389 123.643 122.899 122.154 121.402 120.638 119.858 -9999 118.222 117.353 116.438 115.716 115.293 114.902 -9999 -9999 -9999 -9999 -9999 -9999 -9999 -9999 -9999 -9999 -9999 -9999 -9999 -9999 -9999 -9999 -9999 -9999 -9999 -9999 -9999 -9999 -9999 -9999 -9999 -9999 -9999 -9999 -9999 -9999 -9999 -9999
-9999 -9999 -9999 -9999 -9999 -9999 140.344 140.606 140.761 140.734 140.388 139.709 138.852 138.057 137.193 136.374 135.546 134.742 133.823 132.834 131.866 130.973 130.133 129.282 128.462 127.666 126.89 126.129 125.378 124.633 123.891 123.147 122.397 121.637 120.861 120.063 119.238 118.375 117.465 116.768 116.341 115.953 115.605 -9999 -9999 -9999 -9999 -9999 -9999 -9999 -9999 -9999 -9999 -9999 -9999 -9999 -9999 -9999 -9999 -9999 -9999 -9999 -9999 -9999 -9999 -9999 -9999 -9999 -9999 -9999 -9999 -9999 -9999 -9999
-9999 -9999 -9999 -9999 -9999 139.401 -9999 -9999 140.153 140.212 140.065 139.5 138.656 -9999 -9999 136.218 135.801 135.031 134.124 133.331 132.5 131.67 130.875 130.101 129.344 128.597 127.858 127.122 126.383 125.64 124.9 124.159 123.407 122.651 121.911 121.074 120.175 119.292 118.404 117.772 117.358 116.979 116.622 116.351 -9999 -9999 -9999 -9999 -9999 -9999 -9999 -9999 -9999 -9999 -9999 -9999 -9999 -9999 -9999 -9999 -9999 -9999 -9999 -9999 -9999 -9999 -9999 -9999 -9999 -9999 -9999 -9999 -9999 -9999
-9999 -9999 -9999 -9999 -9999 138.713 -9999 139.22 139.467 139.661 139.694 139.24 138.425 137.578 136.838 136.284 135.548 134.861 134.252 133.683 133.046 132.258 131.506 130.77 130.043 129.323 128.606 127.887 127.164 126.44 125.712 124.975 124.221 123.471 122.66 121.833 121.015 120.149 119.333 118.78 118.384 118.011 117.653 -9999 -9999 -9999 -9999 -9999 -9999 -9999 -9999 -9999 -9999 -9999 -9999 -9999 -9999 -9999 -9999 -9999 -9999 -9999 -9999 -9999 -9999 -9999 -9999 -9999 -9999 -9999 -9999 -9999 -9999 -9999
-9999 -9999 -9999 -9999 -9999 138.024 -9999 138.529 138.778 139.031 139.179 138.952 -9999 137.512 136.896 -9999 135.678 135.12 134.595 134.086 133.479 132.839 132.104 131.384 130.672 129.966 129.263 128.56 127.855 127.147 126.431 125.707 124.971 124.196 123.402 122.641 121.851 121.012 120.272 -9999 -9999 -9999 -9999 -9999 -9999 -9999 -9999 -9999 -9999 -9999 -9999 -9999 -9999 -9999 -9999 -9999 -9999 -9999 -9999 -9999 -9999 -9999 -9999 -9999 -9999 -9999 -9999 -9999 -9999 -9999 -9999 -9999 -9999 -9999
-9999 -9999 -9999 136.83 137.084 -9999 -9999 137.831 138.091 138.341 138.592 138.509 138.096 137.486 136.911 -9999 135.832 135.318 134.815 134.322 133.849 133.326 132.705 131.999 131.302 130.609 129.92 129.231 128.541 127.847 127.148 126.442 125.724 124.977 124.235 123.485 122.694 121.878 -9999 -9999 -9999 -9999 -9999 -9999 -9999 -9999 -9999 -9999 -9999 -9999 -9999 -9999 -9999 -9999 -9999 -9999 -9999 -9999 -9999 -9999 -9999 -9999 -9999 -9999 -9999 -9999 -9999 -9999 -9999 -9999 -9999 -9999 -9999 -9999
-9999 -9999 135.847 136.115 136.373 -9999 136.878 137.138 137.403 137.66 -9999 138.031 137.869 137.48 136.939 -9999 135.933 135.458 134.994 134.553 134.16 133.744 133.245 132.619 131.933 131.255 130.578 129.903 129.228 -9999 127.869 127.18 126.482 125.772 125.05 124.307 123.544 -9999 -9999 -9999 -9999 -9999 -9999 -9999 -9999 -9999 -9999 -9999 -9999 -9999 -9999 -9999 -9999 -9999 -9999 -9999 -9999 -9999 -9999 -9999 -9999 -9999 -9999 -9999 -9999 -9999 -9999 -9999 -9999 -9999 -9999 -9999 -9999 -9999
-9999 -9999 135.131 135.393 -9999 -9999 136.178 136.447 136.708 -9999 137.254 137.511 137.584 137.33 136.992 -9999 136.054 135.615 135.192 134.804 134.456 134.112 133.713 133.222 132.573 131.904 131.24 130.579 129.919 129.258 128.594 -9999 -9999 126.56 125.858 -9999 -9999 -9999 -9999 -9999 -9999 122.34 121.934 121.607 -9999 -9999 -9999 -9999 -9999 -9999 -9999 -9999 -9999 -9999 -9999 -9999 -9999 -9999 -9999 -9999 -9999 -9999 -9999 -9999 -9999 -9999 -9999 -9999 -9999 -9999 -9999 -9999 -9999 -9999
-9999 134.093 134.375 -9999 -9999 135.194 135.462 135.737 136.009 -9999 136.61 137.007 137.193 137.097 136.892 -9999 -9999 -9999 135.412 135.08 134.767 134.456 134.141 133.729 133.217 132.56 131.908 131.26 130.616 129.972 129.327 128.677 128.022 127.356 126.679 -9999 -9999 -9999 -9999 -9999 123.992 123.527 123.2 122.881 122.648 -9999 -9999 -9999 -9999 -9999 -9999 -9999 -9999 -9999 -9999 -9999 -9999 -9999 -9999 -9999 -9999 -9999 -9999 -9999 -9999 -9999 -9999 -9999 -9999 -9999 -9999 -9999 -9999 -9999
133.03 133.312 133.59 -9999 -9999 -9999 134.727 135.014 135.306 -9999 136.02 -9999 136.734 136.777 136.701 -9999 136.333 135.989 135.658 -9999 135.093 134.815 134.526 134.213 133.784 133.222 132.583 131.95 131.322 130.696 130.07 129.448 128.843 128.243 127.633 127.031 126.484 126.098 -9999 125.518 125.178 124.893 124.647 124.51 124.443 124.392 124.341 -9999 -9999 -9999 -9999 -9999 -9999 -9999 -9999 -9999 -9999 -9999 -9999 -9999 -9999 -9999 -9999 -9999 -9999 -9999 -9999 -9999 -9999 -9999 -9999 -9999 -9999 -9999
132.194 132.485 -9999 -9999 -9999 -9999 133.973 134.275 134.578 -9999 135.433 -9999 136.282 136.452 -9999 136.388 136.267 136.129 135.93 135.675 135.434 135.188 134.921 134.648 134.325 133.892 133.27 132.652 132.041 131.448 130.883 130.33 129.781 129.227 128.665 128.089 127.596 127.314 127.053 126.808 126.61 126.451 126.39 126.375 126.363 126.353 126.343 126.361 126.719 127.454 -9999 -9999 -9999 -9999 -9999 -9999 -9999 -9999 -9999 -9999 -9999 -9999 -9999 -9999 -9999 -9999 -9999 -9999 -9999 -9999 -9999 -9999 -9999 -9999
-9999 131.613 -9999 -9999 -9999 -9999 133.196 133.514 133.852 134.318 -9999 -9999 135.814 136.09 -9999 136.124 136.121 136.1 136.057 135.976 135.78 135.56 135.315 135.071 134.835 134.469 133.974 133.384 132.83 132.299 131.776 131.258 130.74 130.22 129.692 129.177 128.832 128.59 128.352 128.095 127.807 127.843 128.14 128.162 128.195 128.239 128.295 128.385 128.481 128.608 129.186 -9999 -9999 -9999 -9999 -9999 -9999 -9999 -9999 -9999 -9999 -9999 -9999 -9999 -9999 -9999 -9999 -9999 -9999 -9999 -9999 -9999 -9999 -9999
130.398 -9999 -9999 -9999 -9999 -9999 132.393 132.728 133.132 133.68 -9999 -9999 135.296 135.668 -9999 -9999 135.919 135.982 136.039 136.032 136.012 135.92 135.712 135.506 135.306 135.073 134.731 134.2 133.681 133.175 132.678 132.188 131.702 131.214 130.72 130.305 130.076 129.867 129.725 129.613 129.602 129.778 129.82 129.877 129.951 130.044 130.159 130.298 130.418 130.419 130.314 -9999 -9999 -9999 -9999 -9999 -9999 -9999 -9999 -9999 -9999 -9999 -9999 -9999 -9999 -9999 -9999 -9999 -9999 -9999 -9999 -9999 -9999 -9999
129.435 -9999 -9999 -9999 -9999 -9999 131.556 131.925 132.419 -9999 -9999 -9999 -9999 135.279 -9999 135.65 135.744 135.835 135.919 135.994 136.053 136.04 136.017 135.959 135.821 135.709 135.452 135.042 134.543 134.06 133.589 133.127 132.67 132.214 131.784 131.521 131.333 131.237 131.254 131.28 131.318 131.37 131.439 131.528 131.64 131.778 131.901 131.931 131.903 131.857 131.799 131.697 -9999 -9999 -9999 -9999 -9999 -9999 -9999 -9999 -9999 -9999 -9999 -9999 -9999 -9999 -9999 -9999 -9999 -9999 -9999 -9999 -9999 -9999
128.309 -9999 -9999 -9999 129.962 130.321 130.684 131.111 -9999 -9999 132.961 -9999 -9999 -9999 -9999 135.448 135.578 135.698 135.807 135.906 135.993 136.067 136.135 136.169 136.214 136.258 136.198 135.907 135.425 134.963 134.516 134.08 133.652 133.239 132.931 132.756 132.684 132.707 132.738 132.78 132.836 132.91 133.004 133.097 133.138 133.179 133.172 133.169 133.169 133.171 133.173 133.191 -9999 -9999 -9999 -9999 -9999 -9999 -9999 -9999 -9999 -9999 -9999 -9999 -9999 -9999 -9999 -9999 -9999 -9999 -9999 -9999 -9999 -9999
-9999 -9999 -9999 -9999 -9999 129.391 129.769 130.269 -9999 131.64 132.289 132.916 -9999 -9999 -9999 -9999 135.422 135.57 135.706 135.831 135.944 136.054 136.18 136.309 136.433 136.554 136.62 136.509 136.183 135.811 135.441 135.054 134.655 134.318 134.149 134.081 134.106 134.139 134.175 134.195 134.206 134.222 134.248 134.249 134.25 134.26 134.277 134.303 134.338 134.382 134.437 134.565 134.53 -9999 -9999 -9999 -9999 -9999 -9999 -9999 -9999 -9999 -9999 -9999 -9999 -9999 -9999 -9999 -9999 -9999 -9999 -9999 -9999 -9999
-9999 -9999 -9999 -9999 -9999 128.386 128.815 129.407 -9999 130.881 131.58 132.257 -9999 -9999 -9999 -9999 -9999 135.472 135.618 135.77 135.919 136.091 136.259 136.419 136.575 136.656 136.604 136.676 136.7 136.374 136.045 135.707 135.399 135.236 135.166 135.19 135.21 135.227 135.231 135.225 135.218 135.214 135.214 135.223 135.24 135.268 135.307 135.359 135.425 135.505 135.608 135.772 135.868 135.876 -9999 -9999 -9999 -9999 -9999 -9999 -9999 -9999 -9999 -9999 -9999 -9999 -9999 -9999 -9999 -9999 -9999 -9999 -9999 -9999
-9999 -9999 -9999 -9999 -9999 126.881 127.691 -9999 -9999 130.103 130.834 131.564 132.234 -9999 -9999 -9999 -9999 -9999 135.544 135.734 135.948 136.158 136.356 136.546 136.733 136.806 136.964 137.192 137.119 136.815 136.515 136.24 136.075 136.0 136.039 136.068 136.088 136.098 136.102 136.102 136.102 136.105 136.116 136.136 136.167 136.212 136.271 136.347 136.44 136.553 136.696 136.878 137.015 137.089 137.194 137.266 -9999 -9999 -9999 -9999 -9999 -9999 -9999 -9999 -9999 -9999 -9999 -9999 -9999 -9999 -9999 -9999 -9999 -9999
-9999 -9999 -9999 -9999 -9999 125.458 126.377 -9999 -9999 129.192 130.059 130.904 -9999 -9999 -9999 -9999 -9999 -9999 135.495 135.752 136.005 136.244 136.471 136.707 136.964 137.119 137.204 137.409 137.413 137.144 136.91 136.773 136.751 136.791 136.839 136.878 136.904 136.92 136.927 136.931 136.935 136.945 136.964 136.995 137.039 137.1 137.178 137.276 137.395 137.538 137.697 137.781 137.876 137.952 138.044 138.152 -9999 -9999 -9999 -9999 -9999 -9999 -9999 -9999 -9999 -9999 -9999 -9999 -9999 -9999 -9999 -9999 -9999 -9999
-9999 -9999 -9999 -9999 -9999 124.036 124.906 -9999 -9999 -9999 129.347 130.264 131.042 -9999 -9999 -9999 -9999 -9999 135.45 135.8 136.083 136.351 136.608 136.856 137.039 137.277 137.69 137.956 137.966 137.751 137.482 137.435 137.482 137.547 137.605 137.652 137.684 137.703 137.711 137.716 137.723 137.738 137.765 137.806 137.863 137.939 138.036 138.154 138.298 138.444 138.514 138.544 138.586 138.648 138.726 138.821 -9999 -9999 -9999 -9999 -9999 -9999 -9999 -9999 -9999 -9999 -9999 -9999 -9999 -9999 -9999 -9999 -9999 -9999
-9999 -9999 -9999 -9999 121.672 122.471 123.426 -9999 -9999 -9999 -9999 -9999 -9999 -9999 -9999 -9999 -9999 -9999 135.273 135.845 136.184 136.481 136.766 137.012 137.288 137.66 137.984 138.233 138.285 138.212 138.142 138.106 138.128 138.229 138.339 138.395 138.432 138.451 138.457 138.46 138.469 138.489 138.523 138.574 138.645 138.736 138.85 138.989 139.127 139.163 139.167 139.18 139.213 139.262 139.328 139.41 138.69 -9999 -9999 -9999 -9999 -9999 -9999 -9999 -9999 -9999 -9999 -9999 -9999 -9999 -9999 -9999 -9999 -9999
-9999 -9999 -9999 119.511 120.19 120.914 121.905 -9999 -9999 -9999 -9999 -9999 -9999 -9999 -9999 -9999 133.23 134.121 135.019 135.708 136.284 136.636 136.95 137.257 137.56 137.875 138.173 138.501 138.839 138.884 138.769 138.778 138.854 138.959 139.043 139.109 139.151 139.166 139.165 139.166 139.176 139.2 139.243 139.305 139.389 139.496 139.628 139.757 139.774 139.761 139.751 139.752 139.773 139.811 139.865 139.934 139.365 -9999 -9999 -9999 -9999 -9999 -9999 -9999 -9999 -9999 -9999 -9999 -9999 -9999 -9999 -9999 -9999 -9999
-9999 -9999 -9999 117.91 118.612 119.471 -9999 -9999 -9999 -9999 -9999 -9999 -9999 -9999 -9999 -9999 132.796 133.767 134.665 135.49 136.18 136.753 137.085 137.355 137.557 137.96 138.567 139.042 139.378 139.438 139.404 139.463 139.538 139.625 139.714 139.795 139.843 139.847 139.835 139.832 139.845 139.877 139.929 140.003 140.101 140.224 140.347 140.359 140.327 140.304 140.279 140.273 140.281 140.308 140.35 140.409 139.934 -9999 -9999 -9999 -9999 -9999 -9999 -9999 -9999 -9999 -9999 -9999 -9999 -9999 -9999 -9999 -9999 -9999
-9999 -9999 -9999 -9999 -9999 -9999 -9999 -9999 -9999 -9999 -9999 -9999 -9999 -9999 -9999 -9999 132.416 133.397 134.303 135.163 135.986 136.666 137.276 137.73 138.285 138.803 139.088 139.551 139.921 140.041 140.05 140.102 140.17 140.25 140.343 140.44 140.5 140.479 140.46 140.46 140.48 140.522 140.586 140.674 140.788 140.907 140.929 140.874 140.836 140.795 140.761 140.743 140.745 140.762 140.794 140.842 140.422 -9999 -9999 -9999 -9999 -9999 -9999 -9999 -9999 -9999 -9999 -9999 -9999 -9999 -9999 -9999 -9999 -9999
-9999 -9999 -9999 -9999 -9999 -9999 -9999 -9999 -9999 -9999 -9999 -9999 -9999 -9999 -9999 130.576 131.977 132.983 133.93 134.828 135.685 136.518 137.297 138.121 138.78 139.162 139.634 140.109 140.503 140.666 140.685 140.721 140.774 140.842 140.923 141.009 141.042 141.043 141.042 141.055 141.088 141.143 141.221 141.324 141.444 141.496 141.415 141.357 141.307 141.247 141.206 141.181 141.174 141.182 141.205 141.243 140.856 -9999 -9999 -9999 -9999 -9999 -9999 -9999 -9999 -9999 -9999 -9999 -9999 -9999 -9999 -9999 -9999 -9999
-9999 -9999 -9999 -9999 -9999 -9999 -9999 -9999 -9999 -9999 -9999 -9999 -9999 -9999 -9999 129.958 131.494 132.55 133.542 134.498 135.459 136.403 137.33 138.198 138.962 139.668 140.222 140.705 141.125 141.321 141.316 141.332 141.364 141.412 141.469 141.524 141.558 141.578 141.597 141.628 141.676 141.746 141.839 141.958 142.044 141.958 141.875 141.81 141.736 141.669 141.621 141.59 141.574 141.575 141.59 141.618 141.241 -9999 -9999 -9999 -9999 -9999 -9999 -9999 -9999 -9999 -9999 -9999 -9999 -9999 -9999 -9999 -9999 -9999
-9999 -9999 -9999 -9999 -9999 -9999 -9999 -9999 -9999 -9999 -9999 -9999 -9999 -9999 127.619 129.439 130.947 132.206 133.316 134.389 135.411 136.389 137.321 138.224 139.1 139.893 140.636 141.32 141.795 141.987 141.955 141.945 141.954 141.978 142.012 142.048 142.08 142.11 142.145 142.191 142.255 142.34 142.448 142.555 142.512 142.401 142.315 142.233 142.139 142.065 142.011 141.973 141.952 141.946 141.9 141.763 141.317 140.765 -9999 -9999 -9999 -9999 -9999 -9999 -9999 -9999 -9999 -9999 -9999 -9999 -9999 -9999 -9999 -9999
