Validation/Results/ReClimate_08_2024_2_Precipitation-Actualsweatherlogisticsltd.asc
NCOLS 192
NROWS 249
XLLCENTER -225160.85627316462
YLLCENTER 29788.11610251502
CELLSIZE 5000.0
NODATA_VALUE -9999
[rows 99 to 131 of 249, columns 74 to 147 of 192]
276.584 277.094 287.113 286.892 289.569 301.312 319.057 347.05 -9999 -9999 254.748 361.618 399.372 437.751 419.57 443.065 437.083 382.298 370.7 341.604 331.121 326.202 301.689 263.404 244.36 239.313 212.667 205.856 193.354 187.744 179.834 171.505 167.868 169.362 159.842 150.981 137.019 122.003 125.557 140.765 135.311 127.828 130.106 133.886 124.295 -9999 -9999 -9999 -9999 -9999 -9999 -9999 -9999 -9999 -9999 -9999 -9999 -9999 -9999 -9999 -9999 -9999 -9999 -9999 -9999 -9999 -9999 -9999 -9999 -9999 -9999 -9999 -9999 -9999
247.689 288.9 279.575 -9999 -9999 271.583 303.017 -9999 -9999 -9999 241.67 337.058 447.479 449.032 477.59 430.962 384.892 380.027 417.94 401.247 357.989 346.153 299.078 286.192 287.417 251.87 210.872 237.669 257.054 234.889 201.06 181.478 167.612 156.093 130.85 126.421 122.153 127.92 148.941 151.485 152.811 150.061 148.857 134.089 119.556 -9999 -9999 -9999 -9999 -9999 -9999 -9999 -9999 -9999 -9999 -9999 -9999 -9999 -9999 -9999 -9999 -9999 -9999 -9999 -9999 -9999 -9999 -9999 -9999 -9999 -9999 -9999 -9999 -9999
245.753 -9999 288.975 293.244 311.417 -9999 -9999 -9999 -9999 271.562 272.017 362.498 410.38 424.857 431.754 408.552 405.885 447.301 483.05 429.087 421.194 337.091 309.309 312.731 269.082 221.375 255.395 302.14 289.494 233.314 214.905 191.678 169.619 141.825 128.77 125.715 135.59 156.882 140.765 147.889 150.682 148.975 138.481 121.597 -9999 -9999 -9999 -9999 -9999 -9999 -9999 -9999 -9999 -9999 -9999 -9999 -9999 -9999 -9999 -9999 -9999 -9999 -9999 -9999 -9999 -9999 -9999 -9999 -9999 -9999 -9999 -9999 -9999 -9999
259.088 328.212 383.492 434.179 454.31 350.712 292.375 -9999 -9999 261.881 -9999 -9999 320.5 424.525 415.252 374.286 411.87 475.35 448.633 479.787 444.564 359.707 310.883 271.05 285.552 291.816 324.484 309.351 279.637 276.044 242.761 189.359 155.172 137.61 131.817 137.312 157.981 131.995 128.111 136.795 131.928 125.688 120.942 -9999 -9999 -9999 -9999 -9999 -9999 -9999 -9999 -9999 -9999 -9999 -9999 -9999 -9999 -9999 -9999 -9999 -9999 -9999 -9999 -9999 -9999 -9999 -9999 -9999 -9999 -9999 -9999 -9999 -9999 -9999
288.628 326.141 386.686 467.858 415.416 -9999 -9999 -9999 268.896 291.894 304.336 322.127 348.124 364.832 333.383 338.55 403.423 430.326 427.435 402.174 366.631 338.85 312.512 317.509 277.091 305.827 285.643 279.295 276.837 236.385 208.844 174.753 150.439 139.816 130.805 135.399 122.628 112.901 -9999 -9999 117.086 -9999 -9999 -9999 -9999 -9999 -9999 -9999 -9999 -9999 -9999 -9999 -9999 -9999 -9999 -9999 -9999 -9999 -9999 -9999 -9999 -9999 -9999 -9999 -9999 -9999 -9999 -9999 -9999 -9999 -9999 -9999 -9999 -9999
277.011 313.052 374.794 -9999 362.777 -9999 -9999 -9999 281.99 321.478 342.86 337.65 325.645 341.155 357.246 402.109 445.353 428.679 408.361 396.848 399.545 356.548 320.503 276.998 289.979 295.346 257.109 224.618 194.148 185.884 168.493 151.822 142.693 131.551 121.645 119.841 109.276 -9999 122.522 113.735 109.439 120.072 -9999 -9999 -9999 -9999 -9999 -9999 -9999 -9999 -9999 -9999 -9999 -9999 -9999 -9999 -9999 -9999 -9999 -9999 -9999 -9999 -9999 -9999 -9999 -9999 -9999 -9999 -9999 -9999 -9999 -9999 -9999 -9999
-9999 276.567 -9999 -9999 -9999 -9999 290.469 291.094 315.306 332.681 345.651 337.687 354.164 387.225 390.493 415.478 420.372 456.925 424.131 423.296 381.688 373.244 315.115 330.723 348.719 290.383 257.59 230.292 200.019 170.612 155.603 135.802 129.012 129.505 125.76 -9999 125.133 123.728 113.588 113.202 110.841 123.748 -9999 -9999 -9999 -9999 -9999 -9999 -9999 -9999 -9999 -9999 -9999 -9999 -9999 -9999 -9999 -9999 -9999 -9999 -9999 -9999 -9999 -9999 -9999 -9999 -9999 -9999 -9999 -9999 -9999 -9999 -9999 -9999
-9999 -9999 -9999 -9999 -9999 -9999 294.734 263.31 280.139 323.373 343.76 330.23 364.465 340.698 339.266 373.676 463.179 460.334 415.579 407.035 397.882 334.803 324.3 356.028 326.216 321.391 306.491 242.254 211.51 184.68 160.442 159.077 164.288 161.781 163.909 152.12 129.378 123.662 129.348 137.966 131.41 131.225 125.194 -9999 -9999 -9999 -9999 -9999 -9999 -9999 -9999 -9999 -9999 -9999 -9999 -9999 -9999 -9999 -9999 -9999 -9999 -9999 -9999 -9999 -9999 -9999 -9999 -9999 -9999 -9999 -9999 -9999 -9999 -9999
-9999 -9999 -9999 -9999 -9999 284.291 -9999 -9999 285.349 329.242 327.662 349.573 342.552 -9999 -9999 405.354 483.301 496.34 405.032 379.244 354.49 320.271 309.078 299.248 264.601 265.325 219.496 205.637 200.229 201.195 223.838 230.479 203.473 188.93 169.609 158.473 150.635 134.482 145.766 134.856 146.815 142.397 128.513 111.032 -9999 -9999 -9999 -9999 -9999 -9999 -9999 -9999 -9999 -9999 -9999 -9999 -9999 -9999 -9999 -9999 -9999 -9999 -9999 -9999 -9999 -9999 -9999 -9999 -9999 -9999 -9999 -9999 -9999 -9999
-9999 -9999 -9999 -9999 -9999 268.295 -9999 259.587 280.896 304.206 336.236 345.459 325.743 323.086 370.488 424.354 443.073 373.383 373.605 400.404 327.286 295.183 289.839 261.134 227.437 199.881 177.412 182.961 211.209 271.05 277.587 236.745 204.268 173.366 161.873 157.993 147.485 142.312 131.07 124.542 120.935 125.043 114.467 -9999 -9999 -9999 -9999 -9999 -9999 -9999 -9999 -9999 -9999 -9999 -9999 -9999 -9999 -9999 -9999 -9999 -9999 -9999 -9999 -9999 -9999 -9999 -9999 -9999 -9999 -9999 -9999 -9999 -9999 -9999
-9999 -9999 -9999 -9999 -9999 252.301 -9999 236.822 237.902 280.794 300.814 299.781 -9999 359.213 368.138 -9999 376.764 362.189 376.116 326.927 333.468 288.223 252.98 212.899 189.913 172.743 177.289 169.407 204.386 196.585 184.343 186.583 188.674 177.034 155.634 148.071 141.335 130.903 121.33 -9999 -9999 -9999 -9999 -9999 -9999 -9999 -9999 -9999 -9999 -9999 -9999 -9999 -9999 -9999 -9999 -9999 -9999 -9999 -9999 -9999 -9999 -9999 -9999 -9999 -9999 -9999 -9999 -9999 -9999 -9999 -9999 -9999 -9999 -9999
-9999 -9999 -9999 227.483 237.879 -9999 -9999 215.276 252.496 279.338 278.084 295.87 354.8 344.745 377.623 -9999 307.223 333.832 317.099 299.626 281.745 266.113 221.869 218.407 219.57 212.206 203.978 171.651 157.524 147.731 154.757 160.668 168.02 170.145 156.292 154.302 143.591 127.51 -9999 -9999 -9999 -9999 -9999 -9999 -9999 -9999 -9999 -9999 -9999 -9999 -9999 -9999 -9999 -9999 -9999 -9999 -9999 -9999 -9999 -9999 -9999 -9999 -9999 -9999 -9999 -9999 -9999 -9999 -9999 -9999 -9999 -9999 -9999 -9999
-9999 -9999 197.753 212.656 226.284 -9999 228.223 251.952 275.409 269.436 -9999 327.308 330.134 358.466 372.878 -9999 296.125 307.173 274.377 232.31 235.641 214.904 210.807 229.553 237.877 248.471 217.741 192.94 164.488 -9999 130.065 138.407 148.006 152.28 149.584 151.487 137.269 -9999 -9999 -9999 -9999 -9999 -9999 -9999 -9999 -9999 -9999 -9999 -9999 -9999 -9999 -9999 -9999 -9999 -9999 -9999 -9999 -9999 -9999 -9999 -9999 -9999 -9999 -9999 -9999 -9999 -9999 -9999 -9999 -9999 -9999 -9999 -9999 -9999
-9999 -9999 182.94 198.229 -9999 -9999 248.724 279.343 274.502 -9999 291.507 317.56 333.232 354.324 344.287 -9999 266.203 241.069 227.882 225.979 226.155 220.171 223.928 279.326 287.265 280.449 259.206 199.622 160.929 133.031 130.53 -9999 -9999 127.195 121.881 -9999 -9999 -9999 -9999 -9999 -9999 103.224 104.155 112.225 -9999 -9999 -9999 -9999 -9999 -9999 -9999 -9999 -9999 -9999 -9999 -9999 -9999 -9999 -9999 -9999 -9999 -9999 -9999 -9999 -9999 -9999 -9999 -9999 -9999 -9999 -9999 -9999 -9999 -9999
-9999 185.659 195.592 -9999 -9999 231.302 251.374 251.706 277.105 -9999 278.997 304.919 306.101 309.254 326.761 -9999 -9999 -9999 239.98 230.034 223.502 224.816 239.233 242.762 233.38 234.944 211.402 182.892 163.259 151.873 140.343 128.924 127.588 123.927 111.349 -9999 -9999 -9999 -9999 -9999 104.7 102.633 106.139 106.255 103.464 -9999 -9999 -9999 -9999 -9999 -9999 -9999 -9999 -9999 -9999 -9999 -9999 -9999 -9999 -9999 -9999 -9999 -9999 -9999 -9999 -9999 -9999 -9999 -9999 -9999 -9999 -9999 -9999 -9999
211.989 196.467 207.396 -9999 -9999 -9999 207.239 252.686 258.759 -9999 245.588 -9999 262.517 287.667 274.047 -9999 240.017 257.244 253.685 -9999 201.648 189.768 196.799 192.562 192.494 196.256 191.606 180.038 168.596 162.577 149.072 147.885 144.601 124.774 113.219 107.845 111.132 110.95 -9999 103.878 104.107 102.522 103.34 118.111 123.093 131.821 98.985 -9999 -9999 -9999 -9999 -9999 -9999 -9999 -9999 -9999 -9999 -9999 -9999 -9999 -9999 -9999 -9999 -9999 -9999 -9999 -9999 -9999 -9999 -9999 -9999 -9999 -9999 -9999
207.692 227.169 -9999 -9999 -9999 -9999 225.937 257.283 229.562 -9999 216.971 -9999 234.291 233.096 -9999 256.815 276.086 299.942 271.67 224.645 184.837 168.973 164.967 162.53 170.543 167.977 167.374 169.381 165.7 163.337 152.922 150.029 131.028 134.428 131.268 126.278 132.108 117.779 115.919 111.886 105.932 103.503 114.493 140.683 147.332 152.881 140.46 126.809 113.669 123.968 -9999 -9999 -9999 -9999 -9999 -9999 -9999 -9999 -9999 -9999 -9999 -9999 -9999 -9999 -9999 -9999 -9999 -9999 -9999 -9999 -9999 -9999 -9999 -9999
-9999 225.833 -9999 -9999 -9999 -9999 223.525 221.843 231.211 237.129 -9999 -9999 196.669 208.394 -9999 236.581 284.949 325.602 282.277 231.677 191.685 175.909 160.25 156.478 147.701 144.447 152.399 161.098 171.609 171.194 165.181 143.003 162.896 158.595 152.672 162.399 144.688 120.098 107.046 117.842 116.557 129.858 162.646 170.154 163.745 162.646 153.384 159.771 164.887 128.942 120.825 -9999 -9999 -9999 -9999 -9999 -9999 -9999 -9999 -9999 -9999 -9999 -9999 -9999 -9999 -9999 -9999 -9999 -9999 -9999 -9999 -9999 -9999 -9999
232.451 -9999 -9999 -9999 -9999 -9999 201.644 213.898 238.271 218.569 -9999 -9999 197.956 196.096 -9999 -9999 279.109 283.992 257.095 226.677 218.937 202.213 184.879 167.059 164.162 146.766 147.456 163.712 171.785 180.512 177.121 188.831 178.092 175.907 179.575 160.838 138.582 128.147 130.952 138.252 144.29 164.793 177.063 181.898 169.331 154.612 148.857 138.015 140.656 125.087 120.575 -9999 -9999 -9999 -9999 -9999 -9999 -9999 -9999 -9999 -9999 -9999 -9999 -9999 -9999 -9999 -9999 -9999 -9999 -9999 -9999 -9999 -9999 -9999
215.059 -9999 -9999 -9999 -9999 -9999 187.678 212.539 232.711 -9999 -9999 -9999 -9999 188.549 -9999 197.893 242.928 253.499 231.863 227.004 227.812 222.115 209.116 200.89 182.306 162.967 151.673 146.116 158.861 168.341 183.038 181.893 178.829 177.546 162.513 152.244 148.516 146.668 166.178 159.203 151.832 157.406 154.572 151.056 153.138 150.21 138.784 118.84 105.191 120.898 123.318 115.997 -9999 -9999 -9999 -9999 -9999 -9999 -9999 -9999 -9999 -9999 -9999 -9999 -9999 -9999 -9999 -9999 -9999 -9999 -9999 -9999 -9999 -9999
198.6 -9999 -9999 -9999 195.957 191.603 196.838 217.477 -9999 -9999 261.461 -9999 -9999 -9999 -9999 188.541 217.198 219.482 211.246 208.757 210.04 225.646 223.405 220.73 207.215 182.051 164.438 145.081 137.717 155.357 157.109 151.937 161.835 150.357 157.805 172.498 164.627 192.05 200.658 181.491 168.619 156.068 132.334 141.713 140.261 145.104 136.63 111.063 110.256 119.217 115.515 110.604 -9999 -9999 -9999 -9999 -9999 -9999 -9999 -9999 -9999 -9999 -9999 -9999 -9999 -9999 -9999 -9999 -9999 -9999 -9999 -9999 -9999 -9999
-9999 -9999 -9999 -9999 -9999 202.791 210.504 233.996 -9999 247.175 281.213 302.635 -9999 -9999 -9999 -9999 177.118 178.058 181.08 185.76 195.773 203.621 215.443 215.392 208.51 185.901 163.083 144.959 149.632 138.382 141.659 156.912 160.947 159.349 176.465 161.789 182.263 182.811 187.291 189.823 179.432 151.095 142.374 135.329 124.316 124.046 125.033 110.722 109.265 118.237 122.291 115.669 115.142 -9999 -9999 -9999 -9999 -9999 -9999 -9999 -9999 -9999 -9999 -9999 -9999 -9999 -9999 -9999 -9999 -9999 -9999 -9999 -9999 -9999
-9999 -9999 -9999 -9999 -9999 215.207 231.922 250.561 -9999 213.38 272.467 307.922 -9999 -9999 -9999 -9999 -9999 154.998 160.978 168.512 177.733 190.711 196.97 204.893 205.73 213.224 197.869 179.527 153.597 148.609 150.958 154.032 146.931 155.348 170.509 171.157 166.885 174.054 170.981 153.9 146.12 134.645 141.309 125.944 120.452 121.16 109.677 106.794 105.577 112.164 119.214 130.925 121.111 117.279 -9999 -9999 -9999 -9999 -9999 -9999 -9999 -9999 -9999 -9999 -9999 -9999 -9999 -9999 -9999 -9999 -9999 -9999 -9999 -9999
-9999 -9999 -9999 -9999 -9999 224.527 250.851 -9999 -9999 190.014 244.05 283.006 238.297 -9999 -9999 -9999 -9999 -9999 147.36 163.562 177.463 183.266 207.852 222.288 229.703 231.266 214.16 194.374 174.433 174.758 165.482 162.062 169.668 191.933 192.757 219.303 190.387 194.025 165.641 183.151 160.126 142.092 135.024 122.5 115.562 112.845 116.44 121.768 129.188 114.101 121.68 122.989 138.32 124.105 119.602 111.905 -9999 -9999 -9999 -9999 -9999 -9999 -9999 -9999 -9999 -9999 -9999 -9999 -9999 -9999 -9999 -9999 -9999 -9999
-9999 -9999 -9999 -9999 -9999 243.298 217.044 -9999 -9999 199.571 234.5 242.355 -9999 -9999 -9999 -9999 -9999 -9999 144.471 157.568 163.859 176.241 192.806 199.627 213.147 217.421 216.052 213.749 196.844 186.927 192.505 208.835 235.532 218.631 240.292 251.779 234.861 188.508 194.185 177.536 143.039 143.276 133.376 121.829 122.973 124.979 121.665 130.033 138.598 157.533 154.685 139.091 138.812 141.033 128.147 119.753 -9999 -9999 -9999 -9999 -9999 -9999 -9999 -9999 -9999 -9999 -9999 -9999 -9999 -9999 -9999 -9999 -9999 -9999
-9999 -9999 -9999 -9999 -9999 232.266 182.568 -9999 -9999 -9999 199.211 204.071 190.259 -9999 -9999 -9999 -9999 -9999 141.734 151.965 157.701 165.6 173.754 189.803 218.406 241.25 253.703 232.411 213.407 200.784 200.016 215.707 230.09 235.736 277.563 262.338 229.063 223.947 204.566 170.291 166.614 145.262 143.401 139.182 124.697 129.528 139.3 150.387 168.294 201.31 193.703 169.033 146.408 143.863 140.022 128.177 -9999 -9999 -9999 -9999 -9999 -9999 -9999 -9999 -9999 -9999 -9999 -9999 -9999 -9999 -9999 -9999 -9999 -9999
-9999 -9999 -9999 -9999 254.433 214.899 183.985 -9999 -9999 -9999 -9999 -9999 -9999 -9999 -9999 -9999 -9999 -9999 158.012 167.672 170.024 169.952 177.188 192.461 220.463 241.923 258.796 246.304 234.145 241.371 232.359 248.539 264.747 292.703 302.309 298.412 290.334 251.882 213.92 199.757 170.468 159.589 141.786 132.809 140.722 136.65 157.024 175.073 211.755 217.413 214.778 167.513 137.401 134.564 132.494 127.582 110.753 -9999 -9999 -9999 -9999 -9999 -9999 -9999 -9999 -9999 -9999 -9999 -9999 -9999 -9999 -9999 -9999 -9999
-9999 -9999 -9999 258.192 250.417 218.849 191.722 -9999 -9999 -9999 -9999 -9999 -9999 -9999 -9999 -9999 167.87 163.713 172.259 189.225 203.678 208.598 212.937 229.867 233.627 241.836 239.191 254.883 271.738 270.146 280.762 276.731 269.373 273.091 308.875 295.458 286.567 248.611 217.905 191.351 167.788 149.997 159.753 163.912 136.362 141.048 163.078 196.811 198.845 215.511 212.093 169.563 130.592 124.279 136.938 130.939 118.601 -9999 -9999 -9999 -9999 -9999 -9999 -9999 -9999 -9999 -9999 -9999 -9999 -9999 -9999 -9999 -9999 -9999
-9999 -9999 -9999 247.46 208.087 179.837 -9999 -9999 -9999 -9999 -9999 -9999 -9999 -9999 -9999 -9999 170.328 167.793 182.434 207.517 222.106 227.915 264.483 289.272 284.235 274.293 268.922 248.046 257.625 286.318 294.537 274.846 252.355 252.766 270.078 299.676 277.971 256.195 224.965 204.368 175.089 175.987 178.96 157.742 157.424 181.267 204.851 203.717 194.295 184.439 164.367 152.527 151.882 155.918 142.982 136.984 118.152 -9999 -9999 -9999 -9999 -9999 -9999 -9999 -9999 -9999 -9999 -9999 -9999 -9999 -9999 -9999 -9999 -9999
-9999 -9999 -9999 -9999 -9999 -9999 -9999 -9999 -9999 -9999 -9999 -9999 -9999 -9999 -9999 -9999 176.903 180.868 207.414 225.288 246.381 255.041 297.632 323.022 346.826 310.254 263.95 248.575 261.226 282.265 319.893 296.354 245.329 246.254 271.899 292.493 281.924 261.228 255.695 230.841 232.513 228.054 210.706 212.418 221.568 229.99 196.024 184.021 178.877 168.987 169.626 142.523 135.245 143.639 141.526 129.534 119.2 -9999 -9999 -9999 -9999 -9999 -9999 -9999 -9999 -9999 -9999 -9999 -9999 -9999 -9999 -9999 -9999 -9999
-9999 -9999 -9999 -9999 -9999 -9999 -9999 -9999 -9999 -9999 -9999 -9999 -9999 -9999 -9999 188.268 207.495 227.173 233.41 262.236 262.805 272.137 288.848 333.818 324.486 296.512 263.07 246.312 221.769 238.728 260.205 268.395 253.124 234.169 251.971 268.047 268.377 265.383 265.967 272.291 243.867 242.844 232.707 226.868 252.275 215.11 214.572 193.504 161.552 174.081 170.867 163.393 138.598 131.7 127.117 121.987 120.24 -9999 -9999 -9999 -9999 -9999 -9999 -9999 -9999 -9999 -9999 -9999 -9999 -9999 -9999 -9999 -9999 -9999
-9999 -9999 -9999 -9999 -9999 -9999 -9999 -9999 -9999 -9999 -9999 -9999 -9999 -9999 -9999 212.92 234.435 254.481 289.471 297.183 292.435 290.0 319.309 293.781 286.132 265.535 252.511 233.796 200.402 208.123 244.707 261.963 253.153 215.062 225.45 236.667 242.188 257.799 280.091 236.681 257.341 246.967 229.858 257.942 220.366 222.58 209.149 174.773 173.456 164.213 154.999 162.486 149.806 137.846 133.772 121.543 116.069 -9999 -9999 -9999 -9999 -9999 -9999 -9999 -9999 -9999 -9999 -9999 -9999 -9999 -9999 -9999 -9999 -9999
-9999 -9999 -9999 -9999 -9999 -9999 -9999 -9999 -9999 -9999 -9999 -9999 -9999 -9999 204.374 232.036 249.272 290.859 301.603 317.949 342.214 353.063 338.43 284.476 257.832 249.336 250.949 240.266 213.607 214.567 236.938 239.728 203.686 194.804 218.522 230.506 240.658 270.596 243.11 242.259 261.238 239.125 253.397 240.285 214.01 211.152 180.385 184.503 176.615 161.965 160.077 150.269 138.513 133.456 134.578 123.239 115.194 113.419 -9999 -9999 -9999 -9999 -9999 -9999 -9999 -9999 -9999 -9999 -9999 -9999 -9999 -9999 -9999 -9999
