Validation/Results/ReClimate_06_2024_1_Temperature-Actualsweatherlogisticsltd.asc
NCOLS 192
NROWS 249
XLLCENTER -225160.85627316462
YLLCENTER 29788.11610251502
CELLSIZE 5000.0
NODATA_VALUE -9999
[rows 136 to 169 of 249, columns 75 to 149 of 192]
14.777 -9999 -9999 -9999 -9999 -9999 -9999 -9999 -9999 -9999 14.445 -9999 14.645 14.275 14.39 14.487 14.813 14.98 14.917 14.585 13.434 13.785 13.996 14.167 14.815 14.768 14.567 14.734 14.331 14.194 -9999 -9999 -9999 -9999 -9999 -9999 15.618 15.709 15.673 15.493 15.455 15.358 14.851 14.613 14.941 15.015 15.106 15.639 15.375 15.26 15.782 16.146 16.468 16.412 16.736 16.925 16.946 16.671 16.607 -9999 -9999 -9999 -9999 -9999 -9999 -9999 -9999 -9999 -9999 -9999 -9999 -9999 -9999 -9999 -9999
14.203 15.584 -9999 -9999 -9999 -9999 -9999 -9999 -9999 -9999 14.485 14.546 14.717 14.838 14.594 14.595 14.745 14.872 15.083 14.661 14.198 13.569 13.876 14.24 14.827 14.615 14.46 14.8 14.408 14.793 -9999 -9999 -9999 -9999 15.419 15.545 15.626 15.708 15.786 15.772 15.634 14.913 14.154 14.283 14.611 14.325 15.172 15.121 14.931 15.609 15.572 15.939 16.604 16.69 16.251 16.644 16.927 16.651 16.74 -9999 -9999 -9999 -9999 -9999 -9999 -9999 -9999 -9999 -9999 -9999 -9999 -9999 -9999 -9999 -9999
15.146 15.119 15.23 -9999 -9999 -9999 -9999 -9999 -9999 -9999 14.37 14.635 14.625 -9999 -9999 14.612 14.637 14.831 14.937 -9999 14.816 14.61 14.597 14.662 14.881 14.453 14.701 14.958 -9999 -9999 -9999 -9999 -9999 15.264 15.437 15.542 15.617 15.615 15.65 15.723 15.369 14.673 13.608 13.488 14.184 13.992 14.726 14.277 14.694 15.18 15.147 15.861 16.04 16.192 16.226 16.491 16.787 16.643 16.707 -9999 -9999 -9999 -9999 -9999 -9999 -9999 -9999 -9999 -9999 -9999 -9999 -9999 -9999 -9999 -9999
14.787 14.495 15.165 -9999 -9999 -9999 -9999 -9999 -9999 -9999 -9999 14.53 14.786 -9999 -9999 -9999 14.811 14.694 14.848 14.96 -9999 -9999 14.827 14.858 14.832 14.331 14.33 -9999 -9999 -9999 -9999 -9999 14.979 15.157 15.385 15.507 15.498 15.426 15.536 15.301 15.163 14.898 13.848 13.68 13.042 13.881 13.503 13.496 14.147 14.666 14.638 15.063 15.793 15.944 15.931 16.456 16.802 16.511 16.386 -9999 -9999 -9999 -9999 -9999 -9999 -9999 -9999 -9999 -9999 -9999 -9999 -9999 -9999 -9999 -9999
14.796 15.547 -9999 -9999 -9999 -9999 -9999 -9999 -9999 -9999 -9999 -9999 14.628 -9999 -9999 -9999 -9999 14.797 14.552 14.607 -9999 -9999 -9999 14.812 14.88 -9999 -9999 -9999 -9999 -9999 -9999 -9999 15.023 15.305 15.316 15.08 14.839 14.987 15.164 15.186 15.46 15.182 14.463 13.383 13.351 13.5 12.749 13.116 13.687 14.39 14.336 14.558 15.275 15.833 16.228 16.556 16.734 16.432 16.341 -9999 -9999 -9999 -9999 -9999 -9999 -9999 -9999 -9999 -9999 -9999 -9999 -9999 -9999 -9999 -9999
16.06 -9999 -9999 -9999 -9999 -9999 -9999 -9999 -9999 -9999 -9999 -9999 14.186 -9999 -9999 -9999 -9999 -9999 14.67 14.491 -9999 -9999 -9999 -9999 -9999 -9999 -9999 -9999 -9999 -9999 -9999 -9999 15.168 14.904 14.643 14.41 14.229 14.521 14.825 15.137 15.368 15.214 14.756 13.626 12.551 12.061 12.593 13.226 14.487 14.81 15.0 15.332 15.475 15.517 16.118 16.601 16.6 16.37 16.4 16.718 -9999 -9999 -9999 -9999 -9999 -9999 -9999 -9999 -9999 -9999 -9999 -9999 -9999 -9999 -9999
-9999 15.937 15.573 15.383 15.675 -9999 -9999 -9999 -9999 -9999 -9999 -9999 14.066 -9999 -9999 -9999 -9999 -9999 -9999 -9999 -9999 -9999 -9999 -9999 -9999 -9999 -9999 -9999 -9999 -9999 -9999 15.082 14.874 14.875 14.892 14.492 13.485 14.167 14.48 14.678 15.185 15.164 15.409 13.896 12.256 11.858 12.987 13.727 13.203 13.264 14.218 14.924 15.986 16.111 16.131 16.287 16.368 16.474 16.539 16.846 17.235 -9999 -9999 -9999 -9999 -9999 -9999 -9999 -9999 -9999 -9999 -9999 -9999 -9999 -9999
16.373 15.747 15.626 15.743 15.709 -9999 -9999 -9999 -9999 -9999 -9999 -9999 -9999 -9999 -9999 -9999 -9999 -9999 -9999 -9999 -9999 -9999 -9999 -9999 -9999 -9999 -9999 -9999 -9999 -9999 15.122 15.092 14.839 14.898 14.697 14.145 12.125 12.988 14.448 14.877 15.127 15.602 15.403 14.755 13.267 12.121 12.926 13.242 13.613 14.029 14.138 14.694 15.394 16.247 16.418 16.526 16.495 16.545 16.758 17.174 17.521 -9999 -9999 -9999 -9999 -9999 -9999 -9999 -9999 -9999 -9999 -9999 -9999 -9999 -9999
15.864 15.89 16.029 -9999 15.87 15.744 -9999 -9999 -9999 -9999 -9999 -9999 -9999 -9999 -9999 -9999 -9999 -9999 -9999 -9999 -9999 -9999 -9999 -9999 -9999 -9999 -9999 -9999 -9999 -9999 14.539 14.67 14.899 13.795 13.459 13.745 14.012 13.779 13.813 14.538 14.914 15.179 15.493 15.403 14.377 13.73 12.697 13.504 14.066 14.424 14.765 15.321 15.783 16.086 16.198 16.5 16.547 16.64 16.772 17.207 17.712 17.809 17.619 -9999 -9999 -9999 -9999 -9999 -9999 -9999 -9999 -9999 -9999 -9999 -9999
15.583 15.814 15.992 -9999 -9999 15.718 -9999 -9999 -9999 -9999 -9999 -9999 -9999 -9999 -9999 -9999 -9999 -9999 -9999 -9999 -9999 -9999 -9999 -9999 -9999 -9999 -9999 -9999 -9999 -9999 14.655 14.685 14.195 13.183 14.6 14.626 13.651 13.177 14.141 14.275 14.07 15.034 14.963 15.483 15.604 14.703 14.19 13.825 14.222 14.616 15.234 15.532 15.9 16.231 16.565 16.629 16.806 16.677 16.899 17.212 17.583 17.27 17.22 17.099 17.22 16.778 -9999 -9999 -9999 -9999 -9999 -9999 -9999 -9999 -9999
15.583 15.617 15.882 16.047 -9999 15.674 -9999 -9999 -9999 -9999 -9999 -9999 -9999 -9999 -9999 -9999 -9999 -9999 -9999 -9999 -9999 -9999 -9999 -9999 -9999 -9999 -9999 -9999 -9999 15.297 14.772 14.471 13.452 12.788 12.669 13.538 13.91 14.013 13.81 13.299 14.477 13.766 14.595 15.169 15.511 15.428 15.286 14.805 14.176 14.53 15.123 15.502 15.763 16.092 16.502 16.882 16.94 16.944 17.064 17.292 17.419 17.309 16.444 16.424 16.493 16.463 16.75 16.471 -9999 -9999 -9999 -9999 -9999 -9999 -9999
15.594 15.816 15.977 -9999 15.764 -9999 -9999 -9999 -9999 -9999 -9999 -9999 -9999 -9999 -9999 -9999 -9999 -9999 -9999 -9999 -9999 -9999 -9999 -9999 -9999 -9999 -9999 -9999 -9999 -9999 15.232 14.554 13.291 13.02 13.407 11.811 12.913 14.137 13.65 14.264 13.089 13.471 14.514 15.02 15.105 15.328 15.077 13.336 13.769 14.004 14.024 14.422 15.338 15.801 16.288 16.802 17.037 17.074 17.186 17.403 17.515 17.384 16.778 16.467 16.748 16.732 16.548 16.505 16.461 -9999 -9999 -9999 -9999 -9999 -9999
15.695 16.005 16.09 15.903 15.525 -9999 -9999 -9999 -9999 -9999 -9999 -9999 -9999 -9999 -9999 -9999 -9999 -9999 -9999 -9999 -9999 -9999 -9999 -9999 -9999 -9999 -9999 -9999 -9999 -9999 -9999 15.085 14.654 14.761 13.095 13.024 13.685 14.989 15.352 13.91 13.938 14.464 14.716 14.441 14.559 15.006 14.014 13.709 13.584 13.073 13.619 14.408 14.768 15.632 16.206 16.798 17.076 17.12 17.23 17.387 16.703 16.487 15.955 15.383 15.761 16.161 16.697 16.513 16.45 16.844 -9999 -9999 -9999 -9999 -9999
15.763 16.102 16.089 15.659 -9999 -9999 -9999 -9999 -9999 -9999 -9999 -9999 -9999 -9999 -9999 -9999 -9999 -9999 -9999 -9999 -9999 -9999 -9999 -9999 -9999 -9999 -9999 -9999 -9999 -9999 -9999 15.551 15.331 15.0 14.148 13.379 13.212 15.098 14.623 14.981 15.385 15.433 15.132 14.591 13.575 14.673 13.927 13.273 13.814 14.756 15.001 15.001 15.263 15.625 16.452 17.007 17.215 17.248 17.105 16.706 16.346 15.941 16.173 15.998 15.916 15.828 15.976 16.32 16.383 16.649 17.352 -9999 -9999 -9999 -9999
15.727 15.748 15.633 15.547 -9999 -9999 -9999 -9999 -9999 -9999 -9999 -9999 -9999 -9999 -9999 -9999 -9999 -9999 -9999 -9999 -9999 -9999 -9999 -9999 -9999 -9999 -9999 -9999 -9999 -9999 -9999 -9999 14.751 14.393 14.264 13.643 14.814 14.755 15.327 15.692 15.884 15.749 15.411 14.793 14.951 13.493 13.928 14.224 14.237 14.777 14.906 14.833 15.727 16.029 16.673 17.069 17.346 17.385 17.077 16.644 16.414 16.251 16.141 16.197 16.258 16.19 16.144 16.244 16.625 16.766 17.157 -9999 -9999 -9999 -9999
-9999 -9999 -9999 -9999 -9999 -9999 -9999 -9999 -9999 -9999 -9999 -9999 -9999 -9999 -9999 -9999 -9999 -9999 -9999 -9999 -9999 -9999 -9999 -9999 -9999 -9999 -9999 -9999 -9999 -9999 -9999 -9999 15.533 13.966 14.698 15.618 15.223 15.559 15.638 16.119 16.173 15.623 15.568 15.571 13.548 14.271 13.983 13.997 13.976 15.008 15.165 15.442 15.71 16.298 16.644 17.134 17.389 17.476 17.342 16.629 16.17 16.323 16.54 16.569 16.664 16.632 16.646 16.422 16.378 16.894 16.908 17.439 -9999 -9999 -9999
-9999 -9999 -9999 -9999 -9999 -9999 -9999 -9999 -9999 -9999 -9999 -9999 -9999 -9999 -9999 -9999 -9999 -9999 -9999 -9999 -9999 -9999 -9999 -9999 -9999 -9999 -9999 -9999 -9999 -9999 -9999 -9999 -9999 15.35 16.077 15.882 15.639 15.831 15.767 16.242 16.195 15.866 15.869 15.005 14.034 13.565 13.605 13.262 13.932 14.074 14.506 15.161 15.298 15.858 16.551 17.064 17.367 17.373 17.33 17.194 16.181 16.047 16.728 17.204 17.184 17.25 17.29 17.295 17.17 17.337 17.524 17.349 -9999 -9999 -9999
-9999 -9999 -9999 -9999 -9999 -9999 -9999 -9999 -9999 -9999 -9999 -9999 -9999 -9999 -9999 -9999 -9999 -9999 -9999 -9999 -9999 -9999 -9999 -9999 -9999 -9999 -9999 -9999 -9999 -9999 -9999 -9999 -9999 15.735 -9999 15.874 16.224 15.907 15.903 -9999 16.252 15.961 15.885 15.147 14.01 14.024 14.033 13.552 13.99 14.025 13.432 14.44 14.948 15.376 15.974 16.826 17.272 17.345 17.329 17.334 17.202 16.741 17.053 17.411 17.418 17.315 17.402 17.529 17.602 17.64 17.269 16.966 16.987 -9999 -9999
-9999 -9999 -9999 -9999 -9999 -9999 -9999 -9999 -9999 -9999 -9999 -9999 -9999 -9999 -9999 -9999 -9999 -9999 -9999 -9999 -9999 -9999 -9999 -9999 -9999 -9999 -9999 -9999 -9999 -9999 -9999 -9999 -9999 -9999 16.214 16.089 -9999 -9999 -9999 -9999 16.425 16.252 16.342 15.76 15.338 14.373 14.269 14.12 14.03 14.915 14.531 13.951 14.907 15.243 15.962 16.607 17.187 17.418 17.496 17.5 17.467 17.275 17.059 17.262 17.231 17.23 17.396 17.425 17.238 17.26 17.465 17.228 16.994 16.848 16.917
-9999 -9999 -9999 -9999 -9999 -9999 -9999 -9999 -9999 -9999 -9999 -9999 -9999 -9999 -9999 -9999 -9999 -9999 -9999 -9999 -9999 -9999 -9999 -9999 -9999 -9999 -9999 -9999 -9999 -9999 -9999 -9999 -9999 -9999 16.112 16.229 -9999 -9999 -9999 -9999 16.534 16.223 16.532 16.154 15.395 15.631 15.491 14.619 14.575 14.844 15.127 14.092 14.833 15.28 15.719 16.393 17.129 17.493 17.622 17.698 17.679 17.604 17.441 17.31 17.32 17.331 17.369 17.246 17.017 16.859 16.997 17.234 17.349 17.291 17.237
-9999 -9999 -9999 -9999 -9999 -9999 -9999 -9999 -9999 -9999 -9999 -9999 -9999 -9999 -9999 -9999 -9999 -9999 -9999 -9999 -9999 -9999 -9999 -9999 -9999 -9999 -9999 -9999 -9999 -9999 -9999 -9999 -9999 -9999 16.182 -9999 -9999 -9999 -9999 16.66 16.335 16.097 15.474 15.173 15.276 15.386 15.537 14.973 14.518 15.202 15.291 15.284 14.834 15.497 15.887 16.415 16.894 17.382 17.537 17.71 17.824 17.843 17.815 17.728 17.694 17.439 16.961 16.933 16.946 17.067 17.21 17.404 17.544 17.562 -9999
-9999 -9999 -9999 -9999 -9999 -9999 -9999 -9999 -9999 -9999 -9999 -9999 -9999 -9999 -9999 -9999 -9999 -9999 -9999 -9999 -9999 -9999 -9999 -9999 -9999 -9999 -9999 -9999 -9999 -9999 -9999 -9999 -9999 -9999 -9999 -9999 -9999 -9999 -9999 16.369 15.942 15.085 14.327 14.082 14.741 15.506 15.511 15.744 15.675 15.863 15.756 15.629 15.422 15.533 16.084 16.487 16.81 17.209 17.483 17.684 17.889 18.037 18.087 17.998 17.878 17.728 16.915 16.466 17.079 17.361 17.626 17.701 17.735 17.629 -9999
-9999 -9999 -9999 -9999 -9999 -9999 -9999 -9999 -9999 -9999 -9999 -9999 -9999 -9999 -9999 -9999 -9999 -9999 -9999 -9999 -9999 -9999 -9999 -9999 -9999 -9999 -9999 -9999 -9999 -9999 -9999 -9999 -9999 -9999 -9999 -9999 -9999 -9999 -9999 16.224 15.932 15.27 14.505 14.614 15.265 15.497 15.943 15.986 16.007 16.089 16.087 16.377 15.916 15.934 16.077 16.419 16.748 17.149 17.526 17.663 17.851 18.149 18.173 18.08 17.96 17.866 17.458 16.808 17.051 17.515 17.723 17.85 17.815 17.699 -9999
-9999 -9999 -9999 -9999 -9999 -9999 -9999 -9999 -9999 -9999 -9999 -9999 -9999 -9999 -9999 -9999 -9999 -9999 -9999 -9999 -9999 -9999 -9999 -9999 -9999 -9999 -9999 -9999 -9999 -9999 -9999 -9999 -9999 -9999 -9999 -9999 -9999 -9999 16.321 16.252 15.903 15.089 14.597 14.414 15.217 15.352 16.293 16.023 16.083 15.822 15.908 15.867 16.706 16.702 16.906 16.896 17.186 17.164 17.416 17.63 17.697 17.845 18.145 18.062 17.976 17.875 17.808 17.342 17.239 17.523 17.753 17.866 17.879 17.762 17.649
-9999 -9999 -9999 -9999 -9999 -9999 -9999 -9999 -9999 -9999 -9999 -9999 -9999 -9999 -9999 -9999 -9999 -9999 -9999 -9999 -9999 -9999 -9999 -9999 -9999 -9999 -9999 -9999 -9999 -9999 -9999 -9999 -9999 -9999 -9999 -9999 -9999 -9999 16.432 16.434 16.203 15.766 15.033 15.843 15.777 16.459 15.919 15.497 15.625 15.303 15.553 16.267 16.143 16.733 16.817 16.873 17.004 17.247 17.3 17.512 17.691 17.772 17.899 17.964 17.879 17.851 17.857 17.783 17.414 17.469 17.721 17.883 17.969 17.884 17.729
-9999 -9999 -9999 -9999 -9999 -9999 -9999 -9999 -9999 -9999 -9999 -9999 -9999 -9999 -9999 -9999 -9999 -9999 -9999 -9999 -9999 -9999 -9999 -9999 -9999 -9999 -9999 -9999 -9999 -9999 -9999 -9999 -9999 -9999 -9999 -9999 -9999 16.444 16.517 16.509 16.644 16.182 16.191 16.14 16.469 16.449 15.829 15.82 15.555 15.155 15.476 16.046 17.025 16.744 17.294 17.34 17.271 17.132 17.294 17.447 17.663 17.722 17.759 17.84 17.822 17.815 17.852 17.837 17.645 17.392 17.663 18.074 18.241 18.128 17.932
-9999 -9999 -9999 -9999 -9999 -9999 -9999 -9999 -9999 -9999 -9999 -9999 -9999 -9999 -9999 -9999 -9999 -9999 -9999 -9999 -9999 -9999 -9999 -9999 -9999 -9999 -9999 -9999 -9999 -9999 -9999 -9999 -9999 -9999 -9999 -9999 -9999 16.527 16.37 16.502 16.602 16.506 16.424 16.457 16.331 16.137 16.352 16.14 15.422 14.416 14.889 15.488 16.39 17.066 17.096 17.616 17.812 17.585 17.32 17.487 17.662 17.753 17.765 17.83 17.85 17.853 17.878 17.9 17.715 17.475 17.779 18.343 18.55 18.454 18.163
-9999 -9999 -9999 -9999 -9999 -9999 -9999 -9999 -9999 -9999 -9999 -9999 -9999 -9999 -9999 -9999 -9999 -9999 -9999 -9999 -9999 -9999 -9999 -9999 -9999 -9999 -9999 -9999 -9999 -9999 -9999 -9999 -9999 -9999 -9999 -9999 -9999 16.47 16.489 16.632 16.736 16.705 16.648 16.36 16.174 16.149 15.84 15.274 14.525 14.567 15.008 15.474 16.208 16.915 16.983 17.118 17.673 17.952 17.831 17.708 17.792 17.815 17.822 17.891 17.915 17.915 17.939 17.944 17.974 17.833 17.971 18.459 18.661 18.532 18.321
-9999 -9999 -9999 -9999 -9999 -9999 -9999 -9999 -9999 -9999 -9999 -9999 -9999 -9999 -9999 -9999 -9999 -9999 -9999 -9999 -9999 -9999 -9999 -9999 -9999 -9999 -9999 -9999 -9999 -9999 -9999 -9999 -9999 -9999 -9999 -9999 -9999 -9999 16.554 16.655 16.751 16.718 16.277 15.834 15.653 15.597 15.613 15.436 14.991 15.285 15.423 16.082 17.069 17.31 17.356 17.147 17.618 17.938 17.81 17.752 17.854 17.863 17.871 17.94 17.988 17.983 17.971 17.975 17.967 18.06 18.13 -9999 18.488 -9999 18.299
-9999 -9999 -9999 -9999 -9999 -9999 -9999 -9999 -9999 -9999 -9999 -9999 -9999 -9999 -9999 -9999 -9999 -9999 -9999 -9999 -9999 -9999 -9999 -9999 -9999 -9999 -9999 -9999 -9999 -9999 -9999 -9999 -9999 -9999 -9999 -9999 -9999 16.552 16.586 16.659 16.742 16.58 15.97 15.196 15.193 15.49 15.156 15.175 15.47 15.218 15.013 15.702 16.613 17.59 17.397 17.454 17.841 17.935 17.75 17.737 17.798 17.895 17.927 17.982 18.018 18.021 18.002 17.808 17.834 17.97 17.881 17.915 18.115 18.2 -9999
-9999 -9999 -9999 -9999 -9999 -9999 -9999 -9999 -9999 -9999 -9999 -9999 -9999 -9999 -9999 -9999 -9999 -9999 -9999 -9999 -9999 -9999 -9999 -9999 -9999 -9999 -9999 -9999 -9999 -9999 -9999 -9999 -9999 -9999 -9999 -9999 -9999 16.585 16.617 16.66 16.586 16.273 15.998 15.579 15.378 15.72 15.791 15.973 16.202 15.612 15.227 15.744 16.505 16.942 16.914 17.06 17.447 17.66 17.505 17.541 17.75 17.895 18.03 18.065 18.068 18.047 18.057 18.065 17.832 17.946 17.965 17.742 17.875 18.063 18.2
-9999 -9999 -9999 -9999 -9999 -9999 -9999 -9999 -9999 -9999 -9999 -9999 -9999 -9999 -9999 -9999 -9999 -9999 -9999 -9999 -9999 -9999 -9999 -9999 -9999 -9999 -9999 -9999 -9999 -9999 -9999 -9999 -9999 -9999 -9999 -9999 16.534 16.59 16.511 16.414 16.34 16.49 16.475 15.997 16.277 16.466 16.598 16.772 16.627 15.916 14.985 14.849 15.646 16.248 16.201 16.701 17.31 17.492 17.623 17.561 17.752 17.965 18.12 18.161 18.122 18.068 18.081 18.114 18.069 17.964 18.0 17.712 17.661 17.9 18.131
-9999 -9999 -9999 -9999 -9999 -9999 -9999 -9999 -9999 -9999 -9999 -9999 -9999 -9999 -9999 -9999 -9999 -9999 -9999 -9999 -9999 -9999 -9999 -9999 -9999 -9999 -9999 -9999 -9999 -9999 -9999 -9999 -9999 -9999 -9999 -9999 16.574 16.701 16.605 16.596 16.514 16.461 16.804 16.794 16.88 16.951 17.029 17.085 16.904 16.38 15.691 14.593 14.306 15.354 15.687 16.197 17.006 17.222 17.704 17.881 17.777 17.97 18.187 18.244 18.185 18.092 18.083 18.126 18.061 18.019 18.003 17.924 17.441 17.637 17.97
-9999 -9999 -9999 -9999 -9999 -9999 -9999 -9999 -9999 -9999 -9999 -9999 -9999 -9999 -9999 -9999 -9999 -9999 -9999 -9999 -9999 -9999 -9999 -9999 -9999 -9999 -9999 -9999 -9999 -9999 -9999 -9999 -9999 -9999 -9999 -9999 -9999 16.939 16.939 17.003 16.85 17.03 17.067 17.106 17.203 17.29 17.487 17.507 17.314 16.921 16.071 15.093 14.149 14.055 15.058 15.857 16.634 17.267 17.351 17.698 17.713 17.831 18.125 18.227 18.173 18.086 18.072 18.065 18.038 18.02 18.018 17.909 17.601 17.443 17.702
