Validation/Results/ReClimate_10_2023_1_Precipitation-Actualsweatherlogisticsltd.asc
NCOLS 192
NROWS 249
XLLCENTER -225160.85627316462
YLLCENTER 29788.11610251502
CELLSIZE 5000.0
NODATA_VALUE -9999
[rows 198 to 230 of 249, columns 74 to 147 of 192]
-9999 -9999 -9999 -9999 -9999 -9999 -9999 -9999 -9999 -9999 -9999 -9999 -9999 -9999 -9999 -9999 -9999 -9999 176.911 177.702 183.504 160.846 163.944 167.689 164.38 203.309 221.917 248.931 243.843 215.542 180.12 137.489 130.411 122.958 125.322 136.852 125.113 104.775 88.153 83.261 82.661 85.794 81.109 85.046 83.736 79.18 75.543 72.139 69.475 70.007 66.949 68.9 68.785 66.423 63.578 64.912 64.996 66.26 64.442 67.399 70.135 71.245 75.967 75.222 72.176 68.53 67.301 69.706 69.403 67.705 69.024 62.45 61.544 60.549
-9999 -9999 -9999 -9999 -9999 -9999 -9999 -9999 -9999 -9999 -9999 -9999 -9999 -9999 -9999 121.927 151.41 164.896 169.022 182.885 183.162 176.55 168.412 162.304 186.114 207.42 229.76 224.17 230.95 203.272 179.842 162.904 137.619 119.584 141.121 125.085 106.186 85.927 81.163 81.463 90.8 77.855 78.91 77.959 80.371 82.53 83.429 78.979 71.662 66.416 63.347 65.111 68.474 63.383 60.838 61.192 66.118 67.085 72.831 70.207 69.587 71.861 74.597 76.461 72.997 69.493 66.608 69.592 69.425 67.59 64.166 62.967 59.187 60.227
-9999 -9999 -9999 -9999 -9999 -9999 -9999 -9999 -9999 -9999 -9999 -9999 -9999 159.133 147.195 153.76 158.669 163.427 172.609 175.421 187.139 177.922 181.195 199.588 190.399 209.849 219.636 206.063 209.052 211.613 201.891 169.158 143.955 137.474 124.093 108.48 93.58 107.476 94.083 82.172 77.593 72.987 71.026 73.499 77.061 82.839 80.954 76.004 69.644 66.035 60.664 64.676 67.74 64.612 68.659 68.328 67.83 68.909 68.821 74.668 72.247 74.228 78.664 79.558 77.276 74.424 68.957 65.431 67.876 67.363 64.708 57.459 60.654 61.524
-9999 -9999 -9999 -9999 -9999 -9999 -9999 -9999 -9999 171.15 177.584 171.236 164.887 185.709 177.846 181.8 175.71 178.877 184.28 191.765 202.889 203.505 221.087 209.699 197.146 208.625 197.77 191.871 200.123 212.435 188.729 161.095 134.075 139.53 116.543 93.379 120.482 120.336 101.85 94.09 82.408 78.571 70.117 70.766 85.97 74.645 80.322 71.722 69.31 65.603 66.717 70.338 68.778 75.52 72.94 74.595 70.999 70.943 69.759 71.497 73.799 76.309 78.071 78.675 77.013 74.001 70.147 67.363 67.022 69.103 68.015 68.07 61.137 62.501
-9999 -9999 -9999 -9999 -9999 -9999 -9999 -9999 153.071 175.033 176.969 183.619 220.208 234.706 230.3 204.154 198.603 211.888 216.42 213.015 216.153 225.263 223.117 213.019 203.503 187.152 179.497 180.276 199.832 198.922 176.584 152.403 149.747 142.438 130.33 145.639 170.736 137.491 112.693 89.607 87.676 80.221 80.84 81.94 75.104 76.471 73.21 71.83 69.66 67.909 72.117 76.157 82.02 84.307 87.233 79.481 72.923 79.73 79.408 76.512 77.359 76.289 79.118 78.445 75.474 71.612 71.439 72.679 69.223 72.624 73.074 67.522 66.305 63.674
-9999 -9999 -9999 -9999 -9999 -9999 -9999 140.367 159.5 174.815 180.585 198.964 223.287 226.916 208.996 205.885 208.842 211.58 207.441 200.451 215.048 224.538 217.554 197.864 181.252 170.411 181.675 201.584 207.407 201.971 180.089 159.066 147.253 146.175 134.942 176.868 167.549 152.692 114.11 105.582 95.063 92.845 84.975 82.203 81.092 81.59 82.801 72.621 71.049 70.513 74.673 78.202 86.54 95.521 89.849 85.991 82.075 80.905 87.375 83.877 81.294 80.191 77.945 76.837 76.004 72.72 72.074 75.6 76.199 72.238 73.318 69.986 69.148 75.784
-9999 -9999 -9999 -9999 -9999 130.415 -9999 140.527 150.542 158.929 172.999 183.068 194.476 192.555 187.166 189.489 185.93 194.109 182.657 185.08 184.882 188.755 181.35 181.21 182.558 199.655 223.378 260.248 283.061 240.069 220.967 204.379 206.992 182.756 161.982 160.918 187.872 143.432 123.873 117.219 109.138 96.228 88.572 88.248 88.487 89.31 81.446 73.433 65.863 68.302 80.787 92.136 98.85 97.372 91.319 85.364 82.724 81.994 84.962 84.193 80.5 77.056 75.998 70.751 70.037 73.691 74.17 74.326 75.162 73.21 72.415 73.62 72.363 74.269
-9999 -9999 -9999 -9999 -9999 -9999 -9999 -9999 -9999 161.332 161.945 170.326 177.641 172.549 173.052 180.057 185.003 175.42 173.474 172.055 174.784 186.757 184.293 197.5 201.429 225.822 256.165 289.885 287.33 281.929 257.267 270.395 265.371 198.401 178.972 176.718 136.869 139.267 129.899 103.077 97.591 94.378 104.187 101.029 102.517 95.369 82.156 73.329 71.861 80.022 91.928 110.325 108.77 104.571 92.861 87.108 85.877 89.556 83.597 81.634 77.249 73.001 71.414 71.103 70.239 71.709 72.62 71.794 73.217 76.429 78.919 82.458 81.334 76.381
-9999 -9999 -9999 -9999 -9999 -9999 -9999 -9999 -9999 154.441 157.271 164.187 167.678 172.389 181.159 188.341 178.827 170.53 171.758 172.324 185.463 185.705 187.807 193.065 198.652 216.184 233.384 250.131 255.832 251.049 254.125 267.152 232.309 216.394 188.872 148.357 170.296 166.661 120.445 104.991 104.048 115.213 111.212 113.262 109.938 101.424 83.519 81.185 84.603 103.481 112.554 108.115 103.391 101.487 97.161 92.53 86.128 85.32 84.309 78.056 75.134 72.295 71.231 74.41 74.712 75.256 73.804 70.088 73.627 79.385 85.756 84.952 84.022 82.642
-9999 -9999 -9999 -9999 -9999 -9999 -9999 129.842 139.38 150.282 155.173 -9999 165.588 167.81 173.342 165.147 159.778 156.483 -9999 161.882 165.465 174.484 193.906 192.132 213.687 220.793 235.446 244.741 234.773 219.907 240.693 219.947 200.943 200.583 186.504 180.409 182.024 168.087 126.911 118.624 108.068 111.92 119.843 117.475 114.534 97.718 84.991 85.029 95.434 100.806 105.833 101.827 101.817 93.311 90.568 89.888 84.514 78.935 76.804 74.716 78.595 75.039 73.498 71.681 72.088 71.121 73.619 75.651 77.286 85.292 88.304 90.194 85.18 84.107
-9999 -9999 -9999 -9999 -9999 -9999 -9999 130.074 -9999 -9999 -9999 156.958 158.866 161.96 -9999 -9999 -9999 -9999 -9999 153.72 157.398 174.341 172.749 185.95 198.114 207.03 220.315 224.852 224.338 283.279 286.512 240.373 211.192 200.535 199.845 189.608 181.581 145.955 135.783 119.713 113.373 122.317 118.628 117.674 98.595 86.501 85.571 91.515 100.821 99.421 105.83 100.393 93.597 90.025 84.776 81.58 79.608 76.319 75.327 73.649 74.528 76.094 72.892 73.617 71.242 72.876 76.09 74.318 81.362 89.057 93.394 92.776 86.824 81.566
-9999 -9999 -9999 -9999 -9999 -9999 -9999 -9999 -9999 141.384 149.504 152.312 150.942 152.212 -9999 -9999 -9999 -9999 -9999 -9999 -9999 -9999 163.338 183.141 183.099 182.146 193.841 214.087 271.905 318.052 316.694 281.903 239.546 214.711 199.982 179.216 179.43 171.118 138.732 125.073 136.906 131.009 125.048 98.156 90.361 89.056 92.649 105.906 104.378 103.584 101.108 94.803 89.669 83.391 80.553 77.436 74.836 76.406 77.372 75.65 70.966 70.631 71.215 73.972 76.193 75.813 83.417 87.759 88.433 94.952 93.686 91.129 86.825 80.29
-9999 -9999 -9999 -9999 -9999 -9999 -9999 -9999 -9999 -9999 147.058 -9999 -9999 -9999 -9999 -9999 -9999 -9999 -9999 -9999 154.907 156.92 169.86 170.147 163.004 163.673 172.917 206.221 258.438 295.762 302.313 270.745 227.62 207.495 196.093 179.884 179.428 150.374 123.449 117.081 128.727 127.493 112.166 -9999 93.118 95.671 99.159 113.764 107.283 102.347 96.048 89.528 86.054 81.097 80.429 77.546 74.117 68.047 68.446 70.865 70.761 71.054 71.081 72.526 79.89 89.942 89.987 96.49 91.089 92.095 91.706 88.102 80.312 79.161
-9999 -9999 -9999 -9999 -9999 -9999 -9999 -9999 -9999 -9999 -9999 -9999 -9999 -9999 -9999 -9999 -9999 -9999 -9999 -9999 148.681 153.538 153.565 148.305 -9999 -9999 -9999 182.361 228.0 244.599 246.853 224.614 207.671 205.487 188.696 169.733 154.535 136.997 116.152 114.68 112.585 101.88 -9999 91.501 93.394 96.464 106.288 108.745 102.256 100.34 95.228 88.845 86.067 84.971 81.408 79.255 74.251 73.302 77.196 79.545 77.29 73.976 73.417 74.88 80.958 89.122 95.478 94.009 90.599 86.884 87.762 83.269 78.388 74.687
-9999 -9999 -9999 -9999 -9999 -9999 -9999 -9999 -9999 -9999 -9999 -9999 -9999 -9999 -9999 -9999 -9999 -9999 -9999 -9999 -9999 -9999 -9999 -9999 -9999 -9999 -9999 145.446 176.298 196.68 190.521 184.864 183.07 177.735 167.389 154.136 140.106 125.251 112.618 111.032 -9999 -9999 92.841 90.634 96.162 97.722 106.224 108.08 102.677 103.321 93.266 84.139 87.17 84.603 84.245 87.983 88.391 84.898 86.948 94.537 90.12 84.703 83.838 82.398 85.206 89.448 90.348 88.689 86.355 81.668 81.993 80.295 78.427 75.542
-9999 -9999 -9999 -9999 -9999 -9999 -9999 -9999 -9999 -9999 -9999 -9999 -9999 -9999 -9999 -9999 -9999 -9999 -9999 -9999 -9999 -9999 -9999 -9999 -9999 -9999 -9999 134.146 148.407 154.012 157.719 164.786 157.672 153.059 149.979 139.713 126.65 -9999 -9999 -9999 -9999 -9999 91.359 96.797 99.646 101.606 105.061 107.296 103.759 98.115 88.809 82.522 83.765 92.253 90.898 97.446 99.785 97.221 94.611 95.617 94.123 87.658 86.87 84.18 83.736 87.848 83.528 81.099 77.67 76.729 75.012 73.586 72.852 74.084
-9999 -9999 -9999 -9999 -9999 -9999 -9999 -9999 -9999 -9999 -9999 -9999 -9999 -9999 -9999 -9999 -9999 -9999 -9999 -9999 -9999 -9999 -9999 -9999 -9999 -9999 -9999 -9999 -9999 138.319 151.428 149.265 143.034 140.663 137.045 125.773 -9999 -9999 -9999 -9999 104.764 106.097 106.615 104.499 106.317 100.059 108.42 108.333 104.729 95.308 88.216 88.697 93.512 99.571 101.726 100.332 102.762 99.353 94.872 91.134 90.931 88.835 83.828 83.102 79.397 79.299 79.719 77.506 77.688 77.439 78.367 74.69 71.953 72.785
-9999 -9999 -9999 -9999 -9999 -9999 -9999 -9999 -9999 -9999 -9999 -9999 -9999 -9999 -9999 -9999 -9999 -9999 -9999 -9999 -9999 -9999 -9999 -9999 -9999 -9999 -9999 -9999 -9999 -9999 127.914 126.081 133.976 124.074 120.526 -9999 -9999 -9999 -9999 109.017 106.413 110.097 112.241 109.373 102.71 98.84 101.874 101.227 103.552 95.778 91.706 97.423 99.763 103.013 106.91 102.529 100.251 99.367 98.528 92.681 89.589 86.752 86.886 83.344 81.052 78.44 77.712 79.286 81.063 82.966 82.479 78.843 73.915 72.763
-9999 -9999 -9999 -9999 -9999 -9999 -9999 -9999 -9999 -9999 -9999 -9999 -9999 -9999 -9999 -9999 -9999 -9999 -9999 -9999 -9999 -9999 -9999 -9999 -9999 -9999 -9999 -9999 -9999 -9999 -9999 -9999 -9999 -9999 -9999 -9999 -9999 -9999 112.298 108.93 106.346 109.222 112.483 112.35 104.59 104.048 100.164 102.203 98.305 89.146 88.568 90.79 94.54 96.809 98.723 103.108 104.168 102.518 107.45 106.026 99.293 94.912 92.685 92.359 85.358 81.266 80.438 80.518 82.489 84.194 81.308 78.416 75.919 74.845
-9999 -9999 -9999 -9999 -9999 -9999 -9999 -9999 -9999 -9999 -9999 -9999 -9999 -9999 -9999 -9999 -9999 -9999 -9999 -9999 -9999 -9999 -9999 -9999 -9999 -9999 -9999 -9999 -9999 -9999 -9999 -9999 -9999 -9999 -9999 -9999 -9999 103.79 107.232 111.093 113.795 137.65 131.912 116.484 113.43 107.431 105.383 102.681 91.252 85.349 83.839 84.68 90.783 93.641 100.284 105.033 112.502 111.663 108.544 117.221 110.47 102.855 98.674 93.651 89.433 82.495 82.715 84.195 83.737 83.952 81.749 78.66 78.406 78.978
-9999 -9999 -9999 -9999 -9999 -9999 -9999 -9999 -9999 -9999 -9999 -9999 -9999 -9999 -9999 -9999 -9999 -9999 -9999 -9999 -9999 -9999 -9999 -9999 -9999 -9999 -9999 -9999 -9999 -9999 -9999 -9999 -9999 -9999 -9999 -9999 -9999 101.47 99.0 101.778 119.828 131.703 140.221 139.846 129.012 122.04 119.029 103.938 95.047 92.122 97.781 96.533 98.527 97.435 95.515 99.44 104.496 112.857 111.994 111.665 112.434 103.839 101.51 98.118 92.167 89.374 87.744 88.667 89.072 80.313 81.516 82.307 84.51 91.151
-9999 -9999 -9999 -9999 -9999 -9999 -9999 -9999 -9999 -9999 -9999 -9999 -9999 -9999 -9999 -9999 -9999 -9999 -9999 -9999 -9999 -9999 -9999 -9999 182.965 202.19 223.254 206.032 -9999 170.173 -9999 -9999 -9999 -9999 -9999 -9999 -9999 -9999 91.902 96.526 106.014 116.434 125.407 132.984 134.031 131.533 115.119 107.432 101.119 107.44 107.07 98.113 98.82 97.548 93.002 96.96 99.545 103.256 104.725 108.004 104.597 106.232 105.781 109.693 109.09 101.395 98.119 97.855 93.904 93.421 87.009 89.874 91.126 93.398
-9999 -9999 -9999 -9999 -9999 -9999 -9999 -9999 -9999 -9999 -9999 -9999 -9999 -9999 -9999 -9999 -9999 -9999 -9999 -9999 -9999 159.902 166.662 166.916 185.335 224.098 231.05 219.933 213.488 176.67 142.225 119.389 -9999 -9999 106.867 101.683 96.328 92.333 92.601 90.444 96.351 101.565 110.821 115.682 126.384 121.141 115.432 111.136 120.692 115.693 105.941 106.694 99.637 96.569 94.002 94.643 100.441 102.329 103.841 100.019 103.333 105.302 110.742 109.965 115.67 115.876 105.224 100.061 97.031 94.434 96.616 95.479 107.462 106.718
-9999 -9999 -9999 -9999 -9999 -9999 -9999 -9999 -9999 -9999 -9999 -9999 -9999 -9999 -9999 -9999 -9999 -9999 -9999 -9999 162.026 160.016 150.434 159.125 188.708 225.162 244.694 245.8 220.678 190.693 161.214 131.407 113.498 116.586 110.474 111.359 97.245 92.927 86.056 87.196 89.973 95.669 99.153 112.323 114.405 112.984 111.862 128.815 121.898 121.281 117.939 111.296 104.022 99.188 96.974 95.294 99.642 103.945 101.938 102.737 101.086 104.594 107.598 111.879 116.295 116.747 112.775 107.962 109.828 104.3 104.674 102.985 102.132 111.54
-9999 -9999 -9999 -9999 -9999 -9999 -9999 -9999 -9999 -9999 -9999 -9999 -9999 -9999 -9999 -9999 -9999 -9999 -9999 -9999 162.248 136.729 134.532 142.201 165.779 201.08 212.409 220.692 207.979 186.758 158.362 148.592 144.457 128.999 120.63 103.821 99.509 93.357 83.338 82.325 84.123 88.592 91.601 98.174 100.701 106.475 120.322 120.626 119.389 126.998 123.459 109.694 108.922 106.76 101.816 100.648 103.123 104.6 102.993 102.255 105.45 99.341 104.346 113.294 120.898 122.692 115.332 115.194 117.024 114.84 107.305 104.339 103.513 101.768
-9999 -9999 -9999 -9999 -9999 -9999 -9999 -9999 -9999 -9999 -9999 -9999 -9999 -9999 -9999 -9999 -9999 -9999 -9999 -9999 147.05 129.659 131.064 132.067 153.737 165.763 173.882 179.174 178.062 169.129 158.715 150.439 148.267 133.069 109.14 100.483 95.49 89.924 83.657 84.15 94.843 85.696 87.762 89.323 97.733 108.205 110.522 111.831 111.847 118.452 112.405 115.972 117.208 111.069 104.628 103.03 105.613 110.536 112.493 108.222 107.863 115.702 112.321 120.642 125.328 133.243 122.903 116.418 119.868 113.745 107.554 105.951 101.289 104.046
-9999 -9999 -9999 -9999 -9999 -9999 -9999 -9999 -9999 -9999 -9999 -9999 -9999 -9999 -9999 -9999 150.766 165.042 -9999 153.062 134.316 140.313 137.212 131.48 133.137 138.615 147.002 157.094 162.212 161.957 147.689 142.01 132.327 115.15 107.388 99.138 97.562 95.213 89.926 89.144 85.556 88.08 88.183 89.967 100.768 100.706 105.148 106.331 115.265 117.179 115.624 128.195 127.057 116.707 109.305 108.097 110.373 112.406 112.03 112.595 108.639 114.571 122.395 121.551 125.629 125.513 126.322 116.167 118.333 119.135 114.917 111.775 108.19 103.713
-9999 -9999 -9999 -9999 -9999 -9999 -9999 -9999 -9999 -9999 -9999 -9999 -9999 -9999 -9999 -9999 161.096 170.856 165.025 149.937 146.258 144.421 132.678 128.355 137.874 135.861 138.957 145.075 153.034 153.264 142.295 130.763 123.203 115.872 118.699 127.384 115.717 104.783 93.626 88.97 94.262 96.24 96.58 99.782 104.066 98.479 107.051 109.126 111.512 112.194 123.394 123.028 122.063 116.088 113.365 116.617 117.533 112.936 110.291 109.443 110.906 111.96 115.804 117.965 122.632 127.28 126.845 132.543 127.139 124.385 122.071 119.109 113.228 110.844
-9999 -9999 -9999 -9999 -9999 -9999 -9999 -9999 -9999 -9999 -9999 -9999 -9999 -9999 -9999 148.881 159.367 166.227 167.756 162.46 149.811 142.215 136.387 136.909 133.829 127.331 130.693 134.934 134.766 141.6 132.473 119.738 113.714 118.126 138.428 132.413 122.586 120.302 107.883 101.255 102.949 102.266 104.592 106.482 104.719 110.654 114.57 111.277 112.776 123.442 118.371 116.343 114.677 117.935 117.176 116.433 122.285 118.972 110.863 109.023 111.748 112.274 113.005 112.559 116.885 122.424 123.545 129.794 137.088 129.139 135.861 123.231 127.375 128.117
-9999 -9999 -9999 -9999 -9999 -9999 -9999 -9999 -9999 -9999 -9999 -9999 -9999 -9999 -9999 -9999 140.437 157.799 155.274 148.419 143.728 141.346 131.999 125.545 127.799 122.705 122.93 122.755 123.916 117.376 114.594 114.192 105.575 123.053 135.557 136.054 140.858 134.655 120.149 118.01 111.497 113.118 113.719 112.966 113.933 118.35 120.569 119.977 123.139 117.753 117.213 111.848 112.573 116.461 118.527 117.512 117.398 117.808 114.104 113.004 -9999 110.985 110.635 113.689 110.904 110.069 112.312 112.144 116.975 116.595 115.606 117.682 112.752 123.261
-9999 -9999 -9999 -9999 -9999 -9999 -9999 -9999 -9999 -9999 -9999 -9999 -9999 -9999 -9999 135.217 135.743 140.909 142.794 146.702 149.228 143.639 131.291 125.583 118.918 116.685 118.113 111.509 104.905 108.314 109.545 101.613 108.549 118.903 126.59 135.214 142.001 128.299 124.203 135.116 131.965 131.333 136.867 131.85 134.526 140.566 135.147 128.384 125.303 118.53 112.892 116.885 114.574 115.714 116.619 118.311 121.212 118.596 118.661 113.774 109.094 -9999 103.025 -9999 100.954 -9999 100.553 -9999 102.981 103.57 103.734 101.728 103.848 107.808
-9999 -9999 -9999 -9999 -9999 -9999 -9999 -9999 -9999 -9999 -9999 -9999 -9999 -9999 -9999 135.457 136.309 140.568 144.322 149.211 151.696 150.412 142.733 140.31 133.215 127.234 114.783 102.958 98.924 102.424 100.07 101.392 106.295 116.378 125.937 137.369 131.579 120.712 135.679 135.062 123.079 128.467 128.833 143.249 150.526 143.447 133.142 131.901 128.621 121.134 121.473 119.179 117.112 114.9 113.976 115.617 115.801 113.073 110.844 109.242 107.155 -9999 -9999 97.361 95.552 -9999 -9999 96.188 95.328 95.638 -9999 -9999 -9999 -9999
-9999 -9999 -9999 -9999 -9999 -9999 -9999 -9999 -9999 -9999 -9999 -9999 -9999 -9999 152.563 147.181 152.842 147.175 140.623 139.264 149.58 157.722 165.272 173.534 173.026 145.396 119.986 105.552 104.86 104.236 99.187 95.971 104.549 114.322 127.064 118.334 126.908 122.636 125.095 109.063 109.856 116.238 129.801 139.584 140.012 135.719 132.514 130.907 127.93 122.994 115.731 115.959 116.229 114.862 109.713 106.044 110.052 109.785 -9999 -9999 -9999 111.932 -9999 -9999 -9999 -9999 -9999 -9999 97.115 -9999 -9999 -9999 -9999 -9999
