Validation/Results/ReClimate_07_2024_1weatherlogisticsltd.asc
NCOLS 192
NROWS 249
XLLCENTER -225160.85627316462
YLLCENTER 29788.11610251502
CELLSIZE 5000.0
NODATA_VALUE -9999
[rows 66 to 98 of 249, columns 74 to 147 of 192]
-9999 -9999 -9999 -9999 -9999 -9999 -9999 -9999 -9999 -9999 -9999 104.891 -9999 104.812 104.769 104.64 104.385 104.375 104.373 104.414 104.631 104.619 104.607 104.756 104.6 104.449 104.606 104.508 104.426 104.443 104.476 104.462 -9999 -9999 -9999 -9999 -9999 -9999 -9999 -9999 -9999 -9999 -9999 -9999 -9999 -9999 -9999 -9999 -9999 -9999 -9999 -9999 -9999 -9999 -9999 -9999 -9999 -9999 -9999 -9999 -9999 -9999 -9999 -9999 -9999 -9999 -9999 -9999 -9999 -9999 -9999 -9999 -9999 -9999
-9999 -9999 -9999 -9999 -9999 -9999 -9999 -9999 -9999 -9999 -9999 -9999 104.84 104.822 104.78 104.617 104.543 104.604 104.788 104.856 104.759 104.608 104.249 104.313 104.648 104.766 104.85 104.742 104.543 104.551 -9999 -9999 -9999 -9999 -9999 -9999 -9999 -9999 -9999 -9999 -9999 -9999 -9999 -9999 -9999 -9999 -9999 -9999 -9999 -9999 -9999 -9999 -9999 -9999 -9999 -9999 -9999 -9999 -9999 -9999 -9999 -9999 -9999 -9999 -9999 -9999 -9999 -9999 -9999 -9999 -9999 -9999 -9999 -9999
-9999 -9999 -9999 -9999 -9999 -9999 -9999 -9999 -9999 -9999 -9999 -9999 104.864 104.835 104.795 104.683 104.491 104.546 104.466 104.511 104.76 104.593 104.67 104.823 104.781 104.722 104.457 104.415 104.622 104.605 -9999 -9999 -9999 -9999 -9999 -9999 -9999 -9999 -9999 -9999 -9999 -9999 -9999 -9999 -9999 -9999 -9999 -9999 -9999 -9999 -9999 -9999 -9999 -9999 -9999 -9999 -9999 -9999 -9999 -9999 -9999 -9999 -9999 -9999 -9999 -9999 -9999 -9999 -9999 -9999 -9999 -9999 -9999 -9999
-9999 -9999 -9999 -9999 -9999 -9999 -9999 -9999 -9999 -9999 -9999 -9999 -9999 -9999 104.832 104.729 104.712 104.668 104.657 104.764 104.712 104.762 104.787 104.76 104.746 104.609 104.586 104.686 -9999 -9999 -9999 -9999 -9999 -9999 -9999 -9999 -9999 -9999 -9999 -9999 -9999 -9999 -9999 -9999 -9999 -9999 -9999 -9999 -9999 -9999 -9999 -9999 -9999 -9999 -9999 -9999 -9999 -9999 -9999 -9999 -9999 -9999 -9999 -9999 -9999 -9999 -9999 -9999 -9999 -9999 -9999 -9999 -9999 -9999
-9999 -9999 -9999 -9999 -9999 -9999 -9999 -9999 104.985 -9999 -9999 104.945 104.913 104.888 104.875 104.863 104.852 104.841 104.83 104.811 104.843 104.838 104.789 104.779 104.768 104.757 104.746 104.734 -9999 -9999 -9999 -9999 -9999 -9999 -9999 -9999 -9999 -9999 -9999 -9999 -9999 -9999 -9999 -9999 -9999 -9999 -9999 -9999 -9999 -9999 -9999 -9999 -9999 -9999 -9999 -9999 -9999 -9999 -9999 -9999 -9999 -9999 -9999 -9999 -9999 -9999 -9999 -9999 -9999 -9999 -9999 -9999 -9999 -9999
-9999 -9999 -9999 -9999 -9999 -9999 106.323 105.996 104.988 104.981 104.975 104.959 104.947 104.631 103.897 104.25 104.685 104.638 104.556 104.599 104.661 104.375 103.751 104.109 104.811 104.801 104.791 104.78 -9999 -9999 -9999 -9999 -9999 -9999 -9999 -9999 -9999 -9999 -9999 -9999 -9999 -9999 -9999 -9999 -9999 -9999 -9999 -9999 -9999 -9999 -9999 -9999 -9999 -9999 -9999 -9999 -9999 -9999 -9999 -9999 -9999 -9999 -9999 -9999 -9999 -9999 -9999 -9999 -9999 -9999 -9999 -9999 -9999 -9999
-9999 -9999 -9999 -9999 -9999 -9999 107.895 106.155 -9999 105.408 105.372 105.305 105.2 104.66 104.697 104.898 104.808 104.847 105.096 105.038 104.784 104.462 104.575 104.915 104.854 104.844 104.835 -9999 104.815 -9999 -9999 -9999 -9999 -9999 -9999 -9999 -9999 -9999 -9999 -9999 -9999 -9999 -9999 -9999 -9999 -9999 -9999 -9999 -9999 -9999 -9999 -9999 -9999 -9999 -9999 -9999 -9999 -9999 -9999 -9999 -9999 -9999 -9999 -9999 -9999 -9999 -9999 -9999 -9999 -9999 -9999 -9999 -9999 -9999
-9999 -9999 -9999 -9999 -9999 -9999 -9999 107.277 106.637 106.637 106.613 106.301 105.67 105.623 105.65 105.475 105.433 105.469 105.678 105.356 104.938 104.955 104.94 104.919 104.939 104.898 104.877 104.809 104.64 -9999 -9999 -9999 -9999 -9999 -9999 -9999 -9999 -9999 -9999 -9999 -9999 -9999 -9999 -9999 -9999 -9999 -9999 -9999 -9999 -9999 -9999 -9999 -9999 -9999 -9999 -9999 -9999 -9999 -9999 -9999 -9999 -9999 -9999 -9999 -9999 -9999 -9999 -9999 -9999 -9999 -9999 -9999 -9999 -9999
111.28 -9999 -9999 -9999 -9999 -9999 -9999 -9999 108.212 108.183 108.075 107.733 107.747 107.531 107.04 106.894 106.843 106.466 105.637 105.236 105.183 104.992 104.955 104.967 104.946 104.93 104.92 104.83 104.81 -9999 -9999 -9999 -9999 -9999 -9999 -9999 -9999 -9999 -9999 -9999 -9999 -9999 -9999 -9999 -9999 -9999 -9999 -9999 -9999 -9999 -9999 -9999 -9999 -9999 -9999 -9999 -9999 -9999 -9999 -9999 -9999 -9999 -9999 -9999 -9999 -9999 -9999 -9999 -9999 -9999 -9999 -9999 -9999 -9999
113.595 -9999 -9999 -9999 -9999 -9999 111.801 110.783 109.946 109.239 109.324 109.285 109.252 108.797 108.265 108.365 108.831 107.803 106.608 106.331 105.972 105.619 105.281 105.204 105.588 105.413 -9999 104.953 -9999 -9999 -9999 -9999 -9999 -9999 105.32 105.589 105.735 -9999 -9999 -9999 -9999 -9999 -9999 -9999 -9999 -9999 -9999 -9999 -9999 -9999 -9999 -9999 -9999 -9999 -9999 -9999 -9999 -9999 -9999 -9999 -9999 -9999 -9999 -9999 -9999 -9999 -9999 -9999 -9999 -9999 -9999 -9999 -9999 -9999
116.272 115.857 -9999 -9999 -9999 -9999 -9999 112.774 112.071 111.53 110.95 110.709 110.154 109.706 109.283 109.392 109.179 108.176 107.32 106.997 106.949 106.445 105.908 105.864 105.805 105.284 105.003 -9999 -9999 -9999 -9999 105.065 104.992 105.195 105.414 105.643 105.867 105.458 105.008 105.112 105.237 105.493 105.696 105.302 104.984 104.975 104.963 104.953 104.934 104.911 104.882 104.863 104.905 -9999 -9999 -9999 -9999 -9999 -9999 -9999 -9999 -9999 -9999 -9999 -9999 -9999 -9999 -9999 -9999 -9999 -9999 -9999 -9999 -9999
118.758 118.291 -9999 -9999 -9999 116.326 -9999 115.037 114.353 113.371 112.414 111.701 111.452 111.08 110.72 110.481 110.141 109.129 107.848 108.066 108.721 108.127 107.451 106.894 105.902 105.584 -9999 -9999 -9999 -9999 105.407 105.251 105.06 105.183 105.189 105.318 105.322 105.086 105.088 105.157 105.196 105.453 105.773 105.446 105.075 105.124 105.265 105.21 105.078 105.049 104.996 104.976 104.959 -9999 -9999 -9999 -9999 -9999 -9999 -9999 -9999 -9999 -9999 -9999 -9999 -9999 -9999 -9999 -9999 -9999 -9999 -9999 -9999 -9999
121.084 120.556 -9999 -9999 -9999 118.375 117.823 117.17 116.246 115.175 114.175 113.485 112.832 112.349 112.023 111.545 110.771 109.969 109.818 109.989 109.806 108.801 107.36 106.664 106.469 -9999 -9999 106.108 106.014 105.819 105.593 105.42 105.136 105.145 105.152 105.159 105.164 105.168 105.172 105.2 105.235 105.478 105.69 105.413 105.172 105.32 105.516 105.382 105.191 105.159 105.129 105.117 105.096 105.075 -9999 -9999 -9999 -9999 -9999 -9999 -9999 -9999 -9999 -9999 -9999 -9999 -9999 -9999 -9999 -9999 -9999 -9999 -9999 -9999
123.278 122.697 -9999 121.558 -9999 120.443 119.834 118.856 117.558 116.736 116.16 115.225 114.272 113.541 112.927 112.032 110.789 110.865 111.246 110.743 109.9 108.816 108.115 107.813 107.503 -9999 106.892 106.479 105.095 104.926 105.302 105.122 105.022 105.038 105.072 105.116 105.243 105.249 105.253 105.418 105.803 105.927 105.965 105.687 105.267 105.458 105.7 105.516 105.272 105.261 105.257 105.254 105.248 105.238 -9999 -9999 -9999 -9999 -9999 -9999 -9999 -9999 -9999 -9999 -9999 -9999 -9999 -9999 -9999 -9999 -9999 -9999 -9999 -9999
125.36 -9999 124.13 -9999 -9999 -9999 121.663 120.494 119.465 118.568 117.298 116.404 115.77 114.849 114.078 113.221 113.052 113.014 112.447 111.557 110.583 109.857 109.12 108.819 108.735 107.889 107.262 106.454 106.258 106.024 105.691 105.618 105.551 105.756 106.237 106.039 105.321 105.327 105.333 105.659 105.992 106.005 105.977 105.652 105.358 105.39 105.135 105.105 105.371 105.375 105.379 105.383 105.392 105.399 -9999 -9999 -9999 -9999 -9999 -9999 -9999 -9999 -9999 -9999 -9999 -9999 -9999 -9999 -9999 -9999 -9999 -9999 -9999 -9999
127.348 126.681 -9999 -9999 -9999 -9999 123.379 122.313 121.354 -9999 118.787 118.004 117.127 116.224 115.427 115.049 115.166 114.567 113.869 112.814 111.454 110.764 110.177 109.785 109.141 108.23 107.287 107.018 106.884 106.396 106.248 105.937 105.947 106.31 106.561 105.836 104.956 105.069 105.337 105.554 105.677 105.681 105.71 105.53 105.447 105.277 105.16 105.346 105.476 105.486 105.497 105.51 105.531 105.536 -9999 -9999 -9999 -9999 -9999 -9999 -9999 -9999 -9999 -9999 -9999 -9999 -9999 -9999 -9999 -9999 -9999 -9999 -9999 -9999
129.238 128.556 -9999 -9999 -9999 125.96 -9999 -9999 122.818 121.626 120.559 119.656 118.847 117.933 117.008 116.452 115.706 114.819 113.57 112.731 112.418 111.78 111.105 110.399 109.678 109.054 109.003 108.329 107.012 106.766 106.837 106.36 105.913 106.051 106.052 105.583 105.527 105.729 105.902 105.921 105.799 105.712 105.464 105.451 105.535 105.503 105.568 105.621 105.579 105.594 105.613 105.637 105.66 -9999 -9999 -9999 -9999 -9999 -9999 -9999 -9999 -9999 -9999 -9999 -9999 -9999 -9999 -9999 -9999 -9999 -9999 -9999 -9999 -9999
130.995 130.372 129.683 129.025 -9999 -9999 -9999 125.356 124.265 -9999 122.097 121.218 120.29 119.306 118.224 117.188 116.222 114.818 113.403 113.266 113.374 112.679 111.945 110.718 108.829 109.184 110.532 109.296 108.053 107.833 107.369 106.592 105.903 105.716 105.772 105.709 105.631 105.724 105.732 105.675 105.677 105.555 105.562 105.611 105.621 105.662 105.675 105.662 105.68 105.701 105.727 105.76 -9999 -9999 -9999 -9999 -9999 -9999 -9999 -9999 -9999 -9999 -9999 -9999 -9999 -9999 -9999 -9999 -9999 -9999 -9999 -9999 -9999 -9999
132.677 132.138 131.428 130.753 -9999 129.225 128.011 126.841 125.713 124.655 123.732 122.69 121.494 120.448 119.457 118.334 117.297 116.025 115.472 115.109 114.179 113.435 112.623 111.444 111.183 111.323 110.191 109.368 109.141 108.442 107.432 106.72 106.257 105.892 105.597 105.577 105.627 105.636 105.644 105.653 105.662 105.672 105.683 105.694 105.707 105.722 105.739 105.758 105.781 105.808 105.84 105.878 -9999 -9999 -9999 -9999 -9999 -9999 -9999 -9999 -9999 -9999 -9999 -9999 -9999 -9999 -9999 -9999 -9999 -9999 -9999 -9999 -9999 -9999
134.293 133.866 133.138 132.449 131.775 130.793 129.51 -9999 127.147 126.008 124.687 123.553 122.537 121.579 120.666 119.576 118.477 117.575 116.714 115.782 114.907 114.043 113.218 112.691 111.938 110.992 110.286 109.94 109.636 108.662 107.687 107.164 106.693 105.963 105.178 105.309 105.703 105.712 105.721 105.73 105.741 105.752 105.764 105.778 105.793 105.811 105.831 105.854 105.882 105.914 105.954 -9999 -9999 -9999 -9999 -9999 -9999 -9999 -9999 -9999 -9999 -9999 -9999 -9999 -9999 -9999 -9999 -9999 -9999 -9999 -9999 -9999 -9999 -9999
135.686 -9999 -9999 -9999 133.393 132.314 -9999 129.749 128.575 127.307 126.178 125.112 124.02 123.066 122.067 120.896 119.599 118.532 117.388 116.417 115.618 114.727 113.879 113.066 112.284 111.52 110.802 110.587 110.669 109.529 108.105 107.591 107.161 106.556 106.649 106.373 105.779 105.788 105.798 105.808 105.819 105.831 105.845 105.861 105.879 105.9 105.923 105.951 105.984 106.022 106.054 -9999 -9999 -9999 -9999 -9999 -9999 -9999 -9999 -9999 -9999 -9999 -9999 -9999 -9999 -9999 -9999 -9999 -9999 -9999 -9999 -9999 -9999 -9999
-9999 -9999 -9999 135.776 134.986 -9999 132.506 131.225 -9999 128.836 127.707 126.589 125.506 124.521 123.51 122.314 121.121 119.765 118.316 117.281 116.385 115.528 114.774 113.937 113.126 112.367 111.658 111.238 110.504 109.237 108.149 107.455 106.688 106.587 106.648 105.972 105.856 105.865 105.874 105.885 105.898 105.912 105.928 105.946 105.966 105.99 106.017 106.046 106.07 106.096 106.106 -9999 -9999 -9999 -9999 -9999 -9999 -9999 -9999 -9999 -9999 -9999 -9999 -9999 -9999 -9999 -9999 -9999 -9999 -9999 -9999 -9999 -9999 -9999
-9999 -9999 -9999 137.409 -9999 -9999 133.98 132.683 131.453 130.279 129.17 128.104 127.076 126.067 125.041 123.911 122.603 120.991 119.413 118.245 117.478 116.608 115.705 114.854 114.031 113.263 112.447 111.677 110.915 109.972 109.206 108.508 108.246 108.056 106.724 106.23 105.932 105.941 105.951 105.963 105.977 105.993 106.01 106.025 106.042 106.06 106.08 106.097 106.116 106.136 106.158 -9999 -9999 -9999 -9999 -9999 -9999 -9999 -9999 -9999 -9999 -9999 -9999 -9999 -9999 -9999 -9999 -9999 -9999 -9999 -9999 -9999 -9999 -9999
-9999 -9999 -9999 -9999 -9999 -9999 -9999 134.101 132.654 131.598 130.741 129.689 128.658 127.628 126.554 125.237 123.702 122.139 120.675 119.529 118.424 117.478 116.582 115.719 114.884 114.072 113.278 112.143 110.412 109.985 110.202 109.587 109.041 107.932 107.189 106.491 106.118 105.991 106.003 106.015 106.029 106.043 106.057 106.071 106.085 106.101 106.117 106.135 106.154 106.175 -9999 -9999 -9999 -9999 -9999 -9999 -9999 -9999 -9999 -9999 -9999 -9999 -9999 -9999 -9999 -9999 -9999 -9999 -9999 -9999 -9999 -9999 -9999 -9999
-9999 -9999 -9999 -9999 -9999 138.463 137.065 -9999 134.456 133.418 132.299 131.223 130.099 128.919 127.647 126.155 124.644 123.185 121.782 120.444 119.275 118.325 117.416 116.541 115.694 114.87 114.065 112.887 112.366 112.035 111.108 110.292 109.398 108.607 107.811 107.055 106.403 106.027 106.039 106.051 106.064 106.078 106.091 106.106 106.121 106.137 106.154 106.172 106.192 106.214 -9999 -9999 -9999 -9999 -9999 -9999 -9999 -9999 -9999 -9999 -9999 -9999 -9999 -9999 -9999 -9999 -9999 -9999 -9999 -9999 -9999 -9999 -9999 -9999
-9999 -9999 -9999 -9999 141.339 139.982 138.648 137.327 136.055 134.807 133.59 132.366 131.136 129.916 128.552 127.004 125.52 124.088 122.698 121.341 120.153 119.138 118.216 117.329 116.47 115.634 114.819 114.16 113.369 112.507 111.73 110.893 110.11 109.32 108.527 107.721 106.916 106.357 106.109 106.085 106.098 106.112 106.126 106.141 106.156 106.173 106.19 106.209 106.23 -9999 -9999 -9999 -9999 -9999 -9999 -9999 -9999 -9999 -9999 -9999 -9999 -9999 -9999 -9999 -9999 -9999 -9999 -9999 -9999 -9999 -9999 -9999 -9999 -9999
-9999 -9999 -9999 -9999 142.857 -9999 139.901 138.3 136.53 135.371 134.507 133.278 132.077 130.827 129.336 127.815 126.353 124.939 123.564 122.221 120.99 119.922 118.988 118.088 117.218 116.372 115.546 114.736 113.939 113.151 112.368 111.586 110.804 110.02 109.235 108.434 107.587 106.865 106.426 106.227 106.132 106.147 106.161 106.176 106.192 106.209 106.227 106.247 106.268 -9999 -9999 -9999 -9999 -9999 -9999 -9999 -9999 -9999 -9999 -9999 -9999 -9999 -9999 -9999 -9999 -9999 -9999 -9999 -9999 -9999 -9999 -9999 -9999 -9999
-9999 -9999 -9999 -9999 -9999 -9999 140.673 139.024 137.672 136.597 135.363 134.163 132.986 131.661 130.096 128.597 127.152 125.753 124.391 123.059 121.795 120.683 119.737 118.826 117.945 117.088 116.253 115.434 114.629 113.835 113.048 112.265 111.484 110.704 109.92 109.119 108.278 107.458 106.841 106.561 106.329 106.182 106.197 106.212 106.228 106.246 106.265 106.285 106.307 -9999 -9999 -9999 -9999 -9999 -9999 -9999 -9999 -9999 -9999 -9999 -9999 -9999 -9999 -9999 -9999 -9999 -9999 -9999 -9999 -9999 -9999 -9999 -9999 -9999
-9999 -9999 -9999 -9999 143.776 142.873 141.362 139.965 138.653 137.405 136.201 135.028 133.833 -9999 130.837 129.355 127.925 126.537 125.185 123.862 122.574 121.433 120.469 119.547 118.654 117.788 116.943 116.116 115.304 114.504 113.713 112.928 112.147 111.367 110.581 109.777 108.938 108.056 107.393 106.999 106.674 106.415 106.233 106.249 106.265 106.283 106.303 106.324 106.525 -9999 -9999 -9999 -9999 -9999 -9999 -9999 -9999 -9999 -9999 -9999 -9999 -9999 -9999 -9999 -9999 -9999 -9999 -9999 -9999 -9999 -9999 -9999 -9999 -9999
142.909 142.947 143.785 143.986 -9999 143.279 142.055 140.697 139.421 138.204 137.027 135.877 -9999 133.091 131.565 130.096 128.677 127.297 125.953 124.636 123.342 122.186 121.186 120.253 119.351 118.475 117.621 116.786 115.967 115.161 114.364 113.576 112.792 112.008 111.217 110.409 109.569 108.679 107.949 107.469 107.127 106.764 106.484 106.286 106.303 106.322 106.343 106.364 -9999 -9999 -9999 -9999 -9999 -9999 -9999 -9999 -9999 -9999 -9999 -9999 -9999 -9999 -9999 -9999 -9999 -9999 -9999 -9999 -9999 -9999 -9999 -9999 -9999 -9999
143.442 143.695 143.826 143.93 143.986 -9999 142.618 141.433 140.188 138.999 137.846 136.71 135.378 133.798 132.283 130.824 129.411 128.038 126.699 125.387 124.098 122.92 121.893 120.949 120.036 119.151 118.288 117.445 116.618 115.805 115.003 114.209 113.419 112.629 111.832 111.018 110.174 109.285 108.483 107.929 107.591 107.222 106.829 106.533 106.342 106.353 -9999 -9999 -9999 -9999 -9999 -9999 -9999 -9999 -9999 -9999 -9999 -9999 -9999 -9999 -9999 -9999 -9999 -9999 -9999 -9999 -9999 -9999 -9999 -9999 -9999 -9999 -9999 -9999
-9999 -9999 -9999 143.882 -9999 143.732 143.02 142.098 140.959 139.85 -9999 -9999 136.072 134.502 132.995 131.54 130.132 128.779 127.488 126.162 124.833 123.639 122.591 121.637 120.714 119.819 118.948 118.096 117.261 116.44 115.63 114.828 114.03 113.231 112.425 111.603 110.753 109.862 108.998 108.381 108.044 107.68 107.281 106.866 106.562 -9999 -9999 -9999 -9999 -9999 -9999 -9999 -9999 -9999 -9999 -9999 -9999 -9999 -9999 -9999 -9999 -9999 -9999 -9999 -9999 -9999 -9999 -9999 -9999 -9999 -9999 -9999 -9999 -9999
143.498 143.572 -9999 143.841 143.946 143.796 143.321 142.554 141.686 -9999 -9999 138.368 136.772 135.206 133.701 132.248 130.841 129.477 128.09 126.783 125.552 124.347 123.283 122.319 121.387 120.482 119.601 118.74 117.896 117.066 116.246 115.434 114.626 113.816 112.999 112.168 111.313 110.413 109.495 108.826 108.487 108.126 107.734 107.302 106.874 106.649 -9999 -9999 -9999 -9999 -9999 -9999 -9999 -9999 -9999 -9999 -9999 -9999 -9999 -9999 -9999 -9999 -9999 -9999 -9999 -9999 -9999 -9999 -9999 -9999 -9999 -9999 -9999 -9999
