Validation/Results/ReClimate_10_2023_1_Temperature.asc
NCOLS 192
NROWS 249
XLLCENTER -225160.85627316462
YLLCENTER 29788.11610251502
CELLSIZE 5000.0
NODATA_VALUE -9999
[rows 204 to 237 of 249, columns 77 to 153 of 192]
-9999 -9999 0.122 -9999 0.147 0.164 0.177 0.188 0.196 0.203 0.213 0.225 0.227 0.226 0.239 0.252 0.257 0.262 0.267 0.269 0.284 0.299 0.304 0.308 0.309 0.307 0.314 0.321 0.317 0.311 0.315 0.317 0.321 0.324 0.332 0.342 0.342 0.341 0.346 0.352 0.355 0.358 0.375 0.394 0.393 0.391 0.415 0.443 0.431 0.415 0.417 0.419 0.425 0.43 0.438 0.448 0.456 0.466 0.465 0.462 0.462 0.461 0.47 0.48 0.495 0.514 0.511 0.506 0.508 0.51 0.519 0.529 0.54 0.554 0.549 0.543 0.542
-9999 -9999 -9999 -9999 -9999 -9999 0.178 0.196 0.203 0.204 0.212 0.219 0.219 0.213 0.226 0.244 0.256 0.283 0.284 0.276 0.288 0.295 0.298 0.298 0.297 0.296 0.299 0.299 0.3 0.314 0.319 0.325 0.326 0.322 0.332 0.346 0.347 0.349 0.35 0.344 0.35 0.363 0.376 0.381 0.382 0.387 0.405 0.418 0.41 0.412 0.418 0.422 0.423 0.426 0.437 0.448 0.454 0.461 0.461 0.458 0.461 0.46 0.47 0.48 0.48 0.488 0.495 0.495 0.509 0.519 0.525 0.532 0.53 0.535 0.535 0.532 0.541
-9999 -9999 -9999 -9999 -9999 -9999 0.184 0.202 0.205 0.207 0.212 0.219 0.216 0.211 0.226 0.242 0.266 0.293 0.288 0.28 0.288 0.294 0.296 0.295 0.295 0.293 0.293 0.292 0.303 0.317 0.323 0.329 0.327 0.324 0.336 0.35 0.352 0.354 0.349 0.343 0.354 0.367 0.373 0.377 0.382 0.387 0.397 0.408 0.41 0.412 0.418 0.423 0.425 0.424 0.436 0.448 0.453 0.458 0.458 0.457 0.458 0.458 0.468 0.478 0.478 0.478 0.483 0.489 0.503 0.519 0.525 0.53 0.528 0.525 0.525 0.525 0.533
-9999 -9999 -9999 -9999 0.141 0.159 0.18 0.207 -9999 0.211 0.217 0.225 0.219 0.204 0.218 -9999 0.247 0.254 0.257 0.276 0.284 0.292 0.296 0.303 0.305 0.308 0.311 0.318 0.325 0.321 0.327 0.333 0.333 0.333 0.343 0.348 0.349 0.346 0.345 0.352 0.358 0.358 0.364 0.373 0.377 0.381 0.387 0.39 0.395 0.399 0.411 0.42 0.425 0.428 0.429 0.436 0.445 0.452 0.466 0.472 0.459 0.451 0.46 0.471 0.484 0.492 0.493 0.497 0.494 0.501 0.503 0.505 0.51 0.511 0.514 0.515 0.526
-9999 -9999 -9999 -9999 0.14 -9999 -9999 -9999 0.215 0.216 0.222 -9999 -9999 -9999 -9999 -9999 0.239 0.241 0.258 0.277 0.285 0.292 0.3 0.308 0.312 0.315 0.322 0.33 0.328 0.325 0.331 0.337 0.339 0.339 0.344 0.349 0.347 0.344 0.351 0.358 0.357 0.356 0.364 0.373 0.376 0.38 0.382 0.384 0.389 0.395 0.406 0.419 0.424 0.429 0.43 0.431 0.439 0.449 0.462 0.475 0.463 0.447 0.456 0.467 0.48 0.495 0.496 0.497 0.495 0.492 0.493 0.494 0.498 0.503 0.506 0.509 0.519
-9999 -9999 -9999 -9999 -9999 -9999 0.177 0.198 0.201 0.207 0.215 -9999 -9999 -9999 -9999 -9999 -9999 -9999 -9999 0.28 0.284 0.283 0.293 0.308 0.31 0.306 0.317 0.341 0.336 0.323 0.329 0.332 0.332 0.327 0.329 0.33 0.335 0.358 0.361 0.356 0.358 0.366 0.369 0.364 0.369 0.38 0.381 0.379 0.391 0.402 0.41 0.421 0.421 0.424 0.422 0.42 0.427 0.435 0.435 0.44 0.435 0.421 0.439 0.455 0.457 0.466 0.472 0.475 0.481 0.483 0.485 0.486 0.498 0.507 0.496 0.49 0.501
-9999 -9999 -9999 -9999 -9999 -9999 -9999 0.192 -9999 -9999 -9999 -9999 -9999 -9999 -9999 -9999 -9999 0.271 0.279 0.283 0.283 0.282 0.295 0.31 0.307 0.303 0.323 0.346 0.337 0.325 0.329 0.333 0.33 0.324 0.325 0.324 0.343 0.365 0.362 0.357 -9999 0.371 0.367 0.362 0.371 0.382 0.381 0.378 0.391 0.405 0.412 0.421 0.422 0.421 0.42 0.416 0.422 0.428 0.428 0.426 0.42 0.412 0.428 0.449 0.451 0.454 0.459 0.465 0.471 0.478 0.48 0.481 0.492 0.506 0.495 0.481 0.492
-9999 -9999 -9999 -9999 -9999 -9999 -9999 -9999 -9999 -9999 -9999 -9999 -9999 -9999 -9999 -9999 -9999 0.271 0.276 0.285 0.289 -9999 -9999 -9999 0.314 0.325 0.336 0.331 0.326 0.33 0.335 0.341 0.341 0.344 0.344 0.34 0.355 0.364 0.365 -9999 0.375 0.371 0.367 0.364 0.372 0.382 0.388 0.408 0.415 0.411 0.408 0.411 0.419 0.422 0.415 0.408 0.413 0.419 0.419 0.418 0.421 0.419 0.421 0.432 0.446 0.456 0.458 0.462 0.47 0.477 0.476 0.475 0.483 0.494 0.497 0.492 0.49
-9999 -9999 -9999 -9999 -9999 -9999 -9999 -9999 -9999 -9999 -9999 -9999 -9999 -9999 -9999 -9999 -9999 -9999 -9999 -9999 -9999 -9999 -9999 -9999 0.321 0.335 0.331 0.326 0.33 0.334 0.341 0.347 0.351 0.354 0.352 0.349 0.357 -9999 -9999 0.379 0.376 0.372 0.37 0.367 0.374 0.383 0.401 0.421 0.418 0.413 0.411 0.408 0.413 0.42 0.414 0.404 0.409 0.415 0.415 0.414 0.417 0.421 0.423 0.425 0.438 0.455 0.458 0.46 0.467 0.476 0.474 0.471 0.478 0.487 0.49 0.494 0.492
-9999 -9999 -9999 -9999 -9999 -9999 -9999 -9999 -9999 -9999 -9999 -9999 -9999 -9999 -9999 -9999 -9999 -9999 -9999 -9999 -9999 -9999 -9999 -9999 0.324 0.331 0.329 0.327 0.329 0.329 0.342 0.37 0.37 0.358 -9999 -9999 -9999 -9999 -9999 0.367 0.365 0.366 0.366 0.373 0.376 0.37 0.386 0.403 0.406 0.421 0.419 0.416 0.418 0.422 0.417 0.409 0.417 0.425 0.424 0.423 0.421 0.422 0.41 0.403 0.43 0.455 0.458 0.462 0.468 0.476 0.472 0.467 0.475 0.484 0.484 0.485 0.481
-9999 -9999 -9999 -9999 -9999 -9999 -9999 -9999 -9999 -9999 -9999 -9999 -9999 -9999 -9999 -9999 -9999 -9999 -9999 -9999 -9999 -9999 -9999 -9999 -9999 -9999 0.331 0.328 0.329 0.329 0.353 0.38 0.368 -9999 -9999 -9999 -9999 0.37 0.368 0.364 0.364 0.365 0.371 0.378 0.373 0.366 0.38 0.396 0.408 0.423 0.422 0.419 0.42 0.422 0.417 0.41 0.418 0.427 0.427 0.425 0.423 0.421 0.41 0.395 0.42 0.453 0.457 0.461 0.468 0.475 0.47 0.465 0.472 0.482 0.481 0.48 0.476
-9999 -9999 -9999 -9999 -9999 -9999 -9999 -9999 -9999 -9999 -9999 -9999 -9999 -9999 -9999 -9999 -9999 -9999 -9999 -9999 -9999 -9999 -9999 -9999 -9999 -9999 -9999 0.331 0.334 0.341 0.359 0.368 -9999 -9999 -9999 -9999 0.375 0.371 0.373 0.38 0.376 0.363 0.37 0.381 0.38 0.384 0.39 0.382 0.393 0.407 0.408 0.406 0.402 0.399 0.411 0.414 0.413 0.416 0.413 0.41 0.418 0.42 0.424 0.419 0.41 0.421 0.443 0.457 0.463 0.469 0.467 0.463 0.462 0.467 0.465 0.463 0.468
-9999 -9999 -9999 -9999 -9999 -9999 -9999 -9999 -9999 -9999 -9999 -9999 -9999 -9999 -9999 -9999 -9999 -9999 -9999 -9999 -9999 -9999 -9999 -9999 -9999 -9999 -9999 -9999 -9999 -9999 -9999 -9999 -9999 -9999 -9999 0.382 0.379 0.373 0.38 0.387 0.376 0.363 0.373 0.383 0.387 0.391 0.385 0.376 0.388 0.401 0.402 0.402 0.397 0.392 0.401 0.414 0.413 0.411 0.408 0.404 0.411 0.419 0.423 0.427 0.419 0.409 0.429 0.455 0.46 0.465 0.463 0.461 0.46 0.46 0.458 0.456 0.46
-9999 -9999 -9999 -9999 -9999 -9999 -9999 -9999 -9999 -9999 -9999 -9999 -9999 -9999 -9999 -9999 -9999 -9999 -9999 -9999 -9999 -9999 -9999 -9999 -9999 -9999 -9999 -9999 -9999 -9999 -9999 -9999 -9999 -9999 0.371 0.377 0.372 0.366 0.374 0.385 0.379 0.378 0.387 0.397 0.398 0.393 0.387 0.378 0.388 0.399 0.398 0.397 0.391 0.385 0.386 0.393 0.393 0.391 0.397 0.397 0.406 0.416 0.41 0.408 0.411 0.408 0.431 0.457 0.449 0.447 0.448 0.447 0.451 0.453 0.455 0.454 0.459
-9999 -9999 -9999 -9999 -9999 -9999 -9999 -9999 -9999 -9999 -9999 -9999 -9999 -9999 -9999 -9999 -9999 -9999 -9999 -9999 -9999 -9999 -9999 -9999 -9999 -9999 -9999 -9999 -9999 -9999 -9999 -9999 -9999 -9999 0.378 0.376 0.371 0.364 0.374 0.385 0.385 0.384 0.393 0.402 0.399 0.394 0.387 0.379 0.388 0.399 0.397 0.396 0.39 0.383 0.384 0.386 0.384 0.384 0.388 0.394 0.403 0.414 0.408 0.4 0.403 0.407 0.429 0.456 0.449 0.439 0.44 0.441 0.445 0.449 0.451 0.453 0.457
-9999 -9999 -9999 -9999 -9999 -9999 -9999 -9999 -9999 -9999 -9999 -9999 -9999 -9999 -9999 -9999 -9999 -9999 -9999 -9999 -9999 0.308 0.314 0.324 0.329 -9999 0.335 -9999 -9999 -9999 -9999 -9999 -9999 -9999 -9999 0.375 0.371 0.367 0.375 0.382 0.381 0.379 0.383 0.382 0.384 0.396 0.389 0.379 0.374 0.375 0.386 0.392 0.393 0.39 0.387 0.386 0.385 0.383 0.383 0.385 0.4 0.414 0.419 0.418 0.414 0.415 0.422 0.44 0.442 0.438 0.437 0.437 0.438 0.44 0.448 0.453 0.457
-9999 -9999 -9999 -9999 -9999 -9999 -9999 -9999 -9999 -9999 -9999 -9999 -9999 -9999 -9999 -9999 -9999 -9999 0.315 0.328 0.32 0.307 0.316 0.325 0.329 0.331 0.338 0.344 0.344 -9999 -9999 0.382 0.389 0.393 0.388 0.374 0.372 0.369 0.375 0.382 0.38 0.377 0.376 0.374 0.385 0.397 0.389 0.38 0.375 0.368 0.377 0.39 0.391 0.393 0.39 0.386 0.385 0.384 0.382 0.382 0.395 0.413 0.418 0.424 0.421 0.416 0.424 0.432 0.434 0.436 0.436 0.435 0.435 0.436 0.443 0.452 0.456
-9999 -9999 -9999 -9999 -9999 -9999 -9999 -9999 -9999 -9999 -9999 -9999 -9999 -9999 -9999 -9999 -9999 0.3 0.316 0.314 0.307 0.3 0.312 0.329 0.336 0.341 0.344 0.337 0.339 0.345 0.364 0.386 0.392 0.397 0.384 0.36 0.359 0.362 0.366 0.368 0.368 0.375 0.376 0.38 0.389 0.397 0.393 0.394 0.392 0.39 0.393 0.402 0.394 0.39 0.391 0.39 0.389 0.389 0.386 0.384 0.387 0.398 0.404 0.41 0.42 0.423 0.423 0.428 0.429 0.431 0.434 0.435 0.431 0.43 0.434 0.441 0.445
-9999 -9999 -9999 -9999 -9999 -9999 -9999 -9999 -9999 -9999 -9999 -9999 -9999 -9999 -9999 -9999 -9999 0.301 0.296 0.307 0.303 0.297 0.313 0.331 0.34 0.348 0.344 0.337 0.343 0.349 0.368 0.389 0.393 0.397 0.378 0.355 0.357 0.359 0.361 0.363 0.368 0.375 0.378 0.382 0.389 0.396 0.398 0.401 0.4 0.398 0.402 0.406 0.399 0.389 0.39 0.391 0.391 0.391 0.389 0.386 0.389 0.392 0.397 0.404 0.413 0.423 0.424 0.424 0.426 0.427 0.43 0.433 0.43 0.427 0.431 0.436 0.439
-9999 -9999 -9999 -9999 -9999 -9999 -9999 -9999 -9999 -9999 -9999 -9999 -9999 -9999 -9999 -9999 -9999 0.289 0.292 0.282 0.282 0.29 0.307 0.327 0.34 0.361 0.36 0.355 0.364 0.379 0.389 0.384 0.385 0.385 0.373 0.37 0.37 0.363 0.363 0.36 0.364 0.369 0.372 0.379 0.381 0.377 0.382 0.395 0.394 0.391 0.386 0.384 0.392 0.391 0.389 0.388 0.391 0.393 0.39 0.387 0.389 0.392 0.392 0.395 0.402 0.41 0.415 0.417 0.408 0.403 0.409 0.414 0.428 0.434 0.433 0.436 0.443
-9999 -9999 -9999 -9999 -9999 -9999 -9999 -9999 -9999 -9999 -9999 -9999 -9999 0.262 0.268 -9999 0.278 0.276 0.274 0.271 0.279 0.288 0.306 0.325 0.346 0.367 0.368 0.364 0.377 0.391 0.387 0.381 0.38 0.38 0.378 0.377 0.372 0.365 0.363 0.36 0.363 0.366 0.371 0.378 0.374 0.369 0.38 0.393 0.391 0.388 0.383 0.377 0.383 0.391 0.389 0.387 0.39 0.394 0.391 0.388 0.39 0.392 0.392 0.392 0.397 0.404 0.408 0.413 0.404 0.393 0.398 0.406 0.419 0.435 0.434 0.434 0.441
-9999 -9999 -9999 -9999 -9999 -9999 -9999 -9999 -9999 -9999 -9999 -9999 -9999 0.259 0.264 0.262 0.268 0.278 0.279 0.28 0.287 0.292 0.308 0.321 0.342 0.364 0.368 0.375 0.383 0.384 0.384 0.393 0.392 0.385 0.384 0.384 0.38 0.374 0.373 0.371 0.374 0.375 0.378 0.375 0.375 0.38 0.388 0.39 0.39 0.39 0.378 0.367 0.378 0.388 0.39 0.39 0.389 0.39 0.389 0.386 0.388 0.39 0.387 0.384 0.385 0.388 0.384 0.383 0.385 0.38 0.385 0.392 0.396 0.406 0.424 0.433 0.427
-9999 -9999 -9999 -9999 -9999 -9999 -9999 -9999 -9999 -9999 -9999 -9999 0.229 0.255 0.257 0.256 0.268 0.278 0.281 0.283 0.288 0.293 0.307 0.32 0.34 0.361 0.371 0.377 0.38 0.381 0.389 0.398 0.393 0.387 0.387 0.387 0.383 0.378 0.377 0.376 0.378 0.379 0.377 0.375 0.379 0.385 0.387 0.39 0.391 0.391 0.379 0.365 0.375 0.387 0.389 0.392 0.39 0.389 0.387 0.386 0.388 0.389 0.386 0.382 0.382 0.383 0.378 0.373 0.374 0.376 0.381 0.387 0.391 0.395 0.411 0.431 0.425
-9999 -9999 -9999 -9999 -9999 -9999 -9999 -9999 -9999 -9999 -9999 -9999 -9999 0.247 0.249 0.245 0.258 0.274 0.278 0.279 0.284 0.292 0.304 0.314 0.331 0.345 0.357 0.372 0.373 0.367 0.372 0.375 0.374 0.384 0.383 0.383 0.378 0.373 0.375 0.381 0.385 0.394 0.392 0.384 0.387 0.384 0.384 0.382 0.379 0.377 0.375 0.366 0.369 0.378 0.376 0.377 0.377 -9999 0.379 0.379 0.385 0.389 0.389 0.387 0.384 0.383 0.388 0.388 0.373 0.366 0.379 0.392 0.39 0.393 0.398 0.41 0.415
-9999 -9999 -9999 -9999 -9999 -9999 -9999 -9999 -9999 -9999 -9999 -9999 0.216 0.239 0.241 0.238 0.254 0.27 0.273 0.275 0.281 0.288 0.299 0.309 0.323 0.337 0.353 0.369 0.367 0.362 0.364 0.366 0.374 0.383 0.382 0.382 0.377 0.371 0.377 0.383 0.391 0.401 0.395 0.388 0.386 0.383 0.382 0.379 0.376 0.372 0.37 0.368 0.371 0.375 0.374 0.373 0.373 0.375 -9999 0.378 -9999 0.389 -9999 0.39 -9999 0.384 0.388 0.394 0.38 0.363 0.376 0.394 -9999 -9999 -9999 0.403 0.407
-9999 -9999 -9999 -9999 -9999 -9999 -9999 -9999 -9999 -9999 -9999 -9999 0.208 0.228 0.233 0.238 0.255 0.272 0.276 0.276 0.28 0.28 0.29 0.298 0.311 0.325 0.337 0.342 0.342 0.34 0.345 0.361 0.366 0.368 0.368 0.371 0.369 0.373 0.377 0.381 0.389 0.398 0.394 0.391 0.386 0.373 0.369 0.362 0.361 0.363 0.364 0.362 0.371 0.379 0.379 0.379 0.39 0.397 -9999 -9999 0.395 0.403 -9999 -9999 0.382 0.383 0.378 -9999 -9999 -9999 -9999 -9999 -9999 -9999 -9999 -9999 -9999
-9999 -9999 -9999 -9999 -9999 -9999 -9999 -9999 -9999 -9999 -9999 0.171 0.193 0.215 0.224 0.231 0.249 0.268 0.271 0.272 0.273 0.273 0.283 0.291 0.305 0.319 0.326 0.331 0.333 0.332 0.345 0.36 0.362 0.363 0.365 0.367 0.371 0.374 0.377 0.381 0.388 0.397 0.395 0.392 0.382 0.369 0.363 0.356 0.358 0.36 0.361 0.361 0.37 0.381 0.381 -9999 -9999 -9999 0.404 -9999 -9999 -9999 -9999 -9999 -9999 0.379 -9999 -9999 -9999 -9999 -9999 -9999 -9999 -9999 -9999 -9999 -9999
-9999 -9999 -9999 -9999 -9999 -9999 -9999 -9999 -9999 -9999 0.134 0.151 0.173 0.192 0.206 0.225 0.24 0.246 0.253 0.267 0.271 0.277 0.289 0.302 0.316 0.327 0.334 0.338 0.346 0.355 0.367 0.372 0.373 -9999 -9999 -9999 -9999 -9999 0.387 0.389 0.397 0.408 0.404 0.391 0.378 0.358 0.357 0.364 -9999 0.37 -9999 -9999 -9999 -9999 -9999 0.395 0.402 0.402 0.392 0.387 0.39 -9999 -9999 -9999 -9999 -9999 -9999 -9999 -9999 -9999 -9999 -9999 -9999 -9999 -9999 -9999 -9999
-9999 -9999 -9999 -9999 -9999 -9999 -9999 -9999 -9999 0.097 0.114 0.132 0.155 0.175 0.195 0.215 0.224 0.232 0.246 0.259 0.267 0.275 0.29 0.304 0.316 0.328 0.335 0.34 0.353 0.365 -9999 -9999 -9999 -9999 -9999 -9999 -9999 -9999 -9999 -9999 0.406 0.413 0.403 0.39 0.374 0.355 0.361 0.367 0.372 -9999 -9999 -9999 -9999 -9999 -9999 -9999 0.4 0.4 0.391 0.383 -9999 -9999 -9999 -9999 -9999 -9999 -9999 -9999 -9999 -9999 -9999 -9999 -9999 -9999 -9999 -9999 -9999
-9999 -9999 -9999 -9999 -9999 -9999 -9999 0.08 0.081 0.084 0.097 0.111 0.132 0.146 0.168 0.192 0.204 0.218 0.235 0.258 0.264 0.267 0.282 0.296 0.308 0.318 0.328 0.344 -9999 -9999 -9999 -9999 -9999 -9999 -9999 -9999 -9999 -9999 -9999 -9999 -9999 0.406 -9999 -9999 -9999 -9999 -9999 0.381 0.382 -9999 -9999 -9999 -9999 -9999 -9999 -9999 -9999 -9999 0.395 0.394 -9999 -9999 -9999 -9999 -9999 -9999 -9999 -9999 -9999 -9999 -9999 -9999 -9999 -9999 -9999 -9999 -9999
-9999 -9999 -9999 -9999 -9999 -9999 0.076 -9999 0.076 0.073 0.079 0.091 0.108 0.123 0.149 0.174 0.19 0.205 0.228 0.251 0.255 0.258 0.274 0.289 0.3 0.311 0.327 0.344 -9999 -9999 -9999 -9999 -9999 -9999 -9999 -9999 -9999 -9999 -9999 -9999 -9999 -9999 0.386 -9999 -9999 -9999 -9999 -9999 -9999 -9999 -9999 -9999 -9999 -9999 -9999 -9999 -9999 -9999 -9999 -9999 -9999 -9999 -9999 -9999 -9999 -9999 -9999 -9999 -9999 -9999 -9999 -9999 -9999 -9999 -9999 -9999 -9999
-9999 -9999 -9999 -9999 -9999 0.072 0.073 0.082 0.08 0.075 0.079 0.087 0.103 0.124 0.148 0.161 0.176 -9999 0.204 0.227 0.235 0.249 0.268 0.289 0.3 0.304 0.322 -9999 -9999 -9999 -9999 -9999 -9999 -9999 -9999 -9999 -9999 -9999 -9999 -9999 -9999 -9999 -9999 -9999 -9999 -9999 -9999 -9999 -9999 -9999 -9999 -9999 -9999 -9999 -9999 -9999 -9999 -9999 -9999 -9999 -9999 -9999 -9999 -9999 -9999 -9999 -9999 -9999 -9999 -9999 -9999 -9999 -9999 -9999 -9999 -9999 -9999
-9999 -9999 -9999 -9999 -9999 0.069 0.076 0.079 0.077 0.073 0.075 0.079 0.091 0.11 0.129 0.145 0.155 0.162 0.186 0.21 0.224 0.239 0.261 0.284 0.292 0.297 0.318 -9999 -9999 -9999 -9999 -9999 -9999 -9999 -9999 -9999 -9999 -9999 -9999 -9999 -9999 -9999 -9999 -9999 -9999 -9999 -9999 -9999 -9999 -9999 -9999 -9999 -9999 -9999 -9999 -9999 -9999 -9999 -9999 -9999 -9999 -9999 -9999 -9999 -9999 -9999 -9999 -9999 -9999 -9999 -9999 -9999 -9999 -9999 -9999 -9999 -9999
-9999 -9999 -9999 -9999 0.059 0.052 0.053 0.049 0.05 0.057 0.063 0.079 0.083 0.084 0.103 0.132 0.151 0.176 0.197 0.205 0.221 0.237 0.258 0.277 0.288 0.297 -9999 -9999 -9999 -9999 -9999 -9999 -9999 -9999 -9999 -9999 -9999 -9999 -9999 -9999 -9999 -9999 -9999 -9999 -9999 -9999 -9999 -9999 -9999 -9999 -9999 -9999 -9999 -9999 -9999 -9999 -9999 -9999 -9999 -9999 -9999 -9999 -9999 -9999 -9999 -9999 -9999 -9999 -9999 -9999 -9999 -9999 -9999 -9999 -9999 -9999 -9999
