Validation/Results/ReClimate_10_2023_1_Precipitation-Actualsweatherlogisticsltd.asc
NCOLS 192
NROWS 249
XLLCENTER -225160.85627316462
YLLCENTER 29788.11610251502
CELLSIZE 5000.0
NODATA_VALUE -9999
[rows 99 to 131 of 249, columns 74 to 147 of 192]
259.865 258.963 273.947 275.023 282.489 294.021 297.042 302.18 -9999 -9999 203.294 314.049 347.487 390.082 362.582 373.17 365.021 311.709 299.374 273.546 262.726 257.019 236.052 203.41 183.499 173.471 151.605 146.182 135.866 126.975 119.234 111.46 107.17 106.648 98.382 91.878 82.742 73.038 74.68 82.739 78.507 72.748 72.933 73.662 67.319 -9999 -9999 -9999 -9999 -9999 -9999 -9999 -9999 -9999 -9999 -9999 -9999 -9999 -9999 -9999 -9999 -9999 -9999 -9999 -9999 -9999 -9999 -9999 -9999 -9999 -9999 -9999 -9999 -9999
230.344 274.492 266.247 -9999 -9999 261.416 278.819 -9999 -9999 -9999 216.055 289.361 396.425 397.516 418.155 366.174 318.168 305.046 332.631 325.405 289.006 275.224 230.112 223.007 219.746 186.901 153.345 170.776 183.292 163.368 136.58 120.727 110.964 99.073 80.692 77.163 73.455 79.68 95.598 92.584 89.669 87.308 83.712 72.542 65.388 -9999 -9999 -9999 -9999 -9999 -9999 -9999 -9999 -9999 -9999 -9999 -9999 -9999 -9999 -9999 -9999 -9999 -9999 -9999 -9999 -9999 -9999 -9999 -9999 -9999 -9999 -9999 -9999 -9999
226.585 -9999 270.659 276.474 294.914 -9999 -9999 -9999 -9999 242.081 242.539 321.371 360.984 374.226 373.759 347.15 337.561 356.156 385.585 349.649 340.088 266.955 244.356 243.359 203.982 162.249 184.131 219.328 204.737 152.541 143.914 127.771 111.742 90.767 80.959 76.172 79.782 98.908 90.829 89.038 87.449 84.976 74.843 62.753 -9999 -9999 -9999 -9999 -9999 -9999 -9999 -9999 -9999 -9999 -9999 -9999 -9999 -9999 -9999 -9999 -9999 -9999 -9999 -9999 -9999 -9999 -9999 -9999 -9999 -9999 -9999 -9999 -9999 -9999
239.216 308.413 362.451 404.506 420.63 331.052 269.279 -9999 -9999 235.548 -9999 -9999 278.934 366.581 358.184 322.867 349.977 392.187 362.966 393.025 364.163 293.779 243.151 197.376 213.457 213.775 233.663 222.918 189.6 192.087 165.66 127.622 103.673 89.723 83.312 83.044 94.676 81.097 74.516 78.438 75.639 72.216 67.111 -9999 -9999 -9999 -9999 -9999 -9999 -9999 -9999 -9999 -9999 -9999 -9999 -9999 -9999 -9999 -9999 -9999 -9999 -9999 -9999 -9999 -9999 -9999 -9999 -9999 -9999 -9999 -9999 -9999 -9999 -9999
269.34 305.147 359.994 430.304 391.991 -9999 -9999 -9999 240.352 263.427 269.952 286.767 303.386 312.489 283.033 295.488 350.285 362.493 356.982 332.971 303.985 272.711 239.22 245.048 207.89 220.981 202.58 200.003 198.716 165.24 143.163 118.222 100.144 89.335 80.687 82.535 75.409 67.069 -9999 -9999 69.533 -9999 -9999 -9999 -9999 -9999 -9999 -9999 -9999 -9999 -9999 -9999 -9999 -9999 -9999 -9999 -9999 -9999 -9999 -9999 -9999 -9999 -9999 -9999 -9999 -9999 -9999 -9999 -9999 -9999 -9999 -9999 -9999 -9999
256.919 290.414 348.657 -9999 351.504 -9999 -9999 -9999 253.934 287.367 304.309 302.003 287.511 293.938 306.668 346.371 384.409 358.974 340.225 331.429 325.053 277.753 250.259 214.726 219.214 217.243 192.304 167.769 131.858 131.475 117.636 103.881 94.768 83.943 76.975 75.878 67.591 -9999 74.012 69.102 67.464 71.819 -9999 -9999 -9999 -9999 -9999 -9999 -9999 -9999 -9999 -9999 -9999 -9999 -9999 -9999 -9999 -9999 -9999 -9999 -9999 -9999 -9999 -9999 -9999 -9999 -9999 -9999 -9999 -9999 -9999 -9999 -9999 -9999
-9999 254.812 -9999 -9999 -9999 -9999 276.234 271.098 286.647 300.5 316.353 307.982 319.327 342.206 340.285 360.77 362.631 390.475 353.823 348.837 311.896 302.987 256.906 258.069 270.822 226.734 206.939 177.982 145.732 121.186 109.341 94.263 87.337 84.812 84.613 -9999 78.0 77.379 71.288 70.76 67.319 74.705 -9999 -9999 -9999 -9999 -9999 -9999 -9999 -9999 -9999 -9999 -9999 -9999 -9999 -9999 -9999 -9999 -9999 -9999 -9999 -9999 -9999 -9999 -9999 -9999 -9999 -9999 -9999 -9999 -9999 -9999 -9999 -9999
-9999 -9999 -9999 -9999 -9999 -9999 276.056 246.185 258.217 300.572 325.524 312.515 326.94 304.79 307.326 342.306 400.512 387.376 344.627 337.254 322.671 267.662 261.815 294.843 248.877 249.479 234.991 179.077 151.2 131.255 112.27 113.551 115.411 114.282 114.484 103.151 86.133 80.605 84.361 87.684 80.958 80.787 78.926 -9999 -9999 -9999 -9999 -9999 -9999 -9999 -9999 -9999 -9999 -9999 -9999 -9999 -9999 -9999 -9999 -9999 -9999 -9999 -9999 -9999 -9999 -9999 -9999 -9999 -9999 -9999 -9999 -9999 -9999 -9999
-9999 -9999 -9999 -9999 -9999 266.862 -9999 -9999 260.696 304.937 311.198 324.044 307.196 -9999 -9999 365.337 411.551 415.692 337.171 310.435 283.994 255.728 255.44 235.132 215.943 203.704 167.109 150.954 145.382 144.181 161.464 167.829 147.441 136.516 122.337 109.966 102.153 90.892 98.312 88.239 92.699 88.582 80.47 72.655 -9999 -9999 -9999 -9999 -9999 -9999 -9999 -9999 -9999 -9999 -9999 -9999 -9999 -9999 -9999 -9999 -9999 -9999 -9999 -9999 -9999 -9999 -9999 -9999 -9999 -9999 -9999 -9999 -9999 -9999
-9999 -9999 -9999 -9999 -9999 249.519 -9999 236.304 255.403 275.434 304.789 304.867 295.336 289.472 331.232 367.684 375.454 310.033 312.657 328.477 262.698 241.736 230.105 208.225 176.719 153.057 132.763 134.326 152.101 198.875 211.39 174.406 150.849 129.238 118.708 110.373 101.435 97.728 90.064 82.328 77.102 77.332 71.967 -9999 -9999 -9999 -9999 -9999 -9999 -9999 -9999 -9999 -9999 -9999 -9999 -9999 -9999 -9999 -9999 -9999 -9999 -9999 -9999 -9999 -9999 -9999 -9999 -9999 -9999 -9999 -9999 -9999 -9999 -9999
-9999 -9999 -9999 -9999 -9999 232.178 -9999 218.182 218.183 254.543 269.514 279.86 -9999 317.371 319.354 -9999 322.599 309.71 312.457 265.364 269.665 231.814 216.577 164.045 141.827 130.349 132.163 125.272 150.999 149.605 136.021 133.634 123.708 120.165 110.473 104.026 94.742 86.941 80.1 -9999 -9999 -9999 -9999 -9999 -9999 -9999 -9999 -9999 -9999 -9999 -9999 -9999 -9999 -9999 -9999 -9999 -9999 -9999 -9999 -9999 -9999 -9999 -9999 -9999 -9999 -9999 -9999 -9999 -9999 -9999 -9999 -9999 -9999 -9999
-9999 -9999 -9999 210.125 218.322 -9999 -9999 199.144 231.316 251.463 246.66 260.838 321.658 308.541 340.909 -9999 270.692 282.344 261.506 245.563 228.582 222.392 175.762 161.987 150.907 159.241 154.766 132.88 127.273 110.556 106.994 110.509 113.886 115.484 108.201 105.114 95.964 83.604 -9999 -9999 -9999 -9999 -9999 -9999 -9999 -9999 -9999 -9999 -9999 -9999 -9999 -9999 -9999 -9999 -9999 -9999 -9999 -9999 -9999 -9999 -9999 -9999 -9999 -9999 -9999 -9999 -9999 -9999 -9999 -9999 -9999 -9999 -9999 -9999
-9999 -9999 189.717 196.962 206.712 -9999 207.833 231.37 249.277 242.262 -9999 297.726 302.37 331.034 347.227 -9999 260.947 253.954 222.668 191.054 188.253 169.629 165.421 157.051 154.511 189.839 166.32 153.495 132.502 -9999 94.956 98.422 100.381 98.405 101.621 105.733 92.578 -9999 -9999 -9999 -9999 -9999 -9999 -9999 -9999 -9999 -9999 -9999 -9999 -9999 -9999 -9999 -9999 -9999 -9999 -9999 -9999 -9999 -9999 -9999 -9999 -9999 -9999 -9999 -9999 -9999 -9999 -9999 -9999 -9999 -9999 -9999 -9999 -9999
-9999 -9999 176.559 180.661 -9999 -9999 224.947 253.936 254.538 -9999 265.45 290.188 306.411 326.141 318.064 -9999 229.585 200.676 188.104 181.987 179.166 176.261 180.524 207.694 228.219 220.565 201.316 158.794 125.973 104.199 94.19 -9999 -9999 92.268 98.6 -9999 -9999 -9999 -9999 -9999 -9999 65.044 65.504 64.789 -9999 -9999 -9999 -9999 -9999 -9999 -9999 -9999 -9999 -9999 -9999 -9999 -9999 -9999 -9999 -9999 -9999 -9999 -9999 -9999 -9999 -9999 -9999 -9999 -9999 -9999 -9999 -9999 -9999 -9999
-9999 188.038 196.853 -9999 -9999 212.295 230.713 233.565 260.672 -9999 257.498 280.989 276.817 278.866 298.274 -9999 -9999 -9999 193.948 184.816 180.456 182.383 194.568 199.176 190.524 184.693 167.065 142.007 130.063 118.661 104.341 94.599 92.691 94.681 79.173 -9999 -9999 -9999 -9999 -9999 69.364 66.221 71.503 66.702 65.2 -9999 -9999 -9999 -9999 -9999 -9999 -9999 -9999 -9999 -9999 -9999 -9999 -9999 -9999 -9999 -9999 -9999 -9999 -9999 -9999 -9999 -9999 -9999 -9999 -9999 -9999 -9999 -9999 -9999
209.368 214.947 208.507 -9999 -9999 -9999 192.114 237.162 243.433 -9999 233.024 -9999 235.108 256.111 240.223 -9999 203.933 211.9 205.387 -9999 162.672 156.53 161.92 156.903 150.744 152.923 148.4 140.265 133.156 124.691 110.106 110.09 105.364 89.568 78.91 72.591 73.136 73.886 -9999 70.052 70.538 72.658 74.165 81.944 83.453 87.847 67.91 -9999 -9999 -9999 -9999 -9999 -9999 -9999 -9999 -9999 -9999 -9999 -9999 -9999 -9999 -9999 -9999 -9999 -9999 -9999 -9999 -9999 -9999 -9999 -9999 -9999 -9999 -9999
210.681 224.824 -9999 -9999 -9999 -9999 211.888 245.643 221.552 -9999 201.956 -9999 206.119 203.743 -9999 217.318 231.47 252.765 236.049 192.848 153.836 140.126 133.915 128.543 131.216 126.678 128.641 130.422 126.879 122.4 112.836 112.997 106.751 108.686 91.16 85.663 87.95 80.001 76.997 73.669 73.837 76.627 81.601 97.452 100.129 107.812 99.703 83.376 76.452 81.708 -9999 -9999 -9999 -9999 -9999 -9999 -9999 -9999 -9999 -9999 -9999 -9999 -9999 -9999 -9999 -9999 -9999 -9999 -9999 -9999 -9999 -9999 -9999 -9999
-9999 211.791 -9999 -9999 -9999 -9999 218.396 219.408 223.318 216.802 -9999 -9999 169.444 177.24 -9999 202.499 239.899 280.85 240.36 189.749 154.599 144.661 131.027 123.838 112.322 109.933 115.395 122.173 128.731 127.507 126.092 116.839 125.511 112.148 109.245 112.345 95.229 81.065 76.608 81.564 81.482 92.058 116.325 124.256 120.953 120.902 110.528 112.778 89.062 81.73 81.338 -9999 -9999 -9999 -9999 -9999 -9999 -9999 -9999 -9999 -9999 -9999 -9999 -9999 -9999 -9999 -9999 -9999 -9999 -9999 -9999 -9999 -9999 -9999
215.742 -9999 -9999 -9999 -9999 -9999 189.331 199.394 219.474 196.953 -9999 -9999 170.928 167.823 -9999 -9999 235.023 235.37 212.455 185.563 177.189 165.451 148.598 133.14 128.494 114.087 114.742 125.478 129.502 136.011 137.032 140.553 130.92 129.004 131.889 114.215 96.915 94.76 91.661 91.141 104.631 120.939 128.539 132.282 125.724 114.831 107.081 96.09 86.737 88.919 82.445 -9999 -9999 -9999 -9999 -9999 -9999 -9999 -9999 -9999 -9999 -9999 -9999 -9999 -9999 -9999 -9999 -9999 -9999 -9999 -9999 -9999 -9999 -9999
199.451 -9999 -9999 -9999 -9999 -9999 174.073 197.202 211.189 -9999 -9999 -9999 -9999 164.248 -9999 168.173 200.362 207.773 193.04 187.425 188.468 181.905 174.405 166.581 149.464 132.61 124.596 118.012 121.529 127.653 138.536 137.623 133.689 131.629 119.611 108.604 102.721 110.233 117.854 116.076 112.97 115.069 112.414 110.094 111.411 108.872 96.951 84.157 84.097 84.09 83.563 80.298 -9999 -9999 -9999 -9999 -9999 -9999 -9999 -9999 -9999 -9999 -9999 -9999 -9999 -9999 -9999 -9999 -9999 -9999 -9999 -9999 -9999 -9999
183.006 -9999 -9999 -9999 185.174 181.589 185.562 201.703 -9999 -9999 243.058 -9999 -9999 -9999 -9999 158.355 179.466 181.135 176.759 174.928 177.205 191.667 194.276 186.244 171.958 151.639 137.959 119.448 110.548 119.686 120.733 115.417 120.734 111.321 117.29 124.613 122.65 137.89 143.97 132.524 121.983 113.841 100.375 96.849 98.928 101.632 93.076 82.501 81.021 81.836 78.421 76.744 -9999 -9999 -9999 -9999 -9999 -9999 -9999 -9999 -9999 -9999 -9999 -9999 -9999 -9999 -9999 -9999 -9999 -9999 -9999 -9999 -9999 -9999
-9999 -9999 -9999 -9999 -9999 190.949 197.427 217.404 -9999 229.702 263.302 282.097 -9999 -9999 -9999 -9999 148.399 149.989 151.309 157.614 166.282 175.735 183.082 183.17 178.362 157.547 136.869 118.491 121.714 111.114 105.844 108.827 117.991 116.103 131.327 120.659 133.886 134.353 136.564 137.017 127.76 110.84 97.37 91.573 87.053 86.036 85.278 76.791 77.24 79.728 81.366 81.359 80.859 -9999 -9999 -9999 -9999 -9999 -9999 -9999 -9999 -9999 -9999 -9999 -9999 -9999 -9999 -9999 -9999 -9999 -9999 -9999 -9999 -9999
-9999 -9999 -9999 -9999 -9999 195.665 212.235 231.882 -9999 198.323 256.553 287.29 -9999 -9999 -9999 -9999 -9999 132.717 136.377 149.026 161.767 161.748 165.269 175.755 175.954 179.929 165.479 150.469 127.667 118.133 109.889 110.453 107.78 113.376 125.73 127.625 126.9 130.673 125.641 107.929 102.688 94.088 94.382 85.992 83.587 83.877 74.901 75.327 74.47 78.745 86.517 90.649 84.988 83.186 -9999 -9999 -9999 -9999 -9999 -9999 -9999 -9999 -9999 -9999 -9999 -9999 -9999 -9999 -9999 -9999 -9999 -9999 -9999 -9999
-9999 -9999 -9999 -9999 -9999 201.574 225.637 -9999 -9999 182.91 237.566 264.726 218.899 -9999 -9999 -9999 -9999 -9999 129.845 147.04 156.098 159.008 174.069 186.304 192.611 195.434 180.89 164.851 146.881 140.21 124.638 123.308 128.913 144.56 143.612 170.021 146.153 149.271 124.093 134.739 120.008 105.582 94.481 87.719 85.964 80.54 80.838 84.633 88.564 82.65 89.23 86.713 96.011 89.288 85.965 83.105 -9999 -9999 -9999 -9999 -9999 -9999 -9999 -9999 -9999 -9999 -9999 -9999 -9999 -9999 -9999 -9999 -9999 -9999
-9999 -9999 -9999 -9999 -9999 214.952 195.005 -9999 -9999 195.357 227.094 226.532 -9999 -9999 -9999 -9999 -9999 -9999 123.336 131.068 141.449 147.109 161.366 167.934 177.519 181.045 181.347 181.228 161.501 147.406 150.449 162.255 183.491 169.466 187.48 195.038 182.361 144.276 148.534 141.221 107.076 100.925 93.648 87.603 88.344 85.099 79.171 87.958 96.076 110.983 112.678 103.223 101.505 100.453 92.73 89.023 -9999 -9999 -9999 -9999 -9999 -9999 -9999 -9999 -9999 -9999 -9999 -9999 -9999 -9999 -9999 -9999 -9999 -9999
-9999 -9999 -9999 -9999 -9999 203.745 180.511 -9999 -9999 -9999 189.038 189.243 172.223 -9999 -9999 -9999 -9999 -9999 118.927 130.276 134.665 142.264 149.153 158.021 175.804 194.638 207.816 186.764 174.031 164.283 161.941 169.15 179.39 186.547 218.987 203.724 178.41 171.148 157.285 119.238 116.466 102.196 97.831 90.389 83.789 88.413 95.543 106.353 128.619 149.904 143.564 126.607 110.785 104.087 100.692 95.808 -9999 -9999 -9999 -9999 -9999 -9999 -9999 -9999 -9999 -9999 -9999 -9999 -9999 -9999 -9999 -9999 -9999 -9999
-9999 -9999 -9999 -9999 220.603 201.029 184.771 -9999 -9999 -9999 -9999 -9999 -9999 -9999 -9999 -9999 -9999 -9999 137.63 146.181 148.808 149.167 154.133 159.524 170.746 192.299 208.298 200.876 190.883 196.43 188.256 197.171 206.677 228.21 233.393 221.935 203.389 201.801 162.419 146.089 123.65 114.002 98.083 90.845 96.018 96.845 111.816 133.505 161.788 159.587 157.083 125.787 108.407 104.211 101.675 101.117 85.173 -9999 -9999 -9999 -9999 -9999 -9999 -9999 -9999 -9999 -9999 -9999 -9999 -9999 -9999 -9999 -9999 -9999
-9999 -9999 -9999 224.64 220.416 210.657 182.665 -9999 -9999 -9999 -9999 -9999 -9999 -9999 -9999 -9999 145.882 143.113 151.552 166.993 180.719 184.422 181.234 179.945 183.661 194.293 188.87 206.529 217.962 215.37 229.622 221.774 208.444 207.602 240.012 216.511 225.355 196.977 170.375 144.555 124.156 108.624 109.136 101.975 97.281 104.382 122.08 146.97 144.018 152.885 151.672 126.998 105.125 100.051 107.571 104.1 91.969 -9999 -9999 -9999 -9999 -9999 -9999 -9999 -9999 -9999 -9999 -9999 -9999 -9999 -9999 -9999 -9999 -9999
-9999 -9999 -9999 219.475 188.02 163.877 -9999 -9999 -9999 -9999 -9999 -9999 -9999 -9999 -9999 -9999 148.68 149.611 169.594 190.904 207.259 204.317 224.816 238.878 233.412 224.538 225.34 207.119 208.182 230.712 236.804 219.56 197.163 201.444 213.338 233.244 215.114 202.324 178.887 158.188 130.17 127.758 123.094 116.551 114.716 135.309 152.455 150.457 141.162 136.579 121.565 117.221 118.035 118.431 109.977 105.429 96.659 -9999 -9999 -9999 -9999 -9999 -9999 -9999 -9999 -9999 -9999 -9999 -9999 -9999 -9999 -9999 -9999 -9999
-9999 -9999 -9999 -9999 -9999 -9999 -9999 -9999 -9999 -9999 -9999 -9999 -9999 -9999 -9999 -9999 156.637 166.775 193.387 217.341 227.54 227.928 258.478 273.694 296.831 261.972 222.72 207.307 213.092 225.608 253.233 232.039 191.376 189.215 212.396 222.139 216.341 201.92 193.612 167.383 167.789 166.848 156.026 156.696 165.144 171.126 148.772 143.147 133.398 124.501 124.601 110.989 109.425 112.718 109.094 99.274 93.774 -9999 -9999 -9999 -9999 -9999 -9999 -9999 -9999 -9999 -9999 -9999 -9999 -9999 -9999 -9999 -9999 -9999
-9999 -9999 -9999 -9999 -9999 -9999 -9999 -9999 -9999 -9999 -9999 -9999 -9999 -9999 -9999 167.338 178.361 200.316 227.144 265.321 242.036 244.619 255.019 291.789 276.776 250.874 220.534 204.354 180.969 190.495 203.364 204.218 187.698 175.68 186.118 198.023 198.203 197.448 193.152 194.582 177.385 181.249 173.433 171.525 189.786 160.133 158.456 140.881 119.641 126.416 124.68 121.961 109.593 104.223 99.228 94.335 91.288 -9999 -9999 -9999 -9999 -9999 -9999 -9999 -9999 -9999 -9999 -9999 -9999 -9999 -9999 -9999 -9999 -9999
-9999 -9999 -9999 -9999 -9999 -9999 -9999 -9999 -9999 -9999 -9999 -9999 -9999 -9999 -9999 184.498 202.995 230.218 273.786 274.049 271.896 265.757 283.679 258.501 245.333 224.176 209.807 193.525 163.569 166.01 189.058 194.999 180.746 154.855 161.976 169.269 173.561 185.857 203.15 171.322 190.808 182.529 170.77 195.021 170.239 162.97 147.787 123.547 124.757 120.186 116.325 122.316 114.682 108.047 103.969 94.477 88.958 -9999 -9999 -9999 -9999 -9999 -9999 -9999 -9999 -9999 -9999 -9999 -9999 -9999 -9999 -9999 -9999 -9999
-9999 -9999 -9999 -9999 -9999 -9999 -9999 -9999 -9999 -9999 -9999 -9999 -9999 -9999 185.767 200.658 220.648 255.817 263.365 281.537 305.604 305.65 289.289 246.147 220.081 208.397 207.385 198.858 172.857 170.269 183.844 176.864 147.79 138.993 146.043 162.762 171.671 196.349 176.583 178.265 193.054 176.004 182.28 178.904 158.207 152.126 131.614 131.238 126.123 118.711 119.943 114.991 104.048 105.208 106.051 96.874 89.837 88.106 -9999 -9999 -9999 -9999 -9999 -9999 -9999 -9999 -9999 -9999 -9999 -9999 -9999 -9999 -9999 -9999
