Validation/Results/ReClimate_10_2023_1_Precipitation-Actualsweatherlogisticsltd.asc
NCOLS 192
NROWS 249
XLLCENTER -225160.85627316462
YLLCENTER 29788.11610251502
CELLSIZE 5000.0
NODATA_VALUE -9999
[rows 66 to 98 of 249, columns 74 to 147 of 192]
-9999 -9999 -9999 -9999 -9999 -9999 -9999 -9999 -9999 -9999 -9999 137.046 -9999 147.848 179.601 219.477 227.353 233.303 206.967 191.305 161.307 141.177 119.11 125.906 133.73 122.923 122.171 121.911 117.2 117.93 108.151 104.404 -9999 -9999 -9999 -9999 -9999 -9999 -9999 -9999 -9999 -9999 -9999 -9999 -9999 -9999 -9999 -9999 -9999 -9999 -9999 -9999 -9999 -9999 -9999 -9999 -9999 -9999 -9999 -9999 -9999 -9999 -9999 -9999 -9999 -9999 -9999 -9999 -9999 -9999 -9999 -9999 -9999 -9999
-9999 -9999 -9999 -9999 -9999 -9999 -9999 -9999 -9999 -9999 -9999 -9999 139.24 172.427 180.691 202.999 205.229 199.545 192.119 181.278 156.374 135.39 124.304 120.13 116.566 112.124 114.606 113.579 112.921 100.134 -9999 -9999 -9999 -9999 -9999 -9999 -9999 -9999 -9999 -9999 -9999 -9999 -9999 -9999 -9999 -9999 -9999 -9999 -9999 -9999 -9999 -9999 -9999 -9999 -9999 -9999 -9999 -9999 -9999 -9999 -9999 -9999 -9999 -9999 -9999 -9999 -9999 -9999 -9999 -9999 -9999 -9999 -9999 -9999
-9999 -9999 -9999 -9999 -9999 -9999 -9999 -9999 -9999 -9999 -9999 -9999 166.651 181.044 174.795 169.666 183.173 187.364 167.357 150.541 138.002 122.844 116.529 111.221 114.909 112.929 103.015 103.73 94.41 80.768 -9999 -9999 -9999 -9999 -9999 -9999 -9999 -9999 -9999 -9999 -9999 -9999 -9999 -9999 -9999 -9999 -9999 -9999 -9999 -9999 -9999 -9999 -9999 -9999 -9999 -9999 -9999 -9999 -9999 -9999 -9999 -9999 -9999 -9999 -9999 -9999 -9999 -9999 -9999 -9999 -9999 -9999 -9999 -9999
-9999 -9999 -9999 -9999 -9999 -9999 -9999 -9999 -9999 -9999 -9999 -9999 -9999 -9999 158.693 169.165 178.872 162.148 149.42 149.393 142.49 127.083 110.358 106.922 114.786 105.199 97.177 82.022 -9999 -9999 -9999 -9999 -9999 -9999 -9999 -9999 -9999 -9999 -9999 -9999 -9999 -9999 -9999 -9999 -9999 -9999 -9999 -9999 -9999 -9999 -9999 -9999 -9999 -9999 -9999 -9999 -9999 -9999 -9999 -9999 -9999 -9999 -9999 -9999 -9999 -9999 -9999 -9999 -9999 -9999 -9999 -9999 -9999 -9999
-9999 -9999 -9999 -9999 -9999 -9999 -9999 -9999 149.348 -9999 -9999 171.767 182.32 170.212 164.349 188.697 178.268 168.707 165.477 163.403 147.435 129.389 101.5 101.472 100.789 103.172 86.652 74.688 -9999 -9999 -9999 -9999 -9999 -9999 -9999 -9999 -9999 -9999 -9999 -9999 -9999 -9999 -9999 -9999 -9999 -9999 -9999 -9999 -9999 -9999 -9999 -9999 -9999 -9999 -9999 -9999 -9999 -9999 -9999 -9999 -9999 -9999 -9999 -9999 -9999 -9999 -9999 -9999 -9999 -9999 -9999 -9999 -9999 -9999
-9999 -9999 -9999 -9999 -9999 -9999 154.287 151.774 158.185 158.969 174.559 187.816 204.632 209.507 208.091 172.04 192.341 200.465 197.785 177.693 153.28 143.898 132.339 97.709 94.801 83.931 73.168 63.077 -9999 -9999 -9999 -9999 -9999 -9999 -9999 -9999 -9999 -9999 -9999 -9999 -9999 -9999 -9999 -9999 -9999 -9999 -9999 -9999 -9999 -9999 -9999 -9999 -9999 -9999 -9999 -9999 -9999 -9999 -9999 -9999 -9999 -9999 -9999 -9999 -9999 -9999 -9999 -9999 -9999 -9999 -9999 -9999 -9999 -9999
-9999 -9999 -9999 -9999 -9999 -9999 158.3 165.595 -9999 178.661 197.75 211.16 216.161 240.392 192.39 197.724 211.177 228.842 236.433 194.811 177.621 174.807 139.8 119.471 108.338 84.318 72.481 -9999 56.957 -9999 -9999 -9999 -9999 -9999 -9999 -9999 -9999 -9999 -9999 -9999 -9999 -9999 -9999 -9999 -9999 -9999 -9999 -9999 -9999 -9999 -9999 -9999 -9999 -9999 -9999 -9999 -9999 -9999 -9999 -9999 -9999 -9999 -9999 -9999 -9999 -9999 -9999 -9999 -9999 -9999 -9999 -9999 -9999 -9999
-9999 -9999 -9999 -9999 -9999 -9999 -9999 182.102 192.83 200.756 221.362 217.949 245.217 219.297 205.381 197.298 199.564 214.447 210.031 177.803 171.755 167.923 136.058 119.182 91.615 76.042 71.882 58.827 55.377 -9999 -9999 -9999 -9999 -9999 -9999 -9999 -9999 -9999 -9999 -9999 -9999 -9999 -9999 -9999 -9999 -9999 -9999 -9999 -9999 -9999 -9999 -9999 -9999 -9999 -9999 -9999 -9999 -9999 -9999 -9999 -9999 -9999 -9999 -9999 -9999 -9999 -9999 -9999 -9999 -9999 -9999 -9999 -9999 -9999
172.323 -9999 -9999 -9999 -9999 -9999 -9999 -9999 197.083 210.132 222.486 264.363 254.127 246.603 226.103 227.137 227.385 201.337 171.523 158.078 172.099 156.874 135.584 113.675 85.554 75.751 62.058 59.779 61.273 -9999 -9999 -9999 -9999 -9999 -9999 -9999 -9999 -9999 -9999 -9999 -9999 -9999 -9999 -9999 -9999 -9999 -9999 -9999 -9999 -9999 -9999 -9999 -9999 -9999 -9999 -9999 -9999 -9999 -9999 -9999 -9999 -9999 -9999 -9999 -9999 -9999 -9999 -9999 -9999 -9999 -9999 -9999 -9999 -9999
187.124 -9999 -9999 -9999 -9999 -9999 191.872 200.735 220.781 228.358 240.209 241.625 267.992 255.187 242.589 239.479 208.609 186.409 175.235 151.723 156.073 169.282 133.235 93.283 74.719 67.606 -9999 63.937 -9999 -9999 -9999 -9999 -9999 -9999 65.613 63.675 63.014 -9999 -9999 -9999 -9999 -9999 -9999 -9999 -9999 -9999 -9999 -9999 -9999 -9999 -9999 -9999 -9999 -9999 -9999 -9999 -9999 -9999 -9999 -9999 -9999 -9999 -9999 -9999 -9999 -9999 -9999 -9999 -9999 -9999 -9999 -9999 -9999 -9999
196.823 183.161 -9999 -9999 -9999 -9999 -9999 216.583 228.043 247.349 245.631 265.269 249.456 241.718 233.313 230.266 195.646 173.754 147.486 148.028 163.42 137.362 102.216 84.584 78.746 74.441 65.979 -9999 -9999 -9999 -9999 51.123 53.405 57.501 62.283 63.933 62.529 63.343 66.036 74.992 84.322 86.912 82.989 81.548 81.033 81.896 87.262 91.079 90.793 88.464 84.944 83.023 83.137 -9999 -9999 -9999 -9999 -9999 -9999 -9999 -9999 -9999 -9999 -9999 -9999 -9999 -9999 -9999 -9999 -9999 -9999 -9999 -9999 -9999
243.879 245.63 -9999 -9999 -9999 201.664 -9999 210.682 214.755 249.137 292.967 279.928 247.646 224.325 229.426 207.583 193.93 172.754 159.66 137.018 117.224 106.475 88.798 80.936 83.145 71.593 -9999 -9999 -9999 -9999 58.082 55.142 60.245 64.799 70.934 65.385 68.902 72.674 69.166 92.712 94.423 93.262 84.835 81.19 82.29 83.477 87.248 92.527 96.019 93.163 93.478 94.778 83.692 -9999 -9999 -9999 -9999 -9999 -9999 -9999 -9999 -9999 -9999 -9999 -9999 -9999 -9999 -9999 -9999 -9999 -9999 -9999 -9999 -9999
259.484 261.582 -9999 -9999 -9999 208.19 210.341 208.581 254.584 298.095 297.297 292.065 242.817 243.298 229.937 208.282 181.895 170.125 166.109 139.25 126.935 98.335 80.227 84.691 73.387 -9999 -9999 61.506 60.673 60.791 62.098 65.069 67.317 74.965 77.489 83.459 89.689 82.452 88.308 91.029 91.412 86.085 86.685 91.442 84.864 88.927 90.775 98.356 99.95 97.879 102.303 97.238 87.985 82.912 -9999 -9999 -9999 -9999 -9999 -9999 -9999 -9999 -9999 -9999 -9999 -9999 -9999 -9999 -9999 -9999 -9999 -9999 -9999 -9999
247.278 246.826 -9999 220.649 -9999 196.659 200.284 262.023 307.982 284.733 306.772 287.592 271.508 258.447 241.523 232.076 208.905 189.043 166.925 153.387 121.99 97.632 74.566 67.979 66.417 -9999 72.697 73.932 73.738 67.348 67.56 70.286 83.113 90.37 95.76 101.036 96.92 92.285 97.022 98.986 96.44 91.704 90.963 86.217 90.285 90.986 93.23 99.622 98.29 96.36 93.877 94.268 88.341 83.104 -9999 -9999 -9999 -9999 -9999 -9999 -9999 -9999 -9999 -9999 -9999 -9999 -9999 -9999 -9999 -9999 -9999 -9999 -9999 -9999
244.752 -9999 230.549 -9999 -9999 -9999 249.612 344.414 297.56 277.16 242.146 256.925 256.947 249.525 251.77 237.704 230.149 205.852 180.379 145.303 119.294 90.696 77.977 85.402 74.913 75.125 85.124 93.288 95.44 86.792 78.34 88.009 96.08 104.489 102.987 90.196 89.701 91.282 94.238 101.53 95.603 93.076 85.502 85.114 90.271 98.167 97.477 97.354 97.316 99.103 95.415 93.847 90.837 86.537 -9999 -9999 -9999 -9999 -9999 -9999 -9999 -9999 -9999 -9999 -9999 -9999 -9999 -9999 -9999 -9999 -9999 -9999 -9999 -9999
265.158 263.56 -9999 -9999 -9999 -9999 278.538 277.18 251.689 -9999 242.236 259.344 264.346 249.366 241.676 231.652 197.237 181.007 171.855 151.543 133.642 110.882 107.576 103.363 79.846 88.971 90.486 105.935 120.265 107.766 87.713 86.593 100.901 108.724 90.918 84.746 100.514 96.443 110.804 109.086 100.484 96.945 85.954 86.779 100.611 95.703 94.59 92.532 96.436 92.891 95.391 93.388 87.629 84.679 -9999 -9999 -9999 -9999 -9999 -9999 -9999 -9999 -9999 -9999 -9999 -9999 -9999 -9999 -9999 -9999 -9999 -9999 -9999 -9999
317.329 342.75 -9999 -9999 -9999 238.991 -9999 -9999 212.983 219.508 251.36 285.135 288.243 272.039 268.808 234.968 215.57 176.083 152.112 138.228 129.151 121.069 119.296 83.807 91.459 92.838 112.516 114.124 117.511 116.26 93.722 91.482 97.137 92.889 89.108 104.505 101.265 105.78 111.663 107.577 114.934 103.535 93.407 102.274 95.685 91.748 91.679 95.892 88.343 87.502 88.358 89.033 84.394 -9999 -9999 -9999 -9999 -9999 -9999 -9999 -9999 -9999 -9999 -9999 -9999 -9999 -9999 -9999 -9999 -9999 -9999 -9999 -9999 -9999
373.789 394.323 326.721 265.098 -9999 -9999 -9999 244.053 213.616 -9999 260.896 268.476 276.766 284.032 270.02 262.887 212.992 158.799 147.352 140.875 137.353 126.22 101.311 107.537 100.626 112.554 117.558 114.412 118.909 107.881 86.828 87.031 84.497 89.729 111.024 102.164 108.818 130.5 118.17 112.815 112.216 101.642 97.031 94.76 93.062 87.061 90.936 87.079 87.209 84.997 85.148 82.34 -9999 -9999 -9999 -9999 -9999 -9999 -9999 -9999 -9999 -9999 -9999 -9999 -9999 -9999 -9999 -9999 -9999 -9999 -9999 -9999 -9999 -9999
364.247 373.652 319.853 278.659 -9999 253.733 255.289 253.025 257.543 286.614 284.242 289.083 309.844 311.147 272.646 226.957 204.835 180.227 171.714 165.389 150.483 126.591 116.228 119.649 137.315 139.392 124.218 119.157 109.569 80.565 79.98 86.394 91.496 101.831 89.838 92.485 107.315 123.998 129.979 127.608 128.885 103.532 105.209 102.097 105.747 113.809 92.723 86.027 92.929 94.895 86.525 77.797 -9999 -9999 -9999 -9999 -9999 -9999 -9999 -9999 -9999 -9999 -9999 -9999 -9999 -9999 -9999 -9999 -9999 -9999 -9999 -9999 -9999 -9999
328.949 329.177 295.649 272.78 266.661 255.884 274.948 -9999 266.801 301.251 341.914 371.804 349.136 318.104 268.97 268.575 228.892 196.135 163.336 153.945 151.045 122.989 120.172 148.111 162.811 140.753 132.068 131.563 101.911 101.363 84.136 85.758 86.587 91.879 103.206 103.43 116.192 137.781 129.465 120.376 111.894 100.708 96.234 88.312 96.529 93.712 87.629 86.479 90.117 87.186 79.705 -9999 -9999 -9999 -9999 -9999 -9999 -9999 -9999 -9999 -9999 -9999 -9999 -9999 -9999 -9999 -9999 -9999 -9999 -9999 -9999 -9999 -9999 -9999
322.182 -9999 -9999 -9999 249.607 271.64 -9999 267.025 305.814 365.354 399.785 379.084 387.891 347.416 322.137 279.157 210.751 203.014 191.944 179.201 145.85 138.662 154.097 180.121 180.49 169.872 165.171 128.291 128.538 106.407 94.451 109.465 101.49 123.964 123.254 123.473 130.666 124.068 102.41 102.784 99.821 104.004 98.642 84.592 92.667 92.448 86.661 85.182 87.411 85.463 77.676 -9999 -9999 -9999 -9999 -9999 -9999 -9999 -9999 -9999 -9999 -9999 -9999 -9999 -9999 -9999 -9999 -9999 -9999 -9999 -9999 -9999 -9999 -9999
-9999 -9999 -9999 235.437 261.215 -9999 243.824 264.8 -9999 356.651 347.113 388.537 385.762 376.644 326.828 261.569 245.014 218.809 178.203 158.976 174.925 171.656 185.692 211.261 207.843 191.249 158.453 125.669 102.238 87.995 104.798 116.909 137.993 147.553 137.155 124.477 125.145 111.245 108.985 98.962 98.518 104.242 90.684 91.942 97.934 93.551 90.326 84.061 91.928 89.851 77.606 -9999 -9999 -9999 -9999 -9999 -9999 -9999 -9999 -9999 -9999 -9999 -9999 -9999 -9999 -9999 -9999 -9999 -9999 -9999 -9999 -9999 -9999 -9999
-9999 -9999 -9999 229.395 -9999 -9999 241.623 270.723 331.445 337.776 379.932 404.066 392.394 323.879 291.265 241.416 206.011 182.786 188.799 211.934 218.083 216.174 225.087 225.503 207.652 168.04 117.338 97.458 104.026 130.762 147.337 191.559 198.134 174.91 158.631 152.603 129.936 116.047 102.758 95.84 87.596 92.068 90.712 93.647 102.056 117.862 95.662 86.326 86.61 84.947 78.089 -9999 -9999 -9999 -9999 -9999 -9999 -9999 -9999 -9999 -9999 -9999 -9999 -9999 -9999 -9999 -9999 -9999 -9999 -9999 -9999 -9999 -9999 -9999
-9999 -9999 -9999 -9999 -9999 -9999 -9999 300.161 350.906 346.917 395.131 409.655 347.668 337.703 297.133 258.722 245.156 249.41 256.806 247.102 242.172 214.738 200.403 194.863 178.445 136.853 103.929 106.885 126.17 152.993 195.722 193.975 200.031 180.426 167.16 146.637 128.242 116.038 105.638 86.654 81.866 88.635 83.742 86.935 104.757 95.431 84.027 83.772 90.115 88.386 -9999 -9999 -9999 -9999 -9999 -9999 -9999 -9999 -9999 -9999 -9999 -9999 -9999 -9999 -9999 -9999 -9999 -9999 -9999 -9999 -9999 -9999 -9999 -9999
-9999 -9999 -9999 -9999 -9999 229.973 252.939 -9999 363.293 374.193 422.781 378.815 333.47 307.161 289.368 302.496 301.683 280.076 245.598 242.091 225.4 210.683 181.359 166.424 142.511 126.053 134.198 134.108 146.773 177.4 181.179 189.283 157.106 147.195 132.975 104.725 104.422 112.479 117.646 113.924 106.994 107.093 119.516 107.89 87.484 93.212 103.199 105.009 98.696 87.761 -9999 -9999 -9999 -9999 -9999 -9999 -9999 -9999 -9999 -9999 -9999 -9999 -9999 -9999 -9999 -9999 -9999 -9999 -9999 -9999 -9999 -9999 -9999 -9999
-9999 -9999 -9999 -9999 226.753 227.624 290.144 335.041 384.517 418.697 412.871 379.501 317.989 276.032 277.613 270.743 271.788 284.767 272.965 274.225 262.018 188.184 185.114 161.675 153.839 151.133 163.944 161.154 168.175 166.572 175.018 158.709 141.977 133.759 146.832 141.935 148.217 139.343 131.857 156.61 167.644 161.658 148.121 126.335 128.082 125.585 114.625 99.807 92.772 -9999 -9999 -9999 -9999 -9999 -9999 -9999 -9999 -9999 -9999 -9999 -9999 -9999 -9999 -9999 -9999 -9999 -9999 -9999 -9999 -9999 -9999 -9999 -9999 -9999
-9999 -9999 -9999 -9999 224.405 -9999 284.314 316.484 360.998 411.491 395.775 305.879 281.184 285.724 246.781 243.412 246.923 252.405 265.692 252.865 202.634 207.823 219.318 195.949 178.001 207.652 194.733 193.983 191.536 195.493 191.053 179.286 161.661 175.356 175.311 182.81 186.337 148.083 173.611 178.552 146.571 151.026 156.664 143.923 138.063 121.712 99.086 97.293 90.966 -9999 -9999 -9999 -9999 -9999 -9999 -9999 -9999 -9999 -9999 -9999 -9999 -9999 -9999 -9999 -9999 -9999 -9999 -9999 -9999 -9999 -9999 -9999 -9999 -9999
-9999 -9999 -9999 -9999 -9999 -9999 311.882 342.049 346.791 374.625 319.001 257.52 260.882 245.68 222.264 227.602 240.307 263.549 240.403 244.578 234.369 250.423 225.932 192.434 206.096 221.114 207.33 204.954 187.719 205.006 197.99 186.095 208.279 202.985 199.37 220.386 208.037 207.656 206.948 181.079 162.667 150.863 132.316 132.945 130.597 109.664 94.721 90.706 84.167 -9999 -9999 -9999 -9999 -9999 -9999 -9999 -9999 -9999 -9999 -9999 -9999 -9999 -9999 -9999 -9999 -9999 -9999 -9999 -9999 -9999 -9999 -9999 -9999 -9999
-9999 -9999 -9999 -9999 258.908 275.38 310.54 315.4 323.311 350.838 299.254 300.483 303.978 -9999 284.833 340.004 335.574 308.002 291.054 292.181 278.599 268.009 249.81 229.807 216.897 199.768 185.448 163.349 164.713 188.941 186.958 203.785 183.803 179.828 171.295 191.978 207.124 197.847 172.899 177.462 161.531 135.451 141.064 120.77 108.048 101.485 95.532 92.798 70.389 -9999 -9999 -9999 -9999 -9999 -9999 -9999 -9999 -9999 -9999 -9999 -9999 -9999 -9999 -9999 -9999 -9999 -9999 -9999 -9999 -9999 -9999 -9999 -9999 -9999
248.538 217.529 229.124 251.935 -9999 267.37 294.248 302.916 311.648 328.867 329.723 324.377 -9999 328.267 383.104 376.702 386.61 335.982 302.807 271.768 278.374 264.552 252.12 225.668 197.978 172.101 154.153 127.919 140.623 143.79 167.093 166.42 166.397 155.826 145.867 156.85 162.094 151.638 160.364 157.642 140.7 132.293 104.544 93.156 86.025 88.489 93.496 75.87 -9999 -9999 -9999 -9999 -9999 -9999 -9999 -9999 -9999 -9999 -9999 -9999 -9999 -9999 -9999 -9999 -9999 -9999 -9999 -9999 -9999 -9999 -9999 -9999 -9999 -9999
215.461 222.17 243.383 271.379 275.267 -9999 290.848 296.037 296.667 324.702 313.593 298.791 303.286 349.83 355.879 351.014 367.126 333.505 298.741 268.417 250.737 222.695 212.685 185.469 170.688 176.14 135.844 129.789 118.559 123.93 134.394 153.393 138.86 121.309 127.92 148.604 139.382 138.261 126.774 132.716 115.301 92.368 85.205 82.576 80.787 81.523 -9999 -9999 -9999 -9999 -9999 -9999 -9999 -9999 -9999 -9999 -9999 -9999 -9999 -9999 -9999 -9999 -9999 -9999 -9999 -9999 -9999 -9999 -9999 -9999 -9999 -9999 -9999 -9999
-9999 -9999 -9999 270.466 -9999 297.631 311.638 316.705 351.51 341.043 -9999 -9999 349.541 346.043 347.814 378.897 353.599 330.517 287.78 259.367 196.377 177.753 158.235 149.937 152.33 142.24 142.621 117.511 120.771 116.437 122.851 128.203 120.417 112.69 125.857 130.618 128.517 112.36 110.46 103.095 89.767 75.972 73.287 81.132 76.247 -9999 -9999 -9999 -9999 -9999 -9999 -9999 -9999 -9999 -9999 -9999 -9999 -9999 -9999 -9999 -9999 -9999 -9999 -9999 -9999 -9999 -9999 -9999 -9999 -9999 -9999 -9999 -9999 -9999
235.693 244.242 -9999 277.226 309.369 299.268 316.207 333.807 340.037 -9999 -9999 301.407 387.682 402.931 398.709 360.08 356.524 321.007 280.355 234.096 206.967 193.131 194.861 179.96 185.91 204.673 167.19 137.054 129.708 112.053 109.192 102.471 112.644 116.669 114.911 111.64 103.602 89.468 84.752 81.233 77.266 68.639 70.967 74.605 73.614 73.11 -9999 -9999 -9999 -9999 -9999 -9999 -9999 -9999 -9999 -9999 -9999 -9999 -9999 -9999 -9999 -9999 -9999 -9999 -9999 -9999 -9999 -9999 -9999 -9999 -9999 -9999 -9999 -9999
