Validation/Results/ReClimate_10_2024_1_Precipitation-Actuals.asc
NCOLS 192
NROWS 249
XLLCENTER -225160.85627316462
YLLCENTER 29788.11610251431
CELLSIZE 5000.0
NODATA_VALUE -9999
[rows 165 to 197 of 249, columns 74 to 147 of 192]
-9999 -9999 -9999 -9999 -9999 -9999 -9999 -9999 -9999 -9999 -9999 -9999 -9999 -9999 -9999 -9999 -9999 -9999 -9999 -9999 -9999 -9999 -9999 -9999 -9999 -9999 -9999 -9999 -9999 -9999 -9999 -9999 -9999 -9999 -9999 -9999 -9999 -9999 94.023 93.318 100.127 97.345 107.406 122.413 142.994 154.631 159.841 160.555 154.985 159.924 156.512 154.191 142.32 114.86 91.349 83.81 73.765 67.669 64.456 63.936 61.585 65.069 62.36 60.38 59.778 57.863 58.03 57.831 60.361 60.77 62.859 65.887 65.477 61.812
-9999 -9999 -9999 -9999 -9999 -9999 -9999 -9999 -9999 -9999 -9999 -9999 -9999 -9999 -9999 -9999 -9999 -9999 -9999 -9999 -9999 -9999 -9999 -9999 -9999 -9999 -9999 -9999 -9999 -9999 -9999 -9999 -9999 -9999 -9999 -9999 -9999 -9999 93.262 97.229 98.445 102.76 110.812 123.919 136.471 146.323 145.508 139.833 142.274 136.198 141.554 150.486 139.616 125.36 106.942 86.283 72.634 70.557 67.473 67.157 65.536 60.977 62.265 58.025 58.239 56.678 57.207 57.593 57.215 61.52 61.129 58.017 61.7 63.507
-9999 -9999 -9999 -9999 -9999 -9999 -9999 -9999 -9999 -9999 -9999 -9999 -9999 -9999 -9999 -9999 -9999 -9999 -9999 -9999 -9999 -9999 -9999 -9999 -9999 -9999 -9999 -9999 -9999 -9999 -9999 -9999 -9999 -9999 -9999 -9999 -9999 92.102 91.488 95.962 102.551 106.775 104.875 117.202 127.784 127.582 123.562 120.037 120.018 119.904 131.118 146.253 159.398 145.583 129.177 114.75 86.934 67.643 64.872 69.011 69.338 62.157 58.499 56.467 55.124 55.063 55.699 57.761 59.015 59.652 62.167 62.678 61.792 62.76
-9999 -9999 -9999 -9999 -9999 -9999 -9999 -9999 -9999 -9999 -9999 -9999 -9999 -9999 -9999 -9999 -9999 -9999 -9999 -9999 -9999 -9999 -9999 -9999 -9999 -9999 -9999 -9999 -9999 -9999 -9999 -9999 -9999 -9999 -9999 -9999 -9999 89.667 90.698 98.048 104.17 100.993 109.645 108.049 110.774 106.599 105.733 106.805 105.188 109.907 121.448 136.247 161.576 175.826 156.568 131.659 108.507 82.914 70.315 61.393 61.3 60.632 58.953 56.151 55.39 54.705 54.79 55.251 58.714 60.723 60.257 62.282 64.033 64.88
-9999 -9999 -9999 -9999 -9999 -9999 -9999 -9999 -9999 -9999 -9999 -9999 -9999 -9999 -9999 -9999 -9999 -9999 -9999 -9999 -9999 -9999 -9999 -9999 -9999 -9999 -9999 -9999 -9999 -9999 -9999 -9999 -9999 -9999 -9999 -9999 -9999 -9999 94.757 97.161 96.014 101.124 99.011 98.458 93.121 92.15 93.566 92.668 93.465 96.339 107.395 122.952 142.916 170.201 174.469 153.835 121.382 96.527 75.618 68.449 59.596 59.653 60.347 57.714 54.885 56.687 56.225 55.978 57.174 60.444 59.748 60.557 63.623 63.894
-9999 -9999 -9999 -9999 -9999 -9999 -9999 -9999 -9999 -9999 -9999 -9999 -9999 -9999 -9999 -9999 -9999 -9999 128.845 121.671 -9999 -9999 -9999 -9999 -9999 -9999 -9999 -9999 -9999 -9999 -9999 -9999 -9999 -9999 -9999 -9999 -9999 89.695 86.443 90.839 95.589 98.243 93.504 87.902 83.079 84.659 85.036 86.43 86.915 91.567 100.793 123.676 134.684 156.223 160.381 152.097 135.16 99.786 81.845 69.548 67.922 66.769 64.204 61.885 58.581 54.255 57.668 56.111 57.814 60.407 60.156 58.879 60.91 64.858
-9999 -9999 -9999 -9999 -9999 -9999 -9999 -9999 -9999 -9999 -9999 -9999 -9999 -9999 -9999 -9999 -9999 -9999 128.549 126.263 121.644 -9999 -9999 -9999 -9999 -9999 -9999 -9999 -9999 -9999 -9999 -9999 -9999 -9999 -9999 -9999 80.87 81.392 85.303 91.713 95.193 89.176 87.212 83.442 80.731 81.726 83.994 85.699 86.693 87.095 97.395 113.443 136.523 157.18 154.101 133.241 122.093 104.873 81.461 71.502 65.052 68.161 66.0 60.435 59.973 55.722 56.09 58.586 56.961 58.092 60.246 59.23 60.131 62.497
-9999 -9999 -9999 -9999 -9999 -9999 -9999 -9999 -9999 -9999 -9999 -9999 -9999 -9999 -9999 -9999 -9999 120.581 126.761 131.384 128.777 124.13 -9999 -9999 -9999 -9999 -9999 -9999 -9999 -9999 -9999 -9999 -9999 87.153 -9999 -9999 79.522 84.259 84.174 85.366 84.523 -9999 85.568 82.155 84.127 85.723 84.545 82.619 83.377 84.954 91.814 109.994 117.573 140.228 135.892 116.942 114.183 96.805 88.656 76.18 67.214 65.339 64.146 61.461 60.212 57.649 55.418 56.493 56.136 55.78 59.908 61.44 59.471 61.143
-9999 -9999 -9999 -9999 -9999 -9999 -9999 -9999 -9999 -9999 -9999 -9999 -9999 -9999 -9999 -9999 -9999 113.198 122.552 131.907 132.605 128.792 121.699 123.421 -9999 -9999 -9999 121.352 103.172 -9999 94.711 90.341 84.414 89.938 87.528 -9999 -9999 79.011 78.96 -9999 -9999 81.083 80.715 79.904 81.9 82.552 80.577 83.359 84.089 88.522 98.579 121.034 126.138 127.094 116.183 111.638 110.97 98.84 81.164 76.315 70.994 69.687 64.023 61.894 59.0 59.55 58.407 57.013 56.077 56.056 58.27 61.016 58.803 60.025
-9999 -9999 -9999 -9999 -9999 -9999 -9999 -9999 -9999 -9999 -9999 -9999 -9999 -9999 -9999 -9999 -9999 -9999 122.065 132.91 134.811 132.585 130.743 -9999 -9999 178.149 175.528 135.13 126.097 120.864 115.324 97.149 94.353 86.546 91.479 91.734 -9999 77.346 76.121 77.684 77.709 79.66 80.479 82.363 81.782 79.495 79.183 80.34 87.995 88.821 96.009 129.494 136.452 127.018 114.61 102.951 105.278 94.357 84.512 75.386 70.964 69.43 64.562 61.702 60.186 59.209 59.068 56.74 55.393 56.941 60.165 60.594 58.257 58.041
-9999 -9999 -9999 -9999 -9999 -9999 -9999 -9999 -9999 -9999 -9999 -9999 -9999 -9999 -9999 -9999 -9999 -9999 123.732 132.808 132.743 140.838 149.122 178.319 205.432 241.203 204.646 163.676 143.961 130.904 123.686 110.574 93.553 94.732 100.957 87.618 90.911 81.955 78.225 75.597 76.338 78.326 84.362 88.068 80.292 78.755 75.175 78.654 83.111 85.272 110.33 131.33 140.839 128.557 121.148 105.887 98.372 101.598 90.884 79.182 74.105 70.099 63.997 62.7 60.595 59.008 58.885 55.192 54.869 56.363 58.886 60.397 57.554 56.466
-9999 -9999 -9999 -9999 -9999 -9999 -9999 -9999 -9999 -9999 -9999 -9999 -9999 -9999 -9999 -9999 -9999 -9999 -9999 137.906 142.135 154.195 208.164 244.395 284.515 293.701 256.961 192.896 163.453 148.947 140.62 114.591 110.054 101.658 89.808 105.049 91.951 83.8 78.563 76.126 77.164 76.804 81.694 78.538 75.081 70.594 72.616 75.461 78.573 90.732 107.88 121.068 126.519 117.198 116.844 111.106 93.114 94.374 95.624 81.452 78.214 74.066 68.417 64.716 62.143 60.025 58.401 55.66 54.718 56.021 58.184 58.881 55.95 54.695
-9999 -9999 -9999 -9999 -9999 -9999 -9999 -9999 -9999 -9999 -9999 -9999 -9999 -9999 -9999 -9999 -9999 -9999 -9999 -9999 -9999 189.246 255.397 305.43 366.851 336.575 260.873 190.962 169.376 179.698 159.297 148.347 120.576 104.282 98.996 99.964 103.669 96.001 87.985 75.145 72.469 73.078 76.021 75.018 71.154 69.655 71.157 73.394 76.643 90.424 104.228 103.936 115.818 119.379 117.726 116.942 101.185 91.142 90.638 82.105 78.732 79.446 72.822 67.56 62.481 59.054 58.235 54.141 54.073 53.867 53.062 55.757 55.016 53.806
-9999 -9999 -9999 -9999 -9999 -9999 -9999 -9999 -9999 -9999 -9999 -9999 -9999 -9999 -9999 -9999 -9999 -9999 -9999 -9999 168.871 224.279 282.811 369.838 396.145 327.842 244.417 207.828 181.571 181.811 169.08 147.023 140.444 117.542 108.217 121.117 114.564 102.717 81.696 76.739 73.214 74.007 76.181 75.129 74.01 70.471 70.839 72.464 81.321 92.158 94.857 99.372 107.327 110.415 117.284 108.907 100.57 95.303 84.848 77.835 76.465 76.451 75.354 67.007 64.517 58.82 55.733 53.824 53.487 53.359 56.539 55.086 54.713 53.428
-9999 -9999 -9999 -9999 -9999 -9999 -9999 -9999 -9999 -9999 -9999 -9999 -9999 -9999 -9999 -9999 -9999 -9999 -9999 159.488 225.09 243.048 299.211 330.214 312.334 305.826 275.803 236.985 221.785 200.561 165.498 149.826 135.961 120.399 128.137 132.613 119.843 103.579 85.293 75.123 70.168 75.836 74.729 74.134 72.242 70.51 71.234 78.225 83.246 85.855 92.814 97.545 105.629 112.526 100.339 101.163 90.25 88.053 85.094 73.957 72.21 72.61 71.688 67.314 60.292 59.711 55.25 53.503 53.718 52.792 53.947 56.264 53.269 54.374
-9999 -9999 -9999 -9999 -9999 -9999 -9999 -9999 -9999 -9999 -9999 -9999 -9999 -9999 -9999 -9999 -9999 -9999 145.867 186.934 191.194 213.32 226.832 237.224 242.296 269.311 297.731 266.151 240.944 207.879 172.054 159.549 132.175 130.885 126.386 114.305 111.099 97.478 85.486 75.467 73.269 76.876 76.836 74.921 71.702 72.062 77.472 80.378 81.155 82.989 90.394 93.774 92.798 96.374 94.354 86.012 84.053 81.12 77.718 72.445 67.165 68.051 66.401 63.422 59.356 55.021 52.004 49.375 52.106 53.017 52.737 55.915 52.947 53.679
-9999 -9999 -9999 -9999 -9999 -9999 -9999 -9999 -9999 -9999 -9999 -9999 -9999 -9999 -9999 -9999 136.848 138.704 143.389 157.566 160.847 156.693 173.509 173.851 196.301 247.161 257.253 260.749 259.963 195.082 166.117 147.472 139.094 153.284 146.074 131.135 111.932 101.857 89.49 76.71 75.527 77.843 78.471 74.412 72.918 74.801 78.122 82.039 76.606 84.024 89.753 88.429 85.908 85.296 79.439 77.891 75.053 73.916 70.523 67.818 66.772 62.135 60.491 57.055 56.005 53.217 50.259 49.868 52.01 54.611 55.619 57.277 54.777 52.214
-9999 -9999 -9999 -9999 -9999 -9999 -9999 -9999 -9999 -9999 -9999 -9999 -9999 -9999 -9999 139.552 139.989 137.881 139.408 -9999 -9999 -9999 -9999 173.716 209.599 252.27 254.964 259.328 223.123 197.718 195.616 178.203 180.025 198.557 170.803 136.947 117.533 99.112 82.775 76.309 74.433 72.865 74.038 73.068 72.059 74.041 75.016 77.456 77.119 80.198 81.607 80.368 80.627 77.771 73.857 73.132 67.048 63.641 61.261 60.682 62.267 60.91 56.735 54.162 54.55 54.45 53.197 54.242 55.952 57.165 58.536 59.184 57.151 54.796
-9999 -9999 -9999 -9999 -9999 -9999 -9999 -9999 -9999 -9999 -9999 -9999 -9999 -9999 -9999 140.143 143.4 130.256 -9999 -9999 -9999 -9999 -9999 174.387 219.943 262.006 241.544 250.839 246.239 240.762 241.836 215.986 200.262 190.107 143.834 125.889 109.416 91.228 80.148 75.652 71.992 73.395 74.812 71.791 69.874 69.765 71.172 71.026 76.172 73.476 74.853 75.493 75.647 76.617 74.311 70.45 66.176 61.146 60.979 60.5 58.874 58.617 54.758 56.002 58.494 58.343 60.105 61.54 62.248 61.709 61.726 63.648 59.371 55.202
-9999 -9999 -9999 -9999 -9999 -9999 -9999 -9999 -9999 -9999 -9999 -9999 -9999 -9999 -9999 -9999 -9999 124.963 -9999 -9999 -9999 -9999 -9999 181.381 218.61 219.657 229.638 250.149 250.774 276.381 259.025 206.333 199.35 165.52 137.141 117.85 98.609 85.304 75.59 74.853 70.862 70.936 68.753 66.421 68.708 66.531 68.825 75.389 71.924 70.624 72.152 73.049 72.169 70.502 71.209 69.688 66.915 67.861 65.467 62.285 59.795 58.171 61.447 57.799 60.616 62.169 60.241 62.304 64.047 62.974 61.352 62.673 61.857 56.798
-9999 -9999 -9999 -9999 -9999 -9999 -9999 -9999 -9999 -9999 -9999 -9999 -9999 -9999 -9999 -9999 -9999 -9999 -9999 -9999 -9999 -9999 -9999 179.346 198.029 193.697 230.802 249.055 281.668 277.485 251.749 219.068 181.766 147.406 127.811 107.004 88.811 75.404 72.465 72.878 69.083 67.388 65.032 64.773 64.218 64.722 69.157 69.374 70.099 70.585 69.561 74.84 70.313 65.786 65.519 66.451 64.966 66.795 68.267 65.426 65.751 66.989 62.557 61.021 57.275 57.971 59.535 60.281 62.541 64.671 61.67 59.956 59.411 56.981
-9999 -9999 -9999 -9999 -9999 -9999 -9999 -9999 -9999 -9999 -9999 -9999 -9999 -9999 -9999 -9999 -9999 -9999 -9999 -9999 -9999 -9999 -9999 -9999 191.722 246.5 274.39 285.222 273.194 253.048 227.954 195.957 161.319 132.886 108.856 102.674 84.942 74.156 77.281 72.152 69.557 65.946 63.016 63.159 64.356 65.527 70.259 68.87 71.296 69.368 69.744 73.636 71.194 60.861 60.925 62.278 62.257 64.926 67.652 67.623 72.427 73.579 66.336 59.126 58.937 59.973 61.833 64.351 64.491 64.37 62.348 60.304 58.17 57.239
-9999 -9999 -9999 -9999 -9999 -9999 -9999 -9999 -9999 -9999 -9999 -9999 -9999 -9999 -9999 -9999 -9999 -9999 -9999 -9999 -9999 -9999 -9999 169.541 207.654 261.427 286.29 274.662 241.92 222.478 206.274 185.481 161.953 121.338 108.75 99.866 86.228 95.03 77.926 69.936 65.447 68.061 61.615 67.098 71.145 73.299 70.554 68.7 69.515 68.712 70.421 71.241 69.076 64.314 60.34 61.187 60.081 60.376 64.423 65.243 67.791 70.495 65.208 60.656 60.865 62.97 65.857 68.521 67.581 64.672 61.675 61.017 58.786 56.603
-9999 -9999 -9999 -9999 -9999 -9999 -9999 -9999 -9999 -9999 -9999 -9999 -9999 -9999 -9999 -9999 -9999 -9999 -9999 -9999 -9999 -9999 -9999 157.838 199.571 247.27 228.326 216.528 198.225 200.159 199.024 184.23 144.464 116.586 107.469 92.32 90.935 84.622 83.046 80.531 80.725 72.004 67.943 67.591 70.58 73.46 70.155 68.667 70.251 71.518 72.574 70.41 68.646 68.349 64.997 61.981 59.66 59.558 60.565 64.671 66.512 68.226 62.981 61.29 61.903 68.106 67.551 68.795 69.081 64.92 62.05 59.089 56.859 57.114
-9999 -9999 -9999 -9999 -9999 -9999 -9999 -9999 -9999 -9999 -9999 -9999 -9999 -9999 -9999 -9999 -9999 -9999 -9999 -9999 -9999 -9999 -9999 146.841 178.772 180.156 203.785 196.486 203.2 202.863 199.099 167.708 142.775 115.341 100.518 87.92 85.331 87.448 90.747 98.119 98.48 84.034 78.486 72.287 73.519 73.494 67.832 68.308 68.914 70.216 73.995 73.277 72.354 72.141 69.06 63.55 64.267 61.098 61.477 63.889 62.175 62.156 61.74 61.912 63.776 66.01 69.078 65.708 63.231 61.737 61.933 62.801 57.46 53.485
-9999 -9999 -9999 -9999 -9999 -9999 -9999 -9999 -9999 -9999 -9999 -9999 -9999 -9999 -9999 -9999 -9999 -9999 -9999 -9999 -9999 -9999 -9999 -9999 153.619 193.098 217.754 241.003 243.159 212.112 183.363 148.549 113.137 103.117 94.546 89.676 85.168 83.24 92.532 99.303 99.974 87.66 76.048 71.091 79.394 76.547 69.35 70.227 68.51 71.347 74.668 71.722 69.621 71.205 68.7 66.349 67.039 69.381 63.773 63.948 63.232 59.414 61.042 61.983 62.533 63.097 62.453 63.319 61.554 59.879 61.499 61.018 59.241 55.502
-9999 -9999 -9999 -9999 -9999 -9999 -9999 -9999 -9999 -9999 -9999 -9999 -9999 -9999 -9999 -9999 -9999 -9999 -9999 -9999 -9999 -9999 -9999 -9999 163.843 198.783 237.626 285.317 291.257 235.792 184.493 133.357 113.757 110.868 112.517 110.227 102.83 91.872 82.926 95.144 94.091 85.018 82.558 87.455 84.608 78.257 75.54 74.107 71.422 73.505 74.454 75.184 72.391 70.299 68.884 67.224 68.677 70.186 68.075 65.417 66.931 66.064 65.052 64.634 63.15 62.212 66.823 64.863 64.241 61.186 63.429 62.621 59.277 57.238
-9999 -9999 -9999 -9999 -9999 -9999 -9999 -9999 -9999 -9999 -9999 -9999 -9999 -9999 -9999 -9999 -9999 -9999 -9999 -9999 -9999 -9999 -9999 142.286 151.107 198.897 252.299 287.087 269.345 230.666 172.294 156.138 155.357 141.478 138.943 121.425 103.104 91.199 94.759 96.677 86.199 89.354 94.1 90.63 88.743 80.218 74.301 74.935 71.948 75.735 78.767 77.0 79.454 74.877 71.906 68.468 69.52 69.937 68.175 66.938 66.674 65.418 67.271 67.778 65.988 64.428 65.373 65.038 62.909 64.235 64.473 62.0 60.195 58.064
-9999 -9999 -9999 -9999 -9999 -9999 -9999 -9999 -9999 -9999 -9999 -9999 -9999 -9999 -9999 -9999 -9999 -9999 -9999 -9999 -9999 -9999 -9999 138.729 159.84 193.045 220.471 258.948 271.295 224.596 184.642 155.161 144.869 153.211 140.74 128.424 115.052 113.742 103.168 88.559 91.649 87.045 88.466 87.976 92.898 76.457 75.281 73.873 72.66 74.324 76.416 87.208 80.918 80.048 74.324 73.769 70.216 70.15 67.3 64.975 60.654 61.709 63.847 67.487 70.857 69.355 68.195 66.405 62.304 62.437 61.74 61.092 60.635 61.089
-9999 -9999 -9999 -9999 -9999 -9999 -9999 -9999 -9999 -9999 -9999 -9999 -9999 -9999 -9999 -9999 -9999 -9999 -9999 -9999 -9999 -9999 -9999 145.147 157.132 172.124 213.989 252.244 261.735 236.056 179.616 147.276 152.677 145.376 133.013 129.991 130.426 115.674 96.493 93.004 84.053 94.415 81.813 86.485 80.461 75.209 75.003 68.051 66.01 69.155 78.741 77.249 81.786 80.893 76.868 73.434 73.187 69.131 65.994 63.95 63.623 60.31 60.913 65.228 68.349 68.948 65.414 67.441 64.176 62.311 61.036 59.698 60.504 58.583
-9999 -9999 -9999 -9999 -9999 -9999 -9999 -9999 -9999 -9999 -9999 -9999 -9999 -9999 -9999 -9999 -9999 -9999 -9999 -9999 -9999 -9999 142.042 150.796 167.254 180.676 201.163 235.21 239.797 216.399 165.17 145.242 133.136 122.46 122.641 136.252 121.04 109.988 106.329 90.132 86.791 79.398 75.854 76.592 76.895 79.359 69.213 66.737 69.293 68.418 71.046 75.816 75.596 77.838 75.228 72.22 71.062 69.022 63.93 60.001 60.925 61.635 63.661 64.743 68.061 67.134 65.615 64.945 66.887 60.866 61.011 60.44 60.549 60.145
-9999 -9999 -9999 -9999 -9999 -9999 -9999 -9999 -9999 -9999 -9999 -9999 -9999 -9999 -9999 -9999 -9999 -9999 -9999 -9999 -9999 145.124 145.654 161.937 160.704 167.278 208.074 235.564 241.186 217.313 189.469 150.885 140.818 124.826 125.558 134.733 117.917 113.023 97.983 87.755 81.759 78.727 78.456 84.006 83.382 78.948 81.084 74.94 68.229 67.459 70.639 69.893 72.889 73.022 72.466 70.865 73.1 69.915 63.253 60.697 61.359 63.009 64.764 66.044 67.143 66.196 64.321 63.119 62.237 62.639 63.562 63.596 61.171 61.446
-9999 -9999 -9999 -9999 -9999 -9999 -9999 -9999 -9999 -9999 -9999 -9999 -9999 -9999 -9999 -9999 -9999 -9999 -9999 171.05 160.498 156.57 135.919 151.213 161.995 179.084 218.585 242.771 255.926 232.755 187.962 153.65 121.241 124.863 126.416 135.26 123.345 105.085 95.475 84.617 80.973 77.159 82.328 83.919 77.479 81.915 76.235 71.586 70.116 69.686 68.764 68.602 69.448 69.85 69.162 65.49 63.751 65.365 65.235 64.89 68.285 71.028 69.829 68.166 64.591 63.565 64.179 67.164 63.654 63.595 60.631 63.835 62.528 60.322
