Validation/Results/ReClimate_10_2024_1_Precipitation-Actuals.asc
NCOLS 192
NROWS 249
XLLCENTER -225160.85627316462
YLLCENTER 29788.11610251431
CELLSIZE 5000.0
NODATA_VALUE -9999
[rows 198 to 230 of 249, columns 74 to 147 of 192]
-9999 -9999 -9999 -9999 -9999 -9999 -9999 -9999 -9999 -9999 -9999 -9999 -9999 -9999 -9999 -9999 -9999 -9999 176.037 176.837 182.641 160.109 163.203 166.937 163.652 202.413 220.941 247.914 243.097 215.028 179.729 137.189 130.142 122.605 124.89 136.472 124.864 104.463 87.762 82.811 82.153 85.175 80.397 84.313 83.057 78.489 74.811 71.366 68.664 69.117 66.035 67.954 67.772 65.376 62.494 63.738 63.755 64.929 63.091 65.926 68.541 69.589 74.185 73.444 70.456 66.884 65.673 68.006 67.699 66.041 67.337 60.946 60.09 59.173
-9999 -9999 -9999 -9999 -9999 -9999 -9999 -9999 -9999 -9999 -9999 -9999 -9999 -9999 -9999 121.398 150.76 164.21 168.347 182.182 182.484 175.912 167.813 161.738 185.464 206.739 229.109 223.745 230.804 203.136 179.637 162.698 137.348 119.316 140.762 124.913 106.177 85.777 80.907 81.136 90.362 77.382 78.34 77.412 79.799 81.868 82.681 78.205 70.899 65.65 62.562 64.274 67.576 62.475 59.915 60.204 64.984 65.867 71.432 68.797 68.126 70.3 72.959 74.766 71.368 67.931 65.102 68.008 67.837 66.044 62.707 61.554 57.89 58.961
-9999 -9999 -9999 -9999 -9999 -9999 -9999 -9999 -9999 -9999 -9999 -9999 -9999 158.569 146.701 153.257 158.185 162.96 172.129 174.946 186.65 177.469 180.743 199.096 189.969 209.606 219.505 206.057 209.027 211.628 202.085 169.28 144.123 137.498 124.006 108.487 93.511 107.379 94.072 81.994 77.283 72.615 70.584 73.01 76.489 82.181 80.323 75.368 69.021 65.385 60.001 63.944 66.943 63.821 67.768 67.381 66.821 67.813 67.655 73.351 70.884 72.74 77.05 77.913 75.669 72.867 67.51 64.056 66.453 65.96 63.377 56.295 59.453 60.344
-9999 -9999 -9999 -9999 -9999 -9999 -9999 -9999 -9999 170.339 176.934 170.655 164.375 185.316 177.488 181.461 175.41 178.593 184.008 191.479 202.595 203.214 220.62 208.968 196.863 208.62 198.305 192.26 200.247 212.759 189.191 161.489 134.357 139.75 116.636 93.252 119.858 119.867 101.818 93.92 82.134 78.225 69.728 70.323 85.405 74.174 79.832 71.249 68.83 65.087 66.107 69.664 68.086 74.667 72.084 73.707 70.107 69.969 68.743 70.417 72.655 75.015 76.635 77.181 75.538 72.578 68.798 66.075 65.753 67.809 66.761 66.842 60.062 61.428
-9999 -9999 -9999 -9999 -9999 -9999 -9999 -9999 152.301 174.375 176.441 183.229 219.919 234.518 230.16 204.046 198.523 211.827 216.379 212.964 216.093 225.205 222.885 213.054 203.676 187.59 179.884 180.518 200.084 199.289 176.925 152.704 150.128 142.788 130.754 145.853 171.011 137.834 112.864 89.615 87.621 80.1 80.7 81.68 74.789 76.134 72.836 71.449 69.287 67.479 71.577 75.556 81.343 83.61 86.414 78.696 72.17 78.897 78.499 75.595 76.373 75.221 77.91 77.152 74.194 70.383 70.207 71.432 68.047 71.409 71.873 66.435 65.266 62.714
-9999 -9999 -9999 -9999 -9999 -9999 -9999 139.658 158.925 174.396 180.332 198.849 223.316 227.051 209.156 206.052 209.023 211.776 207.652 200.655 215.36 225.212 218.299 198.567 181.9 170.836 181.653 201.52 207.424 201.973 180.092 159.107 147.18 146.247 135.377 177.399 167.834 152.916 114.32 105.701 95.018 92.792 84.975 82.086 80.868 81.316 82.478 72.325 70.732 70.147 74.247 77.705 85.969 94.91 89.224 85.359 81.512 80.299 86.613 83.079 80.471 79.305 77.016 75.86 74.925 71.642 70.998 74.461 75.051 71.166 72.248 68.992 68.203 74.791
-9999 -9999 -9999 -9999 -9999 129.691 -9999 140.042 150.224 158.779 172.999 183.214 194.766 192.927 187.545 189.872 186.312 194.516 183.053 185.479 185.444 189.391 181.952 181.837 183.248 200.156 223.831 261.083 284.582 241.206 221.89 205.181 207.748 183.62 162.727 161.435 188.197 143.754 124.261 117.537 109.47 96.471 88.693 88.276 88.48 89.25 81.362 73.303 65.655 68.052 80.457 91.794 98.416 96.937 90.868 84.906 82.295 81.511 84.37 83.565 79.851 76.372 75.234 69.958 69.254 72.788 73.231 73.376 74.195 72.265 71.494 72.712 71.504 73.422
-9999 -9999 -9999 -9999 -9999 -9999 -9999 -9999 -9999 161.4 162.159 170.68 178.127 173.094 173.609 180.633 185.589 175.976 174.026 172.621 175.413 187.469 185.004 198.269 202.118 226.618 257.267 291.486 288.763 283.266 258.55 271.721 266.629 199.245 179.52 177.142 137.289 139.794 130.459 103.53 97.954 94.613 104.247 101.057 102.539 95.384 82.247 73.3 71.675 79.777 91.6 109.969 108.488 104.23 92.522 86.737 85.513 89.148 83.161 81.195 76.8 72.51 70.865 70.424 69.568 71.01 71.853 71.031 72.436 75.613 78.081 81.591 80.505 75.639
-9999 -9999 -9999 -9999 -9999 -9999 -9999 -9999 -9999 154.716 157.682 164.733 168.343 173.144 181.958 189.153 179.586 171.247 172.512 173.186 186.363 186.643 188.75 193.973 199.504 217.262 234.7 251.509 257.235 252.479 255.563 268.627 233.528 217.433 189.843 149.14 171.081 167.502 121.162 105.551 104.509 115.619 111.622 113.649 110.279 101.764 83.755 81.286 84.62 103.508 112.593 108.188 103.329 101.326 96.982 92.32 85.9 85.052 83.991 77.737 74.799 71.917 70.861 73.939 74.163 74.712 73.174 69.453 72.962 78.669 84.986 84.189 83.272 81.93
-9999 -9999 -9999 -9999 -9999 -9999 -9999 129.975 139.684 150.749 155.776 -9999 166.442 168.739 174.304 166.038 160.624 157.392 -9999 163.153 166.768 175.879 195.307 193.472 215.041 222.307 237.201 246.527 236.341 221.379 242.335 221.469 202.498 202.109 187.724 181.521 183.131 169.175 127.709 119.317 108.691 112.579 120.535 118.161 115.223 98.252 85.36 85.302 95.615 101.058 106.193 102.08 101.955 93.393 90.622 89.879 84.466 78.867 76.707 74.529 78.34 74.726 73.183 71.382 71.732 70.736 73.158 75.073 76.681 84.624 87.615 89.489 84.521 83.456
-9999 -9999 -9999 -9999 -9999 -9999 -9999 130.427 -9999 -9999 -9999 157.866 159.877 163.051 -9999 -9999 -9999 -9999 -9999 155.102 158.782 175.805 174.196 187.439 199.677 208.75 222.187 226.675 226.138 285.581 288.802 242.439 213.146 202.205 201.385 191.062 182.947 147.042 136.78 120.601 114.23 123.226 119.49 118.547 99.275 87.044 86.073 91.999 101.409 99.978 106.346 100.773 93.822 90.194 84.904 81.652 79.642 76.329 75.334 73.574 74.384 75.882 72.647 73.362 70.993 72.595 75.752 73.897 80.825 88.454 92.761 92.147 86.238 81.013
-9999 -9999 -9999 -9999 -9999 -9999 -9999 -9999 -9999 142.186 150.461 153.378 152.08 153.419 -9999 -9999 -9999 -9999 -9999 -9999 -9999 -9999 165.009 185.082 185.201 184.251 196.071 216.434 274.412 320.971 319.626 284.616 241.924 216.739 201.808 180.836 181.028 172.652 140.022 126.193 137.985 132.101 126.28 99.069 91.148 89.768 93.242 106.618 105.12 104.272 101.808 95.393 90.095 83.712 80.814 77.632 75.003 76.55 77.505 75.744 71.002 70.572 71.091 73.787 75.975 75.543 83.037 87.294 87.94 94.405 93.142 90.597 86.32 79.82
-9999 -9999 -9999 -9999 -9999 -9999 -9999 -9999 -9999 -9999 148.191 -9999 -9999 -9999 -9999 -9999 -9999 -9999 -9999 -9999 156.411 158.578 171.827 172.215 164.975 165.644 174.99 208.43 261.123 298.837 305.468 273.679 230.224 209.806 198.236 181.794 181.263 151.947 124.752 118.218 129.973 128.889 113.515 -9999 94.047 96.522 99.947 114.718 108.214 103.227 96.848 90.199 86.577 81.51 80.8 77.861 74.338 68.192 68.614 71.027 70.922 71.132 71.063 72.449 79.837 89.911 89.917 96.319 90.828 91.697 91.259 87.669 79.915 78.766
-9999 -9999 -9999 -9999 -9999 -9999 -9999 -9999 -9999 -9999 -9999 -9999 -9999 -9999 -9999 -9999 -9999 -9999 -9999 -9999 150.278 155.377 155.693 150.275 -9999 -9999 -9999 184.922 231.132 248.013 250.47 227.959 210.673 208.421 191.437 172.106 156.698 138.899 117.679 116.151 114.056 103.272 -9999 92.675 94.42 97.452 107.277 109.816 103.376 101.41 96.202 89.657 86.685 85.51 81.884 79.642 74.519 73.437 77.344 79.714 77.428 74.114 73.499 74.876 80.969 89.207 95.555 94.087 90.585 86.666 87.415 82.933 78.173 74.535
-9999 -9999 -9999 -9999 -9999 -9999 -9999 -9999 -9999 -9999 -9999 -9999 -9999 -9999 -9999 -9999 -9999 -9999 -9999 -9999 -9999 -9999 -9999 -9999 -9999 -9999 -9999 147.689 178.726 199.496 193.318 187.544 185.704 180.342 169.865 156.425 142.211 127.056 114.174 112.558 -9999 -9999 94.157 91.823 97.367 98.874 107.434 109.376 103.898 104.514 94.324 84.983 87.925 85.29 84.948 88.656 88.975 85.386 87.452 94.91 90.356 84.97 84.127 82.581 85.309 89.578 90.425 88.733 86.368 81.616 81.866 80.184 78.29 75.442
-9999 -9999 -9999 -9999 -9999 -9999 -9999 -9999 -9999 -9999 -9999 -9999 -9999 -9999 -9999 -9999 -9999 -9999 -9999 -9999 -9999 -9999 -9999 -9999 -9999 -9999 -9999 136.247 150.668 156.436 160.257 167.493 160.332 155.682 152.597 142.083 128.543 -9999 -9999 -9999 -9999 -9999 92.675 98.161 101.015 102.95 106.399 108.65 105.05 99.314 89.883 83.399 84.533 93.024 91.659 98.271 100.533 97.926 95.334 96.289 94.564 88.042 87.28 84.525 84.031 87.994 83.563 81.198 77.776 76.746 75.011 73.583 72.814 74.005
-9999 -9999 -9999 -9999 -9999 -9999 -9999 -9999 -9999 -9999 -9999 -9999 -9999 -9999 -9999 -9999 -9999 -9999 -9999 -9999 -9999 -9999 -9999 -9999 -9999 -9999 -9999 -9999 -9999 140.604 153.936 151.803 145.486 143.12 139.46 127.865 -9999 -9999 -9999 -9999 106.412 107.846 108.443 106.245 108.046 101.591 109.955 109.851 106.188 96.581 89.304 89.74 94.593 100.673 102.724 101.287 103.661 100.209 95.643 91.791 91.479 89.347 84.281 83.478 79.676 79.482 79.752 77.587 77.858 77.525 78.384 74.683 71.92 72.723
-9999 -9999 -9999 -9999 -9999 -9999 -9999 -9999 -9999 -9999 -9999 -9999 -9999 -9999 -9999 -9999 -9999 -9999 -9999 -9999 -9999 -9999 -9999 -9999 -9999 -9999 -9999 -9999 -9999 -9999 130.028 128.284 136.561 126.47 122.871 -9999 -9999 -9999 -9999 110.891 108.271 112.075 114.269 111.326 104.529 100.478 103.496 102.813 105.136 97.14 92.895 98.629 101.005 104.319 108.154 103.656 101.276 100.338 99.423 93.4 90.21 87.316 87.401 83.759 81.38 78.692 77.919 79.413 81.189 83.042 82.437 78.794 73.87 72.728
-9999 -9999 -9999 -9999 -9999 -9999 -9999 -9999 -9999 -9999 -9999 -9999 -9999 -9999 -9999 -9999 -9999 -9999 -9999 -9999 -9999 -9999 -9999 -9999 -9999 -9999 -9999 -9999 -9999 -9999 -9999 -9999 -9999 -9999 -9999 -9999 -9999 -9999 114.344 110.998 108.335 111.274 114.599 114.467 106.536 105.907 101.871 103.883 99.827 90.423 89.745 91.943 95.706 98.005 99.913 104.323 105.345 103.637 108.62 107.071 100.152 95.663 93.37 92.968 85.826 81.631 80.781 80.777 82.672 84.335 81.333 78.388 75.906 74.832
-9999 -9999 -9999 -9999 -9999 -9999 -9999 -9999 -9999 -9999 -9999 -9999 -9999 -9999 -9999 -9999 -9999 -9999 -9999 -9999 -9999 -9999 -9999 -9999 -9999 -9999 -9999 -9999 -9999 -9999 -9999 -9999 -9999 -9999 -9999 -9999 -9999 105.959 109.438 113.32 115.886 140.147 134.269 118.58 115.469 109.287 107.144 104.327 92.686 86.609 85.004 85.803 91.974 94.859 101.58 106.352 113.832 112.878 109.678 118.414 111.454 103.646 99.376 94.263 89.935 82.881 83.093 84.492 83.959 84.139 81.819 78.582 78.293 78.853
-9999 -9999 -9999 -9999 -9999 -9999 -9999 -9999 -9999 -9999 -9999 -9999 -9999 -9999 -9999 -9999 -9999 -9999 -9999 -9999 -9999 -9999 -9999 -9999 -9999 -9999 -9999 -9999 -9999 -9999 -9999 -9999 -9999 -9999 -9999 -9999 -9999 103.634 101.003 103.731 122.056 134.202 143.12 142.716 131.542 124.354 121.21 105.775 96.618 93.615 99.424 98.07 99.955 98.797 96.803 100.723 105.822 114.226 113.24 112.855 113.51 104.69 102.265 98.788 92.736 89.893 88.266 89.105 89.294 80.419 81.618 82.275 84.357 91.145
-9999 -9999 -9999 -9999 -9999 -9999 -9999 -9999 -9999 -9999 -9999 -9999 -9999 -9999 -9999 -9999 -9999 -9999 -9999 -9999 -9999 -9999 -9999 -9999 186.868 206.551 228.426 210.775 -9999 174.05 -9999 -9999 -9999 -9999 -9999 -9999 -9999 -9999 93.879 98.581 108.289 119.075 128.385 136.048 136.818 134.186 117.381 109.409 102.804 109.264 108.929 99.77 100.384 99.004 94.34 98.276 100.858 104.657 106.068 109.303 105.742 107.203 106.628 110.462 109.743 101.925 98.631 98.334 94.166 93.623 87.123 89.872 91.018 93.22
-9999 -9999 -9999 -9999 -9999 -9999 -9999 -9999 -9999 -9999 -9999 -9999 -9999 -9999 -9999 -9999 -9999 -9999 -9999 -9999 -9999 163.834 170.725 170.818 189.464 229.216 236.548 225.155 218.549 180.921 145.73 122.219 -9999 -9999 109.264 103.959 98.457 94.426 94.769 92.539 98.513 103.9 113.372 118.174 129.03 123.62 117.763 113.233 122.867 117.78 107.852 108.592 101.317 98.085 95.431 96.006 101.818 103.732 105.188 101.223 104.561 106.432 111.798 110.922 116.636 116.795 105.927 100.629 97.527 94.573 96.662 95.437 107.362 106.561
-9999 -9999 -9999 -9999 -9999 -9999 -9999 -9999 -9999 -9999 -9999 -9999 -9999 -9999 -9999 -9999 -9999 -9999 -9999 -9999 166.261 164.177 154.429 163.157 193.13 230.562 250.691 251.841 226.17 195.471 165.157 134.503 116.043 119.248 113.133 114.066 99.653 95.258 88.243 89.346 92.139 97.953 101.495 114.947 117.047 115.513 114.206 131.413 124.285 123.586 120.009 113.233 105.792 100.773 98.495 96.734 101.096 105.395 103.257 103.952 102.267 105.829 108.771 112.924 117.295 117.725 113.571 108.499 110.26 104.599 104.762 102.964 101.998 111.361
-9999 -9999 -9999 -9999 -9999 -9999 -9999 -9999 -9999 -9999 -9999 -9999 -9999 -9999 -9999 -9999 -9999 -9999 -9999 -9999 166.714 140.691 138.151 145.787 169.784 206.026 217.834 226.374 213.326 191.536 162.444 152.392 148.225 132.434 123.837 106.614 102.176 95.835 85.471 84.372 86.14 90.684 93.717 100.432 102.985 108.791 122.915 123.144 121.778 129.449 125.891 111.709 110.878 108.612 103.541 102.284 104.728 106.146 104.414 103.574 106.67 100.43 105.568 114.523 122.046 123.817 116.297 115.969 117.637 115.195 107.476 104.401 103.435 101.598
-9999 -9999 -9999 -9999 -9999 -9999 -9999 -9999 -9999 -9999 -9999 -9999 -9999 -9999 -9999 -9999 -9999 -9999 -9999 -9999 151.449 133.47 134.841 135.759 158.036 170.559 179.062 184.525 183.344 174.167 163.255 154.778 152.622 136.944 112.216 103.256 97.97 92.198 85.744 86.197 97.127 87.727 89.814 91.415 100.028 110.727 113.038 114.302 114.25 121.02 114.863 118.31 119.263 113.09 106.537 104.781 107.316 112.191 114.056 109.667 109.175 116.874 113.49 121.949 126.551 134.315 123.739 117.267 120.667 114.229 107.767 106.125 101.441 104.106
-9999 -9999 -9999 -9999 -9999 -9999 -9999 -9999 -9999 -9999 -9999 -9999 -9999 -9999 -9999 -9999 155.38 170.138 -9999 157.813 138.677 144.884 141.66 135.606 137.071 142.791 151.49 161.861 167.201 166.846 152.114 146.256 136.228 118.46 110.454 101.844 100.099 97.665 92.212 91.377 87.682 90.25 90.335 92.191 103.303 103.182 107.593 108.768 117.92 119.839 118.142 130.835 129.397 118.923 111.463 110.091 112.298 114.234 113.698 114.195 110.152 116.027 123.799 122.93 126.941 126.593 127.127 116.946 119.211 119.716 115.187 112.063 108.522 103.984
-9999 -9999 -9999 -9999 -9999 -9999 -9999 -9999 -9999 -9999 -9999 -9999 -9999 -9999 -9999 -9999 165.96 176.12 170.504 154.977 151.079 149.258 137.221 132.536 142.175 140.123 143.373 149.748 158.068 158.303 146.887 134.874 126.941 119.29 121.995 130.834 118.821 107.565 96.085 91.277 96.681 98.687 99.01 102.303 106.656 100.867 109.624 111.724 114.118 114.681 125.93 125.439 124.38 118.309 115.603 118.785 119.608 114.883 112.07 111.075 112.499 113.364 117.077 119.34 124.052 128.509 127.77 133.338 127.856 124.968 122.409 119.353 113.451 111.049
-9999 -9999 -9999 -9999 -9999 -9999 -9999 -9999 -9999 -9999 -9999 -9999 -9999 -9999 -9999 153.669 164.334 171.735 173.623 168.096 155.013 147.243 141.194 141.641 138.413 131.667 135.045 139.444 139.192 146.227 136.874 123.559 117.189 121.565 142.315 136.096 125.965 123.593 110.808 103.966 105.673 104.94 107.297 109.195 107.353 113.477 117.598 114.115 115.485 126.214 120.841 118.69 116.917 120.321 119.598 118.707 124.537 121.094 112.749 110.732 113.387 113.732 114.236 113.803 118.289 123.682 124.553 130.664 137.824 129.699 136.295 123.54 127.874 128.654
-9999 -9999 -9999 -9999 -9999 -9999 -9999 -9999 -9999 -9999 -9999 -9999 -9999 -9999 -9999 -9999 145.549 163.748 161.029 153.896 148.925 146.489 136.868 130.148 132.398 127.078 127.334 127.103 128.266 121.331 117.903 117.421 108.761 126.657 139.479 139.949 144.851 138.442 123.501 121.271 114.541 116.165 116.746 115.932 116.884 121.481 123.731 123.006 126.187 120.494 119.78 114.223 114.893 118.939 121.113 119.934 119.681 119.989 116.104 114.852 -9999 112.635 112.124 115.171 112.366 111.402 113.485 113.289 118.013 117.495 116.311 118.206 113.38 124.073
-9999 -9999 -9999 -9999 -9999 -9999 -9999 -9999 -9999 -9999 -9999 -9999 -9999 -9999 -9999 140.257 140.916 146.191 148.068 152.08 154.772 149.022 136.261 130.244 123.193 120.965 122.537 115.62 108.666 111.825 112.799 104.725 111.894 122.5 130.366 139.197 146.142 132.007 127.762 138.96 135.685 134.985 140.627 135.423 138.124 144.343 138.84 131.86 128.681 121.526 115.488 119.498 117.07 118.288 119.292 120.887 123.693 120.905 120.834 115.725 110.826 -9999 104.477 -9999 102.217 -9999 101.579 -9999 103.937 104.399 104.42 102.226 104.325 108.37
-9999 -9999 -9999 -9999 -9999 -9999 -9999 -9999 -9999 -9999 -9999 -9999 -9999 -9999 -9999 140.563 141.321 145.712 149.686 154.778 157.31 155.94 147.806 145.19 137.811 131.805 119.148 106.787 102.428 105.891 103.389 104.706 109.69 120.027 129.823 141.547 135.536 124.333 139.791 139.147 126.835 132.289 132.478 147.254 154.68 147.473 136.982 135.706 132.315 124.356 124.411 122.049 120.04 117.7 116.749 118.284 118.308 115.429 113.045 111.25 108.964 -9999 -9999 98.68 96.802 -9999 -9999 97.211 96.28 96.325 -9999 -9999 -9999 -9999
-9999 -9999 -9999 -9999 -9999 -9999 -9999 -9999 -9999 -9999 -9999 -9999 -9999 -9999 158.225 152.85 158.78 152.872 145.93 144.447 155.033 163.416 171.358 179.872 179.274 150.883 124.736 109.577 108.643 107.986 102.678 99.242 108.022 118.039 131.127 122.052 130.855 126.481 129.086 112.523 113.242 119.702 133.6 143.618 144.01 139.668 136.446 134.808 131.764 126.412 118.669 118.994 119.367 117.878 112.446 108.526 112.492 112.005 -9999 -9999 -9999 113.671 -9999 -9999 -9999 -9999 -9999 -9999 97.874 -9999 -9999 -9999 -9999 -9999
