Validation/Results/ReClimate_10_2024_1_Precipitation-Actuals.asc
NCOLS 192
NROWS 249
XLLCENTER -225160.85627316462
YLLCENTER 29788.11610251431
CELLSIZE 5000.0
NODATA_VALUE -9999
[rows 132 to 164 of 249, columns 74 to 147 of 192]
-9999 -9999 -9999 -9999 -9999 -9999 -9999 -9999 -9999 -9999 -9999 -9999 -9999 185.477 193.745 207.431 223.668 229.54 227.454 264.842 288.846 309.918 299.973 228.895 199.975 200.614 208.063 189.164 174.676 171.131 160.735 149.431 142.77 129.655 143.362 157.951 168.273 165.857 157.583 165.998 166.243 156.902 170.836 168.562 159.14 148.212 136.562 127.916 110.652 105.894 107.25 103.605 96.506 90.682 98.149 90.629 85.592 83.069 -9999 -9999 -9999 -9999 -9999 -9999 -9999 -9999 -9999 -9999 -9999 -9999 -9999 -9999 -9999 -9999
146.032 -9999 -9999 -9999 -9999 -9999 -9999 -9999 -9999 -9999 -9999 -9999 -9999 189.369 220.632 212.496 214.682 208.242 207.362 246.009 314.998 326.453 277.976 243.255 208.126 205.003 196.828 190.015 194.263 160.906 148.43 145.199 134.606 135.899 136.458 154.573 153.973 144.64 138.282 142.662 141.987 149.054 154.756 157.166 154.653 146.017 139.409 121.314 109.598 104.103 96.379 95.366 95.068 88.252 85.725 88.742 82.851 81.707 -9999 -9999 -9999 -9999 -9999 -9999 -9999 -9999 -9999 -9999 -9999 -9999 -9999 -9999 -9999 -9999
149.987 -9999 -9999 -9999 -9999 -9999 -9999 -9999 -9999 -9999 -9999 -9999 180.865 209.996 206.502 209.459 214.577 207.56 196.078 240.035 276.489 272.704 288.032 250.094 218.304 192.429 186.381 194.097 172.675 158.671 145.413 131.678 136.682 125.235 128.691 136.651 134.778 126.227 122.244 122.135 129.583 130.087 141.762 152.203 144.113 136.758 130.466 121.54 108.419 100.268 93.001 83.498 86.67 87.272 84.576 83.763 84.271 82.241 78.813 -9999 -9999 -9999 -9999 -9999 -9999 -9999 -9999 -9999 -9999 -9999 -9999 -9999 -9999 -9999
140.312 -9999 -9999 -9999 -9999 -9999 -9999 -9999 -9999 -9999 -9999 162.869 -9999 181.725 197.895 201.316 202.613 185.92 172.448 193.8 209.94 257.878 287.626 245.916 203.203 177.436 171.582 167.868 163.889 158.521 153.245 143.358 137.323 118.332 115.477 118.754 114.733 108.247 103.119 108.412 112.668 118.363 121.619 120.663 123.111 121.866 116.269 107.108 97.121 85.869 88.067 92.963 84.178 83.555 81.384 81.966 82.183 82.193 79.772 -9999 -9999 -9999 -9999 -9999 -9999 -9999 -9999 -9999 -9999 -9999 -9999 -9999 -9999 -9999
147.158 131.752 -9999 -9999 -9999 -9999 -9999 -9999 -9999 -9999 -9999 153.217 -9999 165.012 173.966 172.685 174.603 168.566 162.903 164.687 183.294 232.743 244.581 222.156 190.923 169.873 158.827 148.401 161.74 172.253 175.716 -9999 -9999 -9999 -9999 -9999 -9999 99.9 96.696 99.145 103.169 103.09 102.408 114.358 123.036 113.736 107.964 107.847 92.351 91.269 97.23 88.815 81.16 79.363 82.655 76.223 75.766 77.983 79.548 77.003 -9999 -9999 -9999 -9999 -9999 -9999 -9999 -9999 -9999 -9999 -9999 -9999 -9999 -9999
154.846 135.262 111.476 -9999 -9999 -9999 -9999 -9999 -9999 -9999 -9999 147.073 147.421 145.644 146.775 156.178 161.401 162.481 156.295 153.434 171.425 203.388 225.938 207.591 190.375 169.457 154.298 163.493 152.827 161.136 150.897 -9999 -9999 -9999 -9999 103.046 101.839 97.82 94.739 93.04 97.623 101.339 112.977 132.879 138.536 126.389 127.554 108.03 98.709 102.195 95.042 87.762 83.914 83.167 79.725 86.733 85.721 80.12 79.176 74.142 -9999 -9999 -9999 -9999 -9999 -9999 -9999 -9999 -9999 -9999 -9999 -9999 -9999 -9999
144.3 125.947 118.236 108.673 -9999 -9999 -9999 -9999 -9999 -9999 -9999 141.222 134.316 133.667 -9999 -9999 155.261 156.286 148.647 149.755 -9999 167.835 181.733 182.349 179.28 158.933 160.305 154.756 143.896 -9999 -9999 -9999 -9999 -9999 102.956 101.041 101.703 95.022 95.711 94.093 96.112 106.423 126.745 157.336 169.439 154.806 147.618 124.576 119.569 104.465 100.283 98.443 86.878 90.567 85.062 81.278 83.676 83.919 78.464 75.167 -9999 -9999 -9999 -9999 -9999 -9999 -9999 -9999 -9999 -9999 -9999 -9999 -9999 -9999
123.112 131.528 127.176 111.361 -9999 -9999 -9999 -9999 -9999 -9999 -9999 -9999 130.914 123.944 -9999 -9999 -9999 140.023 138.25 142.595 140.706 -9999 -9999 151.959 146.492 144.869 157.789 155.954 -9999 -9999 -9999 -9999 -9999 118.992 108.557 109.861 108.881 105.935 103.693 101.407 103.617 112.493 124.344 157.204 165.044 179.064 160.511 157.431 147.842 135.614 118.177 113.097 104.641 90.83 85.982 85.907 81.653 84.055 83.211 80.414 -9999 -9999 -9999 -9999 -9999 -9999 -9999 -9999 -9999 -9999 -9999 -9999 -9999 -9999
116.423 118.709 114.289 -9999 -9999 -9999 -9999 -9999 -9999 -9999 -9999 -9999 -9999 120.467 -9999 -9999 -9999 -9999 128.221 139.326 140.469 -9999 -9999 -9999 140.585 140.861 -9999 -9999 -9999 -9999 -9999 -9999 -9999 118.011 117.417 126.713 125.355 130.181 125.899 117.236 107.242 108.712 128.052 134.6 154.313 165.602 173.527 183.051 174.9 157.864 135.12 124.438 117.899 98.829 87.597 81.019 80.272 79.917 86.095 81.937 -9999 -9999 -9999 -9999 -9999 -9999 -9999 -9999 -9999 -9999 -9999 -9999 -9999 -9999
117.281 111.416 -9999 -9999 -9999 -9999 -9999 -9999 -9999 -9999 -9999 -9999 -9999 127.43 -9999 -9999 -9999 -9999 -9999 135.487 136.074 -9999 -9999 -9999 -9999 -9999 -9999 -9999 -9999 -9999 -9999 -9999 -9999 123.022 138.585 144.009 159.45 164.729 159.168 135.658 112.955 115.816 115.818 136.148 167.088 196.238 208.781 202.44 183.645 150.215 131.402 113.271 103.638 99.641 94.691 87.543 78.766 79.777 86.172 89.329 79.092 -9999 -9999 -9999 -9999 -9999 -9999 -9999 -9999 -9999 -9999 -9999 -9999 -9999
110.994 -9999 102.431 101.231 98.679 93.001 -9999 -9999 -9999 -9999 -9999 -9999 -9999 125.641 -9999 -9999 -9999 -9999 -9999 -9999 -9999 -9999 -9999 -9999 -9999 -9999 -9999 -9999 -9999 -9999 -9999 -9999 130.849 140.025 148.462 156.695 166.729 202.478 204.584 174.911 145.225 120.487 121.398 114.937 147.12 185.651 202.116 214.08 178.208 183.296 165.425 128.966 110.928 90.529 87.924 85.447 83.283 83.43 84.486 89.774 86.326 77.581 -9999 -9999 -9999 -9999 -9999 -9999 -9999 -9999 -9999 -9999 -9999 -9999
102.764 100.954 101.883 98.832 92.168 91.316 -9999 -9999 -9999 -9999 -9999 -9999 -9999 -9999 -9999 -9999 -9999 -9999 -9999 -9999 -9999 -9999 -9999 -9999 -9999 -9999 -9999 -9999 -9999 -9999 -9999 138.578 138.814 154.538 168.969 185.856 219.685 270.714 248.737 200.911 153.629 137.662 109.974 109.485 131.346 169.831 222.99 197.796 184.076 173.284 153.039 132.143 114.416 100.778 84.066 79.764 74.326 78.433 76.694 80.023 79.054 74.227 -9999 -9999 -9999 -9999 -9999 -9999 -9999 -9999 -9999 -9999 -9999 -9999
101.823 102.3 99.017 94.092 -9999 87.579 87.639 -9999 -9999 -9999 -9999 -9999 -9999 -9999 -9999 -9999 -9999 -9999 -9999 -9999 -9999 -9999 -9999 -9999 -9999 -9999 -9999 -9999 -9999 -9999 -9999 152.146 152.906 177.986 224.229 249.247 255.205 242.841 259.506 243.798 196.526 166.949 135.817 122.877 126.383 154.647 177.666 196.709 176.403 161.434 134.724 116.995 96.678 89.408 82.076 77.823 74.134 73.727 73.42 72.972 76.66 71.356 69.255 71.218 -9999 -9999 -9999 -9999 -9999 -9999 -9999 -9999 -9999 -9999
104.058 103.697 97.888 90.73 -9999 -9999 87.568 -9999 -9999 -9999 -9999 -9999 -9999 -9999 -9999 -9999 -9999 -9999 -9999 -9999 -9999 -9999 -9999 -9999 -9999 -9999 -9999 -9999 -9999 -9999 -9999 165.843 172.736 203.652 237.037 287.467 298.2 307.605 313.029 268.928 247.674 231.138 177.126 151.851 133.522 113.047 138.824 146.233 132.149 141.799 126.125 104.186 90.86 81.515 74.453 69.346 71.923 69.861 70.938 71.243 71.467 74.317 82.932 81.231 83.489 80.456 90.387 -9999 -9999 -9999 -9999 -9999 -9999 -9999
102.431 102.555 97.129 86.219 85.165 -9999 86.901 -9999 -9999 -9999 -9999 -9999 -9999 -9999 -9999 -9999 -9999 -9999 -9999 -9999 -9999 -9999 -9999 -9999 -9999 -9999 -9999 -9999 -9999 -9999 133.384 173.139 198.44 243.332 329.997 387.726 404.106 347.178 336.11 320.839 321.773 271.583 235.443 193.552 144.366 120.622 129.383 112.881 126.422 136.92 124.024 104.676 93.658 80.914 76.304 73.533 70.473 69.229 67.492 68.168 72.495 76.785 87.667 104.367 100.09 102.248 97.772 93.441 94.213 -9999 -9999 -9999 -9999 -9999
113.871 107.244 92.829 92.051 -9999 87.508 -9999 -9999 -9999 -9999 -9999 -9999 -9999 -9999 -9999 -9999 -9999 -9999 -9999 -9999 -9999 -9999 -9999 -9999 -9999 -9999 -9999 -9999 -9999 -9999 -9999 140.523 182.87 244.56 314.834 382.047 421.787 433.86 346.084 335.428 304.798 305.254 267.529 209.071 168.729 148.678 139.203 141.289 169.46 150.447 140.145 137.258 121.882 96.954 83.371 78.868 72.182 69.717 69.247 70.922 71.665 77.798 89.851 106.217 102.535 105.123 107.158 102.849 99.475 94.072 -9999 -9999 -9999 -9999
120.401 103.841 93.897 91.924 90.146 91.561 -9999 -9999 -9999 -9999 -9999 -9999 -9999 -9999 -9999 -9999 -9999 -9999 -9999 -9999 -9999 -9999 -9999 -9999 -9999 -9999 -9999 -9999 -9999 -9999 -9999 -9999 145.317 195.111 248.763 315.164 379.504 384.222 315.612 266.854 272.941 272.62 235.374 211.455 194.941 180.256 170.876 191.208 185.823 179.105 180.062 157.76 131.99 115.673 95.029 83.158 73.493 70.095 71.241 72.606 75.062 91.747 97.101 121.347 135.134 123.013 126.522 108.374 104.877 98.362 92.801 -9999 -9999 -9999
116.759 105.008 95.458 87.839 88.804 -9999 -9999 -9999 -9999 -9999 -9999 -9999 -9999 -9999 -9999 -9999 -9999 -9999 -9999 -9999 -9999 -9999 -9999 -9999 -9999 -9999 -9999 -9999 -9999 -9999 -9999 -9999 131.385 173.565 223.692 267.514 335.303 330.765 260.887 237.457 227.985 216.209 204.65 179.213 184.916 216.741 210.103 217.028 214.083 190.809 155.773 144.369 129.378 116.292 101.671 81.463 72.854 71.759 71.679 76.188 82.95 96.243 113.126 116.339 123.103 122.775 128.711 125.5 113.1 108.551 98.476 90.5 -9999 -9999
104.836 111.491 99.611 93.165 92.827 -9999 -9999 -9999 -9999 -9999 -9999 -9999 -9999 -9999 -9999 -9999 -9999 -9999 -9999 -9999 -9999 -9999 -9999 -9999 -9999 -9999 -9999 -9999 -9999 -9999 -9999 -9999 -9999 157.507 201.887 238.733 278.835 247.416 231.667 206.046 194.243 188.008 164.375 164.065 190.463 203.398 226.375 216.361 208.306 181.76 166.993 149.766 139.209 112.161 97.698 80.706 75.925 75.465 69.324 77.937 90.148 95.895 110.72 120.543 123.195 117.673 117.957 118.528 117.341 109.814 106.977 96.182 -9999 -9999
135.659 -9999 -9999 -9999 -9999 -9999 -9999 -9999 -9999 -9999 -9999 -9999 -9999 -9999 -9999 -9999 -9999 -9999 -9999 -9999 -9999 -9999 -9999 -9999 -9999 -9999 -9999 -9999 -9999 -9999 -9999 -9999 -9999 150.858 182.805 214.409 203.013 207.551 184.201 193.216 186.531 158.123 160.514 169.489 192.236 230.751 224.766 219.981 209.804 196.29 163.673 145.274 128.134 113.84 95.953 84.092 73.889 70.162 72.693 73.074 87.983 97.773 100.517 104.686 104.418 100.757 105.588 107.46 112.654 107.54 96.658 93.322 84.333 -9999
162.019 -9999 -9999 -9999 -9999 -9999 -9999 -9999 -9999 -9999 -9999 -9999 -9999 -9999 -9999 -9999 -9999 -9999 -9999 -9999 -9999 -9999 -9999 -9999 -9999 -9999 -9999 -9999 -9999 -9999 -9999 -9999 -9999 -9999 173.853 170.554 178.026 184.983 177.735 169.371 147.525 144.556 148.014 158.945 180.085 209.938 232.089 230.212 226.802 208.174 192.732 178.784 151.554 133.351 112.549 91.502 76.475 67.115 64.725 68.206 73.429 88.612 95.229 89.423 83.668 81.68 79.116 84.202 87.401 96.095 88.22 83.555 78.895 -9999
127.007 -9999 -9999 -9999 -9999 -9999 -9999 -9999 -9999 -9999 -9999 -9999 -9999 -9999 -9999 -9999 -9999 -9999 -9999 -9999 -9999 -9999 -9999 -9999 -9999 -9999 -9999 -9999 -9999 -9999 -9999 -9999 -9999 -9999 150.242 -9999 152.956 152.472 147.439 141.477 -9999 134.805 150.148 152.57 162.568 205.135 222.304 221.907 224.132 210.267 201.104 208.154 181.331 146.691 126.275 106.668 83.382 70.29 64.37 62.388 68.011 75.297 80.659 78.249 75.272 72.086 70.948 71.476 74.989 81.175 83.276 84.904 87.508 80.426
-9999 -9999 -9999 -9999 -9999 -9999 -9999 -9999 -9999 -9999 -9999 -9999 -9999 -9999 -9999 -9999 -9999 -9999 -9999 -9999 -9999 -9999 -9999 -9999 -9999 -9999 -9999 -9999 -9999 -9999 -9999 -9999 -9999 -9999 -9999 138.539 139.146 -9999 -9999 -9999 -9999 123.209 133.239 135.363 148.928 165.705 175.367 187.021 200.394 201.772 191.224 189.055 197.17 165.342 135.949 112.094 92.494 78.045 69.163 64.196 64.97 71.543 75.932 78.863 75.184 74.72 71.452 69.765 73.716 81.923 84.703 81.758 86.363 85.76
-9999 -9999 -9999 -9999 -9999 -9999 -9999 -9999 -9999 -9999 -9999 -9999 -9999 -9999 -9999 -9999 -9999 -9999 -9999 -9999 -9999 -9999 -9999 -9999 -9999 -9999 -9999 -9999 -9999 -9999 -9999 -9999 -9999 -9999 -9999 129.549 130.545 -9999 -9999 -9999 -9999 119.952 132.228 125.571 137.016 144.294 156.501 151.719 160.268 186.829 180.212 169.002 179.277 164.29 143.992 118.338 97.076 78.341 69.286 64.468 62.314 64.057 68.167 72.38 74.709 74.803 73.618 73.259 75.46 83.925 90.338 87.299 85.544 81.197
-9999 -9999 -9999 -9999 -9999 -9999 -9999 -9999 -9999 -9999 -9999 -9999 -9999 -9999 -9999 -9999 -9999 -9999 -9999 -9999 -9999 -9999 -9999 -9999 -9999 -9999 -9999 -9999 -9999 -9999 -9999 -9999 -9999 -9999 -9999 124.431 -9999 -9999 -9999 -9999 116.603 125.845 135.233 155.674 166.421 179.0 166.153 141.677 165.333 175.74 153.446 154.699 149.946 146.511 134.42 117.464 95.595 80.589 70.451 66.326 63.1 61.117 62.995 66.874 70.242 73.14 79.412 86.399 86.563 86.502 87.064 83.534 78.635 77.054
-9999 -9999 -9999 -9999 -9999 -9999 -9999 -9999 -9999 -9999 -9999 -9999 -9999 -9999 -9999 -9999 -9999 -9999 -9999 -9999 -9999 -9999 -9999 -9999 -9999 -9999 -9999 -9999 -9999 -9999 -9999 -9999 -9999 -9999 -9999 -9999 -9999 -9999 -9999 -9999 118.825 139.934 150.277 185.467 208.736 208.233 172.679 153.004 144.589 142.654 135.853 137.779 140.898 134.5 127.198 115.527 96.505 83.585 75.438 67.674 63.007 60.732 61.725 63.191 66.61 72.854 78.638 91.734 97.476 85.311 81.151 75.318 72.279 70.448
-9999 -9999 -9999 -9999 -9999 -9999 -9999 -9999 -9999 -9999 -9999 -9999 -9999 -9999 -9999 -9999 -9999 -9999 -9999 -9999 -9999 -9999 -9999 -9999 -9999 -9999 -9999 -9999 -9999 -9999 -9999 -9999 -9999 -9999 -9999 -9999 -9999 -9999 -9999 -9999 121.074 126.495 157.037 192.514 218.644 199.881 172.028 141.544 136.558 130.534 122.227 120.847 113.717 120.583 113.528 106.403 94.119 81.385 73.239 67.556 65.882 62.796 62.041 61.677 62.089 68.375 75.725 83.213 89.878 83.667 76.851 77.809 72.088 68.635
-9999 -9999 -9999 -9999 -9999 -9999 -9999 -9999 -9999 -9999 -9999 -9999 -9999 -9999 -9999 -9999 -9999 -9999 -9999 -9999 -9999 -9999 -9999 -9999 -9999 -9999 -9999 -9999 -9999 -9999 -9999 -9999 -9999 -9999 -9999 -9999 -9999 -9999 -9999 108.581 113.167 122.682 152.586 193.002 208.808 183.329 165.752 133.928 129.991 126.888 120.617 118.501 117.443 106.624 101.43 90.539 84.681 72.885 69.105 64.687 62.334 63.641 60.968 60.252 60.009 62.647 69.615 75.196 80.444 78.174 73.92 70.796 71.304 70.077
-9999 -9999 -9999 -9999 -9999 -9999 -9999 -9999 -9999 -9999 -9999 -9999 -9999 -9999 -9999 -9999 -9999 -9999 -9999 -9999 -9999 -9999 -9999 -9999 -9999 -9999 -9999 -9999 -9999 -9999 -9999 -9999 -9999 -9999 -9999 -9999 -9999 -9999 -9999 110.009 108.536 122.753 143.308 168.448 155.343 156.369 135.319 135.919 150.721 134.29 126.146 122.545 113.693 108.187 96.32 90.889 88.008 80.692 68.932 65.689 62.199 60.483 60.027 59.148 59.188 61.879 64.634 67.854 69.353 72.896 72.561 70.715 67.178 67.315
-9999 -9999 -9999 -9999 -9999 -9999 -9999 -9999 -9999 -9999 -9999 -9999 -9999 -9999 -9999 -9999 -9999 -9999 -9999 -9999 -9999 -9999 -9999 -9999 -9999 -9999 -9999 -9999 -9999 -9999 -9999 -9999 -9999 -9999 -9999 -9999 -9999 -9999 105.681 104.06 107.767 114.962 129.079 133.024 135.068 131.963 126.819 137.36 139.244 132.053 132.751 131.984 119.058 97.731 94.637 85.679 81.186 78.536 74.54 66.66 63.777 61.428 59.508 59.531 59.87 61.549 63.086 65.423 68.116 70.284 73.626 75.935 71.65 65.618
-9999 -9999 -9999 -9999 -9999 -9999 -9999 -9999 -9999 -9999 -9999 -9999 -9999 -9999 -9999 -9999 -9999 -9999 -9999 -9999 -9999 -9999 -9999 -9999 -9999 -9999 -9999 -9999 -9999 -9999 -9999 -9999 -9999 -9999 -9999 -9999 -9999 -9999 98.928 101.358 103.433 108.025 114.838 117.427 119.447 126.452 128.982 127.534 132.067 135.04 155.403 149.969 130.746 109.659 93.252 89.119 77.345 69.829 70.072 69.585 64.167 61.067 60.064 59.192 60.603 60.432 59.78 59.973 65.153 70.132 73.562 72.907 71.388 66.472
-9999 -9999 -9999 -9999 -9999 -9999 -9999 -9999 -9999 -9999 -9999 -9999 -9999 -9999 -9999 -9999 -9999 -9999 -9999 -9999 -9999 -9999 -9999 -9999 -9999 -9999 -9999 -9999 -9999 -9999 -9999 -9999 -9999 -9999 -9999 -9999 -9999 -9999 97.317 97.448 98.262 102.082 109.092 110.185 116.341 125.879 126.149 132.25 141.549 157.412 164.119 150.331 129.844 109.204 93.634 86.623 80.765 70.722 66.898 63.9 62.057 59.683 59.06 59.209 62.239 62.0 59.133 57.757 59.597 64.824 68.499 70.203 68.89 65.923
-9999 -9999 -9999 -9999 -9999 -9999 -9999 -9999 -9999 -9999 -9999 -9999 -9999 -9999 -9999 -9999 -9999 -9999 -9999 -9999 -9999 -9999 -9999 -9999 -9999 -9999 -9999 -9999 -9999 -9999 -9999 -9999 -9999 -9999 -9999 -9999 -9999 -9999 -9999 94.078 94.693 99.439 100.889 114.821 131.543 140.942 145.833 147.994 150.328 162.284 158.143 147.463 124.936 99.985 90.762 78.135 75.627 69.865 65.68 64.102 59.953 58.255 58.948 60.488 59.584 60.652 58.932 57.343 55.177 60.065 64.207 64.868 -9999 62.496
