Validation/Results/ReClimate_10_2023_2_Temperature-Actuals.asc
NCOLS 192
NROWS 249
XLLCENTER -225160.85627316462
YLLCENTER 29788.11610251502
CELLSIZE 5000.0
NODATA_VALUE -9999
[rows 136 to 169 of 249, columns 77 to 153 of 192]
-9999 -9999 -9999 -9999 -9999 -9999 -9999 -9999 5.752 -9999 5.099 4.729 4.737 4.727 4.9 5.021 5.026 4.908 4.085 4.187 4.134 4.124 4.506 4.525 4.61 4.675 4.301 4.276 -9999 -9999 -9999 -9999 -9999 -9999 4.745 4.91 4.902 4.677 4.571 4.412 3.929 3.679 3.868 3.858 3.84 4.166 3.969 3.908 4.274 4.504 4.712 4.73 5.11 5.277 5.378 5.573 5.987 -9999 -9999 -9999 -9999 -9999 -9999 -9999 -9999 -9999 -9999 -9999 -9999 -9999 -9999 -9999 -9999 -9999 -9999 -9999 -9999
-9999 -9999 -9999 -9999 -9999 -9999 -9999 -9999 5.625 5.548 5.496 5.51 5.27 5.105 5.039 5.074 5.329 5.158 4.85 4.217 4.185 4.225 4.529 4.452 4.472 4.861 4.643 5.139 -9999 -9999 -9999 -9999 4.911 4.647 4.72 4.936 5.007 4.9 4.701 4.068 3.408 3.444 3.628 3.34 3.89 3.791 3.635 4.122 4.06 4.279 4.709 4.785 4.551 4.887 5.182 5.357 6.016 -9999 -9999 -9999 -9999 -9999 -9999 -9999 -9999 -9999 -9999 -9999 -9999 -9999 -9999 -9999 -9999 -9999 -9999 -9999 -9999
6.441 -9999 -9999 -9999 -9999 -9999 -9999 -9999 5.733 5.933 5.812 -9999 -9999 5.567 5.306 5.285 5.364 -9999 5.543 5.272 5.01 4.784 4.794 4.583 5.013 5.367 -9999 -9999 -9999 -9999 -9999 5.361 5.025 4.787 4.801 4.854 4.86 4.84 4.481 3.87 2.998 2.855 3.318 3.101 3.571 3.168 3.424 3.744 3.687 4.186 4.252 4.36 4.446 4.72 5.008 5.221 5.765 -9999 -9999 -9999 -9999 -9999 -9999 -9999 -9999 -9999 -9999 -9999 -9999 -9999 -9999 -9999 -9999 -9999 -9999 -9999 -9999
6.042 -9999 -9999 -9999 -9999 -9999 -9999 -9999 -9999 6.133 6.23 -9999 -9999 -9999 5.851 5.441 5.432 5.667 -9999 -9999 5.613 5.417 5.316 5.084 5.27 -9999 -9999 -9999 -9999 -9999 5.293 5.186 4.918 4.823 4.77 4.701 4.741 4.492 4.281 3.984 3.119 2.947 2.427 2.998 2.633 2.555 2.967 3.311 3.258 3.558 4.071 4.155 4.139 4.567 4.897 4.922 5.256 -9999 -9999 -9999 -9999 -9999 -9999 -9999 -9999 -9999 -9999 -9999 -9999 -9999 -9999 -9999 -9999 -9999 -9999 -9999 -9999
-9999 -9999 -9999 -9999 -9999 -9999 -9999 -9999 -9999 -9999 6.355 -9999 -9999 -9999 -9999 5.831 5.437 5.62 -9999 -9999 -9999 5.857 6.054 -9999 -9999 -9999 -9999 -9999 -9999 -9999 5.311 5.073 4.798 4.551 4.342 4.421 4.483 4.386 4.457 4.133 3.509 2.66 2.591 2.644 2.028 2.251 2.617 3.095 3.008 3.147 3.67 4.064 4.321 4.593 4.758 4.652 4.907 -9999 -9999 -9999 -9999 -9999 -9999 -9999 -9999 -9999 -9999 -9999 -9999 -9999 -9999 -9999 -9999 -9999 -9999 -9999 -9999
-9999 -9999 -9999 -9999 -9999 -9999 -9999 -9999 -9999 -9999 6.185 -9999 -9999 -9999 -9999 -9999 5.924 5.885 -9999 -9999 -9999 -9999 -9999 -9999 -9999 -9999 -9999 -9999 -9999 -9999 5.234 4.661 4.313 4.158 4.036 4.181 4.256 4.286 4.306 4.073 3.64 2.736 1.88 1.496 1.863 2.306 3.198 3.378 3.458 3.657 3.756 3.792 4.239 4.604 4.624 4.452 4.623 5.202 -9999 -9999 -9999 -9999 -9999 -9999 -9999 -9999 -9999 -9999 -9999 -9999 -9999 -9999 -9999 -9999 -9999 -9999 -9999
5.967 6.134 6.56 -9999 -9999 -9999 -9999 -9999 -9999 -9999 6.207 -9999 -9999 -9999 -9999 -9999 -9999 -9999 -9999 -9999 -9999 -9999 -9999 -9999 -9999 -9999 -9999 -9999 -9999 5.362 4.956 4.656 4.636 4.431 3.697 4.084 4.035 3.897 4.128 3.996 4.081 2.883 1.603 1.294 2.133 2.671 2.28 2.23 2.825 3.248 4.031 4.14 4.168 4.324 4.399 4.433 4.482 4.907 5.577 -9999 -9999 -9999 -9999 -9999 -9999 -9999 -9999 -9999 -9999 -9999 -9999 -9999 -9999 -9999 -9999 -9999 -9999
5.808 6.094 6.366 -9999 -9999 -9999 -9999 -9999 -9999 -9999 -9999 -9999 -9999 -9999 -9999 -9999 -9999 -9999 -9999 -9999 -9999 -9999 -9999 -9999 -9999 -9999 -9999 -9999 5.147 5.084 4.83 4.723 4.657 4.346 2.838 3.362 4.109 4.079 4.09 4.32 4.091 3.54 2.369 1.521 2.072 2.295 2.574 2.797 2.728 2.965 3.462 4.163 4.304 4.42 4.421 4.432 4.559 4.955 5.473 -9999 -9999 -9999 -9999 -9999 -9999 -9999 -9999 -9999 -9999 -9999 -9999 -9999 -9999 -9999 -9999 -9999 -9999
5.957 -9999 6.43 6.756 -9999 -9999 -9999 -9999 -9999 -9999 -9999 -9999 -9999 -9999 -9999 -9999 -9999 -9999 -9999 -9999 -9999 -9999 -9999 -9999 -9999 -9999 -9999 -9999 5.064 4.922 4.81 3.964 3.814 4.067 4.256 3.987 3.684 3.916 4.02 4.114 4.293 4.164 3.388 2.897 1.994 2.525 2.88 3.062 3.167 3.43 3.734 4.047 4.166 4.391 4.435 4.495 4.58 4.943 5.463 5.828 5.946 -9999 -9999 -9999 -9999 -9999 -9999 -9999 -9999 -9999 -9999 -9999 -9999 -9999 -9999 -9999 -9999
5.993 -9999 -9999 6.724 -9999 -9999 -9999 -9999 -9999 -9999 -9999 -9999 -9999 -9999 -9999 -9999 -9999 -9999 -9999 -9999 -9999 -9999 -9999 -9999 -9999 -9999 -9999 -9999 5.258 4.997 4.339 3.511 4.592 4.602 3.864 3.411 3.899 3.797 3.542 4.223 4.097 4.399 4.445 3.658 3.128 2.759 2.989 3.221 3.633 3.871 4.201 4.42 4.565 4.531 4.64 4.533 4.664 4.895 5.213 5.089 5.171 5.203 5.512 5.073 -9999 -9999 -9999 -9999 -9999 -9999 -9999 -9999 -9999 -9999 -9999 -9999 -9999
5.977 6.32 -9999 6.772 -9999 -9999 -9999 -9999 -9999 -9999 -9999 -9999 -9999 -9999 -9999 -9999 -9999 -9999 -9999 -9999 -9999 -9999 -9999 -9999 -9999 -9999 -9999 6.072 5.301 4.774 3.728 3.176 3.098 3.743 3.944 3.866 3.566 3.1 3.937 3.357 3.885 4.229 4.372 4.175 3.928 3.486 2.977 3.216 3.649 4.019 4.287 4.514 4.647 4.773 4.752 4.735 4.789 4.946 5.038 4.911 4.197 4.123 4.205 4.376 4.901 4.693 -9999 -9999 -9999 -9999 -9999 -9999 -9999 -9999 -9999 -9999 -9999
6.064 -9999 6.492 -9999 -9999 -9999 -9999 -9999 -9999 -9999 -9999 -9999 -9999 -9999 -9999 -9999 -9999 -9999 -9999 -9999 -9999 -9999 -9999 -9999 -9999 -9999 -9999 -9999 5.863 4.933 3.629 3.328 3.737 2.604 3.198 3.796 3.333 3.753 2.836 3.085 3.785 4.068 4.019 4.07 3.767 2.383 2.662 2.821 2.858 3.218 3.949 4.238 4.463 4.692 4.788 4.797 4.88 5.059 5.134 4.966 4.363 3.994 4.123 4.146 4.183 4.505 4.594 -9999 -9999 -9999 -9999 -9999 -9999 -9999 -9999 -9999 -9999
6.141 6.206 6.423 -9999 -9999 -9999 -9999 -9999 -9999 -9999 -9999 -9999 -9999 -9999 -9999 -9999 -9999 -9999 -9999 -9999 -9999 -9999 -9999 -9999 -9999 -9999 -9999 -9999 -9999 5.525 4.783 4.725 3.712 3.765 3.915 4.431 4.587 3.437 3.398 3.724 3.851 3.573 3.58 3.84 3.02 2.71 2.555 2.139 2.544 3.144 3.414 3.999 4.308 4.622 4.759 4.783 4.895 5.06 4.546 4.308 3.758 3.187 3.385 3.66 4.098 4.1 4.414 4.981 -9999 -9999 -9999 -9999 -9999 -9999 -9999 -9999 -9999
6.371 6.272 -9999 -9999 -9999 -9999 -9999 -9999 -9999 -9999 -9999 -9999 -9999 -9999 -9999 -9999 -9999 -9999 -9999 -9999 -9999 -9999 -9999 -9999 -9999 -9999 -9999 -9999 -9999 6.12 5.514 5.008 4.519 4.024 3.455 4.505 4.049 4.2 4.373 4.326 4.071 3.628 2.823 3.626 3.018 2.442 2.76 3.404 3.558 3.518 3.669 3.866 4.388 4.692 4.755 4.759 4.684 4.456 4.205 3.826 3.883 3.636 3.508 3.434 3.595 3.896 4.062 4.662 5.56 -9999 -9999 -9999 -9999 -9999 -9999 -9999 -9999
6.498 6.763 -9999 -9999 -9999 -9999 -9999 -9999 -9999 -9999 -9999 -9999 -9999 -9999 -9999 -9999 -9999 -9999 -9999 -9999 -9999 -9999 -9999 -9999 -9999 -9999 -9999 -9999 -9999 -9999 5.283 4.629 4.429 3.849 4.419 4.264 4.594 4.689 4.644 4.47 4.222 3.752 3.857 2.801 3.126 3.255 3.108 3.41 3.486 3.379 3.959 4.088 4.465 4.662 4.78 4.756 4.52 4.238 4.099 3.943 3.79 3.757 3.721 3.631 3.659 3.83 4.181 4.481 5.24 -9999 -9999 -9999 -9999 -9999 -9999 -9999 -9999
-9999 -9999 -9999 -9999 -9999 -9999 -9999 -9999 -9999 -9999 -9999 -9999 -9999 -9999 -9999 -9999 -9999 -9999 -9999 -9999 -9999 -9999 -9999 -9999 -9999 -9999 -9999 -9999 -9999 -9999 5.987 4.397 4.569 5.027 4.63 4.827 4.787 4.936 4.773 4.317 4.329 4.355 2.827 3.42 3.248 3.149 2.953 3.583 3.661 3.813 3.912 4.234 4.385 4.662 4.779 4.763 4.585 4.055 3.773 3.922 4.058 4.011 3.966 3.803 3.788 3.871 4.091 4.574 4.816 5.597 -9999 -9999 -9999 -9999 -9999 -9999 -9999
-9999 -9999 -9999 -9999 -9999 -9999 -9999 -9999 -9999 -9999 -9999 -9999 -9999 -9999 -9999 -9999 -9999 -9999 -9999 -9999 -9999 -9999 -9999 -9999 -9999 -9999 -9999 -9999 -9999 -9999 -9999 5.474 5.492 5.063 4.789 4.935 4.871 5.092 4.866 4.564 4.656 4.001 3.214 2.887 2.95 2.617 2.937 2.92 3.169 3.586 3.592 3.894 4.304 4.603 4.732 4.594 4.441 4.343 3.727 3.755 4.281 4.555 4.402 4.298 4.233 4.38 4.561 4.801 5.051 5.237 -9999 -9999 -9999 -9999 -9999 -9999 -9999
-9999 -9999 -9999 -9999 -9999 -9999 -9999 -9999 -9999 -9999 -9999 -9999 -9999 -9999 -9999 -9999 -9999 -9999 -9999 -9999 -9999 -9999 -9999 -9999 -9999 -9999 -9999 -9999 -9999 -9999 -9999 6.003 -9999 4.958 5.113 5.058 5.163 -9999 5.158 4.832 4.721 4.089 3.152 3.154 3.153 2.738 2.94 2.872 2.357 3.034 3.322 3.54 3.866 4.387 4.595 4.51 4.381 4.396 4.46 4.304 4.591 4.781 4.654 4.511 4.49 4.566 4.739 4.844 4.602 4.586 4.924 -9999 -9999 -9999 -9999 -9999 -9999
-9999 -9999 -9999 -9999 -9999 -9999 -9999 -9999 -9999 -9999 -9999 -9999 -9999 -9999 -9999 -9999 -9999 -9999 -9999 -9999 -9999 -9999 -9999 -9999 -9999 -9999 -9999 -9999 -9999 -9999 -9999 -9999 5.834 5.248 -9999 -9999 -9999 -9999 5.423 5.107 5.017 4.499 4.087 3.322 3.213 3.039 2.88 3.483 3.144 2.646 3.276 3.444 3.885 4.239 4.528 4.584 4.562 4.565 4.621 4.637 4.553 4.661 4.544 4.483 4.591 4.592 4.462 4.495 4.615 4.496 4.574 4.905 5.475 -9999 -9999 -9999 -9999
-9999 -9999 -9999 -9999 -9999 -9999 -9999 -9999 -9999 -9999 -9999 -9999 -9999 -9999 -9999 -9999 -9999 -9999 -9999 -9999 -9999 -9999 -9999 -9999 -9999 -9999 -9999 -9999 -9999 -9999 -9999 -9999 6.092 5.777 -9999 -9999 -9999 -9999 5.568 5.026 5.114 4.754 4.102 4.2 4.056 3.375 3.281 3.43 3.569 2.735 3.2 3.453 3.728 4.154 4.556 4.668 4.684 4.715 4.71 4.714 4.657 4.568 4.554 4.552 4.593 4.512 4.333 4.185 4.231 4.367 4.635 4.973 5.47 -9999 -9999 -9999 -9999
-9999 -9999 -9999 -9999 -9999 -9999 -9999 -9999 -9999 -9999 -9999 -9999 -9999 -9999 -9999 -9999 -9999 -9999 -9999 -9999 -9999 -9999 -9999 -9999 -9999 -9999 -9999 -9999 -9999 -9999 -9999 -9999 6.139 -9999 -9999 -9999 -9999 5.811 5.435 5.005 4.345 4.05 4.048 4.041 4.115 3.671 3.271 3.729 3.718 3.635 3.23 3.643 3.903 4.295 4.605 4.792 4.714 4.73 4.771 4.791 4.784 4.739 4.744 4.597 4.272 4.278 4.279 4.335 4.388 4.499 4.734 5.122 -9999 -9999 -9999 -9999 -9999
-9999 -9999 -9999 -9999 -9999 -9999 -9999 -9999 -9999 -9999 -9999 -9999 -9999 -9999 -9999 -9999 -9999 -9999 -9999 -9999 -9999 -9999 -9999 -9999 -9999 -9999 -9999 -9999 -9999 -9999 -9999 -9999 -9999 -9999 -9999 -9999 -9999 5.834 5.246 4.296 3.521 3.25 3.671 4.177 4.134 4.242 4.118 4.213 4.065 3.894 3.696 3.721 4.091 4.4 4.64 4.833 4.799 4.757 4.82 4.863 4.86 4.817 4.789 4.745 4.19 3.885 4.323 4.508 4.689 4.733 4.891 5.142 -9999 -9999 -9999 -9999 -9999
-9999 -9999 -9999 -9999 -9999 -9999 -9999 -9999 -9999 -9999 -9999 -9999 -9999 -9999 -9999 -9999 -9999 -9999 -9999 -9999 -9999 -9999 -9999 -9999 -9999 -9999 -9999 -9999 -9999 -9999 -9999 -9999 -9999 -9999 -9999 -9999 -9999 5.671 5.16 4.426 3.673 3.668 4.097 4.214 4.488 4.456 4.418 4.442 4.376 4.514 4.112 4.087 4.142 4.368 4.593 4.811 4.931 4.863 4.883 4.906 4.914 4.888 4.842 4.84 4.577 4.124 4.306 4.657 4.841 4.935 4.996 5.147 -9999 -9999 -9999 -9999 -9999
-9999 -9999 -9999 -9999 -9999 -9999 -9999 -9999 -9999 -9999 -9999 -9999 -9999 -9999 -9999 -9999 -9999 -9999 -9999 -9999 -9999 -9999 -9999 -9999 -9999 -9999 -9999 -9999 -9999 -9999 -9999 -9999 -9999 -9999 -9999 -9999 5.814 5.52 5.081 4.252 3.743 3.555 4.097 4.133 4.777 4.534 4.557 4.349 4.304 4.175 4.73 4.683 4.793 4.724 4.88 4.798 4.894 4.938 4.883 4.911 4.949 4.941 4.942 4.93 4.866 4.512 4.467 4.745 4.979 5.065 5.074 5.164 5.372 -9999 -9999 -9999 -9999
-9999 -9999 -9999 -9999 -9999 -9999 -9999 -9999 -9999 -9999 -9999 -9999 -9999 -9999 -9999 -9999 -9999 -9999 -9999 -9999 -9999 -9999 -9999 -9999 -9999 -9999 -9999 -9999 -9999 -9999 -9999 -9999 -9999 -9999 -9999 -9999 5.595 5.479 5.205 4.746 4.126 4.699 4.594 5.017 4.544 4.186 4.302 4.148 4.209 4.51 4.327 4.714 4.734 4.72 4.749 4.876 4.868 4.963 4.997 4.971 4.987 5.026 5.05 5.068 5.001 4.878 4.618 4.755 5.029 5.15 5.135 5.158 5.365 -9999 -9999 -9999 -9999
-9999 -9999 -9999 -9999 -9999 -9999 -9999 -9999 -9999 -9999 -9999 -9999 -9999 -9999 -9999 -9999 -9999 -9999 -9999 -9999 -9999 -9999 -9999 -9999 -9999 -9999 -9999 -9999 -9999 -9999 -9999 -9999 -9999 -9999 -9999 5.709 5.456 5.454 5.49 5.074 5.025 4.977 5.154 5.025 4.477 4.409 4.298 4.157 4.179 4.324 4.972 4.749 5.096 5.067 4.965 4.811 4.882 4.933 5.012 5.0 4.981 5.045 5.101 5.114 5.049 4.948 4.787 4.653 4.919 5.2 5.255 5.165 5.226 5.458 -9999 -9999 -9999
-9999 -9999 -9999 -9999 -9999 -9999 -9999 -9999 -9999 -9999 -9999 -9999 -9999 -9999 -9999 -9999 -9999 -9999 -9999 -9999 -9999 -9999 -9999 -9999 -9999 -9999 -9999 -9999 -9999 -9999 -9999 -9999 -9999 -9999 -9999 5.491 5.406 5.472 5.49 5.381 5.259 5.24 5.053 4.796 4.863 4.636 4.184 3.461 3.646 3.898 4.486 5.007 4.995 5.324 5.415 5.187 4.918 4.976 5.038 5.045 5.022 5.075 5.142 5.161 5.133 5.079 4.921 4.772 4.993 5.367 5.483 5.393 5.226 5.27 -9999 -9999 -9999
-9999 -9999 -9999 -9999 -9999 -9999 -9999 -9999 -9999 -9999 -9999 -9999 -9999 -9999 -9999 -9999 -9999 -9999 -9999 -9999 -9999 -9999 -9999 -9999 -9999 -9999 -9999 -9999 -9999 -9999 -9999 -9999 -9999 -9999 -9999 5.577 5.469 5.506 5.605 5.563 5.433 5.14 4.904 4.789 4.466 3.984 3.427 3.433 3.669 3.885 4.351 4.883 4.95 5.012 5.337 5.47 5.335 5.193 5.196 5.151 5.088 5.124 5.158 5.171 5.166 5.139 5.147 5.059 5.184 5.528 5.655 5.552 5.336 5.172 5.237 -9999 -9999
-9999 -9999 -9999 -9999 -9999 -9999 -9999 -9999 -9999 -9999 -9999 -9999 -9999 -9999 -9999 -9999 -9999 -9999 -9999 -9999 -9999 -9999 -9999 -9999 -9999 -9999 -9999 -9999 -9999 -9999 -9999 -9999 -9999 -9999 -9999 -9999 5.486 5.505 5.593 5.537 5.137 4.741 4.535 4.395 4.32 4.114 3.735 3.9 3.914 4.296 4.957 5.147 5.229 5.048 5.277 5.449 5.373 5.32 5.332 5.262 5.187 5.193 5.207 5.187 5.148 5.128 5.109 5.196 5.278 -9999 5.612 -9999 5.378 5.264 5.217 5.575 -9999
-9999 -9999 -9999 -9999 -9999 -9999 -9999 -9999 -9999 -9999 -9999 -9999 -9999 -9999 -9999 -9999 -9999 -9999 -9999 -9999 -9999 -9999 -9999 -9999 -9999 -9999 -9999 -9999 -9999 -9999 -9999 -9999 -9999 -9999 -9999 5.754 5.546 5.514 5.568 5.385 4.86 4.231 4.158 4.3 3.965 3.923 4.084 3.834 3.592 3.963 4.549 5.326 5.225 5.23 5.407 5.425 5.323 5.336 5.314 5.301 5.244 5.224 5.207 5.172 5.108 4.932 4.962 5.079 5.024 5.093 5.304 5.369 -9999 5.399 5.412 5.401 5.728
-9999 -9999 -9999 -9999 -9999 -9999 -9999 -9999 -9999 -9999 -9999 -9999 -9999 -9999 -9999 -9999 -9999 -9999 -9999 -9999 -9999 -9999 -9999 -9999 -9999 -9999 -9999 -9999 -9999 -9999 -9999 -9999 -9999 -9999 -9999 5.814 5.617 5.617 5.504 5.16 4.855 4.482 4.299 4.52 4.474 4.553 4.652 4.153 3.786 4.071 4.568 4.886 4.902 4.967 5.16 5.256 5.148 5.167 5.269 5.293 5.312 5.271 5.216 5.152 5.091 5.024 4.837 4.933 4.934 4.754 4.908 5.148 5.31 -9999 -9999 -9999 -9999
-9999 -9999 -9999 -9999 -9999 -9999 -9999 -9999 -9999 -9999 -9999 -9999 -9999 -9999 -9999 -9999 -9999 -9999 -9999 -9999 -9999 -9999 -9999 -9999 -9999 -9999 -9999 -9999 -9999 -9999 -9999 -9999 -9999 -9999 5.99 5.879 5.699 5.496 5.331 5.296 5.158 4.751 4.955 5.035 5.089 5.169 4.983 4.37 3.645 3.543 4.084 4.461 4.372 4.701 5.103 5.182 5.25 5.17 5.239 5.305 5.327 5.284 5.222 5.145 5.102 5.058 4.966 4.847 4.84 4.648 4.612 4.838 5.104 5.29 5.396 -9999 -9999
-9999 -9999 -9999 -9999 -9999 -9999 -9999 -9999 -9999 -9999 -9999 -9999 -9999 -9999 -9999 -9999 -9999 -9999 -9999 -9999 -9999 -9999 -9999 -9999 -9999 -9999 -9999 -9999 -9999 -9999 -9999 -9999 -9999 -9999 6.032 5.794 5.728 5.574 5.352 5.164 5.333 5.3 5.354 5.399 5.479 5.522 5.277 4.747 4.193 3.402 3.181 3.869 3.998 4.314 4.883 5.018 5.351 5.444 5.273 5.29 5.328 5.297 5.237 5.167 5.123 5.104 4.987 4.904 4.871 4.83 4.484 4.615 4.864 5.084 5.275 5.479 -9999
-9999 -9999 -9999 -9999 -9999 -9999 -9999 -9999 -9999 -9999 -9999 -9999 -9999 -9999 -9999 -9999 -9999 -9999 -9999 -9999 -9999 -9999 -9999 -9999 -9999 -9999 -9999 -9999 -9999 -9999 -9999 -9999 -9999 -9999 -9999 5.869 5.768 5.65 5.382 5.438 5.43 5.471 5.553 5.65 5.864 5.88 5.599 5.158 4.454 3.703 3.0 2.874 3.519 4.043 4.598 5.067 5.137 5.372 5.273 5.204 5.266 5.26 5.221 5.159 5.112 5.058 4.964 4.902 4.91 4.857 4.67 4.549 4.729 4.86 5.06 5.292 5.467
