Validation/Results/ReClimate_12_2023_2_Precipitation-Actualsweatherlogisticsltd.asc
NCOLS 192
NROWS 249
XLLCENTER -225160.85627316462
YLLCENTER 29788.11610251502
CELLSIZE 5000.0
NODATA_VALUE -9999
[rows 99 to 131 of 249, columns 74 to 147 of 192]
188.625 190.86 200.723 205.763 217.032 226.545 236.256 249.617 -9999 -9999 157.594 237.803 261.845 302.046 289.385 294.178 296.424 258.787 246.248 217.025 203.313 198.35 188.742 172.108 158.813 149.697 131.845 125.938 109.482 98.961 90.735 88.335 86.171 84.427 78.266 73.609 65.192 58.063 59.668 63.56 61.21 55.674 54.989 56.233 51.632 -9999 -9999 -9999 -9999 -9999 -9999 -9999 -9999 -9999 -9999 -9999 -9999 -9999 -9999 -9999 -9999 -9999 -9999 -9999 -9999 -9999 -9999 -9999 -9999 -9999 -9999 -9999 -9999 -9999
167.253 202.695 196.084 -9999 -9999 202.102 219.214 -9999 -9999 -9999 143.326 222.351 310.881 318.263 339.52 301.441 266.512 256.464 279.0 257.781 227.582 218.619 187.12 185.931 188.74 163.515 135.923 139.538 144.331 119.511 99.553 96.367 89.35 79.582 63.974 58.541 54.429 58.687 69.693 70.53 71.665 66.064 63.448 56.756 49.126 -9999 -9999 -9999 -9999 -9999 -9999 -9999 -9999 -9999 -9999 -9999 -9999 -9999 -9999 -9999 -9999 -9999 -9999 -9999 -9999 -9999 -9999 -9999 -9999 -9999 -9999 -9999 -9999 -9999
164.587 -9999 197.652 209.02 231.925 -9999 -9999 -9999 -9999 174.348 171.595 246.234 289.261 305.242 308.938 289.363 281.853 307.156 321.813 276.164 264.175 211.77 198.579 203.843 178.617 143.199 152.791 173.411 165.38 130.051 113.871 102.656 91.463 74.499 62.749 56.873 59.983 73.507 68.503 75.194 82.773 67.195 59.289 50.684 -9999 -9999 -9999 -9999 -9999 -9999 -9999 -9999 -9999 -9999 -9999 -9999 -9999 -9999 -9999 -9999 -9999 -9999 -9999 -9999 -9999 -9999 -9999 -9999 -9999 -9999 -9999 -9999 -9999 -9999
171.87 230.231 282.825 330.472 349.695 260.14 204.235 -9999 -9999 164.191 -9999 -9999 214.485 289.599 295.41 270.625 291.856 342.283 338.433 317.235 293.89 243.151 205.904 179.891 176.292 174.87 182.478 176.289 160.052 157.639 136.764 106.19 85.73 71.612 63.135 63.259 73.475 64.642 60.655 68.603 60.343 57.433 53.841 -9999 -9999 -9999 -9999 -9999 -9999 -9999 -9999 -9999 -9999 -9999 -9999 -9999 -9999 -9999 -9999 -9999 -9999 -9999 -9999 -9999 -9999 -9999 -9999 -9999 -9999 -9999 -9999 -9999 -9999 -9999
193.908 229.352 284.966 353.919 320.454 -9999 -9999 -9999 176.168 187.118 195.138 213.494 237.472 244.29 235.283 259.034 286.917 324.876 307.354 272.095 247.315 223.371 209.764 208.309 171.805 177.67 166.054 165.745 165.741 142.765 121.63 98.736 81.087 69.001 62.173 66.092 61.736 57.1 -9999 -9999 55.758 -9999 -9999 -9999 -9999 -9999 -9999 -9999 -9999 -9999 -9999 -9999 -9999 -9999 -9999 -9999 -9999 -9999 -9999 -9999 -9999 -9999 -9999 -9999 -9999 -9999 -9999 -9999 -9999 -9999 -9999 -9999 -9999 -9999
185.056 219.426 273.41 -9999 275.727 -9999 -9999 -9999 184.043 210.222 230.291 234.478 216.207 228.419 252.278 272.277 297.244 290.835 272.763 256.098 254.975 219.957 211.932 176.434 182.951 180.338 160.24 136.615 111.555 104.984 92.569 79.684 74.914 66.455 62.314 61.547 57.293 -9999 59.935 54.787 51.68 54.243 -9999 -9999 -9999 -9999 -9999 -9999 -9999 -9999 -9999 -9999 -9999 -9999 -9999 -9999 -9999 -9999 -9999 -9999 -9999 -9999 -9999 -9999 -9999 -9999 -9999 -9999 -9999 -9999 -9999 -9999 -9999 -9999
-9999 192.409 -9999 -9999 -9999 -9999 209.79 194.116 202.754 219.501 240.283 233.349 243.264 263.292 264.19 276.228 280.98 308.452 278.761 274.388 242.467 243.808 204.658 215.096 229.181 189.209 160.417 143.048 119.569 97.622 83.619 75.125 74.022 69.443 67.993 -9999 61.511 60.378 55.171 54.908 51.423 56.305 -9999 -9999 -9999 -9999 -9999 -9999 -9999 -9999 -9999 -9999 -9999 -9999 -9999 -9999 -9999 -9999 -9999 -9999 -9999 -9999 -9999 -9999 -9999 -9999 -9999 -9999 -9999 -9999 -9999 -9999 -9999 -9999
-9999 -9999 -9999 -9999 -9999 -9999 201.486 193.117 196.065 224.881 247.794 244.184 252.532 230.666 235.461 268.271 319.794 314.878 273.363 264.115 254.133 213.662 205.625 232.56 205.253 202.969 194.427 150.673 129.408 107.96 95.945 98.244 104.255 90.397 89.501 80.063 67.786 63.022 62.135 64.584 59.976 60.894 59.302 -9999 -9999 -9999 -9999 -9999 -9999 -9999 -9999 -9999 -9999 -9999 -9999 -9999 -9999 -9999 -9999 -9999 -9999 -9999 -9999 -9999 -9999 -9999 -9999 -9999 -9999 -9999 -9999 -9999 -9999 -9999
-9999 -9999 -9999 -9999 -9999 197.447 -9999 -9999 186.551 222.059 236.282 251.353 238.388 -9999 -9999 285.174 337.283 346.247 271.127 246.566 227.106 203.639 201.242 195.669 190.923 165.466 133.012 126.265 123.497 121.552 129.155 139.215 119.336 110.465 95.151 81.761 78.727 68.88 73.393 63.554 68.76 65.911 58.518 51.518 -9999 -9999 -9999 -9999 -9999 -9999 -9999 -9999 -9999 -9999 -9999 -9999 -9999 -9999 -9999 -9999 -9999 -9999 -9999 -9999 -9999 -9999 -9999 -9999 -9999 -9999 -9999 -9999 -9999 -9999
-9999 -9999 -9999 -9999 -9999 183.635 -9999 165.865 176.878 197.373 234.059 240.414 222.804 225.1 259.351 296.096 309.092 244.866 250.34 262.893 210.658 192.719 183.381 173.865 142.554 121.618 105.101 107.847 121.97 159.888 173.001 143.585 123.948 101.921 87.931 84.416 78.339 74.858 67.704 62.479 58.344 55.188 49.168 -9999 -9999 -9999 -9999 -9999 -9999 -9999 -9999 -9999 -9999 -9999 -9999 -9999 -9999 -9999 -9999 -9999 -9999 -9999 -9999 -9999 -9999 -9999 -9999 -9999 -9999 -9999 -9999 -9999 -9999 -9999
-9999 -9999 -9999 -9999 -9999 169.824 -9999 149.275 147.949 186.18 205.287 204.979 -9999 249.749 257.966 -9999 260.702 252.352 255.867 221.452 217.75 181.015 155.378 130.311 112.626 103.669 102.339 96.569 116.529 118.858 109.177 115.16 112.17 101.738 86.108 81.177 73.776 67.08 61.752 -9999 -9999 -9999 -9999 -9999 -9999 -9999 -9999 -9999 -9999 -9999 -9999 -9999 -9999 -9999 -9999 -9999 -9999 -9999 -9999 -9999 -9999 -9999 -9999 -9999 -9999 -9999 -9999 -9999 -9999 -9999 -9999 -9999 -9999 -9999
-9999 -9999 -9999 147.732 156.833 -9999 -9999 133.746 161.046 180.275 172.986 196.141 249.181 244.584 273.017 -9999 214.187 226.013 215.448 198.471 175.612 163.245 138.109 126.529 118.97 128.123 122.865 99.999 93.507 87.679 89.777 93.153 95.293 92.435 84.194 81.592 74.178 63.219 -9999 -9999 -9999 -9999 -9999 -9999 -9999 -9999 -9999 -9999 -9999 -9999 -9999 -9999 -9999 -9999 -9999 -9999 -9999 -9999 -9999 -9999 -9999 -9999 -9999 -9999 -9999 -9999 -9999 -9999 -9999 -9999 -9999 -9999 -9999 -9999
-9999 -9999 130.453 136.154 143.467 -9999 144.549 162.509 179.976 174.98 -9999 223.481 232.298 258.92 271.781 -9999 208.228 206.711 182.075 150.629 147.248 132.292 129.956 134.197 144.865 150.905 136.999 117.316 101.299 -9999 75.364 78.556 81.218 81.003 77.574 79.376 69.411 -9999 -9999 -9999 -9999 -9999 -9999 -9999 -9999 -9999 -9999 -9999 -9999 -9999 -9999 -9999 -9999 -9999 -9999 -9999 -9999 -9999 -9999 -9999 -9999 -9999 -9999 -9999 -9999 -9999 -9999 -9999 -9999 -9999 -9999 -9999 -9999 -9999
-9999 -9999 118.879 119.538 -9999 -9999 159.373 181.667 180.51 -9999 194.416 215.619 233.209 251.963 247.179 -9999 183.865 157.618 145.552 140.916 138.585 137.327 141.294 170.846 175.508 177.519 160.686 123.043 98.695 84.98 75.834 -9999 -9999 63.383 59.403 -9999 -9999 -9999 -9999 -9999 -9999 44.68 44.621 49.533 -9999 -9999 -9999 -9999 -9999 -9999 -9999 -9999 -9999 -9999 -9999 -9999 -9999 -9999 -9999 -9999 -9999 -9999 -9999 -9999 -9999 -9999 -9999 -9999 -9999 -9999 -9999 -9999 -9999 -9999
-9999 137.127 137.835 -9999 -9999 149.54 166.461 162.192 183.608 -9999 190.138 209.819 212.243 219.383 231.802 -9999 -9999 -9999 148.308 141.628 142.369 140.907 146.316 148.589 144.49 142.679 125.486 111.421 100.743 92.559 80.258 70.293 68.916 62.724 58.241 -9999 -9999 -9999 -9999 -9999 46.514 43.848 47.921 46.684 45.325 -9999 -9999 -9999 -9999 -9999 -9999 -9999 -9999 -9999 -9999 -9999 -9999 -9999 -9999 -9999 -9999 -9999 -9999 -9999 -9999 -9999 -9999 -9999 -9999 -9999 -9999 -9999 -9999 -9999
177.76 155.846 151.226 -9999 -9999 -9999 137.279 169.254 170.04 -9999 172.67 -9999 176.6 193.544 182.06 -9999 159.477 169.243 164.573 -9999 123.886 115.491 120.06 117.758 113.679 111.461 111.468 102.908 98.902 94.762 84.669 82.725 74.023 65.296 58.769 54.097 53.614 52.742 -9999 47.032 45.679 46.716 47.528 54.558 56.524 61.067 42.919 -9999 -9999 -9999 -9999 -9999 -9999 -9999 -9999 -9999 -9999 -9999 -9999 -9999 -9999 -9999 -9999 -9999 -9999 -9999 -9999 -9999 -9999 -9999 -9999 -9999 -9999 -9999
168.787 164.382 -9999 -9999 -9999 -9999 150.54 171.832 155.676 -9999 150.106 -9999 153.469 149.115 -9999 162.895 176.273 198.602 179.685 141.063 116.563 105.187 101.116 96.624 99.034 97.755 96.291 95.407 94.134 91.322 85.485 86.11 76.927 64.705 66.039 65.09 71.44 60.57 63.801 51.749 49.275 49.689 53.927 65.269 67.624 70.749 62.823 53.246 49.64 54.13 -9999 -9999 -9999 -9999 -9999 -9999 -9999 -9999 -9999 -9999 -9999 -9999 -9999 -9999 -9999 -9999 -9999 -9999 -9999 -9999 -9999 -9999 -9999 -9999
-9999 131.988 -9999 -9999 -9999 -9999 141.656 142.557 154.864 158.825 -9999 -9999 122.889 125.136 -9999 148.491 180.912 214.894 182.524 148.274 120.693 109.147 96.131 89.254 84.523 82.333 84.999 87.571 94.139 95.814 96.86 87.181 86.472 84.499 79.672 88.4 72.614 63.218 54.453 57.93 56.813 65.395 83.977 87.985 80.372 76.903 70.097 71.035 60.018 54.257 51.51 -9999 -9999 -9999 -9999 -9999 -9999 -9999 -9999 -9999 -9999 -9999 -9999 -9999 -9999 -9999 -9999 -9999 -9999 -9999 -9999 -9999 -9999 -9999
131.03 -9999 -9999 -9999 -9999 -9999 125.8 137.913 157.22 139.19 -9999 -9999 123.509 119.455 -9999 -9999 178.67 178.856 165.302 144.371 136.348 123.318 109.726 97.86 95.236 83.362 81.987 89.336 94.036 101.996 102.23 105.091 97.429 95.953 100.492 87.294 71.358 69.145 63.592 61.472 74.757 85.034 96.234 96.315 86.575 78.458 76.239 64.974 57.992 53.569 51.385 -9999 -9999 -9999 -9999 -9999 -9999 -9999 -9999 -9999 -9999 -9999 -9999 -9999 -9999 -9999 -9999 -9999 -9999 -9999 -9999 -9999 -9999 -9999
129.026 -9999 -9999 -9999 -9999 -9999 115.211 136.74 149.851 -9999 -9999 -9999 -9999 117.428 -9999 123.243 147.531 154.892 142.679 136.544 139.388 134.261 125.402 122.353 113.507 98.563 86.591 79.177 88.535 94.537 102.669 102.141 99.836 100.001 93.198 86.135 84.226 80.354 88.958 91.847 87.299 90.152 88.419 82.304 79.28 78.753 70.272 58.987 55.49 53.698 52.982 48.732 -9999 -9999 -9999 -9999 -9999 -9999 -9999 -9999 -9999 -9999 -9999 -9999 -9999 -9999 -9999 -9999 -9999 -9999 -9999 -9999 -9999 -9999
124.125 -9999 -9999 -9999 127.059 123.987 128.347 139.583 -9999 -9999 171.411 -9999 -9999 -9999 -9999 113.309 128.581 129.78 125.263 125.54 125.243 136.605 138.055 139.038 128.577 110.216 93.146 82.003 76.704 87.131 88.755 85.944 91.199 83.569 88.658 95.591 87.79 105.919 115.655 109.287 101.268 93.449 79.356 73.082 72.855 75.382 67.223 56.924 51.07 53.597 51.963 46.869 -9999 -9999 -9999 -9999 -9999 -9999 -9999 -9999 -9999 -9999 -9999 -9999 -9999 -9999 -9999 -9999 -9999 -9999 -9999 -9999 -9999 -9999
-9999 -9999 -9999 -9999 -9999 134.991 138.134 151.325 -9999 164.056 187.445 200.16 -9999 -9999 -9999 -9999 102.972 102.945 102.575 105.569 112.831 120.058 128.851 129.832 123.808 112.106 96.428 84.961 91.669 82.383 78.779 86.799 89.84 88.757 101.156 90.266 100.469 103.317 108.349 115.492 109.444 91.101 78.655 72.146 65.816 63.935 61.948 53.112 50.793 53.942 55.082 50.114 49.133 -9999 -9999 -9999 -9999 -9999 -9999 -9999 -9999 -9999 -9999 -9999 -9999 -9999 -9999 -9999 -9999 -9999 -9999 -9999 -9999 -9999
-9999 -9999 -9999 -9999 -9999 136.466 148.217 162.274 -9999 141.575 184.259 204.484 -9999 -9999 -9999 -9999 -9999 89.243 91.133 93.47 98.514 107.982 114.438 121.949 125.203 126.105 114.234 107.464 94.126 83.211 85.043 90.284 84.751 86.715 99.233 101.32 97.018 101.267 101.126 92.539 86.847 76.161 79.026 75.222 64.242 62.089 54.396 50.082 48.268 52.278 54.039 55.796 51.78 50.603 -9999 -9999 -9999 -9999 -9999 -9999 -9999 -9999 -9999 -9999 -9999 -9999 -9999 -9999 -9999 -9999 -9999 -9999 -9999 -9999
-9999 -9999 -9999 -9999 -9999 141.199 164.769 -9999 -9999 128.486 167.027 188.841 153.972 -9999 -9999 -9999 -9999 -9999 83.164 89.336 98.082 102.076 122.18 134.866 136.058 137.495 129.695 122.279 111.014 117.242 120.285 102.147 102.536 112.946 111.376 128.666 114.735 119.781 102.261 111.153 98.513 86.226 78.802 66.463 57.975 54.794 56.218 58.95 61.192 56.337 58.362 58.21 60.674 53.428 52.108 50.609 -9999 -9999 -9999 -9999 -9999 -9999 -9999 -9999 -9999 -9999 -9999 -9999 -9999 -9999 -9999 -9999 -9999 -9999
-9999 -9999 -9999 -9999 -9999 154.791 137.641 -9999 -9999 136.55 161.508 163.359 -9999 -9999 -9999 -9999 -9999 -9999 78.394 85.072 88.082 95.314 109.267 111.378 124.049 130.305 130.501 132.749 122.64 128.189 127.069 129.967 141.735 128.035 140.018 147.915 141.981 116.619 117.101 105.975 87.625 81.519 73.684 63.725 61.211 60.302 58.635 59.22 65.028 78.594 77.8 66.975 63.326 60.423 55.911 54.867 -9999 -9999 -9999 -9999 -9999 -9999 -9999 -9999 -9999 -9999 -9999 -9999 -9999 -9999 -9999 -9999 -9999 -9999
-9999 -9999 -9999 -9999 -9999 142.379 119.965 -9999 -9999 -9999 130.876 132.262 118.893 -9999 -9999 -9999 -9999 -9999 77.664 83.665 85.572 92.655 97.571 108.437 126.825 143.288 152.098 133.714 126.192 117.975 125.268 134.796 145.641 146.498 173.714 162.745 141.123 138.17 120.761 102.731 97.753 83.15 77.52 68.654 58.823 61.563 65.057 70.112 84.621 103.638 100.191 85.51 72.081 59.76 60.691 60.983 -9999 -9999 -9999 -9999 -9999 -9999 -9999 -9999 -9999 -9999 -9999 -9999 -9999 -9999 -9999 -9999 -9999 -9999
-9999 -9999 -9999 -9999 154.896 137.006 120.324 -9999 -9999 -9999 -9999 -9999 -9999 -9999 -9999 -9999 -9999 -9999 88.899 95.727 95.688 96.213 101.852 110.678 127.682 141.784 149.619 145.971 137.787 149.281 142.617 159.296 168.58 182.673 190.216 189.001 186.875 146.506 127.418 115.984 99.182 92.11 76.857 66.148 66.24 66.015 75.099 85.048 105.102 108.637 115.513 94.435 74.689 68.219 62.612 65.971 52.843 -9999 -9999 -9999 -9999 -9999 -9999 -9999 -9999 -9999 -9999 -9999 -9999 -9999 -9999 -9999 -9999 -9999
-9999 -9999 -9999 155.879 153.564 141.215 113.445 -9999 -9999 -9999 -9999 -9999 -9999 -9999 -9999 -9999 95.585 91.828 100.095 111.864 117.895 126.363 127.421 131.769 131.043 137.332 128.997 147.402 167.583 166.375 176.056 178.038 166.928 167.524 192.025 186.304 170.455 146.669 131.797 113.707 97.838 85.961 86.016 78.703 71.037 76.68 86.484 102.036 97.891 102.934 118.728 97.362 73.162 70.249 73.849 68.953 58.459 -9999 -9999 -9999 -9999 -9999 -9999 -9999 -9999 -9999 -9999 -9999 -9999 -9999 -9999 -9999 -9999 -9999
-9999 -9999 -9999 149.839 130.504 109.962 -9999 -9999 -9999 -9999 -9999 -9999 -9999 -9999 -9999 -9999 96.683 95.86 106.904 124.546 133.368 136.629 156.941 168.359 164.124 151.576 157.715 155.615 161.34 174.678 183.897 175.404 158.917 156.555 169.506 184.694 170.444 162.613 142.705 126.537 103.224 98.664 94.078 83.729 85.47 109.822 113.843 117.647 105.543 106.871 93.404 81.391 82.077 81.495 75.249 69.681 62.805 -9999 -9999 -9999 -9999 -9999 -9999 -9999 -9999 -9999 -9999 -9999 -9999 -9999 -9999 -9999 -9999 -9999
-9999 -9999 -9999 -9999 -9999 -9999 -9999 -9999 -9999 -9999 -9999 -9999 -9999 -9999 -9999 -9999 101.217 105.346 128.513 141.883 157.401 158.455 184.409 201.397 221.84 199.102 171.756 161.936 162.491 173.685 202.352 190.028 154.976 152.603 162.184 176.356 176.969 166.028 155.573 134.097 133.847 132.716 122.129 120.832 134.283 135.914 124.694 119.511 110.827 101.745 95.882 81.523 78.219 79.097 74.08 65.809 60.723 -9999 -9999 -9999 -9999 -9999 -9999 -9999 -9999 -9999 -9999 -9999 -9999 -9999 -9999 -9999 -9999 -9999
-9999 -9999 -9999 -9999 -9999 -9999 -9999 -9999 -9999 -9999 -9999 -9999 -9999 -9999 -9999 106.844 116.026 132.834 146.2 169.875 167.404 173.359 183.865 217.59 215.891 200.46 177.844 162.487 141.306 148.587 162.362 168.108 157.113 142.349 152.425 164.896 167.998 163.342 155.847 156.298 144.851 148.988 140.161 137.3 153.314 137.891 139.961 123.647 100.456 103.053 100.651 96.805 82.967 76.057 69.068 62.889 59.898 -9999 -9999 -9999 -9999 -9999 -9999 -9999 -9999 -9999 -9999 -9999 -9999 -9999 -9999 -9999 -9999 -9999
-9999 -9999 -9999 -9999 -9999 -9999 -9999 -9999 -9999 -9999 -9999 -9999 -9999 -9999 -9999 117.49 136.969 158.977 186.246 196.278 198.877 191.221 213.336 195.169 191.269 178.834 164.203 153.142 126.868 126.45 146.75 156.348 152.908 129.406 133.72 139.509 145.548 154.676 165.016 139.836 157.482 148.695 138.243 158.878 143.56 145.196 133.984 109.466 104.781 99.179 96.825 95.428 88.822 79.06 72.39 64.764 58.094 -9999 -9999 -9999 -9999 -9999 -9999 -9999 -9999 -9999 -9999 -9999 -9999 -9999 -9999 -9999 -9999 -9999
-9999 -9999 -9999 -9999 -9999 -9999 -9999 -9999 -9999 -9999 -9999 -9999 -9999 -9999 113.913 134.99 152.766 181.009 188.463 207.02 223.656 234.822 224.835 189.078 174.553 162.64 160.972 154.296 133.55 131.263 142.92 142.223 122.849 114.362 121.404 130.97 140.46 161.098 145.541 146.959 156.453 138.162 146.579 146.287 135.186 130.183 113.437 111.78 105.905 99.967 96.346 87.95 78.219 71.414 71.205 66.883 58.262 56.634 -9999 -9999 -9999 -9999 -9999 -9999 -9999 -9999 -9999 -9999 -9999 -9999 -9999 -9999 -9999 -9999
