Validation/Results/ReClimate_10_2023_2.asc
NCOLS 192
NROWS 249
XLLCENTER -225160.85627316462
YLLCENTER 29788.11610251502
CELLSIZE 5000.0
NODATA_VALUE -9999
[rows 99 to 131 of 249, columns 74 to 147 of 192]
100.758 100.694 100.759 100.784 100.784 100.814 100.939 101.003 -9999 -9999 101.198 101.335 101.644 101.843 102.03 102.017 101.991 102.163 102.271 102.357 102.325 102.551 102.91 103.019 103.128 103.235 103.341 103.447 103.551 103.652 103.753 103.73 103.834 104.066 104.177 104.292 104.413 104.541 104.677 104.791 104.875 104.961 105.055 105.159 105.271 -9999 -9999 -9999 -9999 -9999 -9999 -9999 -9999 -9999 -9999 -9999 -9999 -9999 -9999 -9999 -9999 -9999 -9999 -9999 -9999 -9999 -9999 -9999 -9999 -9999 -9999 -9999 -9999 -9999
100.786 100.783 100.778 -9999 -9999 100.827 100.915 -9999 -9999 -9999 101.108 101.346 101.677 101.868 102.059 102.046 101.989 102.13 102.31 102.35 102.457 102.728 102.877 102.988 103.097 103.204 103.305 103.404 103.502 103.599 103.698 103.799 103.903 104.01 104.121 104.237 104.359 104.489 104.627 104.744 104.834 104.922 105.018 105.123 105.237 -9999 -9999 -9999 -9999 -9999 -9999 -9999 -9999 -9999 -9999 -9999 -9999 -9999 -9999 -9999 -9999 -9999 -9999 -9999 -9999 -9999 -9999 -9999 -9999 -9999 -9999 -9999 -9999 -9999
100.84 -9999 100.827 100.817 100.808 -9999 -9999 -9999 -9999 100.999 101.058 101.381 101.871 102.017 102.079 102.018 101.875 102.025 102.128 102.211 102.24 102.481 102.842 102.952 103.053 103.151 103.247 103.344 103.441 103.539 103.639 103.741 103.846 103.954 104.067 104.184 104.308 104.439 104.577 104.697 104.788 104.875 104.966 105.067 -9999 -9999 -9999 -9999 -9999 -9999 -9999 -9999 -9999 -9999 -9999 -9999 -9999 -9999 -9999 -9999 -9999 -9999 -9999 -9999 -9999 -9999 -9999 -9999 -9999 -9999 -9999 -9999 -9999 -9999
100.899 100.893 100.884 100.874 100.863 100.577 100.539 -9999 -9999 100.993 -9999 -9999 101.131 101.387 101.941 101.879 101.856 102.015 102.248 102.386 102.669 102.862 102.794 102.894 102.992 103.089 103.186 103.283 103.381 103.479 103.58 103.683 103.789 103.899 104.013 104.132 104.257 104.39 104.531 104.654 104.746 104.83 104.913 -9999 -9999 -9999 -9999 -9999 -9999 -9999 -9999 -9999 -9999 -9999 -9999 -9999 -9999 -9999 -9999 -9999 -9999 -9999 -9999 -9999 -9999 -9999 -9999 -9999 -9999 -9999 -9999 -9999 -9999 -9999
100.956 100.949 100.94 100.929 100.916 -9999 -9999 -9999 100.962 100.997 100.833 100.838 101.062 101.545 102.05 102.044 102.008 102.192 102.312 102.543 102.719 102.716 102.731 102.831 102.929 103.026 103.124 103.221 103.319 103.419 103.52 103.624 103.731 103.842 103.958 104.078 104.206 104.341 -9999 -9999 104.705 -9999 -9999 -9999 -9999 -9999 -9999 -9999 -9999 -9999 -9999 -9999 -9999 -9999 -9999 -9999 -9999 -9999 -9999 -9999 -9999 -9999 -9999 -9999 -9999 -9999 -9999 -9999 -9999 -9999 -9999 -9999 -9999 -9999
101.011 101.003 100.993 -9999 100.969 -9999 -9999 -9999 100.962 100.927 100.986 101.131 101.279 101.635 101.871 101.969 102.256 102.315 102.256 102.398 102.494 102.567 102.668 102.767 102.865 102.963 103.06 103.158 103.257 103.357 103.459 103.564 103.672 103.784 103.901 104.023 104.152 -9999 104.436 104.566 104.664 104.729 -9999 -9999 -9999 -9999 -9999 -9999 -9999 -9999 -9999 -9999 -9999 -9999 -9999 -9999 -9999 -9999 -9999 -9999 -9999 -9999 -9999 -9999 -9999 -9999 -9999 -9999 -9999 -9999 -9999 -9999 -9999 -9999
-9999 101.057 -9999 -9999 -9999 -9999 100.932 100.875 100.987 101.021 101.069 101.158 101.255 101.468 101.686 101.915 102.117 102.116 102.15 102.29 102.489 102.577 102.602 102.702 102.8 102.898 102.996 103.094 103.193 103.294 103.397 103.502 103.611 103.724 103.841 -9999 104.094 104.232 104.38 104.509 104.604 104.655 -9999 -9999 -9999 -9999 -9999 -9999 -9999 -9999 -9999 -9999 -9999 -9999 -9999 -9999 -9999 -9999 -9999 -9999 -9999 -9999 -9999 -9999 -9999 -9999 -9999 -9999 -9999 -9999 -9999 -9999 -9999 -9999
-9999 -9999 -9999 -9999 -9999 -9999 101.042 101.026 101.022 101.042 101.118 101.196 101.339 101.487 101.55 101.751 101.994 102.029 102.066 102.242 102.401 102.464 102.535 102.635 102.734 102.832 102.93 103.028 103.128 103.229 103.332 103.438 103.547 103.66 103.778 103.901 104.031 104.169 104.31 104.423 104.501 104.566 104.611 -9999 -9999 -9999 -9999 -9999 -9999 -9999 -9999 -9999 -9999 -9999 -9999 -9999 -9999 -9999 -9999 -9999 -9999 -9999 -9999 -9999 -9999 -9999 -9999 -9999 -9999 -9999 -9999 -9999 -9999 -9999
-9999 -9999 -9999 -9999 -9999 101.11 -9999 -9999 101.062 101.094 101.163 101.261 101.404 -9999 -9999 101.616 101.959 101.999 102.045 102.184 102.318 102.399 102.465 102.564 102.663 102.762 102.861 102.96 103.061 103.034 102.791 103.024 103.481 103.592 103.707 103.827 103.952 104.081 104.209 104.307 104.378 104.442 104.502 104.545 -9999 -9999 -9999 -9999 -9999 -9999 -9999 -9999 -9999 -9999 -9999 -9999 -9999 -9999 -9999 -9999 -9999 -9999 -9999 -9999 -9999 -9999 -9999 -9999 -9999 -9999 -9999 -9999 -9999 -9999
-9999 -9999 -9999 -9999 -9999 101.163 -9999 101.129 101.112 101.124 101.137 101.22 101.355 101.354 101.41 101.652 101.791 101.841 101.898 102.033 102.199 102.288 102.392 102.491 102.589 102.687 102.785 102.884 102.984 102.898 102.98 103.272 103.399 103.508 103.62 103.736 103.856 103.98 104.098 104.186 104.254 104.318 104.379 -9999 -9999 -9999 -9999 -9999 -9999 -9999 -9999 -9999 -9999 -9999 -9999 -9999 -9999 -9999 -9999 -9999 -9999 -9999 -9999 -9999 -9999 -9999 -9999 -9999 -9999 -9999 -9999 -9999 -9999 -9999
-9999 -9999 -9999 -9999 -9999 101.215 -9999 101.18 101.163 101.189 101.292 101.312 -9999 101.418 101.496 -9999 101.93 101.968 101.97 102.088 102.156 102.243 102.319 102.429 102.562 102.646 102.707 102.852 103.08 103.122 103.094 103.209 103.318 103.423 103.528 103.641 103.757 103.877 103.986 -9999 -9999 -9999 -9999 -9999 -9999 -9999 -9999 -9999 -9999 -9999 -9999 -9999 -9999 -9999 -9999 -9999 -9999 -9999 -9999 -9999 -9999 -9999 -9999 -9999 -9999 -9999 -9999 -9999 -9999 -9999 -9999 -9999 -9999 -9999
-9999 -9999 -9999 101.299 101.284 -9999 -9999 101.233 101.214 101.257 101.251 101.262 101.41 101.485 101.538 -9999 101.584 101.69 101.95 102.008 102.04 102.124 102.244 102.36 102.46 102.536 102.628 102.793 102.895 102.925 103.02 103.122 103.221 103.325 103.435 103.545 103.658 103.775 -9999 -9999 -9999 -9999 -9999 -9999 -9999 -9999 -9999 -9999 -9999 -9999 -9999 -9999 -9999 -9999 -9999 -9999 -9999 -9999 -9999 -9999 -9999 -9999 -9999 -9999 -9999 -9999 -9999 -9999 -9999 -9999 -9999 -9999 -9999 -9999
-9999 -9999 101.371 101.354 101.307 -9999 101.304 101.285 101.265 101.248 -9999 101.281 101.398 101.443 101.504 -9999 101.595 101.772 101.862 101.963 102.152 102.202 102.173 102.173 102.017 102.206 102.561 102.645 102.704 -9999 103.044 103.112 103.133 103.236 103.341 103.448 103.557 -9999 -9999 -9999 -9999 -9999 -9999 -9999 -9999 -9999 -9999 -9999 -9999 -9999 -9999 -9999 -9999 -9999 -9999 -9999 -9999 -9999 -9999 -9999 -9999 -9999 -9999 -9999 -9999 -9999 -9999 -9999 -9999 -9999 -9999 -9999 -9999 -9999
-9999 -9999 101.426 101.38 -9999 -9999 101.357 101.337 101.318 -9999 101.253 101.286 101.337 101.386 101.46 -9999 101.634 101.722 101.807 101.951 102.038 102.012 101.984 101.99 102.229 102.471 102.598 102.655 102.701 102.834 102.881 -9999 -9999 103.144 103.246 -9999 -9999 -9999 -9999 -9999 -9999 103.815 103.873 103.934 -9999 -9999 -9999 -9999 -9999 -9999 -9999 -9999 -9999 -9999 -9999 -9999 -9999 -9999 -9999 -9999 -9999 -9999 -9999 -9999 -9999 -9999 -9999 -9999 -9999 -9999 -9999 -9999 -9999 -9999
-9999 101.525 101.427 -9999 -9999 101.401 101.412 101.392 101.371 -9999 101.319 101.316 101.347 101.413 101.518 -9999 -9999 -9999 101.762 101.84 101.906 101.919 101.989 102.233 102.564 102.684 102.802 102.789 102.663 102.653 102.534 102.693 102.953 103.051 103.15 -9999 -9999 -9999 -9999 -9999 103.642 103.696 103.764 103.823 103.882 -9999 -9999 -9999 -9999 -9999 -9999 -9999 -9999 -9999 -9999 -9999 -9999 -9999 -9999 -9999 -9999 -9999 -9999 -9999 -9999 -9999 -9999 -9999 -9999 -9999 -9999 -9999 -9999 -9999
101.635 101.6 101.617 -9999 -9999 -9999 101.469 101.447 101.425 -9999 101.374 -9999 101.356 101.414 101.472 -9999 101.561 101.639 101.712 -9999 101.836 101.9 101.969 102.158 102.21 102.323 102.447 102.421 102.501 102.501 102.644 102.809 102.871 102.975 103.08 103.186 103.295 103.373 -9999 103.484 103.523 103.593 103.673 103.731 103.789 103.847 103.908 -9999 -9999 -9999 -9999 -9999 -9999 -9999 -9999 -9999 -9999 -9999 -9999 -9999 -9999 -9999 -9999 -9999 -9999 -9999 -9999 -9999 -9999 -9999 -9999 -9999 -9999 -9999
101.698 101.69 -9999 -9999 -9999 -9999 101.528 101.505 101.481 -9999 101.423 -9999 101.378 101.428 -9999 101.496 101.548 101.603 101.658 101.717 101.775 101.835 101.903 101.959 102.034 102.132 102.225 102.328 102.469 102.573 102.629 102.714 102.819 102.923 103.028 103.132 103.226 103.293 103.355 103.404 103.463 103.533 103.592 103.626 103.619 103.596 103.433 103.886 103.963 104.049 -9999 -9999 -9999 -9999 -9999 -9999 -9999 -9999 -9999 -9999 -9999 -9999 -9999 -9999 -9999 -9999 -9999 -9999 -9999 -9999 -9999 -9999 -9999 -9999
-9999 101.705 -9999 -9999 -9999 -9999 101.589 101.564 101.538 101.507 -9999 -9999 101.412 101.371 -9999 101.5 101.543 101.584 101.622 101.662 101.715 101.773 101.841 101.91 101.979 102.056 102.142 102.26 102.357 102.498 102.755 102.809 102.774 102.876 102.978 103.077 103.154 103.217 103.278 103.338 103.399 103.458 103.516 103.538 103.589 103.431 103.214 103.52 103.868 103.939 104.01 -9999 -9999 -9999 -9999 -9999 -9999 -9999 -9999 -9999 -9999 -9999 -9999 -9999 -9999 -9999 -9999 -9999 -9999 -9999 -9999 -9999 -9999 -9999
101.801 -9999 -9999 -9999 -9999 -9999 101.652 101.626 101.596 101.56 -9999 -9999 101.422 101.322 -9999 -9999 101.544 101.574 101.603 101.637 101.672 101.676 101.623 101.731 101.912 101.986 102.082 102.193 102.306 102.493 102.598 102.629 102.73 102.83 102.93 103.018 103.082 103.143 103.205 103.268 103.329 103.371 103.379 103.443 103.527 103.448 103.525 103.729 103.793 103.868 103.955 -9999 -9999 -9999 -9999 -9999 -9999 -9999 -9999 -9999 -9999 -9999 -9999 -9999 -9999 -9999 -9999 -9999 -9999 -9999 -9999 -9999 -9999 -9999
101.883 -9999 -9999 -9999 -9999 -9999 101.719 101.69 101.655 -9999 -9999 -9999 -9999 101.434 -9999 101.507 101.539 101.568 101.595 101.623 101.653 101.67 101.819 101.892 101.859 101.954 102.057 102.167 102.278 102.385 102.489 102.59 102.688 102.786 102.879 102.95 103.012 103.076 103.141 103.204 103.264 103.233 103.112 103.224 103.394 103.483 103.605 103.671 103.742 103.82 103.904 103.954 -9999 -9999 -9999 -9999 -9999 -9999 -9999 -9999 -9999 -9999 -9999 -9999 -9999 -9999 -9999 -9999 -9999 -9999 -9999 -9999 -9999 -9999
101.975 -9999 -9999 -9999 101.845 101.817 101.788 101.756 -9999 -9999 101.632 -9999 -9999 -9999 -9999 101.503 101.532 101.56 101.587 101.614 101.643 101.729 101.768 101.778 101.861 101.943 102.032 102.134 102.244 102.35 102.452 102.551 102.648 102.742 102.821 102.77 102.523 102.704 103.081 103.137 103.179 103.152 103.226 103.343 103.404 103.499 103.565 103.633 103.704 103.735 103.738 103.909 -9999 -9999 -9999 -9999 -9999 -9999 -9999 -9999 -9999 -9999 -9999 -9999 -9999 -9999 -9999 -9999 -9999 -9999 -9999 -9999 -9999 -9999
-9999 -9999 -9999 -9999 -9999 101.891 101.862 101.825 -9999 101.732 101.689 101.449 -9999 -9999 -9999 -9999 101.524 101.551 101.577 101.604 101.631 101.667 101.732 101.808 101.884 101.959 102.039 102.127 102.225 102.322 102.418 102.513 102.608 102.693 102.757 102.675 102.778 102.994 103.024 103.081 103.148 103.219 103.277 103.341 103.405 103.469 103.535 103.602 103.671 103.592 103.572 103.863 103.863 -9999 -9999 -9999 -9999 -9999 -9999 -9999 -9999 -9999 -9999 -9999 -9999 -9999 -9999 -9999 -9999 -9999 -9999 -9999 -9999 -9999
-9999 -9999 -9999 -9999 -9999 101.974 101.939 101.896 -9999 101.796 101.749 101.53 -9999 -9999 -9999 -9999 -9999 101.537 101.564 101.59 101.624 101.693 101.768 101.842 101.915 101.98 102.028 102.082 102.101 102.228 102.414 102.503 102.583 102.605 102.553 102.677 102.844 102.89 102.95 103.029 103.126 103.189 103.253 103.317 103.381 103.445 103.51 103.549 103.541 103.415 103.519 103.822 103.824 103.814 -9999 -9999 -9999 -9999 -9999 -9999 -9999 -9999 -9999 -9999 -9999 -9999 -9999 -9999 -9999 -9999 -9999 -9999 -9999 -9999
-9999 -9999 -9999 -9999 -9999 102.126 102.027 -9999 -9999 101.862 101.813 101.594 101.333 -9999 -9999 -9999 -9999 -9999 101.548 101.581 101.651 101.727 101.802 101.874 101.946 102.007 102.084 102.134 102.253 102.377 102.422 102.529 102.664 102.601 102.493 102.652 102.826 102.888 102.95 103.034 103.104 103.169 103.234 103.298 103.362 103.426 103.491 103.531 103.637 103.539 103.602 103.785 103.786 103.777 103.765 103.75 -9999 -9999 -9999 -9999 -9999 -9999 -9999 -9999 -9999 -9999 -9999 -9999 -9999 -9999 -9999 -9999 -9999 -9999
-9999 -9999 -9999 -9999 -9999 102.258 102.127 -9999 -9999 101.938 101.878 101.654 -9999 -9999 -9999 -9999 -9999 -9999 101.535 101.604 101.684 101.76 101.834 101.906 101.976 102.053 102.132 102.177 102.141 102.182 102.199 102.157 101.823 101.751 101.686 102.037 102.733 102.78 102.802 102.931 103.165 103.231 103.297 103.341 103.347 103.392 103.404 103.21 102.505 102.472 102.901 103.742 103.741 103.732 103.721 103.707 -9999 -9999 -9999 -9999 -9999 -9999 -9999 -9999 -9999 -9999 -9999 -9999 -9999 -9999 -9999 -9999 -9999 -9999
-9999 -9999 -9999 -9999 -9999 102.364 102.178 -9999 -9999 -9999 101.935 101.867 101.814 -9999 -9999 -9999 -9999 -9999 101.558 101.635 101.715 101.791 101.864 101.936 102.005 102.131 102.338 102.356 102.463 102.462 102.399 102.215 102.176 102.233 102.458 102.816 102.791 102.872 103.049 103.176 103.171 103.254 103.364 103.366 103.338 103.382 103.465 102.922 102.415 102.679 103.704 103.702 103.698 103.69 103.68 103.667 -9999 -9999 -9999 -9999 -9999 -9999 -9999 -9999 -9999 -9999 -9999 -9999 -9999 -9999 -9999 -9999 -9999 -9999
-9999 -9999 -9999 -9999 102.659 102.53 102.318 -9999 -9999 -9999 -9999 -9999 -9999 -9999 -9999 -9999 -9999 -9999 101.62 101.667 101.743 101.82 101.894 101.953 101.989 102.142 102.241 102.319 102.379 102.205 101.806 101.873 102.107 102.321 102.564 102.514 102.402 102.631 102.994 103.025 103.093 103.184 103.25 103.251 103.271 103.362 103.472 102.945 102.489 103.647 103.667 103.666 103.662 103.655 103.646 103.633 103.674 -9999 -9999 -9999 -9999 -9999 -9999 -9999 -9999 -9999 -9999 -9999 -9999 -9999 -9999 -9999 -9999 -9999
-9999 -9999 -9999 102.767 102.809 102.662 102.461 -9999 -9999 -9999 -9999 -9999 -9999 -9999 -9999 -9999 101.727 101.68 101.695 101.728 101.774 101.847 101.922 102.021 102.212 102.252 102.195 102.261 102.344 102.217 102.433 102.543 102.485 102.644 102.712 102.711 102.86 103.019 102.924 102.995 103.065 103.134 103.202 103.246 103.316 103.403 103.462 103.103 103.583 103.626 103.637 103.637 103.633 103.626 103.617 103.604 103.633 -9999 -9999 -9999 -9999 -9999 -9999 -9999 -9999 -9999 -9999 -9999 -9999 -9999 -9999 -9999 -9999 -9999
-9999 -9999 -9999 102.734 102.769 102.635 -9999 -9999 -9999 -9999 -9999 -9999 -9999 -9999 -9999 -9999 101.772 101.771 101.628 101.643 101.669 101.758 101.949 101.946 101.635 101.749 102.11 102.2 102.323 102.459 102.526 102.601 102.85 102.957 103.129 103.115 102.865 102.848 102.922 102.996 103.068 103.138 103.207 103.251 103.245 103.333 103.467 103.525 103.578 103.61 103.613 103.612 103.608 103.602 103.592 103.58 103.6 -9999 -9999 -9999 -9999 -9999 -9999 -9999 -9999 -9999 -9999 -9999 -9999 -9999 -9999 -9999 -9999 -9999
-9999 -9999 -9999 -9999 -9999 -9999 -9999 -9999 -9999 -9999 -9999 -9999 -9999 -9999 -9999 -9999 101.847 101.826 101.907 101.95 102.049 102.092 101.989 101.916 102.162 102.325 102.235 102.305 102.31 102.368 102.443 102.666 102.882 102.875 102.581 102.533 102.773 102.851 102.929 103.005 103.079 103.15 103.218 103.252 103.328 103.425 103.473 103.527 103.574 103.591 103.593 103.592 103.588 103.581 103.572 103.559 103.574 -9999 -9999 -9999 -9999 -9999 -9999 -9999 -9999 -9999 -9999 -9999 -9999 -9999 -9999 -9999 -9999 -9999
-9999 -9999 -9999 -9999 -9999 -9999 -9999 -9999 -9999 -9999 -9999 -9999 -9999 -9999 -9999 101.953 101.942 101.862 101.529 101.716 102.083 102.028 102.056 102.177 102.213 102.194 102.244 102.269 102.315 102.379 102.459 102.61 102.672 102.549 102.597 102.74 102.8 102.873 102.949 103.024 103.097 103.168 103.236 103.308 103.373 103.428 103.483 103.534 103.57 103.576 103.577 103.576 103.571 103.564 103.554 103.541 103.553 -9999 -9999 -9999 -9999 -9999 -9999 -9999 -9999 -9999 -9999 -9999 -9999 -9999 -9999 -9999 -9999 -9999
-9999 -9999 -9999 -9999 -9999 -9999 -9999 -9999 -9999 -9999 -9999 -9999 -9999 -9999 -9999 102.041 102.04 101.951 102.18 102.303 102.112 102.122 102.122 102.134 102.157 102.184 102.226 102.274 102.324 102.397 102.479 102.551 102.615 102.673 102.726 102.779 102.84 102.908 102.98 103.053 103.124 103.193 103.26 103.326 103.388 103.445 103.497 103.542 103.56 103.564 103.565 103.562 103.557 103.549 103.539 103.526 103.536 -9999 -9999 -9999 -9999 -9999 -9999 -9999 -9999 -9999 -9999 -9999 -9999 -9999 -9999 -9999 -9999 -9999
-9999 -9999 -9999 -9999 -9999 -9999 -9999 -9999 -9999 -9999 -9999 -9999 -9999 -9999 102.165 102.137 102.142 102.328 102.529 102.361 102.179 102.184 102.194 102.204 102.215 102.233 102.256 102.283 102.336 102.417 102.501 102.576 102.643 102.705 102.763 102.822 102.883 102.951 103.023 103.123 103.277 103.313 103.294 103.357 103.412 103.465 103.514 103.547 103.553 103.556 103.555 103.551 103.546 103.537 103.53 103.529 103.535 103.559 -9999 -9999 -9999 -9999 -9999 -9999 -9999 -9999 -9999 -9999 -9999 -9999 -9999 -9999 -9999 -9999
