Validation/Results/ReClimate_11_2023_2.asc
NCOLS 192
NROWS 249
XLLCENTER -225160.85627316462
YLLCENTER 29788.11610251502
CELLSIZE 5000.0
NODATA_VALUE -9999
[rows 66 to 98 of 249, columns 74 to 147 of 192]
-9999 -9999 -9999 -9999 -9999 -9999 -9999 -9999 -9999 -9999 -9999 102.114 -9999 101.612 100.954 101.553 102.221 102.182 102.005 102.115 102.302 102.281 102.311 102.33 102.278 102.282 102.372 102.379 102.384 102.388 102.39 102.386 -9999 -9999 -9999 -9999 -9999 -9999 -9999 -9999 -9999 -9999 -9999 -9999 -9999 -9999 -9999 -9999 -9999 -9999 -9999 -9999 -9999 -9999 -9999 -9999 -9999 -9999 -9999 -9999 -9999 -9999 -9999 -9999 -9999 -9999 -9999 -9999 -9999 -9999 -9999 -9999 -9999 -9999
-9999 -9999 -9999 -9999 -9999 -9999 -9999 -9999 -9999 -9999 -9999 -9999 102.217 101.882 101.887 102.226 102.225 102.155 102.198 102.328 102.407 102.356 102.17 102.207 102.371 102.444 102.509 102.49 102.427 102.432 -9999 -9999 -9999 -9999 -9999 -9999 -9999 -9999 -9999 -9999 -9999 -9999 -9999 -9999 -9999 -9999 -9999 -9999 -9999 -9999 -9999 -9999 -9999 -9999 -9999 -9999 -9999 -9999 -9999 -9999 -9999 -9999 -9999 -9999 -9999 -9999 -9999 -9999 -9999 -9999 -9999 -9999 -9999 -9999
-9999 -9999 -9999 -9999 -9999 -9999 -9999 -9999 -9999 -9999 -9999 -9999 102.263 102.249 102.244 102.225 102.166 102.234 102.344 102.364 102.301 102.238 102.315 102.412 102.44 102.453 102.393 102.392 102.468 102.473 -9999 -9999 -9999 -9999 -9999 -9999 -9999 -9999 -9999 -9999 -9999 -9999 -9999 -9999 -9999 -9999 -9999 -9999 -9999 -9999 -9999 -9999 -9999 -9999 -9999 -9999 -9999 -9999 -9999 -9999 -9999 -9999 -9999 -9999 -9999 -9999 -9999 -9999 -9999 -9999 -9999 -9999 -9999 -9999
-9999 -9999 -9999 -9999 -9999 -9999 -9999 -9999 -9999 -9999 -9999 -9999 -9999 -9999 102.119 102.093 102.09 102.211 102.372 102.322 102.265 102.358 102.493 102.5 102.475 102.45 102.458 102.502 -9999 -9999 -9999 -9999 -9999 -9999 -9999 -9999 -9999 -9999 -9999 -9999 -9999 -9999 -9999 -9999 -9999 -9999 -9999 -9999 -9999 -9999 -9999 -9999 -9999 -9999 -9999 -9999 -9999 -9999 -9999 -9999 -9999 -9999 -9999 -9999 -9999 -9999 -9999 -9999 -9999 -9999 -9999 -9999 -9999 -9999
-9999 -9999 -9999 -9999 -9999 -9999 -9999 -9999 102.061 -9999 -9999 101.811 102.388 102.149 101.708 101.875 102.308 102.402 102.423 102.398 102.398 102.468 102.464 102.47 102.514 102.524 102.533 102.541 -9999 -9999 -9999 -9999 -9999 -9999 -9999 -9999 -9999 -9999 -9999 -9999 -9999 -9999 -9999 -9999 -9999 -9999 -9999 -9999 -9999 -9999 -9999 -9999 -9999 -9999 -9999 -9999 -9999 -9999 -9999 -9999 -9999 -9999 -9999 -9999 -9999 -9999 -9999 -9999 -9999 -9999 -9999 -9999 -9999 -9999
-9999 -9999 -9999 -9999 -9999 -9999 101.561 101.729 101.161 100.817 100.227 100.78 101.458 101.042 100.522 101.018 101.729 101.855 102.15 102.119 102.027 101.793 101.17 101.49 102.277 102.362 102.571 102.579 -9999 -9999 -9999 -9999 -9999 -9999 -9999 -9999 -9999 -9999 -9999 -9999 -9999 -9999 -9999 -9999 -9999 -9999 -9999 -9999 -9999 -9999 -9999 -9999 -9999 -9999 -9999 -9999 -9999 -9999 -9999 -9999 -9999 -9999 -9999 -9999 -9999 -9999 -9999 -9999 -9999 -9999 -9999 -9999 -9999 -9999
-9999 -9999 -9999 -9999 -9999 -9999 101.321 101.091 -9999 101.326 101.322 101.568 101.287 101.214 101.707 102.09 102.126 102.331 102.465 102.449 102.524 102.253 102.374 102.849 103.035 102.998 102.608 -9999 102.624 -9999 -9999 -9999 -9999 -9999 -9999 -9999 -9999 -9999 -9999 -9999 -9999 -9999 -9999 -9999 -9999 -9999 -9999 -9999 -9999 -9999 -9999 -9999 -9999 -9999 -9999 -9999 -9999 -9999 -9999 -9999 -9999 -9999 -9999 -9999 -9999 -9999 -9999 -9999 -9999 -9999 -9999 -9999 -9999 -9999
-9999 -9999 -9999 -9999 -9999 -9999 -9999 101.78 101.417 101.33 101.117 100.927 100.77 101.304 102.019 102.137 102.392 102.625 103.053 103.034 102.875 102.99 103.126 103.219 103.208 102.952 102.799 102.766 102.661 -9999 -9999 -9999 -9999 -9999 -9999 -9999 -9999 -9999 -9999 -9999 -9999 -9999 -9999 -9999 -9999 -9999 -9999 -9999 -9999 -9999 -9999 -9999 -9999 -9999 -9999 -9999 -9999 -9999 -9999 -9999 -9999 -9999 -9999 -9999 -9999 -9999 -9999 -9999 -9999 -9999 -9999 -9999 -9999 -9999
99.209 -9999 -9999 -9999 -9999 -9999 -9999 -9999 101.527 101.29 100.981 101.159 101.816 102.271 102.468 102.731 103.074 103.11 102.617 102.559 102.615 102.748 102.912 102.884 102.819 102.741 102.737 102.688 102.697 -9999 -9999 -9999 -9999 -9999 -9999 -9999 -9999 -9999 -9999 -9999 -9999 -9999 -9999 -9999 -9999 -9999 -9999 -9999 -9999 -9999 -9999 -9999 -9999 -9999 -9999 -9999 -9999 -9999 -9999 -9999 -9999 -9999 -9999 -9999 -9999 -9999 -9999 -9999 -9999 -9999 -9999 -9999 -9999 -9999
100.839 -9999 -9999 -9999 -9999 -9999 101.757 101.684 100.708 100.883 101.064 101.637 102.237 102.418 102.595 102.781 102.799 102.572 102.636 102.685 102.733 102.916 103.174 103.064 102.852 102.833 -9999 102.791 -9999 -9999 -9999 -9999 -9999 -9999 102.733 102.734 102.737 -9999 -9999 -9999 -9999 -9999 -9999 -9999 -9999 -9999 -9999 -9999 -9999 -9999 -9999 -9999 -9999 -9999 -9999 -9999 -9999 -9999 -9999 -9999 -9999 -9999 -9999 -9999 -9999 -9999 -9999 -9999 -9999 -9999 -9999 -9999 -9999 -9999
102.063 100.853 -9999 -9999 -9999 -9999 -9999 100.865 100.936 101.223 101.752 102.095 101.962 102.21 102.591 102.615 102.632 102.504 102.071 102.257 102.68 102.833 102.885 102.799 102.854 102.851 102.901 -9999 -9999 -9999 -9999 102.764 102.764 102.767 102.772 102.776 102.779 102.782 102.783 102.78 102.779 102.778 102.775 102.771 102.766 102.759 102.75 102.742 102.729 102.712 102.69 102.676 102.701 -9999 -9999 -9999 -9999 -9999 -9999 -9999 -9999 -9999 -9999 -9999 -9999 -9999 -9999 -9999 -9999 -9999 -9999 -9999 -9999 -9999
102.253 101.186 -9999 -9999 -9999 101.736 -9999 101.452 100.797 101.042 101.039 101.282 102.092 102.374 102.579 102.619 102.671 102.456 102.47 102.701 102.736 102.76 102.751 102.785 102.796 102.828 -9999 -9999 -9999 -9999 102.812 102.806 102.814 102.82 102.826 102.83 102.834 102.837 102.839 102.84 102.84 102.84 102.838 102.836 102.832 102.827 102.821 102.813 102.803 102.791 102.774 102.76 102.747 -9999 -9999 -9999 -9999 -9999 -9999 -9999 -9999 -9999 -9999 -9999 -9999 -9999 -9999 -9999 -9999 -9999 -9999 -9999 -9999 -9999
102.264 101.569 -9999 -9999 -9999 101.991 102.149 101.809 101.589 101.49 101.272 101.844 102.264 102.487 102.644 102.689 102.708 102.723 102.736 102.766 102.793 102.788 102.785 102.797 102.808 -9999 -9999 102.84 102.846 102.852 102.854 102.862 102.87 102.877 102.884 102.889 102.894 102.898 102.901 102.903 102.905 102.906 102.906 102.905 102.904 102.902 102.899 102.895 102.89 102.883 102.873 102.864 102.849 102.833 -9999 -9999 -9999 -9999 -9999 -9999 -9999 -9999 -9999 -9999 -9999 -9999 -9999 -9999 -9999 -9999 -9999 -9999 -9999 -9999
102.037 101.819 -9999 102.108 -9999 101.066 100.707 100.681 100.927 101.177 102.123 102.298 102.233 102.291 102.213 102.051 101.571 101.913 102.774 102.777 102.745 102.765 102.821 102.833 102.846 -9999 102.882 102.888 102.896 102.903 102.911 102.918 102.926 102.934 102.941 102.947 102.952 102.957 102.961 102.965 102.967 102.97 102.972 102.973 102.974 102.974 102.974 102.974 102.972 102.97 102.968 102.966 102.961 102.953 -9999 -9999 -9999 -9999 -9999 -9999 -9999 -9999 -9999 -9999 -9999 -9999 -9999 -9999 -9999 -9999 -9999 -9999 -9999 -9999
102.059 -9999 101.689 -9999 -9999 -9999 100.585 100.91 101.43 101.813 101.528 101.66 102.125 102.136 102.279 102.179 102.397 102.839 102.81 102.709 102.479 102.604 102.858 102.895 102.977 102.943 102.929 102.939 102.949 102.958 102.967 102.975 102.983 102.99 102.997 103.004 103.01 103.015 103.02 103.025 103.029 103.032 103.035 103.039 103.041 103.044 103.047 103.05 103.052 103.055 103.058 103.061 103.067 103.072 -9999 -9999 -9999 -9999 -9999 -9999 -9999 -9999 -9999 -9999 -9999 -9999 -9999 -9999 -9999 -9999 -9999 -9999 -9999 -9999
100.6 100.588 -9999 -9999 -9999 -9999 101.64 102.149 102.772 -9999 101.721 101.886 101.681 101.9 102.335 102.672 103.252 103.135 102.837 102.649 102.437 102.658 102.901 102.96 102.984 102.967 102.978 102.989 102.999 103.011 103.021 103.032 103.039 103.047 103.054 103.061 103.067 103.073 103.079 103.084 103.089 103.093 103.098 103.103 103.108 103.113 103.118 103.124 103.13 103.137 103.146 103.156 103.17 103.174 -9999 -9999 -9999 -9999 -9999 -9999 -9999 -9999 -9999 -9999 -9999 -9999 -9999 -9999 -9999 -9999 -9999 -9999 -9999 -9999
101.702 101.854 -9999 -9999 -9999 102.092 -9999 -9999 102.208 101.951 102.158 102.17 102.471 102.709 102.78 103.181 103.435 103.171 102.861 102.702 102.548 102.755 102.962 102.989 103.003 103.015 103.026 103.037 103.049 103.061 103.074 103.085 103.096 103.103 103.11 103.117 103.124 103.13 103.136 103.142 103.148 103.154 103.16 103.166 103.173 103.18 103.187 103.196 103.206 103.218 103.231 103.25 103.266 -9999 -9999 -9999 -9999 -9999 -9999 -9999 -9999 -9999 -9999 -9999 -9999 -9999 -9999 -9999 -9999 -9999 -9999 -9999 -9999 -9999
101.337 101.448 101.911 102.076 -9999 -9999 -9999 101.929 101.11 -9999 101.412 101.858 102.62 102.747 102.979 103.104 103.053 102.825 102.78 102.6 102.321 102.669 103.275 103.156 102.808 102.885 103.073 103.085 103.097 103.11 103.123 103.137 103.149 103.16 103.167 103.174 103.181 103.187 103.194 103.2 103.207 103.214 103.221 103.19 103.093 103.141 103.256 103.268 103.281 103.297 103.316 103.341 -9999 -9999 -9999 -9999 -9999 -9999 -9999 -9999 -9999 -9999 -9999 -9999 -9999 -9999 -9999 -9999 -9999 -9999 -9999 -9999 -9999 -9999
101.006 101.539 102.314 102.457 -9999 101.744 101.338 101.747 101.918 102.089 102.343 102.656 102.439 102.665 102.942 102.91 102.828 102.829 102.878 102.771 102.862 103.108 102.891 102.801 103.014 103.114 103.12 103.132 103.145 103.158 103.172 103.187 103.201 103.214 103.223 103.23 103.237 103.244 103.251 103.258 103.265 103.273 103.281 103.238 103.251 103.315 103.325 103.339 103.356 103.376 103.4 103.428 -9999 -9999 -9999 -9999 -9999 -9999 -9999 -9999 -9999 -9999 -9999 -9999 -9999 -9999 -9999 -9999 -9999 -9999 -9999 -9999 -9999 -9999
102.017 102.631 103.197 103.103 102.893 102.322 102.375 -9999 101.639 101.563 101.005 101.031 101.388 101.754 102.34 102.375 102.531 102.552 102.534 102.756 103.201 103.067 102.986 103.029 102.827 102.793 102.672 102.771 103.016 103.077 103.22 103.234 103.245 103.197 103.041 103.025 102.967 103.062 103.308 103.315 103.323 103.332 103.342 103.354 103.366 103.378 103.393 103.411 103.431 103.455 103.485 -9999 -9999 -9999 -9999 -9999 -9999 -9999 -9999 -9999 -9999 -9999 -9999 -9999 -9999 -9999 -9999 -9999 -9999 -9999 -9999 -9999 -9999 -9999
102.0 -9999 -9999 -9999 102.41 102.332 -9999 102.17 101.76 101.589 101.891 102.162 102.383 102.658 102.58 102.58 102.358 102.387 102.49 102.757 102.828 102.877 103.103 103.04 103.133 103.104 103.173 103.277 103.2 103.273 103.267 103.281 103.3 103.249 103.313 103.297 103.319 103.424 103.365 103.373 103.382 103.391 103.402 103.414 103.428 103.444 103.462 103.482 103.507 103.536 103.559 -9999 -9999 -9999 -9999 -9999 -9999 -9999 -9999 -9999 -9999 -9999 -9999 -9999 -9999 -9999 -9999 -9999 -9999 -9999 -9999 -9999 -9999 -9999
-9999 -9999 -9999 102.51 102.182 -9999 101.734 101.937 -9999 101.993 102.771 102.911 102.973 102.914 102.856 102.741 102.737 102.743 102.597 102.417 101.811 101.761 101.304 101.726 102.717 103.116 104.078 103.891 103.476 103.254 102.647 102.407 101.729 102.081 102.932 103.105 103.522 103.464 103.387 103.405 103.44 103.451 103.463 103.461 103.434 103.465 103.522 103.546 103.571 103.591 103.599 -9999 -9999 -9999 -9999 -9999 -9999 -9999 -9999 -9999 -9999 -9999 -9999 -9999 -9999 -9999 -9999 -9999 -9999 -9999 -9999 -9999 -9999 -9999
-9999 -9999 -9999 101.754 -9999 -9999 101.501 101.742 101.826 102.26 102.337 102.307 102.133 102.217 102.514 102.617 102.905 102.719 102.406 102.235 102.583 102.342 102.313 102.868 102.977 103.288 102.784 102.69 102.999 102.804 103.105 102.887 103.186 103.538 103.566 103.767 103.706 103.624 103.509 103.52 103.499 103.511 103.524 103.515 103.528 103.593 103.697 103.682 103.607 103.622 103.64 -9999 -9999 -9999 -9999 -9999 -9999 -9999 -9999 -9999 -9999 -9999 -9999 -9999 -9999 -9999 -9999 -9999 -9999 -9999 -9999 -9999 -9999 -9999
-9999 -9999 -9999 -9999 -9999 -9999 -9999 102.116 102.217 102.238 102.18 102.181 102.415 102.535 102.438 101.999 100.455 100.781 102.067 102.37 102.672 102.821 103.247 103.319 103.349 102.996 102.734 102.589 101.763 102.198 102.942 103.474 104.373 104.361 104.213 103.908 103.576 103.525 103.534 103.528 103.538 103.55 103.56 103.572 103.583 103.641 103.654 103.621 103.636 103.653 -9999 -9999 -9999 -9999 -9999 -9999 -9999 -9999 -9999 -9999 -9999 -9999 -9999 -9999 -9999 -9999 -9999 -9999 -9999 -9999 -9999 -9999 -9999 -9999
-9999 -9999 -9999 -9999 -9999 102.114 101.817 -9999 102.487 102.483 102.545 102.574 102.319 102.169 101.903 101.366 102.056 102.623 102.349 102.533 102.581 102.893 103.13 103.146 103.139 103.077 103.265 102.807 102.712 103.098 103.1 103.301 102.514 102.816 103.658 103.502 103.518 103.536 103.546 103.556 103.566 103.576 103.587 103.599 103.611 103.623 103.636 103.65 103.666 103.683 -9999 -9999 -9999 -9999 -9999 -9999 -9999 -9999 -9999 -9999 -9999 -9999 -9999 -9999 -9999 -9999 -9999 -9999 -9999 -9999 -9999 -9999 -9999 -9999
-9999 -9999 -9999 -9999 102.532 102.038 101.023 101.433 101.899 102.2 102.909 102.734 102.614 102.497 102.558 103.001 103.216 102.941 102.571 102.669 102.841 102.936 102.849 102.933 103.161 102.985 102.244 102.282 102.51 102.706 103.224 102.762 102.601 103.138 103.292 103.178 102.835 102.951 103.262 103.435 103.592 103.603 103.615 103.626 103.638 103.651 103.665 103.68 103.696 -9999 -9999 -9999 -9999 -9999 -9999 -9999 -9999 -9999 -9999 -9999 -9999 -9999 -9999 -9999 -9999 -9999 -9999 -9999 -9999 -9999 -9999 -9999 -9999 -9999
-9999 -9999 -9999 -9999 102.455 -9999 101.887 101.846 101.09 101.849 102.885 102.687 102.318 102.448 102.732 102.816 102.728 102.626 102.85 102.865 102.646 102.733 103.069 103.196 103.213 102.827 102.808 102.954 103.023 103.316 103.38 103.325 103.39 103.465 103.443 103.344 103.548 103.725 103.856 103.855 103.619 103.63 103.642 103.654 103.666 103.68 103.694 103.709 103.726 -9999 -9999 -9999 -9999 -9999 -9999 -9999 -9999 -9999 -9999 -9999 -9999 -9999 -9999 -9999 -9999 -9999 -9999 -9999 -9999 -9999 -9999 -9999 -9999 -9999
-9999 -9999 -9999 -9999 -9999 -9999 102.497 102.131 102.184 102.803 103.015 102.713 102.409 102.541 102.524 102.292 101.774 102.142 102.801 102.521 102.056 102.45 103.019 102.942 102.701 102.847 103.259 103.334 103.43 103.48 103.517 103.475 103.265 103.298 103.406 103.533 103.586 103.626 103.602 103.484 103.501 103.633 103.801 103.789 103.735 103.738 103.723 103.739 103.756 -9999 -9999 -9999 -9999 -9999 -9999 -9999 -9999 -9999 -9999 -9999 -9999 -9999 -9999 -9999 -9999 -9999 -9999 -9999 -9999 -9999 -9999 -9999 -9999 -9999
-9999 -9999 -9999 -9999 102.569 102.559 102.541 102.6 102.673 102.764 102.707 102.635 102.856 -9999 102.505 102.371 102.713 103.075 103.117 102.891 102.913 103.21 103.193 103.02 102.881 103.044 102.903 102.974 103.025 103.07 103.132 103.055 103.131 103.208 103.257 103.364 103.573 103.503 103.323 103.483 103.94 103.986 103.86 103.808 103.739 103.738 103.753 103.769 103.784 -9999 -9999 -9999 -9999 -9999 -9999 -9999 -9999 -9999 -9999 -9999 -9999 -9999 -9999 -9999 -9999 -9999 -9999 -9999 -9999 -9999 -9999 -9999 -9999 -9999
102.357 102.54 102.549 102.563 -9999 102.387 102.594 102.529 102.248 102.323 102.594 102.751 -9999 102.463 101.72 102.091 102.595 102.728 103.009 103.118 103.368 103.383 103.423 103.294 103.132 103.108 103.23 103.245 103.206 103.249 103.27 103.325 103.36 103.399 103.428 103.696 104.124 103.962 103.751 104.05 104.248 104.258 104.331 103.926 103.753 103.769 103.787 103.801 -9999 -9999 -9999 -9999 -9999 -9999 -9999 -9999 -9999 -9999 -9999 -9999 -9999 -9999 -9999 -9999 -9999 -9999 -9999 -9999 -9999 -9999 -9999 -9999 -9999 -9999
102.47 102.523 102.563 102.472 102.468 -9999 102.616 102.43 102.312 102.496 102.605 102.646 102.608 102.262 102.346 102.577 102.483 102.773 103.147 103.23 103.095 103.077 102.949 102.888 102.94 103.078 103.271 103.278 103.341 103.346 103.32 103.372 103.454 103.483 103.513 103.707 103.629 103.568 103.679 103.823 103.916 104.003 103.806 103.741 103.784 103.8 -9999 -9999 -9999 -9999 -9999 -9999 -9999 -9999 -9999 -9999 -9999 -9999 -9999 -9999 -9999 -9999 -9999 -9999 -9999 -9999 -9999 -9999 -9999 -9999 -9999 -9999 -9999 -9999
-9999 -9999 -9999 102.526 -9999 102.341 102.095 102.095 102.248 102.404 -9999 -9999 101.853 102.048 102.436 102.449 102.597 102.92 103.251 103.248 103.412 103.242 102.941 102.887 102.659 102.856 103.108 103.185 103.294 103.309 103.375 103.431 103.461 103.491 103.522 103.496 103.53 103.606 103.641 103.707 103.73 103.722 103.747 103.785 103.81 -9999 -9999 -9999 -9999 -9999 -9999 -9999 -9999 -9999 -9999 -9999 -9999 -9999 -9999 -9999 -9999 -9999 -9999 -9999 -9999 -9999 -9999 -9999 -9999 -9999 -9999 -9999 -9999 -9999
102.56 102.565 -9999 102.512 102.497 102.336 102.269 102.373 102.431 -9999 -9999 102.689 102.404 102.631 102.684 102.722 102.604 102.811 102.891 103.057 103.263 103.14 103.204 103.06 102.98 103.17 103.322 103.372 103.344 103.388 103.407 103.437 103.467 103.498 103.53 103.563 103.598 103.635 103.673 103.705 103.727 103.751 103.777 103.804 103.833 103.866 -9999 -9999 -9999 -9999 -9999 -9999 -9999 -9999 -9999 -9999 -9999 -9999 -9999 -9999 -9999 -9999 -9999 -9999 -9999 -9999 -9999 -9999 -9999 -9999 -9999 -9999 -9999 -9999
