Validation/Results/ReClimate_10_2024_2_Temperature.asc
NCOLS 192
NROWS 249
XLLCENTER -225160.85627316462
YLLCENTER 29788.11610251502
CELLSIZE 5000.0
NODATA_VALUE -9999
[rows 170 to 203 of 249, columns 75 to 149 of 192]
-9999 -9999 -9999 -9999 -9999 -9999 -9999 -9999 -9999 -9999 -9999 -9999 -9999 -9999 -9999 -9999 -9999 -0.18 -0.177 -9999 -9999 -9999 -9999 -9999 -9999 -9999 -9999 -9999 -9999 -9999 -9999 -9999 -9999 -9999 -9999 -9999 -0.076 -0.08 -0.068 -0.053 -0.053 -0.053 -0.048 -0.041 -0.036 -0.03 -0.024 -0.016 -0.019 -0.02 -0.029 -0.037 -0.03 -0.018 -0.025 -0.031 -0.03 -0.025 -0.026 -0.025 -0.027 -0.026 -0.036 -0.045 -0.04 -0.028 -0.028 -0.024 -0.026 -0.024 -0.019 -0.01 -0.01 -0.008 -0.001
-9999 -9999 -9999 -9999 -9999 -9999 -9999 -9999 -9999 -9999 -9999 -9999 -9999 -9999 -9999 -9999 -9999 -0.197 -0.195 -0.184 -9999 -9999 -9999 -9999 -9999 -9999 -9999 -9999 -9999 -9999 -9999 -9999 -9999 -9999 -9999 -0.071 -0.072 -0.096 -0.086 -0.072 -0.068 -0.053 -0.049 -0.045 -0.041 -0.032 -0.03 -0.032 -0.032 -0.025 -0.029 -0.026 -0.03 -0.025 -0.025 -0.027 -0.034 -0.035 -0.034 -0.032 -0.035 -0.035 -0.034 -0.035 -0.041 -0.037 -0.031 -0.025 -0.026 -0.024 -0.018 -0.009 -0.006 -0.002 -0.001
-9999 -9999 -9999 -9999 -9999 -9999 -9999 -9999 -9999 -9999 -9999 -9999 -9999 -9999 -9999 -9999 -0.217 -0.2 -0.192 -0.184 -0.181 -9999 -9999 -9999 -9999 -9999 -9999 -9999 -9999 -9999 -9999 -9999 -0.11 -9999 -9999 -0.072 -0.082 -0.097 -0.087 -0.074 -9999 -0.048 -0.046 -0.042 -0.036 -0.028 -0.031 -0.032 -0.028 -0.02 -0.018 -0.014 -0.017 -0.019 -0.019 -0.016 -0.023 -0.029 -0.029 -0.025 -0.029 -0.028 -0.027 -0.02 -0.025 -0.028 -0.023 -0.014 -0.015 -0.012 -0.007 0.003 0.006 0.012 0.014
-9999 -9999 -9999 -9999 -9999 -9999 -9999 -9999 -9999 -9999 -9999 -9999 -9999 -9999 -9999 -9999 -0.235 -0.231 -0.219 -0.19 -0.178 -0.143 -0.15 -9999 -9999 -9999 -0.14 -0.136 -9999 -0.132 -0.129 -0.124 -0.12 -0.122 -9999 -9999 -0.102 -0.105 -9999 -9999 -0.074 -0.055 -0.05 -0.036 -0.034 -0.036 -0.037 -0.033 -0.028 -0.019 -0.028 -0.031 -0.022 -0.017 -0.012 -0.006 -0.014 -0.021 -0.023 -0.021 -0.026 -0.027 -0.023 -0.016 -0.026 -0.032 -0.022 -0.009 -0.017 -0.019 -0.007 0.007 0.007 0.012 0.032
-9999 -9999 -9999 -9999 -9999 -9999 -9999 -9999 -9999 -9999 -9999 -9999 -9999 -9999 -9999 -9999 -9999 -0.239 -0.216 -0.189 -0.161 -0.129 -9999 -9999 -0.159 -0.149 -0.143 -0.133 -0.141 -0.142 -0.133 -0.123 -0.124 -0.125 -0.117 -9999 -0.099 -0.102 -0.094 -0.084 -0.07 -0.053 -0.042 -0.028 -0.03 -0.033 -0.031 -0.027 -0.02 -0.011 -0.021 -0.03 -0.023 -0.01 -0.004 0.006 -0.002 -0.009 -0.011 -0.009 -0.013 -0.015 -0.012 -0.003 -0.013 -0.021 -0.012 0.004 -0.003 -0.009 0.002 0.021 0.021 0.025 0.045
-9999 -9999 -9999 -9999 -9999 -9999 -9999 -9999 -9999 -9999 -9999 -9999 -9999 -9999 -9999 -9999 -9999 -0.223 -0.206 -0.204 -0.181 -0.157 -0.171 -0.17 -0.168 -0.171 -0.171 -0.176 -0.182 -0.177 -0.162 -0.127 -0.127 -0.125 -0.121 -0.124 -0.127 -0.125 -0.116 -0.097 -0.086 -0.072 -0.065 -0.056 -0.057 -0.047 -0.047 -0.048 -0.038 -0.013 -0.023 -0.037 -0.031 -0.021 -0.016 -0.007 -0.01 -0.014 -0.011 -0.007 -0.02 -0.028 -0.025 -0.018 -0.014 -0.016 -0.018 -0.01 -0.013 -0.016 -0.009 0.006 0.022 0.034 0.06
-9999 -9999 -9999 -9999 -9999 -9999 -9999 -9999 -9999 -9999 -9999 -9999 -9999 -9999 -9999 -9999 -9999 -9999 -0.208 -0.206 -0.187 -0.165 -0.165 -0.164 -0.169 -0.175 -0.183 -0.189 -0.188 -0.187 -0.159 -0.125 -0.121 -0.118 -0.122 -0.128 -0.126 -0.125 -0.111 -0.094 -0.084 -0.071 -0.067 -0.06 -0.054 -0.045 -0.047 -0.049 -0.03 -0.006 -0.017 -0.031 -0.026 -0.017 -0.013 -0.005 -0.008 -0.008 -0.006 0.001 -0.01 -0.022 -0.019 -0.011 -0.009 -0.001 -0.004 -0.003 -0.005 -0.005 0.001 0.015 0.029 0.051 0.075
-9999 -9999 -9999 -9999 -9999 -9999 -9999 -9999 -9999 -9999 -9999 -9999 -9999 -9999 -9999 -9999 -9999 -9999 -9999 -9999 -0.187 -0.183 -0.184 -0.184 -0.195 -0.214 -0.222 -0.225 -0.216 -0.182 -0.159 -0.143 -0.141 -0.139 -0.135 -0.113 -0.109 -0.104 -0.097 -0.099 -0.087 -0.066 -0.06 -0.051 -0.044 -0.036 -0.034 -0.027 -0.022 -0.038 -0.041 -0.021 -0.021 -0.015 -0.011 -0.004 -0.008 -0.009 -0.011 -0.009 -0.013 -0.02 -0.018 -0.012 -0.004 0.005 0.002 0.002 -0.002 -0.003 0.005 0.019 0.034 0.055 0.072
-9999 -9999 -9999 -9999 -9999 -9999 -9999 -9999 -9999 -9999 -9999 -9999 -9999 -9999 -9999 -9999 -9999 -9999 -9999 -0.193 -0.19 -0.186 -0.187 -0.187 -0.205 -0.224 -0.229 -0.233 -0.206 -0.172 -0.159 -0.143 -0.141 -0.141 -0.122 -0.1 -0.094 -0.089 -0.09 -0.093 -0.077 -0.056 -0.049 -0.04 -0.033 -0.025 -0.019 -0.011 -0.027 -0.044 -0.03 -0.009 -0.009 -0.006 -0.002 0.006 0.002 0.0 -0.002 -0.002 -0.007 -0.01 -0.008 -0.003 0.004 0.017 0.014 0.013 0.008 0.006 0.014 0.029 0.044 0.065 0.08
-9999 -9999 -9999 -9999 -9999 -9999 -9999 -9999 -9999 -9999 -9999 -9999 -9999 -9999 -9999 -9999 -9999 -9999 -0.183 -0.188 -0.185 -0.182 -0.188 -0.202 -0.212 -0.211 -0.215 -0.222 -0.197 -0.167 -0.159 -0.158 -0.146 -0.111 -0.097 -0.092 -0.089 -0.093 -0.094 -0.094 -0.084 -0.081 -0.076 -0.063 -0.049 -0.007 -0.006 -0.013 -0.02 -0.011 -0.003 -0.006 -0.004 -0.001 -0.003 0.001 0.002 0.002 -0.003 -0.005 -0.0 0.002 0.001 0.004 0.012 0.024 0.028 0.032 0.017 0.009 0.021 0.036 0.037 0.048 0.065
-9999 -9999 -9999 -9999 -9999 -9999 -9999 -9999 -9999 -9999 -9999 -9999 -9999 -9999 -9999 -9999 -9999 -0.178 -0.178 -0.183 -0.18 -0.178 -0.189 -0.203 -0.202 -0.197 -0.202 -0.209 -0.186 -0.157 -0.158 -0.158 -0.128 -0.093 -0.088 -0.083 -0.085 -0.088 -0.087 -0.086 -0.085 -0.083 -0.076 -0.065 -0.034 0.006 0.0 -0.007 -0.001 0.009 0.006 0.003 0.006 0.011 0.009 0.009 0.01 0.013 0.008 0.004 0.008 0.017 0.015 0.017 0.024 0.037 0.041 0.05 0.036 0.022 0.033 0.05 0.05 0.052 0.067
-9999 -9999 -9999 -9999 -9999 -9999 -9999 -9999 -9999 -9999 -9999 -9999 -9999 -9999 -9999 -0.212 -0.19 -0.198 -0.195 -0.187 -0.179 -0.171 -0.176 -0.185 -0.184 -0.193 -0.197 -0.2 -0.18 -0.158 -0.156 -0.146 -0.128 -0.127 -0.122 -0.109 -0.105 -0.083 -0.085 -0.095 -0.089 -0.071 -0.067 -0.066 -0.037 -0.0 -0.007 -0.014 -0.01 -0.004 -0.006 -0.001 -0.002 0.0 -0.011 -0.018 -0.002 0.009 0.005 0.002 0.009 0.018 0.02 0.023 0.018 0.022 0.035 0.048 0.045 0.037 0.034 0.042 0.061 0.073 0.067
-9999 -9999 -9999 -9999 -9999 -9999 -9999 -9999 -9999 -9999 -9999 -9999 -9999 -9999 -0.213 -0.209 -0.209 -0.202 -9999 -9999 -9999 -9999 -0.175 -0.169 -0.175 -0.184 -0.186 -0.188 -0.172 -0.151 -0.145 -0.135 -0.135 -0.135 -0.125 -0.114 -0.096 -0.075 -0.082 -0.091 -0.076 -0.058 -0.059 -0.059 -0.031 0.004 -0.002 -0.009 -0.006 -0.002 0.001 0.006 0.005 0.006 -0.005 -0.016 -0.003 0.017 0.014 0.012 0.018 0.029 0.03 0.035 0.03 0.027 0.039 0.057 0.055 0.054 0.052 0.051 0.068 0.092 0.086
-9999 -9999 -9999 -9999 -9999 -9999 -9999 -9999 -9999 -9999 -9999 -9999 -9999 -9999 -0.218 -0.202 -0.197 -9999 -9999 -9999 -9999 -9999 -0.189 -0.193 -0.198 -0.197 -0.198 -0.195 -0.18 -0.16 -0.153 -0.138 -0.138 -0.135 -0.126 -0.116 -0.107 -0.109 -0.106 -0.078 -0.068 -0.066 -0.06 -0.04 -0.025 -0.029 -0.031 -0.016 -0.016 -0.015 -0.012 -0.003 -0.001 0.003 -0.0 -0.008 -0.006 0.007 0.008 0.008 0.006 0.011 0.006 0.006 0.03 0.044 0.043 0.052 0.061 0.067 0.078 0.086 0.083 0.094 0.094
-9999 -9999 -9999 -9999 -9999 -9999 -9999 -9999 -9999 -9999 -9999 -9999 -9999 -9999 -9999 -9999 -0.197 -9999 -9999 -9999 -9999 -9999 -0.198 -0.196 -0.196 -0.196 -0.193 -0.19 -0.174 -0.155 -0.145 -0.132 -0.13 -0.128 -0.119 -0.109 -0.112 -0.115 -0.093 -0.066 -0.064 -0.061 -0.044 -0.024 -0.029 -0.035 -0.025 -0.011 -0.012 -0.012 -0.007 0.002 0.005 0.01 0.008 0.006 0.008 0.013 0.013 0.017 0.014 0.015 0.01 0.007 0.029 0.061 0.06 0.062 0.07 0.084 0.095 0.11 0.109 0.108 0.106
-9999 -9999 -9999 -9999 -9999 -9999 -9999 -9999 -9999 -9999 -9999 -9999 -9999 -9999 -9999 -9999 -9999 -9999 -9999 -9999 -9999 -9999 -0.206 -0.214 -0.207 -0.185 -0.182 -0.181 -0.167 -0.149 -0.141 -0.131 -0.132 -0.137 -0.129 -0.113 -0.115 -0.115 -0.099 -0.088 -0.085 -0.074 -0.057 -0.034 -0.04 -0.044 -0.031 -0.003 -0.002 0.005 -0.001 0.002 0.002 0.006 0.007 0.006 0.004 0.005 0.01 0.016 0.023 0.029 0.019 0.012 0.023 0.046 0.048 0.05 0.06 0.072 0.085 0.1 0.115 0.123 0.111
-9999 -9999 -9999 -9999 -9999 -9999 -9999 -9999 -9999 -9999 -9999 -9999 -9999 -9999 -9999 -9999 -9999 -9999 -9999 -9999 -9999 -9999 -9999 -0.211 -0.193 -0.172 -0.17 -0.169 -0.156 -0.139 -0.133 -0.123 -0.128 -0.134 -0.122 -0.107 -0.107 -0.107 -0.1 -0.09 -0.082 -0.071 -0.053 -0.03 -0.035 -0.039 -0.019 0.008 0.012 0.019 0.014 0.011 0.012 0.014 0.015 0.017 0.014 0.013 0.017 0.027 0.034 0.046 0.036 0.027 0.037 0.053 0.054 0.058 0.067 0.081 0.093 0.109 0.123 0.14 0.128
-9999 -9999 -9999 -9999 -9999 -9999 -9999 -9999 -9999 -9999 -9999 -9999 -9999 -9999 -9999 -9999 -9999 -9999 -9999 -9999 -9999 -9999 -0.194 -0.201 -0.19 -0.186 -0.185 -0.18 -0.169 -0.155 -0.15 -0.141 -0.146 -0.148 -0.138 -0.124 -0.124 -0.117 -0.108 -0.092 -0.087 -0.084 -0.073 -0.067 -0.065 -0.044 -0.027 -0.006 -0.003 0.007 0.004 0.002 0.001 0.002 0.007 0.01 0.02 0.026 0.032 0.042 0.044 0.054 0.048 0.041 0.045 0.057 0.053 0.054 0.059 0.07 0.084 0.1 0.119 0.139 0.138
-9999 -9999 -9999 -9999 -9999 -9999 -9999 -9999 -9999 -9999 -9999 -9999 -9999 -9999 -9999 -9999 -9999 -9999 -9999 -9999 -9999 -9999 -0.184 -0.189 -0.186 -0.183 -0.18 -0.177 -0.166 -0.153 -0.148 -0.14 -0.143 -0.146 -0.136 -0.123 -0.119 -0.112 -0.1 -0.084 -0.083 -0.081 -0.077 -0.074 -0.058 -0.038 -0.024 -0.005 0.001 0.01 0.008 0.008 0.007 0.008 0.011 0.018 0.028 0.042 0.048 0.058 0.061 0.068 0.062 0.059 0.062 0.07 0.067 0.066 0.071 0.08 0.093 0.11 0.126 0.149 0.147
-9999 -9999 -9999 -9999 -9999 -9999 -9999 -9999 -9999 -9999 -9999 -9999 -9999 -9999 -9999 -9999 -9999 -9999 -9999 -9999 -9999 -9999 -0.191 -0.196 -0.195 -0.197 -0.197 -0.197 -0.183 -0.153 -0.152 -0.157 -0.152 -0.126 -0.121 -0.126 -0.113 -0.077 -0.07 -0.074 -0.07 -0.062 -0.06 -0.061 -0.047 -0.036 -0.028 -0.027 -0.017 0.011 0.01 0.011 0.015 0.019 0.026 0.035 0.035 0.043 0.051 0.062 0.064 0.07 0.066 0.062 0.059 0.062 0.077 0.087 0.086 0.092 0.102 0.116 0.124 0.14 0.136
-9999 -9999 -9999 -9999 -9999 -9999 -9999 -9999 -9999 -9999 -9999 -9999 -9999 -9999 -9999 -9999 -9999 -9999 -9999 -9999 -9999 -9999 -9999 -0.19 -0.192 -0.194 -0.196 -0.197 -0.173 -0.145 -0.15 -0.155 -0.135 -0.11 -0.115 -0.119 -0.091 -0.055 -0.057 -0.061 -0.054 -0.045 -0.046 -0.047 -0.038 -0.027 -0.028 -0.028 -0.007 0.019 0.019 0.021 0.025 0.033 0.041 0.052 0.053 0.054 0.062 0.074 0.076 0.082 0.078 0.075 0.072 0.071 0.086 0.107 0.107 0.11 0.119 0.13 0.136 0.147 0.143
-9999 -9999 -9999 -9999 -9999 -9999 -9999 -9999 -9999 -9999 -9999 -9999 -9999 -9999 -9999 -9999 -9999 -9999 -9999 -9999 -9999 -9999 -9999 -0.205 -0.206 -0.201 -0.197 -0.18 -0.161 -0.143 -0.147 -0.149 -0.136 -0.131 -0.129 -0.109 -0.094 -0.099 -0.094 -0.066 -0.058 -0.04 -0.043 -0.047 -0.043 -0.046 -0.045 -0.032 -0.014 0.01 0.017 0.024 0.024 0.028 0.045 0.06 0.073 0.082 0.07 0.071 0.069 0.071 0.074 0.075 0.076 0.077 0.087 0.105 0.114 0.121 0.125 0.131 0.138 0.15 0.15
-9999 -9999 -9999 -9999 -9999 -9999 -9999 -9999 -9999 -9999 -9999 -9999 -9999 -9999 -9999 -9999 -9999 -9999 -9999 -9999 -9999 -9999 -0.179 -0.203 -0.2 -0.195 -0.182 -0.166 -0.151 -0.134 -0.136 -0.138 -0.135 -0.131 -0.116 -0.096 -0.101 -0.107 -0.086 -0.06 -0.046 -0.03 -0.034 -0.038 -0.041 -0.044 -0.036 -0.024 -0.007 0.015 0.023 0.035 0.035 0.037 0.053 0.074 0.087 0.102 0.092 0.082 0.079 0.079 0.081 0.087 0.088 0.092 0.101 0.117 0.125 0.136 0.14 0.143 0.149 0.161 0.16
-9999 -9999 -9999 -9999 -9999 -9999 -9999 -9999 -9999 -9999 -9999 -9999 -9999 -9999 -9999 -9999 -9999 -9999 -9999 -9999 -9999 -9999 -0.19 -0.209 -0.203 -0.189 -0.18 -0.174 -0.161 -0.143 -0.147 -0.151 -0.15 -0.146 -0.13 -0.103 -0.105 -0.096 -0.08 -0.067 -0.061 -0.059 -0.058 -0.041 -0.043 -0.04 -0.034 -0.027 -0.012 0.011 0.022 0.046 0.043 0.042 0.041 0.05 0.08 0.104 0.095 0.085 0.101 0.111 0.09 0.082 0.094 0.105 0.111 0.123 0.122 0.127 0.129 0.131 0.144 0.158 0.159
-9999 -9999 -9999 -9999 -9999 -9999 -9999 -9999 -9999 -9999 -9999 -9999 -9999 -9999 -9999 -9999 -9999 -9999 -9999 -9999 -9999 -9999 -0.193 -0.203 -0.192 -0.178 -0.174 -0.168 -0.155 -0.138 -0.143 -0.148 -0.146 -0.143 -0.123 -0.097 -0.091 -0.083 -0.073 -0.062 -0.063 -0.062 -0.05 -0.034 -0.032 -0.029 -0.025 -0.019 -0.003 0.019 0.037 0.059 0.057 0.055 0.053 0.053 0.081 0.116 0.107 0.099 0.113 0.134 0.115 0.093 0.104 0.122 0.128 0.136 0.135 0.135 0.136 0.138 0.149 0.168 0.168
-9999 -9999 -9999 -9999 -9999 -9999 -9999 -9999 -9999 -9999 -9999 -9999 -9999 -9999 -9999 -9999 -9999 -9999 -9999 -9999 -9999 -0.17 -0.181 -0.195 -0.187 -0.181 -0.178 -0.171 -0.16 -0.148 -0.148 -0.139 -0.134 -0.121 -0.104 -0.092 -0.08 -0.056 -0.05 -0.047 -0.047 -0.044 -0.03 -0.009 -0.006 -0.003 -0.008 -0.031 -0.015 0.014 0.029 0.046 0.043 0.04 0.057 0.067 0.077 0.101 0.1 0.095 0.096 0.108 0.111 0.102 0.121 0.143 0.133 0.132 0.136 0.14 0.137 0.137 0.138 0.149 0.143
-9999 -9999 -9999 -9999 -9999 -9999 -9999 -9999 -9999 -9999 -9999 -9999 -9999 -9999 -9999 -9999 -9999 -9999 -9999 -9999 -0.167 -0.166 -0.17 -0.183 -0.179 -0.173 -0.169 -0.163 -0.154 -0.142 -0.135 -0.126 -0.116 -0.102 -0.092 -0.08 -0.06 -0.037 -0.035 -0.033 -0.031 -0.028 -0.012 0.009 0.012 0.016 -0.003 -0.026 -0.006 0.021 0.034 0.052 0.048 0.046 0.061 0.083 0.093 0.106 0.105 0.105 0.107 0.111 0.113 0.118 0.135 0.16 0.151 0.141 0.145 0.152 0.149 0.148 0.149 0.153 0.144
-9999 -9999 -9999 -9999 -9999 -9999 -9999 -9999 -9999 -9999 -9999 -9999 -9999 -9999 -9999 -9999 -9999 -9999 -0.184 -0.175 -0.173 -0.175 -0.183 -0.187 -0.182 -0.171 -0.168 -0.161 -0.149 -0.129 -0.123 -0.119 -0.111 -0.099 -0.093 -0.09 -0.071 -0.044 -0.044 -0.046 -0.037 -0.007 0.001 -0.004 -0.007 -0.016 -0.022 0.005 0.017 0.015 0.028 0.049 0.047 0.045 0.061 0.081 0.085 0.093 0.099 0.103 0.106 0.111 0.107 0.107 0.122 0.143 0.142 0.137 0.136 0.139 0.141 0.142 0.147 0.151 0.141
-9999 -9999 -9999 -9999 -9999 -9999 -9999 -9999 -9999 -9999 -9999 -9999 -9999 -9999 -9999 -9999 -9999 -0.192 -0.185 -0.188 -0.182 -0.173 -0.176 -0.18 -0.172 -0.162 -0.157 -0.15 -0.134 -0.115 -0.112 -0.108 -0.099 -0.088 -0.087 -0.085 -0.064 -0.039 -0.041 -0.043 -0.019 0.009 0.004 -0.001 -0.01 -0.021 0.0 0.027 0.024 0.021 0.036 0.056 0.054 0.053 0.068 0.088 0.092 0.097 0.101 0.11 0.113 0.119 0.113 0.11 0.123 0.143 0.142 0.144 0.144 0.145 0.146 0.15 0.154 0.159 0.148
-9999 -9999 -9999 -9999 -9999 -9999 -9999 -9999 -9999 -9999 -9999 -9999 -9999 -9999 -0.255 -0.252 -0.237 -0.227 -0.221 -0.189 -0.185 -0.186 -0.189 -0.19 -0.184 -0.176 -0.171 -0.158 -0.147 -0.138 -0.131 -0.109 -0.106 -0.107 -0.1 -0.077 -0.065 -0.065 -0.059 -0.034 -0.019 -0.015 -0.017 -0.008 -0.01 0.002 0.01 -0.003 -0.003 0.014 0.021 0.035 0.048 0.055 0.064 0.081 0.082 0.084 0.105 0.121 0.119 0.121 0.111 0.104 0.113 0.13 0.137 0.143 0.148 0.152 0.154 0.158 0.148 0.144 0.14
-9999 -9999 -9999 -9999 -9999 -9999 -9999 -9999 -9999 -9999 -9999 -9999 -0.262 -0.261 -0.253 -0.244 -0.24 -0.233 -0.209 -0.181 -0.181 -0.183 -0.184 -0.185 -0.179 -0.172 -0.163 -0.151 -0.146 -0.138 -0.122 -0.101 -0.104 -0.106 -0.088 -0.066 -0.066 -0.067 -0.047 -0.022 -0.02 -0.016 -0.01 -0.001 0.008 0.02 0.007 -0.008 0.003 0.019 0.025 0.035 0.047 0.063 0.072 0.085 0.085 0.087 0.105 0.131 0.129 0.128 0.118 0.109 0.118 0.132 0.138 0.148 0.151 0.158 0.16 0.164 0.157 0.147 0.142
-9999 -9999 -9999 -9999 -9999 -9999 -9999 -9999 -0.293 -0.263 -0.264 -0.265 -0.264 -0.27 -0.262 -0.255 -0.249 -0.234 -0.215 -0.199 -0.195 -0.177 -0.179 -0.183 -0.177 -0.167 -0.162 -0.161 -0.157 -0.15 -0.14 -0.132 -0.128 -0.105 -0.091 -0.077 -0.075 -0.063 -0.049 -0.039 -0.033 -0.016 -0.01 -0.001 0.004 0.007 -0.004 -0.009 -0.002 0.003 0.018 0.033 0.041 0.054 0.063 0.074 0.084 0.091 0.097 0.115 0.12 0.124 0.131 0.133 0.126 0.131 0.136 0.145 0.14 0.141 0.143 0.146 0.157 0.159 0.147
-9999 -9999 -9999 -9999 -9999 -9999 -9999 -0.3 -0.286 -0.267 -0.267 -0.263 -0.265 -0.262 -0.255 -0.248 -0.237 -0.225 -0.212 -0.198 -0.183 -0.166 -0.169 -0.173 -0.165 -0.156 -0.156 -0.156 -0.152 -0.146 -0.143 -0.136 -0.118 -0.096 -0.086 -0.073 -0.065 -0.054 -0.048 -0.039 -0.025 -0.009 -0.003 0.005 0.006 0.009 0.003 -0.002 -0.001 0.003 0.017 0.039 0.045 0.056 0.064 0.075 0.083 0.097 0.103 0.114 0.118 0.127 0.134 0.146 0.141 0.136 0.14 0.148 0.143 0.14 0.14 0.143 0.152 0.165 0.155
-9999 -9999 -9999 -9999 -9999 -9999 -0.297 -0.306 -0.296 -0.281 -0.28 -0.266 -0.265 -0.253 -0.245 -0.235 -0.228 -0.223 -0.217 -0.214 -0.202 -0.188 -0.187 -0.173 -0.168 -0.163 -0.159 -0.141 -0.141 -0.144 -0.139 -0.125 -0.11 -0.097 -0.086 -0.067 -0.063 -0.063 -0.054 -0.033 -0.024 -0.019 -0.017 -0.018 -0.017 -0.012 -0.014 -0.006 -0.004 0.004 0.016 0.03 0.035 0.043 0.057 0.071 0.079 0.092 0.099 0.11 0.113 0.119 0.133 0.147 0.146 0.145 0.139 0.141 0.154 0.161 0.158 0.158 0.159 0.167 0.159
