Validation/Results/ReClimate_10_2023_1_Temperature.asc
NCOLS 192
NROWS 249
XLLCENTER -225160.85627316462
YLLCENTER 29788.11610251502
CELLSIZE 5000.0
NODATA_VALUE -9999
[rows 136 to 169 of 249, columns 77 to 153 of 192]
-9999 -9999 -9999 -9999 -9999 -9999 -9999 -9999 0.203 -9999 0.23 0.247 0.251 0.253 0.273 0.293 0.309 0.323 0.328 0.331 0.342 0.352 0.37 0.389 0.393 0.393 0.396 0.4 -9999 -9999 -9999 -9999 -9999 -9999 0.39 0.389 0.387 0.384 0.384 0.385 0.391 0.396 0.397 0.397 0.404 0.411 0.395 0.376 0.376 0.376 0.375 0.372 0.356 0.334 0.344 0.361 0.381 -9999 -9999 -9999 -9999 -9999 -9999 -9999 -9999 -9999 -9999 -9999 -9999 -9999 -9999 -9999 -9999 -9999 -9999 -9999 -9999
-9999 -9999 -9999 -9999 -9999 -9999 -9999 -9999 0.194 0.194 0.213 0.238 0.244 0.256 0.272 0.281 0.296 0.308 0.316 0.334 0.346 0.359 0.376 0.391 0.398 0.404 0.404 0.394 -9999 -9999 -9999 -9999 0.39 0.39 0.391 0.393 0.392 0.388 0.389 0.39 0.392 0.386 0.385 0.38 0.387 0.399 0.386 0.375 0.384 0.389 0.389 0.387 0.379 0.364 0.369 0.371 0.381 -9999 -9999 -9999 -9999 -9999 -9999 -9999 -9999 -9999 -9999 -9999 -9999 -9999 -9999 -9999 -9999 -9999 -9999 -9999 -9999
0.172 -9999 -9999 -9999 -9999 -9999 -9999 -9999 0.175 0.184 0.208 -9999 -9999 0.256 0.267 0.276 0.29 -9999 0.318 0.335 0.348 0.362 0.377 0.393 0.402 0.407 -9999 -9999 -9999 -9999 -9999 0.388 0.387 0.389 0.391 0.394 0.392 0.389 0.391 0.391 0.387 0.381 0.378 0.373 0.382 0.393 0.385 0.374 0.382 0.392 0.392 0.39 0.383 0.373 0.379 0.386 0.38 -9999 -9999 -9999 -9999 -9999 -9999 -9999 -9999 -9999 -9999 -9999 -9999 -9999 -9999 -9999 -9999 -9999 -9999 -9999 -9999
0.156 -9999 -9999 -9999 -9999 -9999 -9999 -9999 -9999 0.184 0.207 -9999 -9999 -9999 0.267 0.28 0.293 0.303 -9999 -9999 0.355 0.369 0.379 0.384 0.391 -9999 -9999 -9999 -9999 -9999 0.393 0.394 0.394 0.39 0.395 0.405 0.403 0.399 0.399 0.397 0.396 0.397 0.393 0.383 0.389 0.388 0.379 0.367 0.382 0.395 0.396 0.396 0.391 0.382 0.383 0.388 0.383 -9999 -9999 -9999 -9999 -9999 -9999 -9999 -9999 -9999 -9999 -9999 -9999 -9999 -9999 -9999 -9999 -9999 -9999 -9999 -9999
-9999 -9999 -9999 -9999 -9999 -9999 -9999 -9999 -9999 -9999 0.202 -9999 -9999 -9999 -9999 0.281 0.293 0.303 -9999 -9999 -9999 0.364 0.374 -9999 -9999 -9999 -9999 -9999 -9999 -9999 0.392 0.396 0.394 0.39 0.398 0.407 0.404 0.401 0.401 0.399 0.401 0.402 0.395 0.387 0.386 0.385 0.376 0.364 0.378 0.395 0.396 0.396 0.391 0.384 0.386 0.387 0.383 -9999 -9999 -9999 -9999 -9999 -9999 -9999 -9999 -9999 -9999 -9999 -9999 -9999 -9999 -9999 -9999 -9999 -9999 -9999 -9999
-9999 -9999 -9999 -9999 -9999 -9999 -9999 -9999 -9999 -9999 0.2 -9999 -9999 -9999 -9999 -9999 0.292 0.311 -9999 -9999 -9999 -9999 -9999 -9999 -9999 -9999 -9999 -9999 -9999 -9999 0.39 0.395 0.394 0.394 0.396 0.387 0.385 0.388 0.389 0.392 0.392 0.386 0.377 0.365 0.359 0.345 0.348 0.375 0.38 0.39 0.391 0.39 0.398 0.398 0.395 0.394 0.393 0.379 -9999 -9999 -9999 -9999 -9999 -9999 -9999 -9999 -9999 -9999 -9999 -9999 -9999 -9999 -9999 -9999 -9999 -9999 -9999
0.155 0.146 0.151 -9999 -9999 -9999 -9999 -9999 -9999 -9999 0.202 -9999 -9999 -9999 -9999 -9999 -9999 -9999 -9999 -9999 -9999 -9999 -9999 -9999 -9999 -9999 -9999 -9999 -9999 0.387 0.39 0.394 0.394 0.394 0.387 0.377 0.379 0.382 0.386 0.389 0.384 0.378 0.368 0.355 0.343 0.329 0.351 0.378 0.383 0.387 0.387 0.387 0.394 0.402 0.399 0.395 0.394 0.391 0.379 -9999 -9999 -9999 -9999 -9999 -9999 -9999 -9999 -9999 -9999 -9999 -9999 -9999 -9999 -9999 -9999 -9999 -9999
0.16 0.155 0.156 -9999 -9999 -9999 -9999 -9999 -9999 -9999 -9999 -9999 -9999 -9999 -9999 -9999 -9999 -9999 -9999 -9999 -9999 -9999 -9999 -9999 -9999 -9999 -9999 -9999 0.398 0.398 0.392 0.366 0.363 0.358 0.353 0.357 0.357 0.359 0.363 0.372 0.367 0.36 0.353 0.354 0.349 0.352 0.367 0.373 0.379 0.389 0.391 0.391 0.393 0.398 0.395 0.39 0.387 0.383 0.381 -9999 -9999 -9999 -9999 -9999 -9999 -9999 -9999 -9999 -9999 -9999 -9999 -9999 -9999 -9999 -9999 -9999 -9999
0.163 -9999 0.154 0.154 -9999 -9999 -9999 -9999 -9999 -9999 -9999 -9999 -9999 -9999 -9999 -9999 -9999 -9999 -9999 -9999 -9999 -9999 -9999 -9999 -9999 -9999 -9999 -9999 0.385 0.402 0.38 0.354 0.349 0.343 0.344 0.345 0.345 0.346 0.354 0.362 0.357 0.35 0.351 0.352 0.355 0.358 0.363 0.367 0.376 0.386 0.388 0.389 0.392 0.393 0.391 0.387 0.384 0.378 0.377 0.374 0.396 -9999 -9999 -9999 -9999 -9999 -9999 -9999 -9999 -9999 -9999 -9999 -9999 -9999 -9999 -9999 -9999
0.163 -9999 -9999 0.155 -9999 -9999 -9999 -9999 -9999 -9999 -9999 -9999 -9999 -9999 -9999 -9999 -9999 -9999 -9999 -9999 -9999 -9999 -9999 -9999 -9999 -9999 -9999 -9999 0.351 0.364 0.352 0.356 0.352 0.352 0.35 0.343 0.34 0.335 0.337 0.331 0.325 0.32 0.323 0.333 0.341 0.362 0.367 0.371 0.379 0.388 0.379 0.374 0.371 0.369 0.366 0.36 0.366 0.366 0.363 0.359 0.371 0.399 0.409 0.406 -9999 -9999 -9999 -9999 -9999 -9999 -9999 -9999 -9999 -9999 -9999 -9999 -9999
0.167 0.173 -9999 0.154 -9999 -9999 -9999 -9999 -9999 -9999 -9999 -9999 -9999 -9999 -9999 -9999 -9999 -9999 -9999 -9999 -9999 -9999 -9999 -9999 -9999 -9999 -9999 0.351 0.352 0.349 0.35 0.353 0.352 0.352 0.346 0.339 0.333 0.328 0.323 0.316 0.312 0.306 0.314 0.323 0.34 0.361 0.365 0.37 0.377 0.385 0.377 0.366 0.363 0.358 0.354 0.349 0.354 0.359 0.357 0.352 0.364 0.378 0.388 0.393 0.41 0.386 -9999 -9999 -9999 -9999 -9999 -9999 -9999 -9999 -9999 -9999 -9999
0.159 -9999 0.159 -9999 -9999 -9999 -9999 -9999 -9999 -9999 -9999 -9999 -9999 -9999 -9999 -9999 -9999 -9999 -9999 -9999 -9999 -9999 -9999 -9999 -9999 -9999 -9999 -9999 0.348 0.348 0.348 0.346 0.346 0.347 0.339 0.326 0.325 0.333 0.328 0.318 0.319 0.326 0.334 0.341 0.35 0.345 0.351 0.363 0.362 0.365 0.368 0.363 0.364 0.362 0.349 0.339 0.347 0.353 0.364 0.368 0.364 0.369 0.374 0.38 0.384 0.401 0.38 -9999 -9999 -9999 -9999 -9999 -9999 -9999 -9999 -9999 -9999
0.155 0.164 0.151 -9999 -9999 -9999 -9999 -9999 -9999 -9999 -9999 -9999 -9999 -9999 -9999 -9999 -9999 -9999 -9999 -9999 -9999 -9999 -9999 -9999 -9999 -9999 -9999 -9999 -9999 0.341 0.341 0.341 0.341 0.342 0.331 0.318 0.324 0.332 0.325 0.316 0.323 0.331 0.338 0.346 0.342 0.337 0.347 0.358 0.357 0.356 0.358 0.36 0.361 0.361 0.349 0.334 0.341 0.349 0.359 0.371 0.368 0.363 0.369 0.374 0.378 0.382 0.387 0.373 -9999 -9999 -9999 -9999 -9999 -9999 -9999 -9999 -9999
0.157 0.157 -9999 -9999 -9999 -9999 -9999 -9999 -9999 -9999 -9999 -9999 -9999 -9999 -9999 -9999 -9999 -9999 -9999 -9999 -9999 -9999 -9999 -9999 -9999 -9999 -9999 -9999 -9999 0.329 0.323 0.329 0.332 0.335 0.332 0.342 0.338 0.315 0.31 0.307 0.318 0.339 0.343 0.342 0.341 0.343 0.35 0.354 0.35 0.341 0.35 0.355 0.352 0.349 0.352 0.345 0.355 0.366 0.356 0.355 0.364 0.367 0.364 0.365 0.375 0.382 0.39 0.385 0.361 -9999 -9999 -9999 -9999 -9999 -9999 -9999 -9999
0.152 0.152 -9999 -9999 -9999 -9999 -9999 -9999 -9999 -9999 -9999 -9999 -9999 -9999 -9999 -9999 -9999 -9999 -9999 -9999 -9999 -9999 -9999 -9999 -9999 -9999 -9999 -9999 -9999 -9999 0.316 0.319 0.324 0.328 0.338 0.348 0.328 0.306 0.304 0.301 0.319 0.34 0.339 0.338 0.34 0.342 0.346 0.35 0.343 0.333 0.341 0.351 0.348 0.343 0.346 0.347 0.358 0.37 0.361 0.348 0.356 0.366 0.363 0.359 0.369 0.379 0.388 0.398 0.373 -9999 -9999 -9999 -9999 -9999 -9999 -9999 -9999
-9999 -9999 -9999 -9999 -9999 -9999 -9999 -9999 -9999 -9999 -9999 -9999 -9999 -9999 -9999 -9999 -9999 -9999 -9999 -9999 -9999 -9999 -9999 -9999 -9999 -9999 -9999 -9999 -9999 -9999 0.315 0.32 0.318 0.301 0.311 0.325 0.31 0.304 0.303 0.3 0.314 0.327 0.327 0.33 0.338 0.361 0.36 0.348 0.347 0.341 0.338 0.341 0.34 0.336 0.335 0.334 0.34 0.348 0.358 0.357 0.36 0.367 0.368 0.366 0.363 0.367 0.372 0.379 0.381 0.366 -9999 -9999 -9999 -9999 -9999 -9999 -9999
-9999 -9999 -9999 -9999 -9999 -9999 -9999 -9999 -9999 -9999 -9999 -9999 -9999 -9999 -9999 -9999 -9999 -9999 -9999 -9999 -9999 -9999 -9999 -9999 -9999 -9999 -9999 -9999 -9999 -9999 -9999 0.315 0.301 0.284 0.297 0.312 0.307 0.301 0.299 0.297 0.307 0.319 0.321 0.324 0.343 0.365 0.356 0.345 0.344 0.342 0.34 0.336 0.335 0.332 0.331 0.328 0.333 0.339 0.348 0.358 0.361 0.364 0.366 0.366 0.364 0.36 0.365 0.371 0.372 0.373 -9999 -9999 -9999 -9999 -9999 -9999 -9999
-9999 -9999 -9999 -9999 -9999 -9999 -9999 -9999 -9999 -9999 -9999 -9999 -9999 -9999 -9999 -9999 -9999 -9999 -9999 -9999 -9999 -9999 -9999 -9999 -9999 -9999 -9999 -9999 -9999 -9999 -9999 0.3 -9999 0.286 0.293 0.287 0.287 -9999 0.293 0.29 0.299 0.308 0.316 0.333 0.34 0.327 0.323 0.331 0.33 0.328 0.335 0.337 0.33 0.323 0.331 0.333 0.329 0.329 0.343 0.355 0.353 0.352 0.357 0.359 0.359 0.356 0.363 0.37 0.364 0.36 0.375 -9999 -9999 -9999 -9999 -9999 -9999
-9999 -9999 -9999 -9999 -9999 -9999 -9999 -9999 -9999 -9999 -9999 -9999 -9999 -9999 -9999 -9999 -9999 -9999 -9999 -9999 -9999 -9999 -9999 -9999 -9999 -9999 -9999 -9999 -9999 -9999 -9999 -9999 0.281 0.281 -9999 -9999 -9999 -9999 0.287 0.284 0.292 0.302 0.316 0.333 0.323 0.309 0.316 0.323 0.322 0.321 0.328 0.336 0.329 0.319 0.326 0.334 0.331 0.325 0.338 0.353 0.35 0.347 0.351 0.354 0.354 0.353 0.359 0.367 0.363 0.355 0.369 0.386 0.383 -9999 -9999 -9999 -9999
-9999 -9999 -9999 -9999 -9999 -9999 -9999 -9999 -9999 -9999 -9999 -9999 -9999 -9999 -9999 -9999 -9999 -9999 -9999 -9999 -9999 -9999 -9999 -9999 -9999 -9999 -9999 -9999 -9999 -9999 -9999 -9999 0.276 0.272 -9999 -9999 -9999 -9999 0.278 0.292 0.295 0.288 0.299 0.308 0.302 0.306 0.311 0.314 0.31 0.307 0.329 0.345 0.336 0.325 0.318 0.317 0.321 0.32 0.326 0.336 0.346 0.349 0.347 0.347 0.351 0.352 0.358 0.365 0.363 0.358 0.36 0.369 0.381 -9999 -9999 -9999 -9999
-9999 -9999 -9999 -9999 -9999 -9999 -9999 -9999 -9999 -9999 -9999 -9999 -9999 -9999 -9999 -9999 -9999 -9999 -9999 -9999 -9999 -9999 -9999 -9999 -9999 -9999 -9999 -9999 -9999 -9999 -9999 -9999 0.271 -9999 -9999 -9999 -9999 0.27 0.28 0.293 0.288 0.281 0.288 0.296 0.299 0.304 0.306 0.31 0.307 0.302 0.322 0.347 0.339 0.326 0.32 0.31 0.314 0.317 0.323 0.329 0.338 0.349 0.347 0.344 0.347 0.35 0.356 0.363 0.361 0.358 0.361 0.363 -9999 -9999 -9999 -9999 -9999
-9999 -9999 -9999 -9999 -9999 -9999 -9999 -9999 -9999 -9999 -9999 -9999 -9999 -9999 -9999 -9999 -9999 -9999 -9999 -9999 -9999 -9999 -9999 -9999 -9999 -9999 -9999 -9999 -9999 -9999 -9999 -9999 -9999 -9999 -9999 -9999 -9999 0.284 0.291 0.287 0.288 0.292 0.298 0.301 0.303 0.301 0.306 0.313 0.313 0.316 0.315 0.327 0.332 0.328 0.329 0.325 0.32 0.319 0.328 0.336 0.343 0.352 0.348 0.343 0.34 0.34 0.352 0.363 0.363 0.361 0.363 0.365 -9999 -9999 -9999 -9999 -9999
-9999 -9999 -9999 -9999 -9999 -9999 -9999 -9999 -9999 -9999 -9999 -9999 -9999 -9999 -9999 -9999 -9999 -9999 -9999 -9999 -9999 -9999 -9999 -9999 -9999 -9999 -9999 -9999 -9999 -9999 -9999 -9999 -9999 -9999 -9999 -9999 -9999 0.288 0.286 0.282 0.289 0.295 0.298 0.302 0.301 0.3 0.306 0.314 0.317 0.32 0.32 0.32 0.324 0.328 0.329 0.329 0.325 0.319 0.327 0.338 0.344 0.352 0.348 0.342 0.34 0.336 0.348 0.362 0.362 0.361 0.363 0.365 -9999 -9999 -9999 -9999 -9999
-9999 -9999 -9999 -9999 -9999 -9999 -9999 -9999 -9999 -9999 -9999 -9999 -9999 -9999 -9999 -9999 -9999 -9999 -9999 -9999 -9999 -9999 -9999 -9999 -9999 -9999 -9999 -9999 -9999 -9999 -9999 -9999 -9999 -9999 -9999 -9999 0.276 0.263 0.266 0.282 0.287 0.284 0.287 0.29 0.291 0.295 0.299 0.302 0.312 0.319 0.317 0.314 0.318 0.322 0.325 0.327 0.331 0.33 0.331 0.336 0.339 0.344 0.348 0.347 0.346 0.343 0.343 0.35 0.357 0.36 0.355 0.36 0.367 -9999 -9999 -9999 -9999
-9999 -9999 -9999 -9999 -9999 -9999 -9999 -9999 -9999 -9999 -9999 -9999 -9999 -9999 -9999 -9999 -9999 -9999 -9999 -9999 -9999 -9999 -9999 -9999 -9999 -9999 -9999 -9999 -9999 -9999 -9999 -9999 -9999 -9999 -9999 -9999 0.258 0.252 0.265 0.28 0.28 0.279 0.283 0.286 0.289 0.292 0.294 0.296 0.307 0.318 0.316 0.312 0.316 0.32 0.323 0.326 0.33 0.333 0.335 0.335 0.338 0.341 0.345 0.349 0.347 0.344 0.345 0.346 0.352 0.359 0.354 0.347 0.363 -9999 -9999 -9999 -9999
-9999 -9999 -9999 -9999 -9999 -9999 -9999 -9999 -9999 -9999 -9999 -9999 -9999 -9999 -9999 -9999 -9999 -9999 -9999 -9999 -9999 -9999 -9999 -9999 -9999 -9999 -9999 -9999 -9999 -9999 -9999 -9999 -9999 -9999 -9999 0.279 0.273 0.256 0.263 0.261 0.263 0.27 0.278 0.289 0.288 0.275 0.28 0.294 0.307 0.321 0.313 0.306 0.321 0.332 0.331 0.332 0.333 0.336 0.336 0.336 0.336 0.337 0.331 0.329 0.342 0.349 0.351 0.353 0.354 0.358 0.356 0.351 0.356 0.367 -9999 -9999 -9999
-9999 -9999 -9999 -9999 -9999 -9999 -9999 -9999 -9999 -9999 -9999 -9999 -9999 -9999 -9999 -9999 -9999 -9999 -9999 -9999 -9999 -9999 -9999 -9999 -9999 -9999 -9999 -9999 -9999 -9999 -9999 -9999 -9999 -9999 -9999 0.284 0.272 0.257 0.256 0.253 0.259 0.266 0.278 0.29 0.281 0.268 0.279 0.292 0.305 0.321 0.314 0.304 0.318 0.335 0.335 0.334 0.335 0.336 0.336 0.336 0.336 0.335 0.33 0.322 0.334 0.35 0.353 0.356 0.357 0.357 0.356 0.352 0.357 0.362 -9999 -9999 -9999
-9999 -9999 -9999 -9999 -9999 -9999 -9999 -9999 -9999 -9999 -9999 -9999 -9999 -9999 -9999 -9999 -9999 -9999 -9999 -9999 -9999 -9999 -9999 -9999 -9999 -9999 -9999 -9999 -9999 -9999 -9999 -9999 -9999 -9999 -9999 0.281 0.269 0.256 0.254 0.249 0.26 0.285 0.293 0.29 0.289 0.3 0.305 0.296 0.303 0.315 0.315 0.309 0.307 0.314 0.328 0.335 0.329 0.325 0.32 0.316 0.319 0.32 0.327 0.327 0.334 0.346 0.358 0.367 0.355 0.348 0.353 0.354 0.354 0.355 0.36 -9999 -9999
-9999 -9999 -9999 -9999 -9999 -9999 -9999 -9999 -9999 -9999 -9999 -9999 -9999 -9999 -9999 -9999 -9999 -9999 -9999 -9999 -9999 -9999 -9999 -9999 -9999 -9999 -9999 -9999 -9999 -9999 -9999 -9999 -9999 -9999 -9999 -9999 0.265 0.256 0.253 0.248 0.268 0.292 0.291 0.289 0.3 0.312 0.306 0.297 0.304 0.312 0.312 0.31 0.309 0.306 0.319 0.334 0.329 0.321 0.316 0.309 0.312 0.315 0.321 0.329 0.336 0.344 0.356 0.37 0.359 -9999 0.35 -9999 0.355 0.353 0.357 0.368 -9999
-9999 -9999 -9999 -9999 -9999 -9999 -9999 -9999 -9999 -9999 -9999 -9999 -9999 -9999 -9999 -9999 -9999 -9999 -9999 -9999 -9999 -9999 -9999 -9999 -9999 -9999 -9999 -9999 -9999 -9999 -9999 -9999 -9999 -9999 -9999 0.25 0.248 0.254 0.254 0.26 0.278 0.292 0.295 0.3 0.305 0.294 0.292 0.297 0.307 0.325 0.32 0.316 0.327 0.332 0.332 0.34 0.34 0.336 0.331 0.325 0.318 0.315 0.318 0.323 0.333 0.342 0.342 0.347 0.354 0.349 0.354 0.359 -9999 0.348 0.359 0.365 0.378
-9999 -9999 -9999 -9999 -9999 -9999 -9999 -9999 -9999 -9999 -9999 -9999 -9999 -9999 -9999 -9999 -9999 -9999 -9999 -9999 -9999 -9999 -9999 -9999 -9999 -9999 -9999 -9999 -9999 -9999 -9999 -9999 -9999 -9999 -9999 0.233 0.24 0.253 0.259 0.265 0.278 0.292 0.298 0.304 0.297 0.286 0.291 0.297 0.311 0.329 0.324 0.317 0.328 0.34 0.341 0.341 0.341 0.341 0.337 0.331 0.325 0.316 0.319 0.322 0.331 0.342 0.341 0.34 0.345 0.351 0.355 0.36 0.353 -9999 -9999 -9999 -9999
-9999 -9999 -9999 -9999 -9999 -9999 -9999 -9999 -9999 -9999 -9999 -9999 -9999 -9999 -9999 -9999 -9999 -9999 -9999 -9999 -9999 -9999 -9999 -9999 -9999 -9999 -9999 -9999 -9999 -9999 -9999 -9999 -9999 -9999 0.229 0.239 0.25 0.257 0.261 0.261 0.272 0.281 0.285 0.288 0.282 0.279 0.285 0.295 0.305 0.319 0.315 0.308 0.312 0.319 0.318 0.315 0.321 0.323 0.325 0.323 0.336 0.34 0.333 0.331 0.33 0.334 0.33 0.325 0.337 0.347 0.353 0.359 0.365 0.358 0.367 -9999 -9999
-9999 -9999 -9999 -9999 -9999 -9999 -9999 -9999 -9999 -9999 -9999 -9999 -9999 -9999 -9999 -9999 -9999 -9999 -9999 -9999 -9999 -9999 -9999 -9999 -9999 -9999 -9999 -9999 -9999 -9999 -9999 -9999 -9999 -9999 0.241 0.244 0.251 0.259 0.259 0.259 0.268 0.277 0.279 0.281 0.279 0.276 0.284 0.294 0.304 0.315 0.311 0.304 0.308 0.311 0.309 0.306 0.311 0.317 0.319 0.32 0.333 0.348 0.343 0.335 0.334 0.332 0.328 0.322 0.334 0.349 0.355 0.362 0.369 0.375 0.378 0.382 -9999
-9999 -9999 -9999 -9999 -9999 -9999 -9999 -9999 -9999 -9999 -9999 -9999 -9999 -9999 -9999 -9999 -9999 -9999 -9999 -9999 -9999 -9999 -9999 -9999 -9999 -9999 -9999 -9999 -9999 -9999 -9999 -9999 -9999 -9999 -9999 0.241 0.247 0.251 0.256 0.27 0.275 0.273 0.279 0.292 0.288 0.277 0.284 0.29 0.302 0.32 0.315 0.309 0.318 0.325 0.314 0.306 0.307 0.311 0.325 0.334 0.341 0.353 0.347 0.338 0.343 0.346 0.341 0.336 0.337 0.345 0.358 0.368 0.37 0.374 0.368 0.364 0.368
