Validation/Results/ReClimate_11_2023_2_Temperatureweatherlogisticsltd.asc
NCOLS 192
NROWS 249
XLLCENTER -225160.85627316462
YLLCENTER 29788.11610251502
CELLSIZE 5000.0
NODATA_VALUE -9999
[rows 99 to 131 of 249, columns 76 to 151 of 192]
-0.477 -0.462 -0.449 -0.447 -0.446 -0.447 -9999 -9999 -0.465 -0.429 -0.393 -0.395 -0.397 -0.387 -0.385 -0.391 -0.391 -0.403 -0.406 -0.407 -0.415 -0.419 -0.452 -0.432 -0.402 -0.423 -0.432 -0.435 -0.442 -0.44 -0.45 -0.441 -0.446 -0.456 -0.466 -0.466 -0.46 -0.459 -0.45 -0.444 -0.441 -0.452 -0.481 -9999 -9999 -9999 -9999 -9999 -9999 -9999 -9999 -9999 -9999 -9999 -9999 -9999 -9999 -9999 -9999 -9999 -9999 -9999 -9999 -9999 -9999 -9999 -9999 -9999 -9999 -9999 -9999 -9999 -9999 -9999 -9999 -9999
-0.479 -9999 -9999 -0.455 -0.455 -9999 -9999 -9999 -0.453 -0.423 -0.395 -0.393 -0.394 -0.391 -0.389 -0.388 -0.388 -0.388 -0.39 -0.395 -0.402 -0.427 -0.459 -0.434 -0.406 -0.411 -0.419 -0.422 -0.427 -0.434 -0.443 -0.447 -0.453 -0.461 -0.47 -0.465 -0.459 -0.452 -0.444 -0.44 -0.437 -0.46 -0.489 -9999 -9999 -9999 -9999 -9999 -9999 -9999 -9999 -9999 -9999 -9999 -9999 -9999 -9999 -9999 -9999 -9999 -9999 -9999 -9999 -9999 -9999 -9999 -9999 -9999 -9999 -9999 -9999 -9999 -9999 -9999 -9999 -9999
-0.46 -0.453 -0.456 -9999 -9999 -9999 -9999 -0.445 -0.436 -0.416 -0.407 -0.397 -0.375 -0.376 -0.386 -0.381 -0.372 -0.374 -0.382 -0.393 -0.419 -0.437 -0.448 -0.43 -0.418 -0.422 -0.426 -0.429 -0.434 -0.441 -0.446 -0.453 -0.467 -0.47 -0.464 -0.461 -0.461 -0.456 -0.453 -0.452 -0.452 -0.472 -9999 -9999 -9999 -9999 -9999 -9999 -9999 -9999 -9999 -9999 -9999 -9999 -9999 -9999 -9999 -9999 -9999 -9999 -9999 -9999 -9999 -9999 -9999 -9999 -9999 -9999 -9999 -9999 -9999 -9999 -9999 -9999 -9999 -9999
-0.454 -0.455 -0.457 -0.457 -0.459 -9999 -9999 -0.441 -9999 -9999 -0.413 -0.392 -0.371 -0.377 -0.386 -0.378 -0.369 -0.374 -0.381 -0.401 -0.427 -0.434 -0.444 -0.435 -0.424 -0.426 -0.429 -0.433 -0.438 -0.442 -0.448 -0.459 -0.473 -0.468 -0.462 -0.462 -0.463 -0.461 -0.459 -0.459 -0.46 -9999 -9999 -9999 -9999 -9999 -9999 -9999 -9999 -9999 -9999 -9999 -9999 -9999 -9999 -9999 -9999 -9999 -9999 -9999 -9999 -9999 -9999 -9999 -9999 -9999 -9999 -9999 -9999 -9999 -9999 -9999 -9999 -9999 -9999 -9999
-0.448 -0.446 -0.44 -9999 -9999 -9999 -0.452 -0.442 -0.416 -0.407 -0.404 -0.388 -0.379 -0.38 -0.381 -0.373 -0.367 -0.381 -0.413 -0.427 -0.427 -0.433 -0.439 -0.43 -0.418 -0.421 -0.426 -0.432 -0.443 -0.447 -0.453 -0.464 -0.476 -0.471 -0.461 -0.463 -9999 -9999 -0.476 -9999 -9999 -9999 -9999 -9999 -9999 -9999 -9999 -9999 -9999 -9999 -9999 -9999 -9999 -9999 -9999 -9999 -9999 -9999 -9999 -9999 -9999 -9999 -9999 -9999 -9999 -9999 -9999 -9999 -9999 -9999 -9999 -9999 -9999 -9999 -9999 -9999
-0.447 -9999 -0.435 -9999 -9999 -9999 -0.45 -0.433 -0.412 -0.407 -0.404 -0.394 -0.384 -0.381 -0.381 -0.375 -0.369 -0.395 -0.427 -0.427 -0.428 -0.432 -0.438 -0.428 -0.417 -0.421 -0.425 -0.434 -0.445 -0.45 -0.455 -0.465 -0.477 -0.47 -0.461 -9999 -0.473 -0.478 -0.484 -0.475 -9999 -9999 -9999 -9999 -9999 -9999 -9999 -9999 -9999 -9999 -9999 -9999 -9999 -9999 -9999 -9999 -9999 -9999 -9999 -9999 -9999 -9999 -9999 -9999 -9999 -9999 -9999 -9999 -9999 -9999 -9999 -9999 -9999 -9999 -9999 -9999
-9999 -9999 -9999 -9999 -0.43 -0.429 -0.421 -0.409 -0.408 -0.399 -0.385 -0.378 -0.378 -0.381 -0.395 -0.388 -0.376 -0.4 -0.426 -0.429 -0.438 -0.441 -0.441 -0.433 -0.424 -0.425 -0.422 -0.435 -0.457 -0.459 -0.454 -0.462 -0.469 -9999 -0.455 -0.458 -0.46 -0.466 -0.473 -0.476 -9999 -9999 -9999 -9999 -9999 -9999 -9999 -9999 -9999 -9999 -9999 -9999 -9999 -9999 -9999 -9999 -9999 -9999 -9999 -9999 -9999 -9999 -9999 -9999 -9999 -9999 -9999 -9999 -9999 -9999 -9999 -9999 -9999 -9999 -9999 -9999
-9999 -9999 -9999 -9999 -0.426 -0.421 -0.411 -0.41 -0.409 -0.395 -0.381 -0.379 -0.379 -0.389 -0.403 -0.392 -0.381 -0.401 -0.427 -0.433 -0.441 -0.442 -0.443 -0.436 -0.427 -0.425 -0.422 -0.44 -0.462 -0.458 -0.453 -0.459 -0.465 -0.46 -0.453 -0.454 -0.455 -0.461 -0.468 -0.467 -0.464 -9999 -9999 -9999 -9999 -9999 -9999 -9999 -9999 -9999 -9999 -9999 -9999 -9999 -9999 -9999 -9999 -9999 -9999 -9999 -9999 -9999 -9999 -9999 -9999 -9999 -9999 -9999 -9999 -9999 -9999 -9999 -9999 -9999 -9999 -9999
-9999 -9999 -9999 -0.433 -9999 -9999 -0.414 -0.409 -0.398 -0.391 -0.398 -9999 -9999 -0.385 -0.4 -0.391 -0.384 -0.402 -0.421 -0.431 -0.451 -0.45 -0.446 -0.444 -0.446 -0.443 -0.434 -0.442 -0.435 -0.432 -0.434 -0.438 -0.447 -0.441 -0.437 -0.437 -0.437 -0.45 -0.479 -0.482 -0.492 -0.497 -9999 -9999 -9999 -9999 -9999 -9999 -9999 -9999 -9999 -9999 -9999 -9999 -9999 -9999 -9999 -9999 -9999 -9999 -9999 -9999 -9999 -9999 -9999 -9999 -9999 -9999 -9999 -9999 -9999 -9999 -9999 -9999 -9999 -9999
-9999 -9999 -9999 -0.435 -9999 -0.425 -0.416 -0.407 -0.396 -0.4 -0.407 -0.392 -0.377 -0.387 -0.401 -0.394 -0.388 -0.402 -0.42 -0.435 -0.454 -0.451 -0.448 -0.45 -0.454 -0.447 -0.439 -0.433 -0.426 -0.426 -0.427 -0.433 -0.44 -0.436 -0.431 -0.431 -0.431 -0.454 -0.482 -0.491 -0.502 -9999 -9999 -9999 -9999 -9999 -9999 -9999 -9999 -9999 -9999 -9999 -9999 -9999 -9999 -9999 -9999 -9999 -9999 -9999 -9999 -9999 -9999 -9999 -9999 -9999 -9999 -9999 -9999 -9999 -9999 -9999 -9999 -9999 -9999 -9999
-9999 -9999 -9999 -0.437 -9999 -0.423 -0.41 -0.4 -0.392 -0.389 -9999 -0.375 -0.39 -9999 -0.409 -0.403 -0.396 -0.402 -0.399 -0.409 -0.42 -0.421 -0.433 -0.435 -0.439 -0.436 -0.44 -0.437 -0.439 -0.434 -0.416 -0.422 -0.432 -0.429 -0.431 -0.438 -0.461 -9999 -9999 -9999 -9999 -9999 -9999 -9999 -9999 -9999 -9999 -9999 -9999 -9999 -9999 -9999 -9999 -9999 -9999 -9999 -9999 -9999 -9999 -9999 -9999 -9999 -9999 -9999 -9999 -9999 -9999 -9999 -9999 -9999 -9999 -9999 -9999 -9999 -9999 -9999
-9999 -0.452 -0.445 -9999 -9999 -0.412 -0.409 -0.4 -0.392 -0.381 -0.372 -0.383 -0.397 -9999 -0.414 -0.407 -0.4 -0.396 -0.392 -0.398 -0.407 -0.416 -0.428 -0.43 -0.434 -0.437 -0.44 -0.442 -0.445 -0.43 -0.412 -0.42 -0.429 -0.43 -0.431 -0.457 -9999 -9999 -9999 -9999 -9999 -9999 -9999 -9999 -9999 -9999 -9999 -9999 -9999 -9999 -9999 -9999 -9999 -9999 -9999 -9999 -9999 -9999 -9999 -9999 -9999 -9999 -9999 -9999 -9999 -9999 -9999 -9999 -9999 -9999 -9999 -9999 -9999 -9999 -9999 -9999
-0.454 -0.449 -0.44 -9999 -0.414 -0.405 -0.399 -0.389 -9999 -0.368 -0.387 -0.394 -0.396 -9999 -0.389 -0.388 -0.401 -0.394 -0.383 -0.387 -0.392 -0.4 -0.411 -0.413 -0.419 -0.422 -0.426 -9999 -0.429 -0.421 -0.422 -0.431 -0.445 -0.448 -0.454 -9999 -9999 -9999 -9999 -9999 -9999 -9999 -9999 -9999 -9999 -9999 -9999 -9999 -9999 -9999 -9999 -9999 -9999 -9999 -9999 -9999 -9999 -9999 -9999 -9999 -9999 -9999 -9999 -9999 -9999 -9999 -9999 -9999 -9999 -9999 -9999 -9999 -9999 -9999 -9999 -9999
-0.452 -0.444 -9999 -9999 -0.404 -0.399 -0.399 -9999 -0.364 -0.376 -0.394 -0.396 -0.398 -9999 -0.382 -0.391 -0.403 -0.392 -0.381 -0.383 -0.388 -0.395 -0.405 -0.409 -0.414 -0.417 -0.421 -0.422 -0.424 -9999 -9999 -0.438 -0.452 -9999 -9999 -9999 -9999 -9999 -9999 -0.466 -0.469 -0.475 -9999 -9999 -9999 -9999 -9999 -9999 -9999 -9999 -9999 -9999 -9999 -9999 -9999 -9999 -9999 -9999 -9999 -9999 -9999 -9999 -9999 -9999 -9999 -9999 -9999 -9999 -9999 -9999 -9999 -9999 -9999 -9999 -9999 -9999
-0.445 -9999 -9999 -0.426 -0.412 -0.407 -0.402 -9999 -0.384 -0.389 -0.386 -0.392 -0.408 -9999 -9999 -9999 -0.397 -0.388 -0.382 -0.384 -0.387 -0.394 -0.403 -0.413 -0.437 -0.437 -0.425 -0.428 -0.432 -0.428 -0.412 -0.419 -0.424 -9999 -9999 -9999 -9999 -9999 -0.456 -0.46 -0.465 -0.466 -0.455 -9999 -9999 -9999 -9999 -9999 -9999 -9999 -9999 -9999 -9999 -9999 -9999 -9999 -9999 -9999 -9999 -9999 -9999 -9999 -9999 -9999 -9999 -9999 -9999 -9999 -9999 -9999 -9999 -9999 -9999 -9999 -9999 -9999
-0.444 -9999 -9999 -9999 -0.417 -0.411 -0.404 -9999 -0.394 -9999 -0.386 -0.398 -0.414 -9999 -0.383 -0.389 -0.397 -9999 -0.384 -0.385 -0.388 -0.395 -0.403 -0.422 -0.446 -0.438 -0.427 -0.431 -0.436 -0.423 -0.406 -0.406 -0.407 -0.424 -0.446 -0.432 -9999 -0.433 -0.45 -0.453 -0.453 -0.442 -0.427 -0.428 -0.428 -9999 -9999 -9999 -9999 -9999 -9999 -9999 -9999 -9999 -9999 -9999 -9999 -9999 -9999 -9999 -9999 -9999 -9999 -9999 -9999 -9999 -9999 -9999 -9999 -9999 -9999 -9999 -9999 -9999 -9999 -9999
-9999 -9999 -9999 -9999 -0.405 -0.406 -0.42 -9999 -0.418 -9999 -0.403 -0.411 -9999 -0.407 -0.39 -0.394 -0.396 -0.393 -0.398 -0.406 -0.428 -0.431 -0.424 -0.432 -0.424 -0.423 -0.435 -0.435 -0.426 -0.407 -0.381 -0.384 -0.399 -0.407 -0.404 -0.397 -0.407 -0.413 -0.411 -0.413 -0.427 -0.418 -0.419 -0.421 -0.425 -0.394 -0.391 -0.371 -9999 -9999 -9999 -9999 -9999 -9999 -9999 -9999 -9999 -9999 -9999 -9999 -9999 -9999 -9999 -9999 -9999 -9999 -9999 -9999 -9999 -9999 -9999 -9999 -9999 -9999 -9999 -9999
-9999 -9999 -9999 -9999 -0.404 -0.415 -0.429 -0.429 -9999 -9999 -0.412 -0.414 -9999 -0.419 -0.393 -0.395 -0.397 -0.4 -0.404 -0.421 -0.443 -0.438 -0.432 -0.425 -0.416 -0.425 -0.434 -0.425 -0.414 -0.392 -0.366 -0.376 -0.39 -0.385 -0.38 -0.387 -0.395 -0.39 -0.379 -0.387 -0.398 -0.397 -0.397 -0.398 -0.4 -0.378 -0.352 -0.364 -0.344 -9999 -9999 -9999 -9999 -9999 -9999 -9999 -9999 -9999 -9999 -9999 -9999 -9999 -9999 -9999 -9999 -9999 -9999 -9999 -9999 -9999 -9999 -9999 -9999 -9999 -9999 -9999
-9999 -9999 -9999 -9999 -0.413 -0.417 -0.413 -0.413 -9999 -9999 -0.421 -0.427 -9999 -9999 -0.405 -0.404 -0.399 -0.397 -0.385 -0.404 -0.435 -0.425 -0.409 -0.398 -0.384 -0.393 -0.418 -0.409 -0.402 -0.387 -0.381 -0.391 -0.401 -0.395 -0.382 -0.39 -0.399 -0.384 -0.361 -0.364 -0.362 -0.364 -0.376 -0.377 -0.38 -0.356 -0.324 -0.328 -0.333 -9999 -9999 -9999 -9999 -9999 -9999 -9999 -9999 -9999 -9999 -9999 -9999 -9999 -9999 -9999 -9999 -9999 -9999 -9999 -9999 -9999 -9999 -9999 -9999 -9999 -9999 -9999
-9999 -9999 -9999 -9999 -0.418 -0.414 -0.411 -9999 -9999 -9999 -9999 -0.439 -9999 -0.432 -0.41 -0.406 -0.402 -0.392 -0.38 -0.403 -0.432 -0.418 -0.399 -0.382 -0.365 -0.382 -0.406 -0.399 -0.391 -0.386 -0.381 -0.389 -0.398 -0.388 -0.375 -0.38 -0.383 -0.363 -0.34 -0.336 -0.333 -0.34 -0.35 -0.35 -0.352 -0.324 -0.291 -0.292 -0.296 -0.284 -9999 -9999 -9999 -9999 -9999 -9999 -9999 -9999 -9999 -9999 -9999 -9999 -9999 -9999 -9999 -9999 -9999 -9999 -9999 -9999 -9999 -9999 -9999 -9999 -9999 -9999
-9999 -9999 -0.466 -0.455 -0.444 -0.436 -9999 -9999 -0.42 -9999 -9999 -9999 -9999 -0.427 -0.397 -0.393 -0.394 -0.389 -0.393 -0.407 -0.413 -0.4 -0.395 -0.382 -0.376 -0.383 -0.376 -0.366 -0.352 -0.353 -0.37 -0.379 -0.395 -0.381 -0.353 -0.354 -0.361 -0.341 -0.319 -0.312 -0.303 -0.309 -0.318 -0.311 -0.291 -0.269 -0.258 -0.256 -0.249 -0.245 -9999 -9999 -9999 -9999 -9999 -9999 -9999 -9999 -9999 -9999 -9999 -9999 -9999 -9999 -9999 -9999 -9999 -9999 -9999 -9999 -9999 -9999 -9999 -9999 -9999 -9999
-9999 -9999 -9999 -0.464 -0.457 -0.443 -9999 -0.427 -0.427 -0.438 -9999 -9999 -9999 -9999 -0.393 -0.392 -0.392 -0.395 -0.399 -0.401 -0.4 -0.394 -0.388 -0.381 -0.375 -0.366 -0.359 -0.345 -0.33 -0.343 -0.359 -0.371 -0.386 -0.362 -0.33 -0.333 -0.339 -0.319 -0.297 -0.287 -0.277 -0.282 -0.291 -0.272 -0.249 -0.239 -0.229 -0.22 -0.21 -0.199 -0.187 -9999 -9999 -9999 -9999 -9999 -9999 -9999 -9999 -9999 -9999 -9999 -9999 -9999 -9999 -9999 -9999 -9999 -9999 -9999 -9999 -9999 -9999 -9999 -9999 -9999
-9999 -9999 -9999 -0.466 -0.46 -0.45 -9999 -0.446 -0.454 -0.461 -9999 -9999 -9999 -9999 -9999 -0.398 -0.401 -0.398 -0.384 -0.383 -0.389 -0.381 -0.373 -0.366 -0.36 -0.358 -0.37 -0.364 -0.364 -0.364 -0.338 -0.346 -0.348 -0.327 -0.318 -0.313 -0.295 -0.282 -0.283 -0.27 -0.252 -0.253 -0.251 -0.233 -0.215 -0.207 -0.202 -0.192 -0.183 -0.159 -0.146 -0.128 -9999 -9999 -9999 -9999 -9999 -9999 -9999 -9999 -9999 -9999 -9999 -9999 -9999 -9999 -9999 -9999 -9999 -9999 -9999 -9999 -9999 -9999 -9999 -9999
-9999 -9999 -9999 -0.467 -0.463 -9999 -9999 -0.453 -0.465 -0.466 -0.463 -9999 -9999 -9999 -9999 -9999 -0.406 -0.393 -0.374 -0.375 -0.38 -0.37 -0.362 -0.355 -0.349 -0.356 -0.367 -0.367 -0.369 -0.348 -0.324 -0.325 -0.32 -0.31 -0.301 -0.284 -0.267 -0.265 -0.265 -0.248 -0.229 -0.225 -0.222 -0.205 -0.187 -0.18 -0.173 -0.163 -0.153 -0.129 -0.1 -0.087 -0.069 -0.036 -9999 -9999 -9999 -9999 -9999 -9999 -9999 -9999 -9999 -9999 -9999 -9999 -9999 -9999 -9999 -9999 -9999 -9999 -9999 -9999 -9999 -9999
-9999 -9999 -9999 -0.468 -0.466 -9999 -9999 -0.454 -0.455 -0.455 -9999 -9999 -9999 -9999 -9999 -9999 -0.434 -0.41 -0.367 -0.364 -0.358 -0.351 -0.352 -0.346 -0.343 -0.342 -0.332 -0.334 -0.345 -0.325 -0.302 -0.298 -0.303 -0.293 -0.285 -0.267 -0.246 -0.25 -0.267 -0.252 -0.234 -0.229 -0.223 -0.206 -0.182 -0.17 -0.147 -0.137 -0.13 -0.095 -0.061 -0.043 -0.027 -0.013 -9999 -9999 -9999 -9999 -9999 -9999 -9999 -9999 -9999 -9999 -9999 -9999 -9999 -9999 -9999 -9999 -9999 -9999 -9999 -9999 -9999 -9999
-9999 -9999 -9999 -0.471 -0.465 -9999 -9999 -9999 -0.452 -0.453 -0.451 -9999 -9999 -9999 -9999 -9999 -0.44 -0.402 -0.36 -0.352 -0.344 -0.342 -0.341 -0.337 -0.333 -0.321 -0.311 -0.317 -0.328 -0.309 -0.281 -0.281 -0.286 -0.276 -0.268 -0.248 -0.228 -0.239 -0.255 -0.24 -0.221 -0.214 -0.207 -0.187 -0.164 -0.143 -0.12 -0.11 -0.098 -0.063 -0.026 -0.009 0.006 0.018 -9999 -9999 -9999 -9999 -9999 -9999 -9999 -9999 -9999 -9999 -9999 -9999 -9999 -9999 -9999 -9999 -9999 -9999 -9999 -9999 -9999 -9999
-9999 -9999 -0.472 -0.47 -0.443 -9999 -9999 -9999 -9999 -9999 -9999 -9999 -9999 -9999 -9999 -9999 -0.4 -0.368 -0.348 -0.342 -0.345 -0.34 -0.332 -0.327 -0.321 -0.315 -0.32 -0.325 -0.323 -0.307 -0.291 -0.288 -0.276 -0.274 -0.284 -0.264 -0.235 -0.236 -0.224 -0.21 -0.202 -0.191 -0.176 -0.159 -0.148 -0.129 -0.109 -0.092 -0.073 -0.044 -0.012 -0.0 0.01 0.035 0.034 -9999 -9999 -9999 -9999 -9999 -9999 -9999 -9999 -9999 -9999 -9999 -9999 -9999 -9999 -9999 -9999 -9999 -9999 -9999 -9999 -9999
-9999 -0.476 -0.473 -0.456 -0.437 -9999 -9999 -9999 -9999 -9999 -9999 -9999 -9999 -9999 -0.422 -0.404 -0.381 -0.359 -0.337 -0.335 -0.336 -0.328 -0.321 -0.314 -0.308 -0.31 -0.317 -0.315 -0.312 -0.299 -0.284 -0.273 -0.262 -0.269 -0.279 -0.254 -0.224 -0.211 -0.198 -0.188 -0.18 -0.164 -0.148 -0.137 -0.126 -0.107 -0.083 -0.062 -0.046 -0.02 0.007 0.017 0.028 0.053 0.055 -9999 -9999 -9999 -9999 -9999 -9999 -9999 -9999 -9999 -9999 -9999 -9999 -9999 -9999 -9999 -9999 -9999 -9999 -9999 -9999 -9999
-9999 -0.475 -0.466 -0.451 -9999 -9999 -9999 -9999 -9999 -9999 -9999 -9999 -9999 -9999 -0.425 -0.398 -0.371 -0.35 -0.333 -0.328 -0.322 -0.31 -0.292 -0.289 -0.3 -0.302 -0.306 -0.302 -0.291 -0.281 -0.282 -0.273 -0.263 -0.265 -0.256 -0.234 -0.218 -0.206 -0.196 -0.182 -0.16 -0.142 -0.119 -0.106 -0.09 -0.07 -0.054 -0.034 -0.009 0.01 0.022 0.045 0.064 0.069 0.08 -9999 -9999 -9999 -9999 -9999 -9999 -9999 -9999 -9999 -9999 -9999 -9999 -9999 -9999 -9999 -9999 -9999 -9999 -9999 -9999 -9999
-9999 -9999 -9999 -9999 -9999 -9999 -9999 -9999 -9999 -9999 -9999 -9999 -9999 -9999 -0.413 -0.39 -0.363 -0.345 -0.326 -0.317 -0.309 -0.29 -0.272 -0.279 -0.29 -0.29 -0.293 -0.284 -0.269 -0.268 -0.27 -0.261 -0.25 -0.243 -0.234 -0.218 -0.202 -0.191 -0.181 -0.16 -0.137 -0.116 -0.093 -0.076 -0.057 -0.041 -0.03 -0.006 0.017 0.03 0.044 0.066 0.092 0.098 0.098 -9999 -9999 -9999 -9999 -9999 -9999 -9999 -9999 -9999 -9999 -9999 -9999 -9999 -9999 -9999 -9999 -9999 -9999 -9999 -9999 -9999
-9999 -9999 -9999 -9999 -9999 -9999 -9999 -9999 -9999 -9999 -9999 -9999 -9999 -0.421 -0.4 -0.375 -0.353 -0.335 -0.319 -0.313 -0.322 -0.298 -0.262 -0.269 -0.28 -0.281 -0.286 -0.277 -0.267 -0.261 -0.245 -0.237 -0.237 -0.23 -0.218 -0.199 -0.171 -0.163 -0.161 -0.137 -0.102 -0.084 -0.071 -0.055 -0.039 -0.029 -0.028 -0.008 0.017 0.046 0.068 0.079 0.096 0.105 0.11 -9999 -9999 -9999 -9999 -9999 -9999 -9999 -9999 -9999 -9999 -9999 -9999 -9999 -9999 -9999 -9999 -9999 -9999 -9999 -9999 -9999
-9999 -9999 -9999 -9999 -9999 -9999 -9999 -9999 -9999 -9999 -9999 -9999 -9999 -0.409 -0.389 -0.367 -0.344 -0.327 -0.311 -0.314 -0.323 -0.289 -0.253 -0.258 -0.267 -0.268 -0.272 -0.262 -0.252 -0.236 -0.219 -0.217 -0.216 -0.207 -0.195 -0.171 -0.143 -0.14 -0.138 -0.108 -0.073 -0.06 -0.045 -0.03 -0.017 -0.014 -0.015 0.006 0.034 0.061 0.092 0.102 0.112 0.12 0.118 -9999 -9999 -9999 -9999 -9999 -9999 -9999 -9999 -9999 -9999 -9999 -9999 -9999 -9999 -9999 -9999 -9999 -9999 -9999 -9999 -9999
-9999 -9999 -9999 -9999 -9999 -9999 -9999 -9999 -9999 -9999 -9999 -9999 -0.421 -0.4 -0.41 -0.392 -0.376 -0.363 -0.351 -0.344 -0.317 -0.292 -0.277 -0.279 -0.277 -0.267 -0.237 -0.229 -0.23 -0.212 -0.19 -0.181 -0.161 -0.158 -0.17 -0.147 -0.122 -0.119 -0.117 -0.093 -0.078 -0.061 -0.033 -0.02 -0.01 -0.004 0.005 0.025 0.043 0.064 0.091 0.105 0.115 0.124 0.129 0.136 -9999 -9999 -9999 -9999 -9999 -9999 -9999 -9999 -9999 -9999 -9999 -9999 -9999 -9999 -9999 -9999 -9999 -9999 -9999 -9999
