Validation/Results/ReClimate_11_2023_1_Temperature-Actuals.asc
NCOLS 192
NROWS 249
XLLCENTER -225160.85627316462
YLLCENTER 29788.11610251502
CELLSIZE 5000.0
NODATA_VALUE -9999
[rows 102 to 135 of 249, columns 77 to 153 of 192]
3.263 3.232 4.978 5.715 -9999 -9999 4.789 -9999 -9999 4.419 2.469 2.209 3.411 2.618 0.871 2.168 1.322 1.258 1.332 1.722 3.238 2.728 2.071 1.283 1.623 2.356 1.807 2.026 2.982 3.655 3.992 3.859 3.455 2.88 3.588 3.827 3.967 4.18 4.183 4.336 -9999 -9999 -9999 -9999 -9999 -9999 -9999 -9999 -9999 -9999 -9999 -9999 -9999 -9999 -9999 -9999 -9999 -9999 -9999 -9999 -9999 -9999 -9999 -9999 -9999 -9999 -9999 -9999 -9999 -9999 -9999 -9999 -9999 -9999 -9999 -9999 -9999
3.579 4.686 -9999 -9999 -9999 5.3 4.201 4.332 3.853 3.757 2.995 4.341 3.884 2.499 2.357 2.612 2.653 2.626 2.553 2.654 1.993 2.744 2.087 2.188 1.936 1.629 2.151 2.799 3.489 3.986 4.124 3.838 3.302 3.847 4.282 -9999 -9999 4.509 -9999 -9999 -9999 -9999 -9999 -9999 -9999 -9999 -9999 -9999 -9999 -9999 -9999 -9999 -9999 -9999 -9999 -9999 -9999 -9999 -9999 -9999 -9999 -9999 -9999 -9999 -9999 -9999 -9999 -9999 -9999 -9999 -9999 -9999 -9999 -9999 -9999 -9999 -9999
-9999 5.008 -9999 -9999 -9999 4.965 3.915 3.506 3.49 3.95 4.347 3.67 2.665 2.426 2.788 3.042 2.693 2.379 2.886 2.536 3.606 2.893 2.591 3.102 3.375 3.524 3.42 3.779 4.031 4.061 4.098 4.083 4.048 4.369 -9999 4.24 4.343 4.351 4.419 -9999 -9999 -9999 -9999 -9999 -9999 -9999 -9999 -9999 -9999 -9999 -9999 -9999 -9999 -9999 -9999 -9999 -9999 -9999 -9999 -9999 -9999 -9999 -9999 -9999 -9999 -9999 -9999 -9999 -9999 -9999 -9999 -9999 -9999 -9999 -9999 -9999 -9999
-9999 -9999 -9999 5.49 5.003 4.08 3.71 3.201 3.555 3.254 2.709 2.381 2.334 3.183 3.105 3.564 2.454 3.367 2.274 3.635 2.844 1.933 3.266 3.684 3.44 3.655 4.014 4.003 4.305 4.407 4.258 4.344 -9999 4.3 4.214 4.264 4.179 4.373 4.438 -9999 -9999 -9999 -9999 -9999 -9999 -9999 -9999 -9999 -9999 -9999 -9999 -9999 -9999 -9999 -9999 -9999 -9999 -9999 -9999 -9999 -9999 -9999 -9999 -9999 -9999 -9999 -9999 -9999 -9999 -9999 -9999 -9999 -9999 -9999 -9999 -9999 -9999
-9999 -9999 -9999 5.364 5.344 4.626 3.532 3.48 3.648 2.798 3.584 3.547 3.223 2.681 3.948 4.011 3.176 2.49 3.13 3.288 2.2 2.853 2.713 2.388 3.145 3.577 3.718 4.013 4.157 3.948 3.762 3.589 3.743 4.136 4.306 4.055 3.857 4.109 4.265 4.673 -9999 -9999 -9999 -9999 -9999 -9999 -9999 -9999 -9999 -9999 -9999 -9999 -9999 -9999 -9999 -9999 -9999 -9999 -9999 -9999 -9999 -9999 -9999 -9999 -9999 -9999 -9999 -9999 -9999 -9999 -9999 -9999 -9999 -9999 -9999 -9999 -9999
-9999 -9999 5.578 -9999 -9999 4.542 3.707 4.089 3.273 3.672 -9999 -9999 2.962 2.967 3.774 4.156 3.219 3.218 3.404 3.082 3.253 3.941 3.202 3.371 3.608 3.86 3.564 3.114 2.809 2.968 2.999 3.348 3.691 3.817 4.152 3.745 3.855 3.912 4.276 4.701 4.993 -9999 -9999 -9999 -9999 -9999 -9999 -9999 -9999 -9999 -9999 -9999 -9999 -9999 -9999 -9999 -9999 -9999 -9999 -9999 -9999 -9999 -9999 -9999 -9999 -9999 -9999 -9999 -9999 -9999 -9999 -9999 -9999 -9999 -9999 -9999 -9999
-9999 -9999 5.629 -9999 5.238 4.605 4.5 3.557 3.631 4.653 4.707 3.371 2.888 3.706 5.239 3.675 2.542 3.96 3.83 3.405 3.975 4.081 4.107 4.174 4.005 3.11 2.316 2.342 2.824 3.107 3.464 3.638 3.634 3.905 4.039 4.16 4.531 4.879 5.082 5.283 -9999 -9999 -9999 -9999 -9999 -9999 -9999 -9999 -9999 -9999 -9999 -9999 -9999 -9999 -9999 -9999 -9999 -9999 -9999 -9999 -9999 -9999 -9999 -9999 -9999 -9999 -9999 -9999 -9999 -9999 -9999 -9999 -9999 -9999 -9999 -9999 -9999
-9999 -9999 5.681 -9999 5.27 5.214 4.545 4.365 4.841 -9999 3.499 3.757 -9999 3.972 4.001 3.642 4.261 3.202 4.001 4.238 4.561 4.627 4.682 4.638 4.194 3.366 3.788 3.99 3.936 3.686 3.524 3.755 3.84 4.198 4.447 4.801 -9999 -9999 -9999 -9999 -9999 -9999 -9999 -9999 -9999 -9999 -9999 -9999 -9999 -9999 -9999 -9999 -9999 -9999 -9999 -9999 -9999 -9999 -9999 -9999 -9999 -9999 -9999 -9999 -9999 -9999 -9999 -9999 -9999 -9999 -9999 -9999 -9999 -9999 -9999 -9999 -9999
5.757 5.679 -9999 -9999 5.616 5.217 4.776 5.107 5.013 3.449 3.667 2.958 -9999 4.646 3.89 4.236 4.222 4.062 4.082 4.404 4.305 4.134 3.96 4.027 4.308 4.749 4.701 4.528 4.171 3.787 3.723 3.919 4.073 4.245 4.718 -9999 -9999 -9999 -9999 -9999 -9999 -9999 -9999 -9999 -9999 -9999 -9999 -9999 -9999 -9999 -9999 -9999 -9999 -9999 -9999 -9999 -9999 -9999 -9999 -9999 -9999 -9999 -9999 -9999 -9999 -9999 -9999 -9999 -9999 -9999 -9999 -9999 -9999 -9999 -9999 -9999 -9999
5.861 5.814 -9999 5.836 4.699 4.609 5.188 -9999 3.972 4.044 3.097 3.225 -9999 4.343 3.545 4.353 5.067 4.848 4.786 4.462 4.123 3.746 3.201 3.521 4.318 4.681 -9999 4.806 4.525 4.351 4.323 4.308 4.184 4.513 -9999 -9999 -9999 -9999 -9999 -9999 -9999 -9999 -9999 -9999 -9999 -9999 -9999 -9999 -9999 -9999 -9999 -9999 -9999 -9999 -9999 -9999 -9999 -9999 -9999 -9999 -9999 -9999 -9999 -9999 -9999 -9999 -9999 -9999 -9999 -9999 -9999 -9999 -9999 -9999 -9999 -9999 -9999
6.091 -9999 -9999 5.409 4.323 5.007 -9999 4.741 4.336 3.981 3.505 4.114 -9999 5.005 4.693 4.941 5.121 4.88 4.571 4.207 2.876 2.709 2.856 3.339 4.162 4.766 4.954 5.083 -9999 -9999 4.826 4.764 -9999 -9999 -9999 -9999 -9999 -9999 5.263 5.35 5.485 -9999 -9999 -9999 -9999 -9999 -9999 -9999 -9999 -9999 -9999 -9999 -9999 -9999 -9999 -9999 -9999 -9999 -9999 -9999 -9999 -9999 -9999 -9999 -9999 -9999 -9999 -9999 -9999 -9999 -9999 -9999 -9999 -9999 -9999 -9999 -9999
-9999 -9999 5.333 4.888 5.401 4.966 -9999 4.901 4.228 4.549 4.635 4.003 -9999 -9999 -9999 5.257 4.775 4.145 3.995 3.802 3.759 3.925 3.828 3.97 4.079 4.277 4.566 4.9 4.961 4.736 4.62 4.872 -9999 -9999 -9999 -9999 -9999 5.033 5.156 5.039 5.271 5.406 -9999 -9999 -9999 -9999 -9999 -9999 -9999 -9999 -9999 -9999 -9999 -9999 -9999 -9999 -9999 -9999 -9999 -9999 -9999 -9999 -9999 -9999 -9999 -9999 -9999 -9999 -9999 -9999 -9999 -9999 -9999 -9999 -9999 -9999 -9999
-9999 -9999 -9999 5.848 4.767 5.2 -9999 4.945 -9999 5.071 4.343 5.19 -9999 5.546 4.905 4.608 -9999 4.444 4.653 4.586 4.614 4.398 4.299 4.032 3.884 3.918 4.162 4.346 4.049 4.052 4.466 4.696 4.86 4.941 5.13 -9999 5.086 4.926 4.775 4.834 4.656 4.493 4.526 5.384 -9999 -9999 -9999 -9999 -9999 -9999 -9999 -9999 -9999 -9999 -9999 -9999 -9999 -9999 -9999 -9999 -9999 -9999 -9999 -9999 -9999 -9999 -9999 -9999 -9999 -9999 -9999 -9999 -9999 -9999 -9999 -9999 -9999
-9999 -9999 -9999 5.119 4.364 5.312 -9999 5.821 -9999 5.38 5.637 -9999 5.516 4.631 4.077 4.498 4.768 4.842 4.829 5.104 4.956 4.473 4.377 4.07 3.768 3.754 3.807 3.832 3.838 4.018 4.192 4.268 4.307 4.394 4.827 4.921 4.608 4.541 4.439 4.382 3.976 3.725 3.604 4.046 4.878 5.214 5.078 -9999 -9999 -9999 -9999 -9999 -9999 -9999 -9999 -9999 -9999 -9999 -9999 -9999 -9999 -9999 -9999 -9999 -9999 -9999 -9999 -9999 -9999 -9999 -9999 -9999 -9999 -9999 -9999 -9999 -9999
-9999 -9999 -9999 5.113 5.298 5.155 5.27 -9999 -9999 6.19 6.052 -9999 5.595 4.213 3.692 4.269 4.519 4.838 5.067 5.068 4.941 4.994 4.652 4.273 3.983 3.58 3.529 3.569 3.679 3.634 3.516 3.425 3.364 4.062 4.704 4.53 4.249 4.085 3.786 3.05 2.974 3.271 3.289 3.688 3.813 4.498 5.051 4.968 -9999 -9999 -9999 -9999 -9999 -9999 -9999 -9999 -9999 -9999 -9999 -9999 -9999 -9999 -9999 -9999 -9999 -9999 -9999 -9999 -9999 -9999 -9999 -9999 -9999 -9999 -9999 -9999 -9999
-9999 -9999 -9999 5.618 5.371 4.942 6.068 -9999 -9999 6.426 6.496 -9999 -9999 4.284 3.997 4.431 4.332 4.269 4.539 4.674 4.767 4.503 4.63 4.517 4.124 3.818 3.45 3.279 3.1 3.134 2.876 2.889 3.406 3.846 4.006 3.941 3.702 3.36 2.885 2.805 2.826 3.151 3.397 3.706 4.152 4.309 4.375 4.792 -9999 -9999 -9999 -9999 -9999 -9999 -9999 -9999 -9999 -9999 -9999 -9999 -9999 -9999 -9999 -9999 -9999 -9999 -9999 -9999 -9999 -9999 -9999 -9999 -9999 -9999 -9999 -9999 -9999
-9999 -9999 -9999 5.888 5.225 5.496 -9999 -9999 -9999 -9999 6.696 -9999 5.822 4.495 4.576 4.614 4.128 3.944 3.917 4.23 4.268 4.291 4.243 4.282 4.299 3.713 3.282 3.165 3.171 2.954 2.847 3.207 3.412 3.411 3.387 2.981 3.017 3.118 3.2 3.157 3.172 3.381 3.57 3.915 4.249 4.233 4.352 4.728 4.887 -9999 -9999 -9999 -9999 -9999 -9999 -9999 -9999 -9999 -9999 -9999 -9999 -9999 -9999 -9999 -9999 -9999 -9999 -9999 -9999 -9999 -9999 -9999 -9999 -9999 -9999 -9999 -9999
-9999 5.657 5.535 5.29 5.507 -9999 -9999 5.261 -9999 -9999 -9999 -9999 5.985 5.177 4.986 4.704 4.386 4.016 3.798 3.741 3.64 3.634 3.837 4.01 4.081 3.968 3.365 3.267 3.147 3.236 3.553 3.552 3.168 3.172 2.447 2.19 2.632 2.964 3.181 3.48 3.581 3.692 3.682 4.002 4.287 4.31 4.414 4.543 4.668 -9999 -9999 -9999 -9999 -9999 -9999 -9999 -9999 -9999 -9999 -9999 -9999 -9999 -9999 -9999 -9999 -9999 -9999 -9999 -9999 -9999 -9999 -9999 -9999 -9999 -9999 -9999 -9999
-9999 -9999 5.193 5.202 5.74 -9999 5.225 4.559 5.192 -9999 -9999 -9999 -9999 5.912 5.479 5.197 4.815 4.443 4.105 3.695 3.554 3.666 3.834 3.884 3.988 3.628 3.631 3.432 3.257 3.245 3.424 3.152 3.595 3.104 2.943 2.835 2.497 2.725 3.367 3.617 3.884 3.921 3.952 4.173 4.306 4.348 4.38 4.233 4.26 4.692 -9999 -9999 -9999 -9999 -9999 -9999 -9999 -9999 -9999 -9999 -9999 -9999 -9999 -9999 -9999 -9999 -9999 -9999 -9999 -9999 -9999 -9999 -9999 -9999 -9999 -9999 -9999
-9999 -9999 5.615 5.346 5.567 -9999 5.529 4.564 5.362 -9999 -9999 -9999 -9999 -9999 5.848 5.538 5.181 4.914 4.617 4.327 4.049 3.657 3.309 3.409 3.623 3.809 3.883 3.551 3.234 3.319 3.293 3.436 3.637 3.382 3.266 3.286 3.63 3.743 3.943 3.9 4.042 3.935 4.087 4.332 4.398 4.486 4.418 4.272 3.997 4.304 4.886 -9999 -9999 -9999 -9999 -9999 -9999 -9999 -9999 -9999 -9999 -9999 -9999 -9999 -9999 -9999 -9999 -9999 -9999 -9999 -9999 -9999 -9999 -9999 -9999 -9999 -9999
-9999 -9999 5.552 5.239 -9999 -9999 5.953 5.057 4.909 5.833 -9999 -9999 -9999 -9999 -9999 5.719 5.146 4.759 4.619 4.091 3.563 3.273 2.982 3.047 3.327 3.678 3.5 3.514 3.339 3.126 3.23 3.56 2.447 3.033 2.863 3.432 3.113 3.604 4.07 3.845 3.959 4.227 4.311 4.156 4.021 4.093 4.28 4.183 4.412 4.096 4.606 5.104 5.667 -9999 -9999 -9999 -9999 -9999 -9999 -9999 -9999 -9999 -9999 -9999 -9999 -9999 -9999 -9999 -9999 -9999 -9999 -9999 -9999 -9999 -9999 -9999 -9999
-9999 -9999 5.421 6.096 -9999 -9999 5.63 4.67 4.85 -9999 -9999 -9999 -9999 -9999 -9999 5.781 5.173 4.78 4.509 4.048 3.798 3.69 3.409 3.299 3.218 3.26 3.311 3.367 2.716 2.326 3.12 2.385 1.946 2.2 3.06 2.94 3.411 4.078 3.769 3.776 4.02 4.042 4.093 4.134 4.062 4.117 3.78 3.712 4.309 4.282 4.215 4.828 5.39 -9999 -9999 -9999 -9999 -9999 -9999 -9999 -9999 -9999 -9999 -9999 -9999 -9999 -9999 -9999 -9999 -9999 -9999 -9999 -9999 -9999 -9999 -9999 -9999
-9999 -9999 5.888 6.734 -9999 -9999 -9999 5.806 5.594 5.805 -9999 -9999 -9999 -9999 -9999 5.793 5.243 4.852 4.608 4.311 4.137 3.606 2.979 2.738 3.072 2.997 3.406 3.363 2.887 2.782 3.151 2.007 2.381 2.864 2.627 2.95 3.726 3.584 3.802 3.72 3.852 4.131 4.027 3.899 3.962 3.707 2.786 3.106 3.665 4.284 4.234 4.453 5.047 -9999 -9999 -9999 -9999 -9999 -9999 -9999 -9999 -9999 -9999 -9999 -9999 -9999 -9999 -9999 -9999 -9999 -9999 -9999 -9999 -9999 -9999 -9999 -9999
-9999 5.582 5.918 6.693 -9999 -9999 -9999 -9999 -9999 -9999 -9999 -9999 -9999 -9999 -9999 5.44 4.918 4.691 4.476 4.241 4.032 3.409 3.042 2.961 3.135 3.222 3.035 3.096 2.553 2.663 2.154 1.869 2.346 2.872 2.661 2.991 3.167 3.553 3.535 3.79 3.763 3.709 3.905 3.731 3.67 2.887 2.752 2.69 3.658 4.36 4.471 4.468 4.842 5.827 -9999 -9999 -9999 -9999 -9999 -9999 -9999 -9999 -9999 -9999 -9999 -9999 -9999 -9999 -9999 -9999 -9999 -9999 -9999 -9999 -9999 -9999 -9999
5.642 5.66 5.721 6.781 -9999 -9999 -9999 -9999 -9999 -9999 -9999 -9999 -9999 5.917 5.633 5.144 4.614 4.17 3.878 3.954 3.918 3.768 3.565 3.806 3.393 2.697 2.751 2.804 2.824 3.041 2.633 1.954 3.011 2.891 2.901 3.018 3.324 3.576 3.822 3.374 3.428 3.663 3.683 3.519 3.006 2.899 2.884 3.014 3.638 4.46 4.613 4.498 4.817 5.49 -9999 -9999 -9999 -9999 -9999 -9999 -9999 -9999 -9999 -9999 -9999 -9999 -9999 -9999 -9999 -9999 -9999 -9999 -9999 -9999 -9999 -9999 -9999
5.645 6.085 6.764 -9999 -9999 -9999 -9999 -9999 -9999 -9999 -9999 -9999 -9999 5.839 5.541 4.995 4.362 4.003 3.986 3.45 3.112 3.127 3.079 3.307 3.344 3.373 3.187 2.851 3.092 3.387 3.089 2.834 2.38 2.786 2.663 3.17 3.436 3.886 3.518 3.333 3.421 3.457 3.213 2.761 2.59 2.98 3.294 3.607 4.06 4.085 4.088 4.344 4.727 5.333 -9999 -9999 -9999 -9999 -9999 -9999 -9999 -9999 -9999 -9999 -9999 -9999 -9999 -9999 -9999 -9999 -9999 -9999 -9999 -9999 -9999 -9999 -9999
-9999 -9999 -9999 -9999 -9999 -9999 -9999 -9999 -9999 -9999 -9999 -9999 -9999 5.69 5.246 4.451 4.371 4.193 3.912 3.108 2.951 2.438 2.741 3.037 3.363 3.474 3.169 2.199 2.601 3.543 3.549 2.6 2.616 2.842 2.936 2.917 3.474 3.12 2.932 3.106 2.824 2.663 2.427 3.062 3.227 3.32 3.424 3.63 4.282 4.418 4.276 4.397 4.913 5.396 -9999 -9999 -9999 -9999 -9999 -9999 -9999 -9999 -9999 -9999 -9999 -9999 -9999 -9999 -9999 -9999 -9999 -9999 -9999 -9999 -9999 -9999 -9999
-9999 -9999 -9999 -9999 -9999 -9999 -9999 -9999 -9999 -9999 -9999 -9999 5.678 5.001 4.229 4.285 4.026 4.17 3.986 3.699 2.79 2.762 2.701 3.025 3.311 4.028 3.604 3.069 3.185 3.559 3.684 3.381 3.229 3.142 3.015 3.04 2.698 3.224 3.371 3.127 2.874 2.065 2.769 2.782 3.227 3.647 3.54 3.686 3.687 4.274 4.579 4.76 5.076 5.449 -9999 -9999 -9999 -9999 -9999 -9999 -9999 -9999 -9999 -9999 -9999 -9999 -9999 -9999 -9999 -9999 -9999 -9999 -9999 -9999 -9999 -9999 -9999
-9999 -9999 -9999 -9999 -9999 -9999 -9999 -9999 -9999 -9999 -9999 -9999 5.143 4.545 4.112 3.463 3.733 4.138 3.968 3.213 3.586 3.18 3.108 3.456 3.89 4.605 4.368 3.82 3.535 3.6 4.173 3.886 3.712 3.607 3.508 2.888 3.588 3.144 3.402 3.348 2.253 3.103 2.809 3.047 3.525 3.527 3.866 3.805 3.592 3.986 4.444 4.713 5.089 5.523 -9999 -9999 -9999 -9999 -9999 -9999 -9999 -9999 -9999 -9999 -9999 -9999 -9999 -9999 -9999 -9999 -9999 -9999 -9999 -9999 -9999 -9999 -9999
-9999 -9999 -9999 -9999 -9999 -9999 -9999 -9999 -9999 -9999 -9999 5.476 4.692 4.534 3.683 3.842 3.63 2.99 3.328 3.664 3.799 3.453 3.681 3.894 4.003 4.281 4.276 3.994 3.981 4.57 4.521 4.15 3.732 3.698 3.098 3.764 3.506 3.163 3.713 2.891 2.774 3.292 3.531 3.78 3.515 3.594 3.742 3.665 3.985 4.258 4.554 4.784 5.075 5.45 5.822 -9999 -9999 -9999 -9999 -9999 -9999 -9999 -9999 -9999 -9999 -9999 -9999 -9999 -9999 -9999 -9999 -9999 -9999 -9999 -9999 -9999 -9999
-9999 -9999 -9999 -9999 -9999 -9999 -9999 -9999 -9999 -9999 5.545 5.074 4.664 4.515 4.295 4.075 3.548 3.627 3.538 3.262 4.134 4.095 4.062 3.935 3.981 4.176 4.403 4.711 4.841 4.588 4.724 4.366 4.0 3.743 3.872 4.021 3.739 3.719 3.891 3.083 2.881 3.175 3.345 3.502 3.616 3.897 3.925 3.818 4.228 4.41 4.555 4.712 5.038 5.389 5.832 -9999 -9999 -9999 -9999 -9999 -9999 -9999 -9999 -9999 -9999 -9999 -9999 -9999 -9999 -9999 -9999 -9999 -9999 -9999 -9999 -9999 -9999
-9999 -9999 -9999 -9999 -9999 -9999 -9999 -9999 -9999 -9999 5.407 4.125 4.491 4.524 4.477 4.514 4.013 3.123 3.302 4.158 4.322 4.443 4.331 4.202 4.072 3.942 4.821 5.109 4.982 4.957 4.59 4.549 4.153 4.172 4.101 4.251 4.016 4.029 3.688 3.51 3.256 3.24 3.427 3.489 3.914 4.171 4.09 4.106 4.171 4.325 4.582 4.858 4.951 5.206 5.654 -9999 -9999 -9999 -9999 -9999 -9999 -9999 -9999 -9999 -9999 -9999 -9999 -9999 -9999 -9999 -9999 -9999 -9999 -9999 -9999 -9999 -9999
-9999 -9999 -9999 -9999 -9999 -9999 -9999 -9999 -9999 5.831 4.539 4.462 4.411 4.469 4.655 4.737 4.092 3.732 4.031 4.085 4.404 4.516 4.591 4.302 4.034 4.576 4.763 5.001 5.375 4.995 4.906 4.69 4.625 4.45 4.464 4.538 4.432 4.04 4.182 3.843 3.319 3.569 3.59 3.697 3.748 4.083 4.223 4.526 4.313 4.35 4.585 4.89 5.078 5.139 5.451 6.054 -9999 -9999 -9999 -9999 -9999 -9999 -9999 -9999 -9999 -9999 -9999 -9999 -9999 -9999 -9999 -9999 -9999 -9999 -9999 -9999 -9999
-9999 -9999 -9999 -9999 -9999 -9999 -9999 -9999 6.047 -9999 5.09 4.589 4.495 4.523 4.816 5.103 4.788 4.709 4.289 3.905 4.312 4.628 4.703 4.67 4.721 4.82 4.855 5.102 5.299 5.144 5.284 5.142 4.952 4.813 4.872 4.92 4.824 4.648 4.425 4.112 4.117 3.937 3.888 3.844 4.032 4.315 4.8 4.445 4.184 4.45 4.681 4.892 5.101 5.26 5.434 5.835 -9999 -9999 -9999 -9999 -9999 -9999 -9999 -9999 -9999 -9999 -9999 -9999 -9999 -9999 -9999 -9999 -9999 -9999 -9999 -9999 -9999
