Validation/Results/ReClimate_11_2023_1_Temperature-Actuals.asc
NCOLS 192
NROWS 249
XLLCENTER -225160.85627316462
YLLCENTER 29788.11610251502
CELLSIZE 5000.0
NODATA_VALUE -9999
[rows 136 to 169 of 249, columns 77 to 153 of 192]
-9999 -9999 -9999 -9999 -9999 -9999 -9999 -9999 5.879 -9999 5.302 4.993 4.97 4.92 5.108 5.245 5.248 5.122 4.333 4.476 4.408 4.378 4.783 4.829 4.918 4.984 4.608 4.579 -9999 -9999 -9999 -9999 -9999 -9999 5.053 5.192 5.179 4.944 4.83 4.655 4.181 3.939 4.129 4.118 4.106 4.438 4.252 4.201 4.56 4.779 4.968 4.958 5.307 5.432 5.528 5.717 6.129 -9999 -9999 -9999 -9999 -9999 -9999 -9999 -9999 -9999 -9999 -9999 -9999 -9999 -9999 -9999 -9999 -9999 -9999 -9999 -9999
-9999 -9999 -9999 -9999 -9999 -9999 -9999 -9999 5.735 5.655 5.647 5.702 5.44 5.279 5.222 5.257 5.521 5.379 5.102 4.509 4.46 4.466 4.79 4.731 4.76 5.163 4.943 5.429 -9999 -9999 -9999 -9999 5.222 4.974 5.027 5.218 5.295 5.208 5.001 4.348 3.686 3.697 3.881 3.591 4.147 4.052 3.9 4.378 4.312 4.521 4.967 5.035 4.772 5.071 5.37 5.525 6.168 -9999 -9999 -9999 -9999 -9999 -9999 -9999 -9999 -9999 -9999 -9999 -9999 -9999 -9999 -9999 -9999 -9999 -9999 -9999 -9999
6.421 -9999 -9999 -9999 -9999 -9999 -9999 -9999 5.805 6.019 5.933 -9999 -9999 5.728 5.468 5.446 5.554 -9999 5.783 5.559 5.272 5.014 5.04 4.847 5.292 5.66 -9999 -9999 -9999 -9999 -9999 5.661 5.332 5.104 5.099 5.129 5.155 5.156 4.785 4.156 3.266 3.098 3.56 3.341 3.816 3.418 3.668 3.978 3.917 4.41 4.489 4.611 4.67 4.907 5.2 5.418 5.933 -9999 -9999 -9999 -9999 -9999 -9999 -9999 -9999 -9999 -9999 -9999 -9999 -9999 -9999 -9999 -9999 -9999 -9999 -9999 -9999
6.02 -9999 -9999 -9999 -9999 -9999 -9999 -9999 -9999 6.225 6.364 -9999 -9999 -9999 6.001 5.581 5.593 5.836 -9999 -9999 5.85 5.632 5.539 5.313 5.51 -9999 -9999 -9999 -9999 -9999 5.595 5.496 5.235 5.14 5.078 5.008 5.063 4.816 4.595 4.281 3.403 3.22 2.692 3.232 2.879 2.827 3.224 3.528 3.486 3.789 4.303 4.394 4.367 4.769 5.09 5.112 5.443 -9999 -9999 -9999 -9999 -9999 -9999 -9999 -9999 -9999 -9999 -9999 -9999 -9999 -9999 -9999 -9999 -9999 -9999 -9999 -9999
-9999 -9999 -9999 -9999 -9999 -9999 -9999 -9999 -9999 -9999 6.481 -9999 -9999 -9999 -9999 5.959 5.576 5.767 -9999 -9999 -9999 6.056 6.257 -9999 -9999 -9999 -9999 -9999 -9999 -9999 5.617 5.38 5.107 4.861 4.654 4.733 4.8 4.705 4.765 4.427 3.796 2.938 2.846 2.868 2.276 2.524 2.86 3.3 3.223 3.373 3.898 4.291 4.538 4.793 4.951 4.832 5.085 -9999 -9999 -9999 -9999 -9999 -9999 -9999 -9999 -9999 -9999 -9999 -9999 -9999 -9999 -9999 -9999 -9999 -9999 -9999 -9999
-9999 -9999 -9999 -9999 -9999 -9999 -9999 -9999 -9999 -9999 6.297 -9999 -9999 -9999 -9999 -9999 6.061 6.052 -9999 -9999 -9999 -9999 -9999 -9999 -9999 -9999 -9999 -9999 -9999 -9999 5.535 4.946 4.603 4.458 4.349 4.528 4.599 4.599 4.615 4.384 3.94 3.008 2.129 1.716 2.093 2.526 3.404 3.594 3.687 3.899 3.99 4.02 4.477 4.839 4.837 4.646 4.799 5.357 -9999 -9999 -9999 -9999 -9999 -9999 -9999 -9999 -9999 -9999 -9999 -9999 -9999 -9999 -9999 -9999 -9999 -9999 -9999
5.935 6.097 6.526 -9999 -9999 -9999 -9999 -9999 -9999 -9999 6.312 -9999 -9999 -9999 -9999 -9999 -9999 -9999 -9999 -9999 -9999 -9999 -9999 -9999 -9999 -9999 -9999 -9999 -9999 5.673 5.251 4.925 4.916 4.72 4.016 4.436 4.367 4.2 4.435 4.307 4.37 3.146 1.843 1.506 2.337 2.865 2.484 2.444 3.052 3.489 4.265 4.362 4.4 4.565 4.62 4.626 4.659 5.06 5.697 -9999 -9999 -9999 -9999 -9999 -9999 -9999 -9999 -9999 -9999 -9999 -9999 -9999 -9999 -9999 -9999 -9999 -9999
5.798 6.067 6.341 -9999 -9999 -9999 -9999 -9999 -9999 -9999 -9999 -9999 -9999 -9999 -9999 -9999 -9999 -9999 -9999 -9999 -9999 -9999 -9999 -9999 -9999 -9999 -9999 -9999 5.449 5.407 5.145 5.042 4.969 4.613 3.13 3.679 4.409 4.362 4.381 4.627 4.385 3.826 2.632 1.744 2.297 2.528 2.815 3.036 2.975 3.207 3.711 4.411 4.547 4.663 4.648 4.633 4.741 5.114 5.625 -9999 -9999 -9999 -9999 -9999 -9999 -9999 -9999 -9999 -9999 -9999 -9999 -9999 -9999 -9999 -9999 -9999 -9999
5.949 -9999 6.406 6.735 -9999 -9999 -9999 -9999 -9999 -9999 -9999 -9999 -9999 -9999 -9999 -9999 -9999 -9999 -9999 -9999 -9999 -9999 -9999 -9999 -9999 -9999 -9999 -9999 5.358 5.239 5.135 4.295 4.11 4.319 4.529 4.283 3.969 4.184 4.303 4.413 4.589 4.453 3.648 3.12 2.227 2.769 3.124 3.305 3.409 3.666 3.977 4.297 4.412 4.629 4.657 4.693 4.76 5.099 5.613 5.969 6.1 -9999 -9999 -9999 -9999 -9999 -9999 -9999 -9999 -9999 -9999 -9999 -9999 -9999 -9999 -9999 -9999
6.015 -9999 -9999 6.708 -9999 -9999 -9999 -9999 -9999 -9999 -9999 -9999 -9999 -9999 -9999 -9999 -9999 -9999 -9999 -9999 -9999 -9999 -9999 -9999 -9999 -9999 -9999 -9999 5.551 5.311 4.659 3.829 4.888 4.89 4.156 3.673 4.157 4.061 3.819 4.509 4.372 4.648 4.681 3.904 3.381 3.008 3.237 3.463 3.884 4.124 4.447 4.663 4.809 4.77 4.865 4.736 4.864 5.079 5.387 5.252 5.327 5.367 5.671 5.217 -9999 -9999 -9999 -9999 -9999 -9999 -9999 -9999 -9999 -9999 -9999 -9999 -9999
6.004 6.32 -9999 6.758 -9999 -9999 -9999 -9999 -9999 -9999 -9999 -9999 -9999 -9999 -9999 -9999 -9999 -9999 -9999 -9999 -9999 -9999 -9999 -9999 -9999 -9999 -9999 6.33 5.583 5.081 4.035 3.482 3.4 4.039 4.217 4.109 3.817 3.356 4.202 3.631 4.139 4.456 4.61 4.425 4.176 3.732 3.219 3.453 3.894 4.271 4.532 4.748 4.882 5.007 4.972 4.934 4.985 5.135 5.219 5.079 4.358 4.272 4.351 4.522 5.045 4.835 -9999 -9999 -9999 -9999 -9999 -9999 -9999 -9999 -9999 -9999 -9999
6.07 -9999 6.49 -9999 -9999 -9999 -9999 -9999 -9999 -9999 -9999 -9999 -9999 -9999 -9999 -9999 -9999 -9999 -9999 -9999 -9999 -9999 -9999 -9999 -9999 -9999 -9999 -9999 6.136 5.23 3.93 3.635 4.039 2.889 3.468 4.056 3.599 4.013 3.103 3.357 4.044 4.317 4.274 4.317 4.009 2.61 2.888 3.049 3.086 3.447 4.195 4.487 4.719 4.951 5.026 5.012 5.08 5.246 5.333 5.164 4.54 4.152 4.276 4.293 4.348 4.66 4.739 -9999 -9999 -9999 -9999 -9999 -9999 -9999 -9999 -9999 -9999
6.148 6.214 6.422 -9999 -9999 -9999 -9999 -9999 -9999 -9999 -9999 -9999 -9999 -9999 -9999 -9999 -9999 -9999 -9999 -9999 -9999 -9999 -9999 -9999 -9999 -9999 -9999 -9999 -9999 5.812 5.078 5.026 4.002 4.039 4.184 4.692 4.848 3.694 3.659 3.988 4.111 3.825 3.827 4.08 3.248 2.924 2.772 2.359 2.762 3.36 3.644 4.246 4.563 4.883 5.001 4.998 5.097 5.242 4.74 4.514 3.944 3.345 3.538 3.804 4.263 4.288 4.572 5.114 -9999 -9999 -9999 -9999 -9999 -9999 -9999 -9999 -9999
6.38 6.279 -9999 -9999 -9999 -9999 -9999 -9999 -9999 -9999 -9999 -9999 -9999 -9999 -9999 -9999 -9999 -9999 -9999 -9999 -9999 -9999 -9999 -9999 -9999 -9999 -9999 -9999 -9999 6.39 5.792 5.306 4.807 4.296 3.73 4.791 4.339 4.49 4.665 4.609 4.344 3.876 3.064 3.854 3.244 2.673 2.996 3.644 3.793 3.736 3.891 4.097 4.618 4.922 4.994 4.988 4.914 4.678 4.413 4.031 4.086 3.822 3.692 3.613 3.761 4.066 4.238 4.813 5.677 -9999 -9999 -9999 -9999 -9999 -9999 -9999 -9999
6.507 6.772 -9999 -9999 -9999 -9999 -9999 -9999 -9999 -9999 -9999 -9999 -9999 -9999 -9999 -9999 -9999 -9999 -9999 -9999 -9999 -9999 -9999 -9999 -9999 -9999 -9999 -9999 -9999 -9999 5.553 4.919 4.709 4.114 4.697 4.555 4.889 4.986 4.935 4.753 4.486 3.993 4.089 3.021 3.352 3.488 3.346 3.653 3.717 3.592 4.176 4.308 4.684 4.876 5.002 4.984 4.751 4.468 4.318 4.144 3.988 3.95 3.912 3.819 3.835 3.991 4.346 4.65 5.375 -9999 -9999 -9999 -9999 -9999 -9999 -9999 -9999
-9999 -9999 -9999 -9999 -9999 -9999 -9999 -9999 -9999 -9999 -9999 -9999 -9999 -9999 -9999 -9999 -9999 -9999 -9999 -9999 -9999 -9999 -9999 -9999 -9999 -9999 -9999 -9999 -9999 -9999 6.246 4.672 4.838 5.293 4.905 5.106 5.072 5.228 5.062 4.6 4.595 4.6 3.062 3.634 3.473 3.397 3.204 3.827 3.897 4.034 4.137 4.464 4.616 4.892 5.006 4.99 4.811 4.278 4.001 4.144 4.288 4.243 4.181 4.006 3.987 4.06 4.271 4.75 4.967 5.712 -9999 -9999 -9999 -9999 -9999 -9999 -9999
-9999 -9999 -9999 -9999 -9999 -9999 -9999 -9999 -9999 -9999 -9999 -9999 -9999 -9999 -9999 -9999 -9999 -9999 -9999 -9999 -9999 -9999 -9999 -9999 -9999 -9999 -9999 -9999 -9999 -9999 -9999 5.737 5.755 5.324 5.054 5.203 5.148 5.377 5.147 4.84 4.918 4.243 3.441 3.093 3.176 2.866 3.183 3.159 3.401 3.806 3.816 4.122 4.534 4.833 4.961 4.817 4.663 4.56 3.948 3.979 4.514 4.794 4.628 4.502 4.435 4.575 4.748 4.976 5.203 5.355 -9999 -9999 -9999 -9999 -9999 -9999 -9999
-9999 -9999 -9999 -9999 -9999 -9999 -9999 -9999 -9999 -9999 -9999 -9999 -9999 -9999 -9999 -9999 -9999 -9999 -9999 -9999 -9999 -9999 -9999 -9999 -9999 -9999 -9999 -9999 -9999 -9999 -9999 6.258 -9999 5.25 5.404 5.324 5.433 -9999 5.427 5.111 4.987 4.342 3.392 3.377 3.384 2.955 3.154 3.084 2.569 3.237 3.537 3.763 4.111 4.646 4.837 4.738 4.608 4.62 4.693 4.543 4.82 5.007 4.879 4.723 4.709 4.786 4.948 5.039 4.769 4.719 5.064 -9999 -9999 -9999 -9999 -9999 -9999
-9999 -9999 -9999 -9999 -9999 -9999 -9999 -9999 -9999 -9999 -9999 -9999 -9999 -9999 -9999 -9999 -9999 -9999 -9999 -9999 -9999 -9999 -9999 -9999 -9999 -9999 -9999 -9999 -9999 -9999 -9999 -9999 6.105 5.547 -9999 -9999 -9999 -9999 5.686 5.381 5.281 4.751 4.327 3.546 3.427 3.239 3.079 3.68 3.34 2.84 3.48 3.661 4.124 4.502 4.776 4.808 4.787 4.787 4.852 4.876 4.784 4.879 4.76 4.693 4.809 4.817 4.676 4.693 4.787 4.632 4.717 5.055 5.594 -9999 -9999 -9999 -9999
-9999 -9999 -9999 -9999 -9999 -9999 -9999 -9999 -9999 -9999 -9999 -9999 -9999 -9999 -9999 -9999 -9999 -9999 -9999 -9999 -9999 -9999 -9999 -9999 -9999 -9999 -9999 -9999 -9999 -9999 -9999 -9999 6.354 6.055 -9999 -9999 -9999 -9999 5.817 5.283 5.365 5.004 4.349 4.452 4.288 3.557 3.464 3.619 3.766 2.936 3.428 3.703 3.984 4.426 4.838 4.944 4.947 4.969 4.954 4.955 4.912 4.825 4.803 4.792 4.833 4.754 4.575 4.419 4.442 4.547 4.784 5.103 5.609 -9999 -9999 -9999 -9999
-9999 -9999 -9999 -9999 -9999 -9999 -9999 -9999 -9999 -9999 -9999 -9999 -9999 -9999 -9999 -9999 -9999 -9999 -9999 -9999 -9999 -9999 -9999 -9999 -9999 -9999 -9999 -9999 -9999 -9999 -9999 -9999 6.406 -9999 -9999 -9999 -9999 6.038 5.669 5.252 4.592 4.296 4.3 4.301 4.336 3.844 3.449 3.912 3.909 3.834 3.456 3.9 4.166 4.564 4.885 5.081 4.992 4.99 5.022 5.027 5.034 5.004 5.003 4.843 4.52 4.523 4.524 4.577 4.61 4.692 4.899 5.265 -9999 -9999 -9999 -9999 -9999
-9999 -9999 -9999 -9999 -9999 -9999 -9999 -9999 -9999 -9999 -9999 -9999 -9999 -9999 -9999 -9999 -9999 -9999 -9999 -9999 -9999 -9999 -9999 -9999 -9999 -9999 -9999 -9999 -9999 -9999 -9999 -9999 -9999 -9999 -9999 -9999 -9999 6.11 5.531 4.569 3.795 3.521 3.944 4.436 4.368 4.468 4.348 4.435 4.302 4.157 3.964 4.007 4.38 4.693 4.939 5.14 5.094 5.035 5.099 5.135 5.123 5.082 5.046 4.99 4.435 4.126 4.593 4.794 4.945 4.957 5.116 5.337 -9999 -9999 -9999 -9999 -9999
-9999 -9999 -9999 -9999 -9999 -9999 -9999 -9999 -9999 -9999 -9999 -9999 -9999 -9999 -9999 -9999 -9999 -9999 -9999 -9999 -9999 -9999 -9999 -9999 -9999 -9999 -9999 -9999 -9999 -9999 -9999 -9999 -9999 -9999 -9999 -9999 -9999 5.965 5.449 4.705 3.952 3.945 4.364 4.468 4.738 4.7 4.659 4.676 4.632 4.794 4.399 4.379 4.437 4.663 4.896 5.117 5.227 5.141 5.164 5.186 5.186 5.147 5.094 5.079 4.817 4.361 4.57 4.951 5.11 5.167 5.23 5.366 -9999 -9999 -9999 -9999 -9999
-9999 -9999 -9999 -9999 -9999 -9999 -9999 -9999 -9999 -9999 -9999 -9999 -9999 -9999 -9999 -9999 -9999 -9999 -9999 -9999 -9999 -9999 -9999 -9999 -9999 -9999 -9999 -9999 -9999 -9999 -9999 -9999 -9999 -9999 -9999 -9999 6.094 5.816 5.375 4.545 4.036 3.842 4.378 4.407 5.049 4.801 4.827 4.628 4.586 4.471 5.039 5.002 5.102 5.028 5.191 5.115 5.211 5.246 5.175 5.192 5.22 5.198 5.209 5.195 5.126 4.768 4.745 5.051 5.276 5.337 5.332 5.392 5.565 -9999 -9999 -9999 -9999
-9999 -9999 -9999 -9999 -9999 -9999 -9999 -9999 -9999 -9999 -9999 -9999 -9999 -9999 -9999 -9999 -9999 -9999 -9999 -9999 -9999 -9999 -9999 -9999 -9999 -9999 -9999 -9999 -9999 -9999 -9999 -9999 -9999 -9999 -9999 -9999 5.879 5.77 5.499 5.039 4.418 4.987 4.878 5.294 4.82 4.458 4.584 4.441 4.504 4.805 4.636 5.037 5.049 5.021 5.057 5.19 5.182 5.274 5.295 5.247 5.254 5.278 5.311 5.338 5.267 5.135 4.898 5.06 5.326 5.431 5.404 5.406 5.581 -9999 -9999 -9999 -9999
-9999 -9999 -9999 -9999 -9999 -9999 -9999 -9999 -9999 -9999 -9999 -9999 -9999 -9999 -9999 -9999 -9999 -9999 -9999 -9999 -9999 -9999 -9999 -9999 -9999 -9999 -9999 -9999 -9999 -9999 -9999 -9999 -9999 -9999 -9999 6.066 5.809 5.767 5.804 5.376 5.324 5.258 5.437 5.321 4.776 4.711 4.61 4.475 4.499 4.644 5.294 5.078 5.437 5.408 5.303 5.15 5.202 5.239 5.316 5.291 5.271 5.327 5.389 5.409 5.336 5.226 5.082 4.969 5.235 5.506 5.546 5.436 5.48 5.663 -9999 -9999 -9999
-9999 -9999 -9999 -9999 -9999 -9999 -9999 -9999 -9999 -9999 -9999 -9999 -9999 -9999 -9999 -9999 -9999 -9999 -9999 -9999 -9999 -9999 -9999 -9999 -9999 -9999 -9999 -9999 -9999 -9999 -9999 -9999 -9999 -9999 -9999 5.872 5.759 5.788 5.8 5.682 5.549 5.514 5.339 5.095 5.168 4.945 4.5 3.783 3.97 4.221 4.812 5.332 5.332 5.671 5.762 5.528 5.242 5.274 5.335 5.336 5.313 5.362 5.436 5.46 5.425 5.359 5.218 5.086 5.307 5.677 5.78 5.667 5.485 5.505 -9999 -9999 -9999
-9999 -9999 -9999 -9999 -9999 -9999 -9999 -9999 -9999 -9999 -9999 -9999 -9999 -9999 -9999 -9999 -9999 -9999 -9999 -9999 -9999 -9999 -9999 -9999 -9999 -9999 -9999 -9999 -9999 -9999 -9999 -9999 -9999 -9999 -9999 5.949 5.819 5.858 5.944 5.864 5.736 5.458 5.225 5.091 4.77 4.283 3.733 3.746 3.985 4.201 4.702 5.255 5.289 5.336 5.682 5.824 5.7 5.553 5.532 5.471 5.413 5.45 5.473 5.48 5.469 5.431 5.45 5.376 5.492 5.827 5.953 5.829 5.6 5.418 5.459 -9999 -9999
-9999 -9999 -9999 -9999 -9999 -9999 -9999 -9999 -9999 -9999 -9999 -9999 -9999 -9999 -9999 -9999 -9999 -9999 -9999 -9999 -9999 -9999 -9999 -9999 -9999 -9999 -9999 -9999 -9999 -9999 -9999 -9999 -9999 -9999 -9999 -9999 5.842 5.864 5.925 5.833 5.449 5.07 4.851 4.692 4.614 4.404 4.033 4.205 4.222 4.604 5.298 5.527 5.58 5.356 5.606 5.8 5.736 5.694 5.686 5.586 5.518 5.526 5.53 5.493 5.45 5.419 5.411 5.509 5.582 -9999 5.901 -9999 5.644 5.509 5.441 5.758 -9999
-9999 -9999 -9999 -9999 -9999 -9999 -9999 -9999 -9999 -9999 -9999 -9999 -9999 -9999 -9999 -9999 -9999 -9999 -9999 -9999 -9999 -9999 -9999 -9999 -9999 -9999 -9999 -9999 -9999 -9999 -9999 -9999 -9999 -9999 -9999 6.097 5.888 5.868 5.904 5.708 5.195 4.566 4.488 4.627 4.286 4.222 4.394 4.156 3.916 4.281 4.9 5.715 5.604 5.58 5.757 5.786 5.681 5.696 5.684 5.66 5.586 5.558 5.536 5.488 5.43 5.251 5.268 5.38 5.333 5.396 5.604 5.662 -9999 5.635 5.639 5.593 5.91
-9999 -9999 -9999 -9999 -9999 -9999 -9999 -9999 -9999 -9999 -9999 -9999 -9999 -9999 -9999 -9999 -9999 -9999 -9999 -9999 -9999 -9999 -9999 -9999 -9999 -9999 -9999 -9999 -9999 -9999 -9999 -9999 -9999 -9999 -9999 6.143 5.951 5.962 5.843 5.488 5.185 4.813 4.633 4.853 4.792 4.851 4.963 4.477 4.108 4.386 4.916 5.27 5.277 5.326 5.519 5.613 5.503 5.515 5.627 5.657 5.662 5.599 5.54 5.466 5.411 5.346 5.148 5.225 5.233 5.056 5.208 5.44 5.583 -9999 -9999 -9999 -9999
-9999 -9999 -9999 -9999 -9999 -9999 -9999 -9999 -9999 -9999 -9999 -9999 -9999 -9999 -9999 -9999 -9999 -9999 -9999 -9999 -9999 -9999 -9999 -9999 -9999 -9999 -9999 -9999 -9999 -9999 -9999 -9999 -9999 -9999 6.312 6.232 6.063 5.866 5.697 5.654 5.517 5.095 5.302 5.378 5.425 5.497 5.321 4.708 3.981 3.873 4.419 4.817 4.744 5.073 5.469 5.54 5.605 5.518 5.597 5.67 5.691 5.636 5.568 5.483 5.427 5.377 5.286 5.157 5.161 4.976 4.939 5.159 5.42 5.561 5.656 -9999 -9999
-9999 -9999 -9999 -9999 -9999 -9999 -9999 -9999 -9999 -9999 -9999 -9999 -9999 -9999 -9999 -9999 -9999 -9999 -9999 -9999 -9999 -9999 -9999 -9999 -9999 -9999 -9999 -9999 -9999 -9999 -9999 -9999 -9999 -9999 6.383 6.15 6.092 5.944 5.72 5.527 5.688 5.642 5.697 5.74 5.818 5.856 5.614 5.085 4.528 3.731 3.516 4.208 4.352 4.683 5.246 5.37 5.7 5.784 5.623 5.649 5.686 5.65 5.586 5.507 5.453 5.416 5.3 5.215 5.193 5.161 4.815 4.939 5.186 5.398 5.564 5.744 -9999
-9999 -9999 -9999 -9999 -9999 -9999 -9999 -9999 -9999 -9999 -9999 -9999 -9999 -9999 -9999 -9999 -9999 -9999 -9999 -9999 -9999 -9999 -9999 -9999 -9999 -9999 -9999 -9999 -9999 -9999 -9999 -9999 -9999 -9999 -9999 6.24 6.144 6.018 5.753 5.814 5.805 5.847 5.93 6.02 6.235 6.245 5.966 5.512 4.808 4.052 3.341 3.211 3.873 4.415 4.968 5.428 5.498 5.726 5.628 5.561 5.657 5.668 5.6 5.517 5.462 5.394 5.314 5.26 5.256 5.201 5.008 4.879 5.053 5.176 5.365 5.579 5.733
