Validation/Results/ReClimate_08_2024_1_Temperature-Actualsweatherlogisticsltd.asc
NCOLS 192
NROWS 249
XLLCENTER -225160.85627316462
YLLCENTER 29788.11610251502
CELLSIZE 5000.0
NODATA_VALUE -9999
[rows 136 to 169 of 249, columns 75 to 149 of 192]
12.996 -9999 -9999 -9999 -9999 -9999 -9999 -9999 -9999 -9999 13.042 -9999 12.735 12.346 12.447 12.53 12.798 12.953 12.963 12.741 11.712 11.972 12.108 12.272 12.867 12.905 12.91 13.008 12.573 12.49 -9999 -9999 -9999 -9999 -9999 -9999 13.56 13.656 13.619 13.412 13.294 13.099 12.528 12.206 12.462 12.537 12.618 13.064 12.753 12.578 13.017 13.252 13.462 13.493 13.949 14.201 14.185 14.019 14.211 -9999 -9999 -9999 -9999 -9999 -9999 -9999 -9999 -9999 -9999 -9999 -9999 -9999 -9999 -9999 -9999
12.345 13.867 -9999 -9999 -9999 -9999 -9999 -9999 -9999 -9999 12.945 12.909 12.965 13.095 12.876 12.806 12.861 12.959 13.235 12.934 12.528 11.881 12.066 12.342 12.876 12.823 12.769 13.105 12.765 13.236 -9999 -9999 -9999 -9999 13.498 13.538 13.581 13.658 13.707 13.632 13.415 12.664 11.883 11.91 12.147 11.863 12.612 12.533 12.285 12.835 12.747 12.956 13.424 13.555 13.397 13.901 14.104 13.919 14.28 -9999 -9999 -9999 -9999 -9999 -9999 -9999 -9999 -9999 -9999 -9999 -9999 -9999 -9999 -9999 -9999
13.065 13.299 13.686 -9999 -9999 -9999 -9999 -9999 -9999 -9999 12.903 13.137 13.102 -9999 -9999 13.073 12.967 13.066 13.182 -9999 13.222 12.975 12.844 12.773 12.946 12.715 13.099 13.398 -9999 -9999 -9999 -9999 -9999 13.558 13.527 13.509 13.549 13.539 13.535 13.54 13.136 12.417 11.36 11.153 11.704 11.484 12.118 11.661 11.963 12.351 12.277 12.825 12.859 13.047 13.256 13.624 13.894 13.819 14.117 -9999 -9999 -9999 -9999 -9999 -9999 -9999 -9999 -9999 -9999 -9999 -9999 -9999 -9999 -9999 -9999
12.579 12.587 13.445 -9999 -9999 -9999 -9999 -9999 -9999 -9999 -9999 13.192 13.391 -9999 -9999 -9999 13.334 13.074 13.165 13.368 -9999 -9999 13.294 13.207 13.219 12.966 13.03 -9999 -9999 -9999 -9999 -9999 13.381 13.405 13.395 13.429 13.396 13.291 13.349 13.08 12.882 12.574 11.527 11.278 10.621 11.322 10.935 10.845 11.365 11.804 11.768 12.122 12.734 12.924 13.022 13.531 13.827 13.639 13.729 -9999 -9999 -9999 -9999 -9999 -9999 -9999 -9999 -9999 -9999 -9999 -9999 -9999 -9999 -9999 -9999
12.591 13.454 -9999 -9999 -9999 -9999 -9999 -9999 -9999 -9999 -9999 -9999 13.368 -9999 -9999 -9999 -9999 13.332 13.014 13.155 -9999 -9999 -9999 13.482 13.691 -9999 -9999 -9999 -9999 -9999 -9999 -9999 13.401 13.424 13.281 13.017 12.75 12.828 12.942 12.898 13.081 12.766 12.023 10.966 10.866 10.93 10.179 10.433 10.889 11.502 11.448 11.66 12.325 12.89 13.317 13.596 13.725 13.491 13.56 -9999 -9999 -9999 -9999 -9999 -9999 -9999 -9999 -9999 -9999 -9999 -9999 -9999 -9999 -9999 -9999
13.757 -9999 -9999 -9999 -9999 -9999 -9999 -9999 -9999 -9999 -9999 -9999 13.076 -9999 -9999 -9999 -9999 -9999 13.325 13.239 -9999 -9999 -9999 -9999 -9999 -9999 -9999 -9999 -9999 -9999 -9999 -9999 13.446 13.015 12.669 12.403 12.181 12.364 12.564 12.757 12.906 12.717 12.225 11.111 10.069 9.565 9.961 10.454 11.55 11.835 11.998 12.301 12.46 12.56 13.18 13.63 13.596 13.375 13.476 13.929 -9999 -9999 -9999 -9999 -9999 -9999 -9999 -9999 -9999 -9999 -9999 -9999 -9999 -9999 -9999
-9999 13.789 13.771 13.782 14.021 -9999 -9999 -9999 -9999 -9999 -9999 -9999 13.039 -9999 -9999 -9999 -9999 -9999 -9999 -9999 -9999 -9999 -9999 -9999 -9999 -9999 -9999 -9999 -9999 -9999 -9999 13.46 13.184 12.995 12.903 12.472 11.497 12.018 12.183 12.251 12.665 12.646 12.793 11.32 9.761 9.349 10.295 10.87 10.39 10.421 11.201 11.772 12.772 12.948 13.047 13.274 13.36 13.416 13.471 13.875 14.427 -9999 -9999 -9999 -9999 -9999 -9999 -9999 -9999 -9999 -9999 -9999 -9999 -9999 -9999
13.866 13.527 13.622 13.788 13.899 -9999 -9999 -9999 -9999 -9999 -9999 -9999 -9999 -9999 -9999 -9999 -9999 -9999 -9999 -9999 -9999 -9999 -9999 -9999 -9999 -9999 -9999 -9999 -9999 -9999 13.312 13.317 13.105 12.947 12.666 12.137 10.257 10.955 12.162 12.432 12.618 13.037 12.791 12.093 10.679 9.614 10.247 10.468 10.78 11.113 11.088 11.413 12.083 13.003 13.215 13.392 13.428 13.471 13.627 14.034 14.495 -9999 -9999 -9999 -9999 -9999 -9999 -9999 -9999 -9999 -9999 -9999 -9999 -9999 -9999
13.413 13.53 13.784 -9999 13.978 14.072 -9999 -9999 -9999 -9999 -9999 -9999 -9999 -9999 -9999 -9999 -9999 -9999 -9999 -9999 -9999 -9999 -9999 -9999 -9999 -9999 -9999 -9999 -9999 -9999 13.004 13.043 13.034 11.883 11.511 11.726 11.914 11.666 11.614 12.153 12.442 12.656 12.873 12.709 11.746 11.127 10.096 10.739 11.175 11.428 11.6 11.968 12.392 12.835 13.034 13.343 13.448 13.566 13.673 14.03 14.519 14.723 14.702 -9999 -9999 -9999 -9999 -9999 -9999 -9999 -9999 -9999 -9999 -9999 -9999
13.168 13.465 13.748 -9999 -9999 13.999 -9999 -9999 -9999 -9999 -9999 -9999 -9999 -9999 -9999 -9999 -9999 -9999 -9999 -9999 -9999 -9999 -9999 -9999 -9999 -9999 -9999 -9999 -9999 -9999 13.13 13.006 12.355 11.331 12.534 12.495 11.57 11.123 11.925 11.942 11.709 12.534 12.415 12.844 12.915 12.01 11.456 11.058 11.35 11.64 12.147 12.445 12.859 13.176 13.448 13.491 13.693 13.618 13.817 14.056 14.354 14.077 14.067 14.013 14.215 13.705 -9999 -9999 -9999 -9999 -9999 -9999 -9999 -9999 -9999
13.23 13.339 13.662 13.875 -9999 13.925 -9999 -9999 -9999 -9999 -9999 -9999 -9999 -9999 -9999 -9999 -9999 -9999 -9999 -9999 -9999 -9999 -9999 -9999 -9999 -9999 -9999 -9999 -9999 14.062 13.316 12.803 11.687 10.976 10.773 11.509 11.799 11.83 11.58 11.061 12.067 11.351 12.057 12.553 12.805 12.637 12.432 11.956 11.352 11.628 12.139 12.566 12.898 13.208 13.477 13.749 13.809 13.846 13.951 14.118 14.193 14.034 13.183 13.092 13.112 13.168 13.589 13.34 -9999 -9999 -9999 -9999 -9999 -9999 -9999
13.283 13.525 13.731 -9999 13.772 -9999 -9999 -9999 -9999 -9999 -9999 -9999 -9999 -9999 -9999 -9999 -9999 -9999 -9999 -9999 -9999 -9999 -9999 -9999 -9999 -9999 -9999 -9999 -9999 -9999 13.95 13.069 11.672 11.221 11.45 9.911 10.824 11.855 11.384 11.91 10.771 11.042 11.951 12.404 12.436 12.552 12.254 10.629 10.973 11.132 11.177 11.6 12.497 12.9 13.274 13.673 13.869 13.92 14.029 14.215 14.297 14.132 13.468 13.065 13.237 13.206 13.104 13.228 13.275 -9999 -9999 -9999 -9999 -9999 -9999
13.45 13.686 13.767 13.683 13.617 -9999 -9999 -9999 -9999 -9999 -9999 -9999 -9999 -9999 -9999 -9999 -9999 -9999 -9999 -9999 -9999 -9999 -9999 -9999 -9999 -9999 -9999 -9999 -9999 -9999 -9999 13.684 12.997 12.822 11.15 11.01 11.523 12.611 12.909 11.563 11.525 11.929 12.137 11.877 11.932 12.262 11.299 10.966 10.785 10.281 10.799 11.546 11.898 12.665 13.14 13.636 13.876 13.922 14.041 14.196 13.568 13.327 12.731 12.085 12.346 12.659 13.12 12.996 13.151 13.704 -9999 -9999 -9999 -9999 -9999
13.501 13.819 13.85 13.606 -9999 -9999 -9999 -9999 -9999 -9999 -9999 -9999 -9999 -9999 -9999 -9999 -9999 -9999 -9999 -9999 -9999 -9999 -9999 -9999 -9999 -9999 -9999 -9999 -9999 -9999 -9999 14.224 13.736 13.125 12.143 11.363 11.115 12.741 12.266 12.537 12.826 12.803 12.523 12.016 11.032 11.962 11.22 10.558 11.008 11.85 12.066 12.03 12.266 12.581 13.311 13.789 13.958 13.986 13.879 13.547 13.208 12.781 12.919 12.676 12.531 12.397 12.496 12.792 12.933 13.408 14.319 -9999 -9999 -9999 -9999
13.625 13.718 13.571 13.477 -9999 -9999 -9999 -9999 -9999 -9999 -9999 -9999 -9999 -9999 -9999 -9999 -9999 -9999 -9999 -9999 -9999 -9999 -9999 -9999 -9999 -9999 -9999 -9999 -9999 -9999 -9999 -9999 13.353 12.694 12.303 11.583 12.551 12.466 12.946 13.196 13.254 13.072 12.767 12.183 12.262 10.884 11.207 11.412 11.409 11.893 11.984 11.871 12.648 12.902 13.472 13.817 14.05 14.062 13.775 13.4 13.197 13.008 12.866 12.879 12.875 12.765 12.7 12.781 13.162 13.382 14.022 -9999 -9999 -9999 -9999
-9999 -9999 -9999 -9999 -9999 -9999 -9999 -9999 -9999 -9999 -9999 -9999 -9999 -9999 -9999 -9999 -9999 -9999 -9999 -9999 -9999 -9999 -9999 -9999 -9999 -9999 -9999 -9999 -9999 -9999 -9999 -9999 14.098 12.393 12.72 13.355 12.936 13.225 13.256 13.574 13.493 12.977 12.937 12.892 10.992 11.586 11.251 11.2 11.162 12.103 12.224 12.434 12.632 13.123 13.418 13.857 14.084 14.106 13.906 13.263 12.911 13.089 13.29 13.279 13.282 13.171 13.164 13.027 13.1 13.605 13.707 14.421 -9999 -9999 -9999
-9999 -9999 -9999 -9999 -9999 -9999 -9999 -9999 -9999 -9999 -9999 -9999 -9999 -9999 -9999 -9999 -9999 -9999 -9999 -9999 -9999 -9999 -9999 -9999 -9999 -9999 -9999 -9999 -9999 -9999 -9999 -9999 -9999 13.686 14.017 13.658 13.371 13.499 13.42 13.751 13.57 13.245 13.258 12.412 11.449 10.945 10.896 10.535 11.131 11.248 11.606 12.156 12.24 12.698 13.298 13.758 13.996 13.865 13.717 13.635 12.897 12.926 13.59 13.963 13.836 13.789 13.775 13.823 13.809 14.0 14.192 14.204 -9999 -9999 -9999
-9999 -9999 -9999 -9999 -9999 -9999 -9999 -9999 -9999 -9999 -9999 -9999 -9999 -9999 -9999 -9999 -9999 -9999 -9999 -9999 -9999 -9999 -9999 -9999 -9999 -9999 -9999 -9999 -9999 -9999 -9999 -9999 -9999 14.185 -9999 13.763 13.986 13.657 13.664 -9999 13.782 13.433 13.274 12.508 11.402 11.361 11.295 10.814 11.195 11.19 10.627 11.499 11.912 12.259 12.758 13.495 13.853 13.781 13.646 13.731 13.836 13.638 13.983 14.236 14.143 14.027 14.061 14.133 14.226 14.263 13.892 13.71 13.919 -9999 -9999
-9999 -9999 -9999 -9999 -9999 -9999 -9999 -9999 -9999 -9999 -9999 -9999 -9999 -9999 -9999 -9999 -9999 -9999 -9999 -9999 -9999 -9999 -9999 -9999 -9999 -9999 -9999 -9999 -9999 -9999 -9999 -9999 -9999 -9999 14.378 14.054 -9999 -9999 -9999 -9999 14.033 13.734 13.66 13.031 12.587 11.676 11.524 11.342 11.217 11.972 11.591 11.043 11.855 12.125 12.753 13.301 13.832 14.061 14.059 14.023 14.073 14.069 13.959 14.094 13.994 13.975 14.143 14.174 14.005 13.975 14.058 13.83 13.769 13.9 14.235
-9999 -9999 -9999 -9999 -9999 -9999 -9999 -9999 -9999 -9999 -9999 -9999 -9999 -9999 -9999 -9999 -9999 -9999 -9999 -9999 -9999 -9999 -9999 -9999 -9999 -9999 -9999 -9999 -9999 -9999 -9999 -9999 -9999 -9999 14.437 14.369 -9999 -9999 -9999 -9999 14.199 13.714 13.861 13.425 12.666 12.819 12.639 11.804 11.728 11.92 12.125 11.174 11.808 12.167 12.549 13.144 13.815 14.186 14.302 14.294 14.24 14.228 14.166 14.067 14.05 14.063 14.152 14.083 13.885 13.67 13.663 13.8 14.007 14.208 14.432
-9999 -9999 -9999 -9999 -9999 -9999 -9999 -9999 -9999 -9999 -9999 -9999 -9999 -9999 -9999 -9999 -9999 -9999 -9999 -9999 -9999 -9999 -9999 -9999 -9999 -9999 -9999 -9999 -9999 -9999 -9999 -9999 -9999 -9999 14.502 -9999 -9999 -9999 -9999 14.451 14.062 13.678 12.971 12.59 12.585 12.613 12.691 12.139 11.699 12.275 12.308 12.263 11.832 12.387 12.703 13.16 13.595 14.06 14.184 14.274 14.331 14.366 14.384 14.343 14.329 14.122 13.75 13.785 13.796 13.839 13.864 13.969 14.16 14.434 -9999
-9999 -9999 -9999 -9999 -9999 -9999 -9999 -9999 -9999 -9999 -9999 -9999 -9999 -9999 -9999 -9999 -9999 -9999 -9999 -9999 -9999 -9999 -9999 -9999 -9999 -9999 -9999 -9999 -9999 -9999 -9999 -9999 -9999 -9999 -9999 -9999 -9999 -9999 -9999 14.356 13.817 12.83 11.994 11.642 12.132 12.751 12.71 12.871 12.775 12.923 12.784 12.591 12.364 12.435 12.894 13.226 13.513 13.895 14.122 14.238 14.388 14.511 14.558 14.497 14.433 14.336 13.64 13.272 13.825 14.042 14.237 14.27 14.38 14.494 -9999
-9999 -9999 -9999 -9999 -9999 -9999 -9999 -9999 -9999 -9999 -9999 -9999 -9999 -9999 -9999 -9999 -9999 -9999 -9999 -9999 -9999 -9999 -9999 -9999 -9999 -9999 -9999 -9999 -9999 -9999 -9999 -9999 -9999 -9999 -9999 -9999 -9999 -9999 -9999 14.228 13.79 13.034 12.18 12.143 12.628 12.785 13.154 13.138 13.129 13.186 13.129 13.313 12.829 12.82 12.933 13.203 13.479 13.855 14.198 14.284 14.427 14.621 14.639 14.566 14.474 14.415 14.064 13.506 13.747 14.169 14.366 14.474 14.498 14.521 -9999
-9999 -9999 -9999 -9999 -9999 -9999 -9999 -9999 -9999 -9999 -9999 -9999 -9999 -9999 -9999 -9999 -9999 -9999 -9999 -9999 -9999 -9999 -9999 -9999 -9999 -9999 -9999 -9999 -9999 -9999 -9999 -9999 -9999 -9999 -9999 -9999 -9999 -9999 14.342 14.196 13.785 12.873 12.279 11.998 12.634 12.715 13.525 13.236 13.263 12.986 13.001 12.892 13.577 13.541 13.734 13.71 13.944 13.934 14.18 14.347 14.374 14.481 14.664 14.587 14.481 14.38 14.332 13.96 13.936 14.254 14.49 14.594 14.611 14.586 14.646
-9999 -9999 -9999 -9999 -9999 -9999 -9999 -9999 -9999 -9999 -9999 -9999 -9999 -9999 -9999 -9999 -9999 -9999 -9999 -9999 -9999 -9999 -9999 -9999 -9999 -9999 -9999 -9999 -9999 -9999 -9999 -9999 -9999 -9999 -9999 -9999 -9999 -9999 14.302 14.261 13.949 13.451 12.713 13.368 13.245 13.797 13.24 12.81 12.882 12.549 12.724 13.294 13.113 13.607 13.679 13.721 13.827 14.065 14.144 14.318 14.402 14.442 14.535 14.51 14.36 14.299 14.333 14.34 14.104 14.249 14.517 14.654 14.707 14.678 14.694
-9999 -9999 -9999 -9999 -9999 -9999 -9999 -9999 -9999 -9999 -9999 -9999 -9999 -9999 -9999 -9999 -9999 -9999 -9999 -9999 -9999 -9999 -9999 -9999 -9999 -9999 -9999 -9999 -9999 -9999 -9999 -9999 -9999 -9999 -9999 -9999 -9999 14.406 14.342 14.321 14.329 13.866 13.824 13.716 13.942 13.825 13.183 13.127 12.849 12.459 12.702 13.148 13.982 13.7 14.153 14.154 14.084 13.983 14.157 14.258 14.358 14.437 14.486 14.442 14.31 14.258 14.332 14.407 14.32 14.17 14.446 14.788 14.925 14.834 14.765
-9999 -9999 -9999 -9999 -9999 -9999 -9999 -9999 -9999 -9999 -9999 -9999 -9999 -9999 -9999 -9999 -9999 -9999 -9999 -9999 -9999 -9999 -9999 -9999 -9999 -9999 -9999 -9999 -9999 -9999 -9999 -9999 -9999 -9999 -9999 -9999 -9999 14.447 14.302 14.35 14.363 14.245 14.104 14.048 13.844 13.56 13.67 13.424 12.742 11.793 12.169 12.657 13.424 14.011 13.992 14.414 14.581 14.393 14.168 14.294 14.406 14.457 14.512 14.491 14.399 14.369 14.445 14.544 14.443 14.281 14.567 15.043 15.223 15.142 14.896
-9999 -9999 -9999 -9999 -9999 -9999 -9999 -9999 -9999 -9999 -9999 -9999 -9999 -9999 -9999 -9999 -9999 -9999 -9999 -9999 -9999 -9999 -9999 -9999 -9999 -9999 -9999 -9999 -9999 -9999 -9999 -9999 -9999 -9999 -9999 -9999 -9999 14.475 14.402 14.463 14.523 14.451 14.324 13.987 13.727 13.61 13.247 12.652 11.92 11.917 12.262 12.642 13.266 13.866 13.907 14.002 14.48 14.733 14.668 14.563 14.597 14.577 14.561 14.587 14.556 14.536 14.594 14.656 14.72 14.63 14.797 15.232 15.414 15.299 15.071
-9999 -9999 -9999 -9999 -9999 -9999 -9999 -9999 -9999 -9999 -9999 -9999 -9999 -9999 -9999 -9999 -9999 -9999 -9999 -9999 -9999 -9999 -9999 -9999 -9999 -9999 -9999 -9999 -9999 -9999 -9999 -9999 -9999 -9999 -9999 -9999 -9999 -9999 14.464 14.507 14.545 14.455 13.989 13.508 13.269 13.157 13.104 12.835 12.349 12.563 12.632 13.175 14.039 14.245 14.278 14.078 14.469 14.746 14.699 14.684 14.736 14.677 14.64 14.668 14.682 14.666 14.673 14.702 14.707 14.818 14.933 -9999 15.322 -9999 15.099
-9999 -9999 -9999 -9999 -9999 -9999 -9999 -9999 -9999 -9999 -9999 -9999 -9999 -9999 -9999 -9999 -9999 -9999 -9999 -9999 -9999 -9999 -9999 -9999 -9999 -9999 -9999 -9999 -9999 -9999 -9999 -9999 -9999 -9999 -9999 -9999 -9999 14.571 14.52 14.547 14.576 14.35 13.703 12.891 12.81 13.044 12.69 12.603 12.797 12.536 12.307 12.852 13.631 14.543 14.393 14.414 14.698 14.786 14.69 14.72 14.741 14.767 14.736 14.747 14.744 14.728 14.702 14.527 14.566 14.727 14.711 14.792 15.001 15.073 -9999
-9999 -9999 -9999 -9999 -9999 -9999 -9999 -9999 -9999 -9999 -9999 -9999 -9999 -9999 -9999 -9999 -9999 -9999 -9999 -9999 -9999 -9999 -9999 -9999 -9999 -9999 -9999 -9999 -9999 -9999 -9999 -9999 -9999 -9999 -9999 -9999 -9999 14.627 14.586 14.615 14.495 14.095 13.697 13.185 12.964 13.28 13.242 13.323 13.482 12.939 12.549 12.955 13.612 14.008 14.019 14.136 14.41 14.574 14.493 14.539 14.694 14.773 14.848 14.84 14.808 14.753 14.735 14.709 14.509 14.68 14.757 14.572 14.701 14.899 15.026
-9999 -9999 -9999 -9999 -9999 -9999 -9999 -9999 -9999 -9999 -9999 -9999 -9999 -9999 -9999 -9999 -9999 -9999 -9999 -9999 -9999 -9999 -9999 -9999 -9999 -9999 -9999 -9999 -9999 -9999 -9999 -9999 -9999 -9999 -9999 -9999 14.673 14.733 14.642 14.477 14.317 14.306 14.117 13.548 13.793 13.932 13.991 14.083 13.912 13.236 12.362 12.197 12.871 13.414 13.382 13.826 14.34 14.469 14.595 14.533 14.673 14.829 14.932 14.941 14.896 14.817 14.799 14.803 14.769 14.713 14.783 14.545 14.498 14.702 14.925
-9999 -9999 -9999 -9999 -9999 -9999 -9999 -9999 -9999 -9999 -9999 -9999 -9999 -9999 -9999 -9999 -9999 -9999 -9999 -9999 -9999 -9999 -9999 -9999 -9999 -9999 -9999 -9999 -9999 -9999 -9999 -9999 -9999 -9999 -9999 -9999 14.793 14.771 14.707 14.609 14.415 14.228 14.395 14.289 14.342 14.383 14.429 14.445 14.227 13.692 13.028 11.991 11.682 12.595 12.885 13.331 14.043 14.214 14.634 14.779 14.671 14.826 14.998 15.037 14.979 14.872 14.834 14.855 14.799 14.79 14.813 14.769 14.346 14.481 14.731
-9999 -9999 -9999 -9999 -9999 -9999 -9999 -9999 -9999 -9999 -9999 -9999 -9999 -9999 -9999 -9999 -9999 -9999 -9999 -9999 -9999 -9999 -9999 -9999 -9999 -9999 -9999 -9999 -9999 -9999 -9999 -9999 -9999 -9999 -9999 -9999 -9999 14.908 14.86 14.834 14.628 14.693 14.611 14.597 14.664 14.715 14.879 14.865 14.627 14.215 13.403 12.476 11.565 11.426 12.298 12.993 13.671 14.215 14.27 14.58 14.604 14.716 14.959 15.047 15.009 14.896 14.84 14.818 14.785 14.78 14.827 14.766 14.476 14.338 14.564
