Validation/Results/ReClimate_10_2023_2_Temperature-Actuals.asc
NCOLS 192
NROWS 249
XLLCENTER -225160.85627316462
YLLCENTER 29788.11610251502
CELLSIZE 5000.0
NODATA_VALUE -9999
[rows 102 to 135 of 249, columns 77 to 153 of 192]
3.157 3.113 4.842 5.568 -9999 -9999 4.661 -9999 -9999 4.248 2.301 2.046 3.235 2.427 0.675 1.966 1.139 1.1 1.154 1.52 3.033 2.52 1.877 1.105 1.446 2.182 1.626 1.839 2.799 3.479 3.819 3.693 3.291 2.721 3.468 3.755 3.899 4.116 4.109 4.251 -9999 -9999 -9999 -9999 -9999 -9999 -9999 -9999 -9999 -9999 -9999 -9999 -9999 -9999 -9999 -9999 -9999 -9999 -9999 -9999 -9999 -9999 -9999 -9999 -9999 -9999 -9999 -9999 -9999 -9999 -9999 -9999 -9999 -9999 -9999 -9999 -9999
3.473 4.571 -9999 -9999 -9999 5.149 4.06 4.172 3.674 3.573 2.813 4.164 3.697 2.31 2.159 2.399 2.454 2.442 2.362 2.48 1.808 2.532 1.882 1.988 1.742 1.458 1.965 2.583 3.278 3.789 3.927 3.642 3.117 3.695 4.163 -9999 -9999 4.424 -9999 -9999 -9999 -9999 -9999 -9999 -9999 -9999 -9999 -9999 -9999 -9999 -9999 -9999 -9999 -9999 -9999 -9999 -9999 -9999 -9999 -9999 -9999 -9999 -9999 -9999 -9999 -9999 -9999 -9999 -9999 -9999 -9999 -9999 -9999 -9999 -9999 -9999 -9999
-9999 4.899 -9999 -9999 -9999 4.809 3.75 3.335 3.313 3.767 4.166 3.491 2.484 2.242 2.59 2.829 2.488 2.187 2.708 2.374 3.422 2.683 2.382 2.896 3.186 3.357 3.227 3.555 3.816 3.859 3.894 3.879 3.869 4.223 -9999 4.145 4.249 4.259 4.329 -9999 -9999 -9999 -9999 -9999 -9999 -9999 -9999 -9999 -9999 -9999 -9999 -9999 -9999 -9999 -9999 -9999 -9999 -9999 -9999 -9999 -9999 -9999 -9999 -9999 -9999 -9999 -9999 -9999 -9999 -9999 -9999 -9999 -9999 -9999 -9999 -9999 -9999
-9999 -9999 -9999 5.359 4.858 3.929 3.546 3.014 3.365 3.07 2.522 2.185 2.135 2.986 2.897 3.351 2.252 3.188 2.102 3.464 2.656 1.735 3.067 3.478 3.242 3.459 3.795 3.767 4.074 4.183 4.033 4.13 -9999 4.1 4.044 4.154 4.075 4.285 4.349 -9999 -9999 -9999 -9999 -9999 -9999 -9999 -9999 -9999 -9999 -9999 -9999 -9999 -9999 -9999 -9999 -9999 -9999 -9999 -9999 -9999 -9999 -9999 -9999 -9999 -9999 -9999 -9999 -9999 -9999 -9999 -9999 -9999 -9999 -9999 -9999 -9999 -9999
-9999 -9999 -9999 5.229 5.21 4.482 3.367 3.292 3.463 2.618 3.395 3.349 3.025 2.484 3.745 3.803 2.984 2.318 2.958 3.116 2.02 2.663 2.517 2.184 2.94 3.373 3.498 3.777 3.923 3.719 3.538 3.374 3.526 3.918 4.134 3.941 3.756 4.024 4.179 4.59 -9999 -9999 -9999 -9999 -9999 -9999 -9999 -9999 -9999 -9999 -9999 -9999 -9999 -9999 -9999 -9999 -9999 -9999 -9999 -9999 -9999 -9999 -9999 -9999 -9999 -9999 -9999 -9999 -9999 -9999 -9999 -9999 -9999 -9999 -9999 -9999 -9999
-9999 -9999 5.466 -9999 -9999 4.383 3.529 3.895 3.08 3.482 -9999 -9999 2.768 2.751 3.558 3.953 3.019 3.008 3.189 2.865 3.031 3.727 2.975 3.125 3.36 3.615 3.311 2.869 2.57 2.748 2.784 3.137 3.488 3.644 4.012 3.624 3.742 3.806 4.173 4.615 4.903 -9999 -9999 -9999 -9999 -9999 -9999 -9999 -9999 -9999 -9999 -9999 -9999 -9999 -9999 -9999 -9999 -9999 -9999 -9999 -9999 -9999 -9999 -9999 -9999 -9999 -9999 -9999 -9999 -9999 -9999 -9999 -9999 -9999 -9999 -9999 -9999
-9999 -9999 5.521 -9999 5.093 4.445 4.324 3.365 3.44 4.464 4.524 3.195 2.693 3.489 5.03 3.478 2.333 3.74 3.605 3.176 3.75 3.862 3.87 3.918 3.749 2.855 2.065 2.099 2.595 2.896 3.255 3.434 3.452 3.753 3.9 4.038 4.413 4.766 4.981 5.195 -9999 -9999 -9999 -9999 -9999 -9999 -9999 -9999 -9999 -9999 -9999 -9999 -9999 -9999 -9999 -9999 -9999 -9999 -9999 -9999 -9999 -9999 -9999 -9999 -9999 -9999 -9999 -9999 -9999 -9999 -9999 -9999 -9999 -9999 -9999 -9999 -9999
-9999 -9999 5.577 -9999 5.12 5.037 4.355 4.17 4.644 -9999 3.302 3.562 -9999 3.732 3.768 3.423 4.035 2.979 3.773 4.006 4.328 4.392 4.432 4.375 3.931 3.108 3.534 3.744 3.701 3.465 3.301 3.524 3.637 4.043 4.3 4.659 -9999 -9999 -9999 -9999 -9999 -9999 -9999 -9999 -9999 -9999 -9999 -9999 -9999 -9999 -9999 -9999 -9999 -9999 -9999 -9999 -9999 -9999 -9999 -9999 -9999 -9999 -9999 -9999 -9999 -9999 -9999 -9999 -9999 -9999 -9999 -9999 -9999 -9999 -9999 -9999 -9999
5.666 5.59 -9999 -9999 5.458 5.039 4.592 4.916 4.818 3.251 3.468 2.76 -9999 4.403 3.655 4.013 4.001 3.843 3.857 4.175 4.072 3.898 3.712 3.767 4.05 4.495 4.451 4.286 3.938 3.568 3.495 3.683 3.874 4.091 4.561 -9999 -9999 -9999 -9999 -9999 -9999 -9999 -9999 -9999 -9999 -9999 -9999 -9999 -9999 -9999 -9999 -9999 -9999 -9999 -9999 -9999 -9999 -9999 -9999 -9999 -9999 -9999 -9999 -9999 -9999 -9999 -9999 -9999 -9999 -9999 -9999 -9999 -9999 -9999 -9999 -9999 -9999
5.77 5.718 -9999 5.711 4.559 4.445 5.028 -9999 3.81 3.844 2.893 3.019 -9999 4.115 3.316 4.109 4.828 4.629 4.56 4.232 3.889 3.509 2.954 3.264 4.065 4.438 -9999 4.56 4.282 4.103 4.074 4.076 3.982 4.343 -9999 -9999 -9999 -9999 -9999 -9999 -9999 -9999 -9999 -9999 -9999 -9999 -9999 -9999 -9999 -9999 -9999 -9999 -9999 -9999 -9999 -9999 -9999 -9999 -9999 -9999 -9999 -9999 -9999 -9999 -9999 -9999 -9999 -9999 -9999 -9999 -9999 -9999 -9999 -9999 -9999 -9999 -9999
5.99 -9999 -9999 5.296 4.193 4.863 -9999 4.615 4.177 3.785 3.304 3.908 -9999 4.789 4.462 4.694 4.887 4.666 4.35 3.981 2.646 2.477 2.614 3.089 3.919 4.533 4.715 4.84 -9999 -9999 4.584 4.537 -9999 -9999 -9999 -9999 -9999 -9999 5.125 5.216 5.364 -9999 -9999 -9999 -9999 -9999 -9999 -9999 -9999 -9999 -9999 -9999 -9999 -9999 -9999 -9999 -9999 -9999 -9999 -9999 -9999 -9999 -9999 -9999 -9999 -9999 -9999 -9999 -9999 -9999 -9999 -9999 -9999 -9999 -9999 -9999 -9999
-9999 -9999 5.228 4.776 5.278 4.85 -9999 4.771 4.075 4.39 4.47 3.83 -9999 -9999 -9999 5.021 4.544 3.911 3.761 3.581 3.528 3.673 3.569 3.707 3.815 4.011 4.298 4.643 4.704 4.491 4.392 4.675 -9999 -9999 -9999 -9999 -9999 4.871 5.002 4.892 5.13 5.269 -9999 -9999 -9999 -9999 -9999 -9999 -9999 -9999 -9999 -9999 -9999 -9999 -9999 -9999 -9999 -9999 -9999 -9999 -9999 -9999 -9999 -9999 -9999 -9999 -9999 -9999 -9999 -9999 -9999 -9999 -9999 -9999 -9999 -9999 -9999
-9999 -9999 -9999 5.739 4.662 5.101 -9999 4.816 -9999 4.93 4.194 5.033 -9999 5.371 4.705 4.381 -9999 4.208 4.426 4.372 4.381 4.145 4.04 3.768 3.615 3.644 3.895 4.089 3.8 3.815 4.253 4.513 4.67 4.752 4.933 -9999 4.892 4.749 4.607 4.684 4.508 4.349 4.391 5.256 -9999 -9999 -9999 -9999 -9999 -9999 -9999 -9999 -9999 -9999 -9999 -9999 -9999 -9999 -9999 -9999 -9999 -9999 -9999 -9999 -9999 -9999 -9999 -9999 -9999 -9999 -9999 -9999 -9999 -9999 -9999 -9999 -9999
-9999 -9999 -9999 5.02 4.259 5.187 -9999 5.674 -9999 5.214 5.461 -9999 5.33 4.43 3.856 4.269 4.524 4.569 4.553 4.813 4.658 4.199 4.1 3.8 3.496 3.486 3.538 3.553 3.577 3.799 3.978 4.031 4.07 4.181 4.607 4.708 4.397 4.335 4.239 4.186 3.775 3.515 3.397 3.849 4.759 5.087 4.948 -9999 -9999 -9999 -9999 -9999 -9999 -9999 -9999 -9999 -9999 -9999 -9999 -9999 -9999 -9999 -9999 -9999 -9999 -9999 -9999 -9999 -9999 -9999 -9999 -9999 -9999 -9999 -9999 -9999 -9999
-9999 -9999 -9999 5.021 5.188 5.025 5.129 -9999 -9999 6.019 5.872 -9999 5.396 4.006 3.476 4.044 4.268 4.558 4.77 4.754 4.644 4.718 4.379 4.006 3.718 3.319 3.258 3.287 3.429 3.425 3.286 3.171 3.125 3.843 4.487 4.316 4.036 3.874 3.574 2.84 2.753 3.039 3.059 3.463 3.631 4.377 4.918 4.811 -9999 -9999 -9999 -9999 -9999 -9999 -9999 -9999 -9999 -9999 -9999 -9999 -9999 -9999 -9999 -9999 -9999 -9999 -9999 -9999 -9999 -9999 -9999 -9999 -9999 -9999 -9999 -9999 -9999
-9999 -9999 -9999 5.507 5.247 4.826 5.938 -9999 -9999 6.26 6.321 -9999 -9999 4.073 3.774 4.192 4.067 3.98 4.234 4.356 4.463 4.217 4.34 4.22 3.83 3.542 3.164 2.985 2.832 2.89 2.617 2.628 3.155 3.607 3.763 3.692 3.453 3.12 2.65 2.591 2.593 2.883 3.133 3.459 3.94 4.136 4.197 4.624 -9999 -9999 -9999 -9999 -9999 -9999 -9999 -9999 -9999 -9999 -9999 -9999 -9999 -9999 -9999 -9999 -9999 -9999 -9999 -9999 -9999 -9999 -9999 -9999 -9999 -9999 -9999 -9999 -9999
-9999 -9999 -9999 5.766 5.11 5.384 -9999 -9999 -9999 -9999 6.52 -9999 5.624 4.288 4.353 4.376 3.867 3.659 3.619 3.918 3.967 4.007 3.949 3.979 4.006 3.436 2.997 2.873 2.896 2.701 2.59 2.947 3.159 3.168 3.136 2.722 2.764 2.871 2.968 2.945 2.93 3.105 3.304 3.665 4.025 4.043 4.17 4.555 4.709 -9999 -9999 -9999 -9999 -9999 -9999 -9999 -9999 -9999 -9999 -9999 -9999 -9999 -9999 -9999 -9999 -9999 -9999 -9999 -9999 -9999 -9999 -9999 -9999 -9999 -9999 -9999 -9999
-9999 5.503 5.383 5.135 5.355 -9999 -9999 5.108 -9999 -9999 -9999 -9999 5.786 4.969 4.764 4.467 4.125 3.728 3.502 3.452 3.357 3.355 3.55 3.721 3.792 3.665 3.056 2.963 2.85 2.939 3.25 3.248 2.868 2.879 2.152 1.913 2.365 2.722 2.949 3.254 3.336 3.446 3.433 3.726 4.039 4.109 4.217 4.353 4.491 -9999 -9999 -9999 -9999 -9999 -9999 -9999 -9999 -9999 -9999 -9999 -9999 -9999 -9999 -9999 -9999 -9999 -9999 -9999 -9999 -9999 -9999 -9999 -9999 -9999 -9999 -9999 -9999
-9999 -9999 5.041 5.038 5.583 -9999 5.074 4.411 5.023 -9999 -9999 -9999 -9999 5.709 5.263 4.966 4.56 4.16 3.825 3.421 3.28 3.395 3.559 3.606 3.695 3.32 3.324 3.129 2.95 2.937 3.111 2.838 3.283 2.799 2.648 2.557 2.237 2.49 3.134 3.391 3.656 3.692 3.7 3.893 4.061 4.148 4.182 4.04 4.071 4.527 -9999 -9999 -9999 -9999 -9999 -9999 -9999 -9999 -9999 -9999 -9999 -9999 -9999 -9999 -9999 -9999 -9999 -9999 -9999 -9999 -9999 -9999 -9999 -9999 -9999 -9999 -9999
-9999 -9999 5.459 5.181 5.41 -9999 5.377 4.382 5.161 -9999 -9999 -9999 -9999 -9999 5.605 5.259 4.884 4.616 4.319 4.031 3.755 3.377 3.027 3.134 3.331 3.496 3.566 3.226 2.902 2.984 2.963 3.132 3.333 3.074 2.969 3.009 3.354 3.448 3.653 3.634 3.772 3.666 3.802 4.051 4.137 4.231 4.166 4.04 3.787 4.13 4.734 -9999 -9999 -9999 -9999 -9999 -9999 -9999 -9999 -9999 -9999 -9999 -9999 -9999 -9999 -9999 -9999 -9999 -9999 -9999 -9999 -9999 -9999 -9999 -9999 -9999 -9999
-9999 -9999 5.405 5.08 -9999 -9999 5.798 4.866 4.716 5.653 -9999 -9999 -9999 -9999 -9999 5.428 4.851 4.463 4.321 3.792 3.273 2.996 2.707 2.778 3.039 3.37 3.183 3.187 3.006 2.788 2.912 3.267 2.149 2.731 2.574 3.161 2.822 3.293 3.774 3.57 3.681 3.948 4.032 3.881 3.747 3.823 4.022 3.941 4.191 3.903 4.454 4.967 5.559 -9999 -9999 -9999 -9999 -9999 -9999 -9999 -9999 -9999 -9999 -9999 -9999 -9999 -9999 -9999 -9999 -9999 -9999 -9999 -9999 -9999 -9999 -9999 -9999
-9999 -9999 5.284 5.95 -9999 -9999 5.475 4.496 4.674 -9999 -9999 -9999 -9999 -9999 -9999 5.48 4.866 4.469 4.196 3.745 3.501 3.404 3.12 3.007 2.916 2.969 3.01 3.056 2.399 2.0 2.804 2.071 1.632 1.902 2.768 2.65 3.096 3.728 3.436 3.477 3.713 3.724 3.776 3.831 3.759 3.82 3.49 3.434 4.059 4.066 4.036 4.689 5.265 -9999 -9999 -9999 -9999 -9999 -9999 -9999 -9999 -9999 -9999 -9999 -9999 -9999 -9999 -9999 -9999 -9999 -9999 -9999 -9999 -9999 -9999 -9999 -9999
-9999 -9999 5.762 6.605 -9999 -9999 -9999 5.644 5.429 5.645 -9999 -9999 -9999 -9999 -9999 5.495 4.938 4.542 4.302 4.012 3.844 3.322 2.689 2.442 2.782 2.719 3.118 3.066 2.581 2.468 2.836 1.692 2.076 2.574 2.335 2.659 3.405 3.228 3.469 3.419 3.538 3.805 3.709 3.592 3.657 3.407 2.491 2.821 3.411 4.068 4.053 4.318 4.923 -9999 -9999 -9999 -9999 -9999 -9999 -9999 -9999 -9999 -9999 -9999 -9999 -9999 -9999 -9999 -9999 -9999 -9999 -9999 -9999 -9999 -9999 -9999 -9999
-9999 5.471 5.8 6.601 -9999 -9999 -9999 -9999 -9999 -9999 -9999 -9999 -9999 -9999 -9999 5.144 4.614 4.382 4.171 3.944 3.735 3.11 2.739 2.667 2.843 2.933 2.733 2.779 2.23 2.343 1.831 1.548 2.034 2.575 2.363 2.701 2.854 3.228 3.216 3.45 3.423 3.4 3.596 3.41 3.353 2.591 2.459 2.399 3.41 4.16 4.281 4.308 4.717 5.718 -9999 -9999 -9999 -9999 -9999 -9999 -9999 -9999 -9999 -9999 -9999 -9999 -9999 -9999 -9999 -9999 -9999 -9999 -9999 -9999 -9999 -9999 -9999
5.549 5.559 5.635 6.709 -9999 -9999 -9999 -9999 -9999 -9999 -9999 -9999 -9999 5.693 5.368 4.855 4.318 3.868 3.581 3.664 3.622 3.469 3.27 3.519 3.104 2.409 2.448 2.486 2.506 2.726 2.316 1.638 2.704 2.597 2.611 2.735 3.029 3.27 3.495 3.027 3.103 3.368 3.375 3.198 2.699 2.614 2.598 2.728 3.394 4.271 4.435 4.335 4.686 5.379 -9999 -9999 -9999 -9999 -9999 -9999 -9999 -9999 -9999 -9999 -9999 -9999 -9999 -9999 -9999 -9999 -9999 -9999 -9999 -9999 -9999 -9999 -9999
5.561 6.009 6.696 -9999 -9999 -9999 -9999 -9999 -9999 -9999 -9999 -9999 -9999 5.613 5.291 4.72 4.079 3.714 3.695 3.151 2.81 2.832 2.783 3.003 3.036 3.061 2.867 2.539 2.772 3.046 2.753 2.525 2.08 2.504 2.378 2.874 3.13 3.575 3.193 3.002 3.108 3.162 2.907 2.449 2.291 2.696 3.013 3.34 3.831 3.896 3.914 4.189 4.573 5.234 -9999 -9999 -9999 -9999 -9999 -9999 -9999 -9999 -9999 -9999 -9999 -9999 -9999 -9999 -9999 -9999 -9999 -9999 -9999 -9999 -9999 -9999 -9999
-9999 -9999 -9999 -9999 -9999 -9999 -9999 -9999 -9999 -9999 -9999 -9999 -9999 5.468 5.007 4.188 4.101 3.916 3.625 2.811 2.657 2.151 2.445 2.733 3.053 3.158 2.858 1.897 2.278 3.199 3.224 2.301 2.328 2.571 2.653 2.622 3.174 2.814 2.621 2.789 2.519 2.375 2.132 2.763 2.937 3.045 3.159 3.379 4.06 4.235 4.108 4.249 4.766 5.283 -9999 -9999 -9999 -9999 -9999 -9999 -9999 -9999 -9999 -9999 -9999 -9999 -9999 -9999 -9999 -9999 -9999 -9999 -9999 -9999 -9999 -9999 -9999
-9999 -9999 -9999 -9999 -9999 -9999 -9999 -9999 -9999 -9999 -9999 -9999 5.475 4.78 3.99 4.037 3.763 3.882 3.684 3.385 2.482 2.473 2.405 2.731 2.999 3.68 3.267 2.769 2.873 3.248 3.382 3.076 2.928 2.84 2.705 2.732 2.383 2.905 3.05 2.819 2.579 1.792 2.491 2.505 2.948 3.349 3.253 3.423 3.461 4.092 4.392 4.58 4.917 5.313 -9999 -9999 -9999 -9999 -9999 -9999 -9999 -9999 -9999 -9999 -9999 -9999 -9999 -9999 -9999 -9999 -9999 -9999 -9999 -9999 -9999 -9999 -9999
-9999 -9999 -9999 -9999 -9999 -9999 -9999 -9999 -9999 -9999 -9999 -9999 4.938 4.328 3.885 3.226 3.472 3.852 3.668 2.901 3.285 2.896 2.823 3.172 3.572 4.251 4.04 3.526 3.241 3.308 3.876 3.585 3.408 3.3 3.2 2.582 3.276 2.827 3.092 3.051 1.971 2.842 2.547 2.786 3.246 3.229 3.584 3.545 3.369 3.81 4.264 4.529 4.924 5.384 -9999 -9999 -9999 -9999 -9999 -9999 -9999 -9999 -9999 -9999 -9999 -9999 -9999 -9999 -9999 -9999 -9999 -9999 -9999 -9999 -9999 -9999 -9999
-9999 -9999 -9999 -9999 -9999 -9999 -9999 -9999 -9999 -9999 -9999 5.287 4.489 4.298 3.434 3.582 3.345 2.679 3.002 3.326 3.47 3.143 3.364 3.568 3.662 3.961 3.967 3.674 3.66 4.256 4.216 3.886 3.452 3.379 2.784 3.473 3.205 2.849 3.402 2.582 2.471 2.991 3.23 3.49 3.217 3.309 3.467 3.396 3.735 4.045 4.357 4.594 4.892 5.297 5.687 -9999 -9999 -9999 -9999 -9999 -9999 -9999 -9999 -9999 -9999 -9999 -9999 -9999 -9999 -9999 -9999 -9999 -9999 -9999 -9999 -9999 -9999
-9999 -9999 -9999 -9999 -9999 -9999 -9999 -9999 -9999 -9999 5.374 4.884 4.452 4.278 4.044 3.812 3.261 3.314 3.211 2.922 3.804 3.782 3.738 3.601 3.661 3.877 4.091 4.387 4.52 4.273 4.439 4.12 3.721 3.426 3.571 3.742 3.447 3.413 3.584 2.777 2.572 2.867 3.043 3.209 3.332 3.624 3.655 3.552 3.983 4.191 4.349 4.526 4.859 5.22 5.685 -9999 -9999 -9999 -9999 -9999 -9999 -9999 -9999 -9999 -9999 -9999 -9999 -9999 -9999 -9999 -9999 -9999 -9999 -9999 -9999 -9999 -9999
-9999 -9999 -9999 -9999 -9999 -9999 -9999 -9999 -9999 -9999 5.24 3.911 4.253 4.268 4.212 4.252 3.736 2.848 3.007 3.826 3.997 4.125 4.012 3.899 3.772 3.636 4.504 4.788 4.662 4.641 4.291 4.254 3.843 3.884 3.821 3.969 3.723 3.728 3.388 3.223 2.962 2.927 3.115 3.173 3.616 3.919 3.839 3.855 3.917 4.083 4.355 4.65 4.762 5.033 5.485 -9999 -9999 -9999 -9999 -9999 -9999 -9999 -9999 -9999 -9999 -9999 -9999 -9999 -9999 -9999 -9999 -9999 -9999 -9999 -9999 -9999 -9999
-9999 -9999 -9999 -9999 -9999 -9999 -9999 -9999 -9999 5.688 4.363 4.244 4.174 4.214 4.398 4.481 3.836 3.479 3.746 3.764 4.086 4.205 4.291 4.017 3.74 4.275 4.455 4.688 5.064 4.686 4.597 4.382 4.332 4.179 4.19 4.261 4.147 3.746 3.896 3.57 3.031 3.262 3.278 3.38 3.466 3.846 3.984 4.287 4.072 4.109 4.356 4.681 4.886 4.97 5.285 5.909 -9999 -9999 -9999 -9999 -9999 -9999 -9999 -9999 -9999 -9999 -9999 -9999 -9999 -9999 -9999 -9999 -9999 -9999 -9999 -9999 -9999
-9999 -9999 -9999 -9999 -9999 -9999 -9999 -9999 5.919 -9999 4.895 4.332 4.238 4.308 4.594 4.866 4.552 4.481 4.028 3.603 4.017 4.353 4.425 4.367 4.409 4.508 4.539 4.791 4.994 4.862 5.002 4.844 4.659 4.493 4.563 4.635 4.535 4.368 4.154 3.855 3.848 3.658 3.607 3.562 3.768 4.047 4.526 4.161 3.906 4.177 4.43 4.664 4.905 5.097 5.277 5.682 -9999 -9999 -9999 -9999 -9999 -9999 -9999 -9999 -9999 -9999 -9999 -9999 -9999 -9999 -9999 -9999 -9999 -9999 -9999 -9999 -9999
