Validation/Results/ReClimate_12_2023_1_Temperature-Actualsweatherlogisticsltd.asc
NCOLS 192
NROWS 249
XLLCENTER -225160.85627316462
YLLCENTER 29788.11610251502
CELLSIZE 5000.0
NODATA_VALUE -9999
[rows 170 to 203 of 249, columns 77 to 153 of 192]
-9999 -9999 -9999 -9999 -9999 -9999 -9999 -9999 -9999 -9999 -9999 -9999 -9999 -9999 -9999 7.685 7.456 -9999 -9999 -9999 -9999 -9999 -9999 -9999 -9999 -9999 -9999 -9999 -9999 -9999 -9999 -9999 -9999 -9999 6.756 6.933 6.728 6.558 6.335 6.398 6.526 6.55 6.574 6.709 6.785 6.736 6.467 5.993 5.217 4.489 3.835 4.041 4.049 4.484 5.452 5.881 6.098 5.79 5.729 5.873 6.051 6.052 6.044 5.996 5.963 5.934 5.842 5.811 5.889 5.93 5.867 5.495 5.432 5.415 5.691 5.957 6.129
-9999 -9999 -9999 -9999 -9999 -9999 -9999 -9999 -9999 -9999 -9999 -9999 -9999 -9999 -9999 7.419 7.154 7.15 -9999 -9999 -9999 -9999 -9999 -9999 -9999 -9999 -9999 -9999 -9999 -9999 -9999 -9999 -9999 6.868 6.955 6.927 6.824 6.559 6.56 6.535 6.624 6.544 6.557 6.616 6.622 6.534 6.397 6.061 5.481 4.525 3.794 4.199 4.655 4.75 5.314 6.177 6.279 6.065 5.658 5.743 5.989 6.011 5.948 5.86 5.855 5.886 5.861 5.761 5.829 5.911 5.916 5.679 5.409 5.463 5.625 5.942 6.151
-9999 -9999 -9999 -9999 -9999 -9999 -9999 -9999 -9999 -9999 -9999 -9999 -9999 -9999 7.698 7.312 6.93 7.06 7.476 -9999 -9999 -9999 -9999 -9999 -9999 -9999 -9999 -9999 -9999 -9999 6.999 -9999 -9999 6.853 6.683 6.899 6.863 6.732 -9999 6.49 6.424 6.366 6.394 6.336 6.404 6.319 6.205 5.808 5.216 5.446 4.46 4.69 5.168 4.643 5.387 5.811 6.149 6.063 5.795 5.794 5.919 6.011 5.881 5.793 5.845 5.896 5.915 5.813 5.814 5.911 5.883 5.798 5.537 5.412 5.501 5.869 6.108
-9999 -9999 -9999 -9999 -9999 -9999 -9999 -9999 -9999 -9999 -9999 -9999 -9999 -9999 7.718 7.273 7.048 7.064 7.385 7.627 7.895 -9999 -9999 -9999 7.253 7.421 -9999 7.216 7.092 6.965 6.225 6.37 -9999 -9999 6.772 6.751 -9999 -9999 6.518 6.313 6.487 6.653 6.474 6.292 6.163 6.109 5.913 5.37 4.737 4.976 4.835 4.623 4.806 4.756 4.91 5.852 5.956 5.86 5.655 5.816 5.894 5.943 5.905 5.78 5.869 5.942 5.947 5.882 5.83 5.92 5.904 5.857 5.7 5.534 5.418 5.627 5.961
-9999 -9999 -9999 -9999 -9999 -9999 -9999 -9999 -9999 -9999 -9999 -9999 -9999 -9999 -9999 7.537 7.241 7.194 7.379 7.446 -9999 -9999 5.801 5.643 6.803 6.339 6.404 6.386 6.809 6.58 6.347 6.044 6.109 -9999 6.736 6.738 6.686 6.627 6.19 5.951 6.375 6.752 6.598 6.31 6.164 5.999 5.802 5.146 4.331 4.464 4.669 4.858 5.095 4.955 5.058 5.531 5.872 5.831 5.701 5.821 5.905 5.912 5.871 5.857 5.931 5.991 5.908 5.704 5.803 5.973 5.959 5.92 5.817 5.678 5.653 5.656 5.732
-9999 -9999 -9999 -9999 -9999 -9999 -9999 -9999 -9999 -9999 -9999 -9999 -9999 -9999 -9999 7.719 7.514 7.601 7.556 7.471 7.342 6.148 4.24 6.165 6.554 5.746 6.051 5.714 6.07 6.504 6.253 5.448 5.98 6.185 6.504 6.673 6.575 6.403 6.048 5.91 6.235 6.517 6.467 6.321 6.144 5.984 5.694 4.871 4.395 4.188 4.479 4.529 5.183 5.325 5.047 5.328 5.672 5.717 5.744 5.832 5.855 5.884 5.882 5.876 6.024 6.009 5.99 5.933 5.837 6.025 6.037 5.994 5.918 5.766 5.596 5.718 5.883
-9999 -9999 -9999 -9999 -9999 -9999 -9999 -9999 -9999 -9999 -9999 -9999 -9999 -9999 -9999 -9999 7.833 7.861 7.59 7.014 6.036 3.621 4.184 5.837 5.733 5.834 5.278 5.1 5.369 5.724 5.926 6.088 5.435 6.016 6.365 6.38 6.499 6.448 6.187 6.097 6.22 6.366 6.391 6.233 6.084 5.931 5.503 4.956 4.4 4.286 4.669 4.508 4.742 5.584 5.293 5.312 5.632 5.606 5.724 5.896 5.889 5.859 5.868 5.918 6.075 6.081 6.076 5.964 5.949 6.035 6.071 6.04 5.945 5.863 5.819 5.794 5.87
-9999 -9999 -9999 -9999 -9999 -9999 -9999 -9999 -9999 -9999 -9999 -9999 -9999 -9999 -9999 -9999 -9999 -9999 7.131 6.116 4.953 4.34 4.716 6.009 6.041 5.358 4.729 4.567 4.664 5.519 6.264 5.875 5.227 5.701 6.223 6.432 6.63 6.527 6.304 6.116 6.179 6.218 6.214 6.178 6.046 5.756 5.214 4.904 4.697 4.287 4.584 4.491 4.445 4.996 5.589 5.502 5.808 5.667 5.538 5.774 5.89 5.967 5.972 6.021 6.108 6.118 6.104 6.084 5.923 5.992 6.038 6.03 5.998 5.964 5.951 5.921 5.877
-9999 -9999 -9999 -9999 -9999 -9999 -9999 -9999 -9999 -9999 -9999 -9999 -9999 -9999 -9999 -9999 -9999 7.706 6.721 6.054 5.649 4.768 5.715 6.178 5.72 5.515 4.904 4.407 4.774 4.953 5.737 5.534 4.988 5.318 5.877 6.535 6.642 6.576 6.251 6.074 6.083 6.125 6.169 6.139 5.915 5.451 5.236 5.325 5.011 4.525 4.734 4.773 4.881 5.057 5.202 5.645 5.747 5.705 5.682 5.712 5.895 5.901 6.064 6.142 6.158 6.133 6.111 5.901 5.887 5.977 6.06 6.047 6.045 6.053 6.044 6.006 5.996
-9999 -9999 -9999 -9999 -9999 -9999 -9999 -9999 -9999 -9999 -9999 -9999 -9999 -9999 -9999 -9999 7.686 6.049 6.431 6.014 5.546 5.698 4.517 4.853 5.164 5.026 4.431 4.865 4.696 5.203 5.605 4.904 4.552 5.191 5.91 6.548 6.724 6.574 6.205 6.179 6.21 6.173 6.188 6.016 5.679 5.605 5.488 5.092 4.894 4.811 4.657 5.091 5.251 5.411 5.571 5.589 5.875 5.806 5.86 5.885 5.958 6.157 6.009 6.147 6.182 6.104 6.058 5.865 5.776 5.982 6.035 6.059 6.067 6.083 6.072 6.102 6.185
-9999 -9999 -9999 -9999 -9999 -9999 -9999 -9999 -9999 -9999 -9999 -9999 -9999 -9999 -9999 7.556 6.236 6.767 6.757 6.403 6.464 5.766 5.45 5.117 4.732 4.435 4.474 4.601 4.809 5.485 5.082 5.107 5.736 5.919 6.366 6.478 6.637 6.473 6.262 6.237 6.2 6.199 6.005 5.698 5.756 5.688 5.515 5.09 5.071 5.494 5.359 5.29 5.486 5.574 5.696 5.788 5.831 5.983 6.052 6.207 6.279 6.343 6.3 6.143 6.141 6.098 6.044 5.869 5.795 6.002 6.056 6.029 6.044 6.052 6.091 6.135 6.208
-9999 -9999 -9999 -9999 -9999 -9999 -9999 -9999 -9999 -9999 -9999 -9999 -9999 7.454 7.579 7.205 7.274 7.473 7.436 7.067 7.154 6.676 5.938 5.258 4.629 3.851 5.063 5.176 5.527 5.381 4.607 4.872 5.304 6.036 6.293 6.379 6.438 6.34 6.207 6.115 6.159 6.069 5.827 5.687 5.606 5.804 5.542 5.249 5.376 5.545 5.663 5.701 5.716 5.821 5.926 6.124 6.096 6.119 6.371 6.526 6.543 6.402 6.303 6.225 6.138 6.044 6.009 5.801 5.721 5.944 6.059 6.033 6.006 6.031 6.082 6.101 -9999
-9999 -9999 -9999 -9999 -9999 -9999 -9999 -9999 -9999 -9999 -9999 -9999 7.322 7.372 7.35 7.533 -9999 -9999 -9999 -9999 6.635 5.732 5.468 5.172 4.426 5.206 5.303 4.766 5.093 4.494 3.418 4.188 5.055 5.496 6.14 6.453 6.359 6.258 6.186 6.139 6.115 6.036 5.84 5.737 5.634 5.734 5.578 5.536 5.591 5.698 5.887 5.945 5.941 6.086 6.166 6.317 6.462 6.396 6.486 6.572 6.489 6.361 6.242 6.136 5.991 5.908 5.886 5.791 5.698 5.83 6.01 6.063 6.032 6.022 6.065 6.089 6.139
-9999 -9999 -9999 -9999 -9999 -9999 -9999 -9999 -9999 -9999 -9999 -9999 7.348 7.223 7.711 -9999 -9999 -9999 -9999 -9999 6.431 5.719 5.25 5.441 4.837 4.973 4.621 4.15 4.285 3.958 4.004 5.27 5.352 5.879 6.352 6.5 6.383 6.244 6.138 6.031 5.982 5.978 5.859 5.742 5.745 5.687 5.774 5.759 5.861 5.698 5.688 5.776 5.958 6.125 6.211 6.317 6.342 6.395 6.417 6.38 6.272 6.05 6.025 5.822 5.654 5.613 5.718 5.755 5.741 5.846 5.99 6.114 6.101 6.079 6.063 6.043 6.068
-9999 -9999 -9999 -9999 -9999 -9999 -9999 -9999 -9999 -9999 -9999 -9999 -9999 -9999 7.882 -9999 -9999 -9999 -9999 -9999 6.361 5.571 5.79 5.509 5.216 5.221 4.166 4.355 5.017 4.356 5.089 5.375 5.622 6.193 6.512 6.541 6.257 6.181 6.083 6.03 6.119 6.017 5.955 5.909 5.809 5.858 5.935 6.018 5.954 5.928 5.845 5.759 5.938 6.0 5.858 5.987 6.14 6.197 6.356 6.272 6.017 5.735 5.606 5.731 5.607 5.544 5.6 5.709 5.758 5.858 6.013 6.162 6.178 6.154 6.133 6.087 6.115
-9999 -9999 -9999 -9999 -9999 -9999 -9999 -9999 -9999 -9999 -9999 -9999 -9999 -9999 -9999 -9999 -9999 -9999 -9999 -9999 6.729 6.134 6.856 6.173 5.502 4.452 4.674 4.674 4.532 5.231 5.305 5.444 6.22 6.431 6.623 6.489 6.332 6.175 6.201 6.235 6.217 6.164 6.072 5.996 5.953 5.916 5.983 5.975 5.82 5.995 6.11 6.025 5.938 6.043 5.829 5.699 5.902 5.879 6.057 6.221 6.011 5.863 5.719 5.688 5.77 5.683 5.645 5.781 5.874 5.933 6.048 6.198 6.215 6.204 6.187 6.175 6.189
-9999 -9999 -9999 -9999 -9999 -9999 -9999 -9999 -9999 -9999 -9999 -9999 -9999 -9999 -9999 -9999 -9999 -9999 -9999 -9999 -9999 6.742 5.571 5.18 5.087 5.298 5.213 4.86 5.422 5.482 5.851 6.273 6.135 6.538 6.514 6.23 6.192 6.214 6.362 6.453 6.366 6.191 6.099 5.936 5.892 5.91 6.026 5.898 5.687 5.8 6.083 6.148 6.078 6.001 5.952 5.813 5.733 5.549 5.579 6.029 6.119 5.931 5.749 5.535 5.545 5.759 5.761 5.868 5.997 6.118 6.156 6.252 6.263 6.253 6.251 6.256 6.27
-9999 -9999 -9999 -9999 -9999 -9999 -9999 -9999 -9999 -9999 -9999 -9999 -9999 -9999 -9999 -9999 -9999 -9999 -9999 -9999 6.831 6.271 5.76 4.943 5.708 5.743 5.191 5.402 5.445 5.433 6.238 6.168 6.126 6.333 5.477 6.002 6.23 6.235 6.212 6.402 6.183 5.787 5.789 5.949 6.028 5.939 6.043 5.98 5.861 5.846 6.044 6.127 6.128 6.067 5.962 5.927 5.777 5.721 5.731 5.95 5.96 5.77 5.564 5.37 5.392 5.695 5.906 5.973 6.124 6.232 6.282 6.316 6.34 6.328 6.333 6.36 6.365
-9999 -9999 -9999 -9999 -9999 -9999 -9999 -9999 -9999 -9999 -9999 -9999 -9999 -9999 -9999 -9999 -9999 -9999 -9999 -9999 7.028 6.519 4.961 6.231 6.614 5.952 5.705 5.358 4.879 5.471 6.188 6.151 6.378 6.01 6.045 6.061 5.93 5.891 6.26 6.235 5.987 5.932 5.97 6.191 6.051 5.944 6.035 6.012 6.075 6.053 6.088 6.146 6.15 6.147 6.096 6.03 5.929 5.765 5.861 5.943 5.778 5.444 5.229 5.305 5.398 5.554 5.832 6.058 6.127 6.266 6.281 6.306 6.39 6.423 6.433 6.462 6.482
-9999 -9999 -9999 -9999 -9999 -9999 -9999 -9999 -9999 -9999 -9999 -9999 -9999 -9999 -9999 -9999 -9999 -9999 -9999 -9999 6.831 6.175 6.763 6.559 6.275 5.938 5.428 4.656 4.941 5.18 5.83 6.105 6.43 6.328 6.014 5.505 5.213 5.384 5.95 5.777 5.934 5.908 6.118 6.28 6.098 6.073 6.105 6.138 6.233 6.105 6.06 6.165 6.172 6.008 6.096 6.124 6.042 5.949 5.963 5.948 5.711 5.45 5.344 5.391 5.583 5.77 5.946 6.033 6.134 6.233 6.371 6.318 6.419 6.48 6.498 6.532 6.54
-9999 -9999 -9999 -9999 -9999 -9999 -9999 -9999 -9999 -9999 -9999 -9999 -9999 -9999 -9999 -9999 -9999 -9999 -9999 -9999 -9999 7.033 6.033 5.467 4.869 4.774 4.813 5.099 5.385 5.956 6.084 6.268 6.212 6.174 5.988 5.672 5.372 5.343 5.586 5.859 5.856 5.755 6.051 6.255 6.117 6.281 6.238 6.141 6.43 6.454 6.268 6.244 6.231 5.996 5.905 6.146 6.086 6.025 6.027 5.955 5.721 5.59 5.629 5.769 5.811 5.932 5.986 6.005 6.151 6.28 6.334 6.358 6.469 6.54 6.534 6.543 6.557
-9999 -9999 -9999 -9999 -9999 -9999 -9999 -9999 -9999 -9999 -9999 -9999 -9999 -9999 -9999 -9999 -9999 -9999 -9999 -9999 -9999 6.578 5.597 4.863 4.259 4.091 4.539 5.344 5.954 6.015 5.671 5.25 5.024 5.115 5.61 5.913 5.531 5.509 5.695 5.85 5.44 5.678 5.953 6.062 6.115 6.363 6.278 6.316 6.287 6.427 6.471 6.356 6.252 6.114 6.021 6.151 6.167 5.986 5.889 5.825 5.686 5.658 5.796 5.74 5.779 5.809 5.958 5.935 6.098 6.252 6.262 6.368 6.52 6.574 6.54 6.495 6.463
-9999 -9999 -9999 -9999 -9999 -9999 -9999 -9999 -9999 -9999 -9999 -9999 -9999 -9999 -9999 -9999 -9999 -9999 -9999 -9999 7.041 6.617 5.615 4.852 4.403 4.581 5.015 5.445 5.152 4.49 4.756 4.682 4.806 5.515 5.845 5.705 5.631 5.816 5.92 5.565 5.5 5.608 5.898 6.059 6.154 6.453 6.33 6.132 6.301 6.195 6.311 6.317 6.257 6.149 6.181 6.312 6.244 6.108 6.019 5.86 5.798 5.653 5.747 5.781 5.797 5.89 5.924 6.065 6.17 6.212 6.221 6.369 6.563 6.582 6.574 6.51 6.434
-9999 -9999 -9999 -9999 -9999 -9999 -9999 -9999 -9999 -9999 -9999 -9999 -9999 -9999 -9999 -9999 -9999 -9999 -9999 -9999 6.975 6.381 5.896 5.477 4.937 4.343 4.623 4.856 4.712 4.75 4.492 4.393 4.84 5.512 5.214 5.282 5.854 5.664 6.02 5.731 5.503 5.469 6.071 6.087 6.471 6.509 6.303 6.173 5.815 6.059 6.092 6.15 6.145 6.105 6.215 6.349 6.328 6.228 6.182 6.136 5.869 5.746 5.694 5.741 5.824 6.064 6.123 6.178 6.222 6.199 6.227 6.379 6.468 6.565 6.588 6.576 6.499
-9999 -9999 -9999 -9999 -9999 -9999 -9999 -9999 -9999 -9999 -9999 -9999 -9999 -9999 -9999 -9999 -9999 -9999 -9999 -9999 6.619 6.649 6.617 5.853 4.807 4.25 4.595 4.812 5.014 4.669 4.743 4.935 5.185 5.127 5.245 5.856 5.886 5.924 5.591 5.984 5.843 6.065 6.048 6.116 6.46 6.592 6.425 6.049 6.112 6.036 6.009 6.058 6.067 6.185 6.244 6.275 6.231 6.179 6.209 6.154 5.938 5.766 5.885 6.014 5.939 6.11 6.177 6.279 6.26 6.201 6.335 6.502 6.574 6.632 6.709 6.669 6.646
-9999 -9999 -9999 -9999 -9999 -9999 -9999 -9999 -9999 -9999 -9999 -9999 -9999 -9999 -9999 -9999 -9999 -9999 -9999 6.691 6.518 6.01 6.023 5.738 4.789 4.636 4.321 4.779 5.389 5.352 5.413 5.108 5.094 5.492 5.456 5.495 5.887 5.835 6.167 6.304 6.301 6.235 6.114 6.369 6.566 6.583 6.514 6.395 6.277 6.294 6.171 6.151 6.116 6.182 6.298 6.302 6.278 6.307 6.237 6.101 6.007 5.963 6.118 6.219 6.19 6.166 6.334 6.265 6.289 6.25 6.295 6.472 6.612 6.633 6.663 6.663 6.71
-9999 -9999 -9999 -9999 -9999 -9999 -9999 -9999 -9999 -9999 -9999 -9999 -9999 -9999 -9999 -9999 -9999 -9999 6.526 6.458 5.861 6.063 6.041 5.087 4.49 4.36 4.617 5.041 5.441 5.276 5.367 5.115 4.736 5.38 5.317 5.928 6.126 6.309 6.342 6.245 6.083 6.127 6.085 6.445 6.519 6.73 6.691 6.531 6.389 6.366 6.379 6.237 6.212 6.333 6.403 6.336 6.268 6.245 6.207 6.098 6.088 6.131 6.229 6.365 6.414 6.446 6.313 6.253 6.252 6.292 6.352 6.488 6.524 6.492 6.461 6.502 6.66
-9999 -9999 -9999 -9999 -9999 -9999 -9999 -9999 -9999 -9999 -9999 -9999 -9999 -9999 -9999 -9999 6.119 6.246 6.135 6.575 6.441 6.224 5.632 4.753 4.382 4.277 4.188 4.892 5.186 5.61 5.371 4.924 4.953 5.451 5.922 6.11 6.401 6.435 6.429 6.062 5.931 5.963 6.299 6.647 6.745 6.763 6.697 6.532 6.448 6.463 6.462 6.324 6.356 6.43 6.523 6.292 6.17 6.043 5.925 5.962 6.071 6.301 6.37 6.385 6.315 6.398 6.363 6.356 6.328 6.341 6.411 6.545 6.612 6.423 6.35 6.411 6.606
-9999 -9999 -9999 -9999 -9999 -9999 -9999 -9999 -9999 -9999 -9999 -9999 -9999 -9999 -9999 6.157 5.942 5.581 5.926 6.309 6.26 5.97 5.011 4.929 4.468 4.368 4.751 5.376 5.834 5.777 5.677 5.224 4.746 5.314 5.854 6.316 6.343 6.386 6.132 6.222 6.005 6.062 6.482 6.754 6.939 6.921 6.692 6.659 6.503 6.513 6.574 6.508 6.446 6.452 6.352 6.348 6.138 6.095 6.006 5.854 5.919 6.076 6.222 6.258 6.245 6.325 6.436 6.363 6.522 6.559 6.561 6.617 6.573 6.451 6.342 6.448 6.619
-9999 -9999 -9999 -9999 -9999 -9999 -9999 -9999 -9999 -9999 -9999 -9999 7.585 7.005 6.574 6.222 5.663 5.643 5.935 6.395 6.404 5.418 5.261 5.108 5.306 4.576 5.292 5.509 5.179 5.674 5.887 4.696 5.283 5.837 6.59 6.577 6.405 5.969 6.559 6.428 6.349 6.36 6.44 6.778 6.951 7.037 6.871 6.792 6.63 6.519 6.591 6.559 6.571 6.433 6.299 5.994 6.109 6.166 6.14 5.988 5.985 6.105 6.242 6.348 6.297 6.354 6.387 6.494 6.553 6.632 6.588 6.634 6.648 6.546 6.549 6.581 6.651
-9999 -9999 -9999 -9999 -9999 -9999 -9999 -9999 -9999 -9999 7.11 7.244 7.158 6.916 6.709 6.289 6.295 6.141 6.447 6.293 5.482 5.818 5.682 5.629 5.717 5.21 5.087 4.451 4.975 5.374 5.335 5.68 6.07 6.54 5.971 6.205 6.461 6.632 6.729 6.71 6.581 6.577 6.715 6.69 6.94 7.14 7.024 6.898 6.795 6.731 6.692 6.452 6.567 6.597 6.314 6.097 5.948 6.166 6.151 6.013 5.961 6.022 6.14 6.379 6.494 6.523 6.484 6.449 6.593 6.544 6.49 6.606 6.711 6.674 6.631 6.608 6.58
-9999 -9999 -9999 -9999 -9999 -9999 7.331 7.225 7.187 7.149 6.642 7.153 6.914 6.895 6.618 6.346 6.352 6.357 6.313 5.656 5.928 6.191 5.717 6.144 5.864 5.412 4.62 4.829 5.216 5.496 5.475 6.064 6.475 5.474 5.548 6.226 6.314 6.706 6.74 6.795 6.658 6.457 6.666 6.562 7.075 7.163 7.076 6.843 6.726 6.775 6.284 6.409 6.519 6.591 6.345 6.031 6.012 6.119 6.143 6.141 6.076 6.091 6.162 6.358 6.469 6.548 6.589 6.477 6.471 6.533 6.526 6.712 6.873 6.755 6.424 6.35 6.275
-9999 -9999 -9999 -9999 -9999 7.755 7.306 7.226 7.025 6.252 5.959 6.075 6.33 6.579 6.056 5.92 6.062 6.063 5.77 6.139 6.204 5.903 6.312 6.479 6.078 5.451 5.008 5.272 5.526 5.594 5.886 6.207 5.313 4.309 5.399 6.067 6.58 6.546 6.682 6.537 6.591 6.723 6.759 6.961 7.085 7.117 7.111 6.871 6.681 6.369 6.063 5.871 6.335 6.466 6.064 5.931 5.993 6.116 6.202 6.168 6.173 6.18 6.297 6.299 6.36 6.476 6.398 6.336 6.453 6.521 6.573 6.737 6.853 6.67 6.366 6.157 6.167
-9999 -9999 -9999 -9999 8.128 7.503 7.171 7.071 6.648 6.152 6.225 6.451 6.648 6.152 6.037 6.012 6.42 5.999 5.907 6.233 6.278 6.434 6.848 6.426 5.679 5.279 5.498 5.743 5.757 6.251 6.394 6.054 4.722 4.772 5.422 6.534 6.395 6.499 6.417 6.747 6.831 6.738 6.867 6.979 7.103 7.149 7.214 6.973 6.699 6.29 5.873 5.929 6.171 6.24 6.004 5.745 5.927 6.103 6.181 6.268 6.268 6.311 6.328 6.344 6.237 6.309 6.418 6.339 6.415 6.413 6.309 6.516 6.684 6.536 6.31 6.246 6.24
