Validation/Results/ReClimate_11_2023_2_Temperature-Actuals.asc
NCOLS 192
NROWS 249
XLLCENTER -225160.85627316462
YLLCENTER 29788.11610251502
CELLSIZE 5000.0
NODATA_VALUE -9999
[rows 170 to 203 of 249, columns 77 to 153 of 192]
-9999 -9999 -9999 -9999 -9999 -9999 -9999 -9999 -9999 -9999 -9999 -9999 -9999 -9999 -9999 7.022 6.789 -9999 -9999 -9999 -9999 -9999 -9999 -9999 -9999 -9999 -9999 -9999 -9999 -9999 -9999 -9999 -9999 -9999 6.097 6.266 6.089 5.951 5.724 5.781 5.907 5.927 5.95 6.083 6.162 6.116 5.853 5.384 4.614 3.892 3.238 3.442 3.436 3.853 4.823 5.252 5.461 5.143 5.062 5.181 5.329 5.292 5.288 5.246 5.213 5.187 5.073 5.016 5.11 5.175 5.114 4.747 4.666 4.625 4.912 5.193 5.362
-9999 -9999 -9999 -9999 -9999 -9999 -9999 -9999 -9999 -9999 -9999 -9999 -9999 -9999 -9999 6.731 6.468 6.474 -9999 -9999 -9999 -9999 -9999 -9999 -9999 -9999 -9999 -9999 -9999 -9999 -9999 -9999 -9999 6.221 6.29 6.239 6.161 5.923 5.927 5.919 6.006 5.921 5.926 5.963 5.974 5.894 5.763 5.439 4.859 3.89 3.182 3.598 4.045 4.125 4.683 5.542 5.645 5.425 5.003 5.067 5.286 5.273 5.187 5.089 5.1 5.142 5.121 5.012 5.068 5.156 5.16 4.924 4.645 4.681 4.847 5.174 5.367
-9999 -9999 -9999 -9999 -9999 -9999 -9999 -9999 -9999 -9999 -9999 -9999 -9999 -9999 7.019 6.611 6.238 6.378 6.807 -9999 -9999 -9999 -9999 -9999 -9999 -9999 -9999 -9999 -9999 -9999 6.35 -9999 -9999 6.196 6.01 6.201 6.187 6.081 -9999 5.869 5.8 5.738 5.749 5.669 5.745 5.668 5.563 5.177 4.577 4.795 3.829 4.084 4.554 4.016 4.754 5.169 5.508 5.423 5.139 5.119 5.219 5.279 5.128 5.013 5.08 5.151 5.174 5.077 5.067 5.153 5.124 5.039 4.767 4.629 4.722 5.094 5.317
-9999 -9999 -9999 -9999 -9999 -9999 -9999 -9999 -9999 -9999 -9999 -9999 -9999 -9999 7.043 6.592 6.371 6.38 6.715 6.974 7.242 -9999 -9999 -9999 6.596 6.732 -9999 6.541 6.438 6.326 5.589 5.72 -9999 -9999 6.105 6.094 -9999 -9999 5.887 5.701 5.871 6.026 5.823 5.596 5.473 5.426 5.243 4.723 4.098 4.336 4.203 4.009 4.187 4.126 4.272 5.202 5.309 5.214 4.977 5.109 5.179 5.205 5.156 5.01 5.098 5.181 5.189 5.128 5.081 5.17 5.134 5.075 4.914 4.738 4.607 4.808 5.141
-9999 -9999 -9999 -9999 -9999 -9999 -9999 -9999 -9999 -9999 -9999 -9999 -9999 -9999 -9999 6.858 6.557 6.504 6.704 6.788 -9999 -9999 5.142 4.988 6.125 5.632 5.727 5.736 6.169 5.943 5.701 5.386 5.448 -9999 6.08 6.094 6.04 5.977 5.557 5.336 5.752 6.12 5.931 5.6 5.459 5.3 5.122 4.489 3.682 3.824 4.037 4.235 4.467 4.32 4.413 4.874 5.217 5.178 5.019 5.1 5.175 5.171 5.118 5.09 5.162 5.222 5.141 4.941 5.044 5.22 5.189 5.127 5.019 4.874 4.833 4.818 4.89
-9999 -9999 -9999 -9999 -9999 -9999 -9999 -9999 -9999 -9999 -9999 -9999 -9999 -9999 -9999 7.043 6.836 6.912 6.874 6.785 6.662 5.502 3.601 5.518 5.895 5.092 5.421 5.09 5.445 5.859 5.606 4.802 5.337 5.55 5.877 6.047 5.946 5.763 5.423 5.297 5.617 5.892 5.818 5.654 5.477 5.297 5.026 4.219 3.743 3.518 3.834 3.904 4.544 4.674 4.401 4.678 5.02 5.064 5.068 5.123 5.138 5.158 5.138 5.114 5.26 5.245 5.216 5.156 5.053 5.241 5.24 5.177 5.096 4.937 4.764 4.876 5.043
-9999 -9999 -9999 -9999 -9999 -9999 -9999 -9999 -9999 -9999 -9999 -9999 -9999 -9999 -9999 -9999 7.153 7.167 6.893 6.312 5.362 2.981 3.541 5.187 5.088 5.196 4.648 4.478 4.734 5.07 5.276 5.439 4.794 5.384 5.735 5.752 5.865 5.804 5.555 5.478 5.597 5.737 5.75 5.577 5.414 5.244 4.83 4.3 3.732 3.6 4.007 3.877 4.099 4.923 4.636 4.66 4.979 4.949 5.044 5.187 5.173 5.136 5.128 5.157 5.312 5.317 5.303 5.181 5.159 5.238 5.26 5.212 5.111 5.023 4.977 4.951 5.028
-9999 -9999 -9999 -9999 -9999 -9999 -9999 -9999 -9999 -9999 -9999 -9999 -9999 -9999 -9999 -9999 -9999 -9999 6.441 5.432 4.287 3.673 4.057 5.385 5.418 4.72 4.089 3.907 4.0 4.865 5.616 5.236 4.595 5.069 5.588 5.777 5.966 5.849 5.64 5.475 5.536 5.574 5.557 5.501 5.361 5.076 4.536 4.209 4.004 3.627 3.922 3.843 3.792 4.331 4.922 4.837 5.143 5.001 4.839 5.04 5.161 5.236 5.238 5.275 5.347 5.348 5.329 5.302 5.122 5.177 5.216 5.196 5.16 5.12 5.106 5.077 5.029
-9999 -9999 -9999 -9999 -9999 -9999 -9999 -9999 -9999 -9999 -9999 -9999 -9999 -9999 -9999 -9999 -9999 7.011 6.032 5.373 4.967 4.085 5.061 5.558 5.09 4.87 4.241 3.723 4.101 4.291 5.084 4.891 4.348 4.679 5.224 5.862 5.958 5.879 5.573 5.418 5.427 5.468 5.497 5.447 5.228 4.768 4.539 4.609 4.322 3.868 4.076 4.113 4.215 4.383 4.527 4.969 5.072 5.03 4.975 4.965 5.152 5.164 5.323 5.399 5.402 5.36 5.333 5.118 5.086 5.156 5.231 5.21 5.203 5.208 5.197 5.162 5.148
-9999 -9999 -9999 -9999 -9999 -9999 -9999 -9999 -9999 -9999 -9999 -9999 -9999 -9999 -9999 -9999 6.986 5.37 5.754 5.329 4.849 4.968 3.812 4.179 4.486 4.365 3.761 4.198 4.035 4.532 4.944 4.252 3.897 4.52 5.226 5.85 6.023 5.88 5.528 5.513 5.542 5.497 5.498 5.316 4.979 4.901 4.774 4.378 4.197 4.116 3.965 4.396 4.547 4.695 4.866 4.888 5.178 5.11 5.141 5.13 5.19 5.384 5.249 5.393 5.426 5.338 5.269 5.06 4.954 5.139 5.194 5.214 5.219 5.231 5.22 5.254 5.327
-9999 -9999 -9999 -9999 -9999 -9999 -9999 -9999 -9999 -9999 -9999 -9999 -9999 -9999 -9999 6.856 5.547 6.088 6.073 5.711 5.745 5.015 4.722 4.413 4.042 3.76 3.803 3.934 4.136 4.804 4.409 4.444 5.061 5.229 5.666 5.765 5.931 5.775 5.575 5.561 5.518 5.509 5.306 4.988 5.043 4.971 4.797 4.371 4.354 4.778 4.645 4.576 4.763 4.837 4.968 5.072 5.118 5.273 5.32 5.445 5.505 5.554 5.523 5.383 5.378 5.332 5.256 5.053 4.963 5.15 5.205 5.181 5.192 5.197 5.236 5.283 5.35
-9999 -9999 -9999 -9999 -9999 -9999 -9999 -9999 -9999 -9999 -9999 -9999 -9999 6.723 6.862 6.487 6.56 6.761 6.722 6.361 6.426 5.931 5.213 4.556 3.94 3.175 4.388 4.495 4.85 4.718 3.951 4.213 4.633 5.344 5.593 5.67 5.733 5.629 5.504 5.415 5.455 5.367 5.116 4.967 4.881 5.069 4.804 4.506 4.629 4.786 4.909 4.948 4.988 5.101 5.183 5.372 5.334 5.351 5.616 5.762 5.769 5.614 5.506 5.431 5.343 5.245 5.208 4.984 4.902 5.115 5.204 5.166 5.147 5.175 5.218 5.241 -9999
-9999 -9999 -9999 -9999 -9999 -9999 -9999 -9999 -9999 -9999 -9999 -9999 6.582 6.63 6.611 6.805 -9999 -9999 -9999 -9999 5.917 4.984 4.739 4.465 3.73 4.523 4.615 4.074 4.415 3.83 2.754 3.523 4.375 4.797 5.436 5.741 5.643 5.537 5.469 5.424 5.402 5.323 5.12 5.009 4.897 4.987 4.826 4.778 4.824 4.92 5.113 5.173 5.193 5.367 5.425 5.548 5.681 5.601 5.701 5.801 5.711 5.57 5.444 5.329 5.18 5.095 5.069 4.972 4.876 5.007 5.163 5.186 5.163 5.164 5.201 5.219 5.275
-9999 -9999 -9999 -9999 -9999 -9999 -9999 -9999 -9999 -9999 -9999 -9999 6.598 6.471 6.968 -9999 -9999 -9999 -9999 -9999 5.722 5.003 4.544 4.727 4.133 4.279 3.927 3.463 3.604 3.272 3.317 4.583 4.658 5.189 5.657 5.794 5.669 5.504 5.398 5.283 5.245 5.274 5.145 5.007 5.003 4.939 5.023 5.009 5.103 4.932 4.916 5.003 5.188 5.37 5.468 5.567 5.582 5.622 5.629 5.591 5.486 5.26 5.244 5.041 4.853 4.8 4.905 4.942 4.904 4.994 5.129 5.233 5.213 5.195 5.189 5.172 5.185
-9999 -9999 -9999 -9999 -9999 -9999 -9999 -9999 -9999 -9999 -9999 -9999 -9999 -9999 7.138 -9999 -9999 -9999 -9999 -9999 5.638 4.861 5.075 4.786 4.502 4.517 3.468 3.663 4.32 3.652 4.386 4.671 4.923 5.498 5.812 5.831 5.529 5.428 5.324 5.264 5.381 5.31 5.232 5.164 5.06 5.104 5.182 5.266 5.196 5.161 5.073 4.981 5.162 5.227 5.096 5.238 5.381 5.427 5.573 5.472 5.219 4.941 4.82 4.956 4.814 4.727 4.783 4.892 4.918 4.99 5.136 5.275 5.286 5.259 5.247 5.213 5.231
-9999 -9999 -9999 -9999 -9999 -9999 -9999 -9999 -9999 -9999 -9999 -9999 -9999 -9999 -9999 -9999 -9999 -9999 -9999 -9999 5.993 5.409 6.124 5.428 4.771 3.746 3.97 3.965 3.825 4.54 4.616 4.753 5.533 5.746 5.925 5.757 5.596 5.462 5.481 5.493 5.491 5.432 5.332 5.26 5.216 5.177 5.245 5.236 5.068 5.23 5.34 5.248 5.14 5.234 5.023 4.899 5.107 5.079 5.25 5.401 5.199 5.057 4.913 4.887 4.968 4.867 4.8 4.918 5.019 5.069 5.166 5.302 5.324 5.316 5.299 5.293 5.316
-9999 -9999 -9999 -9999 -9999 -9999 -9999 -9999 -9999 -9999 -9999 -9999 -9999 -9999 -9999 -9999 -9999 -9999 -9999 -9999 -9999 6.004 4.824 4.421 4.349 4.585 4.496 4.138 4.713 4.789 5.158 5.58 5.444 5.849 5.799 5.482 5.464 5.509 5.641 5.713 5.623 5.441 5.354 5.196 5.153 5.171 5.287 5.158 4.933 5.03 5.307 5.365 5.276 5.175 5.127 4.991 4.913 4.733 4.755 5.196 5.293 5.116 4.932 4.717 4.727 4.938 4.912 4.984 5.119 5.251 5.272 5.351 5.366 5.364 5.362 5.369 5.39
-9999 -9999 -9999 -9999 -9999 -9999 -9999 -9999 -9999 -9999 -9999 -9999 -9999 -9999 -9999 -9999 -9999 -9999 -9999 -9999 6.081 5.525 4.998 4.15 4.935 4.997 4.448 4.675 4.727 4.719 5.525 5.46 5.415 5.607 4.739 5.276 5.517 5.518 5.481 5.656 5.44 5.06 5.058 5.188 5.265 5.172 5.275 5.211 5.1 5.08 5.269 5.344 5.331 5.25 5.13 5.087 4.935 4.88 4.883 5.093 5.105 4.921 4.729 4.543 4.554 4.85 5.067 5.121 5.252 5.355 5.389 5.405 5.426 5.417 5.425 5.455 5.465
-9999 -9999 -9999 -9999 -9999 -9999 -9999 -9999 -9999 -9999 -9999 -9999 -9999 -9999 -9999 -9999 -9999 -9999 -9999 -9999 6.272 5.764 4.181 5.42 5.825 5.188 4.955 4.623 4.148 4.743 5.463 5.431 5.646 5.262 5.31 5.337 5.204 5.161 5.519 5.478 5.244 5.206 5.221 5.414 5.271 5.158 5.249 5.224 5.296 5.283 5.309 5.357 5.348 5.328 5.263 5.179 5.076 4.909 4.998 5.073 4.909 4.577 4.375 4.469 4.552 4.694 4.979 5.213 5.263 5.382 5.381 5.389 5.47 5.502 5.514 5.548 5.572
-9999 -9999 -9999 -9999 -9999 -9999 -9999 -9999 -9999 -9999 -9999 -9999 -9999 -9999 -9999 -9999 -9999 -9999 -9999 -9999 6.086 5.43 6.013 5.83 5.556 5.199 4.695 3.914 4.198 4.428 5.087 5.389 5.702 5.58 5.265 4.735 4.449 4.647 5.203 5.019 5.182 5.148 5.343 5.501 5.308 5.255 5.291 5.345 5.447 5.328 5.267 5.354 5.36 5.187 5.256 5.264 5.176 5.079 5.1 5.088 4.842 4.576 4.474 4.533 4.718 4.895 5.052 5.129 5.234 5.325 5.468 5.412 5.504 5.56 5.579 5.617 5.617
-9999 -9999 -9999 -9999 -9999 -9999 -9999 -9999 -9999 -9999 -9999 -9999 -9999 -9999 -9999 -9999 -9999 -9999 -9999 -9999 -9999 6.286 5.306 4.764 4.153 4.039 4.071 4.348 4.628 5.188 5.337 5.546 5.474 5.418 5.214 4.876 4.598 4.596 4.831 5.093 5.084 4.974 5.268 5.467 5.306 5.443 5.417 5.34 5.635 5.667 5.466 5.42 5.405 5.168 5.058 5.277 5.212 5.145 5.155 5.093 4.851 4.71 4.752 4.899 4.933 5.047 5.082 5.076 5.224 5.361 5.42 5.453 5.556 5.618 5.614 5.626 5.632
-9999 -9999 -9999 -9999 -9999 -9999 -9999 -9999 -9999 -9999 -9999 -9999 -9999 -9999 -9999 -9999 -9999 -9999 -9999 -9999 -9999 5.833 4.863 4.128 3.527 3.389 3.822 4.584 5.181 5.217 4.887 4.476 4.245 4.355 4.838 5.129 4.761 4.736 4.918 5.072 4.656 4.886 5.154 5.247 5.276 5.491 5.421 5.479 5.472 5.628 5.651 5.511 5.412 5.275 5.174 5.288 5.307 5.126 5.024 4.962 4.812 4.773 4.901 4.841 4.876 4.899 5.047 5.012 5.156 5.304 5.314 5.423 5.571 5.618 5.592 5.552 5.528
-9999 -9999 -9999 -9999 -9999 -9999 -9999 -9999 -9999 -9999 -9999 -9999 -9999 -9999 -9999 -9999 -9999 -9999 -9999 -9999 6.28 5.866 4.863 4.097 3.677 3.886 4.286 4.676 4.362 3.675 3.948 3.883 4.021 4.747 5.069 4.92 4.844 5.026 5.13 4.776 4.705 4.805 5.083 5.228 5.297 5.563 5.455 5.276 5.466 5.384 5.48 5.459 5.403 5.3 5.325 5.446 5.382 5.252 5.157 4.992 4.92 4.763 4.847 4.868 4.879 4.967 4.999 5.139 5.229 5.252 5.26 5.408 5.598 5.614 5.612 5.556 5.487
-9999 -9999 -9999 -9999 -9999 -9999 -9999 -9999 -9999 -9999 -9999 -9999 -9999 -9999 -9999 -9999 -9999 -9999 -9999 -9999 6.214 5.647 5.154 4.711 4.195 3.626 3.875 4.069 3.908 3.929 3.679 3.594 4.055 4.746 4.437 4.482 5.053 4.864 5.219 4.926 4.694 4.659 5.246 5.239 5.603 5.628 5.433 5.305 4.961 5.209 5.244 5.289 5.282 5.244 5.352 5.48 5.46 5.364 5.299 5.239 4.966 4.833 4.777 4.816 4.885 5.115 5.18 5.239 5.284 5.253 5.268 5.414 5.501 5.595 5.601 5.583 5.507
-9999 -9999 -9999 -9999 -9999 -9999 -9999 -9999 -9999 -9999 -9999 -9999 -9999 -9999 -9999 -9999 -9999 -9999 -9999 -9999 5.872 5.915 5.863 5.076 4.05 3.518 3.833 4.012 4.201 3.84 3.926 4.131 4.396 4.356 4.455 5.044 5.074 5.113 4.777 5.166 5.025 5.246 5.211 5.256 5.591 5.711 5.545 5.17 5.238 5.167 5.141 5.19 5.198 5.314 5.371 5.399 5.357 5.307 5.32 5.242 5.02 4.841 4.955 5.08 4.992 5.149 5.221 5.332 5.314 5.258 5.381 5.535 5.604 5.661 5.722 5.663 5.64
-9999 -9999 -9999 -9999 -9999 -9999 -9999 -9999 -9999 -9999 -9999 -9999 -9999 -9999 -9999 -9999 -9999 -9999 -9999 5.915 5.762 5.249 5.255 4.981 4.041 3.872 3.538 3.986 4.584 4.529 4.601 4.305 4.294 4.676 4.636 4.702 5.094 5.039 5.365 5.484 5.482 5.411 5.27 5.493 5.686 5.707 5.641 5.525 5.406 5.411 5.284 5.263 5.238 5.31 5.409 5.4 5.375 5.405 5.338 5.191 5.086 5.033 5.175 5.267 5.244 5.218 5.368 5.293 5.333 5.306 5.338 5.501 5.628 5.641 5.678 5.675 5.711
-9999 -9999 -9999 -9999 -9999 -9999 -9999 -9999 -9999 -9999 -9999 -9999 -9999 -9999 -9999 -9999 -9999 -9999 5.745 5.682 5.083 5.287 5.276 4.334 3.725 3.579 3.83 4.246 4.631 4.448 4.548 4.305 3.912 4.538 4.498 5.137 5.332 5.512 5.531 5.418 5.253 5.294 5.227 5.556 5.635 5.85 5.813 5.658 5.507 5.471 5.482 5.336 5.321 5.455 5.508 5.421 5.351 5.327 5.29 5.184 5.164 5.195 5.281 5.403 5.459 5.499 5.349 5.269 5.283 5.344 5.393 5.515 5.539 5.494 5.47 5.522 5.671
-9999 -9999 -9999 -9999 -9999 -9999 -9999 -9999 -9999 -9999 -9999 -9999 -9999 -9999 -9999 -9999 5.335 5.462 5.353 5.819 5.689 5.473 4.883 3.986 3.608 3.508 3.411 4.099 4.383 4.803 4.559 4.078 4.111 4.647 5.125 5.282 5.573 5.61 5.596 5.229 5.101 5.144 5.46 5.788 5.885 5.887 5.821 5.647 5.553 5.551 5.563 5.432 5.45 5.523 5.621 5.382 5.249 5.115 4.995 5.031 5.128 5.344 5.424 5.44 5.348 5.423 5.38 5.359 5.333 5.358 5.429 5.558 5.622 5.426 5.353 5.419 5.622
-9999 -9999 -9999 -9999 -9999 -9999 -9999 -9999 -9999 -9999 -9999 -9999 -9999 -9999 -9999 5.368 5.154 4.798 5.158 5.557 5.511 5.221 4.248 4.149 3.692 3.597 3.967 4.576 5.032 4.972 4.844 4.357 3.912 4.519 5.036 5.468 5.499 5.544 5.291 5.382 5.174 5.241 5.646 5.9 6.074 6.039 5.804 5.764 5.594 5.588 5.662 5.612 5.537 5.527 5.433 5.434 5.214 5.158 5.067 4.913 4.966 5.109 5.265 5.315 5.282 5.337 5.44 5.36 5.521 5.563 5.567 5.626 5.579 5.456 5.346 5.453 5.631
-9999 -9999 -9999 -9999 -9999 -9999 -9999 -9999 -9999 -9999 -9999 -9999 6.768 6.196 5.776 5.427 4.874 4.859 5.157 5.607 5.617 4.629 4.47 4.337 4.533 3.788 4.489 4.683 4.362 4.889 5.077 3.852 4.459 5.014 5.754 5.743 5.572 5.131 5.72 5.58 5.506 5.517 5.586 5.917 6.074 6.137 5.973 5.912 5.732 5.603 5.688 5.672 5.65 5.484 5.367 5.075 5.184 5.231 5.197 5.04 5.024 5.129 5.253 5.358 5.314 5.363 5.389 5.491 5.562 5.653 5.594 5.633 5.646 5.544 5.545 5.578 5.642
-9999 -9999 -9999 -9999 -9999 -9999 -9999 -9999 -9999 -9999 6.296 6.43 6.346 6.106 5.902 5.486 5.499 5.35 5.648 5.485 4.674 5.009 4.888 4.854 4.929 4.408 4.267 3.609 4.16 4.591 4.527 4.84 5.23 5.7 5.134 5.37 5.623 5.789 5.881 5.853 5.724 5.72 5.853 5.82 6.052 6.227 6.125 6.016 5.896 5.812 5.784 5.559 5.643 5.632 5.365 5.168 5.015 5.227 5.205 5.059 4.995 5.04 5.146 5.37 5.492 5.531 5.487 5.447 5.604 5.572 5.504 5.601 5.706 5.669 5.625 5.602 5.568
-9999 -9999 -9999 -9999 -9999 -9999 6.493 6.398 6.363 6.329 5.806 6.335 6.094 6.069 5.796 5.528 5.544 5.564 5.512 4.84 5.113 5.38 4.908 5.311 5.02 4.558 3.757 3.976 4.382 4.671 4.641 5.251 5.658 4.636 4.712 5.386 5.472 5.864 5.892 5.937 5.801 5.601 5.802 5.685 6.176 6.233 6.151 5.913 5.808 5.854 5.356 5.484 5.588 5.635 5.373 5.06 5.048 5.158 5.178 5.168 5.112 5.125 5.194 5.382 5.471 5.545 5.589 5.478 5.481 5.556 5.54 5.712 5.859 5.734 5.422 5.361 5.278
-9999 -9999 -9999 -9999 -9999 6.91 6.468 6.396 6.197 5.387 5.108 5.249 5.5 5.742 5.223 5.091 5.246 5.263 4.959 5.314 5.382 5.084 5.474 5.617 5.208 4.571 4.136 4.41 4.671 4.746 5.057 5.399 4.491 3.468 4.556 5.219 5.733 5.699 5.828 5.675 5.729 5.861 5.887 6.076 6.175 6.177 6.165 5.919 5.741 5.444 5.132 4.932 5.389 5.512 5.095 4.943 5.012 5.144 5.226 5.187 5.2 5.219 5.334 5.335 5.378 5.47 5.396 5.339 5.463 5.542 5.585 5.738 5.842 5.642 5.357 5.173 5.176
-9999 -9999 -9999 -9999 7.274 6.654 6.329 6.235 5.794 5.279 5.365 5.587 5.79 5.323 5.211 5.184 5.603 5.191 5.092 5.413 5.46 5.609 6.007 5.57 4.812 4.388 4.613 4.865 4.88 5.37 5.532 5.223 3.888 3.955 4.597 5.682 5.546 5.654 5.563 5.878 5.963 5.871 5.983 6.059 6.17 6.226 6.29 6.055 5.785 5.364 4.936 4.981 5.214 5.273 5.022 4.744 4.93 5.112 5.187 5.269 5.274 5.325 5.336 5.349 5.253 5.32 5.41 5.322 5.409 5.419 5.307 5.502 5.682 5.535 5.302 5.247 5.242
