Validation/Results/ReClimate_09_2024_1_Temperatureweatherlogisticsltd.asc
NCOLS 192
NROWS 249
XLLCENTER -225160.85627316462
YLLCENTER 29788.11610251502
CELLSIZE 5000.0
NODATA_VALUE -9999
[rows 170 to 203 of 249, columns 75 to 149 of 192]
-9999 -9999 -9999 -9999 -9999 -9999 -9999 -9999 -9999 -9999 -9999 -9999 -9999 -9999 -9999 -9999 -9999 -0.734 -0.735 -9999 -9999 -9999 -9999 -9999 -9999 -9999 -9999 -9999 -9999 -9999 -9999 -9999 -9999 -9999 -9999 -9999 -0.803 -0.841 -0.816 -0.785 -0.795 -0.807 -0.802 -0.797 -0.797 -0.797 -0.804 -0.813 -0.801 -0.787 -0.8 -0.818 -0.813 -0.807 -0.804 -0.801 -0.798 -0.794 -0.775 -0.752 -0.741 -0.729 -0.723 -0.716 -0.703 -0.687 -0.693 -0.703 -0.702 -0.702 -0.693 -0.682 -0.671 -0.659 -0.659
-9999 -9999 -9999 -9999 -9999 -9999 -9999 -9999 -9999 -9999 -9999 -9999 -9999 -9999 -9999 -9999 -9999 -0.728 -0.729 -0.734 -9999 -9999 -9999 -9999 -9999 -9999 -9999 -9999 -9999 -9999 -9999 -9999 -9999 -9999 -9999 -0.722 -0.783 -0.832 -0.818 -0.82 -0.819 -0.791 -0.787 -0.783 -0.782 -0.781 -0.789 -0.802 -0.795 -0.791 -0.801 -0.801 -0.802 -0.801 -0.796 -0.792 -0.799 -0.801 -0.771 -0.741 -0.733 -0.722 -0.719 -0.714 -0.705 -0.693 -0.698 -0.707 -0.692 -0.683 -0.679 -0.671 -0.675 -0.672 -0.662
-9999 -9999 -9999 -9999 -9999 -9999 -9999 -9999 -9999 -9999 -9999 -9999 -9999 -9999 -9999 -9999 -0.735 -0.725 -0.729 -0.735 -0.733 -9999 -9999 -9999 -9999 -9999 -9999 -9999 -9999 -9999 -9999 -9999 -0.672 -9999 -9999 -0.711 -0.751 -0.821 -0.824 -0.827 -9999 -0.779 -0.776 -0.772 -0.771 -0.77 -0.781 -0.794 -0.792 -0.79 -0.791 -0.792 -0.794 -0.797 -0.792 -0.787 -0.793 -0.8 -0.772 -0.737 -0.728 -0.719 -0.715 -0.713 -0.704 -0.694 -0.7 -0.708 -0.694 -0.677 -0.672 -0.668 -0.671 -0.678 -0.669
-9999 -9999 -9999 -9999 -9999 -9999 -9999 -9999 -9999 -9999 -9999 -9999 -9999 -9999 -9999 -9999 -0.734 -0.723 -0.726 -0.728 -0.728 -0.73 -0.726 -9999 -9999 -9999 -0.733 -0.766 -9999 -0.713 -0.671 -0.675 -0.685 -0.692 -9999 -9999 -0.745 -0.753 -9999 -9999 -0.791 -0.76 -0.758 -0.76 -0.773 -0.813 -0.811 -0.777 -0.779 -0.791 -0.786 -0.783 -0.788 -0.793 -0.792 -0.789 -0.776 -0.771 -0.757 -0.731 -0.721 -0.711 -0.712 -0.712 -0.711 -0.707 -0.686 -0.679 -0.677 -0.667 -0.666 -0.665 -0.658 -0.658 -0.662
-9999 -9999 -9999 -9999 -9999 -9999 -9999 -9999 -9999 -9999 -9999 -9999 -9999 -9999 -9999 -9999 -9999 -0.722 -0.723 -0.725 -0.726 -0.728 -9999 -9999 -0.718 -0.721 -0.741 -0.772 -0.737 -0.688 -0.69 -0.682 -0.689 -0.695 -0.702 -9999 -0.719 -0.724 -0.761 -0.805 -0.78 -0.749 -0.75 -0.752 -0.785 -0.825 -0.799 -0.767 -0.776 -0.788 -0.783 -0.776 -0.781 -0.787 -0.786 -0.785 -0.773 -0.758 -0.744 -0.727 -0.717 -0.707 -0.708 -0.711 -0.71 -0.71 -0.691 -0.668 -0.665 -0.664 -0.663 -0.664 -0.658 -0.652 -0.655
-9999 -9999 -9999 -9999 -9999 -9999 -9999 -9999 -9999 -9999 -9999 -9999 -9999 -9999 -9999 -9999 -9999 -0.726 -0.727 -0.721 -0.74 -0.793 -0.788 -0.777 -0.765 -0.713 -0.724 -0.722 -0.702 -0.714 -0.706 -0.687 -0.696 -0.711 -0.711 -0.698 -0.699 -0.704 -0.725 -0.732 -0.722 -0.744 -0.741 -0.732 -0.749 -0.748 -0.733 -0.744 -0.752 -0.76 -0.759 -0.765 -0.772 -0.778 -0.77 -0.764 -0.761 -0.751 -0.749 -0.74 -0.726 -0.713 -0.705 -0.703 -0.69 -0.684 -0.683 -0.672 -0.671 -0.671 -0.662 -0.658 -0.655 -0.65 -0.642
-9999 -9999 -9999 -9999 -9999 -9999 -9999 -9999 -9999 -9999 -9999 -9999 -9999 -9999 -9999 -9999 -9999 -9999 -0.73 -0.719 -0.763 -0.816 -0.81 -0.802 -0.761 -0.711 -0.705 -0.701 -0.709 -0.72 -0.706 -0.687 -0.697 -0.71 -0.697 -0.682 -0.684 -0.687 -0.69 -0.695 -0.712 -0.733 -0.725 -0.716 -0.712 -0.708 -0.716 -0.727 -0.733 -0.739 -0.745 -0.752 -0.76 -0.77 -0.763 -0.753 -0.749 -0.744 -0.742 -0.741 -0.728 -0.713 -0.706 -0.699 -0.687 -0.674 -0.673 -0.673 -0.673 -0.675 -0.666 -0.657 -0.654 -0.651 -0.642
-9999 -9999 -9999 -9999 -9999 -9999 -9999 -9999 -9999 -9999 -9999 -9999 -9999 -9999 -9999 -9999 -9999 -9999 -9999 -9999 -0.759 -0.757 -0.764 -0.804 -0.766 -0.721 -0.708 -0.681 -0.688 -0.703 -0.692 -0.687 -0.69 -0.682 -0.679 -0.697 -0.693 -0.675 -0.679 -0.685 -0.693 -0.688 -0.685 -0.695 -0.692 -0.691 -0.705 -0.731 -0.732 -0.723 -0.727 -0.731 -0.734 -0.74 -0.735 -0.727 -0.733 -0.733 -0.729 -0.725 -0.725 -0.718 -0.712 -0.706 -0.689 -0.673 -0.664 -0.66 -0.659 -0.659 -0.657 -0.652 -0.649 -0.646 -0.633
-9999 -9999 -9999 -9999 -9999 -9999 -9999 -9999 -9999 -9999 -9999 -9999 -9999 -9999 -9999 -9999 -9999 -9999 -9999 -0.741 -0.737 -0.732 -0.764 -0.802 -0.767 -0.724 -0.701 -0.673 -0.677 -0.686 -0.684 -0.68 -0.672 -0.665 -0.678 -0.696 -0.681 -0.664 -0.669 -0.675 -0.67 -0.664 -0.671 -0.681 -0.679 -0.678 -0.7 -0.726 -0.718 -0.709 -0.712 -0.716 -0.718 -0.72 -0.715 -0.708 -0.715 -0.723 -0.72 -0.715 -0.715 -0.716 -0.71 -0.705 -0.689 -0.67 -0.661 -0.653 -0.652 -0.652 -0.65 -0.649 -0.645 -0.643 -0.63
-9999 -9999 -9999 -9999 -9999 -9999 -9999 -9999 -9999 -9999 -9999 -9999 -9999 -9999 -9999 -9999 -9999 -9999 -0.737 -0.726 -0.726 -0.732 -0.752 -0.76 -0.738 -0.739 -0.72 -0.703 -0.699 -0.682 -0.677 -0.665 -0.665 -0.679 -0.687 -0.682 -0.67 -0.661 -0.661 -0.655 -0.654 -0.664 -0.668 -0.668 -0.669 -0.674 -0.691 -0.701 -0.696 -0.697 -0.698 -0.698 -0.696 -0.696 -0.694 -0.69 -0.689 -0.693 -0.702 -0.705 -0.698 -0.695 -0.685 -0.676 -0.666 -0.65 -0.654 -0.652 -0.646 -0.643 -0.641 -0.64 -0.631 -0.626 -0.623
-9999 -9999 -9999 -9999 -9999 -9999 -9999 -9999 -9999 -9999 -9999 -9999 -9999 -9999 -9999 -9999 -9999 -0.733 -0.726 -0.72 -0.725 -0.731 -0.736 -0.742 -0.742 -0.737 -0.724 -0.71 -0.691 -0.674 -0.664 -0.653 -0.664 -0.679 -0.675 -0.671 -0.663 -0.653 -0.648 -0.641 -0.649 -0.658 -0.657 -0.657 -0.661 -0.666 -0.675 -0.685 -0.684 -0.684 -0.684 -0.684 -0.681 -0.679 -0.677 -0.675 -0.674 -0.674 -0.682 -0.693 -0.69 -0.683 -0.673 -0.663 -0.652 -0.64 -0.644 -0.649 -0.644 -0.638 -0.636 -0.635 -0.627 -0.618 -0.616
-9999 -9999 -9999 -9999 -9999 -9999 -9999 -9999 -9999 -9999 -9999 -9999 -9999 -9999 -9999 -0.718 -0.724 -0.71 -0.706 -0.707 -0.712 -0.717 -0.724 -0.737 -0.728 -0.719 -0.707 -0.695 -0.676 -0.655 -0.649 -0.651 -0.666 -0.692 -0.683 -0.66 -0.651 -0.64 -0.637 -0.641 -0.645 -0.644 -0.643 -0.643 -0.646 -0.648 -0.651 -0.649 -0.65 -0.657 -0.656 -0.656 -0.664 -0.667 -0.655 -0.647 -0.656 -0.66 -0.657 -0.661 -0.663 -0.663 -0.669 -0.667 -0.656 -0.645 -0.641 -0.642 -0.633 -0.626 -0.625 -0.625 -0.619 -0.612 -0.6
-9999 -9999 -9999 -9999 -9999 -9999 -9999 -9999 -9999 -9999 -9999 -9999 -9999 -9999 -0.715 -0.713 -0.705 -0.702 -9999 -9999 -9999 -9999 -0.714 -0.725 -0.716 -0.707 -0.696 -0.685 -0.664 -0.643 -0.643 -0.644 -0.665 -0.69 -0.672 -0.65 -0.64 -0.629 -0.632 -0.635 -0.634 -0.633 -0.632 -0.632 -0.632 -0.634 -0.631 -0.629 -0.634 -0.64 -0.64 -0.64 -0.646 -0.655 -0.644 -0.63 -0.638 -0.648 -0.645 -0.642 -0.643 -0.647 -0.656 -0.665 -0.656 -0.645 -0.641 -0.637 -0.629 -0.62 -0.619 -0.619 -0.613 -0.608 -0.596
-9999 -9999 -9999 -9999 -9999 -9999 -9999 -9999 -9999 -9999 -9999 -9999 -9999 -9999 -0.715 -0.719 -0.713 -9999 -9999 -9999 -9999 -9999 -0.708 -0.71 -0.701 -0.694 -0.684 -0.676 -0.661 -0.656 -0.653 -0.645 -0.66 -0.672 -0.658 -0.646 -0.635 -0.618 -0.62 -0.625 -0.624 -0.624 -0.626 -0.633 -0.628 -0.61 -0.614 -0.629 -0.629 -0.62 -0.618 -0.611 -0.621 -0.631 -0.636 -0.632 -0.619 -0.617 -0.629 -0.634 -0.637 -0.642 -0.64 -0.645 -0.643 -0.634 -0.629 -0.624 -0.621 -0.614 -0.615 -0.617 -0.6 -0.587 -0.591
-9999 -9999 -9999 -9999 -9999 -9999 -9999 -9999 -9999 -9999 -9999 -9999 -9999 -9999 -9999 -9999 -0.713 -9999 -9999 -9999 -9999 -9999 -0.685 -0.699 -0.692 -0.685 -0.676 -0.668 -0.661 -0.655 -0.646 -0.638 -0.646 -0.657 -0.648 -0.637 -0.623 -0.607 -0.61 -0.615 -0.615 -0.615 -0.621 -0.628 -0.613 -0.595 -0.608 -0.623 -0.616 -0.607 -0.601 -0.595 -0.604 -0.616 -0.62 -0.626 -0.614 -0.6 -0.611 -0.625 -0.628 -0.634 -0.633 -0.631 -0.631 -0.628 -0.622 -0.616 -0.611 -0.607 -0.607 -0.61 -0.594 -0.575 -0.58
-9999 -9999 -9999 -9999 -9999 -9999 -9999 -9999 -9999 -9999 -9999 -9999 -9999 -9999 -9999 -9999 -9999 -9999 -9999 -9999 -9999 -9999 -0.666 -0.67 -0.676 -0.713 -0.696 -0.657 -0.652 -0.653 -0.644 -0.636 -0.643 -0.649 -0.636 -0.615 -0.604 -0.598 -0.599 -0.595 -0.597 -0.606 -0.61 -0.615 -0.602 -0.589 -0.598 -0.605 -0.596 -0.587 -0.591 -0.591 -0.579 -0.578 -0.582 -0.586 -0.603 -0.605 -0.603 -0.609 -0.593 -0.586 -0.591 -0.591 -0.595 -0.596 -0.607 -0.609 -0.607 -0.604 -0.591 -0.585 -0.584 -0.575 -0.56
-9999 -9999 -9999 -9999 -9999 -9999 -9999 -9999 -9999 -9999 -9999 -9999 -9999 -9999 -9999 -9999 -9999 -9999 -9999 -9999 -9999 -9999 -9999 -0.651 -0.68 -0.717 -0.685 -0.647 -0.646 -0.646 -0.638 -0.63 -0.633 -0.639 -0.621 -0.6 -0.594 -0.589 -0.585 -0.581 -0.587 -0.595 -0.598 -0.602 -0.592 -0.58 -0.585 -0.591 -0.583 -0.574 -0.578 -0.584 -0.573 -0.559 -0.562 -0.567 -0.582 -0.602 -0.6 -0.598 -0.582 -0.563 -0.566 -0.57 -0.572 -0.575 -0.589 -0.601 -0.599 -0.597 -0.585 -0.572 -0.57 -0.572 -0.558
-9999 -9999 -9999 -9999 -9999 -9999 -9999 -9999 -9999 -9999 -9999 -9999 -9999 -9999 -9999 -9999 -9999 -9999 -9999 -9999 -9999 -9999 -0.723 -0.701 -0.72 -0.718 -0.696 -0.683 -0.673 -0.64 -0.629 -0.61 -0.609 -0.606 -0.596 -0.603 -0.595 -0.583 -0.581 -0.585 -0.585 -0.571 -0.573 -0.575 -0.568 -0.57 -0.574 -0.578 -0.574 -0.573 -0.568 -0.568 -0.561 -0.55 -0.549 -0.551 -0.553 -0.563 -0.57 -0.572 -0.559 -0.54 -0.555 -0.566 -0.564 -0.564 -0.56 -0.564 -0.566 -0.566 -0.554 -0.54 -0.542 -0.545 -0.544
-9999 -9999 -9999 -9999 -9999 -9999 -9999 -9999 -9999 -9999 -9999 -9999 -9999 -9999 -9999 -9999 -9999 -9999 -9999 -9999 -9999 -9999 -0.697 -0.715 -0.713 -0.712 -0.702 -0.691 -0.664 -0.633 -0.617 -0.598 -0.591 -0.587 -0.592 -0.598 -0.587 -0.575 -0.577 -0.581 -0.569 -0.555 -0.555 -0.557 -0.558 -0.559 -0.562 -0.566 -0.566 -0.566 -0.562 -0.556 -0.549 -0.541 -0.54 -0.54 -0.541 -0.543 -0.549 -0.556 -0.543 -0.527 -0.54 -0.558 -0.556 -0.554 -0.549 -0.545 -0.548 -0.552 -0.539 -0.526 -0.528 -0.533 -0.532
-9999 -9999 -9999 -9999 -9999 -9999 -9999 -9999 -9999 -9999 -9999 -9999 -9999 -9999 -9999 -9999 -9999 -9999 -9999 -9999 -9999 -9999 -0.621 -0.64 -0.636 -0.642 -0.635 -0.64 -0.622 -0.62 -0.604 -0.586 -0.578 -0.568 -0.572 -0.578 -0.567 -0.556 -0.563 -0.58 -0.568 -0.553 -0.551 -0.547 -0.545 -0.538 -0.541 -0.546 -0.547 -0.554 -0.558 -0.559 -0.553 -0.546 -0.54 -0.537 -0.534 -0.533 -0.534 -0.538 -0.538 -0.53 -0.535 -0.548 -0.552 -0.554 -0.539 -0.528 -0.544 -0.553 -0.535 -0.52 -0.525 -0.532 -0.527
-9999 -9999 -9999 -9999 -9999 -9999 -9999 -9999 -9999 -9999 -9999 -9999 -9999 -9999 -9999 -9999 -9999 -9999 -9999 -9999 -9999 -9999 -9999 -0.605 -0.606 -0.61 -0.612 -0.615 -0.613 -0.611 -0.596 -0.578 -0.567 -0.557 -0.559 -0.564 -0.555 -0.544 -0.557 -0.574 -0.561 -0.546 -0.541 -0.536 -0.53 -0.523 -0.527 -0.531 -0.536 -0.542 -0.546 -0.552 -0.547 -0.54 -0.535 -0.529 -0.526 -0.523 -0.524 -0.525 -0.525 -0.525 -0.53 -0.538 -0.542 -0.549 -0.535 -0.518 -0.533 -0.55 -0.533 -0.515 -0.521 -0.53 -0.525
-9999 -9999 -9999 -9999 -9999 -9999 -9999 -9999 -9999 -9999 -9999 -9999 -9999 -9999 -9999 -9999 -9999 -9999 -9999 -9999 -9999 -9999 -9999 -0.606 -0.625 -0.68 -0.669 -0.622 -0.612 -0.586 -0.573 -0.564 -0.554 -0.546 -0.548 -0.552 -0.544 -0.541 -0.547 -0.544 -0.534 -0.533 -0.529 -0.526 -0.52 -0.512 -0.518 -0.532 -0.534 -0.532 -0.528 -0.529 -0.524 -0.518 -0.516 -0.511 -0.517 -0.519 -0.522 -0.525 -0.528 -0.531 -0.523 -0.523 -0.529 -0.536 -0.542 -0.537 -0.521 -0.522 -0.512 -0.497 -0.505 -0.514 -0.522
-9999 -9999 -9999 -9999 -9999 -9999 -9999 -9999 -9999 -9999 -9999 -9999 -9999 -9999 -9999 -9999 -9999 -9999 -9999 -9999 -9999 -9999 -0.607 -0.603 -0.647 -0.702 -0.665 -0.62 -0.598 -0.572 -0.564 -0.555 -0.547 -0.539 -0.539 -0.542 -0.537 -0.534 -0.53 -0.525 -0.523 -0.522 -0.52 -0.517 -0.51 -0.503 -0.514 -0.527 -0.524 -0.522 -0.518 -0.514 -0.509 -0.503 -0.501 -0.499 -0.504 -0.512 -0.515 -0.52 -0.523 -0.528 -0.522 -0.513 -0.519 -0.526 -0.531 -0.538 -0.524 -0.507 -0.5 -0.489 -0.496 -0.506 -0.514
-9999 -9999 -9999 -9999 -9999 -9999 -9999 -9999 -9999 -9999 -9999 -9999 -9999 -9999 -9999 -9999 -9999 -9999 -9999 -9999 -9999 -9999 -0.607 -0.6 -0.628 -0.641 -0.617 -0.618 -0.596 -0.569 -0.563 -0.561 -0.552 -0.538 -0.538 -0.541 -0.532 -0.513 -0.51 -0.513 -0.516 -0.528 -0.522 -0.509 -0.502 -0.496 -0.501 -0.496 -0.495 -0.5 -0.499 -0.5 -0.503 -0.501 -0.49 -0.483 -0.494 -0.506 -0.505 -0.507 -0.519 -0.528 -0.519 -0.51 -0.512 -0.517 -0.518 -0.522 -0.505 -0.487 -0.492 -0.489 -0.491 -0.498 -0.502
-9999 -9999 -9999 -9999 -9999 -9999 -9999 -9999 -9999 -9999 -9999 -9999 -9999 -9999 -9999 -9999 -9999 -9999 -9999 -9999 -9999 -9999 -0.603 -0.596 -0.603 -0.613 -0.613 -0.613 -0.59 -0.564 -0.561 -0.559 -0.547 -0.534 -0.534 -0.537 -0.52 -0.501 -0.5 -0.502 -0.512 -0.524 -0.512 -0.499 -0.494 -0.488 -0.483 -0.478 -0.482 -0.486 -0.488 -0.49 -0.492 -0.495 -0.484 -0.472 -0.483 -0.498 -0.498 -0.498 -0.509 -0.523 -0.514 -0.504 -0.506 -0.509 -0.51 -0.512 -0.496 -0.476 -0.482 -0.487 -0.489 -0.493 -0.497
-9999 -9999 -9999 -9999 -9999 -9999 -9999 -9999 -9999 -9999 -9999 -9999 -9999 -9999 -9999 -9999 -9999 -9999 -9999 -9999 -9999 -0.605 -0.599 -0.553 -0.565 -0.595 -0.593 -0.593 -0.577 -0.57 -0.56 -0.534 -0.528 -0.536 -0.532 -0.525 -0.512 -0.506 -0.501 -0.487 -0.492 -0.491 -0.482 -0.479 -0.473 -0.467 -0.461 -0.451 -0.455 -0.464 -0.469 -0.484 -0.474 -0.47 -0.465 -0.456 -0.458 -0.468 -0.478 -0.484 -0.485 -0.493 -0.491 -0.483 -0.493 -0.501 -0.493 -0.49 -0.494 -0.487 -0.482 -0.483 -0.479 -0.479 -0.477
-9999 -9999 -9999 -9999 -9999 -9999 -9999 -9999 -9999 -9999 -9999 -9999 -9999 -9999 -9999 -9999 -9999 -9999 -9999 -9999 -0.61 -0.601 -0.569 -0.534 -0.556 -0.584 -0.582 -0.581 -0.575 -0.569 -0.546 -0.52 -0.524 -0.532 -0.524 -0.516 -0.51 -0.504 -0.491 -0.478 -0.474 -0.471 -0.468 -0.465 -0.459 -0.453 -0.445 -0.435 -0.44 -0.449 -0.46 -0.475 -0.466 -0.455 -0.451 -0.446 -0.448 -0.452 -0.462 -0.474 -0.475 -0.477 -0.474 -0.471 -0.481 -0.494 -0.487 -0.479 -0.482 -0.487 -0.483 -0.478 -0.475 -0.471 -0.472
-9999 -9999 -9999 -9999 -9999 -9999 -9999 -9999 -9999 -9999 -9999 -9999 -9999 -9999 -9999 -9999 -9999 -9999 -0.624 -0.614 -0.611 -0.589 -0.569 -0.566 -0.577 -0.571 -0.567 -0.561 -0.557 -0.559 -0.533 -0.501 -0.505 -0.513 -0.507 -0.503 -0.494 -0.483 -0.472 -0.467 -0.46 -0.452 -0.449 -0.452 -0.446 -0.441 -0.435 -0.435 -0.437 -0.436 -0.441 -0.438 -0.435 -0.427 -0.441 -0.447 -0.446 -0.449 -0.453 -0.461 -0.461 -0.462 -0.456 -0.451 -0.461 -0.474 -0.477 -0.474 -0.467 -0.466 -0.471 -0.471 -0.468 -0.465 -0.468
-9999 -9999 -9999 -9999 -9999 -9999 -9999 -9999 -9999 -9999 -9999 -9999 -9999 -9999 -9999 -9999 -9999 -0.629 -0.62 -0.625 -0.606 -0.581 -0.578 -0.576 -0.569 -0.563 -0.556 -0.549 -0.55 -0.551 -0.523 -0.491 -0.495 -0.502 -0.498 -0.495 -0.484 -0.472 -0.465 -0.459 -0.45 -0.441 -0.441 -0.443 -0.436 -0.43 -0.43 -0.431 -0.428 -0.426 -0.423 -0.42 -0.417 -0.413 -0.426 -0.443 -0.443 -0.444 -0.447 -0.452 -0.452 -0.452 -0.447 -0.441 -0.451 -0.464 -0.466 -0.468 -0.462 -0.456 -0.46 -0.468 -0.467 -0.464 -0.468
-9999 -9999 -9999 -9999 -9999 -9999 -9999 -9999 -9999 -9999 -9999 -9999 -9999 -9999 -0.698 -0.708 -0.669 -0.624 -0.617 -0.605 -0.592 -0.597 -0.593 -0.589 -0.582 -0.575 -0.568 -0.558 -0.555 -0.547 -0.523 -0.5 -0.5 -0.495 -0.487 -0.473 -0.464 -0.459 -0.45 -0.437 -0.428 -0.423 -0.423 -0.43 -0.424 -0.424 -0.423 -0.423 -0.423 -0.427 -0.423 -0.42 -0.416 -0.413 -0.411 -0.419 -0.433 -0.441 -0.432 -0.429 -0.431 -0.433 -0.444 -0.448 -0.44 -0.442 -0.451 -0.458 -0.457 -0.455 -0.452 -0.455 -0.468 -0.473 -0.475
-9999 -9999 -9999 -9999 -9999 -9999 -9999 -9999 -9999 -9999 -9999 -9999 -0.686 -0.676 -0.68 -0.701 -0.662 -0.619 -0.606 -0.592 -0.595 -0.6 -0.595 -0.59 -0.583 -0.576 -0.567 -0.558 -0.55 -0.542 -0.523 -0.502 -0.496 -0.491 -0.478 -0.464 -0.458 -0.452 -0.439 -0.426 -0.419 -0.413 -0.416 -0.421 -0.42 -0.419 -0.418 -0.418 -0.42 -0.424 -0.42 -0.416 -0.411 -0.407 -0.407 -0.407 -0.419 -0.436 -0.428 -0.418 -0.42 -0.424 -0.434 -0.447 -0.44 -0.432 -0.441 -0.454 -0.454 -0.456 -0.454 -0.451 -0.464 -0.476 -0.479
-9999 -9999 -9999 -9999 -9999 -9999 -9999 -9999 -0.76 -0.743 -0.722 -0.701 -0.699 -0.666 -0.667 -0.653 -0.626 -0.622 -0.609 -0.594 -0.593 -0.59 -0.586 -0.583 -0.574 -0.562 -0.556 -0.558 -0.553 -0.55 -0.534 -0.515 -0.506 -0.488 -0.486 -0.502 -0.484 -0.438 -0.425 -0.411 -0.403 -0.395 -0.398 -0.407 -0.404 -0.4 -0.398 -0.395 -0.396 -0.4 -0.396 -0.392 -0.398 -0.398 -0.396 -0.397 -0.404 -0.417 -0.418 -0.412 -0.417 -0.422 -0.421 -0.428 -0.431 -0.428 -0.438 -0.451 -0.448 -0.447 -0.451 -0.452 -0.462 -0.473 -0.489
-9999 -9999 -9999 -9999 -9999 -9999 -9999 -0.766 -0.756 -0.737 -0.733 -0.736 -0.711 -0.662 -0.646 -0.63 -0.624 -0.621 -0.606 -0.591 -0.587 -0.583 -0.579 -0.576 -0.565 -0.553 -0.553 -0.556 -0.553 -0.551 -0.536 -0.518 -0.503 -0.486 -0.498 -0.515 -0.477 -0.433 -0.42 -0.405 -0.396 -0.388 -0.392 -0.4 -0.396 -0.392 -0.389 -0.385 -0.387 -0.39 -0.388 -0.385 -0.39 -0.397 -0.395 -0.395 -0.402 -0.412 -0.412 -0.412 -0.417 -0.423 -0.422 -0.422 -0.424 -0.428 -0.438 -0.451 -0.448 -0.445 -0.449 -0.454 -0.463 -0.472 -0.486
-9999 -9999 -9999 -9999 -9999 -9999 -0.771 -0.762 -0.753 -0.743 -0.743 -0.741 -0.719 -0.711 -0.686 -0.637 -0.624 -0.601 -0.588 -0.579 -0.571 -0.559 -0.553 -0.548 -0.546 -0.563 -0.57 -0.588 -0.573 -0.528 -0.517 -0.515 -0.502 -0.488 -0.497 -0.502 -0.47 -0.443 -0.432 -0.423 -0.413 -0.396 -0.4 -0.408 -0.403 -0.395 -0.392 -0.386 -0.391 -0.403 -0.403 -0.405 -0.402 -0.405 -0.403 -0.402 -0.412 -0.423 -0.412 -0.406 -0.411 -0.417 -0.411 -0.407 -0.411 -0.416 -0.421 -0.43 -0.445 -0.451 -0.465 -0.477 -0.49 -0.501 -0.495
