Validation/Results/ReClimate_06_2024_1_Temperature-Actuals.asc
NCOLS 192
NROWS 249
XLLCENTER -225160.85627316462
YLLCENTER 29788.11610251502
CELLSIZE 5000.0
NODATA_VALUE -9999
[rows 68 to 101 of 249, columns 75 to 149 of 192]
-9999 -9999 -9999 -9999 -9999 -9999 -9999 -9999 -9999 -9999 -9999 13.977 13.235 14.318 14.905 14.068 13.781 14.569 14.781 14.852 15.126 14.973 15.131 14.715 14.75 15.07 14.492 14.804 15.507 -9999 -9999 -9999 -9999 -9999 -9999 -9999 -9999 -9999 -9999 -9999 -9999 -9999 -9999 -9999 -9999 -9999 -9999 -9999 -9999 -9999 -9999 -9999 -9999 -9999 -9999 -9999 -9999 -9999 -9999 -9999 -9999 -9999 -9999 -9999 -9999 -9999 -9999 -9999 -9999 -9999 -9999 -9999 -9999 -9999 -9999
-9999 -9999 -9999 -9999 -9999 -9999 -9999 -9999 -9999 -9999 -9999 -9999 -9999 14.807 14.099 13.46 14.441 14.989 14.692 14.557 14.81 15.437 15.385 14.719 14.91 14.888 15.66 -9999 -9999 -9999 -9999 -9999 -9999 -9999 -9999 -9999 -9999 -9999 -9999 -9999 -9999 -9999 -9999 -9999 -9999 -9999 -9999 -9999 -9999 -9999 -9999 -9999 -9999 -9999 -9999 -9999 -9999 -9999 -9999 -9999 -9999 -9999 -9999 -9999 -9999 -9999 -9999 -9999 -9999 -9999 -9999 -9999 -9999 -9999 -9999
-9999 -9999 -9999 -9999 -9999 -9999 -9999 15.112 -9999 -9999 15.079 14.637 14.42 14.603 13.094 13.703 14.243 14.156 13.585 14.046 14.683 15.737 15.261 15.143 14.655 15.303 15.662 -9999 -9999 -9999 -9999 -9999 -9999 -9999 -9999 -9999 -9999 -9999 -9999 -9999 -9999 -9999 -9999 -9999 -9999 -9999 -9999 -9999 -9999 -9999 -9999 -9999 -9999 -9999 -9999 -9999 -9999 -9999 -9999 -9999 -9999 -9999 -9999 -9999 -9999 -9999 -9999 -9999 -9999 -9999 -9999 -9999 -9999 -9999 -9999
-9999 -9999 -9999 -9999 -9999 15.105 15.203 15.19 15.263 14.654 14.671 13.482 13.497 13.808 14.707 13.05 13.044 13.078 13.346 14.27 14.165 13.643 15.324 15.529 15.776 16.001 16.079 -9999 -9999 -9999 -9999 -9999 -9999 -9999 -9999 -9999 -9999 -9999 -9999 -9999 -9999 -9999 -9999 -9999 -9999 -9999 -9999 -9999 -9999 -9999 -9999 -9999 -9999 -9999 -9999 -9999 -9999 -9999 -9999 -9999 -9999 -9999 -9999 -9999 -9999 -9999 -9999 -9999 -9999 -9999 -9999 -9999 -9999 -9999 -9999
-9999 -9999 -9999 -9999 -9999 15.095 15.068 -9999 15.07 14.167 13.411 13.245 12.116 14.726 13.537 12.42 12.404 12.691 13.299 13.018 12.439 13.829 14.387 14.435 15.254 15.26 -9999 15.896 -9999 -9999 -9999 -9999 -9999 -9999 -9999 -9999 -9999 -9999 -9999 -9999 -9999 -9999 -9999 -9999 -9999 -9999 -9999 -9999 -9999 -9999 -9999 -9999 -9999 -9999 -9999 -9999 -9999 -9999 -9999 -9999 -9999 -9999 -9999 -9999 -9999 -9999 -9999 -9999 -9999 -9999 -9999 -9999 -9999 -9999 -9999
-9999 -9999 -9999 -9999 -9999 -9999 14.545 14.797 14.923 13.754 13.885 12.0 13.609 13.873 13.874 13.664 13.372 12.681 13.102 12.794 13.468 14.544 14.298 14.534 14.783 15.249 15.901 15.87 -9999 -9999 -9999 -9999 -9999 -9999 -9999 -9999 -9999 -9999 -9999 -9999 -9999 -9999 -9999 -9999 -9999 -9999 -9999 -9999 -9999 -9999 -9999 -9999 -9999 -9999 -9999 -9999 -9999 -9999 -9999 -9999 -9999 -9999 -9999 -9999 -9999 -9999 -9999 -9999 -9999 -9999 -9999 -9999 -9999 -9999 -9999
-9999 -9999 -9999 -9999 -9999 -9999 -9999 15.259 14.883 14.551 12.103 13.066 13.218 13.504 12.503 11.986 13.136 13.908 13.611 12.903 13.933 14.608 14.334 14.985 15.204 15.896 15.84 15.41 -9999 -9999 -9999 -9999 -9999 -9999 -9999 -9999 -9999 -9999 -9999 -9999 -9999 -9999 -9999 -9999 -9999 -9999 -9999 -9999 -9999 -9999 -9999 -9999 -9999 -9999 -9999 -9999 -9999 -9999 -9999 -9999 -9999 -9999 -9999 -9999 -9999 -9999 -9999 -9999 -9999 -9999 -9999 -9999 -9999 -9999 -9999
-9999 -9999 -9999 -9999 -9999 13.9 14.207 13.894 13.847 13.769 14.6 13.298 13.455 13.129 12.848 13.601 13.92 13.754 13.946 13.596 12.852 14.106 15.021 15.9 16.065 -9999 15.579 -9999 -9999 -9999 -9999 -9999 -9999 16.158 16.246 16.26 -9999 -9999 -9999 -9999 -9999 -9999 -9999 -9999 -9999 -9999 -9999 -9999 -9999 -9999 -9999 -9999 -9999 -9999 -9999 -9999 -9999 -9999 -9999 -9999 -9999 -9999 -9999 -9999 -9999 -9999 -9999 -9999 -9999 -9999 -9999 -9999 -9999 -9999 -9999
14.432 -9999 -9999 -9999 -9999 -9999 13.569 13.103 13.123 14.162 13.883 14.75 13.542 13.713 13.435 14.214 14.526 15.403 14.698 13.253 14.183 14.975 15.831 15.767 15.424 15.414 -9999 -9999 -9999 -9999 16.351 16.472 16.413 16.272 16.326 16.399 16.294 16.208 15.92 15.368 15.105 15.42 15.77 15.916 15.751 15.17 14.74 14.754 15.039 15.211 15.201 15.141 -9999 -9999 -9999 -9999 -9999 -9999 -9999 -9999 -9999 -9999 -9999 -9999 -9999 -9999 -9999 -9999 -9999 -9999 -9999 -9999 -9999 -9999 -9999
12.739 -9999 -9999 -9999 13.254 -9999 13.806 14.606 13.955 12.455 15.316 14.162 14.486 13.796 14.431 14.053 14.485 14.368 15.052 15.466 15.554 15.761 15.929 15.288 15.271 -9999 -9999 -9999 -9999 16.002 16.31 16.478 16.007 15.738 16.264 16.209 16.03 16.089 15.079 14.651 14.861 15.31 15.624 15.49 15.617 15.432 15.014 14.813 15.058 15.041 14.768 15.163 -9999 -9999 -9999 -9999 -9999 -9999 -9999 -9999 -9999 -9999 -9999 -9999 -9999 -9999 -9999 -9999 -9999 -9999 -9999 -9999 -9999 -9999 -9999
13.866 -9999 -9999 -9999 12.784 13.021 14.4 14.183 11.94 13.563 13.028 14.804 13.794 14.14 14.185 14.539 14.476 13.842 14.372 14.771 15.892 16.249 15.595 16.058 -9999 -9999 15.91 16.128 16.053 15.961 16.149 16.015 15.632 15.722 15.302 15.136 15.574 15.385 15.058 15.179 15.363 15.448 15.129 15.545 15.649 15.402 15.025 15.067 15.091 14.876 14.747 15.064 15.182 -9999 -9999 -9999 -9999 -9999 -9999 -9999 -9999 -9999 -9999 -9999 -9999 -9999 -9999 -9999 -9999 -9999 -9999 -9999 -9999 -9999 -9999
14.335 -9999 14.22 -9999 13.997 14.14 13.59 13.02 13.627 11.856 13.616 14.334 13.838 13.421 13.351 13.989 14.067 14.046 13.659 14.659 15.455 16.329 16.575 16.699 -9999 15.634 15.478 15.629 15.591 15.762 15.877 15.356 15.176 14.808 14.422 14.878 15.337 14.847 14.785 14.868 15.239 15.633 15.818 15.827 15.575 15.372 15.151 15.124 15.09 15.165 15.108 15.034 15.121 -9999 -9999 -9999 -9999 -9999 -9999 -9999 -9999 -9999 -9999 -9999 -9999 -9999 -9999 -9999 -9999 -9999 -9999 -9999 -9999 -9999 -9999
-9999 14.392 -9999 -9999 -9999 12.898 12.211 13.781 13.201 14.765 14.588 14.283 13.731 13.021 13.152 12.46 12.796 13.163 14.279 15.104 16.205 16.128 15.542 16.191 16.078 15.202 14.696 14.458 14.888 15.243 15.011 14.78 14.275 14.285 15.133 15.356 15.255 15.201 14.742 14.868 15.393 15.741 15.872 15.505 15.26 15.41 15.273 15.125 15.033 15.235 15.075 14.983 14.97 -9999 -9999 -9999 -9999 -9999 -9999 -9999 -9999 -9999 -9999 -9999 -9999 -9999 -9999 -9999 -9999 -9999 -9999 -9999 -9999 -9999 -9999
14.971 -9999 -9999 -9999 -9999 13.686 14.607 14.509 -9999 14.408 13.577 13.313 13.876 13.886 13.611 14.11 14.278 14.135 14.455 14.847 15.134 14.627 14.624 15.963 15.29 14.981 14.137 13.712 14.324 14.779 14.678 14.16 13.859 15.01 15.385 14.572 15.001 14.409 14.357 14.953 15.119 15.655 15.257 14.765 15.299 15.379 15.481 15.204 15.479 15.253 14.986 15.09 15.015 -9999 -9999 -9999 -9999 -9999 -9999 -9999 -9999 -9999 -9999 -9999 -9999 -9999 -9999 -9999 -9999 -9999 -9999 -9999 -9999 -9999 -9999
14.944 -9999 -9999 -9999 14.69 -9999 -9999 15.039 14.983 13.836 12.334 12.554 12.995 12.442 13.702 14.249 14.422 15.008 14.803 14.561 14.591 14.363 16.161 15.321 15.047 13.898 14.183 14.025 13.679 14.288 14.251 14.165 14.844 15.486 14.589 14.665 14.578 14.191 14.402 14.129 15.033 15.245 14.54 15.154 15.382 15.325 15.006 15.516 15.696 15.526 15.199 15.153 -9999 -9999 -9999 -9999 -9999 -9999 -9999 -9999 -9999 -9999 -9999 -9999 -9999 -9999 -9999 -9999 -9999 -9999 -9999 -9999 -9999 -9999 -9999
14.255 14.354 14.85 -9999 -9999 -9999 13.735 15.391 -9999 14.236 14.578 13.954 12.398 11.996 11.977 13.333 15.011 14.803 14.164 13.905 14.78 16.11 15.096 15.05 14.182 13.999 14.247 13.725 13.692 14.571 14.754 14.99 14.9 13.969 14.606 14.222 13.19 13.961 14.054 14.375 15.195 14.912 15.238 15.52 15.655 15.478 15.635 15.57 15.81 15.615 15.292 -9999 -9999 -9999 -9999 -9999 -9999 -9999 -9999 -9999 -9999 -9999 -9999 -9999 -9999 -9999 -9999 -9999 -9999 -9999 -9999 -9999 -9999 -9999 -9999
13.128 13.845 14.727 -9999 14.587 13.473 13.393 13.991 13.427 14.818 14.888 13.039 11.284 11.93 13.981 14.348 14.604 13.766 13.048 13.794 15.146 15.332 14.493 13.236 12.95 13.781 13.76 13.648 14.93 15.203 15.064 14.452 13.724 14.793 14.762 14.01 13.693 13.429 13.567 13.813 14.827 14.35 14.847 14.641 14.381 15.626 15.801 15.537 15.515 15.536 15.316 -9999 -9999 -9999 -9999 -9999 -9999 -9999 -9999 -9999 -9999 -9999 -9999 -9999 -9999 -9999 -9999 -9999 -9999 -9999 -9999 -9999 -9999 -9999 -9999
13.655 14.357 15.046 14.532 14.264 13.158 -9999 14.495 13.891 13.011 12.525 12.939 12.823 13.775 12.799 13.727 13.758 13.817 14.467 14.826 15.217 14.692 13.088 12.196 13.31 13.679 13.126 14.481 14.614 15.511 15.144 14.554 14.427 14.185 14.155 13.64 12.893 13.485 13.91 14.551 14.934 15.181 15.323 14.911 15.518 15.938 15.857 15.739 15.683 15.507 -9999 -9999 -9999 -9999 -9999 -9999 -9999 -9999 -9999 -9999 -9999 -9999 -9999 -9999 -9999 -9999 -9999 -9999 -9999 -9999 -9999 -9999 -9999 -9999 -9999
-9999 -9999 -9999 14.795 13.792 -9999 14.502 13.352 11.738 11.763 14.053 14.187 13.661 11.808 12.822 14.812 14.91 14.37 14.024 15.308 14.724 13.363 12.132 12.218 12.625 12.207 13.577 13.327 14.645 14.927 13.788 14.167 13.081 13.19 12.932 12.573 13.292 14.405 14.496 14.659 14.826 14.854 15.2 15.266 15.639 15.769 15.823 15.81 15.796 15.734 -9999 -9999 -9999 -9999 -9999 -9999 -9999 -9999 -9999 -9999 -9999 -9999 -9999 -9999 -9999 -9999 -9999 -9999 -9999 -9999 -9999 -9999 -9999 -9999 -9999
-9999 -9999 14.99 14.434 -9999 15.199 14.088 -9999 13.551 14.994 13.808 13.778 11.603 12.314 13.965 13.497 13.458 14.422 15.474 13.954 13.366 12.466 11.622 11.619 11.463 12.149 13.165 14.473 15.476 14.496 14.403 12.917 12.279 12.734 13.245 13.261 13.991 14.021 14.279 14.824 14.849 14.804 14.772 15.079 15.353 15.372 15.681 15.477 15.452 15.733 -9999 -9999 -9999 -9999 -9999 -9999 -9999 -9999 -9999 -9999 -9999 -9999 -9999 -9999 -9999 -9999 -9999 -9999 -9999 -9999 -9999 -9999 -9999 -9999 -9999
-9999 -9999 15.407 -9999 -9999 14.783 14.033 13.548 14.899 13.395 13.538 13.892 13.924 14.176 14.497 14.825 15.438 15.496 13.42 12.349 12.085 11.604 11.244 11.01 11.875 13.769 14.726 14.531 13.337 13.386 11.015 10.805 11.934 12.502 12.559 13.57 13.739 13.929 14.343 15.541 15.37 15.219 15.356 15.018 14.031 15.107 15.803 15.728 15.779 15.719 -9999 -9999 -9999 -9999 -9999 -9999 -9999 -9999 -9999 -9999 -9999 -9999 -9999 -9999 -9999 -9999 -9999 -9999 -9999 -9999 -9999 -9999 -9999 -9999 -9999
-9999 -9999 -9999 -9999 -9999 -9999 13.193 13.785 14.485 13.015 13.166 14.629 13.972 13.616 13.972 14.163 14.381 13.02 12.1 11.825 12.836 12.687 11.81 11.835 13.512 14.819 14.575 13.643 12.661 10.685 11.315 10.986 11.706 11.933 12.704 13.219 13.609 14.351 15.595 15.725 15.493 15.849 15.745 14.89 15.365 15.998 15.974 15.613 15.424 -9999 -9999 -9999 -9999 -9999 -9999 -9999 -9999 -9999 -9999 -9999 -9999 -9999 -9999 -9999 -9999 -9999 -9999 -9999 -9999 -9999 -9999 -9999 -9999 -9999 -9999
-9999 -9999 -9999 -9999 15.652 14.832 -9999 13.685 13.77 12.928 15.057 15.01 14.382 13.535 12.204 12.315 12.728 13.473 13.254 13.265 12.811 13.237 13.212 13.836 14.23 13.516 13.263 12.213 11.041 11.638 11.329 12.562 12.822 13.461 14.387 14.227 14.248 14.38 14.44 14.818 14.98 14.537 15.077 15.84 15.652 15.303 14.997 14.954 15.276 -9999 -9999 -9999 -9999 -9999 -9999 -9999 -9999 -9999 -9999 -9999 -9999 -9999 -9999 -9999 -9999 -9999 -9999 -9999 -9999 -9999 -9999 -9999 -9999 -9999 -9999
-9999 -9999 -9999 15.526 15.674 13.831 14.019 12.699 12.273 13.189 13.125 13.999 14.599 13.945 14.241 13.993 12.741 13.02 11.996 11.095 14.233 13.929 14.005 13.807 13.433 12.715 12.472 11.792 12.478 12.697 13.159 13.144 13.483 13.17 12.896 12.426 13.151 13.523 12.904 12.541 13.031 13.627 14.471 14.526 14.529 14.528 14.792 15.031 -9999 -9999 -9999 -9999 -9999 -9999 -9999 -9999 -9999 -9999 -9999 -9999 -9999 -9999 -9999 -9999 -9999 -9999 -9999 -9999 -9999 -9999 -9999 -9999 -9999 -9999 -9999
-9999 -9999 -9999 15.548 -9999 15.292 14.869 14.183 13.709 13.175 14.369 14.161 13.069 15.03 15.345 14.393 13.957 12.79 12.806 14.756 13.716 12.461 12.958 13.178 11.559 12.46 12.192 11.953 11.922 12.392 12.409 12.596 12.28 12.299 11.522 11.63 13.585 12.538 12.645 14.196 14.053 13.576 14.083 14.024 14.244 15.038 14.85 15.03 -9999 -9999 -9999 -9999 -9999 -9999 -9999 -9999 -9999 -9999 -9999 -9999 -9999 -9999 -9999 -9999 -9999 -9999 -9999 -9999 -9999 -9999 -9999 -9999 -9999 -9999 -9999
-9999 -9999 -9999 -9999 -9999 14.415 13.365 15.197 15.187 15.389 15.579 14.841 15.614 15.505 15.082 14.509 13.105 14.148 14.224 13.692 11.938 12.854 13.94 12.308 11.549 12.666 12.315 12.541 11.78 12.272 12.488 11.099 11.511 11.37 10.472 12.025 12.247 11.899 13.13 13.943 14.344 15.084 14.684 14.262 15.181 15.427 15.186 15.029 -9999 -9999 -9999 -9999 -9999 -9999 -9999 -9999 -9999 -9999 -9999 -9999 -9999 -9999 -9999 -9999 -9999 -9999 -9999 -9999 -9999 -9999 -9999 -9999 -9999 -9999 -9999
-9999 -9999 -9999 15.61 15.27 13.988 14.542 15.268 13.639 14.682 13.949 14.052 -9999 14.085 10.915 11.718 12.317 12.557 12.039 11.729 11.826 12.159 12.141 12.196 12.919 13.349 13.838 13.252 12.808 12.941 11.566 12.651 12.7 12.662 11.981 11.848 12.479 13.836 13.196 13.596 14.479 14.099 14.987 15.576 15.818 15.476 14.86 15.274 -9999 -9999 -9999 -9999 -9999 -9999 -9999 -9999 -9999 -9999 -9999 -9999 -9999 -9999 -9999 -9999 -9999 -9999 -9999 -9999 -9999 -9999 -9999 -9999 -9999 -9999 -9999
15.463 15.448 15.36 -9999 15.535 15.025 15.1 14.199 13.324 13.359 14.002 -9999 13.623 10.695 11.419 11.541 12.873 12.867 12.932 12.22 12.392 11.873 12.566 13.461 13.826 14.147 14.754 14.378 14.612 13.24 13.3 13.364 13.515 13.608 13.289 13.128 13.777 13.728 13.62 13.667 13.615 15.121 15.637 15.896 15.685 14.929 15.177 -9999 -9999 -9999 -9999 -9999 -9999 -9999 -9999 -9999 -9999 -9999 -9999 -9999 -9999 -9999 -9999 -9999 -9999 -9999 -9999 -9999 -9999 -9999 -9999 -9999 -9999 -9999 -9999
15.465 15.288 14.46 14.714 -9999 15.269 14.975 14.292 13.562 14.484 15.4 14.645 12.833 12.626 13.794 12.786 13.368 13.246 13.222 13.079 13.546 13.19 13.991 13.574 12.791 14.42 14.331 14.912 14.721 14.186 13.546 14.031 14.415 14.071 13.5 13.805 13.842 14.313 14.014 14.205 15.051 15.519 15.499 15.47 15.423 -9999 -9999 -9999 -9999 -9999 -9999 -9999 -9999 -9999 -9999 -9999 -9999 -9999 -9999 -9999 -9999 -9999 -9999 -9999 -9999 -9999 -9999 -9999 -9999 -9999 -9999 -9999 -9999 -9999 -9999
-9999 -9999 14.653 -9999 14.38 14.409 14.215 12.682 12.957 -9999 -9999 12.983 13.921 14.634 12.446 13.121 12.558 13.301 12.898 14.583 14.744 15.108 15.119 14.412 14.676 14.193 14.863 14.394 14.539 14.63 14.343 14.327 14.771 14.34 14.265 14.236 14.638 14.377 14.806 15.418 15.8 15.673 15.337 15.604 -9999 -9999 -9999 -9999 -9999 -9999 -9999 -9999 -9999 -9999 -9999 -9999 -9999 -9999 -9999 -9999 -9999 -9999 -9999 -9999 -9999 -9999 -9999 -9999 -9999 -9999 -9999 -9999 -9999 -9999 -9999
14.795 -9999 14.492 13.622 14.645 14.163 13.941 14.451 -9999 -9999 13.89 12.774 13.24 12.122 13.903 13.849 13.707 13.743 14.443 14.554 14.501 14.293 14.033 13.314 12.293 13.631 14.119 14.274 15.51 15.679 15.343 14.473 14.468 14.808 14.788 14.983 15.192 15.241 15.626 15.828 15.836 15.578 15.491 15.339 15.415 -9999 -9999 -9999 -9999 -9999 -9999 -9999 -9999 -9999 -9999 -9999 -9999 -9999 -9999 -9999 -9999 -9999 -9999 -9999 -9999 -9999 -9999 -9999 -9999 -9999 -9999 -9999 -9999 -9999 -9999
14.309 14.321 14.773 14.793 14.527 14.426 14.421 -9999 -9999 15.746 13.739 14.775 13.565 14.326 13.233 12.288 13.821 13.803 13.933 12.983 12.572 13.144 13.964 14.279 14.533 14.985 14.413 15.002 15.041 14.94 14.643 14.58 14.813 15.254 15.525 15.76 15.904 15.901 15.752 15.667 15.69 15.651 15.56 15.598 -9999 -9999 -9999 -9999 -9999 -9999 -9999 -9999 -9999 -9999 -9999 -9999 -9999 -9999 -9999 -9999 -9999 -9999 -9999 -9999 -9999 -9999 -9999 -9999 -9999 -9999 -9999 -9999 -9999 -9999 -9999
13.474 14.845 -9999 -9999 15.386 14.317 -9999 -9999 -9999 15.594 14.644 12.299 13.08 11.413 12.739 14.337 14.233 13.523 13.114 13.069 13.098 13.923 13.707 13.428 14.502 15.128 14.3 13.752 13.715 14.486 14.931 15.719 15.518 16.084 16.196 16.29 15.966 15.258 15.229 15.306 15.437 15.483 15.721 15.743 -9999 -9999 -9999 -9999 -9999 -9999 -9999 -9999 -9999 -9999 -9999 -9999 -9999 -9999 -9999 -9999 -9999 -9999 -9999 -9999 -9999 -9999 -9999 -9999 -9999 -9999 -9999 -9999 -9999 -9999 -9999
-9999 15.375 15.504 15.16 -9999 -9999 -9999 -9999 14.559 14.494 12.881 13.69 13.521 12.459 13.678 13.983 13.339 11.949 13.107 11.992 14.031 13.471 12.617 14.808 15.848 13.683 12.418 12.817 14.667 14.674 15.248 15.413 16.059 16.271 16.278 15.885 14.906 15.302 15.444 15.662 15.642 15.827 16.018 -9999 -9999 -9999 -9999 -9999 -9999 -9999 -9999 -9999 -9999 -9999 -9999 -9999 -9999 -9999 -9999 -9999 -9999 -9999 -9999 -9999 -9999 -9999 -9999 -9999 -9999 -9999 -9999 -9999 -9999 -9999 -9999
