Validation/Results/ReClimate_08_2024_1_Temperature.asc
NCOLS 192
NROWS 249
XLLCENTER -225160.85627316462
YLLCENTER 29788.11610251502
CELLSIZE 5000.0
NODATA_VALUE -9999
[rows 136 to 169 of 249, columns 75 to 149 of 192]
-0.159 -9999 -9999 -9999 -9999 -9999 -9999 -9999 -9999 -9999 -0.203 -9999 -0.225 -0.247 -0.236 -0.222 -0.246 -0.274 -0.254 -0.23 -0.249 -0.274 -0.257 -0.237 -0.248 -0.264 -0.249 -0.232 -0.222 -0.212 -9999 -9999 -9999 -9999 -9999 -9999 -0.217 -0.216 -0.205 -0.193 -0.198 -0.203 -0.194 -0.188 -0.18 -0.172 -0.165 -0.159 -0.171 -0.186 -0.191 -0.198 -0.179 -0.156 -0.151 -0.147 -0.151 -0.162 -0.163 -9999 -9999 -9999 -9999 -9999 -9999 -9999 -9999 -9999 -9999 -9999 -9999 -9999 -9999 -9999 -9999
-0.148 -0.164 -9999 -9999 -9999 -9999 -9999 -9999 -9999 -9999 -0.205 -0.207 -0.212 -0.199 -0.2 -0.216 -0.23 -0.237 -0.224 -0.222 -0.247 -0.28 -0.261 -0.233 -0.241 -0.247 -0.238 -0.239 -0.229 -0.218 -9999 -9999 -9999 -9999 -0.223 -0.21 -0.207 -0.207 -0.198 -0.196 -0.198 -0.198 -0.19 -0.182 -0.172 -0.16 -0.154 -0.151 -0.159 -0.171 -0.167 -0.169 -0.165 -0.153 -0.153 -0.152 -0.144 -0.151 -0.157 -9999 -9999 -9999 -9999 -9999 -9999 -9999 -9999 -9999 -9999 -9999 -9999 -9999 -9999 -9999 -9999
-0.145 -0.16 -0.169 -9999 -9999 -9999 -9999 -9999 -9999 -9999 -0.206 -0.209 -0.195 -9999 -9999 -0.215 -0.219 -0.224 -0.222 -9999 -0.251 -0.283 -0.26 -0.234 -0.237 -0.242 -0.242 -0.243 -9999 -9999 -9999 -9999 -9999 -0.221 -0.215 -0.209 -0.206 -0.205 -0.202 -0.199 -0.198 -0.199 -0.19 -0.183 -0.171 -0.159 -0.154 -0.151 -0.157 -0.167 -0.164 -0.162 -0.158 -0.155 -0.155 -0.158 -0.15 -0.142 -0.151 -9999 -9999 -9999 -9999 -9999 -9999 -9999 -9999 -9999 -9999 -9999 -9999 -9999 -9999 -9999 -9999
-0.142 -0.141 -0.158 -9999 -9999 -9999 -9999 -9999 -9999 -9999 -9999 -0.228 -0.226 -9999 -9999 -9999 -0.236 -0.229 -0.229 -0.23 -9999 -9999 -0.241 -0.217 -0.219 -0.215 -0.213 -9999 -9999 -9999 -9999 -9999 -0.207 -0.205 -0.199 -0.198 -0.2 -0.216 -0.212 -0.204 -0.195 -0.173 -0.166 -0.167 -0.154 -0.142 -0.147 -0.176 -0.176 -0.168 -0.151 -0.14 -0.151 -0.157 -0.146 -0.14 -0.144 -0.143 -0.14 -9999 -9999 -9999 -9999 -9999 -9999 -9999 -9999 -9999 -9999 -9999 -9999 -9999 -9999 -9999 -9999
-0.139 -0.138 -9999 -9999 -9999 -9999 -9999 -9999 -9999 -9999 -9999 -9999 -0.256 -9999 -9999 -9999 -9999 -0.232 -0.233 -0.235 -9999 -9999 -9999 -0.214 -0.213 -9999 -9999 -9999 -9999 -9999 -9999 -9999 -0.207 -0.2 -0.197 -0.196 -0.207 -0.222 -0.216 -0.209 -0.188 -0.166 -0.164 -0.164 -0.151 -0.139 -0.16 -0.188 -0.179 -0.171 -0.154 -0.136 -0.146 -0.162 -0.15 -0.139 -0.141 -0.146 -0.143 -9999 -9999 -9999 -9999 -9999 -9999 -9999 -9999 -9999 -9999 -9999 -9999 -9999 -9999 -9999 -9999
-0.143 -9999 -9999 -9999 -9999 -9999 -9999 -9999 -9999 -9999 -9999 -9999 -0.256 -9999 -9999 -9999 -9999 -9999 -0.239 -0.244 -9999 -9999 -9999 -9999 -9999 -9999 -9999 -9999 -9999 -9999 -9999 -9999 -0.21 -0.192 -0.194 -0.205 -0.216 -0.233 -0.226 -0.214 -0.199 -0.189 -0.185 -0.176 -0.164 -0.15 -0.163 -0.169 -0.161 -0.161 -0.153 -0.14 -0.142 -0.151 -0.14 -0.128 -0.131 -0.137 -0.126 -0.138 -9999 -9999 -9999 -9999 -9999 -9999 -9999 -9999 -9999 -9999 -9999 -9999 -9999 -9999 -9999
-9999 -0.146 -0.147 -0.157 -0.156 -9999 -9999 -9999 -9999 -9999 -9999 -9999 -0.258 -9999 -9999 -9999 -9999 -9999 -9999 -9999 -9999 -9999 -9999 -9999 -9999 -9999 -9999 -9999 -9999 -9999 -9999 -0.214 -0.204 -0.192 -0.199 -0.211 -0.223 -0.24 -0.231 -0.219 -0.209 -0.201 -0.192 -0.184 -0.171 -0.157 -0.159 -0.164 -0.161 -0.16 -0.152 -0.145 -0.146 -0.151 -0.139 -0.128 -0.13 -0.136 -0.125 -0.115 -0.123 -9999 -9999 -9999 -9999 -9999 -9999 -9999 -9999 -9999 -9999 -9999 -9999 -9999 -9999
-0.142 -0.147 -0.146 -0.142 -0.139 -9999 -9999 -9999 -9999 -9999 -9999 -9999 -9999 -9999 -9999 -9999 -9999 -9999 -9999 -9999 -9999 -9999 -9999 -9999 -9999 -9999 -9999 -9999 -9999 -9999 -0.198 -0.197 -0.2 -0.23 -0.226 -0.196 -0.209 -0.232 -0.22 -0.203 -0.196 -0.196 -0.19 -0.19 -0.179 -0.168 -0.165 -0.156 -0.153 -0.156 -0.15 -0.149 -0.14 -0.138 -0.133 -0.125 -0.116 -0.114 -0.123 -0.125 -0.112 -9999 -9999 -9999 -9999 -9999 -9999 -9999 -9999 -9999 -9999 -9999 -9999 -9999 -9999
-0.146 -0.151 -0.145 -9999 -0.141 -0.15 -9999 -9999 -9999 -9999 -9999 -9999 -9999 -9999 -9999 -9999 -9999 -9999 -9999 -9999 -9999 -9999 -9999 -9999 -9999 -9999 -9999 -9999 -9999 -9999 -0.209 -0.193 -0.217 -0.248 -0.223 -0.194 -0.21 -0.231 -0.218 -0.2 -0.198 -0.197 -0.195 -0.196 -0.186 -0.175 -0.166 -0.156 -0.156 -0.158 -0.155 -0.154 -0.145 -0.137 -0.132 -0.128 -0.119 -0.11 -0.118 -0.131 -0.12 -0.109 -0.114 -9999 -9999 -9999 -9999 -9999 -9999 -9999 -9999 -9999 -9999 -9999 -9999
-0.151 -0.148 -0.145 -9999 -9999 -0.152 -9999 -9999 -9999 -9999 -9999 -9999 -9999 -9999 -9999 -9999 -9999 -9999 -9999 -9999 -9999 -9999 -9999 -9999 -9999 -9999 -9999 -9999 -9999 -9999 -0.232 -0.219 -0.232 -0.226 -0.204 -0.186 -0.196 -0.199 -0.189 -0.187 -0.184 -0.186 -0.182 -0.179 -0.17 -0.166 -0.157 -0.151 -0.15 -0.151 -0.151 -0.151 -0.143 -0.135 -0.126 -0.12 -0.115 -0.109 -0.106 -0.111 -0.111 -0.106 -0.104 -0.115 -0.111 -0.11 -9999 -9999 -9999 -9999 -9999 -9999 -9999 -9999 -9999
-0.153 -0.15 -0.151 -0.154 -9999 -0.157 -9999 -9999 -9999 -9999 -9999 -9999 -9999 -9999 -9999 -9999 -9999 -9999 -9999 -9999 -9999 -9999 -9999 -9999 -9999 -9999 -9999 -9999 -9999 -0.212 -0.227 -0.231 -0.226 -0.22 -0.205 -0.187 -0.188 -0.19 -0.188 -0.185 -0.184 -0.185 -0.18 -0.176 -0.17 -0.165 -0.158 -0.152 -0.151 -0.152 -0.152 -0.154 -0.146 -0.139 -0.13 -0.121 -0.116 -0.113 -0.109 -0.109 -0.107 -0.109 -0.107 -0.108 -0.12 -0.12 -0.102 -0.12 -9999 -9999 -9999 -9999 -9999 -9999 -9999
-0.143 -0.139 -0.138 -9999 -0.144 -9999 -9999 -9999 -9999 -9999 -9999 -9999 -9999 -9999 -9999 -9999 -9999 -9999 -9999 -9999 -9999 -9999 -9999 -9999 -9999 -9999 -9999 -9999 -9999 -9999 -0.21 -0.211 -0.205 -0.199 -0.194 -0.21 -0.207 -0.195 -0.191 -0.184 -0.183 -0.187 -0.177 -0.16 -0.157 -0.164 -0.155 -0.145 -0.147 -0.157 -0.145 -0.139 -0.137 -0.132 -0.132 -0.129 -0.118 -0.112 -0.106 -0.104 -0.104 -0.106 -0.1 -0.098 -0.094 -0.097 -0.1 -0.099 -0.115 -9999 -9999 -9999 -9999 -9999 -9999
-0.142 -0.139 -0.139 -0.139 -0.153 -9999 -9999 -9999 -9999 -9999 -9999 -9999 -9999 -9999 -9999 -9999 -9999 -9999 -9999 -9999 -9999 -9999 -9999 -9999 -9999 -9999 -9999 -9999 -9999 -9999 -9999 -0.206 -0.2 -0.194 -0.206 -0.222 -0.212 -0.2 -0.194 -0.187 -0.187 -0.19 -0.174 -0.157 -0.16 -0.167 -0.156 -0.146 -0.153 -0.163 -0.151 -0.138 -0.135 -0.134 -0.133 -0.135 -0.125 -0.116 -0.11 -0.106 -0.106 -0.11 -0.104 -0.099 -0.095 -0.093 -0.094 -0.099 -0.104 -0.111 -9999 -9999 -9999 -9999 -9999
-0.135 -0.136 -0.142 -0.162 -9999 -9999 -9999 -9999 -9999 -9999 -9999 -9999 -9999 -9999 -9999 -9999 -9999 -9999 -9999 -9999 -9999 -9999 -9999 -9999 -9999 -9999 -9999 -9999 -9999 -9999 -9999 -0.213 -0.21 -0.193 -0.197 -0.19 -0.185 -0.194 -0.187 -0.178 -0.176 -0.173 -0.16 -0.154 -0.155 -0.157 -0.149 -0.146 -0.148 -0.147 -0.14 -0.147 -0.138 -0.133 -0.132 -0.133 -0.133 -0.13 -0.112 -0.101 -0.1 -0.102 -0.092 -0.084 -0.087 -0.089 -0.078 -0.075 -0.091 -0.108 -0.115 -9999 -9999 -9999 -9999
-0.14 -0.141 -0.156 -0.178 -9999 -9999 -9999 -9999 -9999 -9999 -9999 -9999 -9999 -9999 -9999 -9999 -9999 -9999 -9999 -9999 -9999 -9999 -9999 -9999 -9999 -9999 -9999 -9999 -9999 -9999 -9999 -9999 -0.21 -0.197 -0.189 -0.181 -0.187 -0.195 -0.187 -0.178 -0.173 -0.17 -0.163 -0.157 -0.156 -0.157 -0.153 -0.149 -0.146 -0.145 -0.147 -0.154 -0.145 -0.137 -0.135 -0.136 -0.135 -0.139 -0.122 -0.104 -0.102 -0.104 -0.094 -0.084 -0.086 -0.093 -0.082 -0.072 -0.086 -0.108 -0.112 -9999 -9999 -9999 -9999
-9999 -9999 -9999 -9999 -9999 -9999 -9999 -9999 -9999 -9999 -9999 -9999 -9999 -9999 -9999 -9999 -9999 -9999 -9999 -9999 -9999 -9999 -9999 -9999 -9999 -9999 -9999 -9999 -9999 -9999 -9999 -9999 -0.209 -0.194 -0.189 -0.19 -0.192 -0.191 -0.184 -0.178 -0.167 -0.149 -0.144 -0.151 -0.148 -0.143 -0.141 -0.149 -0.146 -0.146 -0.141 -0.142 -0.14 -0.136 -0.135 -0.136 -0.127 -0.123 -0.116 -0.103 -0.106 -0.11 -0.097 -0.087 -0.085 -0.088 -0.088 -0.085 -0.079 -0.088 -0.092 -0.107 -9999 -9999 -9999
-9999 -9999 -9999 -9999 -9999 -9999 -9999 -9999 -9999 -9999 -9999 -9999 -9999 -9999 -9999 -9999 -9999 -9999 -9999 -9999 -9999 -9999 -9999 -9999 -9999 -9999 -9999 -9999 -9999 -9999 -9999 -9999 -9999 -0.197 -0.196 -0.196 -0.194 -0.192 -0.187 -0.181 -0.163 -0.144 -0.147 -0.153 -0.147 -0.141 -0.146 -0.153 -0.15 -0.15 -0.145 -0.141 -0.139 -0.139 -0.138 -0.14 -0.131 -0.122 -0.114 -0.107 -0.11 -0.116 -0.104 -0.093 -0.091 -0.092 -0.092 -0.095 -0.089 -0.086 -0.088 -0.095 -9999 -9999 -9999
-9999 -9999 -9999 -9999 -9999 -9999 -9999 -9999 -9999 -9999 -9999 -9999 -9999 -9999 -9999 -9999 -9999 -9999 -9999 -9999 -9999 -9999 -9999 -9999 -9999 -9999 -9999 -9999 -9999 -9999 -9999 -9999 -9999 -0.205 -9999 -0.188 -0.186 -0.192 -0.189 -9999 -0.167 -0.148 -0.151 -0.159 -0.155 -0.154 -0.155 -0.153 -0.153 -0.16 -0.148 -0.14 -0.137 -0.136 -0.128 -0.126 -0.114 -0.102 -0.095 -0.088 -0.09 -0.095 -0.096 -0.091 -0.078 -0.071 -0.071 -0.073 -0.072 -0.07 -0.068 -0.071 -0.077 -9999 -9999
-9999 -9999 -9999 -9999 -9999 -9999 -9999 -9999 -9999 -9999 -9999 -9999 -9999 -9999 -9999 -9999 -9999 -9999 -9999 -9999 -9999 -9999 -9999 -9999 -9999 -9999 -9999 -9999 -9999 -9999 -9999 -9999 -9999 -9999 -0.205 -0.188 -9999 -9999 -9999 -9999 -0.171 -0.154 -0.158 -0.165 -0.163 -0.163 -0.159 -0.156 -0.16 -0.167 -0.156 -0.144 -0.14 -0.139 -0.131 -0.125 -0.112 -0.1 -0.092 -0.086 -0.087 -0.091 -0.091 -0.095 -0.082 -0.069 -0.068 -0.071 -0.069 -0.071 -0.067 -0.067 -0.072 -0.082 -0.089
-9999 -9999 -9999 -9999 -9999 -9999 -9999 -9999 -9999 -9999 -9999 -9999 -9999 -9999 -9999 -9999 -9999 -9999 -9999 -9999 -9999 -9999 -9999 -9999 -9999 -9999 -9999 -9999 -9999 -9999 -9999 -9999 -9999 -9999 -0.203 -0.197 -9999 -9999 -9999 -9999 -0.17 -0.151 -0.154 -0.161 -0.157 -0.151 -0.154 -0.173 -0.172 -0.161 -0.149 -0.136 -0.123 -0.115 -0.114 -0.111 -0.105 -0.097 -0.095 -0.093 -0.086 -0.086 -0.076 -0.072 -0.075 -0.071 -0.065 -0.064 -0.062 -0.063 -0.068 -0.072 -0.071 -0.081 -0.082
-9999 -9999 -9999 -9999 -9999 -9999 -9999 -9999 -9999 -9999 -9999 -9999 -9999 -9999 -9999 -9999 -9999 -9999 -9999 -9999 -9999 -9999 -9999 -9999 -9999 -9999 -9999 -9999 -9999 -9999 -9999 -9999 -9999 -9999 -0.2 -9999 -9999 -9999 -9999 -0.178 -0.167 -0.153 -0.156 -0.162 -0.155 -0.149 -0.163 -0.182 -0.172 -0.161 -0.149 -0.136 -0.123 -0.11 -0.108 -0.11 -0.104 -0.1 -0.098 -0.1 -0.093 -0.089 -0.078 -0.069 -0.07 -0.076 -0.07 -0.066 -0.064 -0.065 -0.07 -0.079 -0.078 -0.076 -9999
-9999 -9999 -9999 -9999 -9999 -9999 -9999 -9999 -9999 -9999 -9999 -9999 -9999 -9999 -9999 -9999 -9999 -9999 -9999 -9999 -9999 -9999 -9999 -9999 -9999 -9999 -9999 -9999 -9999 -9999 -9999 -9999 -9999 -9999 -9999 -9999 -9999 -9999 -9999 -0.165 -0.156 -0.156 -0.154 -0.147 -0.145 -0.155 -0.161 -0.156 -0.145 -0.138 -0.131 -0.139 -0.132 -0.123 -0.112 -0.107 -0.102 -0.098 -0.099 -0.102 -0.1 -0.098 -0.093 -0.087 -0.067 -0.059 -0.061 -0.061 -0.06 -0.061 -0.061 -0.066 -0.061 -0.066 -9999
-9999 -9999 -9999 -9999 -9999 -9999 -9999 -9999 -9999 -9999 -9999 -9999 -9999 -9999 -9999 -9999 -9999 -9999 -9999 -9999 -9999 -9999 -9999 -9999 -9999 -9999 -9999 -9999 -9999 -9999 -9999 -9999 -9999 -9999 -9999 -9999 -9999 -9999 -9999 -0.161 -0.16 -0.16 -0.152 -0.145 -0.151 -0.16 -0.154 -0.147 -0.139 -0.131 -0.135 -0.142 -0.136 -0.131 -0.12 -0.11 -0.104 -0.101 -0.102 -0.106 -0.105 -0.106 -0.101 -0.098 -0.079 -0.058 -0.059 -0.065 -0.063 -0.065 -0.063 -0.065 -0.06 -0.065 -9999
-9999 -9999 -9999 -9999 -9999 -9999 -9999 -9999 -9999 -9999 -9999 -9999 -9999 -9999 -9999 -9999 -9999 -9999 -9999 -9999 -9999 -9999 -9999 -9999 -9999 -9999 -9999 -9999 -9999 -9999 -9999 -9999 -9999 -9999 -9999 -9999 -9999 -9999 -0.165 -0.155 -0.153 -0.15 -0.144 -0.148 -0.147 -0.14 -0.134 -0.135 -0.129 -0.131 -0.127 -0.13 -0.126 -0.122 -0.114 -0.106 -0.1 -0.097 -0.094 -0.095 -0.1 -0.105 -0.089 -0.078 -0.071 -0.058 -0.049 -0.047 -0.045 -0.045 -0.05 -0.055 -0.052 -0.063 -0.073
-9999 -9999 -9999 -9999 -9999 -9999 -9999 -9999 -9999 -9999 -9999 -9999 -9999 -9999 -9999 -9999 -9999 -9999 -9999 -9999 -9999 -9999 -9999 -9999 -9999 -9999 -9999 -9999 -9999 -9999 -9999 -9999 -9999 -9999 -9999 -9999 -9999 -9999 -0.157 -0.155 -0.152 -0.148 -0.149 -0.151 -0.143 -0.135 -0.133 -0.132 -0.132 -0.134 -0.13 -0.129 -0.124 -0.122 -0.114 -0.108 -0.103 -0.099 -0.096 -0.095 -0.099 -0.108 -0.092 -0.075 -0.068 -0.062 -0.054 -0.046 -0.043 -0.043 -0.047 -0.056 -0.052 -0.051 -0.066
-9999 -9999 -9999 -9999 -9999 -9999 -9999 -9999 -9999 -9999 -9999 -9999 -9999 -9999 -9999 -9999 -9999 -9999 -9999 -9999 -9999 -9999 -9999 -9999 -9999 -9999 -9999 -9999 -9999 -9999 -9999 -9999 -9999 -9999 -9999 -9999 -9999 -0.143 -0.14 -0.143 -0.137 -0.13 -0.13 -0.134 -0.127 -0.13 -0.126 -0.123 -0.125 -0.133 -0.118 -0.109 -0.113 -0.115 -0.117 -0.116 -0.111 -0.108 -0.101 -0.097 -0.096 -0.1 -0.089 -0.075 -0.066 -0.059 -0.052 -0.045 -0.043 -0.044 -0.046 -0.054 -0.051 -0.05 -0.051
-9999 -9999 -9999 -9999 -9999 -9999 -9999 -9999 -9999 -9999 -9999 -9999 -9999 -9999 -9999 -9999 -9999 -9999 -9999 -9999 -9999 -9999 -9999 -9999 -9999 -9999 -9999 -9999 -9999 -9999 -9999 -9999 -9999 -9999 -9999 -9999 -9999 -0.139 -0.139 -0.141 -0.133 -0.125 -0.127 -0.13 -0.129 -0.131 -0.126 -0.123 -0.128 -0.135 -0.121 -0.106 -0.109 -0.117 -0.118 -0.123 -0.118 -0.115 -0.108 -0.102 -0.1 -0.101 -0.09 -0.079 -0.07 -0.063 -0.055 -0.05 -0.048 -0.049 -0.051 -0.058 -0.055 -0.054 -0.055
-9999 -9999 -9999 -9999 -9999 -9999 -9999 -9999 -9999 -9999 -9999 -9999 -9999 -9999 -9999 -9999 -9999 -9999 -9999 -9999 -9999 -9999 -9999 -9999 -9999 -9999 -9999 -9999 -9999 -9999 -9999 -9999 -9999 -9999 -9999 -9999 -9999 -0.142 -0.142 -0.131 -0.128 -0.137 -0.137 -0.13 -0.127 -0.121 -0.118 -0.124 -0.124 -0.121 -0.121 -0.115 -0.118 -0.125 -0.113 -0.109 -0.11 -0.11 -0.107 -0.104 -0.099 -0.097 -0.087 -0.076 -0.069 -0.062 -0.056 -0.051 -0.051 -0.052 -0.046 -0.046 -0.043 -0.045 -0.04
-9999 -9999 -9999 -9999 -9999 -9999 -9999 -9999 -9999 -9999 -9999 -9999 -9999 -9999 -9999 -9999 -9999 -9999 -9999 -9999 -9999 -9999 -9999 -9999 -9999 -9999 -9999 -9999 -9999 -9999 -9999 -9999 -9999 -9999 -9999 -9999 -9999 -9999 -0.138 -0.13 -0.136 -0.145 -0.139 -0.133 -0.127 -0.12 -0.122 -0.127 -0.122 -0.119 -0.118 -0.121 -0.125 -0.132 -0.12 -0.108 -0.108 -0.111 -0.108 -0.108 -0.103 -0.099 -0.089 -0.079 -0.072 -0.066 -0.06 -0.056 -0.055 -0.058 -0.051 -9999 -0.042 -9999 -0.039
-9999 -9999 -9999 -9999 -9999 -9999 -9999 -9999 -9999 -9999 -9999 -9999 -9999 -9999 -9999 -9999 -9999 -9999 -9999 -9999 -9999 -9999 -9999 -9999 -9999 -9999 -9999 -9999 -9999 -9999 -9999 -9999 -9999 -9999 -9999 -9999 -9999 -0.134 -0.131 -0.117 -0.122 -0.134 -0.129 -0.129 -0.125 -0.128 -0.125 -0.115 -0.109 -0.104 -0.105 -0.115 -0.12 -0.128 -0.111 -0.096 -0.099 -0.103 -0.093 -0.088 -0.086 -0.084 -0.08 -0.073 -0.07 -0.066 -0.064 -0.062 -0.061 -0.063 -0.051 -0.043 -0.039 -0.038 -9999
-9999 -9999 -9999 -9999 -9999 -9999 -9999 -9999 -9999 -9999 -9999 -9999 -9999 -9999 -9999 -9999 -9999 -9999 -9999 -9999 -9999 -9999 -9999 -9999 -9999 -9999 -9999 -9999 -9999 -9999 -9999 -9999 -9999 -9999 -9999 -9999 -9999 -0.127 -0.12 -0.115 -0.121 -0.132 -0.13 -0.129 -0.131 -0.134 -0.124 -0.114 -0.107 -0.102 -0.107 -0.116 -0.121 -0.129 -0.113 -0.096 -0.098 -0.104 -0.094 -0.085 -0.082 -0.083 -0.078 -0.075 -0.072 -0.071 -0.068 -0.068 -0.067 -0.069 -0.057 -0.046 -0.043 -0.043 -0.048
-9999 -9999 -9999 -9999 -9999 -9999 -9999 -9999 -9999 -9999 -9999 -9999 -9999 -9999 -9999 -9999 -9999 -9999 -9999 -9999 -9999 -9999 -9999 -9999 -9999 -9999 -9999 -9999 -9999 -9999 -9999 -9999 -9999 -9999 -9999 -9999 -0.13 -0.105 -0.1 -0.102 -0.106 -0.112 -0.112 -0.123 -0.119 -0.109 -0.101 -0.104 -0.099 -0.101 -0.094 -0.095 -0.097 -0.102 -0.102 -0.093 -0.087 -0.087 -0.081 -0.073 -0.072 -0.072 -0.069 -0.067 -0.064 -0.062 -0.055 -0.051 -0.053 -0.056 -0.052 -0.044 -0.032 -0.026 -0.028
-9999 -9999 -9999 -9999 -9999 -9999 -9999 -9999 -9999 -9999 -9999 -9999 -9999 -9999 -9999 -9999 -9999 -9999 -9999 -9999 -9999 -9999 -9999 -9999 -9999 -9999 -9999 -9999 -9999 -9999 -9999 -9999 -9999 -9999 -9999 -9999 -0.109 -0.1 -0.099 -0.1 -0.102 -0.107 -0.114 -0.124 -0.113 -0.101 -0.101 -0.103 -0.103 -0.104 -0.098 -0.092 -0.092 -0.096 -0.095 -0.096 -0.089 -0.085 -0.078 -0.073 -0.071 -0.072 -0.069 -0.069 -0.065 -0.063 -0.055 -0.05 -0.051 -0.055 -0.05 -0.047 -0.035 -0.023 -0.023
-9999 -9999 -9999 -9999 -9999 -9999 -9999 -9999 -9999 -9999 -9999 -9999 -9999 -9999 -9999 -9999 -9999 -9999 -9999 -9999 -9999 -9999 -9999 -9999 -9999 -9999 -9999 -9999 -9999 -9999 -9999 -9999 -9999 -9999 -9999 -9999 -9999 -0.102 -0.1 -0.099 -0.099 -0.1 -0.107 -0.119 -0.112 -0.111 -0.111 -0.112 -0.108 -0.097 -0.09 -0.087 -0.094 -0.103 -0.092 -0.088 -0.095 -0.098 -0.086 -0.078 -0.068 -0.064 -0.074 -0.081 -0.056 -0.041 -0.045 -0.045 -0.044 -0.047 -0.044 -0.041 -0.031 -0.02 -0.013
