Validation/Results/ReClimate_06_2024_1.asc
NCOLS 192
NROWS 249
XLLCENTER -225160.85627316462
YLLCENTER 29788.11610251502
CELLSIZE 5000.0
NODATA_VALUE -9999
[rows 99 to 131 of 249, columns 75 to 149 of 192]
98.229 98.22 98.212 98.203 98.2 98.208 98.225 -9999 -9999 98.287 98.316 98.357 98.398 98.438 98.477 98.515 98.552 98.588 98.623 98.658 98.692 98.725 98.755 98.785 98.815 98.843 98.872 98.899 98.926 98.953 98.98 99.006 99.034 99.061 99.089 99.119 99.15 99.182 99.207 99.221 99.236 99.252 99.27 99.289 -9999 -9999 -9999 -9999 -9999 -9999 -9999 -9999 -9999 -9999 -9999 -9999 -9999 -9999 -9999 -9999 -9999 -9999 -9999 -9999 -9999 -9999 -9999 -9999 -9999 -9999 -9999 -9999 -9999 -9999 -9999
98.282 98.262 -9999 -9999 98.199 98.202 -9999 -9999 -9999 98.274 98.306 98.349 98.39 98.431 98.47 98.508 98.545 98.581 98.617 98.652 98.686 98.718 98.749 98.779 98.809 98.837 98.864 98.891 98.917 98.944 98.97 98.996 99.023 99.051 99.079 99.108 99.139 99.172 99.198 99.213 99.228 99.245 99.263 99.283 -9999 -9999 -9999 -9999 -9999 -9999 -9999 -9999 -9999 -9999 -9999 -9999 -9999 -9999 -9999 -9999 -9999 -9999 -9999 -9999 -9999 -9999 -9999 -9999 -9999 -9999 -9999 -9999 -9999 -9999 -9999
-9999 98.373 98.342 98.31 -9999 -9999 -9999 -9999 98.262 98.264 98.297 98.34 98.383 98.424 98.463 98.501 98.538 98.575 98.61 98.645 98.68 98.712 98.743 98.772 98.8 98.828 98.855 98.881 98.908 98.934 98.96 98.987 99.014 99.041 99.069 99.099 99.13 99.163 99.189 99.205 99.219 99.235 99.253 -9999 -9999 -9999 -9999 -9999 -9999 -9999 -9999 -9999 -9999 -9999 -9999 -9999 -9999 -9999 -9999 -9999 -9999 -9999 -9999 -9999 -9999 -9999 -9999 -9999 -9999 -9999 -9999 -9999 -9999 -9999 -9999
98.533 98.504 98.472 98.436 98.397 98.377 -9999 -9999 98.328 -9999 -9999 98.334 98.376 98.417 98.456 98.495 98.532 98.568 98.604 98.639 98.673 98.705 98.735 98.764 98.792 98.819 98.846 98.872 98.898 98.924 98.951 98.977 99.004 99.032 99.06 99.09 99.121 99.154 99.18 99.197 99.211 99.225 -9999 -9999 -9999 -9999 -9999 -9999 -9999 -9999 -9999 -9999 -9999 -9999 -9999 -9999 -9999 -9999 -9999 -9999 -9999 -9999 -9999 -9999 -9999 -9999 -9999 -9999 -9999 -9999 -9999 -9999 -9999 -9999 -9999
98.66 98.63 98.597 98.56 -9999 -9999 -9999 98.452 98.405 98.356 98.353 98.356 98.37 98.411 98.45 98.488 98.526 98.562 98.598 98.633 98.666 98.697 98.727 98.755 98.783 98.81 98.837 98.863 98.889 98.915 98.941 98.968 98.995 99.023 99.052 99.082 99.113 -9999 -9999 99.189 -9999 -9999 -9999 -9999 -9999 -9999 -9999 -9999 -9999 -9999 -9999 -9999 -9999 -9999 -9999 -9999 -9999 -9999 -9999 -9999 -9999 -9999 -9999 -9999 -9999 -9999 -9999 -9999 -9999 -9999 -9999 -9999 -9999 -9999 -9999
98.784 98.753 -9999 98.681 -9999 -9999 -9999 98.527 98.49 98.463 98.443 98.428 98.426 98.426 98.444 98.482 98.519 98.556 98.591 98.626 98.659 98.689 98.719 98.747 98.774 98.801 98.828 98.854 98.88 98.906 98.932 98.959 98.986 99.014 99.043 99.073 -9999 99.138 99.165 99.181 99.192 -9999 -9999 -9999 -9999 -9999 -9999 -9999 -9999 -9999 -9999 -9999 -9999 -9999 -9999 -9999 -9999 -9999 -9999 -9999 -9999 -9999 -9999 -9999 -9999 -9999 -9999 -9999 -9999 -9999 -9999 -9999 -9999 -9999 -9999
98.907 -9999 -9999 -9999 -9999 98.715 98.672 98.634 98.6 98.57 98.547 98.527 98.506 98.489 98.48 98.481 98.513 98.55 98.585 98.619 98.651 98.682 98.711 98.739 98.766 98.793 98.819 98.845 98.871 98.897 98.924 98.95 98.978 99.006 -9999 99.065 99.097 99.131 99.157 99.172 99.178 -9999 -9999 -9999 -9999 -9999 -9999 -9999 -9999 -9999 -9999 -9999 -9999 -9999 -9999 -9999 -9999 -9999 -9999 -9999 -9999 -9999 -9999 -9999 -9999 -9999 -9999 -9999 -9999 -9999 -9999 -9999 -9999 -9999 -9999
-9999 -9999 -9999 -9999 -9999 98.834 98.791 98.749 98.71 98.677 98.65 98.626 98.601 98.575 98.546 98.531 98.525 98.544 98.578 98.612 98.644 98.674 98.703 98.731 98.758 98.784 98.81 98.836 98.862 98.888 98.915 98.942 98.969 98.997 99.026 99.057 99.088 99.121 99.143 99.154 99.164 99.17 -9999 -9999 -9999 -9999 -9999 -9999 -9999 -9999 -9999 -9999 -9999 -9999 -9999 -9999 -9999 -9999 -9999 -9999 -9999 -9999 -9999 -9999 -9999 -9999 -9999 -9999 -9999 -9999 -9999 -9999 -9999 -9999 -9999
-9999 -9999 -9999 -9999 99.0 -9999 -9999 98.865 98.823 98.784 98.752 98.725 -9999 -9999 98.634 98.599 98.574 98.562 98.571 98.604 98.635 98.665 98.694 98.722 98.749 98.775 98.802 98.828 98.854 98.88 98.906 98.933 98.96 98.987 99.015 99.044 99.074 99.103 99.122 99.132 99.141 99.15 99.161 -9999 -9999 -9999 -9999 -9999 -9999 -9999 -9999 -9999 -9999 -9999 -9999 -9999 -9999 -9999 -9999 -9999 -9999 -9999 -9999 -9999 -9999 -9999 -9999 -9999 -9999 -9999 -9999 -9999 -9999 -9999 -9999
-9999 -9999 -9999 -9999 99.12 -9999 99.03 98.983 98.937 98.893 98.856 98.823 98.79 98.755 98.718 98.681 98.642 98.609 98.592 98.596 98.626 98.656 98.684 98.711 98.738 98.764 98.79 98.816 98.842 98.867 98.893 98.919 98.946 98.972 99.0 99.028 99.057 99.084 99.099 99.109 99.118 99.127 -9999 -9999 -9999 -9999 -9999 -9999 -9999 -9999 -9999 -9999 -9999 -9999 -9999 -9999 -9999 -9999 -9999 -9999 -9999 -9999 -9999 -9999 -9999 -9999 -9999 -9999 -9999 -9999 -9999 -9999 -9999 -9999 -9999
-9999 -9999 -9999 -9999 99.241 -9999 99.147 99.1 99.052 99.005 98.961 -9999 98.883 98.842 -9999 98.759 98.717 98.674 98.636 98.616 98.617 98.646 98.673 98.7 98.726 98.752 98.778 98.803 98.828 98.854 98.879 98.905 98.93 98.957 98.984 99.011 99.04 99.064 -9999 -9999 -9999 -9999 -9999 -9999 -9999 -9999 -9999 -9999 -9999 -9999 -9999 -9999 -9999 -9999 -9999 -9999 -9999 -9999 -9999 -9999 -9999 -9999 -9999 -9999 -9999 -9999 -9999 -9999 -9999 -9999 -9999 -9999 -9999 -9999 -9999
-9999 -9999 99.45 99.406 -9999 -9999 99.269 99.218 99.169 99.118 99.07 99.022 98.974 98.927 -9999 98.835 98.789 98.743 98.696 98.654 98.632 98.636 98.663 98.689 98.715 98.74 98.765 98.79 98.815 98.84 98.865 98.89 98.915 98.941 98.968 98.995 99.023 -9999 -9999 -9999 -9999 -9999 -9999 -9999 -9999 -9999 -9999 -9999 -9999 -9999 -9999 -9999 -9999 -9999 -9999 -9999 -9999 -9999 -9999 -9999 -9999 -9999 -9999 -9999 -9999 -9999 -9999 -9999 -9999 -9999 -9999 -9999 -9999 -9999 -9999
-9999 99.627 99.58 99.533 -9999 99.439 99.39 99.337 99.286 -9999 99.179 99.121 99.065 99.012 -9999 98.91 98.86 98.81 98.76 98.708 98.664 98.643 98.653 98.678 98.704 98.729 98.753 98.778 -9999 98.826 98.851 98.876 98.901 98.926 98.952 98.979 -9999 -9999 -9999 -9999 -9999 -9999 -9999 -9999 -9999 -9999 -9999 -9999 -9999 -9999 -9999 -9999 -9999 -9999 -9999 -9999 -9999 -9999 -9999 -9999 -9999 -9999 -9999 -9999 -9999 -9999 -9999 -9999 -9999 -9999 -9999 -9999 -9999 -9999 -9999
-9999 99.757 99.709 -9999 -9999 99.563 99.51 99.459 -9999 99.348 99.286 99.22 99.157 99.097 -9999 98.984 98.929 98.876 98.821 98.764 98.709 98.668 98.648 98.668 98.692 98.717 98.741 98.765 98.789 98.813 -9999 -9999 98.886 98.911 -9999 -9999 -9999 -9999 -9999 -9999 99.032 99.034 99.043 -9999 -9999 -9999 -9999 -9999 -9999 -9999 -9999 -9999 -9999 -9999 -9999 -9999 -9999 -9999 -9999 -9999 -9999 -9999 -9999 -9999 -9999 -9999 -9999 -9999 -9999 -9999 -9999 -9999 -9999 -9999 -9999
99.947 99.895 -9999 -9999 99.741 99.689 99.635 99.582 -9999 99.463 99.392 99.321 99.251 99.184 -9999 -9999 -9999 98.939 98.878 98.818 98.76 98.703 98.668 98.657 98.681 98.705 98.729 98.753 98.776 98.8 98.824 98.848 98.872 98.897 -9999 -9999 -9999 -9999 -9999 99.027 99.022 99.027 99.034 99.044 -9999 -9999 -9999 -9999 -9999 -9999 -9999 -9999 -9999 -9999 -9999 -9999 -9999 -9999 -9999 -9999 -9999 -9999 -9999 -9999 -9999 -9999 -9999 -9999 -9999 -9999 -9999 -9999 -9999 -9999 -9999
100.09 100.038 -9999 -9999 -9999 99.821 99.764 99.705 -9999 99.574 -9999 99.422 99.347 99.273 -9999 99.133 99.067 99.001 -9999 98.87 98.809 98.75 98.694 98.666 98.67 98.694 98.717 98.741 98.764 98.787 98.812 98.84 98.87 98.9 98.931 98.965 98.984 -9999 99.01 99.016 99.025 99.035 99.048 99.062 99.076 99.091 -9999 -9999 -9999 -9999 -9999 -9999 -9999 -9999 -9999 -9999 -9999 -9999 -9999 -9999 -9999 -9999 -9999 -9999 -9999 -9999 -9999 -9999 -9999 -9999 -9999 -9999 -9999 -9999 -9999
100.242 -9999 -9999 -9999 -9999 99.957 99.897 99.836 -9999 99.686 -9999 99.524 99.444 -9999 99.286 99.212 99.137 99.061 98.988 98.919 98.855 98.794 98.733 98.683 98.66 98.682 98.705 98.729 98.755 98.786 98.819 98.851 98.884 98.915 98.947 98.974 98.988 99.001 99.013 99.025 99.039 99.056 99.073 99.089 99.105 99.12 99.136 99.168 99.22 -9999 -9999 -9999 -9999 -9999 -9999 -9999 -9999 -9999 -9999 -9999 -9999 -9999 -9999 -9999 -9999 -9999 -9999 -9999 -9999 -9999 -9999 -9999 -9999 -9999 -9999
100.404 -9999 -9999 -9999 -9999 100.097 100.034 99.967 99.886 -9999 -9999 99.629 99.543 -9999 99.378 99.293 99.208 99.124 99.044 98.97 98.901 98.838 98.775 98.709 98.674 98.671 98.697 98.731 98.767 98.801 98.835 98.868 98.9 98.932 98.962 98.983 98.997 99.01 99.024 99.043 99.062 99.081 99.098 99.116 99.133 99.149 99.167 99.184 99.203 99.257 -9999 -9999 -9999 -9999 -9999 -9999 -9999 -9999 -9999 -9999 -9999 -9999 -9999 -9999 -9999 -9999 -9999 -9999 -9999 -9999 -9999 -9999 -9999 -9999 -9999
-9999 -9999 -9999 -9999 -9999 100.244 100.177 100.101 100.009 -9999 -9999 99.736 99.645 -9999 -9999 99.375 99.281 99.191 99.106 99.026 98.953 98.885 98.817 98.748 98.691 98.674 98.711 98.748 98.784 98.818 98.852 98.885 98.917 98.949 98.976 98.991 99.006 99.022 99.044 99.065 99.085 99.104 99.123 99.142 99.16 99.179 99.197 99.217 99.239 99.263 -9999 -9999 -9999 -9999 -9999 -9999 -9999 -9999 -9999 -9999 -9999 -9999 -9999 -9999 -9999 -9999 -9999 -9999 -9999 -9999 -9999 -9999 -9999 -9999 -9999
-9999 -9999 -9999 -9999 -9999 100.397 100.324 100.236 -9999 -9999 -9999 -9999 99.752 -9999 99.559 99.455 99.356 99.262 99.172 99.088 99.01 98.934 98.861 98.793 98.736 98.714 98.729 98.766 98.801 98.836 98.87 98.903 98.935 98.965 98.985 99.001 99.02 99.043 99.065 99.087 99.108 99.128 99.148 99.168 99.188 99.208 99.23 99.253 99.277 99.303 99.319 -9999 -9999 -9999 -9999 -9999 -9999 -9999 -9999 -9999 -9999 -9999 -9999 -9999 -9999 -9999 -9999 -9999 -9999 -9999 -9999 -9999 -9999 -9999 -9999
-9999 -9999 -9999 100.7 100.63 100.558 100.476 -9999 -9999 100.163 -9999 -9999 -9999 -9999 99.649 99.538 99.433 99.335 99.241 99.153 99.069 98.99 98.921 98.86 98.799 98.754 98.747 98.784 98.82 98.855 98.889 98.922 98.954 98.978 98.995 99.016 99.041 99.064 99.087 99.109 99.13 99.152 99.173 99.195 99.217 99.24 99.264 99.288 99.314 99.341 99.358 -9999 -9999 -9999 -9999 -9999 -9999 -9999 -9999 -9999 -9999 -9999 -9999 -9999 -9999 -9999 -9999 -9999 -9999 -9999 -9999 -9999 -9999 -9999 -9999
-9999 -9999 -9999 -9999 100.802 100.727 100.635 -9999 100.403 100.293 100.187 -9999 -9999 -9999 -9999 99.623 99.513 99.41 99.312 99.219 99.133 99.061 98.995 98.931 98.866 98.805 98.783 98.807 98.842 98.875 98.909 98.942 98.971 98.988 99.01 99.036 99.061 99.085 99.108 99.132 99.155 99.178 99.201 99.225 99.248 99.272 99.297 99.322 99.349 99.377 99.396 99.402 -9999 -9999 -9999 -9999 -9999 -9999 -9999 -9999 -9999 -9999 -9999 -9999 -9999 -9999 -9999 -9999 -9999 -9999 -9999 -9999 -9999 -9999 -9999
-9999 -9999 -9999 -9999 100.989 100.905 100.799 -9999 100.55 100.431 100.316 -9999 -9999 -9999 -9999 -9999 99.593 99.487 99.384 99.289 99.21 99.138 99.069 99.002 98.934 98.867 98.831 98.837 98.87 98.904 98.936 98.966 98.986 99.008 99.034 99.06 99.085 99.11 99.134 99.158 99.182 99.206 99.23 99.254 99.279 99.303 99.329 99.356 99.384 99.411 99.429 99.439 99.446 -9999 -9999 -9999 -9999 -9999 -9999 -9999 -9999 -9999 -9999 -9999 -9999 -9999 -9999 -9999 -9999 -9999 -9999 -9999 -9999 -9999 -9999
-9999 -9999 -9999 -9999 101.267 101.115 -9999 -9999 100.701 100.577 100.452 100.329 -9999 -9999 -9999 -9999 -9999 99.566 99.46 99.371 99.291 99.215 99.142 99.071 99.001 98.931 98.879 98.869 98.903 98.935 98.966 98.986 99.007 99.034 99.06 99.085 99.11 99.135 99.16 99.184 99.209 99.234 99.258 99.283 99.308 99.334 99.361 99.388 99.417 99.444 99.46 99.471 99.481 99.49 99.498 -9999 -9999 -9999 -9999 -9999 -9999 -9999 -9999 -9999 -9999 -9999 -9999 -9999 -9999 -9999 -9999 -9999 -9999 -9999 -9999
-9999 -9999 -9999 -9999 101.529 101.359 -9999 -9999 100.877 100.728 100.578 -9999 -9999 -9999 -9999 -9999 -9999 99.65 99.548 99.456 99.371 99.291 99.214 99.14 99.067 98.995 98.928 98.905 98.936 98.967 98.988 99.007 99.034 99.06 99.085 99.11 99.135 99.16 99.185 99.21 99.236 99.261 99.286 99.312 99.338 99.365 99.392 99.42 99.45 99.476 99.49 99.501 99.511 99.52 99.528 -9999 -9999 -9999 -9999 -9999 -9999 -9999 -9999 -9999 -9999 -9999 -9999 -9999 -9999 -9999 -9999 -9999 -9999 -9999 -9999
-9999 -9999 -9999 -9999 101.79 101.631 -9999 -9999 -9999 100.862 100.697 100.552 -9999 -9999 -9999 -9999 -9999 99.743 99.639 99.542 99.452 99.367 99.286 99.208 99.132 99.057 98.982 98.952 98.969 98.991 99.009 99.033 99.06 99.085 99.109 99.134 99.159 99.184 99.21 99.236 99.262 99.288 99.315 99.341 99.368 99.395 99.424 99.453 99.483 99.507 99.518 99.528 99.537 99.546 99.554 -9999 -9999 -9999 -9999 -9999 -9999 -9999 -9999 -9999 -9999 -9999 -9999 -9999 -9999 -9999 -9999 -9999 -9999 -9999 -9999
-9999 -9999 -9999 102.231 102.078 101.906 -9999 -9999 -9999 -9999 -9999 -9999 -9999 -9999 -9999 -9999 -9999 99.839 99.732 99.629 99.533 99.443 99.358 99.276 99.196 99.118 99.041 98.997 98.994 99.012 99.033 99.06 99.085 99.109 99.133 99.157 99.182 99.208 99.235 99.262 99.289 99.316 99.343 99.371 99.398 99.427 99.455 99.485 99.514 99.532 99.543 99.552 99.561 99.569 99.577 99.565 -9999 -9999 -9999 -9999 -9999 -9999 -9999 -9999 -9999 -9999 -9999 -9999 -9999 -9999 -9999 -9999 -9999 -9999 -9999
-9999 -9999 102.632 102.504 102.365 102.184 -9999 -9999 -9999 -9999 -9999 -9999 -9999 -9999 -9999 100.196 100.06 99.934 99.823 99.718 99.616 99.521 99.431 99.344 99.261 99.179 99.094 99.03 99.017 99.036 99.062 99.088 99.111 99.134 99.156 99.179 99.205 99.233 99.261 99.289 99.317 99.345 99.373 99.401 99.429 99.458 99.488 99.517 99.543 99.556 99.566 99.575 99.583 99.591 99.598 99.591 -9999 -9999 -9999 -9999 -9999 -9999 -9999 -9999 -9999 -9999 -9999 -9999 -9999 -9999 -9999 -9999 -9999 -9999 -9999
-9999 -9999 102.926 102.793 102.626 -9999 -9999 -9999 -9999 -9999 -9999 -9999 -9999 -9999 -9999 100.293 100.153 100.028 99.914 99.805 99.701 99.6 99.505 99.414 99.324 99.23 99.133 99.06 99.041 99.064 99.091 99.116 99.138 99.158 99.179 99.201 99.229 99.258 99.288 99.317 99.346 99.375 99.404 99.433 99.462 99.491 99.52 99.548 99.569 99.579 99.588 99.596 99.604 99.611 99.618 99.613 -9999 -9999 -9999 -9999 -9999 -9999 -9999 -9999 -9999 -9999 -9999 -9999 -9999 -9999 -9999 -9999 -9999 -9999 -9999
-9999 -9999 -9999 -9999 -9999 -9999 -9999 -9999 -9999 -9999 -9999 -9999 -9999 -9999 -9999 100.389 100.25 100.123 100.004 99.892 99.784 99.681 99.58 99.478 99.372 99.269 99.169 99.09 99.068 99.095 99.121 99.145 99.166 99.185 99.203 99.224 99.255 99.286 99.317 99.347 99.377 99.407 99.436 99.465 99.495 99.524 99.552 99.577 99.592 99.601 99.609 99.617 99.624 99.63 99.636 99.633 -9999 -9999 -9999 -9999 -9999 -9999 -9999 -9999 -9999 -9999 -9999 -9999 -9999 -9999 -9999 -9999 -9999 -9999 -9999
-9999 -9999 -9999 -9999 -9999 -9999 -9999 -9999 -9999 -9999 -9999 -9999 -9999 -9999 100.707 100.495 100.352 100.22 100.096 99.979 99.867 99.753 99.637 99.522 99.411 99.305 99.204 99.12 99.099 99.128 99.154 99.177 99.198 99.217 99.235 99.259 99.288 99.319 99.35 99.381 99.411 99.441 99.47 99.5 99.529 99.557 99.583 99.604 99.614 99.622 99.629 99.636 99.642 99.648 99.654 99.652 -9999 -9999 -9999 -9999 -9999 -9999 -9999 -9999 -9999 -9999 -9999 -9999 -9999 -9999 -9999 -9999 -9999 -9999 -9999
-9999 -9999 -9999 -9999 -9999 -9999 -9999 -9999 -9999 -9999 -9999 -9999 -9999 -9999 100.837 100.608 100.458 100.32 100.187 100.054 99.924 99.798 99.678 99.561 99.449 99.341 99.236 99.151 99.133 99.162 99.188 99.211 99.233 99.253 99.274 99.298 99.326 99.356 99.386 99.417 99.447 99.477 99.507 99.536 99.564 99.59 99.614 99.627 99.635 99.643 99.649 99.655 99.66 99.665 99.67 99.668 -9999 -9999 -9999 -9999 -9999 -9999 -9999 -9999 -9999 -9999 -9999 -9999 -9999 -9999 -9999 -9999 -9999 -9999 -9999
-9999 -9999 -9999 -9999 -9999 -9999 -9999 -9999 -9999 -9999 -9999 -9999 -9999 101.237 100.957 100.733 100.551 100.393 100.242 100.099 99.965 99.837 99.715 99.597 99.484 99.374 99.267 99.184 99.169 99.198 99.224 99.248 99.271 99.293 99.316 99.341 99.368 99.396 99.426 99.456 99.486 99.516 99.545 99.573 99.599 99.623 99.642 99.65 99.657 99.663 99.668 99.673 99.678 99.682 99.684 99.68 99.675 -9999 -9999 -9999 -9999 -9999 -9999 -9999 -9999 -9999 -9999 -9999 -9999 -9999 -9999 -9999 -9999 -9999 -9999
