Validation/Results/ReClimate_11_2023_2.asc
NCOLS 192
NROWS 249
XLLCENTER -225160.85627316462
YLLCENTER 29788.11610251502
CELLSIZE 5000.0
NODATA_VALUE -9999
[rows 198 to 230 of 249, columns 74 to 147 of 192]
-9999 -9999 -9999 -9999 -9999 -9999 -9999 -9999 -9999 -9999 -9999 -9999 -9999 -9999 -9999 -9999 -9999 -9999 105.835 105.875 105.912 105.945 105.976 106.006 106.035 106.065 106.095 106.106 106.086 106.185 106.264 106.26 106.248 106.28 106.353 106.39 106.426 106.462 106.497 106.53 106.561 106.586 106.61 106.633 106.655 106.675 106.694 106.716 106.751 106.786 106.833 106.893 106.958 107.026 107.095 107.167 107.241 107.31 107.37 107.432 107.5 107.551 107.591 107.633 107.68 107.732 107.789 107.852 107.922 107.998 108.073 108.146 108.223 108.293
-9999 -9999 -9999 -9999 -9999 -9999 -9999 -9999 -9999 -9999 -9999 -9999 -9999 -9999 -9999 105.672 105.71 105.754 105.799 105.839 105.876 105.911 105.943 105.974 106.004 106.016 105.993 106.057 106.247 106.262 106.181 106.064 105.748 105.924 106.307 106.342 106.378 106.414 106.451 106.497 106.56 106.58 106.576 106.599 106.621 106.641 106.662 106.693 106.726 106.757 106.8 106.858 106.922 106.988 107.056 107.128 107.201 107.27 107.337 107.405 107.473 107.537 107.582 107.623 107.669 107.72 107.777 107.841 107.912 107.988 108.067 108.148 108.226 108.287
-9999 -9999 -9999 -9999 -9999 -9999 -9999 -9999 -9999 -9999 -9999 -9999 -9999 105.607 105.613 105.644 105.673 105.707 105.755 105.799 105.838 105.874 105.908 105.94 105.953 105.934 106.046 106.114 106.013 106.014 106.134 106.054 106.298 106.442 106.263 106.297 106.332 106.368 106.404 106.459 106.501 106.516 106.541 106.566 106.588 106.607 106.629 106.66 106.689 106.72 106.76 106.815 106.879 106.944 107.012 107.084 107.154 107.221 107.288 107.361 107.437 107.512 107.568 107.611 107.656 107.707 107.762 107.823 107.888 107.959 108.033 108.114 108.192 108.26
-9999 -9999 -9999 -9999 -9999 -9999 -9999 -9999 -9999 105.651 105.618 105.604 105.59 105.566 105.584 105.614 105.638 105.67 105.708 105.755 105.797 105.835 105.87 105.903 105.903 106.062 106.335 106.205 105.983 106.1 106.247 106.377 106.371 106.263 106.219 105.956 105.143 105.474 106.354 106.396 106.437 106.45 106.425 106.474 106.552 106.566 106.592 106.621 106.65 106.679 106.717 106.77 106.832 106.897 106.965 107.036 107.104 107.168 107.234 107.304 107.381 107.465 107.539 107.589 107.636 107.685 107.739 107.796 107.858 107.925 107.997 108.069 108.138 108.197
-9999 -9999 -9999 -9999 -9999 -9999 -9999 -9999 105.655 105.615 105.588 105.561 105.538 105.528 105.552 105.584 105.609 105.633 105.665 105.707 105.752 105.793 105.828 105.857 105.885 106.02 105.979 105.881 105.931 106.035 106.102 106.126 106.198 106.177 106.176 105.884 106.278 106.642 106.335 106.37 106.392 106.439 106.592 106.608 106.509 106.527 106.554 106.582 106.61 106.639 106.674 106.723 106.784 106.848 106.914 106.983 107.048 107.11 107.174 107.243 107.317 107.398 107.487 107.551 107.599 107.652 107.709 107.767 107.827 107.892 107.959 108.019 108.076 108.129
-9999 -9999 -9999 -9999 -9999 -9999 -9999 105.666 105.618 105.579 105.546 105.519 105.495 105.491 105.518 105.552 105.579 105.602 105.628 105.66 105.704 105.745 105.779 105.81 105.84 105.624 105.062 104.819 104.045 104.584 106.004 106.055 106.085 106.096 106.121 106.403 106.601 106.427 106.391 106.391 106.348 106.448 106.481 106.447 106.467 106.491 106.518 106.545 106.572 106.6 106.632 106.677 106.737 106.799 106.864 106.929 106.991 107.051 107.114 107.181 107.253 107.331 107.417 107.5 107.557 107.61 107.668 107.73 107.793 107.855 107.913 107.966 108.014 108.063
-9999 -9999 -9999 -9999 -9999 105.697 -9999 105.63 105.583 105.545 105.514 105.487 105.463 105.461 105.488 105.522 105.551 105.576 105.597 105.624 105.654 105.694 105.73 105.763 105.794 105.547 105.684 105.518 106.207 106.707 105.963 105.992 106.022 106.052 106.092 106.263 106.443 106.379 106.243 106.243 106.299 106.335 106.37 106.4 106.423 106.451 106.48 106.507 106.534 106.562 106.592 106.632 106.691 106.752 106.815 106.876 106.935 106.993 107.055 107.12 107.19 107.266 107.35 107.437 107.51 107.568 107.626 107.684 107.746 107.81 107.865 107.912 107.957 108.002
-9999 -9999 -9999 -9999 -9999 -9999 -9999 -9999 -9999 105.515 105.484 105.458 105.435 105.433 105.46 105.496 105.526 105.551 105.574 105.593 105.615 105.641 105.679 105.714 105.747 105.835 105.865 106.247 106.275 105.89 105.918 105.943 105.965 106.003 106.044 106.155 106.189 106.132 106.167 106.335 106.721 106.578 106.101 106.184 106.369 106.405 106.438 106.468 106.496 106.524 106.554 106.593 106.644 106.705 106.766 106.825 106.88 106.938 106.997 107.061 107.128 107.202 107.283 107.374 107.454 107.523 107.582 107.638 107.697 107.756 107.811 107.86 107.904 107.946
-9999 -9999 -9999 -9999 -9999 -9999 -9999 -9999 -9999 105.485 105.455 105.43 105.408 105.405 105.431 105.468 105.5 105.527 105.55 105.566 105.58 105.602 105.627 105.664 105.698 105.73 105.76 105.788 105.816 105.844 105.871 105.899 105.942 105.973 105.992 106.025 106.058 106.092 106.126 106.44 106.742 106.422 106.225 106.322 106.315 106.356 106.393 106.427 106.457 106.486 106.516 106.551 106.598 106.658 106.717 106.773 106.828 106.884 106.942 107.004 107.068 107.139 107.218 107.309 107.394 107.463 107.531 107.589 107.646 107.7 107.75 107.797 107.846 107.887
-9999 -9999 -9999 -9999 -9999 -9999 -9999 105.535 105.488 105.455 105.427 -9999 105.381 105.377 105.401 105.44 105.473 105.501 -9999 105.538 105.553 105.568 105.588 105.612 105.647 105.68 105.711 105.74 105.768 105.796 105.823 105.857 105.887 105.911 105.942 105.977 106.018 106.048 106.072 106.248 106.279 106.188 106.217 106.223 106.262 106.305 106.346 106.383 106.417 106.447 106.478 106.51 106.553 106.611 106.667 106.721 106.775 106.831 106.889 106.949 107.012 107.08 107.159 107.248 107.335 107.406 107.474 107.538 107.595 107.645 107.69 107.734 107.779 107.825
-9999 -9999 -9999 -9999 -9999 -9999 -9999 105.507 -9999 -9999 -9999 105.376 105.355 105.348 -9999 -9999 -9999 -9999 -9999 105.51 105.526 105.541 105.555 105.575 105.598 105.628 105.66 105.69 105.719 105.746 105.773 105.8 105.829 105.86 105.891 106.003 106.255 106.206 106.018 106.05 106.081 106.11 106.137 106.168 106.209 106.253 106.297 106.338 106.375 106.408 106.44 106.472 106.51 106.561 106.616 106.669 106.723 106.779 106.837 106.896 106.959 107.029 107.107 107.194 107.281 107.353 107.418 107.486 107.546 107.593 107.634 107.676 107.718 107.76
-9999 -9999 -9999 -9999 -9999 -9999 -9999 -9999 -9999 105.403 105.372 105.35 105.329 105.318 -9999 -9999 -9999 -9999 -9999 -9999 -9999 -9999 105.529 105.543 105.562 105.582 105.608 105.638 105.668 105.695 105.722 105.748 105.777 105.807 105.837 105.986 106.018 105.932 105.964 105.995 106.026 106.054 106.081 106.113 106.158 106.203 106.248 106.291 106.331 106.368 106.401 106.435 106.468 106.511 106.564 106.617 106.671 106.727 106.785 106.846 106.913 106.984 107.061 107.144 107.23 107.303 107.367 107.433 107.496 107.544 107.583 107.623 107.663 107.702
-9999 -9999 -9999 -9999 -9999 -9999 -9999 -9999 -9999 -9999 105.349 -9999 -9999 -9999 -9999 -9999 -9999 -9999 -9999 -9999 105.468 105.486 105.502 105.517 105.531 105.547 105.567 105.587 105.614 105.642 105.669 105.696 105.724 105.753 105.783 105.813 105.845 105.878 105.91 105.941 105.971 106.0 106.026 -9999 106.108 106.155 106.2 106.244 106.287 106.327 106.362 106.396 106.428 106.461 106.51 106.564 106.618 106.675 106.736 106.8 106.868 106.94 107.016 107.097 107.182 107.256 107.317 107.382 107.445 107.496 107.536 107.574 107.612 107.648
-9999 -9999 -9999 -9999 -9999 -9999 -9999 -9999 -9999 -9999 -9999 -9999 -9999 -9999 -9999 -9999 -9999 -9999 -9999 -9999 105.438 105.457 105.473 105.489 -9999 -9999 -9999 105.551 105.569 105.589 105.615 105.642 105.669 105.698 105.727 105.758 105.79 105.824 105.856 105.888 105.918 105.946 -9999 106.009 106.059 106.107 106.153 106.199 106.243 106.284 106.322 106.356 106.386 106.415 106.456 106.509 106.567 106.628 106.691 106.757 106.826 106.897 106.972 107.051 107.135 107.209 107.269 107.332 107.394 107.449 107.491 107.529 107.566 107.598
-9999 -9999 -9999 -9999 -9999 -9999 -9999 -9999 -9999 -9999 -9999 -9999 -9999 -9999 -9999 -9999 -9999 -9999 -9999 -9999 -9999 -9999 -9999 -9999 -9999 -9999 -9999 105.521 105.535 105.553 105.571 105.589 105.614 105.642 105.671 105.701 105.736 105.77 105.804 105.823 -9999 -9999 105.92 105.958 106.01 106.06 106.107 106.154 106.199 106.243 106.282 106.314 106.343 106.372 106.407 106.461 106.521 106.584 106.648 106.715 106.783 106.853 106.927 107.005 107.087 107.161 107.221 107.284 107.343 107.399 107.446 107.484 107.519 107.549
-9999 -9999 -9999 -9999 -9999 -9999 -9999 -9999 -9999 -9999 -9999 -9999 -9999 -9999 -9999 -9999 -9999 -9999 -9999 -9999 -9999 -9999 -9999 -9999 -9999 -9999 -9999 105.495 105.509 105.524 105.539 105.555 105.573 105.593 105.616 105.645 105.685 -9999 -9999 -9999 -9999 -9999 105.869 105.909 105.962 106.013 106.061 106.109 106.155 106.201 106.24 106.272 106.307 106.34 106.375 106.419 106.478 106.541 106.605 106.671 106.739 106.809 106.882 106.959 107.04 107.113 107.173 107.233 107.291 107.344 107.396 107.437 107.474 107.501
-9999 -9999 -9999 -9999 -9999 -9999 -9999 -9999 -9999 -9999 -9999 -9999 -9999 -9999 -9999 -9999 -9999 -9999 -9999 -9999 -9999 -9999 -9999 -9999 -9999 -9999 -9999 -9999 -9999 105.5 105.515 105.528 105.544 105.563 105.585 105.616 -9999 -9999 -9999 -9999 105.763 105.787 105.819 105.86 105.914 105.965 106.016 106.066 106.116 106.164 106.205 106.243 106.278 106.313 106.349 106.386 106.436 106.498 106.562 106.627 106.695 106.764 106.836 106.912 106.991 107.063 107.121 107.18 107.236 107.288 107.341 107.384 107.419 107.447
-9999 -9999 -9999 -9999 -9999 -9999 -9999 -9999 -9999 -9999 -9999 -9999 -9999 -9999 -9999 -9999 -9999 -9999 -9999 -9999 -9999 -9999 -9999 -9999 -9999 -9999 -9999 -9999 -9999 -9999 105.491 105.505 105.522 105.543 105.566 -9999 -9999 -9999 -9999 105.708 105.727 105.756 105.784 105.824 105.879 105.933 105.986 106.037 106.088 106.133 106.177 106.217 106.252 106.288 106.324 106.361 106.399 106.454 106.518 106.583 106.649 106.718 106.789 106.864 106.942 107.011 107.068 107.125 107.18 107.23 107.281 107.327 107.36 107.387
-9999 -9999 -9999 -9999 -9999 -9999 -9999 -9999 -9999 -9999 -9999 -9999 -9999 -9999 -9999 -9999 -9999 -9999 -9999 -9999 -9999 -9999 -9999 -9999 -9999 -9999 -9999 -9999 -9999 -9999 -9999 -9999 -9999 -9999 -9999 -9999 -9999 -9999 105.657 105.679 105.705 105.732 105.759 105.799 105.853 105.908 105.961 106.012 106.059 106.105 106.15 106.191 106.227 106.263 106.299 106.335 106.374 106.415 106.474 106.538 106.604 106.671 106.742 106.815 106.891 106.958 107.013 107.07 107.123 107.171 107.22 107.266 107.301 107.327
-9999 -9999 -9999 -9999 -9999 -9999 -9999 -9999 -9999 -9999 -9999 -9999 -9999 -9999 -9999 -9999 -9999 -9999 -9999 -9999 -9999 -9999 -9999 -9999 -9999 -9999 -9999 -9999 -9999 -9999 -9999 -9999 -9999 -9999 -9999 -9999 -9999 105.605 105.631 105.656 105.683 105.71 105.737 105.775 105.828 105.883 105.935 105.983 106.03 106.077 106.123 106.164 106.201 106.237 106.273 106.31 106.348 106.388 106.433 106.492 106.557 106.624 106.693 106.765 106.839 106.904 106.958 107.013 107.064 107.111 107.159 106.902 106.738 107.086
-9999 -9999 -9999 -9999 -9999 -9999 -9999 -9999 -9999 -9999 -9999 -9999 -9999 -9999 -9999 -9999 -9999 -9999 -9999 -9999 -9999 -9999 -9999 -9999 -9999 -9999 -9999 -9999 -9999 -9999 -9999 -9999 -9999 -9999 -9999 -9999 -9999 105.585 105.61 105.635 105.663 105.689 105.715 105.752 105.802 105.855 105.905 105.954 106.002 106.049 106.095 106.138 106.175 106.212 106.248 106.285 106.323 106.363 106.404 106.449 106.51 106.576 106.644 106.715 106.786 106.848 106.9 106.955 107.005 107.051 107.099 107.147 107.438 107.239
-9999 -9999 -9999 -9999 -9999 -9999 -9999 -9999 -9999 -9999 -9999 -9999 -9999 -9999 -9999 -9999 -9999 -9999 -9999 -9999 -9999 -9999 -9999 -9999 105.242 105.264 105.396 105.389 -9999 105.393 -9999 -9999 -9999 -9999 -9999 -9999 -9999 -9999 105.589 105.616 105.643 105.669 105.694 105.728 105.773 105.825 105.876 105.926 105.974 106.021 106.068 106.112 106.15 106.186 106.222 106.259 106.298 106.338 106.378 106.42 106.466 106.526 106.594 106.664 106.731 106.79 106.842 106.895 106.945 106.991 107.039 107.087 107.018 107.291
-9999 -9999 -9999 -9999 -9999 -9999 -9999 -9999 -9999 -9999 -9999 -9999 -9999 -9999 -9999 -9999 -9999 -9999 -9999 -9999 -9999 105.118 105.144 105.177 105.208 105.28 105.386 105.362 105.322 105.388 105.465 105.448 -9999 -9999 105.466 105.491 105.517 105.543 105.571 105.597 105.623 105.648 105.672 105.7 105.742 105.795 105.847 105.897 105.946 105.994 106.041 106.085 106.124 106.16 106.196 106.234 106.272 106.312 106.352 106.394 106.437 106.483 106.543 106.611 106.675 106.731 106.782 106.834 106.884 106.932 106.98 107.028 107.12 107.133
-9999 -9999 -9999 -9999 -9999 -9999 -9999 -9999 -9999 -9999 -9999 -9999 -9999 -9999 -9999 -9999 -9999 -9999 -9999 -9999 105.06 105.075 105.098 105.134 105.167 105.252 105.331 105.325 105.347 105.387 105.371 105.37 105.396 105.421 105.444 105.469 105.496 105.525 105.552 105.578 105.602 105.624 105.647 105.672 105.71 105.764 105.817 105.868 105.918 105.967 106.014 106.059 106.098 106.134 106.171 106.208 106.247 106.286 106.326 106.367 106.41 106.455 106.503 106.561 106.618 106.67 106.72 106.771 106.824 106.874 106.923 106.969 107.116 107.128
-9999 -9999 -9999 -9999 -9999 -9999 -9999 -9999 -9999 -9999 -9999 -9999 -9999 -9999 -9999 -9999 -9999 -9999 -9999 -9999 105.018 105.02 105.048 105.086 105.123 105.163 105.136 105.184 105.263 105.272 105.313 105.343 105.371 105.397 105.421 105.448 105.477 105.505 105.531 105.555 105.578 105.6 105.622 105.645 105.682 105.733 105.787 105.839 105.89 105.939 105.987 106.032 106.072 106.108 106.145 106.182 106.221 106.259 106.299 106.339 106.382 106.427 106.475 106.523 106.566 106.609 106.657 106.71 106.765 106.817 106.865 106.912 106.718 106.922
-9999 -9999 -9999 -9999 -9999 -9999 -9999 -9999 -9999 -9999 -9999 -9999 -9999 -9999 -9999 -9999 -9999 -9999 -9999 -9999 104.954 104.964 104.997 105.037 105.076 105.137 105.33 105.381 105.381 105.374 105.282 105.315 105.344 105.372 105.4 105.428 105.455 105.482 105.508 105.532 105.554 105.575 105.597 105.621 105.655 105.701 105.757 105.81 105.862 105.912 105.96 106.006 106.045 106.082 106.119 106.156 106.195 106.233 106.271 106.311 106.354 106.398 106.446 106.491 106.529 106.562 106.601 106.65 106.707 106.76 106.808 106.854 106.544 106.514
-9999 -9999 -9999 -9999 -9999 -9999 -9999 -9999 -9999 -9999 -9999 -9999 -9999 -9999 -9999 -9999 104.907 104.902 -9999 104.896 104.894 104.902 104.94 104.982 105.024 105.112 105.04 105.08 105.17 105.155 105.246 105.282 105.316 105.349 105.379 105.406 105.432 105.458 105.485 105.509 105.531 105.552 105.573 105.598 105.628 105.669 105.726 105.781 105.833 105.884 105.933 105.979 106.018 106.055 106.092 106.13 106.168 106.206 106.244 106.283 106.325 106.37 106.418 106.46 106.494 106.528 106.567 106.61 106.657 106.705 106.751 106.797 106.661 106.525
-9999 -9999 -9999 -9999 -9999 -9999 -9999 -9999 -9999 -9999 -9999 -9999 -9999 -9999 -9999 -9999 104.879 104.874 104.869 104.864 104.859 104.866 104.882 104.921 104.967 104.954 104.997 105.067 105.103 105.169 105.208 105.251 105.289 105.324 105.355 105.383 105.41 105.435 105.461 105.486 105.51 105.531 105.554 105.579 105.605 105.644 105.695 105.75 105.804 105.856 105.905 105.951 105.991 106.027 106.065 106.104 106.141 106.179 106.216 106.254 106.296 106.342 106.387 106.427 106.46 106.499 106.54 106.584 106.628 106.67 106.709 106.748 106.783 106.703
-9999 -9999 -9999 -9999 -9999 -9999 -9999 -9999 -9999 -9999 -9999 -9999 -9999 -9999 -9999 104.856 104.855 104.851 104.848 104.844 104.84 104.836 104.843 104.86 104.902 104.954 105.001 105.044 105.086 105.128 105.174 105.22 105.261 105.297 105.33 105.36 105.387 105.413 105.438 105.463 105.488 105.512 105.536 105.561 105.587 105.619 105.662 105.719 105.773 105.826 105.877 105.923 105.962 105.999 106.038 106.077 106.115 106.152 106.188 106.225 106.267 106.314 106.356 106.393 106.431 106.472 106.516 106.559 106.603 106.647 106.686 106.721 106.752 106.774
-9999 -9999 -9999 -9999 -9999 -9999 -9999 -9999 -9999 -9999 -9999 -9999 -9999 -9999 -9999 -9999 104.83 104.827 104.825 104.822 104.818 104.855 104.966 104.933 104.842 104.889 104.944 104.995 105.042 105.087 105.136 105.186 105.23 105.269 105.303 105.335 105.363 105.39 105.415 105.44 105.466 105.492 105.517 105.542 105.568 105.595 105.633 105.685 105.741 105.795 105.847 105.893 105.932 105.97 106.009 106.049 106.088 106.126 106.163 106.2 -9999 106.286 106.327 106.366 106.407 106.45 106.493 106.536 106.579 106.623 106.665 106.701 106.732 106.753
-9999 -9999 -9999 -9999 -9999 -9999 -9999 -9999 -9999 -9999 -9999 -9999 -9999 -9999 -9999 104.806 104.802 104.801 104.8 104.799 104.798 104.908 105.044 104.937 104.818 104.85 104.89 104.945 104.994 105.042 105.094 105.148 105.195 105.237 105.274 105.308 105.338 105.366 105.392 105.417 105.442 105.469 105.496 105.522 105.548 105.573 105.605 105.648 105.706 105.761 105.814 105.86 105.9 105.939 105.979 106.02 106.06 106.099 106.138 106.177 106.219 -9999 106.303 -9999 106.386 -9999 106.471 -9999 106.557 106.601 106.644 106.683 106.713 106.733
-9999 -9999 -9999 -9999 -9999 -9999 -9999 -9999 -9999 -9999 -9999 -9999 -9999 -9999 -9999 104.787 104.794 104.794 104.794 104.794 104.795 104.848 104.787 104.738 104.812 104.832 104.861 104.893 104.941 104.991 105.046 105.105 105.156 105.201 105.241 105.278 105.31 105.34 105.368 105.393 105.419 105.445 105.472 105.5 105.526 105.552 105.578 105.617 105.667 105.724 105.778 105.824 105.866 105.906 105.948 105.99 106.031 106.072 106.112 106.155 106.2 -9999 -9999 106.324 106.365 -9999 -9999 106.492 106.536 106.579 -9999 -9999 -9999 -9999
-9999 -9999 -9999 -9999 -9999 -9999 -9999 -9999 -9999 -9999 -9999 -9999 -9999 -9999 104.765 104.796 104.795 104.795 104.795 104.796 104.796 104.778 104.822 104.844 104.813 104.831 104.848 104.873 104.899 104.933 104.991 105.055 105.112 105.161 105.205 105.244 105.279 105.311 105.341 105.368 105.394 105.421 105.447 105.474 105.502 105.529 105.555 105.585 105.626 105.683 105.738 105.785 105.828 105.87 105.913 105.957 106.0 106.042 -9999 -9999 -9999 106.224 -9999 -9999 -9999 -9999 -9999 -9999 106.517 -9999 -9999 -9999 -9999 -9999
