Validation/Results/ReClimate_11_2023_1_Precipitation-Actualsweatherlogisticsltd.asc
NCOLS 192
NROWS 249
XLLCENTER -225160.85627316462
YLLCENTER 29788.11610251502
CELLSIZE 5000.0
NODATA_VALUE -9999
[rows 99 to 131 of 249, columns 74 to 147 of 192]
255.722 257.075 271.149 276.603 290.676 309.072 315.729 326.595 -9999 -9999 237.92 345.792 384.318 420.67 402.055 417.848 398.614 350.448 337.229 302.123 281.082 274.665 260.274 226.899 211.059 202.838 180.658 175.531 163.798 150.136 133.329 125.652 120.229 116.2 106.673 99.122 86.118 75.43 77.662 87.422 82.232 74.181 73.541 75.07 68.859 -9999 -9999 -9999 -9999 -9999 -9999 -9999 -9999 -9999 -9999 -9999 -9999 -9999 -9999 -9999 -9999 -9999 -9999 -9999 -9999 -9999 -9999 -9999 -9999 -9999 -9999 -9999 -9999 -9999
229.334 273.057 264.037 -9999 -9999 286.01 297.278 -9999 -9999 -9999 220.074 319.876 431.661 426.721 457.629 403.601 355.521 348.794 374.346 369.252 312.108 301.734 256.817 250.426 253.595 221.435 183.27 195.031 197.079 166.38 139.703 135.947 126.756 109.072 87.075 80.901 74.125 79.503 97.654 95.152 91.422 88.271 84.709 73.682 64.408 -9999 -9999 -9999 -9999 -9999 -9999 -9999 -9999 -9999 -9999 -9999 -9999 -9999 -9999 -9999 -9999 -9999 -9999 -9999 -9999 -9999 -9999 -9999 -9999 -9999 -9999 -9999 -9999 -9999
229.426 -9999 263.163 273.745 307.923 -9999 -9999 -9999 -9999 274.774 270.763 350.482 392.073 403.677 413.578 384.378 375.762 390.624 440.732 402.275 371.992 297.138 278.511 286.289 240.551 195.101 211.465 235.394 212.453 156.663 156.654 142.235 125.113 99.519 85.986 79.674 83.924 101.249 90.844 88.652 86.432 86.071 78.262 67.455 -9999 -9999 -9999 -9999 -9999 -9999 -9999 -9999 -9999 -9999 -9999 -9999 -9999 -9999 -9999 -9999 -9999 -9999 -9999 -9999 -9999 -9999 -9999 -9999 -9999 -9999 -9999 -9999 -9999 -9999
240.595 307.242 361.797 405.369 427.8 349.916 286.518 -9999 -9999 265.113 -9999 -9999 298.679 403.581 402.381 364.288 389.278 447.208 440.34 460.474 426.359 346.672 284.739 227.892 250.805 248.548 259.358 242.364 213.299 209.693 183.005 140.811 112.793 96.818 88.301 88.888 101.111 84.991 81.403 80.299 77.489 74.705 71.501 -9999 -9999 -9999 -9999 -9999 -9999 -9999 -9999 -9999 -9999 -9999 -9999 -9999 -9999 -9999 -9999 -9999 -9999 -9999 -9999 -9999 -9999 -9999 -9999 -9999 -9999 -9999 -9999 -9999 -9999 -9999
268.738 305.269 362.928 433.569 403.25 -9999 -9999 -9999 255.53 283.087 280.764 296.466 322.382 346.085 324.655 337.667 395.577 420.299 417.555 393.112 355.57 319.904 279.839 284.2 237.814 247.589 221.325 220.07 211.58 176.664 159.966 128.974 109.168 98.99 86.982 89.659 80.821 74.711 -9999 -9999 75.075 -9999 -9999 -9999 -9999 -9999 -9999 -9999 -9999 -9999 -9999 -9999 -9999 -9999 -9999 -9999 -9999 -9999 -9999 -9999 -9999 -9999 -9999 -9999 -9999 -9999 -9999 -9999 -9999 -9999 -9999 -9999 -9999 -9999
257.342 293.32 353.961 -9999 364.902 -9999 -9999 -9999 263.208 296.936 316.585 314.406 307.824 323.226 338.505 379.414 424.224 406.315 389.122 371.489 373.486 335.571 313.725 241.509 244.239 236.838 208.545 181.149 143.358 140.384 117.243 100.432 101.767 91.936 83.74 83.334 77.986 -9999 81.867 74.13 73.004 74.48 -9999 -9999 -9999 -9999 -9999 -9999 -9999 -9999 -9999 -9999 -9999 -9999 -9999 -9999 -9999 -9999 -9999 -9999 -9999 -9999 -9999 -9999 -9999 -9999 -9999 -9999 -9999 -9999 -9999 -9999 -9999 -9999
-9999 257.108 -9999 -9999 -9999 -9999 289.249 281.209 292.992 311.211 331.75 332.193 344.27 368.404 367.35 392.384 401.153 433.569 388.671 384.668 345.759 354.786 290.586 290.18 300.998 243.925 206.217 183.843 160.096 128.118 110.117 93.393 89.228 93.056 93.407 -9999 80.848 81.265 72.706 72.008 69.486 78.164 -9999 -9999 -9999 -9999 -9999 -9999 -9999 -9999 -9999 -9999 -9999 -9999 -9999 -9999 -9999 -9999 -9999 -9999 -9999 -9999 -9999 -9999 -9999 -9999 -9999 -9999 -9999 -9999 -9999 -9999 -9999 -9999
-9999 -9999 -9999 -9999 -9999 -9999 281.388 258.603 269.654 310.84 340.989 331.639 353.799 324.688 331.97 375.631 440.75 426.177 379.644 368.035 359.051 302.678 289.776 321.52 264.893 266.87 254.922 197.395 169.106 146.764 125.722 118.611 118.516 118.505 121.867 108.002 87.533 79.57 82.085 87.627 82.027 83.665 81.088 -9999 -9999 -9999 -9999 -9999 -9999 -9999 -9999 -9999 -9999 -9999 -9999 -9999 -9999 -9999 -9999 -9999 -9999 -9999 -9999 -9999 -9999 -9999 -9999 -9999 -9999 -9999 -9999 -9999 -9999 -9999
-9999 -9999 -9999 -9999 -9999 273.89 -9999 -9999 263.792 311.128 321.777 344.39 332.001 -9999 -9999 410.563 463.548 478.275 372.881 338.092 313.388 282.06 282.934 251.26 234.445 224.595 181.816 168.134 169.041 165.756 176.869 177.908 155.419 146.648 132.133 113.694 104.409 92.045 99.477 86.164 93.413 89.728 79.625 71.1 -9999 -9999 -9999 -9999 -9999 -9999 -9999 -9999 -9999 -9999 -9999 -9999 -9999 -9999 -9999 -9999 -9999 -9999 -9999 -9999 -9999 -9999 -9999 -9999 -9999 -9999 -9999 -9999 -9999 -9999
-9999 -9999 -9999 -9999 -9999 255.582 -9999 235.492 251.853 281.15 321.524 335.921 314.152 309.758 367.529 413.474 423.415 345.197 339.286 356.636 288.52 267.084 249.318 224.333 191.278 168.539 145.015 155.234 180.66 218.355 222.219 188.949 164.318 138.441 121.231 112.704 101.449 99.387 88.365 82.144 76.495 74.087 66.861 -9999 -9999 -9999 -9999 -9999 -9999 -9999 -9999 -9999 -9999 -9999 -9999 -9999 -9999 -9999 -9999 -9999 -9999 -9999 -9999 -9999 -9999 -9999 -9999 -9999 -9999 -9999 -9999 -9999 -9999 -9999
-9999 -9999 -9999 -9999 -9999 237.276 -9999 208.051 207.413 254.512 280.935 286.262 -9999 328.519 345.985 -9999 356.902 340.088 335.983 289.398 295.572 246.431 216.052 175.977 153.724 142.665 145.926 142.946 164.633 156.02 145.206 151.362 149.435 135.757 115.046 105.468 97.807 88.123 80.139 -9999 -9999 -9999 -9999 -9999 -9999 -9999 -9999 -9999 -9999 -9999 -9999 -9999 -9999 -9999 -9999 -9999 -9999 -9999 -9999 -9999 -9999 -9999 -9999 -9999 -9999 -9999 -9999 -9999 -9999 -9999 -9999 -9999 -9999 -9999
-9999 -9999 -9999 215.682 223.717 -9999 -9999 184.417 223.187 249.069 245.705 269.318 334.464 320.733 363.034 -9999 298.57 304.145 283.046 265.005 242.993 229.796 190.462 176.352 166.403 175.51 170.503 140.651 129.895 119.268 119.787 127.275 129.08 126.99 115.208 111.144 100.828 85.239 -9999 -9999 -9999 -9999 -9999 -9999 -9999 -9999 -9999 -9999 -9999 -9999 -9999 -9999 -9999 -9999 -9999 -9999 -9999 -9999 -9999 -9999 -9999 -9999 -9999 -9999 -9999 -9999 -9999 -9999 -9999 -9999 -9999 -9999 -9999 -9999
-9999 -9999 198.882 201.058 211.659 -9999 200.967 222.008 248.175 241.025 -9999 307.444 314.882 349.231 373.886 -9999 273.031 279.689 245.261 207.003 201.997 185.094 182.806 191.386 201.573 206.325 178.917 160.534 139.822 -9999 104.201 108.185 112.908 114.884 111.149 111.354 96.414 -9999 -9999 -9999 -9999 -9999 -9999 -9999 -9999 -9999 -9999 -9999 -9999 -9999 -9999 -9999 -9999 -9999 -9999 -9999 -9999 -9999 -9999 -9999 -9999 -9999 -9999 -9999 -9999 -9999 -9999 -9999 -9999 -9999 -9999 -9999 -9999 -9999
-9999 -9999 184.257 179.233 -9999 -9999 220.274 249.418 248.125 -9999 264.388 295.092 314.595 342.666 339.027 -9999 246.431 216.21 201.435 192.578 192.942 192.017 197.301 243.791 246.092 237.852 218.48 173.104 136.651 109.22 98.757 -9999 -9999 94.719 93.467 -9999 -9999 -9999 -9999 -9999 -9999 61.126 60.397 58.777 -9999 -9999 -9999 -9999 -9999 -9999 -9999 -9999 -9999 -9999 -9999 -9999 -9999 -9999 -9999 -9999 -9999 -9999 -9999 -9999 -9999 -9999 -9999 -9999 -9999 -9999 -9999 -9999 -9999 -9999
-9999 209.179 222.379 -9999 -9999 208.575 227.03 222.975 252.669 -9999 255.008 282.36 284.004 293.978 316.75 -9999 -9999 -9999 207.432 197.489 194.689 196.51 208.585 211.849 200.015 198.055 178.46 156.484 136.311 122.164 107.198 94.768 95.999 92.948 82.044 -9999 -9999 -9999 -9999 -9999 64.894 61.69 66.196 61.392 61.352 -9999 -9999 -9999 -9999 -9999 -9999 -9999 -9999 -9999 -9999 -9999 -9999 -9999 -9999 -9999 -9999 -9999 -9999 -9999 -9999 -9999 -9999 -9999 -9999 -9999 -9999 -9999 -9999 -9999
227.733 267.017 230.601 -9999 -9999 -9999 186.426 231.189 236.039 -9999 226.414 -9999 238.35 267.587 252.839 -9999 217.244 229.784 225.501 -9999 175.348 163.936 172.024 166.446 162.494 161.619 158.647 146.358 138.08 130.982 115.056 112.806 105.357 91.354 80.974 73.771 74.303 71.806 -9999 66.184 65.455 68.893 72.43 79.708 82.024 87.074 61.65 -9999 -9999 -9999 -9999 -9999 -9999 -9999 -9999 -9999 -9999 -9999 -9999 -9999 -9999 -9999 -9999 -9999 -9999 -9999 -9999 -9999 -9999 -9999 -9999 -9999 -9999 -9999
232.111 234.919 -9999 -9999 -9999 -9999 205.423 240.294 216.507 -9999 195.411 -9999 208.163 207.565 -9999 228.788 246.736 274.313 256.468 195.651 163.686 149.07 146.301 141.386 140.649 136.234 133.29 133.199 131.469 125.996 114.036 113.608 104.525 97.725 91.142 86.74 89.69 79.108 76.652 72.733 71.474 73.469 78.23 97.052 99.107 103.809 91.05 76.495 70.809 77.634 -9999 -9999 -9999 -9999 -9999 -9999 -9999 -9999 -9999 -9999 -9999 -9999 -9999 -9999 -9999 -9999 -9999 -9999 -9999 -9999 -9999 -9999 -9999 -9999
-9999 200.682 -9999 -9999 -9999 -9999 196.866 205.26 218.773 215.602 -9999 -9999 168.464 178.311 -9999 209.212 249.017 302.9 256.098 211.926 173.685 156.339 141.56 131.518 125.081 117.324 121.658 125.017 132.803 132.604 127.873 114.207 125.006 118.094 111.685 118.042 100.339 81.891 73.462 79.907 79.303 92.511 120.702 128.445 118.741 112.96 100.485 104.396 85.623 77.713 74.539 -9999 -9999 -9999 -9999 -9999 -9999 -9999 -9999 -9999 -9999 -9999 -9999 -9999 -9999 -9999 -9999 -9999 -9999 -9999 -9999 -9999 -9999 -9999
205.856 -9999 -9999 -9999 -9999 -9999 167.958 187.276 214.573 196.381 -9999 -9999 169.15 166.538 -9999 -9999 243.134 248.689 231.426 205.175 197.421 178.504 157.192 143.657 136.055 121.051 118.889 131.919 135.612 143.389 141.284 150.939 140.085 136.597 139.23 122.37 103.354 97.724 92.949 91.011 106.138 127.591 138.229 140.236 127.914 111.812 102.998 91.114 82.573 80.635 74.568 -9999 -9999 -9999 -9999 -9999 -9999 -9999 -9999 -9999 -9999 -9999 -9999 -9999 -9999 -9999 -9999 -9999 -9999 -9999 -9999 -9999 -9999 -9999
191.621 -9999 -9999 -9999 -9999 -9999 157.486 185.322 208.479 -9999 -9999 -9999 -9999 160.793 -9999 166.822 204.009 216.953 201.851 197.996 199.836 191.279 179.569 174.927 162.117 143.147 133.967 124.986 128.889 135.993 149.375 148.251 143.804 140.397 128.686 120.041 113.828 112.155 128.09 124.765 120.738 124.596 120.223 115.066 114.75 109.932 96.677 79.447 77.179 76.908 76.394 71.165 -9999 -9999 -9999 -9999 -9999 -9999 -9999 -9999 -9999 -9999 -9999 -9999 -9999 -9999 -9999 -9999 -9999 -9999 -9999 -9999 -9999 -9999
177.947 -9999 -9999 -9999 178.833 173.306 176.299 195.44 -9999 -9999 240.582 -9999 -9999 -9999 -9999 154.708 179.664 184.813 179.642 180.132 181.854 197.363 203.029 199.595 188.649 165.614 148.237 130.516 125.607 130.107 130.821 123.999 129.368 117.223 127.676 139.685 130.304 152.877 163.421 150.388 137.832 122.007 97.918 106.697 103.6 106.089 94.499 80.915 75.73 76.257 72.971 69.793 -9999 -9999 -9999 -9999 -9999 -9999 -9999 -9999 -9999 -9999 -9999 -9999 -9999 -9999 -9999 -9999 -9999 -9999 -9999 -9999 -9999 -9999
-9999 -9999 -9999 -9999 -9999 187.424 194.254 219.262 -9999 226.308 259.694 279.825 -9999 -9999 -9999 -9999 144.646 148.651 152.354 158.099 167.824 178.205 189.571 193.008 189.699 168.671 146.852 133.099 132.759 117.881 114.003 118.22 128.791 128.579 147.283 135.318 151.55 152.267 156.059 157.683 146.82 118.668 109.811 102.063 92.326 89.748 89.146 79.029 74.721 76.253 76.827 75.084 73.239 -9999 -9999 -9999 -9999 -9999 -9999 -9999 -9999 -9999 -9999 -9999 -9999 -9999 -9999 -9999 -9999 -9999 -9999 -9999 -9999 -9999
-9999 -9999 -9999 -9999 -9999 197.693 216.869 239.825 -9999 193.041 253.024 286.919 -9999 -9999 -9999 -9999 -9999 132.19 134.305 139.618 145.156 161.895 169.375 181.876 183.126 190.454 177.689 162.019 135.25 126.037 118.052 122.521 121.528 126.485 143.274 146.066 147.09 151.279 148.047 130.582 119.075 108.002 106.38 93.238 88.26 88.298 79.38 75.234 71.314 74.409 81.277 86.45 78.029 75.368 -9999 -9999 -9999 -9999 -9999 -9999 -9999 -9999 -9999 -9999 -9999 -9999 -9999 -9999 -9999 -9999 -9999 -9999 -9999 -9999
-9999 -9999 -9999 -9999 -9999 200.716 233.406 -9999 -9999 171.855 226.827 263.715 216.244 -9999 -9999 -9999 -9999 -9999 130.479 135.663 149.139 154.467 178.073 189.673 201.798 208.554 197.034 178.857 156.134 151.143 136.953 136.767 143.162 165.834 166.646 198.803 173.569 179.839 152.298 160.731 134.931 110.727 107.543 94.247 83.721 81.236 84.839 87.497 89.941 79.958 86.191 85.785 91.185 80.264 77.516 70.996 -9999 -9999 -9999 -9999 -9999 -9999 -9999 -9999 -9999 -9999 -9999 -9999 -9999 -9999 -9999 -9999 -9999 -9999
-9999 -9999 -9999 -9999 -9999 213.773 191.856 -9999 -9999 182.138 217.193 222.929 -9999 -9999 -9999 -9999 -9999 -9999 122.116 130.422 135.889 147.013 162.058 170.136 186.203 195.791 197.254 195.184 174.898 161.984 166.025 181.113 208.596 195.611 219.316 228.529 215.294 173.866 180.207 169.817 121.968 119.598 107.013 92.879 92.072 92.957 87.944 92.152 96.351 112.093 111.166 96.215 92.865 89.851 82.4 76.874 -9999 -9999 -9999 -9999 -9999 -9999 -9999 -9999 -9999 -9999 -9999 -9999 -9999 -9999 -9999 -9999 -9999 -9999
-9999 -9999 -9999 -9999 -9999 194.294 159.673 -9999 -9999 -9999 176.417 178.777 166.522 -9999 -9999 -9999 -9999 -9999 116.775 127.358 132.168 140.872 149.04 163.232 190.387 214.643 227.373 202.882 191.309 182.204 180.116 190.409 205.975 216.72 255.715 239.189 208.545 201.768 185.828 146.659 141.72 120.146 113.862 104.574 93.162 98.099 104.88 110.94 124.469 151.634 140.023 120.048 103.475 94.666 91.15 84.337 -9999 -9999 -9999 -9999 -9999 -9999 -9999 -9999 -9999 -9999 -9999 -9999 -9999 -9999 -9999 -9999 -9999 -9999
-9999 -9999 -9999 -9999 207.398 190.526 169.597 -9999 -9999 -9999 -9999 -9999 -9999 -9999 -9999 -9999 -9999 -9999 136.777 146.526 146.075 146.791 158.02 171.319 192.735 215.143 230.959 221.489 210.104 217.925 208.661 225.016 240.835 266.791 276.881 262.634 235.035 222.336 190.773 175.59 146.159 134.363 113.919 101.452 106.846 105.366 121.117 133.743 159.92 157.235 156.972 124.696 102.099 94.526 89.825 85.835 70.908 -9999 -9999 -9999 -9999 -9999 -9999 -9999 -9999 -9999 -9999 -9999 -9999 -9999 -9999 -9999 -9999 -9999
-9999 -9999 -9999 204.801 206.347 206.623 178.664 -9999 -9999 -9999 -9999 -9999 -9999 -9999 -9999 -9999 141.747 141.323 153.238 170.449 183.132 192.353 201.161 217.988 208.833 218.142 216.869 230.187 239.426 236.597 259.653 255.996 242.248 242.516 287.271 258.976 261.096 223.253 200.46 171.652 145.798 127.486 128.03 121.758 108.893 116.477 134.301 153.819 142.624 148.123 155.288 125.412 97.769 91.134 97.108 90.403 78.283 -9999 -9999 -9999 -9999 -9999 -9999 -9999 -9999 -9999 -9999 -9999 -9999 -9999 -9999 -9999 -9999 -9999
-9999 -9999 -9999 199.08 185.83 163.267 -9999 -9999 -9999 -9999 -9999 -9999 -9999 -9999 -9999 -9999 144.984 148.13 165.548 191.834 209.441 214.34 253.355 268.125 257.478 247.327 250.517 233.691 233.449 261.325 271.887 252.781 229.626 236.881 254.717 277.985 251.102 238.657 214.353 191.015 160.832 151.671 146.448 133.96 133.502 159.495 172.003 164.172 147.214 144.093 125.228 112.23 108.888 108.553 99.489 94.071 79.31 -9999 -9999 -9999 -9999 -9999 -9999 -9999 -9999 -9999 -9999 -9999 -9999 -9999 -9999 -9999 -9999 -9999
-9999 -9999 -9999 -9999 -9999 -9999 -9999 -9999 -9999 -9999 -9999 -9999 -9999 -9999 -9999 -9999 153.997 163.206 193.716 214.776 232.789 244.395 283.225 300.999 324.321 291.446 252.711 237.322 242.333 260.006 291.478 270.811 229.856 230.472 242.467 260.235 255.575 241.652 233.442 208.066 205.405 199.612 185.04 185.926 197.166 202.209 170.04 158.016 147.966 135.38 133.071 112.725 103.07 102.229 97.198 84.101 80.627 -9999 -9999 -9999 -9999 -9999 -9999 -9999 -9999 -9999 -9999 -9999 -9999 -9999 -9999 -9999 -9999 -9999
-9999 -9999 -9999 -9999 -9999 -9999 -9999 -9999 -9999 -9999 -9999 -9999 -9999 -9999 -9999 161.0 178.768 202.979 221.825 256.688 253.002 263.174 278.107 320.555 309.415 283.321 251.611 233.1 205.737 217.594 233.415 240.344 228.942 206.121 220.377 237.185 240.412 237.635 234.35 240.53 216.138 213.91 207.516 204.199 225.124 188.91 187.646 164.621 131.992 140.545 139.445 130.129 108.001 97.016 87.359 79.665 75.896 -9999 -9999 -9999 -9999 -9999 -9999 -9999 -9999 -9999 -9999 -9999 -9999 -9999 -9999 -9999 -9999 -9999
-9999 -9999 -9999 -9999 -9999 -9999 -9999 -9999 -9999 -9999 -9999 -9999 -9999 -9999 -9999 179.789 208.316 238.71 277.832 286.179 289.383 286.435 312.121 290.193 277.735 257.44 248.356 222.068 186.409 187.972 217.243 228.999 217.638 184.058 192.468 202.033 210.16 224.817 246.802 209.576 229.921 221.585 207.414 234.604 203.589 198.273 182.523 145.718 142.544 135.365 128.694 126.243 115.061 101.958 93.025 81.795 72.843 -9999 -9999 -9999 -9999 -9999 -9999 -9999 -9999 -9999 -9999 -9999 -9999 -9999 -9999 -9999 -9999 -9999
-9999 -9999 -9999 -9999 -9999 -9999 -9999 -9999 -9999 -9999 -9999 -9999 -9999 -9999 171.826 203.878 227.229 267.11 277.316 300.806 329.388 333.956 324.428 278.943 251.729 240.7 239.646 225.838 196.619 193.483 209.34 204.194 172.083 164.195 174.898 192.367 205.713 237.58 214.493 216.239 234.987 215.332 224.161 216.121 191.001 187.906 155.458 153.686 144.705 136.297 128.512 115.385 104.945 96.144 92.21 84.597 75.324 74.982 -9999 -9999 -9999 -9999 -9999 -9999 -9999 -9999 -9999 -9999 -9999 -9999 -9999 -9999 -9999 -9999
