Validation/Results/ReClimate_12_2023_2_Temperature-Actualsweatherlogisticsltd.asc
NCOLS 192
NROWS 249
XLLCENTER -225160.85627316462
YLLCENTER 29788.11610251502
CELLSIZE 5000.0
NODATA_VALUE -9999
[rows 102 to 135 of 249, columns 77 to 153 of 192]
3.427 3.347 5.324 6.125 -9999 -9999 5.178 -9999 -9999 5.366 2.999 2.767 4.326 3.336 1.182 2.851 1.834 1.816 2.071 2.614 4.117 3.151 2.309 1.506 2.146 3.17 2.523 2.782 3.939 4.732 5.134 5.024 4.569 3.928 4.877 5.176 5.307 5.557 5.591 5.733 -9999 -9999 -9999 -9999 -9999 -9999 -9999 -9999 -9999 -9999 -9999 -9999 -9999 -9999 -9999 -9999 -9999 -9999 -9999 -9999 -9999 -9999 -9999 -9999 -9999 -9999 -9999 -9999 -9999 -9999 -9999 -9999 -9999 -9999 -9999 -9999 -9999
3.783 5.051 -9999 -9999 -9999 5.82 4.67 5.102 4.764 4.674 3.764 5.497 4.945 3.196 3.035 3.417 3.462 3.385 3.271 3.17 2.14 3.095 2.421 2.729 2.551 2.248 2.911 3.685 4.486 5.016 5.114 4.862 4.27 4.989 5.599 -9999 -9999 5.849 -9999 -9999 -9999 -9999 -9999 -9999 -9999 -9999 -9999 -9999 -9999 -9999 -9999 -9999 -9999 -9999 -9999 -9999 -9999 -9999 -9999 -9999 -9999 -9999 -9999 -9999 -9999 -9999 -9999 -9999 -9999 -9999 -9999 -9999 -9999 -9999 -9999 -9999 -9999
-9999 5.248 -9999 -9999 -9999 5.535 4.578 4.395 4.43 4.937 5.497 4.671 3.406 3.047 3.491 3.862 3.408 2.937 3.504 2.972 4.16 3.336 3.112 3.885 4.328 4.583 4.477 4.907 5.141 5.108 5.215 5.207 5.149 5.605 -9999 5.518 5.644 5.639 5.702 -9999 -9999 -9999 -9999 -9999 -9999 -9999 -9999 -9999 -9999 -9999 -9999 -9999 -9999 -9999 -9999 -9999 -9999 -9999 -9999 -9999 -9999 -9999 -9999 -9999 -9999 -9999 -9999 -9999 -9999 -9999 -9999 -9999 -9999 -9999 -9999 -9999 -9999
-9999 -9999 -9999 6.003 5.541 4.647 4.537 4.072 4.521 4.271 3.494 2.999 2.868 3.835 3.681 4.24 2.879 4.022 2.668 4.132 2.998 2.153 3.976 4.609 4.393 4.699 5.21 5.25 5.421 5.477 5.55 5.577 -9999 5.469 5.401 5.556 5.487 5.706 5.611 -9999 -9999 -9999 -9999 -9999 -9999 -9999 -9999 -9999 -9999 -9999 -9999 -9999 -9999 -9999 -9999 -9999 -9999 -9999 -9999 -9999 -9999 -9999 -9999 -9999 -9999 -9999 -9999 -9999 -9999 -9999 -9999 -9999 -9999 -9999 -9999 -9999 -9999
-9999 -9999 -9999 5.825 6.035 5.396 4.295 4.372 4.709 3.636 4.502 4.34 3.837 3.019 4.428 4.492 3.567 2.822 3.57 3.576 2.4 3.424 3.333 3.007 3.99 4.52 4.71 4.984 5.022 4.796 4.75 4.598 4.767 5.23 5.529 5.373 5.168 5.394 5.378 5.638 -9999 -9999 -9999 -9999 -9999 -9999 -9999 -9999 -9999 -9999 -9999 -9999 -9999 -9999 -9999 -9999 -9999 -9999 -9999 -9999 -9999 -9999 -9999 -9999 -9999 -9999 -9999 -9999 -9999 -9999 -9999 -9999 -9999 -9999 -9999 -9999 -9999
-9999 -9999 5.919 -9999 -9999 5.194 4.385 5.026 4.067 4.526 -9999 -9999 3.402 3.203 4.042 4.561 3.559 3.679 3.934 3.588 3.882 4.638 3.933 4.189 4.526 4.825 4.385 3.821 3.359 3.657 3.885 4.408 4.781 4.918 5.436 4.972 5.067 4.99 5.233 5.558 5.832 -9999 -9999 -9999 -9999 -9999 -9999 -9999 -9999 -9999 -9999 -9999 -9999 -9999 -9999 -9999 -9999 -9999 -9999 -9999 -9999 -9999 -9999 -9999 -9999 -9999 -9999 -9999 -9999 -9999 -9999 -9999 -9999 -9999 -9999 -9999 -9999
-9999 -9999 5.975 -9999 5.794 5.145 5.235 4.146 4.243 5.558 5.675 3.987 3.25 4.094 5.917 4.036 2.753 4.614 4.565 4.13 4.734 4.941 5.019 5.191 5.044 3.932 2.912 2.941 3.541 3.993 4.571 4.813 4.732 5.006 5.175 5.289 5.638 5.893 5.991 6.128 -9999 -9999 -9999 -9999 -9999 -9999 -9999 -9999 -9999 -9999 -9999 -9999 -9999 -9999 -9999 -9999 -9999 -9999 -9999 -9999 -9999 -9999 -9999 -9999 -9999 -9999 -9999 -9999 -9999 -9999 -9999 -9999 -9999 -9999 -9999 -9999 -9999
-9999 -9999 6.03 -9999 5.731 5.81 5.125 4.951 5.577 -9999 4.195 4.455 -9999 4.348 4.378 4.055 4.895 3.68 4.784 5.127 5.516 5.625 5.772 5.782 5.266 4.261 4.774 5.033 5.006 4.76 4.604 4.888 4.925 5.312 5.543 5.847 -9999 -9999 -9999 -9999 -9999 -9999 -9999 -9999 -9999 -9999 -9999 -9999 -9999 -9999 -9999 -9999 -9999 -9999 -9999 -9999 -9999 -9999 -9999 -9999 -9999 -9999 -9999 -9999 -9999 -9999 -9999 -9999 -9999 -9999 -9999 -9999 -9999 -9999 -9999 -9999 -9999
5.974 5.919 -9999 -9999 6.134 5.721 5.314 5.796 5.735 3.928 4.287 3.362 -9999 5.118 4.251 4.794 4.829 4.702 4.815 5.285 5.197 5.043 4.889 5.055 5.529 5.942 5.888 5.675 5.251 4.814 4.763 4.994 5.178 5.433 5.841 -9999 -9999 -9999 -9999 -9999 -9999 -9999 -9999 -9999 -9999 -9999 -9999 -9999 -9999 -9999 -9999 -9999 -9999 -9999 -9999 -9999 -9999 -9999 -9999 -9999 -9999 -9999 -9999 -9999 -9999 -9999 -9999 -9999 -9999 -9999 -9999 -9999 -9999 -9999 -9999 -9999 -9999
6.125 6.129 -9999 6.306 5.01 5.007 5.857 -9999 4.425 4.582 3.45 3.528 -9999 4.815 3.912 4.911 5.729 5.545 5.636 5.357 5.003 4.604 3.958 4.431 5.385 5.818 -9999 5.914 5.57 5.385 5.351 5.258 5.054 5.524 -9999 -9999 -9999 -9999 -9999 -9999 -9999 -9999 -9999 -9999 -9999 -9999 -9999 -9999 -9999 -9999 -9999 -9999 -9999 -9999 -9999 -9999 -9999 -9999 -9999 -9999 -9999 -9999 -9999 -9999 -9999 -9999 -9999 -9999 -9999 -9999 -9999 -9999 -9999 -9999 -9999 -9999 -9999
6.483 -9999 -9999 5.794 4.544 5.487 -9999 5.254 4.825 4.474 3.875 4.55 -9999 5.581 5.319 5.61 5.785 5.611 5.394 5.018 3.439 3.332 3.544 4.168 5.193 5.904 6.087 6.16 -9999 -9999 5.876 5.655 -9999 -9999 -9999 -9999 -9999 -9999 6.13 6.185 6.322 -9999 -9999 -9999 -9999 -9999 -9999 -9999 -9999 -9999 -9999 -9999 -9999 -9999 -9999 -9999 -9999 -9999 -9999 -9999 -9999 -9999 -9999 -9999 -9999 -9999 -9999 -9999 -9999 -9999 -9999 -9999 -9999 -9999 -9999 -9999 -9999
-9999 -9999 5.616 5.159 5.877 5.37 -9999 5.338 4.64 5.154 5.201 4.282 -9999 -9999 -9999 5.961 5.477 4.828 4.699 4.459 4.496 4.827 4.78 5.041 5.189 5.354 5.59 5.909 6.013 5.809 5.654 5.875 -9999 -9999 -9999 -9999 -9999 5.878 6.007 5.946 6.201 6.316 -9999 -9999 -9999 -9999 -9999 -9999 -9999 -9999 -9999 -9999 -9999 -9999 -9999 -9999 -9999 -9999 -9999 -9999 -9999 -9999 -9999 -9999 -9999 -9999 -9999 -9999 -9999 -9999 -9999 -9999 -9999 -9999 -9999 -9999 -9999
-9999 -9999 -9999 6.409 5.161 5.629 -9999 5.316 -9999 5.653 4.662 5.616 -9999 5.976 5.345 5.204 -9999 5.309 5.579 5.496 5.61 5.431 5.382 5.126 4.928 4.885 5.118 5.329 5.027 5.07 5.546 5.789 5.929 5.939 6.066 -9999 5.91 5.756 5.727 5.816 5.51 5.27 5.308 6.262 -9999 -9999 -9999 -9999 -9999 -9999 -9999 -9999 -9999 -9999 -9999 -9999 -9999 -9999 -9999 -9999 -9999 -9999 -9999 -9999 -9999 -9999 -9999 -9999 -9999 -9999 -9999 -9999 -9999 -9999 -9999 -9999 -9999
-9999 -9999 -9999 5.512 4.736 5.879 -9999 6.314 -9999 5.803 6.1 -9999 5.935 4.921 4.464 5.218 5.702 5.872 5.86 6.101 5.916 5.486 5.451 5.117 4.66 4.614 4.712 4.78 4.868 5.149 5.28 5.254 5.276 5.295 5.772 5.817 5.365 5.357 5.355 5.233 4.648 4.384 4.288 4.778 5.747 6.013 5.835 -9999 -9999 -9999 -9999 -9999 -9999 -9999 -9999 -9999 -9999 -9999 -9999 -9999 -9999 -9999 -9999 -9999 -9999 -9999 -9999 -9999 -9999 -9999 -9999 -9999 -9999 -9999 -9999 -9999 -9999
-9999 -9999 -9999 5.49 5.929 5.688 5.597 -9999 -9999 6.597 6.459 -9999 5.923 4.442 4.11 5.034 5.427 5.841 6.08 6.06 5.874 6.029 5.766 5.304 4.871 4.375 4.37 4.47 4.687 4.644 4.42 4.231 4.123 4.876 5.543 5.373 5.024 4.869 4.574 3.636 3.521 3.956 4.025 4.493 4.64 5.382 5.816 5.776 -9999 -9999 -9999 -9999 -9999 -9999 -9999 -9999 -9999 -9999 -9999 -9999 -9999 -9999 -9999 -9999 -9999 -9999 -9999 -9999 -9999 -9999 -9999 -9999 -9999 -9999 -9999 -9999 -9999
-9999 -9999 -9999 6.069 5.946 5.278 6.363 -9999 -9999 6.734 6.79 -9999 -9999 4.578 4.577 5.274 5.198 5.109 5.457 5.579 5.696 5.421 5.715 5.613 5.078 4.693 4.283 4.145 3.962 3.995 3.613 3.605 4.232 4.698 4.812 4.693 4.425 4.1 3.57 3.477 3.479 3.884 4.2 4.565 5.148 5.338 5.302 5.636 -9999 -9999 -9999 -9999 -9999 -9999 -9999 -9999 -9999 -9999 -9999 -9999 -9999 -9999 -9999 -9999 -9999 -9999 -9999 -9999 -9999 -9999 -9999 -9999 -9999 -9999 -9999 -9999 -9999
-9999 -9999 -9999 6.362 5.583 5.773 -9999 -9999 -9999 -9999 6.906 -9999 6.126 4.908 5.428 5.556 4.964 4.744 4.704 5.073 5.053 5.111 5.177 5.32 5.309 4.591 4.123 4.061 4.09 3.766 3.575 4.012 4.291 4.224 4.124 3.595 3.689 3.908 4.08 4.001 3.885 4.153 4.429 4.865 5.32 5.345 5.466 5.806 5.807 -9999 -9999 -9999 -9999 -9999 -9999 -9999 -9999 -9999 -9999 -9999 -9999 -9999 -9999 -9999 -9999 -9999 -9999 -9999 -9999 -9999 -9999 -9999 -9999 -9999 -9999 -9999 -9999
-9999 5.825 5.753 5.525 5.808 -9999 -9999 5.374 -9999 -9999 -9999 -9999 6.256 5.743 5.867 5.639 5.291 4.844 4.58 4.5 4.342 4.353 4.679 4.931 5.046 4.968 4.307 4.275 4.18 4.181 4.45 4.387 3.937 3.958 3.045 2.712 3.285 3.771 4.108 4.394 4.36 4.561 4.619 5.002 5.367 5.48 5.642 5.798 5.91 -9999 -9999 -9999 -9999 -9999 -9999 -9999 -9999 -9999 -9999 -9999 -9999 -9999 -9999 -9999 -9999 -9999 -9999 -9999 -9999 -9999 -9999 -9999 -9999 -9999 -9999 -9999 -9999
-9999 -9999 5.328 5.393 6.088 -9999 5.382 4.627 5.413 -9999 -9999 -9999 -9999 6.491 6.268 6.131 5.799 5.394 4.984 4.473 4.317 4.485 4.681 4.751 4.931 4.579 4.657 4.466 4.344 4.26 4.304 3.866 4.446 3.902 3.732 3.571 3.127 3.424 4.244 4.504 4.839 4.937 4.993 5.216 5.423 5.531 5.647 5.593 5.737 5.918 -9999 -9999 -9999 -9999 -9999 -9999 -9999 -9999 -9999 -9999 -9999 -9999 -9999 -9999 -9999 -9999 -9999 -9999 -9999 -9999 -9999 -9999 -9999 -9999 -9999 -9999 -9999
-9999 -9999 5.772 5.505 5.79 -9999 5.848 4.806 5.744 -9999 -9999 -9999 -9999 -9999 6.504 6.381 6.189 6.031 5.598 5.198 4.867 4.465 4.027 4.156 4.446 4.66 4.654 4.408 4.311 4.422 4.211 4.273 4.528 4.254 4.14 4.128 4.488 4.551 4.801 4.849 5.12 5.009 5.223 5.568 5.623 5.675 5.634 5.576 5.324 5.596 6.036 -9999 -9999 -9999 -9999 -9999 -9999 -9999 -9999 -9999 -9999 -9999 -9999 -9999 -9999 -9999 -9999 -9999 -9999 -9999 -9999 -9999 -9999 -9999 -9999 -9999 -9999
-9999 -9999 5.654 5.228 -9999 -9999 6.372 5.46 5.229 6.188 -9999 -9999 -9999 -9999 -9999 6.416 6.029 5.713 5.546 4.853 4.237 3.93 3.595 3.692 4.036 4.401 4.161 4.382 4.373 4.117 4.046 4.371 3.021 3.788 3.598 4.284 3.849 4.403 4.969 4.862 5.091 5.368 5.54 5.4 5.169 5.173 5.388 5.29 5.557 5.072 5.605 6.129 6.552 -9999 -9999 -9999 -9999 -9999 -9999 -9999 -9999 -9999 -9999 -9999 -9999 -9999 -9999 -9999 -9999 -9999 -9999 -9999 -9999 -9999 -9999 -9999 -9999
-9999 -9999 5.413 6.1 -9999 -9999 5.864 4.859 5.068 -9999 -9999 -9999 -9999 -9999 -9999 6.381 5.889 5.614 5.342 4.802 4.528 4.432 4.099 3.978 3.905 4.001 4.092 4.203 3.424 2.882 3.789 2.837 2.342 2.737 3.818 3.665 4.245 4.984 4.651 4.8 5.118 5.137 5.211 5.275 5.138 5.16 4.707 4.576 5.2 5.092 5.002 5.786 6.341 -9999 -9999 -9999 -9999 -9999 -9999 -9999 -9999 -9999 -9999 -9999 -9999 -9999 -9999 -9999 -9999 -9999 -9999 -9999 -9999 -9999 -9999 -9999 -9999
-9999 -9999 5.836 6.675 -9999 -9999 -9999 6.064 5.826 6.03 -9999 -9999 -9999 -9999 -9999 6.42 5.984 5.648 5.43 5.125 4.947 4.321 3.557 3.288 3.768 3.736 4.239 4.134 3.481 3.368 3.816 2.384 2.903 3.562 3.271 3.673 4.613 4.388 4.712 4.715 4.895 5.222 5.085 4.911 4.965 4.623 3.467 3.793 4.358 5.051 5.012 5.353 5.991 -9999 -9999 -9999 -9999 -9999 -9999 -9999 -9999 -9999 -9999 -9999 -9999 -9999 -9999 -9999 -9999 -9999 -9999 -9999 -9999 -9999 -9999 -9999 -9999
-9999 5.491 5.834 6.538 -9999 -9999 -9999 -9999 -9999 -9999 -9999 -9999 -9999 -9999 -9999 6.1 5.652 5.475 5.276 5.034 4.806 4.058 3.625 3.568 3.848 3.985 3.734 3.763 3.082 3.267 2.65 2.291 2.901 3.569 3.304 3.733 3.945 4.436 4.483 4.85 4.851 4.755 4.921 4.644 4.552 3.598 3.425 3.272 4.392 5.205 5.346 5.394 5.778 6.669 -9999 -9999 -9999 -9999 -9999 -9999 -9999 -9999 -9999 -9999 -9999 -9999 -9999 -9999 -9999 -9999 -9999 -9999 -9999 -9999 -9999 -9999 -9999
5.508 5.517 5.532 6.68 -9999 -9999 -9999 -9999 -9999 -9999 -9999 -9999 -9999 6.413 6.208 5.832 5.318 4.812 4.502 4.649 4.632 4.474 4.257 4.604 4.155 3.338 3.422 3.45 3.489 3.843 3.359 2.474 3.758 3.608 3.62 3.775 4.166 4.512 4.879 4.398 4.512 4.695 4.563 4.331 3.715 3.602 3.565 3.674 4.41 5.399 5.58 5.456 5.775 6.324 -9999 -9999 -9999 -9999 -9999 -9999 -9999 -9999 -9999 -9999 -9999 -9999 -9999 -9999 -9999 -9999 -9999 -9999 -9999 -9999 -9999 -9999 -9999
5.533 6.021 6.807 -9999 -9999 -9999 -9999 -9999 -9999 -9999 -9999 -9999 -9999 6.34 6.214 5.695 4.92 4.481 4.534 3.956 3.602 3.681 3.655 3.97 4.089 4.195 3.994 3.568 3.913 4.361 4.002 3.647 3.025 3.532 3.368 3.977 4.307 4.882 4.491 4.337 4.403 4.321 3.911 3.388 3.201 3.67 4.035 4.371 4.9 4.908 4.919 5.249 5.64 6.186 -9999 -9999 -9999 -9999 -9999 -9999 -9999 -9999 -9999 -9999 -9999 -9999 -9999 -9999 -9999 -9999 -9999 -9999 -9999 -9999 -9999 -9999 -9999
-9999 -9999 -9999 -9999 -9999 -9999 -9999 -9999 -9999 -9999 -9999 -9999 -9999 6.242 5.923 4.964 4.773 4.545 4.301 3.458 3.39 2.831 3.218 3.6 4.063 4.27 3.936 2.762 3.331 4.567 4.59 3.355 3.326 3.62 3.715 3.671 4.347 3.912 3.744 3.991 3.616 3.315 2.989 3.778 3.95 4.043 4.15 4.364 5.143 5.286 5.108 5.275 5.812 6.287 -9999 -9999 -9999 -9999 -9999 -9999 -9999 -9999 -9999 -9999 -9999 -9999 -9999 -9999 -9999 -9999 -9999 -9999 -9999 -9999 -9999 -9999 -9999
-9999 -9999 -9999 -9999 -9999 -9999 -9999 -9999 -9999 -9999 -9999 -9999 6.134 5.521 4.724 4.754 4.31 4.449 4.338 4.16 3.191 3.241 3.15 3.543 3.905 4.814 4.359 3.785 4.008 4.549 4.701 4.247 4.043 3.942 3.776 3.818 3.378 4.03 4.256 3.978 3.667 2.664 3.505 3.439 3.899 4.375 4.24 4.413 4.41 5.129 5.456 5.663 5.959 6.294 -9999 -9999 -9999 -9999 -9999 -9999 -9999 -9999 -9999 -9999 -9999 -9999 -9999 -9999 -9999 -9999 -9999 -9999 -9999 -9999 -9999 -9999 -9999
-9999 -9999 -9999 -9999 -9999 -9999 -9999 -9999 -9999 -9999 -9999 -9999 5.582 5.073 4.659 3.821 4.048 4.496 4.401 3.626 4.223 3.772 3.641 4.021 4.516 5.41 5.217 4.641 4.359 4.483 5.18 4.804 4.595 4.47 4.362 3.62 4.484 3.932 4.275 4.231 2.919 4.001 3.585 3.761 4.249 4.221 4.638 4.548 4.283 4.794 5.31 5.573 5.949 6.332 -9999 -9999 -9999 -9999 -9999 -9999 -9999 -9999 -9999 -9999 -9999 -9999 -9999 -9999 -9999 -9999 -9999 -9999 -9999 -9999 -9999 -9999 -9999
-9999 -9999 -9999 -9999 -9999 -9999 -9999 -9999 -9999 -9999 -9999 5.914 5.178 5.171 4.207 4.416 4.081 3.239 3.711 4.24 4.493 4.059 4.294 4.498 4.595 5.006 5.086 4.775 4.794 5.546 5.51 5.114 4.604 4.532 3.824 4.711 4.405 3.978 4.658 3.635 3.512 4.164 4.41 4.639 4.243 4.31 4.48 4.351 4.756 5.125 5.465 5.685 5.941 6.275 6.567 -9999 -9999 -9999 -9999 -9999 -9999 -9999 -9999 -9999 -9999 -9999 -9999 -9999 -9999 -9999 -9999 -9999 -9999 -9999 -9999 -9999 -9999
-9999 -9999 -9999 -9999 -9999 -9999 -9999 -9999 -9999 -9999 5.92 5.53 5.266 5.215 5.043 4.832 4.134 4.142 4.001 3.707 4.866 4.842 4.754 4.542 4.597 4.9 5.219 5.608 5.778 5.476 5.703 5.338 4.886 4.56 4.78 5.044 4.734 4.715 4.9 3.834 3.533 3.867 4.063 4.248 4.366 4.693 4.701 4.534 5.05 5.309 5.477 5.638 5.965 6.237 6.574 -9999 -9999 -9999 -9999 -9999 -9999 -9999 -9999 -9999 -9999 -9999 -9999 -9999 -9999 -9999 -9999 -9999 -9999 -9999 -9999 -9999 -9999
-9999 -9999 -9999 -9999 -9999 -9999 -9999 -9999 -9999 -9999 5.761 4.454 5.088 5.228 5.299 5.43 4.775 3.568 3.709 4.772 5.032 5.244 5.087 4.923 4.768 4.627 5.738 6.1 5.911 5.874 5.469 5.479 5.032 5.127 5.098 5.34 5.104 5.138 4.669 4.33 3.912 3.823 4.057 4.173 4.728 5.067 4.944 4.934 4.986 5.187 5.507 5.835 5.933 6.142 6.46 -9999 -9999 -9999 -9999 -9999 -9999 -9999 -9999 -9999 -9999 -9999 -9999 -9999 -9999 -9999 -9999 -9999 -9999 -9999 -9999 -9999 -9999
-9999 -9999 -9999 -9999 -9999 -9999 -9999 -9999 -9999 6.071 4.767 4.885 4.951 5.118 5.468 5.625 4.782 4.269 4.607 4.675 5.116 5.263 5.396 5.065 4.717 5.397 5.66 5.918 6.282 5.861 5.797 5.597 5.617 5.489 5.541 5.666 5.578 5.122 5.231 4.682 3.959 4.184 4.205 4.409 4.555 5.007 5.148 5.471 5.176 5.216 5.5 5.864 6.086 6.112 6.315 6.769 -9999 -9999 -9999 -9999 -9999 -9999 -9999 -9999 -9999 -9999 -9999 -9999 -9999 -9999 -9999 -9999 -9999 -9999 -9999 -9999 -9999
-9999 -9999 -9999 -9999 -9999 -9999 -9999 -9999 6.313 -9999 5.569 5.03 5.019 5.169 5.601 5.936 5.528 5.459 4.955 4.437 4.965 5.416 5.566 5.502 5.485 5.617 5.714 5.968 6.185 5.962 6.16 6.081 6.0 5.918 6.013 6.077 5.957 5.755 5.425 4.984 4.935 4.667 4.614 4.63 4.976 5.376 5.9 5.29 4.948 5.287 5.597 5.851 6.053 6.21 6.365 6.606 -9999 -9999 -9999 -9999 -9999 -9999 -9999 -9999 -9999 -9999 -9999 -9999 -9999 -9999 -9999 -9999 -9999 -9999 -9999 -9999 -9999
