Validation/Results/ReClimate_10_2023_1.asc
NCOLS 192
NROWS 249
XLLCENTER -225160.85627316462
YLLCENTER 29788.11610251502
CELLSIZE 5000.0
NODATA_VALUE -9999
[rows 66 to 98 of 249, columns 74 to 147 of 192]
-9999 -9999 -9999 -9999 -9999 -9999 -9999 -9999 -9999 -9999 -9999 100.215 -9999 100.215 100.216 100.224 100.236 100.258 100.328 100.402 100.467 100.641 100.724 100.78 100.827 100.677 100.559 100.646 100.785 100.818 100.848 100.858 -9999 -9999 -9999 -9999 -9999 -9999 -9999 -9999 -9999 -9999 -9999 -9999 -9999 -9999 -9999 -9999 -9999 -9999 -9999 -9999 -9999 -9999 -9999 -9999 -9999 -9999 -9999 -9999 -9999 -9999 -9999 -9999 -9999 -9999 -9999 -9999 -9999 -9999 -9999 -9999 -9999 -9999
-9999 -9999 -9999 -9999 -9999 -9999 -9999 -9999 -9999 -9999 -9999 -9999 100.216 100.216 100.217 100.232 100.285 100.368 100.446 100.516 100.578 100.68 100.81 100.884 100.994 100.897 100.782 100.869 100.897 100.945 -9999 -9999 -9999 -9999 -9999 -9999 -9999 -9999 -9999 -9999 -9999 -9999 -9999 -9999 -9999 -9999 -9999 -9999 -9999 -9999 -9999 -9999 -9999 -9999 -9999 -9999 -9999 -9999 -9999 -9999 -9999 -9999 -9999 -9999 -9999 -9999 -9999 -9999 -9999 -9999 -9999 -9999 -9999 -9999
-9999 -9999 -9999 -9999 -9999 -9999 -9999 -9999 -9999 -9999 -9999 -9999 100.217 100.225 100.233 100.307 100.401 100.484 100.558 100.624 100.684 100.815 100.96 101.028 101.04 100.974 100.938 100.969 100.997 101.059 -9999 -9999 -9999 -9999 -9999 -9999 -9999 -9999 -9999 -9999 -9999 -9999 -9999 -9999 -9999 -9999 -9999 -9999 -9999 -9999 -9999 -9999 -9999 -9999 -9999 -9999 -9999 -9999 -9999 -9999 -9999 -9999 -9999 -9999 -9999 -9999 -9999 -9999 -9999 -9999 -9999 -9999 -9999 -9999
-9999 -9999 -9999 -9999 -9999 -9999 -9999 -9999 -9999 -9999 -9999 -9999 -9999 -9999 100.325 100.425 100.515 100.594 100.665 100.728 100.785 100.918 101.047 101.053 101.034 101.024 101.031 101.061 -9999 -9999 -9999 -9999 -9999 -9999 -9999 -9999 -9999 -9999 -9999 -9999 -9999 -9999 -9999 -9999 -9999 -9999 -9999 -9999 -9999 -9999 -9999 -9999 -9999 -9999 -9999 -9999 -9999 -9999 -9999 -9999 -9999 -9999 -9999 -9999 -9999 -9999 -9999 -9999 -9999 -9999 -9999 -9999 -9999 -9999
-9999 -9999 -9999 -9999 -9999 -9999 -9999 -9999 100.215 -9999 -9999 100.218 100.253 100.333 100.443 100.539 100.625 100.701 100.769 100.829 100.884 100.991 101.077 101.062 101.029 101.06 101.12 101.15 -9999 -9999 -9999 -9999 -9999 -9999 -9999 -9999 -9999 -9999 -9999 -9999 -9999 -9999 -9999 -9999 -9999 -9999 -9999 -9999 -9999 -9999 -9999 -9999 -9999 -9999 -9999 -9999 -9999 -9999 -9999 -9999 -9999 -9999 -9999 -9999 -9999 -9999 -9999 -9999 -9999 -9999 -9999 -9999 -9999 -9999
-9999 -9999 -9999 -9999 -9999 -9999 100.211 100.214 100.215 100.216 100.218 100.234 100.326 100.448 100.557 100.65 100.732 100.775 100.76 100.849 100.981 100.976 100.824 100.902 101.137 101.257 101.483 101.437 -9999 -9999 -9999 -9999 -9999 -9999 -9999 -9999 -9999 -9999 -9999 -9999 -9999 -9999 -9999 -9999 -9999 -9999 -9999 -9999 -9999 -9999 -9999 -9999 -9999 -9999 -9999 -9999 -9999 -9999 -9999 -9999 -9999 -9999 -9999 -9999 -9999 -9999 -9999 -9999 -9999 -9999 -9999 -9999 -9999 -9999
-9999 -9999 -9999 -9999 -9999 -9999 100.214 100.215 -9999 100.217 100.23 100.312 100.448 100.567 100.669 100.758 100.837 100.956 101.256 101.264 101.076 101.082 101.282 101.394 101.354 101.488 101.526 -9999 101.35 -9999 -9999 -9999 -9999 -9999 -9999 -9999 -9999 -9999 -9999 -9999 -9999 -9999 -9999 -9999 -9999 -9999 -9999 -9999 -9999 -9999 -9999 -9999 -9999 -9999 -9999 -9999 -9999 -9999 -9999 -9999 -9999 -9999 -9999 -9999 -9999 -9999 -9999 -9999 -9999 -9999 -9999 -9999 -9999 -9999
-9999 -9999 -9999 -9999 -9999 -9999 -9999 100.232 100.218 100.223 100.279 100.38 100.392 100.552 100.77 100.857 100.936 101.128 101.192 101.159 101.302 101.437 101.503 101.455 101.366 101.4 101.428 101.406 101.433 -9999 -9999 -9999 -9999 -9999 -9999 -9999 -9999 -9999 -9999 -9999 -9999 -9999 -9999 -9999 -9999 -9999 -9999 -9999 -9999 -9999 -9999 -9999 -9999 -9999 -9999 -9999 -9999 -9999 -9999 -9999 -9999 -9999 -9999 -9999 -9999 -9999 -9999 -9999 -9999 -9999 -9999 -9999 -9999 -9999
100.206 -9999 -9999 -9999 -9999 -9999 -9999 -9999 100.22 100.25 100.385 100.518 100.79 100.91 100.862 100.947 101.023 101.093 101.156 101.276 101.37 101.427 101.46 101.417 101.411 101.439 101.465 101.49 101.517 -9999 -9999 -9999 -9999 -9999 -9999 -9999 -9999 -9999 -9999 -9999 -9999 -9999 -9999 -9999 -9999 -9999 -9999 -9999 -9999 -9999 -9999 -9999 -9999 -9999 -9999 -9999 -9999 -9999 -9999 -9999 -9999 -9999 -9999 -9999 -9999 -9999 -9999 -9999 -9999 -9999 -9999 -9999 -9999 -9999
100.207 -9999 -9999 -9999 -9999 -9999 100.289 100.272 100.226 100.334 100.481 100.744 101.011 100.995 100.949 101.031 101.105 101.172 101.235 101.341 101.469 101.486 101.455 101.474 101.503 101.528 -9999 101.576 -9999 -9999 -9999 -9999 -9999 -9999 101.777 101.794 101.831 -9999 -9999 -9999 -9999 -9999 -9999 -9999 -9999 -9999 -9999 -9999 -9999 -9999 -9999 -9999 -9999 -9999 -9999 -9999 -9999 -9999 -9999 -9999 -9999 -9999 -9999 -9999 -9999 -9999 -9999 -9999 -9999 -9999 -9999 -9999 -9999 -9999
100.209 100.211 -9999 -9999 -9999 -9999 -9999 100.262 100.269 100.433 100.597 100.797 100.984 100.997 101.027 101.112 101.184 101.25 101.311 101.412 101.482 101.487 101.516 101.556 101.592 101.622 101.643 -9999 -9999 -9999 -9999 101.753 101.778 101.824 101.872 101.909 101.947 101.981 102.009 102.034 102.054 102.069 102.077 102.098 102.11 102.087 102.062 102.055 102.026 101.986 101.931 101.903 101.999 -9999 -9999 -9999 -9999 -9999 -9999 -9999 -9999 -9999 -9999 -9999 -9999 -9999 -9999 -9999 -9999 -9999 -9999 -9999 -9999 -9999
100.117 100.059 -9999 -9999 -9999 100.346 -9999 100.32 100.35 100.504 100.601 100.792 100.982 101.04 101.098 101.233 101.429 101.448 101.386 101.469 101.569 101.592 101.591 101.635 101.675 101.709 -9999 -9999 -9999 -9999 101.875 101.871 101.929 101.673 100.886 101.01 101.26 101.328 101.448 101.557 101.8 101.935 102.266 102.283 102.288 102.281 102.276 102.265 102.247 102.22 102.183 102.152 102.13 -9999 -9999 -9999 -9999 -9999 -9999 -9999 -9999 -9999 -9999 -9999 -9999 -9999 -9999 -9999 -9999 -9999 -9999 -9999 -9999 -9999
100.193 100.136 -9999 -9999 -9999 100.389 100.398 100.379 100.429 100.561 100.704 100.91 101.112 101.107 101.162 101.336 101.468 101.453 101.461 101.556 101.646 101.657 101.668 101.713 101.755 -9999 -9999 101.892 101.928 101.966 101.994 102.054 102.115 101.639 101.41 101.646 101.908 101.965 101.927 102.057 102.046 102.293 102.481 102.496 102.508 102.516 102.521 102.522 102.518 102.509 102.492 102.475 102.441 102.406 -9999 -9999 -9999 -9999 -9999 -9999 -9999 -9999 -9999 -9999 -9999 -9999 -9999 -9999 -9999 -9999 -9999 -9999 -9999 -9999
100.218 100.248 -9999 100.25 -9999 100.272 100.285 100.34 100.495 100.718 101.065 101.171 101.044 101.14 101.255 101.366 101.426 101.491 101.59 101.669 101.732 101.746 101.748 101.802 101.871 -9999 102.002 102.045 101.878 101.776 101.417 101.618 102.063 101.975 102.028 102.223 102.36 102.334 102.292 102.332 102.432 102.59 102.737 102.742 102.72 102.738 102.759 102.77 102.779 102.785 102.788 102.795 102.792 102.783 -9999 -9999 -9999 -9999 -9999 -9999 -9999 -9999 -9999 -9999 -9999 -9999 -9999 -9999 -9999 -9999 -9999 -9999 -9999 -9999
100.213 -9999 100.216 -9999 -9999 -9999 100.254 100.422 100.649 100.806 100.701 100.781 101.069 101.229 101.406 101.396 101.459 101.58 101.708 101.759 101.777 101.798 101.832 101.918 102.057 102.108 102.155 102.137 102.207 101.998 101.901 102.188 102.34 102.404 102.484 102.539 102.477 102.472 102.496 102.594 102.699 102.823 102.936 102.932 102.933 102.962 102.991 103.012 103.032 103.053 103.074 103.096 103.128 103.157 -9999 -9999 -9999 -9999 -9999 -9999 -9999 -9999 -9999 -9999 -9999 -9999 -9999 -9999 -9999 -9999 -9999 -9999 -9999 -9999
100.147 100.167 -9999 -9999 -9999 -9999 100.259 100.555 100.973 -9999 100.645 100.885 101.091 101.358 101.685 101.679 101.51 101.645 101.777 101.804 101.791 101.771 101.664 101.878 102.178 102.176 102.095 102.163 102.219 102.212 102.29 102.433 102.562 102.677 102.858 102.753 102.536 102.604 102.734 102.772 102.711 102.81 102.904 102.964 103.107 103.153 103.218 103.248 103.28 103.314 103.352 103.395 103.454 103.48 -9999 -9999 -9999 -9999 -9999 -9999 -9999 -9999 -9999 -9999 -9999 -9999 -9999 -9999 -9999 -9999 -9999 -9999 -9999 -9999
100.306 100.3 -9999 -9999 -9999 100.203 -9999 -9999 100.756 100.73 100.905 101.055 101.134 101.521 102.0 101.835 101.559 101.669 101.742 101.785 101.867 101.894 102.087 102.286 102.324 102.338 102.448 102.421 102.242 102.399 102.682 102.757 102.725 102.841 102.887 102.797 102.838 102.953 103.065 103.065 103.131 103.182 103.173 103.286 103.377 103.424 103.443 103.482 103.524 103.572 103.626 103.695 103.759 -9999 -9999 -9999 -9999 -9999 -9999 -9999 -9999 -9999 -9999 -9999 -9999 -9999 -9999 -9999 -9999 -9999 -9999 -9999 -9999 -9999
100.166 100.192 100.373 100.332 -9999 -9999 -9999 100.598 100.588 -9999 100.942 101.093 101.346 101.651 101.771 101.638 101.598 101.673 101.718 101.806 101.915 102.139 102.371 102.316 102.062 102.28 102.678 102.621 102.686 102.893 103.038 103.042 103.041 103.069 103.03 103.063 103.08 103.099 102.976 103.11 103.364 103.349 103.307 103.411 103.551 103.6 103.691 103.732 103.766 103.827 103.896 103.985 -9999 -9999 -9999 -9999 -9999 -9999 -9999 -9999 -9999 -9999 -9999 -9999 -9999 -9999 -9999 -9999 -9999 -9999 -9999 -9999 -9999 -9999
100.056 100.249 100.51 100.389 -9999 100.228 100.423 100.684 100.857 100.988 101.047 101.254 101.42 101.543 101.671 101.659 101.632 101.734 101.877 102.013 102.219 102.405 102.471 102.421 102.559 102.79 102.826 102.911 103.023 103.099 103.082 103.145 103.272 103.243 103.144 103.133 103.063 103.099 103.352 103.533 103.657 103.637 103.627 103.723 103.777 103.873 103.994 104.015 104.008 104.081 104.167 104.266 -9999 -9999 -9999 -9999 -9999 -9999 -9999 -9999 -9999 -9999 -9999 -9999 -9999 -9999 -9999 -9999 -9999 -9999 -9999 -9999 -9999 -9999
100.292 100.512 100.737 100.533 100.225 100.269 100.495 -9999 100.78 100.784 100.671 100.878 101.163 101.318 101.521 101.581 101.74 101.861 101.948 102.177 102.422 102.44 102.325 102.467 102.585 102.652 102.715 102.863 103.078 103.065 103.03 103.182 103.383 103.302 103.144 103.026 102.78 103.168 103.857 103.934 103.96 103.973 104.013 104.039 104.023 104.105 104.147 104.177 104.251 104.338 104.44 -9999 -9999 -9999 -9999 -9999 -9999 -9999 -9999 -9999 -9999 -9999 -9999 -9999 -9999 -9999 -9999 -9999 -9999 -9999 -9999 -9999 -9999 -9999
100.227 -9999 -9999 -9999 100.235 100.375 -9999 100.594 100.725 100.794 101.092 101.355 101.63 101.684 101.517 101.593 101.543 101.762 102.237 102.428 102.497 102.491 102.577 102.719 102.876 102.996 103.16 103.293 103.294 103.273 103.236 103.396 103.519 103.525 103.69 103.555 103.461 103.827 103.85 103.892 103.962 104.057 104.252 104.242 104.226 104.275 104.337 104.411 104.497 104.597 104.688 -9999 -9999 -9999 -9999 -9999 -9999 -9999 -9999 -9999 -9999 -9999 -9999 -9999 -9999 -9999 -9999 -9999 -9999 -9999 -9999 -9999 -9999 -9999
-9999 -9999 -9999 100.604 100.434 -9999 100.36 100.599 -9999 100.954 101.074 101.393 101.829 101.704 101.576 101.538 101.497 101.935 102.379 102.347 102.059 102.127 102.14 102.4 102.833 103.173 103.802 103.777 103.642 103.372 102.623 102.655 102.532 102.913 103.657 103.733 103.978 103.98 103.944 104.056 104.253 104.394 104.496 104.437 104.287 104.385 104.552 104.634 104.716 104.795 104.848 -9999 -9999 -9999 -9999 -9999 -9999 -9999 -9999 -9999 -9999 -9999 -9999 -9999 -9999 -9999 -9999 -9999 -9999 -9999 -9999 -9999 -9999 -9999
-9999 -9999 -9999 100.552 -9999 -9999 100.365 100.61 100.752 100.873 100.99 101.38 101.789 101.68 101.541 101.492 101.454 101.862 102.264 102.25 102.496 102.524 102.531 102.813 102.928 103.241 103.171 103.17 103.308 102.97 103.033 103.18 103.65 104.024 104.075 104.25 104.275 104.223 104.124 104.197 104.113 104.259 104.503 104.429 104.437 104.596 104.808 104.852 104.86 104.93 105.009 -9999 -9999 -9999 -9999 -9999 -9999 -9999 -9999 -9999 -9999 -9999 -9999 -9999 -9999 -9999 -9999 -9999 -9999 -9999 -9999 -9999 -9999 -9999
-9999 -9999 -9999 -9999 -9999 -9999 -9999 100.544 100.428 100.633 100.984 101.397 101.904 101.761 101.541 101.467 101.402 101.762 102.099 102.353 102.585 102.643 102.74 102.905 103.145 103.122 103.117 102.964 102.327 102.504 102.85 103.487 104.441 104.527 104.585 104.565 104.525 104.336 103.916 103.927 104.068 104.254 104.41 104.496 104.712 104.841 104.897 104.926 104.982 105.057 -9999 -9999 -9999 -9999 -9999 -9999 -9999 -9999 -9999 -9999 -9999 -9999 -9999 -9999 -9999 -9999 -9999 -9999 -9999 -9999 -9999 -9999 -9999 -9999
-9999 -9999 -9999 -9999 -9999 100.37 100.507 -9999 100.652 100.945 101.206 101.499 101.551 101.447 101.467 101.56 101.885 102.103 102.154 102.373 102.531 102.64 102.748 102.929 103.039 103.126 103.325 103.005 102.988 103.207 103.283 103.822 103.876 103.993 104.096 104.053 103.954 104.044 104.181 104.354 104.622 104.759 104.903 104.962 104.811 104.885 104.998 105.055 105.122 105.197 -9999 -9999 -9999 -9999 -9999 -9999 -9999 -9999 -9999 -9999 -9999 -9999 -9999 -9999 -9999 -9999 -9999 -9999 -9999 -9999 -9999 -9999 -9999 -9999
-9999 -9999 -9999 -9999 100.262 100.369 100.502 100.64 100.773 101.054 101.404 101.472 101.553 101.512 101.407 101.736 102.092 102.183 102.293 102.438 102.507 102.63 102.745 102.869 103.006 103.17 103.292 103.109 102.602 102.887 103.518 103.645 103.88 103.784 103.281 103.019 102.593 103.067 104.11 104.536 104.588 104.717 104.856 104.792 104.817 104.949 105.14 105.198 105.25 -9999 -9999 -9999 -9999 -9999 -9999 -9999 -9999 -9999 -9999 -9999 -9999 -9999 -9999 -9999 -9999 -9999 -9999 -9999 -9999 -9999 -9999 -9999 -9999 -9999
-9999 -9999 -9999 -9999 100.261 -9999 100.491 100.602 100.672 101.005 101.377 101.374 101.225 101.215 101.41 101.689 101.873 102.09 102.46 102.522 102.502 102.647 102.799 102.924 103.026 103.15 103.274 103.077 103.212 103.609 103.767 103.989 104.229 103.96 103.886 103.725 103.987 104.516 104.62 104.677 104.681 104.806 104.941 104.979 105.035 105.156 105.206 105.274 105.377 -9999 -9999 -9999 -9999 -9999 -9999 -9999 -9999 -9999 -9999 -9999 -9999 -9999 -9999 -9999 -9999 -9999 -9999 -9999 -9999 -9999 -9999 -9999 -9999 -9999
-9999 -9999 -9999 -9999 -9999 -9999 100.473 100.565 100.671 100.958 101.176 101.151 101.262 101.344 101.384 101.578 101.777 102.062 102.254 102.293 102.35 102.564 102.835 102.904 102.905 103.066 103.288 103.418 103.542 103.733 103.994 104.034 103.772 103.816 103.998 104.209 104.381 104.455 104.575 104.571 104.573 104.992 105.235 105.261 105.24 105.29 105.348 105.432 105.509 -9999 -9999 -9999 -9999 -9999 -9999 -9999 -9999 -9999 -9999 -9999 -9999 -9999 -9999 -9999 -9999 -9999 -9999 -9999 -9999 -9999 -9999 -9999 -9999 -9999
-9999 -9999 -9999 -9999 100.252 100.333 100.452 100.562 100.665 100.842 100.98 101.188 101.574 -9999 101.541 101.707 101.808 101.99 102.153 102.307 102.576 102.807 102.95 102.974 102.992 103.162 103.27 103.402 103.545 103.74 103.865 103.667 103.46 103.544 103.48 103.735 104.156 104.288 104.374 104.474 104.915 105.149 105.35 105.35 105.365 105.423 105.49 105.562 105.609 -9999 -9999 -9999 -9999 -9999 -9999 -9999 -9999 -9999 -9999 -9999 -9999 -9999 -9999 -9999 -9999 -9999 -9999 -9999 -9999 -9999 -9999 -9999 -9999 -9999
100.222 100.288 100.226 100.228 -9999 100.292 100.424 100.529 100.624 100.752 100.872 101.143 -9999 101.331 101.293 101.499 101.849 102.048 102.296 102.499 102.613 102.826 103.099 103.103 103.043 103.269 103.688 103.715 103.551 103.678 103.807 103.837 104.166 104.155 104.173 104.427 104.492 104.624 104.763 104.994 105.096 105.266 105.365 105.433 105.49 105.553 105.621 105.696 -9999 -9999 -9999 -9999 -9999 -9999 -9999 -9999 -9999 -9999 -9999 -9999 -9999 -9999 -9999 -9999 -9999 -9999 -9999 -9999 -9999 -9999 -9999 -9999 -9999 -9999
100.223 100.225 100.227 100.255 100.36 -9999 100.345 100.421 100.452 100.607 100.823 100.956 101.087 101.209 101.512 101.763 101.886 102.15 102.456 102.537 102.544 102.757 102.851 102.892 103.041 103.32 103.45 103.427 103.555 103.685 103.815 103.962 103.862 103.878 103.858 104.105 104.649 104.807 104.959 105.085 105.189 105.301 105.42 105.526 105.62 105.684 -9999 -9999 -9999 -9999 -9999 -9999 -9999 -9999 -9999 -9999 -9999 -9999 -9999 -9999 -9999 -9999 -9999 -9999 -9999 -9999 -9999 -9999 -9999 -9999 -9999 -9999 -9999 -9999
-9999 -9999 -9999 100.269 -9999 100.281 100.198 100.223 100.205 100.5 -9999 -9999 100.832 101.162 101.554 101.747 102.028 102.314 102.601 102.586 102.482 102.621 102.764 102.906 103.036 103.034 102.807 103.068 103.556 103.694 103.845 103.918 104.218 104.208 104.169 104.52 104.674 104.836 104.999 105.136 105.242 105.356 105.478 105.606 105.722 -9999 -9999 -9999 -9999 -9999 -9999 -9999 -9999 -9999 -9999 -9999 -9999 -9999 -9999 -9999 -9999 -9999 -9999 -9999 -9999 -9999 -9999 -9999 -9999 -9999 -9999 -9999 -9999 -9999
100.224 100.125 -9999 100.335 100.457 100.364 100.349 100.375 100.43 -9999 -9999 101.149 101.23 101.507 101.632 101.862 102.024 102.249 102.397 102.388 102.455 102.62 102.765 102.898 103.03 103.061 103.42 103.652 103.556 103.697 103.828 103.991 103.975 104.083 104.391 104.542 104.701 104.868 105.041 105.188 105.297 105.413 105.536 105.67 105.81 105.92 -9999 -9999 -9999 -9999 -9999 -9999 -9999 -9999 -9999 -9999 -9999 -9999 -9999 -9999 -9999 -9999 -9999 -9999 -9999 -9999 -9999 -9999 -9999 -9999 -9999 -9999 -9999 -9999
