Validation/Results/ReClimate_10_2024_2_Temperature-Actualsweatherlogisticsltd.asc
NCOLS 192
NROWS 249
XLLCENTER -225160.85627316462
YLLCENTER 29788.11610251431
CELLSIZE 5000.0
NODATA_VALUE -9999
[rows 204 to 237 of 249, columns 77 to 153 of 192]
-9999 -9999 8.559 -9999 7.94 7.466 7.077 6.71 6.617 6.419 6.379 6.302 6.051 5.87 5.6 6.026 5.925 5.94 6.056 6.169 6.054 6.094 5.713 5.314 4.329 3.812 4.914 4.698 4.764 4.39 4.828 5.586 5.058 4.016 5.188 5.343 5.171 5.133 5.62 6.076 5.997 5.735 5.785 6.057 6.181 6.265 6.206 6.035 5.465 5.143 5.053 5.246 5.379 5.499 5.426 5.188 5.269 5.43 5.573 5.643 5.669 5.628 5.508 5.529 5.599 5.598 5.689 5.733 5.64 5.63 5.631 5.699 5.811 5.765 5.714 5.641 5.644
-9999 -9999 -9999 -9999 -9999 -9999 7.003 6.967 6.81 6.696 6.6 6.435 6.222 5.992 6.22 6.195 6.255 6.238 6.086 6.124 5.855 5.823 5.335 4.725 4.006 4.183 4.078 4.343 3.824 3.964 5.186 5.122 4.999 5.728 5.149 5.266 5.542 5.662 5.931 5.792 5.614 5.328 5.712 6.152 6.258 6.311 6.284 5.742 5.122 5.023 5.032 5.294 5.312 5.44 5.371 5.465 5.499 5.662 5.803 5.849 5.801 5.713 5.648 5.653 5.733 5.772 5.704 5.614 5.489 5.512 5.666 5.709 5.809 5.744 5.804 5.892 5.847
-9999 -9999 -9999 -9999 -9999 -9999 7.303 7.02 6.911 6.863 6.48 6.249 6.075 6.292 6.417 6.447 6.516 6.116 5.926 6.058 6.123 6.146 5.693 5.497 5.303 5.06 4.809 4.661 4.239 4.497 4.146 4.628 5.183 4.912 4.665 5.741 5.824 5.883 5.591 5.623 5.226 5.483 5.811 6.235 6.274 6.095 5.422 5.055 5.099 5.24 5.161 5.25 5.345 5.425 5.567 5.522 5.744 5.895 6.045 6.059 5.891 5.747 5.653 5.702 5.825 5.83 5.715 5.428 5.472 5.531 5.574 5.782 5.868 5.93 5.977 6.124 6.007
-9999 -9999 -9999 -9999 8.221 7.895 7.553 7.245 -9999 6.941 6.805 6.701 6.919 6.983 6.969 -9999 6.577 6.259 6.272 5.935 6.353 5.722 5.761 5.581 5.371 5.316 5.55 5.229 4.968 4.78 4.635 4.822 5.113 4.352 5.116 5.868 5.771 5.937 5.81 5.408 5.534 5.773 6.042 6.163 6.052 5.469 5.377 5.146 5.246 5.219 5.372 5.429 5.462 5.58 5.722 5.786 5.882 5.903 6.118 6.088 5.985 5.865 5.819 5.792 5.803 5.719 5.499 5.408 5.37 5.597 5.694 5.826 5.923 5.882 5.89 6.166 6.148
-9999 -9999 -9999 -9999 8.195 -9999 -9999 -9999 7.293 7.234 7.183 -9999 -9999 -9999 -9999 -9999 6.781 6.556 6.164 6.666 6.412 6.279 6.183 5.94 6.005 6.01 4.727 4.708 5.426 5.377 5.259 5.112 4.714 4.783 5.713 5.809 6.057 5.994 5.483 5.699 5.843 6.208 6.186 6.164 5.81 5.472 5.489 5.308 5.451 5.559 5.557 5.622 5.726 5.777 5.859 5.9 5.923 5.87 5.956 6.092 5.893 5.883 5.829 5.82 5.693 5.629 5.511 5.37 5.442 5.724 5.902 5.952 5.919 5.844 5.788 5.976 6.14
-9999 -9999 -9999 -9999 -9999 -9999 7.923 7.646 7.503 7.647 7.576 -9999 -9999 -9999 -9999 -9999 -9999 -9999 -9999 6.954 6.86 6.904 7.047 6.676 6.27 5.032 4.601 4.601 4.823 5.17 5.241 5.233 5.265 5.225 5.516 6.076 6.082 5.343 5.644 5.83 6.466 6.398 6.256 6.128 5.541 5.515 5.432 5.484 5.615 5.735 5.766 5.79 5.808 5.859 5.806 5.859 5.913 5.943 5.934 6.017 5.887 5.8 5.629 5.567 5.746 5.597 5.515 5.529 5.605 5.807 6.004 5.912 5.928 6.09 6.242 6.317 6.148
-9999 -9999 -9999 -9999 -9999 -9999 -9999 7.767 -9999 -9999 -9999 -9999 -9999 -9999 -9999 -9999 -9999 7.095 7.014 6.923 6.982 7.405 7.506 7.198 6.343 5.602 4.873 4.674 5.065 5.742 5.574 5.236 5.331 5.508 6.103 6.328 5.93 5.739 6.074 6.493 -9999 6.447 6.246 5.886 5.339 5.362 5.53 5.634 5.773 5.812 5.873 5.836 5.839 5.828 5.913 5.948 6.019 6.011 6.011 5.917 5.761 5.605 5.415 5.433 5.551 5.861 5.757 5.732 5.89 6.007 6.167 6.203 6.092 6.303 6.658 6.782 6.665
-9999 -9999 -9999 -9999 -9999 -9999 -9999 -9999 -9999 -9999 -9999 -9999 -9999 -9999 -9999 -9999 -9999 7.417 7.269 7.387 7.48 -9999 -9999 -9999 6.908 5.833 5.803 5.563 5.88 5.827 5.392 5.492 5.965 6.204 6.395 6.574 6.39 6.555 6.742 -9999 6.623 6.26 6.113 5.622 5.335 5.584 5.669 5.788 5.796 5.773 5.851 5.877 5.851 5.85 5.78 5.843 5.913 5.884 5.961 5.973 5.747 5.402 5.47 5.535 5.735 5.971 6.055 5.947 6.085 6.25 6.365 6.478 6.505 6.327 6.686 6.985 6.95
-9999 -9999 -9999 -9999 -9999 -9999 -9999 -9999 -9999 -9999 -9999 -9999 -9999 -9999 -9999 -9999 -9999 -9999 -9999 -9999 -9999 -9999 -9999 -9999 7.475 6.778 6.202 6.196 6.262 6.139 5.95 6.128 6.401 6.651 6.869 6.988 7.059 -9999 -9999 6.979 6.564 6.248 6.048 5.654 5.509 5.657 5.731 5.864 5.938 5.79 5.829 5.86 5.659 5.508 5.472 5.44 5.397 5.626 5.786 5.872 5.791 5.612 5.577 5.822 5.828 6.011 6.233 6.21 6.246 6.325 6.478 6.636 6.742 6.82 6.936 7.164 7.108
-9999 -9999 -9999 -9999 -9999 -9999 -9999 -9999 -9999 -9999 -9999 -9999 -9999 -9999 -9999 -9999 -9999 -9999 -9999 -9999 -9999 -9999 -9999 -9999 7.388 7.029 6.819 6.661 6.308 6.163 6.288 6.493 6.812 7.061 -9999 -9999 -9999 -9999 -9999 6.948 6.488 6.27 6.103 5.735 5.567 5.678 5.709 5.893 5.973 5.8 5.581 5.607 5.386 5.268 5.237 5.336 5.361 5.438 5.75 5.767 5.923 6.01 5.925 6.129 6.118 6.154 6.316 6.387 6.482 6.572 6.62 6.632 6.785 7.032 7.192 7.265 7.034
-9999 -9999 -9999 -9999 -9999 -9999 -9999 -9999 -9999 -9999 -9999 -9999 -9999 -9999 -9999 -9999 -9999 -9999 -9999 -9999 -9999 -9999 -9999 -9999 -9999 -9999 7.169 6.643 6.365 6.379 6.393 6.779 7.235 -9999 -9999 -9999 -9999 7.057 6.751 6.523 6.672 6.507 6.215 5.687 5.608 5.609 5.703 5.889 5.902 5.624 5.36 5.299 5.377 5.287 5.354 5.367 5.592 5.658 5.741 5.91 5.943 6.174 6.357 6.318 6.273 6.27 6.307 6.303 6.471 6.679 6.792 6.842 6.777 6.92 7.035 7.093 6.94
-9999 -9999 -9999 -9999 -9999 -9999 -9999 -9999 -9999 -9999 -9999 -9999 -9999 -9999 -9999 -9999 -9999 -9999 -9999 -9999 -9999 -9999 -9999 -9999 -9999 -9999 -9999 7.214 6.921 6.756 6.784 7.244 -9999 -9999 -9999 -9999 6.872 6.695 6.426 6.343 6.368 6.409 6.271 6.016 5.987 5.659 5.745 5.852 5.625 5.489 5.432 5.282 5.394 5.457 5.548 5.639 5.731 5.833 5.807 5.817 5.962 6.145 6.224 6.212 6.081 6.197 6.285 6.265 6.358 6.623 6.777 6.849 6.875 6.874 6.876 6.761 6.667
-9999 -9999 -9999 -9999 -9999 -9999 -9999 -9999 -9999 -9999 -9999 -9999 -9999 -9999 -9999 -9999 -9999 -9999 -9999 -9999 -9999 -9999 -9999 -9999 -9999 -9999 -9999 -9999 -9999 -9999 -9999 -9999 -9999 -9999 -9999 6.691 6.624 6.534 6.325 6.161 6.375 6.317 6.112 6.196 5.947 5.727 5.953 5.894 5.7 5.547 5.513 5.515 5.413 5.461 5.54 5.448 5.598 5.655 5.688 5.718 5.799 6.014 6.108 6.072 5.976 5.948 6.145 6.259 6.357 6.489 6.612 6.611 6.65 6.653 6.664 6.412 6.18
-9999 -9999 -9999 -9999 -9999 -9999 -9999 -9999 -9999 -9999 -9999 -9999 -9999 -9999 -9999 -9999 -9999 -9999 -9999 -9999 -9999 -9999 -9999 -9999 -9999 -9999 -9999 -9999 -9999 -9999 -9999 -9999 -9999 -9999 6.964 6.656 6.344 6.296 5.573 5.957 6.268 6.1 6.03 5.973 5.734 5.823 5.924 5.978 5.832 5.674 5.686 5.454 5.337 5.197 5.341 5.456 5.206 5.391 5.503 5.661 5.828 5.972 6.057 6.043 6.005 6.02 6.019 6.144 6.294 6.384 6.372 6.285 6.094 6.225 6.238 6.094 5.747
-9999 -9999 -9999 -9999 -9999 -9999 -9999 -9999 -9999 -9999 -9999 -9999 -9999 -9999 -9999 -9999 -9999 -9999 -9999 -9999 -9999 -9999 -9999 -9999 -9999 -9999 -9999 -9999 -9999 -9999 -9999 -9999 -9999 -9999 6.953 6.741 6.735 6.342 5.932 5.672 5.751 5.854 5.909 5.741 5.849 5.829 5.884 5.697 5.512 5.476 5.586 5.576 5.441 5.449 5.351 5.451 5.52 5.462 5.561 5.652 5.824 6.001 6.066 6.074 5.996 5.979 6.051 6.102 6.183 6.172 5.923 5.846 5.78 5.844 6.071 6.012 5.777
-9999 -9999 -9999 -9999 -9999 -9999 -9999 -9999 -9999 -9999 -9999 -9999 -9999 -9999 -9999 -9999 -9999 -9999 -9999 -9999 -9999 5.76 5.483 5.125 5.315 -9999 6.051 -9999 -9999 -9999 -9999 -9999 -9999 -9999 -9999 6.945 6.82 6.614 6.328 6.04 5.693 5.591 5.652 5.877 5.86 5.818 5.596 5.463 5.604 5.588 5.663 5.624 5.569 5.683 5.779 5.806 5.737 5.779 5.688 5.601 5.537 5.716 5.895 5.9 5.869 5.897 5.892 5.968 6.093 6.021 5.765 5.673 5.855 5.87 6.01 6.092 6.059
-9999 -9999 -9999 -9999 -9999 -9999 -9999 -9999 -9999 -9999 -9999 -9999 -9999 -9999 -9999 -9999 -9999 -9999 7.047 6.714 6.153 5.575 5.0 4.79 4.973 5.204 5.769 6.572 7.194 -9999 -9999 6.965 7.213 7.206 7.123 6.916 6.789 6.793 6.64 6.368 6.017 5.71 5.789 5.934 5.855 5.485 5.661 5.827 5.684 5.77 5.838 5.855 5.765 5.796 5.893 5.932 6.031 5.979 5.842 5.686 5.657 5.552 5.582 5.75 5.836 5.918 6.044 5.935 6.036 5.683 5.592 5.682 5.848 5.974 6.022 6.139 6.073
-9999 -9999 -9999 -9999 -9999 -9999 -9999 -9999 -9999 -9999 -9999 -9999 -9999 -9999 -9999 -9999 -9999 6.938 7.105 6.697 6.287 5.632 4.859 4.563 4.701 5.048 5.459 5.855 6.454 6.805 6.686 6.59 6.511 6.867 6.849 6.82 6.677 6.555 6.64 6.451 6.03 5.98 6.006 5.875 5.416 5.695 5.624 5.719 5.832 5.896 5.965 5.923 5.761 5.855 5.88 5.954 5.968 6.025 5.911 5.774 5.604 5.471 5.618 5.759 5.827 5.606 5.765 6.023 6.012 6.061 5.746 5.846 5.906 5.966 6.006 5.99 6.136
-9999 -9999 -9999 -9999 -9999 -9999 -9999 -9999 -9999 -9999 -9999 -9999 -9999 -9999 -9999 -9999 -9999 6.996 7.197 7.09 6.633 5.81 5.378 5.054 4.862 5.258 5.587 5.857 5.75 5.785 6.117 6.241 6.338 6.255 6.633 6.776 6.649 6.657 6.453 6.28 6.349 6.353 6.167 5.8 5.771 5.728 5.614 5.839 5.913 5.969 5.962 5.907 5.749 5.727 6.012 6.066 6.123 6.156 6.099 5.996 5.86 5.607 5.518 5.758 5.752 5.633 5.568 5.905 6.163 6.249 6.248 6.162 5.934 5.917 6.007 6.013 5.948
-9999 -9999 -9999 -9999 -9999 -9999 -9999 -9999 -9999 -9999 -9999 -9999 -9999 -9999 -9999 -9999 -9999 7.462 7.437 7.011 6.761 6.278 6.197 5.827 5.822 5.843 5.867 5.859 5.545 5.738 6.275 6.43 6.45 6.604 6.778 6.813 6.74 6.527 6.301 6.33 6.309 6.281 6.065 6.056 5.958 5.876 5.839 5.893 5.792 5.808 5.952 6.087 6.023 6.027 6.132 6.123 6.169 6.289 6.073 5.981 6.039 5.804 5.539 5.8 5.891 5.775 5.825 6.045 6.296 6.464 6.384 6.207 6.045 6.023 6.168 6.258 6.252
-9999 -9999 -9999 -9999 -9999 -9999 -9999 -9999 -9999 -9999 -9999 -9999 -9999 7.187 6.601 -9999 7.445 7.625 7.04 6.735 6.729 6.777 6.567 6.395 6.051 5.833 5.865 5.984 5.994 6.2 6.474 6.696 6.693 6.64 6.642 6.709 6.775 6.603 6.469 6.338 6.241 5.997 6.21 6.167 6.001 5.757 5.648 5.743 5.625 5.681 5.888 6.139 6.17 6.198 6.252 6.4 6.361 6.419 6.292 5.971 6.124 6.117 6.072 6.103 6.258 6.141 6.055 6.142 6.364 6.556 6.584 6.455 6.312 6.19 6.24 6.36 6.481
-9999 -9999 -9999 -9999 -9999 -9999 -9999 -9999 -9999 -9999 -9999 -9999 -9999 6.921 6.516 6.974 7.256 7.112 6.754 6.805 6.536 6.435 6.451 6.066 5.977 5.842 5.794 6.005 6.019 6.198 6.496 6.293 6.057 6.197 6.465 6.737 6.797 6.619 6.424 6.204 6.091 6.042 6.22 6.105 6.129 6.039 5.865 5.726 5.787 5.815 6.012 6.116 6.162 6.223 6.482 6.573 6.646 6.698 6.554 6.256 6.196 6.199 6.126 6.161 5.923 6.045 6.198 6.273 6.45 6.569 6.554 6.529 6.488 6.347 6.248 6.438 6.545
-9999 -9999 -9999 -9999 -9999 -9999 -9999 -9999 -9999 -9999 -9999 -9999 7.504 6.971 6.683 6.717 6.785 6.77 6.734 6.647 6.509 6.558 6.528 6.296 6.126 5.883 5.915 6.102 6.398 6.595 6.408 5.984 5.989 6.006 6.181 6.623 6.663 6.654 6.561 6.333 6.202 6.142 6.181 6.245 6.338 6.257 5.954 6.06 6.033 6.076 6.109 6.174 6.158 6.161 6.516 6.899 7.03 6.923 6.885 6.601 6.506 6.533 6.488 6.409 6.1 5.865 5.968 5.819 6.228 6.115 6.115 6.473 6.683 6.261 6.064 6.197 6.571
-9999 -9999 -9999 -9999 -9999 -9999 -9999 -9999 -9999 -9999 -9999 -9999 -9999 7.288 6.765 6.647 6.749 6.764 6.782 6.752 6.705 6.675 6.634 6.465 6.296 6.312 6.312 6.478 6.522 6.652 6.182 5.875 5.904 5.769 6.097 6.395 6.419 6.539 6.522 6.356 6.161 6.157 6.156 6.169 6.156 6.046 6.269 6.128 6.152 6.172 6.179 6.163 6.152 6.268 6.486 6.894 7.202 -9999 7.055 6.95 6.702 6.757 6.781 6.699 6.527 6.335 6.348 6.295 6.316 6.456 6.199 6.331 6.742 6.786 6.333 6.239 6.553
-9999 -9999 -9999 -9999 -9999 -9999 -9999 -9999 -9999 -9999 -9999 -9999 7.631 7.392 6.839 6.671 6.683 6.65 6.732 6.777 6.728 6.689 6.537 6.527 6.631 6.649 6.605 6.639 6.721 6.54 6.317 6.287 6.157 5.952 6.373 6.493 6.111 6.306 6.24 5.787 5.882 5.779 5.745 5.891 5.949 6.116 6.252 6.343 6.302 6.306 6.242 6.222 6.207 6.309 6.524 6.826 7.209 7.413 -9999 7.303 -9999 7.26 -9999 6.968 -9999 6.806 6.828 6.892 6.922 6.989 6.894 7.02 -9999 -9999 -9999 7.061 6.856
-9999 -9999 -9999 -9999 -9999 -9999 -9999 -9999 -9999 -9999 -9999 -9999 7.617 7.115 6.698 6.683 6.659 6.571 6.396 6.483 6.379 6.452 6.499 6.62 6.756 6.783 6.833 6.858 6.808 6.692 6.48 6.387 6.159 6.374 6.709 6.223 6.305 6.655 6.281 6.047 5.902 5.718 5.874 6.122 6.177 6.356 6.435 6.408 6.551 6.552 6.462 6.473 6.481 6.555 6.74 6.899 7.216 7.454 -9999 -9999 7.647 7.722 -9999 -9999 7.283 7.287 7.304 -9999 -9999 -9999 -9999 -9999 -9999 -9999 -9999 -9999 -9999
-9999 -9999 -9999 -9999 -9999 -9999 -9999 -9999 -9999 -9999 -9999 7.435 7.198 6.879 6.734 6.92 6.945 6.625 6.45 6.158 5.769 5.83 6.194 6.402 6.522 6.627 6.847 6.912 6.826 6.766 6.622 6.355 6.35 6.575 6.559 6.753 7.255 7.089 6.684 6.262 5.93 6.118 6.353 6.361 6.534 6.585 6.633 6.771 6.919 6.871 6.874 6.952 7.078 7.045 7.108 -9999 -9999 -9999 7.468 -9999 -9999 -9999 -9999 -9999 -9999 7.478 -9999 -9999 -9999 -9999 -9999 -9999 -9999 -9999 -9999 -9999 -9999
-9999 -9999 -9999 -9999 -9999 -9999 -9999 -9999 -9999 -9999 7.594 6.821 6.602 6.702 7.051 7.141 7.052 6.835 6.488 5.717 4.984 5.22 6.058 6.224 6.174 6.714 6.686 7.017 7.06 6.922 7.15 7.327 7.425 -9999 -9999 -9999 -9999 -9999 7.391 6.855 6.424 6.396 6.53 6.724 6.862 6.933 6.914 7.006 -9999 7.166 -9999 -9999 -9999 -9999 -9999 7.359 7.3 7.145 7.074 7.267 7.79 -9999 -9999 -9999 -9999 -9999 -9999 -9999 -9999 -9999 -9999 -9999 -9999 -9999 -9999 -9999 -9999
-9999 -9999 -9999 -9999 -9999 -9999 -9999 -9999 -9999 8.101 7.029 6.347 6.371 6.727 6.905 7.062 7.15 6.739 6.223 5.305 4.767 5.065 5.603 5.94 6.532 6.443 6.989 7.241 7.355 7.608 -9999 -9999 -9999 -9999 -9999 -9999 -9999 -9999 -9999 -9999 7.345 7.138 7.152 7.01 6.981 6.949 7.038 6.84 7.248 -9999 -9999 -9999 -9999 -9999 -9999 -9999 7.541 7.216 7.211 7.365 -9999 -9999 -9999 -9999 -9999 -9999 -9999 -9999 -9999 -9999 -9999 -9999 -9999 -9999 -9999 -9999 -9999
-9999 -9999 -9999 -9999 -9999 -9999 -9999 8.227 8.27 7.66 6.879 6.376 6.201 6.313 6.75 7.178 6.972 6.598 6.135 5.469 4.943 5.348 5.766 6.225 6.364 7.227 7.025 7.273 -9999 -9999 -9999 -9999 -9999 -9999 -9999 -9999 -9999 -9999 -9999 -9999 -9999 7.978 -9999 -9999 -9999 -9999 -9999 7.466 7.393 -9999 -9999 -9999 -9999 -9999 -9999 -9999 -9999 -9999 7.485 7.505 -9999 -9999 -9999 -9999 -9999 -9999 -9999 -9999 -9999 -9999 -9999 -9999 -9999 -9999 -9999 -9999 -9999
-9999 -9999 -9999 -9999 -9999 -9999 8.263 -9999 7.83 7.575 7.025 6.517 6.267 6.314 6.748 6.908 6.773 7.007 6.725 5.864 5.472 5.684 6.278 6.541 6.994 7.412 7.621 8.05 -9999 -9999 -9999 -9999 -9999 -9999 -9999 -9999 -9999 -9999 -9999 -9999 -9999 -9999 7.992 -9999 -9999 -9999 -9999 -9999 -9999 -9999 -9999 -9999 -9999 -9999 -9999 -9999 -9999 -9999 -9999 -9999 -9999 -9999 -9999 -9999 -9999 -9999 -9999 -9999 -9999 -9999 -9999 -9999 -9999 -9999 -9999 -9999 -9999
-9999 -9999 -9999 -9999 -9999 8.451 8.244 7.502 7.584 7.582 7.184 6.95 6.696 6.672 6.887 6.835 7.001 -9999 6.958 6.229 5.701 5.413 5.919 6.76 7.069 7.539 7.935 -9999 -9999 -9999 -9999 -9999 -9999 -9999 -9999 -9999 -9999 -9999 -9999 -9999 -9999 -9999 -9999 -9999 -9999 -9999 -9999 -9999 -9999 -9999 -9999 -9999 -9999 -9999 -9999 -9999 -9999 -9999 -9999 -9999 -9999 -9999 -9999 -9999 -9999 -9999 -9999 -9999 -9999 -9999 -9999 -9999 -9999 -9999 -9999 -9999 -9999
-9999 -9999 -9999 -9999 -9999 8.431 7.852 7.414 7.313 7.343 7.242 7.135 6.917 7.079 7.233 7.282 7.635 7.498 7.247 6.674 5.81 5.61 6.296 6.62 7.083 7.443 7.756 -9999 -9999 -9999 -9999 -9999 -9999 -9999 -9999 -9999 -9999 -9999 -9999 -9999 -9999 -9999 -9999 -9999 -9999 -9999 -9999 -9999 -9999 -9999 -9999 -9999 -9999 -9999 -9999 -9999 -9999 -9999 -9999 -9999 -9999 -9999 -9999 -9999 -9999 -9999 -9999 -9999 -9999 -9999 -9999 -9999 -9999 -9999 -9999 -9999 -9999
-9999 -9999 -9999 -9999 8.559 8.048 7.564 7.177 7.129 7.355 7.429 7.414 7.424 7.559 7.417 7.766 7.941 7.793 7.396 7.037 6.542 6.426 6.665 6.971 7.124 7.328 -9999 -9999 -9999 -9999 -9999 -9999 -9999 -9999 -9999 -9999 -9999 -9999 -9999 -9999 -9999 -9999 -9999 -9999 -9999 -9999 -9999 -9999 -9999 -9999 -9999 -9999 -9999 -9999 -9999 -9999 -9999 -9999 -9999 -9999 -9999 -9999 -9999 -9999 -9999 -9999 -9999 -9999 -9999 -9999 -9999 -9999 -9999 -9999 -9999 -9999 -9999
