Validation/Results/ReClimate_07_2024_2_Precipitation-Actualsweatherlogisticsltd.asc
NCOLS 192
NROWS 249
XLLCENTER -225160.85627316462
YLLCENTER 29788.11610251502
CELLSIZE 5000.0
NODATA_VALUE -9999
[rows 165 to 197 of 249, columns 74 to 147 of 192]
-9999 -9999 -9999 -9999 -9999 -9999 -9999 -9999 -9999 -9999 -9999 -9999 -9999 -9999 -9999 -9999 -9999 -9999 -9999 -9999 -9999 -9999 -9999 -9999 -9999 -9999 -9999 -9999 -9999 -9999 -9999 -9999 -9999 -9999 -9999 -9999 -9999 -9999 83.905 85.091 85.8 86.509 91.173 100.267 116.912 125.024 124.93 122.206 118.67 121.566 120.115 119.802 109.172 85.027 68.543 65.435 58.732 55.178 53.663 52.997 52.284 57.383 54.975 52.012 51.516 51.516 52.411 53.322 56.578 58.858 55.93 57.048 57.578 55.405
-9999 -9999 -9999 -9999 -9999 -9999 -9999 -9999 -9999 -9999 -9999 -9999 -9999 -9999 -9999 -9999 -9999 -9999 -9999 -9999 -9999 -9999 -9999 -9999 -9999 -9999 -9999 -9999 -9999 -9999 -9999 -9999 -9999 -9999 -9999 -9999 -9999 -9999 85.082 87.718 87.417 87.757 92.726 101.971 111.725 116.902 111.698 108.758 111.256 105.795 110.596 116.83 109.712 93.023 76.265 65.441 58.252 56.638 54.036 52.638 52.188 52.118 55.261 51.309 50.599 50.712 51.014 52.328 52.68 56.269 55.226 49.397 53.195 56.697
-9999 -9999 -9999 -9999 -9999 -9999 -9999 -9999 -9999 -9999 -9999 -9999 -9999 -9999 -9999 -9999 -9999 -9999 -9999 -9999 -9999 -9999 -9999 -9999 -9999 -9999 -9999 -9999 -9999 -9999 -9999 -9999 -9999 -9999 -9999 -9999 -9999 81.154 84.059 87.265 89.693 90.628 91.013 94.12 105.343 103.292 100.725 97.623 97.252 96.002 105.275 117.767 121.942 105.681 87.737 79.347 63.668 53.183 51.359 47.295 51.121 53.216 51.779 51.14 50.391 50.266 51.026 50.958 51.797 53.607 55.66 55.561 53.529 55.39
-9999 -9999 -9999 -9999 -9999 -9999 -9999 -9999 -9999 -9999 -9999 -9999 -9999 -9999 -9999 -9999 -9999 -9999 -9999 -9999 -9999 -9999 -9999 -9999 -9999 -9999 -9999 -9999 -9999 -9999 -9999 -9999 -9999 -9999 -9999 -9999 -9999 80.014 83.024 88.905 91.437 88.1 89.407 90.148 91.803 89.408 88.449 90.275 88.574 91.438 99.572 110.552 126.494 128.368 104.892 86.242 73.96 60.171 56.196 50.2 46.845 52.806 52.651 50.4 51.688 50.393 50.231 50.271 53.582 54.823 54.347 54.965 55.535 59.213
-9999 -9999 -9999 -9999 -9999 -9999 -9999 -9999 -9999 -9999 -9999 -9999 -9999 -9999 -9999 -9999 -9999 -9999 -9999 -9999 -9999 -9999 -9999 -9999 -9999 -9999 -9999 -9999 -9999 -9999 -9999 -9999 -9999 -9999 -9999 -9999 -9999 -9999 83.723 87.743 84.844 86.56 85.855 84.543 79.534 78.061 79.524 78.898 79.751 81.525 88.521 100.137 114.192 130.128 128.42 103.876 81.651 68.599 59.034 57.316 50.485 52.308 54.255 52.357 50.167 50.924 49.994 50.323 50.508 54.192 53.286 52.64 55.45 54.982
-9999 -9999 -9999 -9999 -9999 -9999 -9999 -9999 -9999 -9999 -9999 -9999 -9999 -9999 -9999 -9999 -9999 -9999 97.361 97.861 -9999 -9999 -9999 -9999 -9999 -9999 -9999 -9999 -9999 -9999 -9999 -9999 -9999 -9999 -9999 -9999 -9999 78.569 77.347 82.591 84.224 83.978 81.416 77.848 74.09 72.788 73.071 75.28 75.319 77.953 84.273 101.621 110.112 122.319 116.567 106.912 92.249 69.68 61.445 56.964 57.85 58.621 57.191 54.45 52.562 49.265 48.921 48.484 49.734 52.022 52.81 51.385 52.592 59.513
-9999 -9999 -9999 -9999 -9999 -9999 -9999 -9999 -9999 -9999 -9999 -9999 -9999 -9999 -9999 -9999 -9999 -9999 106.868 106.971 101.787 -9999 -9999 -9999 -9999 -9999 -9999 -9999 -9999 -9999 -9999 -9999 -9999 -9999 -9999 -9999 72.335 72.755 77.301 84.164 84.558 79.165 77.068 72.008 71.233 70.973 73.743 74.689 73.742 76.287 84.511 94.195 113.745 126.75 114.826 94.543 86.138 75.71 60.013 56.395 53.569 58.046 56.922 51.881 51.877 50.902 50.139 51.129 50.797 50.235 50.936 50.194 51.419 53.766
-9999 -9999 -9999 -9999 -9999 -9999 -9999 -9999 -9999 -9999 -9999 -9999 -9999 -9999 -9999 -9999 -9999 101.652 108.618 112.227 109.304 104.258 -9999 -9999 -9999 -9999 -9999 -9999 -9999 -9999 -9999 -9999 -9999 77.562 -9999 -9999 71.545 78.026 79.833 78.2 76.084 -9999 76.372 75.558 75.609 73.849 73.015 70.524 73.304 75.921 80.443 93.6 98.539 115.142 103.032 83.371 83.669 70.106 66.826 60.351 53.731 51.627 53.212 52.406 51.53 54.324 52.747 50.007 54.38 51.69 50.465 51.354 50.71 52.102
-9999 -9999 -9999 -9999 -9999 -9999 -9999 -9999 -9999 -9999 -9999 -9999 -9999 -9999 -9999 -9999 -9999 94.733 104.455 113.682 113.512 111.07 107.966 107.104 -9999 -9999 -9999 102.186 88.047 -9999 83.836 80.692 77.292 83.457 75.653 -9999 -9999 73.259 75.296 -9999 -9999 73.514 72.875 71.628 70.816 70.962 69.488 71.963 73.664 80.456 87.104 103.461 96.663 96.273 87.303 82.328 81.521 73.029 59.465 58.509 56.276 52.995 50.562 52.845 53.03 52.4 52.975 50.526 49.938 51.727 50.691 52.006 50.56 51.783
-9999 -9999 -9999 -9999 -9999 -9999 -9999 -9999 -9999 -9999 -9999 -9999 -9999 -9999 -9999 -9999 -9999 -9999 104.503 118.105 118.651 114.54 112.479 -9999 -9999 152.635 149.224 111.267 109.142 103.916 98.997 82.269 80.801 75.083 79.839 76.662 -9999 69.684 69.83 70.121 69.529 72.112 72.343 70.812 69.482 69.004 69.481 70.711 79.043 83.236 91.984 109.735 110.2 93.516 82.939 71.548 76.593 70.04 62.771 56.727 55.095 53.6 50.505 51.9 52.02 52.491 50.613 49.002 48.554 50.447 52.317 52.982 50.397 50.743
-9999 -9999 -9999 -9999 -9999 -9999 -9999 -9999 -9999 -9999 -9999 -9999 -9999 -9999 -9999 -9999 -9999 -9999 105.459 116.046 107.901 108.917 120.99 145.664 163.605 191.987 149.891 120.564 117.644 107.797 102.128 87.634 74.541 81.664 92.563 80.075 79.683 69.467 67.543 65.924 67.975 69.815 75.18 78.632 69.87 68.507 67.165 70.515 75.318 81.157 96.85 104.032 102.931 96.871 89.025 74.644 68.941 72.841 67.44 59.857 57.406 56.091 53.045 53.235 51.818 50.747 49.829 46.865 47.96 48.273 50.796 52.512 49.101 48.268
-9999 -9999 -9999 -9999 -9999 -9999 -9999 -9999 -9999 -9999 -9999 -9999 -9999 -9999 -9999 -9999 -9999 -9999 -9999 115.198 112.084 126.471 172.112 194.312 213.496 222.649 175.068 147.796 132.872 124.791 114.593 86.567 89.791 88.206 81.177 93.774 75.343 68.462 69.385 65.145 66.282 67.44 73.466 69.586 66.614 63.596 64.38 68.006 69.923 80.001 93.879 100.925 87.892 84.279 86.232 83.825 64.744 63.742 69.352 63.96 62.528 60.006 55.782 54.009 51.349 50.273 48.886 46.885 48.062 48.966 50.538 51.484 47.47 45.803
-9999 -9999 -9999 -9999 -9999 -9999 -9999 -9999 -9999 -9999 -9999 -9999 -9999 -9999 -9999 -9999 -9999 -9999 -9999 -9999 -9999 157.066 219.963 237.733 288.229 255.067 204.624 150.715 139.582 150.189 126.711 116.902 96.118 84.517 83.699 86.714 84.503 77.674 66.344 64.838 63.138 65.898 69.724 67.72 64.931 63.062 66.234 65.716 67.853 79.348 90.343 87.737 94.418 91.93 89.339 86.922 76.768 66.536 66.505 67.909 66.089 64.88 59.402 55.542 51.475 49.152 49.781 47.441 48.413 49.001 49.682 51.409 47.772 45.612
-9999 -9999 -9999 -9999 -9999 -9999 -9999 -9999 -9999 -9999 -9999 -9999 -9999 -9999 -9999 -9999 -9999 -9999 -9999 -9999 132.986 185.008 222.357 281.973 327.818 266.473 190.578 153.834 133.618 151.635 149.486 114.395 110.804 92.959 88.128 99.619 93.117 77.69 65.859 64.084 61.975 64.91 69.516 66.402 65.12 67.569 65.198 65.165 72.175 79.699 78.737 83.417 86.761 86.936 88.295 80.96 77.267 78.035 67.798 63.393 65.602 63.046 60.307 55.124 54.051 49.542 47.894 47.803 49.47 48.944 51.002 50.913 48.977 46.684
-9999 -9999 -9999 -9999 -9999 -9999 -9999 -9999 -9999 -9999 -9999 -9999 -9999 -9999 -9999 -9999 -9999 -9999 -9999 126.345 179.526 183.028 233.94 287.396 266.165 264.437 220.782 175.585 167.711 166.773 135.647 112.595 101.384 91.388 100.121 105.021 93.042 77.661 66.267 61.894 59.973 67.591 65.743 64.117 66.046 64.461 64.519 70.368 75.547 75.823 79.382 82.37 85.37 90.434 79.383 78.325 70.131 71.585 71.953 61.585 63.424 62.659 60.236 57.449 52.928 55.046 50.491 48.783 49.846 49.619 49.786 50.843 47.418 48.173
-9999 -9999 -9999 -9999 -9999 -9999 -9999 -9999 -9999 -9999 -9999 -9999 -9999 -9999 -9999 -9999 -9999 -9999 117.069 151.241 140.081 170.212 200.221 202.453 214.132 227.521 218.078 203.637 188.908 165.24 136.446 121.291 100.73 100.304 99.336 87.552 79.833 71.113 68.434 62.032 62.589 64.092 57.604 65.388 64.985 65.226 69.41 72.068 73.858 74.299 79.492 80.234 72.872 76.068 77.396 70.216 69.483 68.199 67.262 63.419 58.634 59.807 57.296 54.116 53.932 50.366 48.391 48.58 50.405 49.7 49.059 51.347 47.263 47.294
-9999 -9999 -9999 -9999 -9999 -9999 -9999 -9999 -9999 -9999 -9999 -9999 -9999 -9999 -9999 -9999 106.956 109.186 109.784 118.853 123.775 135.813 148.837 143.386 165.923 188.588 201.406 208.642 211.596 148.723 126.567 112.806 105.296 118.991 111.555 93.169 74.637 74.631 69.063 62.919 64.779 63.323 67.882 66.171 66.648 69.205 71.563 74.122 69.313 74.232 78.661 76.665 73.037 69.136 64.862 64.676 63.029 64.65 62.87 60.564 61.263 55.927 53.34 50.255 49.986 49.297 46.317 47.149 52.279 50.783 53.223 53.719 49.19 46.059
-9999 -9999 -9999 -9999 -9999 -9999 -9999 -9999 -9999 -9999 -9999 -9999 -9999 -9999 -9999 107.25 108.118 102.8 106.249 -9999 -9999 -9999 -9999 142.708 169.768 195.622 197.94 208.251 169.286 148.739 152.47 140.217 143.169 155.083 129.133 98.062 88.469 78.596 66.678 64.986 66.124 65.717 66.038 66.17 66.023 68.512 70.542 70.715 68.315 70.397 73.827 72.458 72.951 67.41 62.635 62.587 62.467 58.973 56.873 54.624 55.548 54.832 50.522 48.945 50.145 50.406 49.076 51.38 53.041 52.645 52.051 55.473 51.75 50.794
-9999 -9999 -9999 -9999 -9999 -9999 -9999 -9999 -9999 -9999 -9999 -9999 -9999 -9999 -9999 106.945 107.255 97.835 -9999 -9999 -9999 -9999 -9999 144.691 173.98 201.372 189.286 195.169 186.787 183.52 185.76 165.252 148.348 142.819 106.968 97.324 88.071 74.198 67.644 66.605 64.877 65.965 67.76 67.376 67.059 69.144 70.472 68.679 68.53 67.684 69.65 68.643 67.654 68.222 65.022 62.825 60.045 57.049 54.668 54.558 51.839 51.498 47.537 47.562 50.606 52.72 55.421 56.741 57.965 55.147 53.446 52.717 50.871 49.077
-9999 -9999 -9999 -9999 -9999 -9999 -9999 -9999 -9999 -9999 -9999 -9999 -9999 -9999 -9999 -9999 -9999 93.136 -9999 -9999 -9999 -9999 -9999 154.15 170.381 171.306 177.925 190.404 193.785 212.571 191.3 149.505 146.221 121.31 104.702 92.895 78.953 69.053 65.008 65.351 63.148 65.009 65.722 64.106 66.065 64.657 65.59 67.555 66.084 66.462 65.983 66.143 64.271 62.875 61.132 60.839 61.099 62.085 59.292 55.131 52.32 50.904 55.846 52.634 51.524 54.106 54.42 56.526 56.989 55.906 54.326 54.934 50.9 48.34
-9999 -9999 -9999 -9999 -9999 -9999 -9999 -9999 -9999 -9999 -9999 -9999 -9999 -9999 -9999 -9999 -9999 -9999 -9999 -9999 -9999 -9999 -9999 149.309 163.138 150.765 174.785 193.139 223.064 219.419 189.295 160.962 128.08 110.279 95.623 76.349 69.694 65.556 65.318 63.113 64.187 64.105 63.932 63.082 60.976 61.87 64.103 65.167 66.179 67.018 67.039 69.553 63.359 58.443 60.091 59.58 58.455 60.839 62.162 59.221 58.985 58.768 55.556 56.059 51.856 50.566 53.507 52.61 53.564 59.537 54.697 51.798 49.084 48.698
-9999 -9999 -9999 -9999 -9999 -9999 -9999 -9999 -9999 -9999 -9999 -9999 -9999 -9999 -9999 -9999 -9999 -9999 -9999 -9999 -9999 -9999 -9999 -9999 153.181 202.073 234.351 225.182 215.806 192.671 175.208 140.559 117.952 101.36 83.09 83.296 74.302 66.899 69.814 65.245 62.474 62.704 62.607 61.933 63.594 65.528 68.4 68.188 69.915 68.389 65.36 68.648 65.82 59.63 58.137 58.354 57.991 59.02 62.479 62.836 65.993 65.883 58.299 53.627 53.545 53.21 55.128 56.913 53.812 53.426 53.693 49.699 47.739 48.416
-9999 -9999 -9999 -9999 -9999 -9999 -9999 -9999 -9999 -9999 -9999 -9999 -9999 -9999 -9999 -9999 -9999 -9999 -9999 -9999 -9999 -9999 -9999 134.523 163.291 208.707 228.518 211.507 187.946 176.062 153.4 134.962 121.837 96.367 87.279 84.446 73.654 83.178 68.564 62.48 63.022 65.984 64.143 65.828 71.385 71.411 69.945 66.225 66.872 64.641 65.233 64.959 63.093 58.203 57.493 56.475 55.622 55.456 58.774 60.617 62.312 63.3 56.833 53.92 55.493 55.443 57.06 59.865 56.104 52.446 50.839 48.249 46.202 46.033
-9999 -9999 -9999 -9999 -9999 -9999 -9999 -9999 -9999 -9999 -9999 -9999 -9999 -9999 -9999 -9999 -9999 -9999 -9999 -9999 -9999 -9999 -9999 122.542 150.884 194.525 177.716 162.725 153.273 151.573 149.746 138.245 109.903 89.69 85.063 75.981 72.637 73.407 72.424 69.408 70.408 66.326 63.58 66.283 67.78 70.447 65.562 65.027 65.697 65.452 66.568 64.468 62.315 60.843 57.387 55.279 54.096 54.687 56.987 58.337 58.072 59.7 55.726 52.145 54.777 60.489 58.015 58.146 58.873 53.368 50.228 49.579 47.606 46.333
-9999 -9999 -9999 -9999 -9999 -9999 -9999 -9999 -9999 -9999 -9999 -9999 -9999 -9999 -9999 -9999 -9999 -9999 -9999 -9999 -9999 -9999 -9999 113.616 138.023 142.253 156.55 143.545 141.578 146.819 148.4 122.707 108.399 88.889 79.543 70.511 71.675 75.624 77.35 84.555 82.398 71.701 70.195 65.804 67.248 65.764 62.171 63.639 64.002 65.479 67.479 66.357 65.752 63.491 60.31 55.617 56.883 56.254 56.992 58.471 55.009 55.765 54.616 53.431 54.404 57.687 58.796 54.951 54.302 52.533 50.882 51.64 52.373 47.641
-9999 -9999 -9999 -9999 -9999 -9999 -9999 -9999 -9999 -9999 -9999 -9999 -9999 -9999 -9999 -9999 -9999 -9999 -9999 -9999 -9999 -9999 -9999 -9999 118.528 151.311 164.66 170.066 167.383 148.779 126.614 105.281 82.871 74.181 70.736 70.059 68.885 68.632 79.164 83.898 84.245 75.924 69.87 65.19 69.049 66.765 61.15 62.719 63.534 66.423 69.11 65.469 61.42 62.106 59.186 56.465 57.883 60.897 57.639 56.616 55.902 53.132 54.831 54.222 52.722 53.124 53.936 54.29 53.631 51.931 50.463 49.025 50.144 49.22
-9999 -9999 -9999 -9999 -9999 -9999 -9999 -9999 -9999 -9999 -9999 -9999 -9999 -9999 -9999 -9999 -9999 -9999 -9999 -9999 -9999 -9999 -9999 -9999 128.292 155.631 178.106 194.322 188.425 153.015 122.792 92.103 80.385 80.487 83.977 86.016 81.602 74.514 70.239 78.914 80.155 75.0 71.057 72.429 75.524 79.792 66.976 66.187 64.161 66.912 66.364 67.345 63.662 59.869 59.487 59.775 59.988 61.511 59.29 58.111 59.635 58.973 56.961 56.012 54.149 51.839 55.705 56.878 61.551 54.479 51.437 48.598 45.027 47.105
-9999 -9999 -9999 -9999 -9999 -9999 -9999 -9999 -9999 -9999 -9999 -9999 -9999 -9999 -9999 -9999 -9999 -9999 -9999 -9999 -9999 -9999 -9999 106.798 114.07 149.284 178.84 193.113 175.796 150.391 112.922 108.08 114.505 103.175 100.294 92.036 77.417 70.532 74.747 79.873 73.569 74.865 76.923 74.3 80.813 67.755 63.081 64.882 62.865 65.343 69.77 69.955 66.939 63.024 63.056 60.564 61.529 61.343 58.651 58.391 63.84 59.867 57.876 57.362 55.313 53.483 54.132 53.921 53.389 55.461 48.828 49.384 47.49 46.945
-9999 -9999 -9999 -9999 -9999 -9999 -9999 -9999 -9999 -9999 -9999 -9999 -9999 -9999 -9999 -9999 -9999 -9999 -9999 -9999 -9999 -9999 -9999 103.024 116.225 137.955 156.524 176.365 180.378 145.242 119.471 111.971 107.327 110.175 103.913 94.548 82.971 85.583 82.618 71.405 75.259 71.543 73.134 75.16 76.964 58.224 61.288 61.54 60.605 63.931 68.041 74.964 68.507 66.805 63.764 69.234 61.439 59.87 57.88 55.671 53.037 57.19 55.125 58.137 59.298 56.356 54.671 52.879 50.711 48.756 48.567 46.362 46.747 47.612
-9999 -9999 -9999 -9999 -9999 -9999 -9999 -9999 -9999 -9999 -9999 -9999 -9999 -9999 -9999 -9999 -9999 -9999 -9999 -9999 -9999 -9999 -9999 104.175 110.305 117.625 142.691 168.51 170.471 146.157 117.633 102.215 108.774 107.32 99.609 93.548 94.148 88.715 74.852 74.443 70.267 77.273 66.909 72.512 64.483 61.043 62.733 57.541 58.304 60.026 69.261 65.085 68.411 66.725 63.589 61.639 63.677 56.176 56.972 56.158 54.248 52.483 54.252 56.251 57.834 56.342 52.362 53.163 49.756 49.004 45.763 46.536 46.123 45.076
-9999 -9999 -9999 -9999 -9999 -9999 -9999 -9999 -9999 -9999 -9999 -9999 -9999 -9999 -9999 -9999 -9999 -9999 -9999 -9999 -9999 -9999 101.394 105.91 115.255 120.308 131.951 155.215 152.617 139.128 110.34 94.097 92.835 99.388 103.047 103.035 89.795 81.813 80.027 71.397 71.262 64.74 61.8 63.353 62.292 63.079 58.351 57.268 57.809 58.283 58.853 61.037 60.454 63.053 61.555 59.822 59.855 57.226 54.164 53.165 53.608 51.567 54.756 54.881 56.555 54.659 52.409 51.292 50.808 48.343 47.66 46.146 46.29 45.652
-9999 -9999 -9999 -9999 -9999 -9999 -9999 -9999 -9999 -9999 -9999 -9999 -9999 -9999 -9999 -9999 -9999 -9999 -9999 -9999 -9999 98.839 101.244 111.011 105.231 105.147 136.957 154.441 151.7 132.978 124.573 98.581 101.323 95.119 95.936 101.254 84.7 82.033 72.345 67.86 64.923 62.046 63.865 68.232 65.131 62.144 58.123 60.556 56.296 54.793 57.595 57.57 58.07 57.749 58.937 58.807 61.991 58.533 54.383 52.47 52.786 52.271 53.521 54.582 54.428 53.359 49.769 47.927 48.623 47.469 49.1 48.598 46.995 45.594
-9999 -9999 -9999 -9999 -9999 -9999 -9999 -9999 -9999 -9999 -9999 -9999 -9999 -9999 -9999 -9999 -9999 -9999 -9999 105.724 102.966 101.777 91.626 97.27 100.76 110.482 141.86 156.441 157.998 152.307 122.044 103.804 87.356 89.316 89.707 85.485 83.608 73.794 70.632 64.012 61.791 60.799 67.194 67.137 61.689 62.592 62.331 58.115 57.067 56.89 56.562 56.961 54.534 54.222 54.745 53.066 53.066 53.549 52.869 54.863 56.154 57.589 55.268 53.472 49.228 48.186 48.916 49.993 47.245 46.875 45.487 48.869 48.56 46.503
