Validation/Results/ReClimate_08_2024_2_Precipitation-Actualsweatherlogisticsltd.asc
NCOLS 192
NROWS 249
XLLCENTER -225160.85627316462
YLLCENTER 29788.11610251502
CELLSIZE 5000.0
NODATA_VALUE -9999
[rows 198 to 230 of 249, columns 74 to 147 of 192]
-9999 -9999 -9999 -9999 -9999 -9999 -9999 -9999 -9999 -9999 -9999 -9999 -9999 -9999 -9999 -9999 -9999 -9999 252.391 252.999 253.881 232.573 227.892 239.248 240.057 287.664 310.96 348.36 338.495 299.839 253.267 202.93 195.359 187.647 186.656 197.864 184.492 155.877 133.855 128.69 131.264 138.575 130.575 137.802 136.763 131.718 122.013 116.343 113.339 118.35 110.012 112.152 114.8 107.992 103.202 103.742 104.024 106.952 101.671 110.151 114.685 115.677 122.69 119.592 116.795 112.936 109.335 110.576 108.677 105.353 108.486 98.346 94.697 93.051
-9999 -9999 -9999 -9999 -9999 -9999 -9999 -9999 -9999 -9999 -9999 -9999 -9999 -9999 -9999 164.111 203.866 234.549 241.865 267.078 255.328 247.502 238.135 232.308 267.318 294.644 325.862 316.185 318.457 271.201 244.327 236.712 203.256 183.071 217.16 187.425 153.434 125.867 123.243 126.526 141.117 122.486 125.88 125.769 132.327 132.542 120.17 128.775 118.302 109.409 101.078 103.203 109.436 100.549 94.675 98.847 106.722 108.824 117.733 113.218 113.072 116.49 119.573 118.669 117.118 116.353 107.324 108.366 108.305 105.468 100.588 100.972 94.375 93.712
-9999 -9999 -9999 -9999 -9999 -9999 -9999 -9999 -9999 -9999 -9999 -9999 -9999 203.597 191.264 200.953 221.085 238.55 266.481 265.526 267.206 253.803 259.081 285.793 268.503 298.565 312.126 291.031 283.276 271.143 286.561 244.713 215.788 208.13 183.262 159.504 136.771 164.327 146.958 129.148 125.157 116.951 114.17 120.472 127.504 126.346 132.724 123.963 113.365 105.881 94.461 101.107 104.189 97.002 103.56 104.261 105.688 109.472 107.937 118.325 115.16 128.767 133.221 127.14 122.592 120.917 110.731 103.073 104.107 103.73 100.079 93.754 97.848 95.247
-9999 -9999 -9999 -9999 -9999 -9999 -9999 -9999 -9999 203.111 219.761 214.047 208.331 248.406 238.863 251.332 258.06 262.293 273.294 273.041 289.441 299.858 327.612 306.593 285.238 299.121 281.369 276.233 273.529 294.332 275.027 250.686 224.979 203.716 176.334 141.095 186.547 185.56 157.905 154.063 129.554 128.506 118.206 127.014 145.377 127.563 133.574 117.696 109.176 103.598 104.001 108.225 108.344 121.823 112.877 112.429 107.971 118.193 113.669 110.249 115.419 120.972 130.642 128.47 124.433 118.44 109.353 105.153 104.202 106.06 105.556 103.652 98.951 96.23
-9999 -9999 -9999 -9999 -9999 -9999 -9999 -9999 181.821 209.844 218.761 237.844 294.668 334.486 324.07 312.574 292.782 296.814 303.072 299.247 306.122 323.184 323.983 306.148 294.564 268.414 258.462 262.184 284.274 282.53 261.013 242.953 216.357 196.908 196.146 228.41 266.019 211.625 177.702 143.006 142.113 127.71 135.936 139.406 127.956 127.451 121.292 115.421 110.789 107.181 109.19 115.772 121.21 133.106 138.798 119.731 110.462 123.451 127.292 120.451 121.105 119.085 124.908 124.185 121.444 115.225 115.421 113.931 105.392 110.801 113.623 102.862 100.878 98.016
-9999 -9999 -9999 -9999 -9999 -9999 -9999 168.235 189.2 212.823 228.841 257.967 305.068 304.898 293.588 290.061 289.392 296.456 295.92 287.967 304.021 322.434 313.518 286.503 261.573 244.963 263.844 300.639 308.936 292.369 259.634 236.953 207.414 213.92 204.374 272.634 257.363 234.782 177.728 166.579 152.177 154.53 142.066 137.032 132.79 131.843 142.096 118.666 112.944 104.367 99.614 119.789 136.719 147.761 140.555 127.952 124.193 127.266 134.931 127.661 126.731 124.402 120.589 120.361 124.846 115.138 111.511 118.91 117.285 113.271 113.991 105.253 101.862 103.941
-9999 -9999 -9999 -9999 -9999 159.849 -9999 171.149 187.05 206.126 220.452 231.762 250.51 252.129 256.255 257.637 256.374 271.273 258.575 266.464 273.917 274.998 263.865 262.546 264.696 291.465 331.866 393.576 422.094 349.513 330.093 306.518 301.029 258.574 233.174 241.029 286.595 220.718 191.935 186.214 178.719 155.101 145.759 147.85 144.646 148.693 133.522 117.468 104.788 102.881 120.03 136.585 152.702 159.594 145.519 129.89 124.769 124.948 131.027 128.421 124.402 118.412 117.614 116.193 111.543 116.458 111.18 112.122 114.659 110.807 112.866 113.239 106.141 111.022
-9999 -9999 -9999 -9999 -9999 -9999 -9999 -9999 -9999 208.542 207.671 219.772 230.199 236.406 252.053 247.18 250.019 229.546 252.744 251.997 253.324 266.79 270.115 289.452 293.646 332.765 385.775 436.376 426.778 415.357 380.28 400.346 389.341 288.167 268.897 263.824 209.083 211.261 192.966 162.447 159.225 154.976 171.773 168.43 169.36 151.117 131.273 114.588 112.748 120.012 136.753 163.967 164.065 165.502 149.996 135.228 129.733 136.422 126.382 124.573 118.939 112.947 110.481 110.841 112.059 108.194 110.964 109.568 110.959 114.499 117.814 123.446 121.857 111.587
-9999 -9999 -9999 -9999 -9999 -9999 -9999 -9999 -9999 202.683 205.423 209.241 220.659 241.886 253.283 257.969 236.369 241.765 244.668 248.389 266.558 272.735 279.068 286.915 291.047 318.879 349.299 377.522 381.201 373.922 381.404 399.05 346.328 324.528 280.865 233.217 253.745 250.399 188.691 176.899 184.253 190.024 185.051 190.362 172.001 158.389 130.159 126.004 130.39 159.26 170.758 167.633 160.341 160.528 159.506 148.895 133.338 130.72 133.582 121.804 117.673 112.728 110.408 112.144 112.42 112.923 112.108 110.091 113.378 118.608 127.587 124.747 123.364 122.382
-9999 -9999 -9999 -9999 -9999 -9999 -9999 171.197 184.329 196.259 199.897 -9999 218.176 220.931 235.361 225.066 219.549 217.919 -9999 229.254 241.421 258.976 290.056 285.208 316.433 327.383 349.903 363.176 355.893 337.775 356.509 329.202 304.438 291.318 289.53 275.443 284.836 264.543 204.667 199.66 175.326 181.477 195.079 191.757 189.662 146.286 131.34 129.291 143.025 151.989 163.07 157.21 159.493 146.4 144.331 145.084 133.17 121.661 119.178 119.065 124.751 119.537 114.581 108.812 107.181 105.799 109.463 112.82 117.33 128.281 131.975 133.351 124.567 123.908
-9999 -9999 -9999 -9999 -9999 -9999 -9999 172.631 -9999 -9999 -9999 204.218 203.09 215.499 -9999 -9999 -9999 -9999 -9999 218.082 232.097 256.959 256.161 276.913 293.443 302.312 322.856 333.777 338.649 421.601 425.618 362.275 311.358 304.892 312.475 305.188 294.681 244.615 217.51 192.319 181.293 191.296 182.861 184.368 151.569 134.675 134.242 138.081 153.535 151.72 161.335 149.374 141.881 142.636 135.698 129.937 124.712 118.601 116.242 115.096 118.695 122.74 115.213 114.092 109.669 110.129 112.252 110.173 122.899 134.206 137.853 134.684 125.949 121.152
-9999 -9999 -9999 -9999 -9999 -9999 -9999 -9999 -9999 184.761 191.139 190.515 196.165 201.097 -9999 -9999 -9999 -9999 -9999 -9999 -9999 -9999 242.499 265.247 265.262 261.484 279.842 313.716 406.721 471.606 472.401 422.851 361.073 324.751 312.583 283.668 291.166 268.079 219.948 201.524 217.246 202.198 189.035 151.597 141.308 142.757 145.052 160.73 157.142 156.083 151.855 143.023 135.981 130.566 128.328 123.093 118.002 118.574 114.315 111.412 109.895 112.158 112.849 115.015 117.674 118.521 125.235 123.878 128.994 142.367 137.27 130.566 125.543 118.689
-9999 -9999 -9999 -9999 -9999 -9999 -9999 -9999 -9999 -9999 189.887 -9999 -9999 -9999 -9999 -9999 -9999 -9999 -9999 -9999 222.992 233.633 247.341 245.279 230.009 232.883 249.781 308.348 382.588 444.018 457.598 414.528 352.663 325.022 304.678 283.194 280.018 238.146 200.194 193.895 201.243 193.286 167.701 -9999 146.185 150.294 153.987 173.052 160.974 150.882 141.484 135.18 132.831 126.972 126.301 121.087 116.796 108.597 106.171 105.781 109.787 109.951 111.881 113.667 118.574 133.966 135.698 141.919 132.928 135.14 133.281 127.979 117.111 117.493
-9999 -9999 -9999 -9999 -9999 -9999 -9999 -9999 -9999 -9999 -9999 -9999 -9999 -9999 -9999 -9999 -9999 -9999 -9999 -9999 221.715 232.275 222.644 214.191 -9999 -9999 -9999 252.155 334.632 363.918 374.416 348.347 328.452 323.185 294.103 257.421 240.938 209.95 186.609 193.504 181.281 165.136 -9999 141.084 142.997 149.299 160.406 162.251 151.261 145.604 135.858 137.407 136.184 130.924 124.565 122.18 114.518 114.177 115.191 117.879 116.781 114.171 110.67 116.935 121.13 125.331 139.182 139.056 133.208 128.649 127.854 121.974 115.284 110.746
-9999 -9999 -9999 -9999 -9999 -9999 -9999 -9999 -9999 -9999 -9999 -9999 -9999 -9999 -9999 -9999 -9999 -9999 -9999 -9999 -9999 -9999 -9999 -9999 -9999 -9999 -9999 198.267 259.429 302.038 293.005 288.881 286.607 278.312 253.685 234.093 212.91 190.77 185.408 179.293 -9999 -9999 143.41 139.701 152.093 153.779 153.193 159.428 149.557 138.805 131.511 131.727 137.232 134.491 130.91 138.133 137.211 132.103 133.492 142.174 134.313 125.877 126.162 123.281 131.306 135.135 131.571 131.098 129.079 117.976 118.238 116.372 109.844 107.736
-9999 -9999 -9999 -9999 -9999 -9999 -9999 -9999 -9999 -9999 -9999 -9999 -9999 -9999 -9999 -9999 -9999 -9999 -9999 -9999 -9999 -9999 -9999 -9999 -9999 -9999 -9999 197.645 224.694 239.427 253.262 255.049 246.706 236.611 228.869 213.789 192.878 -9999 -9999 -9999 -9999 -9999 140.227 151.575 159.02 154.127 158.285 162.498 154.159 141.09 134.725 129.537 129.705 142.163 143.053 154.723 156.517 150.338 145.193 145.981 144.169 131.18 129.621 126.581 126.099 135.958 126.941 122.025 115.908 114.594 111.137 111.407 110.86 105.327
-9999 -9999 -9999 -9999 -9999 -9999 -9999 -9999 -9999 -9999 -9999 -9999 -9999 -9999 -9999 -9999 -9999 -9999 -9999 -9999 -9999 -9999 -9999 -9999 -9999 -9999 -9999 -9999 -9999 212.453 235.77 230.752 221.237 217.046 209.089 191.78 -9999 -9999 -9999 -9999 161.036 165.701 167.186 158.8 155.18 154.897 167.944 165.756 156.473 144.258 137.073 137.98 145.977 149.718 155.573 156.908 159.61 149.475 142.756 134.267 136.262 134.578 125.59 126.899 121.899 123.844 122.691 117.303 116.96 115.61 117.192 116.723 111.773 108.611
-9999 -9999 -9999 -9999 -9999 -9999 -9999 -9999 -9999 -9999 -9999 -9999 -9999 -9999 -9999 -9999 -9999 -9999 -9999 -9999 -9999 -9999 -9999 -9999 -9999 -9999 -9999 -9999 -9999 -9999 191.304 182.716 201.309 186.882 183.887 -9999 -9999 -9999 -9999 167.992 166.861 168.497 168.468 152.417 155.478 149.054 148.913 152.671 159.655 147.44 143.107 153.042 155.199 157.661 163.879 158.44 152.408 144.498 140.967 135.317 131.392 129.804 130.781 125.627 124.07 116.85 117.148 119.376 124.039 122.934 123.126 119.01 114.818 110.076
-9999 -9999 -9999 -9999 -9999 -9999 -9999 -9999 -9999 -9999 -9999 -9999 -9999 -9999 -9999 -9999 -9999 -9999 -9999 -9999 -9999 -9999 -9999 -9999 -9999 -9999 -9999 -9999 -9999 -9999 -9999 -9999 -9999 -9999 -9999 -9999 -9999 -9999 170.947 168.755 165.007 172.565 166.046 166.706 156.048 153.27 151.818 159.792 153.521 137.739 141.446 142.843 148.888 152.511 155.02 161.232 158.428 153.543 158.503 151.916 144.34 142.049 138.644 142.066 130.981 124.067 119.906 120.162 125.758 128.308 122.639 120.958 116.55 113.5
-9999 -9999 -9999 -9999 -9999 -9999 -9999 -9999 -9999 -9999 -9999 -9999 -9999 -9999 -9999 -9999 -9999 -9999 -9999 -9999 -9999 -9999 -9999 -9999 -9999 -9999 -9999 -9999 -9999 -9999 -9999 -9999 -9999 -9999 -9999 -9999 -9999 160.918 167.39 180.01 188.668 219.621 197.155 168.148 168.463 164.055 163.683 160.462 139.445 132.228 130.809 136.237 144.136 148.876 157.464 162.252 172.906 170.058 162.312 175.183 162.652 154.035 145.925 139.708 136.859 125.055 125.737 126.889 127.712 129.549 127.674 122.34 120.82 118.272
-9999 -9999 -9999 -9999 -9999 -9999 -9999 -9999 -9999 -9999 -9999 -9999 -9999 -9999 -9999 -9999 -9999 -9999 -9999 -9999 -9999 -9999 -9999 -9999 -9999 -9999 -9999 -9999 -9999 -9999 -9999 -9999 -9999 -9999 -9999 -9999 -9999 158.641 158.363 166.906 195.445 203.87 203.965 212.79 196.606 186.84 186.021 161.571 143.799 136.061 153.882 158.157 158.449 153.291 149.085 150.056 157.095 172.343 169.858 166.487 165.082 153.197 151.87 144.629 138.264 134.598 132.525 132.212 136.727 134.244 129.95 128.76 125.51 133.168
-9999 -9999 -9999 -9999 -9999 -9999 -9999 -9999 -9999 -9999 -9999 -9999 -9999 -9999 -9999 -9999 -9999 -9999 -9999 -9999 -9999 -9999 -9999 -9999 254.439 289.176 324.689 300.093 -9999 253.593 -9999 -9999 -9999 -9999 -9999 -9999 -9999 -9999 148.103 159.141 171.068 176.572 188.028 204.388 200.08 203.216 181.162 166.583 157.904 170.119 170.687 157.069 155.062 152.002 142.818 145.992 147.607 148.486 154.95 162.036 156.883 158.193 158.573 164.377 156.211 147.518 147.089 147.386 141.79 143.131 139.254 138.97 140.353 138.598
-9999 -9999 -9999 -9999 -9999 -9999 -9999 -9999 -9999 -9999 -9999 -9999 -9999 -9999 -9999 -9999 -9999 -9999 -9999 -9999 -9999 238.316 246.385 233.254 255.158 321.652 336.199 319.366 311.003 262.662 207.056 170.559 -9999 -9999 162.096 157.141 158.379 155.417 141.351 145.408 151.928 156.642 174.973 178.75 193.325 196.941 190.676 171.801 185.809 174.723 164.889 165.196 154.084 150.047 144.729 143.763 158.052 155.191 152.715 150.601 156.392 160.231 168.848 163.751 171.65 168.707 157.316 150.771 145.751 144.606 147.1 146.815 166.22 164.549
-9999 -9999 -9999 -9999 -9999 -9999 -9999 -9999 -9999 -9999 -9999 -9999 -9999 -9999 -9999 -9999 -9999 -9999 -9999 -9999 239.506 237.301 225.081 223.476 271.16 326.781 354.169 351.774 316.905 281.414 239.853 193.667 178.807 182.375 178.153 177.689 161.043 144.441 140.581 139.265 144.062 148.225 163.495 183.535 185.615 188.3 182.224 199.08 179.066 184.168 180.459 165.265 166.079 158.237 152.102 149.666 152.058 162.282 155.641 156.918 154.694 159.626 165.004 170.864 173.598 175.555 170.776 170.423 170.977 153.781 142.21 151.458 157.902 173.867
-9999 -9999 -9999 -9999 -9999 -9999 -9999 -9999 -9999 -9999 -9999 -9999 -9999 -9999 -9999 -9999 -9999 -9999 -9999 -9999 238.638 205.958 197.02 208.482 246.353 292.808 308.831 315.55 295.918 268.039 233.481 225.736 221.952 202.886 190.455 167.243 160.031 150.496 135.377 135.993 133.745 146.894 156.857 157.138 153.777 166.202 181.541 175.879 175.947 198.257 197.418 169.474 168.189 169.026 160.849 156.565 159.165 159.345 158.93 158.593 159.224 157.928 161.797 171.046 183.509 184.601 176.962 178.397 186.098 176.268 157.217 149.306 153.005 167.885
-9999 -9999 -9999 -9999 -9999 -9999 -9999 -9999 -9999 -9999 -9999 -9999 -9999 -9999 -9999 -9999 -9999 -9999 -9999 -9999 212.499 192.753 190.659 192.993 222.514 234.163 246.018 245.155 245.105 240.949 235.056 237.745 224.162 207.658 176.178 157.919 153.171 146.993 136.701 134.664 146.707 143.768 141.909 138.427 155.968 168.233 170.093 170.891 171.959 186.372 176.491 175.097 179.86 170.441 159.794 160.628 160.718 166.73 170.488 163.146 164.135 173.807 174.059 180.616 188.923 203.388 189.854 180.171 180.358 174.823 165.199 162.361 160.072 160.994
-9999 -9999 -9999 -9999 -9999 -9999 -9999 -9999 -9999 -9999 -9999 -9999 -9999 -9999 -9999 -9999 230.544 248.28 -9999 218.011 195.427 213.221 198.25 190.387 191.509 200.075 205.249 222.645 230.135 231.001 227.692 216.906 206.796 176.238 161.721 151.184 154.619 151.3 146.095 142.517 141.115 147.342 150.542 147.454 161.92 158.242 168.376 172.27 178.175 178.889 177.295 196.365 193.493 180.129 169.17 164.038 166.978 170.119 168.487 170.799 165.906 173.926 185.564 182.605 190.456 191.802 198.697 182.864 180.517 184.897 178.303 171.22 167.625 163.043
-9999 -9999 -9999 -9999 -9999 -9999 -9999 -9999 -9999 -9999 -9999 -9999 -9999 -9999 -9999 -9999 256.277 265.494 229.559 210.908 210.934 210.28 192.15 190.509 201.004 196.651 203.708 213.546 219.683 227.293 217.242 203.012 190.048 183.689 188.078 188.65 177.058 162.706 149.617 148.669 158.883 158.172 154.944 159.829 163.651 160.333 173.015 169.754 173.466 196.526 214.371 187.662 192.943 181.137 175.187 178.338 176.101 169.516 169.517 166.013 168.251 168.637 176.679 182.546 190.93 202.275 191.217 204.952 195.868 190.936 189.651 183.502 174.675 171.083
-9999 -9999 -9999 -9999 -9999 -9999 -9999 -9999 -9999 -9999 -9999 -9999 -9999 -9999 -9999 221.313 240.122 228.858 237.397 228.526 216.248 207.634 203.018 201.179 194.613 184.644 195.533 200.91 200.799 206.26 189.192 183.549 175.841 188.048 212.663 216.378 222.896 189.056 173.271 167.54 168.645 162.5 167.693 170.903 171.933 177.917 180.912 172.587 183.8 202.873 178.616 182.027 179.069 186.053 180.949 177.913 185.428 180.215 167.253 166.373 159.804 156.407 167.185 177.022 183.771 194.254 193.837 196.29 209.001 196.429 209.972 189.366 195.641 197.074
-9999 -9999 -9999 -9999 -9999 -9999 -9999 -9999 -9999 -9999 -9999 -9999 -9999 -9999 -9999 -9999 194.22 220.286 219.181 216.568 208.301 208.354 192.722 183.057 184.291 182.486 187.763 187.403 186.754 175.19 176.766 179.978 177.026 193.356 212.021 228.78 218.005 212.067 192.514 194.091 183.631 187.546 194.21 203.257 183.22 192.238 194.802 189.806 196.669 187.93 186.12 178.996 180.233 184.554 180.984 178.51 179.784 180.473 173.758 172.406 -9999 163.791 161.417 180.68 177.087 176.494 177.809 172.413 179.266 178.185 178.609 182.54 177.064 192.849
-9999 -9999 -9999 -9999 -9999 -9999 -9999 -9999 -9999 -9999 -9999 -9999 -9999 -9999 -9999 188.232 184.319 194.424 202.388 208.723 210.665 203.858 187.252 179.548 176.321 182.096 173.164 170.003 161.124 164.655 168.878 166.307 171.244 187.014 198.373 209.847 222.776 203.661 202.557 223.701 220.503 219.843 235.139 214.694 219.49 225.083 215.661 204.624 197.471 188.771 183.042 182.736 181.225 183.059 180.153 180.608 184.067 183.493 180.071 172.071 166.21 -9999 155.912 -9999 162.341 -9999 157.741 -9999 156.564 159.453 162.353 163.232 162.467 167.633
-9999 -9999 -9999 -9999 -9999 -9999 -9999 -9999 -9999 -9999 -9999 -9999 -9999 -9999 -9999 182.147 184.909 192.378 199.714 212.849 216.393 211.889 201.93 197.28 192.001 187.316 172.622 154.25 153.688 159.677 155.922 156.675 161.4 182.729 199.236 218.231 210.632 194.465 219.874 218.508 205.787 212.752 205.745 220.358 234.608 223.274 203.786 207.106 195.802 191.703 189.638 185.134 183.615 179.198 177.64 179.173 180.025 174.094 172.166 166.394 162.81 -9999 -9999 151.708 149.987 -9999 -9999 150.057 150.946 150.097 -9999 -9999 -9999 -9999
-9999 -9999 -9999 -9999 -9999 -9999 -9999 -9999 -9999 -9999 -9999 -9999 -9999 -9999 208.491 198.267 205.463 200.579 200.156 204.359 212.894 224.596 234.708 243.077 242.868 211.214 174.409 170.302 171.434 158.194 152.927 144.979 164.479 179.369 203.97 203.846 201.907 196.368 198.841 175.253 186.863 188.776 202.293 220.597 220.341 203.104 208.073 203.457 198.286 192.728 180.014 182.493 185.223 178.549 173.199 166.815 171.098 172.669 -9999 -9999 -9999 168.945 -9999 -9999 -9999 -9999 -9999 -9999 155.332 -9999 -9999 -9999 -9999 -9999
