Validation/Results/ReClimate_11_2023_2_Temperatureweatherlogisticsltd.asc
NCOLS 192
NROWS 249
XLLCENTER -225160.85627316462
YLLCENTER 29788.11610251502
CELLSIZE 5000.0
NODATA_VALUE -9999
[rows 132 to 164 of 249, columns 76 to 151 of 192]
-9999 -9999 -9999 -9999 -9999 -9999 -9999 -9999 -9999 -9999 -9999 -0.425 -0.412 -0.411 -0.415 -0.399 -0.385 -0.373 -0.361 -0.336 -0.309 -0.295 -0.281 -0.277 -0.274 -0.247 -0.214 -0.208 -0.206 -0.185 -0.163 -0.144 -0.124 -0.132 -0.143 -0.122 -0.098 -0.094 -0.091 -0.077 -0.062 -0.038 -0.014 -0.002 0.008 0.018 0.029 0.045 0.063 0.084 0.106 0.115 0.125 0.132 0.137 0.146 -9999 -9999 -9999 -9999 -9999 -9999 -9999 -9999 -9999 -9999 -9999 -9999 -9999 -9999 -9999 -9999 -9999 -9999 -9999 -9999
-9999 -9999 -9999 -9999 -9999 -9999 -9999 -9999 -9999 -9999 -9999 -0.422 -0.427 -0.423 -0.416 -0.396 -0.37 -0.357 -0.347 -0.326 -0.314 -0.298 -0.279 -0.264 -0.231 -0.205 -0.18 -0.176 -0.186 -0.168 -0.158 -0.137 -0.108 -0.108 -0.097 -0.077 -0.058 -0.055 -0.057 -0.041 -0.022 -0.007 -0.003 0.013 0.034 0.051 0.076 0.087 0.084 0.097 0.115 0.125 0.133 0.143 0.151 0.158 -9999 -9999 -9999 -9999 -9999 -9999 -9999 -9999 -9999 -9999 -9999 -9999 -9999 -9999 -9999 -9999 -9999 -9999 -9999 -9999
-9999 -9999 -9999 -9999 -9999 -9999 -9999 -9999 -9999 -9999 -0.429 -0.43 -0.43 -0.42 -0.413 -0.386 -0.359 -0.346 -0.335 -0.321 -0.308 -0.29 -0.271 -0.241 -0.207 -0.186 -0.158 -0.159 -0.167 -0.155 -0.144 -0.118 -0.088 -0.075 -0.062 -0.044 -0.026 -0.025 -0.026 -0.009 0.008 0.015 0.024 0.045 0.062 0.084 0.107 0.105 0.1 0.113 0.126 0.135 0.145 0.154 0.165 0.171 0.171 -9999 -9999 -9999 -9999 -9999 -9999 -9999 -9999 -9999 -9999 -9999 -9999 -9999 -9999 -9999 -9999 -9999 -9999 -9999
-9999 -9999 -9999 -9999 -9999 -9999 -9999 -9999 -9999 -0.428 -9999 -0.41 -0.416 -0.4 -0.378 -0.354 -0.34 -0.318 -0.284 -0.279 -0.296 -0.272 -0.235 -0.215 -0.213 -0.195 -0.175 -0.161 -0.123 -0.117 -0.129 -0.102 -0.075 -0.063 -0.056 -0.037 -0.014 -0.007 0.008 0.021 0.03 0.044 0.064 0.079 0.091 0.108 0.121 0.114 0.098 0.115 0.132 0.133 0.138 0.16 0.178 0.19 0.185 -9999 -9999 -9999 -9999 -9999 -9999 -9999 -9999 -9999 -9999 -9999 -9999 -9999 -9999 -9999 -9999 -9999 -9999 -9999
-9999 -9999 -9999 -9999 -9999 -9999 -9999 -9999 -9999 -0.42 -9999 -0.405 -0.408 -0.385 -0.361 -0.344 -0.328 -0.293 -0.258 -0.268 -0.284 -0.25 -0.213 -0.21 -0.208 -0.191 -0.17 -0.134 -0.095 -9999 -9999 -9999 -9999 -9999 -9999 -0.022 0.001 0.016 0.032 0.041 0.053 0.073 0.088 0.1 0.111 0.123 0.134 0.122 0.105 0.122 0.142 0.144 0.145 0.165 0.19 0.202 0.206 0.182 -9999 -9999 -9999 -9999 -9999 -9999 -9999 -9999 -9999 -9999 -9999 -9999 -9999 -9999 -9999 -9999 -9999 -9999
-0.467 -9999 -9999 -9999 -9999 -9999 -9999 -9999 -9999 -0.421 -0.401 -0.391 -0.373 -0.352 -0.338 -0.317 -0.296 -0.268 -0.255 -0.257 -0.256 -0.223 -0.19 -0.183 -0.176 -0.156 -0.135 -0.105 -0.088 -9999 -9999 -9999 -9999 -0.034 -0.03 -0.011 0.006 0.025 0.055 0.07 0.089 0.098 0.094 0.109 0.133 0.142 0.146 0.138 0.131 0.142 0.159 0.162 0.166 0.179 0.2 0.198 0.212 0.195 -9999 -9999 -9999 -9999 -9999 -9999 -9999 -9999 -9999 -9999 -9999 -9999 -9999 -9999 -9999 -9999 -9999 -9999
-0.473 -0.466 -9999 -9999 -9999 -9999 -9999 -9999 -9999 -0.417 -0.4 -0.378 -9999 -9999 -0.326 -0.303 -0.28 -0.262 -9999 -0.236 -0.236 -0.206 -0.172 -0.162 -0.153 -0.131 -0.111 -9999 -9999 -9999 -9999 -9999 -0.028 -0.019 -0.012 0.003 0.019 0.046 0.077 0.095 0.113 0.112 0.106 0.127 0.15 0.155 0.159 0.155 0.149 0.16 0.173 0.178 0.182 0.196 0.211 0.21 0.207 0.206 -9999 -9999 -9999 -9999 -9999 -9999 -9999 -9999 -9999 -9999 -9999 -9999 -9999 -9999 -9999 -9999 -9999 -9999
-0.459 -0.455 -9999 -9999 -9999 -9999 -9999 -9999 -9999 -9999 -0.413 -0.398 -9999 -9999 -9999 -0.309 -0.268 -0.245 -0.219 -9999 -9999 -0.179 -0.146 -0.132 -0.112 -0.09 -9999 -9999 -9999 -9999 -9999 -0.019 -0.008 0.004 0.021 0.04 0.064 0.086 0.096 0.102 0.093 0.101 0.131 0.151 0.17 0.17 0.163 0.161 0.162 0.165 0.173 0.18 0.187 0.198 0.211 0.216 0.215 0.207 -9999 -9999 -9999 -9999 -9999 -9999 -9999 -9999 -9999 -9999 -9999 -9999 -9999 -9999 -9999 -9999 -9999 -9999
-0.453 -9999 -9999 -9999 -9999 -9999 -9999 -9999 -9999 -9999 -9999 -0.409 -9999 -9999 -9999 -9999 -0.259 -0.229 -0.201 -9999 -9999 -9999 -0.123 -0.105 -9999 -9999 -9999 -9999 -9999 -9999 -9999 -0.006 0.011 0.028 0.045 0.068 0.095 0.105 0.112 0.105 0.095 0.121 0.15 0.167 0.184 0.179 0.172 0.174 0.175 0.178 0.181 0.188 0.196 0.207 0.22 0.223 0.225 0.217 -9999 -9999 -9999 -9999 -9999 -9999 -9999 -9999 -9999 -9999 -9999 -9999 -9999 -9999 -9999 -9999 -9999 -9999
-9999 -9999 -9999 -9999 -9999 -9999 -9999 -9999 -9999 -9999 -9999 -0.405 -9999 -9999 -9999 -9999 -9999 -0.224 -0.207 -9999 -9999 -9999 -9999 -9999 -9999 -9999 -9999 -9999 -9999 -9999 -9999 0.01 0.058 0.07 0.064 0.081 0.084 0.1 0.131 0.122 0.102 0.131 0.174 0.184 0.186 0.186 0.194 0.195 0.192 0.185 0.181 0.192 0.202 0.209 0.219 0.221 0.222 0.222 0.219 -9999 -9999 -9999 -9999 -9999 -9999 -9999 -9999 -9999 -9999 -9999 -9999 -9999 -9999 -9999 -9999 -9999
-0.444 -0.454 -0.468 -0.461 -9999 -9999 -9999 -9999 -9999 -9999 -9999 -0.403 -9999 -9999 -9999 -9999 -9999 -9999 -9999 -9999 -9999 -9999 -9999 -9999 -9999 -9999 -9999 -9999 -9999 -9999 0.006 0.045 0.092 0.092 0.085 0.089 0.09 0.117 0.147 0.133 0.112 0.148 0.19 0.193 0.194 0.202 0.21 0.209 0.206 0.199 0.189 0.199 0.21 0.217 0.223 0.225 0.226 0.226 0.226 0.237 -9999 -9999 -9999 -9999 -9999 -9999 -9999 -9999 -9999 -9999 -9999 -9999 -9999 -9999 -9999 -9999
-0.447 -0.447 -0.429 -0.429 -9999 -9999 -9999 -9999 -9999 -9999 -9999 -9999 -9999 -9999 -9999 -9999 -9999 -9999 -9999 -9999 -9999 -9999 -9999 -9999 -9999 -9999 -9999 -9999 -9999 0.012 0.022 0.048 0.052 0.064 0.109 0.116 0.124 0.144 0.15 0.144 0.148 0.17 0.173 0.181 0.205 0.21 0.211 0.211 0.213 0.207 0.203 0.206 0.213 0.205 0.202 0.223 0.235 0.238 0.241 0.232 -9999 -9999 -9999 -9999 -9999 -9999 -9999 -9999 -9999 -9999 -9999 -9999 -9999 -9999 -9999 -9999
-0.448 -0.433 -9999 -0.427 -0.455 -9999 -9999 -9999 -9999 -9999 -9999 -9999 -9999 -9999 -9999 -9999 -9999 -9999 -9999 -9999 -9999 -9999 -9999 -9999 -9999 -9999 -9999 -9999 -9999 0.032 0.042 0.046 0.045 0.084 0.129 0.139 0.149 0.156 0.16 0.165 0.17 0.172 0.175 0.194 0.218 0.22 0.219 0.222 0.222 0.219 0.215 0.218 0.221 0.212 0.201 0.22 0.244 0.247 0.251 0.241 0.227 0.207 -9999 -9999 -9999 -9999 -9999 -9999 -9999 -9999 -9999 -9999 -9999 -9999 -9999 -9999
-0.444 -0.434 -9999 -9999 -0.458 -9999 -9999 -9999 -9999 -9999 -9999 -9999 -9999 -9999 -9999 -9999 -9999 -9999 -9999 -9999 -9999 -9999 -9999 -9999 -9999 -9999 -9999 -9999 -9999 0.049 0.06 0.067 0.074 0.104 0.121 0.135 0.161 0.17 0.182 0.186 0.184 0.191 0.206 0.216 0.209 0.212 0.223 0.223 0.22 0.223 0.222 0.22 0.22 0.217 0.208 0.22 0.239 0.242 0.245 0.233 0.215 0.215 0.197 0.19 0.19 -9999 -9999 -9999 -9999 -9999 -9999 -9999 -9999 -9999 -9999 -9999
-0.443 -0.44 -0.437 -9999 -0.453 -9999 -9999 -9999 -9999 -9999 -9999 -9999 -9999 -9999 -9999 -9999 -9999 -9999 -9999 -9999 -9999 -9999 -9999 -9999 -9999 -9999 -9999 -9999 0.058 0.067 0.079 0.09 0.099 0.114 0.128 0.15 0.175 0.188 0.2 0.2 0.197 0.211 0.226 0.221 0.213 0.222 0.232 0.23 0.227 0.229 0.232 0.23 0.226 0.223 0.217 0.229 0.244 0.246 0.247 0.232 0.214 0.213 0.215 0.202 0.193 0.188 0.157 -9999 -9999 -9999 -9999 -9999 -9999 -9999 -9999 -9999
-0.424 -0.428 -9999 -0.442 -9999 -9999 -9999 -9999 -9999 -9999 -9999 -9999 -9999 -9999 -9999 -9999 -9999 -9999 -9999 -9999 -9999 -9999 -9999 -9999 -9999 -9999 -9999 -9999 -9999 0.086 0.097 0.107 0.113 0.13 0.152 0.172 0.188 0.197 0.2 0.203 0.212 0.221 0.227 0.222 0.217 0.233 0.264 0.263 0.259 0.254 0.252 0.24 0.231 0.229 0.226 0.233 0.245 0.238 0.23 0.231 0.222 0.217 0.217 0.216 0.211 0.185 0.178 0.15 -9999 -9999 -9999 -9999 -9999 -9999 -9999 -9999
-0.411 -0.421 -0.433 -0.419 -9999 -9999 -9999 -9999 -9999 -9999 -9999 -9999 -9999 -9999 -9999 -9999 -9999 -9999 -9999 -9999 -9999 -9999 -9999 -9999 -9999 -9999 -9999 -9999 -9999 -9999 0.116 0.125 0.131 0.151 0.172 0.187 0.203 0.208 0.209 0.217 0.225 0.23 0.236 0.232 0.227 0.253 0.283 0.281 0.278 0.273 0.265 0.254 0.239 0.238 0.236 0.243 0.251 0.242 0.229 0.228 0.23 0.225 0.223 0.222 0.223 0.197 0.168 0.164 0.157 -9999 -9999 -9999 -9999 -9999 -9999 -9999
-0.396 -0.397 -0.394 -9999 -9999 -9999 -9999 -9999 -9999 -9999 -9999 -9999 -9999 -9999 -9999 -9999 -9999 -9999 -9999 -9999 -9999 -9999 -9999 -9999 -9999 -9999 -9999 -9999 -9999 -9999 0.131 0.132 0.143 0.163 0.182 0.195 0.202 0.2 0.187 0.195 0.211 0.226 0.264 0.262 0.259 0.276 0.28 0.278 0.276 0.273 0.272 0.261 0.247 0.254 0.258 0.255 0.255 0.247 0.236 0.23 0.229 0.215 0.206 0.199 0.196 0.185 0.164 0.161 0.162 0.166 -9999 -9999 -9999 -9999 -9999 -9999
-0.379 -0.373 -0.367 -9999 -9999 -9999 -9999 -9999 -9999 -9999 -9999 -9999 -9999 -9999 -9999 -9999 -9999 -9999 -9999 -9999 -9999 -9999 -9999 -9999 -9999 -9999 -9999 -9999 -9999 -9999 -9999 0.154 0.159 0.178 0.199 0.207 0.211 0.203 0.191 0.202 0.216 0.246 0.283 0.282 0.28 0.283 0.286 0.285 0.282 0.282 0.281 0.27 0.257 0.264 0.273 0.268 0.261 0.252 0.243 0.238 0.233 0.22 0.207 0.199 0.193 0.181 0.171 0.167 0.166 0.172 -9999 -9999 -9999 -9999 -9999 -9999
-9999 -9999 -9999 -9999 -9999 -9999 -9999 -9999 -9999 -9999 -9999 -9999 -9999 -9999 -9999 -9999 -9999 -9999 -9999 -9999 -9999 -9999 -9999 -9999 -9999 -9999 -9999 -9999 -9999 -9999 -9999 0.184 0.196 0.208 0.208 0.216 0.221 0.216 0.208 0.222 0.243 0.264 0.272 0.276 0.295 0.298 0.3 0.295 0.283 0.289 0.292 0.284 0.273 0.283 0.291 0.282 0.273 0.263 0.254 0.243 0.236 0.226 0.213 0.194 0.18 0.168 0.155 0.165 0.172 0.173 0.181 -9999 -9999 -9999 -9999 -9999
-9999 -9999 -9999 -9999 -9999 -9999 -9999 -9999 -9999 -9999 -9999 -9999 -9999 -9999 -9999 -9999 -9999 -9999 -9999 -9999 -9999 -9999 -9999 -9999 -9999 -9999 -9999 -9999 -9999 -9999 -9999 -9999 0.221 0.223 0.223 0.231 0.237 0.235 0.227 0.244 0.264 0.27 0.276 0.291 0.308 0.31 0.312 0.303 0.291 0.297 0.304 0.297 0.285 0.292 0.301 0.291 0.281 0.272 0.262 0.252 0.242 0.232 0.222 0.203 0.183 0.17 0.158 0.167 0.181 0.182 0.187 -9999 -9999 -9999 -9999 -9999
-9999 -9999 -9999 -9999 -9999 -9999 -9999 -9999 -9999 -9999 -9999 -9999 -9999 -9999 -9999 -9999 -9999 -9999 -9999 -9999 -9999 -9999 -9999 -9999 -9999 -9999 -9999 -9999 -9999 -9999 -9999 -9999 0.236 -9999 0.236 0.241 0.242 0.245 -9999 0.265 0.271 0.276 0.284 0.299 0.319 0.318 0.313 0.308 0.31 0.317 0.324 0.307 0.289 0.278 0.274 0.279 0.276 0.266 0.254 0.244 0.233 0.235 0.233 0.218 0.2 0.191 0.182 0.183 0.193 0.18 0.174 0.166 -9999 -9999 -9999 -9999
-9999 -9999 -9999 -9999 -9999 -9999 -9999 -9999 -9999 -9999 -9999 -9999 -9999 -9999 -9999 -9999 -9999 -9999 -9999 -9999 -9999 -9999 -9999 -9999 -9999 -9999 -9999 -9999 -9999 -9999 -9999 -9999 -9999 0.26 0.251 -9999 -9999 -9999 -9999 0.281 0.284 0.29 0.296 0.312 0.331 0.326 0.32 0.323 0.325 0.331 0.334 0.317 0.293 0.283 0.27 0.274 0.281 0.271 0.259 0.248 0.237 0.239 0.244 0.23 0.214 0.205 0.198 0.199 0.204 0.191 0.178 0.169 0.16 0.166 -9999 -9999
-9999 -9999 -9999 -9999 -9999 -9999 -9999 -9999 -9999 -9999 -9999 -9999 -9999 -9999 -9999 -9999 -9999 -9999 -9999 -9999 -9999 -9999 -9999 -9999 -9999 -9999 -9999 -9999 -9999 -9999 -9999 -9999 -9999 0.271 0.279 -9999 -9999 -9999 -9999 0.307 0.305 0.308 0.31 0.317 0.311 0.312 0.327 0.328 0.328 0.327 0.328 0.304 0.277 0.268 0.257 0.25 0.249 0.252 0.247 0.248 0.243 0.232 0.228 0.218 0.204 0.201 0.196 0.195 0.196 0.188 0.177 0.182 0.185 0.167 -9999 -9999
-9999 -9999 -9999 -9999 -9999 -9999 -9999 -9999 -9999 -9999 -9999 -9999 -9999 -9999 -9999 -9999 -9999 -9999 -9999 -9999 -9999 -9999 -9999 -9999 -9999 -9999 -9999 -9999 -9999 -9999 -9999 -9999 -9999 0.278 -9999 -9999 -9999 -9999 0.329 0.331 0.329 0.329 0.33 0.324 0.316 0.327 0.338 0.335 0.334 0.333 0.331 0.307 0.278 0.269 0.259 0.253 0.246 0.247 0.251 0.251 0.253 0.243 0.231 0.221 0.211 0.207 0.206 0.204 0.206 0.197 0.188 0.191 0.194 -9999 -9999 -9999
-9999 -9999 -9999 -9999 -9999 -9999 -9999 -9999 -9999 -9999 -9999 -9999 -9999 -9999 -9999 -9999 -9999 -9999 -9999 -9999 -9999 -9999 -9999 -9999 -9999 -9999 -9999 -9999 -9999 -9999 -9999 -9999 -9999 -9999 -9999 -9999 -9999 -9999 0.341 0.341 0.334 0.335 0.339 0.332 0.329 0.332 0.332 0.334 0.344 0.33 0.289 0.287 0.269 0.263 0.255 0.244 0.235 0.244 0.252 0.247 0.245 0.239 0.23 0.229 0.223 0.218 0.215 0.196 0.186 0.194 0.195 0.185 0.189 -9999 -9999 -9999
-9999 -9999 -9999 -9999 -9999 -9999 -9999 -9999 -9999 -9999 -9999 -9999 -9999 -9999 -9999 -9999 -9999 -9999 -9999 -9999 -9999 -9999 -9999 -9999 -9999 -9999 -9999 -9999 -9999 -9999 -9999 -9999 -9999 -9999 -9999 -9999 -9999 -9999 0.355 0.351 0.342 0.344 0.345 0.341 0.338 0.338 0.338 0.346 0.355 0.323 0.284 0.28 0.276 0.269 0.262 0.25 0.239 0.247 0.26 0.255 0.251 0.244 0.238 0.236 0.237 0.232 0.228 0.21 0.191 0.197 0.209 0.199 0.194 -9999 -9999 -9999
-9999 -9999 -9999 -9999 -9999 -9999 -9999 -9999 -9999 -9999 -9999 -9999 -9999 -9999 -9999 -9999 -9999 -9999 -9999 -9999 -9999 -9999 -9999 -9999 -9999 -9999 -9999 -9999 -9999 -9999 -9999 -9999 -9999 -9999 -9999 -9999 -9999 0.353 0.357 0.356 0.357 0.357 0.353 0.347 0.338 0.338 0.34 0.34 0.329 0.314 0.285 0.289 0.29 0.285 0.279 0.271 0.262 0.269 0.282 0.268 0.259 0.249 0.24 0.243 0.245 0.239 0.234 0.219 0.202 0.184 0.179 0.184 0.2 0.212 -9999 -9999
-9999 -9999 -9999 -9999 -9999 -9999 -9999 -9999 -9999 -9999 -9999 -9999 -9999 -9999 -9999 -9999 -9999 -9999 -9999 -9999 -9999 -9999 -9999 -9999 -9999 -9999 -9999 -9999 -9999 -9999 -9999 -9999 -9999 -9999 -9999 -9999 -9999 0.351 0.359 0.362 0.365 0.364 0.363 0.355 0.345 0.346 0.347 0.337 0.326 0.31 0.292 0.296 0.301 0.299 0.295 0.287 0.28 0.285 0.296 0.284 0.27 0.26 0.249 0.252 0.257 0.25 0.245 0.231 0.216 0.199 0.181 0.183 0.191 0.212 -9999 -9999
-9999 -9999 -9999 -9999 -9999 -9999 -9999 -9999 -9999 -9999 -9999 -9999 -9999 -9999 -9999 -9999 -9999 -9999 -9999 -9999 -9999 -9999 -9999 -9999 -9999 -9999 -9999 -9999 -9999 -9999 -9999 -9999 -9999 -9999 -9999 -9999 0.356 0.364 0.372 0.371 0.358 0.36 0.363 0.356 0.349 0.346 0.339 0.334 0.338 0.327 0.312 0.304 0.303 0.298 0.294 0.289 0.283 0.288 0.297 0.291 0.282 0.273 0.263 0.258 0.259 0.257 0.253 0.25 0.242 0.222 0.203 0.201 0.205 0.207 0.226 -9999
-9999 -9999 -9999 -9999 -9999 -9999 -9999 -9999 -9999 -9999 -9999 -9999 -9999 -9999 -9999 -9999 -9999 -9999 -9999 -9999 -9999 -9999 -9999 -9999 -9999 -9999 -9999 -9999 -9999 -9999 -9999 -9999 -9999 -9999 -9999 -9999 0.363 0.371 0.379 0.37 0.359 0.364 0.368 0.362 0.355 0.348 0.341 0.343 0.348 0.337 0.324 0.317 0.309 0.305 0.301 0.295 0.291 0.296 0.305 0.298 0.292 0.283 0.274 0.269 0.266 0.265 0.265 0.262 0.26 0.24 0.219 0.217 0.218 0.221 0.227 -9999
-9999 -9999 -9999 -9999 -9999 -9999 -9999 -9999 -9999 -9999 -9999 -9999 -9999 -9999 -9999 -9999 -9999 -9999 -9999 -9999 -9999 -9999 -9999 -9999 -9999 -9999 -9999 -9999 -9999 -9999 -9999 -9999 -9999 -9999 -9999 -9999 0.368 0.375 0.381 0.374 0.363 0.369 0.375 0.373 0.373 0.369 0.369 0.367 0.357 0.342 0.327 0.316 0.305 0.315 0.32 0.308 0.299 0.299 0.304 0.299 0.294 0.289 0.283 0.282 0.28 0.27 0.265 0.267 0.268 0.249 0.228 0.224 0.226 0.229 0.234 0.239
-9999 -9999 -9999 -9999 -9999 -9999 -9999 -9999 -9999 -9999 -9999 -9999 -9999 -9999 -9999 -9999 -9999 -9999 -9999 -9999 -9999 -9999 -9999 -9999 -9999 -9999 -9999 -9999 -9999 -9999 -9999 -9999 -9999 -9999 -9999 -9999 -9999 0.38 0.385 0.378 0.368 0.375 0.382 0.384 0.384 0.384 0.384 0.375 0.365 0.351 0.333 0.322 0.309 0.319 0.332 0.321 0.308 0.308 0.31 0.305 0.301 0.296 0.292 0.291 0.292 0.282 0.272 0.275 0.279 0.26 -9999 0.235 -9999 0.239 0.246 0.25
