Validation/Results/ReClimate_04_2024_1.asc
NCOLS 192
NROWS 249
XLLCENTER -225160.85627316462
YLLCENTER 29788.11610251502
CELLSIZE 5000.0
NODATA_VALUE -9999
[rows 132 to 164 of 249, columns 75 to 149 of 192]
-9999 -9999 -9999 -9999 -9999 -9999 -9999 -9999 -9999 -9999 -9999 -9999 98.551 98.645 98.803 98.953 99.093 99.221 99.342 99.458 99.569 99.677 99.781 99.882 99.982 100.079 100.171 100.263 100.336 100.384 100.427 100.468 100.509 100.551 100.595 100.645 100.699 100.757 100.817 100.879 100.941 101.004 101.099 101.248 101.393 101.53 101.637 101.734 101.832 101.932 102.03 102.119 102.198 102.273 102.343 102.409 102.47 -9999 -9999 -9999 -9999 -9999 -9999 -9999 -9999 -9999 -9999 -9999 -9999 -9999 -9999 -9999 -9999 -9999 -9999
-9999 -9999 -9999 -9999 -9999 -9999 -9999 -9999 -9999 -9999 -9999 -9999 98.545 98.7 98.859 99.014 99.161 99.296 99.42 99.539 99.653 99.763 99.871 99.975 100.078 100.179 100.281 100.381 100.455 100.511 100.564 100.614 100.657 100.701 100.747 100.797 100.851 100.908 100.967 101.028 101.089 101.162 101.291 101.435 101.578 101.709 101.815 101.917 102.016 102.105 102.177 102.253 102.322 102.386 102.448 102.51 102.571 -9999 -9999 -9999 -9999 -9999 -9999 -9999 -9999 -9999 -9999 -9999 -9999 -9999 -9999 -9999 -9999 -9999 -9999
-9999 -9999 -9999 -9999 -9999 -9999 -9999 -9999 -9999 -9999 -9999 98.458 98.583 98.75 98.913 99.073 99.227 99.372 99.5 99.622 99.739 99.853 99.964 100.072 100.179 100.284 100.392 100.493 100.568 100.628 100.686 100.739 100.791 100.844 100.899 100.955 101.011 101.068 101.126 101.185 101.246 101.344 101.504 101.661 101.804 101.907 102.001 102.089 102.169 102.241 102.308 102.371 102.432 102.492 102.55 102.609 102.667 102.706 -9999 -9999 -9999 -9999 -9999 -9999 -9999 -9999 -9999 -9999 -9999 -9999 -9999 -9999 -9999 -9999 -9999
-9999 -9999 -9999 -9999 -9999 -9999 -9999 -9999 -9999 -9999 98.404 -9999 98.628 98.799 98.966 99.13 99.293 99.444 99.582 99.708 99.829 99.947 100.062 100.174 100.285 100.394 100.508 100.61 100.68 100.741 100.8 100.857 100.914 100.971 101.029 101.088 101.146 101.206 101.266 101.331 101.42 101.568 101.73 101.872 101.974 102.064 102.147 102.222 102.292 102.358 102.418 102.477 102.533 102.588 102.643 102.698 102.754 102.803 -9999 -9999 -9999 -9999 -9999 -9999 -9999 -9999 -9999 -9999 -9999 -9999 -9999 -9999 -9999 -9999 -9999
98.3 -9999 -9999 -9999 -9999 -9999 -9999 -9999 -9999 -9999 98.399 -9999 98.669 98.846 99.018 99.188 99.356 99.518 99.668 99.798 99.924 100.045 100.164 100.281 100.396 100.511 100.63 100.731 100.795 100.856 -9999 -9999 -9999 -9999 -9999 -9999 101.272 101.336 101.414 101.51 101.627 101.784 101.927 102.031 102.121 102.201 102.275 102.344 102.407 102.467 102.523 102.574 102.626 102.676 102.727 102.779 102.833 102.888 102.911 -9999 -9999 -9999 -9999 -9999 -9999 -9999 -9999 -9999 -9999 -9999 -9999 -9999 -9999 -9999 -9999
98.298 98.303 -9999 -9999 -9999 -9999 -9999 -9999 -9999 -9999 98.407 98.522 98.709 98.891 99.07 99.246 99.42 99.593 99.752 99.893 100.023 100.15 100.273 100.395 100.515 100.636 100.757 100.849 100.913 100.974 -9999 -9999 -9999 -9999 101.275 101.336 101.406 101.505 101.607 101.707 101.837 101.982 102.089 102.178 102.257 102.33 102.396 102.458 102.515 102.569 102.618 102.666 102.712 102.758 102.804 102.853 102.906 102.96 103.013 -9999 -9999 -9999 -9999 -9999 -9999 -9999 -9999 -9999 -9999 -9999 -9999 -9999 -9999 -9999 -9999
98.295 98.3 98.305 -9999 -9999 -9999 -9999 -9999 -9999 -9999 98.436 98.552 98.746 -9999 -9999 99.305 99.487 99.668 99.84 -9999 100.132 100.261 100.39 100.516 100.642 100.769 100.888 100.97 -9999 -9999 -9999 -9999 -9999 101.337 101.402 101.483 101.595 101.701 101.802 101.907 102.039 102.148 102.237 102.315 102.386 102.45 102.51 102.565 102.617 102.665 102.711 102.753 102.795 102.835 102.877 102.922 102.973 103.03 103.091 -9999 -9999 -9999 -9999 -9999 -9999 -9999 -9999 -9999 -9999 -9999 -9999 -9999 -9999 -9999 -9999
98.295 98.297 98.302 -9999 -9999 -9999 -9999 -9999 -9999 -9999 -9999 98.587 98.782 -9999 -9999 -9999 99.556 99.747 99.934 100.105 -9999 -9999 100.517 100.648 100.78 100.912 101.024 -9999 -9999 -9999 -9999 -9999 101.402 101.467 101.561 101.678 101.789 101.895 101.995 102.1 102.205 102.297 102.375 102.445 102.507 102.565 102.618 102.668 102.714 102.758 102.799 102.838 102.875 102.91 102.946 102.986 103.036 103.095 103.159 -9999 -9999 -9999 -9999 -9999 -9999 -9999 -9999 -9999 -9999 -9999 -9999 -9999 -9999 -9999 -9999
98.297 98.298 -9999 -9999 -9999 -9999 -9999 -9999 -9999 -9999 -9999 -9999 98.821 -9999 -9999 -9999 -9999 99.831 100.033 100.215 -9999 -9999 -9999 100.769 100.933 -9999 -9999 -9999 -9999 -9999 -9999 -9999 101.539 101.635 101.756 101.871 101.982 102.085 102.173 102.256 102.356 102.438 102.507 102.567 102.622 102.673 102.721 102.766 102.809 102.849 102.887 102.921 102.955 102.986 103.015 103.047 103.098 103.162 103.228 -9999 -9999 -9999 -9999 -9999 -9999 -9999 -9999 -9999 -9999 -9999 -9999 -9999 -9999 -9999 -9999
98.301 -9999 -9999 -9999 -9999 -9999 -9999 -9999 -9999 -9999 -9999 -9999 98.861 -9999 -9999 -9999 -9999 -9999 100.138 100.337 -9999 -9999 -9999 -9999 -9999 -9999 -9999 -9999 -9999 -9999 -9999 -9999 101.708 101.831 101.95 102.063 102.166 102.248 102.316 102.406 102.5 102.572 102.63 102.682 102.731 102.776 102.82 102.861 102.9 102.938 102.972 103.005 103.036 103.066 103.095 103.127 103.173 103.236 103.302 103.38 -9999 -9999 -9999 -9999 -9999 -9999 -9999 -9999 -9999 -9999 -9999 -9999 -9999 -9999 -9999
-9999 98.303 98.301 98.301 98.3 -9999 -9999 -9999 -9999 -9999 -9999 -9999 98.925 -9999 -9999 -9999 -9999 -9999 -9999 -9999 -9999 -9999 -9999 -9999 -9999 -9999 -9999 -9999 -9999 -9999 -9999 101.78 101.908 102.028 102.14 102.235 102.31 102.378 102.451 102.545 102.635 102.697 102.745 102.792 102.836 102.879 102.919 102.957 102.994 103.029 103.067 103.104 103.139 103.173 103.206 103.243 103.289 103.345 103.406 103.469 103.536 -9999 -9999 -9999 -9999 -9999 -9999 -9999 -9999 -9999 -9999 -9999 -9999 -9999 -9999
98.308 98.306 98.305 98.303 98.302 -9999 -9999 -9999 -9999 -9999 -9999 -9999 -9999 -9999 -9999 -9999 -9999 -9999 -9999 -9999 -9999 -9999 -9999 -9999 -9999 -9999 -9999 -9999 -9999 -9999 101.916 101.99 102.11 102.211 102.293 102.365 102.433 102.499 102.574 102.67 102.754 102.812 102.859 102.902 102.944 102.983 103.022 103.064 103.108 103.149 103.19 103.227 103.263 103.298 103.333 103.372 103.417 103.468 103.525 103.583 103.643 -9999 -9999 -9999 -9999 -9999 -9999 -9999 -9999 -9999 -9999 -9999 -9999 -9999 -9999
98.311 98.309 98.308 -9999 98.305 98.304 -9999 -9999 -9999 -9999 -9999 -9999 -9999 -9999 -9999 -9999 -9999 -9999 -9999 -9999 -9999 -9999 -9999 -9999 -9999 -9999 -9999 -9999 -9999 -9999 102.098 102.182 102.271 102.348 102.42 102.489 102.558 102.623 102.696 102.784 102.86 102.917 102.965 103.008 103.05 103.099 103.148 103.196 103.241 103.282 103.321 103.357 103.392 103.427 103.463 103.501 103.544 103.591 103.643 103.698 103.746 103.777 103.782 -9999 -9999 -9999 -9999 -9999 -9999 -9999 -9999 -9999 -9999 -9999 -9999
98.314 98.313 98.311 -9999 -9999 98.307 -9999 -9999 -9999 -9999 -9999 -9999 -9999 -9999 -9999 -9999 -9999 -9999 -9999 -9999 -9999 -9999 -9999 -9999 -9999 -9999 -9999 -9999 -9999 -9999 102.239 102.328 102.406 102.481 102.555 102.625 102.689 102.747 102.813 102.892 102.961 103.018 103.069 103.123 103.181 103.234 103.284 103.329 103.371 103.411 103.448 103.484 103.519 103.553 103.589 103.627 103.668 103.713 103.761 103.812 103.843 103.858 103.865 103.869 103.87 103.844 -9999 -9999 -9999 -9999 -9999 -9999 -9999 -9999 -9999
98.318 98.316 98.315 98.313 -9999 98.329 -9999 -9999 -9999 -9999 -9999 -9999 -9999 -9999 -9999 -9999 -9999 -9999 -9999 -9999 -9999 -9999 -9999 -9999 -9999 -9999 -9999 -9999 -9999 102.29 102.389 102.471 102.553 102.629 102.698 102.76 102.816 102.867 102.927 102.998 103.064 103.128 103.197 103.26 103.316 103.367 103.414 103.458 103.498 103.536 103.573 103.608 103.642 103.677 103.712 103.749 103.789 103.832 103.878 103.91 103.929 103.935 103.939 103.943 103.946 103.948 103.948 103.85 -9999 -9999 -9999 -9999 -9999 -9999 -9999
98.321 98.319 98.322 -9999 98.355 -9999 -9999 -9999 -9999 -9999 -9999 -9999 -9999 -9999 -9999 -9999 -9999 -9999 -9999 -9999 -9999 -9999 -9999 -9999 -9999 -9999 -9999 -9999 -9999 -9999 102.538 102.635 102.71 102.777 102.838 102.892 102.941 102.986 103.04 103.109 103.189 103.267 103.335 103.394 103.448 103.496 103.541 103.583 103.622 103.659 103.695 103.729 103.763 103.797 103.832 103.869 103.907 103.948 103.98 103.999 104.006 104.011 104.016 104.02 104.023 104.024 104.024 104.02 103.961 -9999 -9999 -9999 -9999 -9999 -9999
98.327 98.337 98.359 98.382 98.406 -9999 -9999 -9999 -9999 -9999 -9999 -9999 -9999 -9999 -9999 -9999 -9999 -9999 -9999 -9999 -9999 -9999 -9999 -9999 -9999 -9999 -9999 -9999 -9999 -9999 -9999 102.761 102.852 102.924 102.976 103.023 103.067 103.106 103.161 103.251 103.335 103.407 103.47 103.526 103.577 103.623 103.666 103.706 103.744 103.78 103.815 103.849 103.882 103.916 103.95 103.986 104.023 104.055 104.074 104.082 104.086 104.089 104.093 104.096 104.098 104.099 104.097 104.093 104.086 104.056 -9999 -9999 -9999 -9999 -9999
98.355 98.38 98.406 98.431 -9999 -9999 -9999 -9999 -9999 -9999 -9999 -9999 -9999 -9999 -9999 -9999 -9999 -9999 -9999 -9999 -9999 -9999 -9999 -9999 -9999 -9999 -9999 -9999 -9999 -9999 -9999 102.861 102.963 103.043 103.111 103.155 103.194 103.24 103.32 103.403 103.479 103.545 103.604 103.657 103.705 103.749 103.79 103.829 103.865 103.901 103.934 103.967 104.0 104.033 104.067 104.102 104.134 104.152 104.16 104.162 104.164 104.167 104.169 104.17 104.17 104.17 104.168 104.164 104.157 104.149 104.118 -9999 -9999 -9999 -9999
98.399 98.426 98.453 98.49 -9999 -9999 -9999 -9999 -9999 -9999 -9999 -9999 -9999 -9999 -9999 -9999 -9999 -9999 -9999 -9999 -9999 -9999 -9999 -9999 -9999 -9999 -9999 -9999 -9999 -9999 -9999 -9999 103.053 103.143 103.215 103.279 103.337 103.409 103.48 103.554 103.623 103.683 103.738 103.787 103.832 103.874 103.913 103.95 103.986 104.02 104.053 104.086 104.118 104.15 104.185 104.215 104.231 104.238 104.239 104.24 104.241 104.241 104.241 104.241 104.241 104.239 104.237 104.233 104.227 104.219 104.211 -9999 -9999 -9999 -9999
-9999 -9999 -9999 -9999 -9999 -9999 -9999 -9999 -9999 -9999 -9999 -9999 -9999 -9999 -9999 -9999 -9999 -9999 -9999 -9999 -9999 -9999 -9999 -9999 -9999 -9999 -9999 -9999 -9999 -9999 -9999 -9999 103.135 103.227 103.309 103.393 103.497 103.578 103.641 103.705 103.767 103.822 103.872 103.917 103.959 103.999 104.036 104.072 104.107 104.14 104.172 104.204 104.236 104.27 104.296 104.311 104.317 104.316 104.316 104.315 104.314 104.314 104.313 104.311 104.31 104.308 104.305 104.302 104.298 104.291 104.283 104.275 -9999 -9999 -9999
-9999 -9999 -9999 -9999 -9999 -9999 -9999 -9999 -9999 -9999 -9999 -9999 -9999 -9999 -9999 -9999 -9999 -9999 -9999 -9999 -9999 -9999 -9999 -9999 -9999 -9999 -9999 -9999 -9999 -9999 -9999 -9999 -9999 103.311 103.401 103.525 103.636 103.727 103.802 103.858 103.912 103.961 104.006 104.048 104.087 104.125 104.16 104.194 104.228 104.26 104.292 104.324 104.357 104.379 104.39 104.394 104.393 104.392 104.39 104.388 104.386 104.384 104.382 104.38 104.378 104.375 104.372 104.369 104.366 104.362 104.355 104.347 -9999 -9999 -9999
-9999 -9999 -9999 -9999 -9999 -9999 -9999 -9999 -9999 -9999 -9999 -9999 -9999 -9999 -9999 -9999 -9999 -9999 -9999 -9999 -9999 -9999 -9999 -9999 -9999 -9999 -9999 -9999 -9999 -9999 -9999 -9999 -9999 103.43 -9999 103.648 103.76 103.861 103.944 -9999 104.059 104.102 104.143 104.181 104.217 104.251 104.285 104.318 104.35 104.381 104.414 104.444 104.46 104.47 104.471 104.47 104.468 104.465 104.463 104.46 104.457 104.454 104.451 104.448 104.445 104.442 104.439 104.437 104.434 104.432 104.427 104.42 104.412 -9999 -9999
-9999 -9999 -9999 -9999 -9999 -9999 -9999 -9999 -9999 -9999 -9999 -9999 -9999 -9999 -9999 -9999 -9999 -9999 -9999 -9999 -9999 -9999 -9999 -9999 -9999 -9999 -9999 -9999 -9999 -9999 -9999 -9999 -9999 -9999 103.648 103.768 -9999 -9999 -9999 -9999 104.198 104.246 104.281 104.315 104.348 104.38 104.411 104.442 104.473 104.504 104.533 104.538 104.547 104.547 104.546 104.545 104.543 104.54 104.537 104.533 104.53 104.526 104.522 104.518 104.514 104.511 104.507 104.504 104.502 104.5 104.498 104.493 104.485 104.477 104.468
-9999 -9999 -9999 -9999 -9999 -9999 -9999 -9999 -9999 -9999 -9999 -9999 -9999 -9999 -9999 -9999 -9999 -9999 -9999 -9999 -9999 -9999 -9999 -9999 -9999 -9999 -9999 -9999 -9999 -9999 -9999 -9999 -9999 -9999 103.717 103.885 -9999 -9999 -9999 -9999 104.314 104.376 104.406 104.437 104.468 104.499 104.531 104.564 104.593 104.612 104.615 104.62 104.622 104.623 104.623 104.621 104.619 104.615 104.611 104.607 104.603 104.598 104.594 104.59 104.586 104.582 104.579 104.575 104.572 104.569 104.566 104.565 104.559 104.552 104.544
-9999 -9999 -9999 -9999 -9999 -9999 -9999 -9999 -9999 -9999 -9999 -9999 -9999 -9999 -9999 -9999 -9999 -9999 -9999 -9999 -9999 -9999 -9999 -9999 -9999 -9999 -9999 -9999 -9999 -9999 -9999 -9999 -9999 -9999 103.718 -9999 -9999 -9999 -9999 104.024 104.435 104.491 104.521 104.548 104.577 104.607 104.634 104.649 104.661 104.672 104.682 104.694 104.698 104.699 104.698 104.696 104.693 104.689 104.684 104.679 104.674 104.669 104.664 104.66 104.656 104.653 104.65 104.647 104.643 104.64 104.638 104.636 104.634 104.628 -9999
-9999 -9999 -9999 -9999 -9999 -9999 -9999 -9999 -9999 -9999 -9999 -9999 -9999 -9999 -9999 -9999 -9999 -9999 -9999 -9999 -9999 -9999 -9999 -9999 -9999 -9999 -9999 -9999 -9999 -9999 -9999 -9999 -9999 -9999 -9999 -9999 -9999 -9999 -9999 104.44 104.523 104.586 104.632 104.651 104.662 104.675 104.683 104.695 104.709 104.723 104.736 104.749 104.76 104.768 104.771 104.769 104.765 104.76 104.754 104.748 104.743 104.738 104.733 104.729 104.725 104.722 104.719 104.716 104.713 104.711 104.71 104.709 104.71 104.708 -9999
-9999 -9999 -9999 -9999 -9999 -9999 -9999 -9999 -9999 -9999 -9999 -9999 -9999 -9999 -9999 -9999 -9999 -9999 -9999 -9999 -9999 -9999 -9999 -9999 -9999 -9999 -9999 -9999 -9999 -9999 -9999 -9999 -9999 -9999 -9999 -9999 -9999 -9999 -9999 104.5 104.573 104.638 104.68 104.696 104.702 104.711 104.723 104.738 104.752 104.767 104.782 104.797 104.81 104.82 104.829 104.834 104.833 104.828 104.822 104.816 104.81 104.805 104.8 104.796 104.792 104.79 104.787 104.784 104.781 104.78 104.779 104.78 104.783 104.788 -9999
-9999 -9999 -9999 -9999 -9999 -9999 -9999 -9999 -9999 -9999 -9999 -9999 -9999 -9999 -9999 -9999 -9999 -9999 -9999 -9999 -9999 -9999 -9999 -9999 -9999 -9999 -9999 -9999 -9999 -9999 -9999 -9999 -9999 -9999 -9999 -9999 -9999 -9999 104.429 104.504 104.575 104.641 104.692 104.726 104.736 104.747 104.761 104.776 104.792 104.808 104.825 104.841 104.856 104.868 104.877 104.883 104.889 104.892 104.888 104.881 104.875 104.87 104.865 104.861 104.858 104.855 104.852 104.849 104.847 104.846 104.847 104.85 104.854 104.861 104.865
-9999 -9999 -9999 -9999 -9999 -9999 -9999 -9999 -9999 -9999 -9999 -9999 -9999 -9999 -9999 -9999 -9999 -9999 -9999 -9999 -9999 -9999 -9999 -9999 -9999 -9999 -9999 -9999 -9999 -9999 -9999 -9999 -9999 -9999 -9999 -9999 -9999 -9999 104.418 104.493 104.566 104.634 104.699 104.742 104.767 104.78 104.795 104.81 104.827 104.845 104.863 104.882 104.9 104.913 104.922 104.927 104.932 104.937 104.943 104.943 104.939 104.933 104.929 104.925 104.922 104.919 104.915 104.913 104.911 104.912 104.914 104.918 104.924 104.933 104.941
-9999 -9999 -9999 -9999 -9999 -9999 -9999 -9999 -9999 -9999 -9999 -9999 -9999 -9999 -9999 -9999 -9999 -9999 -9999 -9999 -9999 -9999 -9999 -9999 -9999 -9999 -9999 -9999 -9999 -9999 -9999 -9999 -9999 -9999 -9999 -9999 -9999 104.328 104.406 104.482 104.556 104.63 104.7 104.757 104.796 104.81 104.825 104.841 104.858 104.877 104.898 104.919 104.94 104.956 104.963 104.967 104.972 104.977 104.984 104.992 104.997 104.995 104.991 104.988 104.984 104.98 104.977 104.975 104.974 104.976 104.979 104.985 104.993 105.004 105.018
-9999 -9999 -9999 -9999 -9999 -9999 -9999 -9999 -9999 -9999 -9999 -9999 -9999 -9999 -9999 -9999 -9999 -9999 -9999 -9999 -9999 -9999 -9999 -9999 -9999 -9999 -9999 -9999 -9999 -9999 -9999 -9999 -9999 -9999 -9999 -9999 -9999 104.316 104.395 104.472 104.55 104.627 104.699 104.765 104.81 104.836 104.851 104.867 104.886 104.905 104.926 104.948 104.971 104.989 104.998 105.002 105.007 105.013 105.021 105.03 105.042 105.052 105.053 105.048 105.044 105.04 105.037 105.036 105.036 105.039 105.043 105.05 105.06 105.074 105.092
-9999 -9999 -9999 -9999 -9999 -9999 -9999 -9999 -9999 -9999 -9999 -9999 -9999 -9999 -9999 -9999 -9999 -9999 -9999 -9999 -9999 -9999 -9999 -9999 -9999 -9999 -9999 -9999 -9999 -9999 -9999 -9999 -9999 -9999 -9999 -9999 -9999 104.305 104.385 104.466 104.446 104.241 104.415 104.766 104.822 104.858 104.874 104.89 104.909 104.929 104.95 104.972 104.993 105.011 105.023 105.031 105.039 105.047 105.056 105.067 105.079 105.093 105.107 105.107 105.102 105.098 105.096 105.095 105.097 105.1 105.106 105.115 105.127 105.144 105.165
-9999 -9999 -9999 -9999 -9999 -9999 -9999 -9999 -9999 -9999 -9999 -9999 -9999 -9999 -9999 -9999 -9999 -9999 -9999 -9999 -9999 -9999 -9999 -9999 -9999 -9999 -9999 -9999 -9999 -9999 -9999 -9999 -9999 -9999 -9999 -9999 -9999 -9999 104.376 104.462 104.116 103.412 103.911 104.764 104.831 104.873 104.893 104.91 104.929 104.949 104.97 104.991 105.012 105.03 105.045 105.057 105.068 105.078 105.09 105.102 105.115 105.129 105.144 105.158 105.158 105.155 105.153 105.154 105.156 105.161 105.169 -9999 105.194 -9999 105.217
