Validation/Results/ReClimate_06_2024_1_Temperature.asc
NCOLS 192
NROWS 249
XLLCENTER -225160.85627316462
YLLCENTER 29788.11610251502
CELLSIZE 5000.0
NODATA_VALUE -9999
[rows 102 to 135 of 249, columns 77 to 153 of 192]
0.461 0.475 0.491 0.5 -9999 -9999 0.504 -9999 -9999 0.555 0.57 0.588 0.607 0.625 0.641 0.655 0.667 0.678 0.696 0.712 0.717 0.722 0.709 0.691 0.697 0.703 0.711 0.72 0.72 0.719 0.708 0.694 0.679 0.66 0.651 0.639 0.632 0.623 0.607 0.589 -9999 -9999 -9999 -9999 -9999 -9999 -9999 -9999 -9999 -9999 -9999 -9999 -9999 -9999 -9999 -9999 -9999 -9999 -9999 -9999 -9999 -9999 -9999 -9999 -9999 -9999 -9999 -9999 -9999 -9999 -9999 -9999 -9999 -9999 -9999 -9999 -9999
0.472 0.483 -9999 -9999 -9999 0.504 0.513 0.524 0.541 0.554 0.571 0.593 0.606 0.612 0.631 0.655 0.669 0.681 0.695 0.695 0.701 0.707 0.703 0.713 0.717 0.714 0.715 0.699 0.699 0.696 0.688 0.684 0.67 0.655 0.646 -9999 -9999 0.627 -9999 -9999 -9999 -9999 -9999 -9999 -9999 -9999 -9999 -9999 -9999 -9999 -9999 -9999 -9999 -9999 -9999 -9999 -9999 -9999 -9999 -9999 -9999 -9999 -9999 -9999 -9999 -9999 -9999 -9999 -9999 -9999 -9999 -9999 -9999 -9999 -9999 -9999 -9999
-9999 0.486 -9999 -9999 -9999 0.51 0.52 0.528 0.542 0.554 0.573 0.593 0.598 0.6 0.622 0.647 0.662 0.675 0.681 0.68 0.687 0.693 0.703 0.713 0.712 0.709 0.698 0.683 0.682 0.678 0.675 0.671 0.659 0.643 -9999 0.622 0.62 0.617 0.598 -9999 -9999 -9999 -9999 -9999 -9999 -9999 -9999 -9999 -9999 -9999 -9999 -9999 -9999 -9999 -9999 -9999 -9999 -9999 -9999 -9999 -9999 -9999 -9999 -9999 -9999 -9999 -9999 -9999 -9999 -9999 -9999 -9999 -9999 -9999 -9999 -9999 -9999
-9999 -9999 -9999 0.506 0.512 0.522 0.534 0.548 0.556 0.55 0.566 0.579 0.585 0.597 0.612 0.619 0.638 0.672 0.677 0.675 0.677 0.669 0.681 0.699 0.7 0.701 0.693 0.684 0.678 0.659 0.658 0.661 -9999 0.651 0.641 0.624 0.619 0.606 0.597 -9999 -9999 -9999 -9999 -9999 -9999 -9999 -9999 -9999 -9999 -9999 -9999 -9999 -9999 -9999 -9999 -9999 -9999 -9999 -9999 -9999 -9999 -9999 -9999 -9999 -9999 -9999 -9999 -9999 -9999 -9999 -9999 -9999 -9999 -9999 -9999 -9999 -9999
-9999 -9999 -9999 0.509 0.514 0.527 0.541 0.556 0.554 0.548 0.561 0.574 0.585 0.597 0.604 0.609 0.637 0.667 0.668 0.665 0.661 0.653 0.669 0.686 0.688 0.69 0.685 0.677 0.662 0.643 0.646 0.649 0.648 0.645 0.633 0.618 0.611 0.604 0.595 0.582 -9999 -9999 -9999 -9999 -9999 -9999 -9999 -9999 -9999 -9999 -9999 -9999 -9999 -9999 -9999 -9999 -9999 -9999 -9999 -9999 -9999 -9999 -9999 -9999 -9999 -9999 -9999 -9999 -9999 -9999 -9999 -9999 -9999 -9999 -9999 -9999 -9999
-9999 -9999 0.508 -9999 -9999 0.528 0.54 0.55 0.55 0.545 -9999 -9999 0.578 0.596 0.606 0.62 0.643 0.661 0.66 0.656 0.655 0.659 0.672 0.68 0.679 0.672 0.667 0.663 0.651 0.639 0.642 0.642 0.642 0.638 0.63 0.622 0.616 0.605 0.598 0.592 0.597 -9999 -9999 -9999 -9999 -9999 -9999 -9999 -9999 -9999 -9999 -9999 -9999 -9999 -9999 -9999 -9999 -9999 -9999 -9999 -9999 -9999 -9999 -9999 -9999 -9999 -9999 -9999 -9999 -9999 -9999 -9999 -9999 -9999 -9999 -9999 -9999
-9999 -9999 0.512 -9999 0.52 0.529 0.539 0.548 0.549 0.545 0.553 0.562 0.58 0.598 0.612 0.626 0.643 0.659 0.657 0.652 0.658 0.663 0.67 0.678 0.673 0.665 0.662 0.658 0.65 0.639 0.64 0.641 0.64 0.638 0.632 0.625 0.616 0.606 0.602 0.597 -9999 -9999 -9999 -9999 -9999 -9999 -9999 -9999 -9999 -9999 -9999 -9999 -9999 -9999 -9999 -9999 -9999 -9999 -9999 -9999 -9999 -9999 -9999 -9999 -9999 -9999 -9999 -9999 -9999 -9999 -9999 -9999 -9999 -9999 -9999 -9999 -9999
-9999 -9999 0.515 -9999 0.524 0.535 0.534 0.515 0.521 -9999 0.55 0.563 -9999 0.597 0.614 0.638 0.653 0.663 0.664 0.669 0.67 0.66 0.667 0.676 0.675 0.679 0.676 0.665 0.659 0.651 0.651 0.644 0.648 0.66 0.649 0.62 -9999 -9999 -9999 -9999 -9999 -9999 -9999 -9999 -9999 -9999 -9999 -9999 -9999 -9999 -9999 -9999 -9999 -9999 -9999 -9999 -9999 -9999 -9999 -9999 -9999 -9999 -9999 -9999 -9999 -9999 -9999 -9999 -9999 -9999 -9999 -9999 -9999 -9999 -9999 -9999 -9999
0.502 0.51 -9999 -9999 0.528 0.539 0.524 0.505 0.522 0.541 0.554 0.566 -9999 0.598 0.62 0.644 0.656 0.665 0.67 0.675 0.668 0.659 0.667 0.675 0.68 0.685 0.678 0.668 0.663 0.656 0.652 0.646 0.657 0.669 0.643 -9999 -9999 -9999 -9999 -9999 -9999 -9999 -9999 -9999 -9999 -9999 -9999 -9999 -9999 -9999 -9999 -9999 -9999 -9999 -9999 -9999 -9999 -9999 -9999 -9999 -9999 -9999 -9999 -9999 -9999 -9999 -9999 -9999 -9999 -9999 -9999 -9999 -9999 -9999 -9999 -9999 -9999
0.51 0.513 -9999 0.526 0.534 0.539 0.534 -9999 0.562 0.57 0.582 0.587 -9999 0.633 0.65 0.656 0.665 0.665 0.666 0.659 0.655 0.657 0.662 0.665 0.672 0.688 -9999 0.671 0.668 0.664 0.654 0.629 0.641 0.658 -9999 -9999 -9999 -9999 -9999 -9999 -9999 -9999 -9999 -9999 -9999 -9999 -9999 -9999 -9999 -9999 -9999 -9999 -9999 -9999 -9999 -9999 -9999 -9999 -9999 -9999 -9999 -9999 -9999 -9999 -9999 -9999 -9999 -9999 -9999 -9999 -9999 -9999 -9999 -9999 -9999 -9999 -9999
0.517 -9999 -9999 0.53 0.536 0.543 -9999 0.564 0.575 0.586 0.593 0.598 -9999 0.648 0.656 0.662 0.667 0.666 0.661 0.653 0.655 0.657 0.659 0.661 0.674 0.689 0.681 0.671 -9999 -9999 0.648 0.625 -9999 -9999 -9999 -9999 -9999 -9999 0.585 0.578 0.57 -9999 -9999 -9999 -9999 -9999 -9999 -9999 -9999 -9999 -9999 -9999 -9999 -9999 -9999 -9999 -9999 -9999 -9999 -9999 -9999 -9999 -9999 -9999 -9999 -9999 -9999 -9999 -9999 -9999 -9999 -9999 -9999 -9999 -9999 -9999 -9999
-9999 -9999 0.519 0.53 0.54 0.555 -9999 0.572 0.584 0.59 0.597 0.605 -9999 -9999 -9999 0.661 0.662 0.657 0.658 0.669 0.673 0.674 0.675 0.674 0.682 0.682 0.678 0.681 0.677 0.666 0.652 0.64 -9999 -9999 -9999 -9999 -9999 0.604 0.59 0.584 0.577 0.566 -9999 -9999 -9999 -9999 -9999 -9999 -9999 -9999 -9999 -9999 -9999 -9999 -9999 -9999 -9999 -9999 -9999 -9999 -9999 -9999 -9999 -9999 -9999 -9999 -9999 -9999 -9999 -9999 -9999 -9999 -9999 -9999 -9999 -9999 -9999
-9999 -9999 -9999 0.531 0.546 0.562 -9999 0.578 -9999 0.595 0.604 0.612 -9999 0.639 0.652 0.662 -9999 0.655 0.666 0.677 0.68 0.681 0.681 0.68 0.68 0.68 0.683 0.686 0.678 0.667 0.659 0.648 0.652 0.653 0.649 -9999 0.629 0.609 0.602 0.592 0.583 0.573 0.562 0.552 -9999 -9999 -9999 -9999 -9999 -9999 -9999 -9999 -9999 -9999 -9999 -9999 -9999 -9999 -9999 -9999 -9999 -9999 -9999 -9999 -9999 -9999 -9999 -9999 -9999 -9999 -9999 -9999 -9999 -9999 -9999 -9999 -9999
-9999 -9999 -9999 0.541 0.555 0.567 -9999 0.586 -9999 0.613 0.625 -9999 0.638 0.653 0.666 0.675 0.674 0.671 0.679 0.682 0.682 0.678 0.676 0.669 0.672 0.68 0.683 0.686 0.683 0.686 0.68 0.672 0.672 0.663 0.661 0.656 0.644 0.625 0.615 0.596 0.589 0.581 0.573 0.567 0.559 0.558 0.569 -9999 -9999 -9999 -9999 -9999 -9999 -9999 -9999 -9999 -9999 -9999 -9999 -9999 -9999 -9999 -9999 -9999 -9999 -9999 -9999 -9999 -9999 -9999 -9999 -9999 -9999 -9999 -9999 -9999 -9999
-9999 -9999 -9999 0.546 0.558 0.571 0.582 -9999 -9999 0.624 0.638 -9999 0.649 0.663 0.674 0.682 0.681 0.678 0.682 0.685 0.681 0.677 0.672 0.665 0.672 0.681 0.685 0.688 0.692 0.696 0.69 0.683 0.678 0.67 0.667 0.664 0.65 0.633 0.618 0.6 0.594 0.586 0.583 0.579 0.58 0.574 0.566 0.574 -9999 -9999 -9999 -9999 -9999 -9999 -9999 -9999 -9999 -9999 -9999 -9999 -9999 -9999 -9999 -9999 -9999 -9999 -9999 -9999 -9999 -9999 -9999 -9999 -9999 -9999 -9999 -9999 -9999
-9999 -9999 -9999 0.554 0.564 0.571 0.582 -9999 -9999 0.623 0.632 -9999 -9999 0.663 0.672 0.687 0.685 0.678 0.685 0.697 0.694 0.687 0.684 0.677 0.684 0.691 0.696 0.701 0.706 0.712 0.707 0.696 0.693 0.688 0.684 0.676 0.662 0.642 0.628 0.611 0.61 0.615 0.611 0.6 0.597 0.582 0.578 0.572 -9999 -9999 -9999 -9999 -9999 -9999 -9999 -9999 -9999 -9999 -9999 -9999 -9999 -9999 -9999 -9999 -9999 -9999 -9999 -9999 -9999 -9999 -9999 -9999 -9999 -9999 -9999 -9999 -9999
-9999 -9999 -9999 0.561 0.566 0.577 -9999 -9999 -9999 -9999 0.639 -9999 0.66 0.663 0.676 0.691 0.686 0.678 0.69 0.702 0.698 0.692 0.688 0.683 0.689 0.696 0.702 0.707 0.714 0.721 0.713 0.703 0.7 0.696 0.689 0.681 0.666 0.648 0.634 0.618 0.622 0.628 0.62 0.61 0.601 0.59 0.585 0.58 0.577 -9999 -9999 -9999 -9999 -9999 -9999 -9999 -9999 -9999 -9999 -9999 -9999 -9999 -9999 -9999 -9999 -9999 -9999 -9999 -9999 -9999 -9999 -9999 -9999 -9999 -9999 -9999 -9999
-9999 0.57 0.572 0.58 0.59 -9999 -9999 0.62 -9999 -9999 -9999 -9999 0.671 0.676 0.685 0.687 0.687 0.695 0.697 0.682 0.678 0.677 0.677 0.687 0.691 0.69 0.697 0.711 0.716 0.717 0.707 0.689 0.688 0.693 0.684 0.674 0.661 0.65 0.641 0.638 0.639 0.63 0.625 0.625 0.616 0.603 0.602 0.602 0.574 -9999 -9999 -9999 -9999 -9999 -9999 -9999 -9999 -9999 -9999 -9999 -9999 -9999 -9999 -9999 -9999 -9999 -9999 -9999 -9999 -9999 -9999 -9999 -9999 -9999 -9999 -9999 -9999
-9999 -9999 0.579 0.591 0.601 -9999 0.626 0.633 0.654 -9999 -9999 -9999 -9999 0.683 0.685 0.687 0.695 0.703 0.691 0.675 0.675 0.673 0.681 0.691 0.691 0.69 0.701 0.714 0.716 0.717 0.704 0.684 0.688 0.692 0.683 0.672 0.663 0.652 0.651 0.649 0.642 0.634 0.633 0.633 0.624 0.612 0.613 0.615 0.593 0.583 -9999 -9999 -9999 -9999 -9999 -9999 -9999 -9999 -9999 -9999 -9999 -9999 -9999 -9999 -9999 -9999 -9999 -9999 -9999 -9999 -9999 -9999 -9999 -9999 -9999 -9999 -9999
-9999 -9999 0.582 0.594 0.604 -9999 0.628 0.653 0.675 -9999 -9999 -9999 -9999 -9999 0.685 0.684 0.694 0.709 0.702 0.699 0.698 0.695 0.704 0.71 0.71 0.704 0.712 0.716 0.718 0.718 0.705 0.691 0.695 0.702 0.694 0.685 0.676 0.666 0.663 0.656 0.648 0.636 0.632 0.62 0.615 0.618 0.619 0.62 0.609 0.586 0.598 -9999 -9999 -9999 -9999 -9999 -9999 -9999 -9999 -9999 -9999 -9999 -9999 -9999 -9999 -9999 -9999 -9999 -9999 -9999 -9999 -9999 -9999 -9999 -9999 -9999 -9999
-9999 -9999 0.586 0.598 -9999 -9999 0.634 0.664 0.682 0.676 -9999 -9999 -9999 -9999 -9999 0.686 0.699 0.713 0.712 0.711 0.709 0.707 0.713 0.72 0.717 0.712 0.716 0.72 0.721 0.719 0.709 0.695 0.7 0.707 0.7 0.692 0.683 0.673 0.668 0.661 0.651 0.639 0.629 0.617 0.62 0.623 0.623 0.624 0.614 0.608 0.607 0.614 0.594 -9999 -9999 -9999 -9999 -9999 -9999 -9999 -9999 -9999 -9999 -9999 -9999 -9999 -9999 -9999 -9999 -9999 -9999 -9999 -9999 -9999 -9999 -9999 -9999
-9999 -9999 0.59 0.596 -9999 -9999 0.636 0.658 0.665 -9999 -9999 -9999 -9999 -9999 -9999 0.709 0.719 0.721 0.722 0.722 0.723 0.727 0.733 0.737 0.737 0.734 0.736 0.731 0.733 0.741 0.728 0.705 0.709 0.709 0.704 0.699 0.691 0.681 0.677 0.672 0.662 0.651 0.639 0.622 0.619 0.609 0.606 0.598 0.617 0.626 0.629 0.63 0.617 -9999 -9999 -9999 -9999 -9999 -9999 -9999 -9999 -9999 -9999 -9999 -9999 -9999 -9999 -9999 -9999 -9999 -9999 -9999 -9999 -9999 -9999 -9999 -9999
-9999 -9999 0.589 0.598 -9999 -9999 -9999 0.654 0.652 0.646 -9999 -9999 -9999 -9999 -9999 0.72 0.724 0.727 0.728 0.729 0.733 0.737 0.742 0.747 0.747 0.746 0.743 0.736 0.743 0.75 0.731 0.71 0.71 0.71 0.707 0.703 0.695 0.685 0.681 0.677 0.668 0.657 0.642 0.625 0.617 0.606 0.599 0.597 0.619 0.643 0.646 0.646 0.635 -9999 -9999 -9999 -9999 -9999 -9999 -9999 -9999 -9999 -9999 -9999 -9999 -9999 -9999 -9999 -9999 -9999 -9999 -9999 -9999 -9999 -9999 -9999 -9999
-9999 0.592 0.597 0.609 -9999 -9999 -9999 -9999 -9999 -9999 -9999 -9999 -9999 -9999 -9999 0.738 0.744 0.743 0.742 0.733 0.74 0.751 0.754 0.75 0.747 0.735 0.73 0.725 0.732 0.741 0.727 0.718 0.718 0.715 0.709 0.696 0.693 0.701 0.696 0.689 0.677 0.655 0.647 0.647 0.639 0.63 0.632 0.639 0.653 0.672 0.669 0.666 0.67 0.63 -9999 -9999 -9999 -9999 -9999 -9999 -9999 -9999 -9999 -9999 -9999 -9999 -9999 -9999 -9999 -9999 -9999 -9999 -9999 -9999 -9999 -9999 -9999
0.59 0.596 0.605 0.615 -9999 -9999 -9999 -9999 -9999 -9999 -9999 -9999 -9999 0.715 0.733 0.744 0.749 0.752 0.746 0.738 0.748 0.76 0.758 0.754 0.746 0.732 0.728 0.722 0.729 0.738 0.731 0.722 0.72 0.717 0.707 0.694 0.7 0.707 0.701 0.694 0.677 0.656 0.656 0.656 0.649 0.646 0.653 0.662 0.675 0.688 0.686 0.68 0.683 0.646 -9999 -9999 -9999 -9999 -9999 -9999 -9999 -9999 -9999 -9999 -9999 -9999 -9999 -9999 -9999 -9999 -9999 -9999 -9999 -9999 -9999 -9999 -9999
0.599 0.606 0.613 -9999 -9999 -9999 -9999 -9999 -9999 -9999 -9999 -9999 -9999 0.72 0.736 0.75 0.757 0.76 0.757 0.75 0.756 0.756 0.76 0.772 0.762 0.75 0.75 0.752 0.754 0.743 0.743 0.755 0.749 0.727 0.718 0.705 0.707 0.702 0.695 0.687 0.672 0.659 0.659 0.66 0.662 0.672 0.676 0.674 0.684 0.688 0.696 0.697 0.699 0.691 -9999 -9999 -9999 -9999 -9999 -9999 -9999 -9999 -9999 -9999 -9999 -9999 -9999 -9999 -9999 -9999 -9999 -9999 -9999 -9999 -9999 -9999 -9999
-9999 -9999 -9999 -9999 -9999 -9999 -9999 -9999 -9999 -9999 -9999 -9999 -9999 0.729 0.739 0.751 0.757 0.762 0.761 0.758 0.759 0.758 0.768 0.779 0.77 0.758 0.762 0.764 0.755 0.745 0.755 0.768 0.752 0.732 0.722 0.709 0.705 0.7 0.692 0.684 0.673 0.661 0.661 0.666 0.675 0.686 0.685 0.683 0.689 0.693 0.701 0.707 0.71 0.703 -9999 -9999 -9999 -9999 -9999 -9999 -9999 -9999 -9999 -9999 -9999 -9999 -9999 -9999 -9999 -9999 -9999 -9999 -9999 -9999 -9999 -9999 -9999
-9999 -9999 -9999 -9999 -9999 -9999 -9999 -9999 -9999 -9999 -9999 -9999 0.716 0.722 0.734 0.745 0.754 0.765 0.766 0.762 0.766 0.772 0.776 0.769 0.767 0.774 0.772 0.757 0.753 0.759 0.763 0.758 0.746 0.739 0.729 0.714 0.709 0.701 0.695 0.69 0.679 0.664 0.669 0.68 0.689 0.696 0.699 0.705 0.703 0.703 0.718 0.729 0.728 0.715 -9999 -9999 -9999 -9999 -9999 -9999 -9999 -9999 -9999 -9999 -9999 -9999 -9999 -9999 -9999 -9999 -9999 -9999 -9999 -9999 -9999 -9999 -9999
-9999 -9999 -9999 -9999 -9999 -9999 -9999 -9999 -9999 -9999 -9999 -9999 0.71 0.721 0.732 0.743 0.754 0.764 0.763 0.758 0.767 0.775 0.773 0.768 0.774 0.781 0.769 0.754 0.758 0.764 0.759 0.753 0.748 0.741 0.729 0.715 0.709 0.702 0.697 0.693 0.68 0.667 0.677 0.689 0.695 0.703 0.71 0.717 0.715 0.711 0.725 0.739 0.739 0.731 -9999 -9999 -9999 -9999 -9999 -9999 -9999 -9999 -9999 -9999 -9999 -9999 -9999 -9999 -9999 -9999 -9999 -9999 -9999 -9999 -9999 -9999 -9999
-9999 -9999 -9999 -9999 -9999 -9999 -9999 -9999 -9999 -9999 -9999 0.702 0.711 0.733 0.741 0.743 0.754 0.767 0.767 0.767 0.774 0.775 0.776 0.779 0.783 0.773 0.767 0.773 0.772 0.761 0.757 0.753 0.75 0.749 0.74 0.729 0.724 0.718 0.712 0.699 0.69 0.686 0.698 0.713 0.718 0.717 0.722 0.723 0.715 0.707 0.727 0.745 0.748 0.739 0.738 -9999 -9999 -9999 -9999 -9999 -9999 -9999 -9999 -9999 -9999 -9999 -9999 -9999 -9999 -9999 -9999 -9999 -9999 -9999 -9999 -9999 -9999
-9999 -9999 -9999 -9999 -9999 -9999 -9999 -9999 -9999 -9999 0.69 0.702 0.718 0.731 0.736 0.738 0.751 0.764 0.766 0.766 0.769 0.77 0.776 0.78 0.776 0.768 0.774 0.78 0.77 0.76 0.756 0.752 0.752 0.751 0.743 0.733 0.729 0.723 0.713 0.702 0.697 0.695 0.709 0.725 0.725 0.724 0.726 0.727 0.72 0.708 0.725 0.744 0.747 0.747 0.749 -9999 -9999 -9999 -9999 -9999 -9999 -9999 -9999 -9999 -9999 -9999 -9999 -9999 -9999 -9999 -9999 -9999 -9999 -9999 -9999 -9999 -9999
-9999 -9999 -9999 -9999 -9999 -9999 -9999 -9999 -9999 -9999 0.695 0.714 0.724 0.724 0.732 0.744 0.753 0.753 0.758 0.766 0.774 0.791 0.794 0.79 0.788 0.777 0.785 0.794 0.789 0.783 0.773 0.749 0.745 0.736 0.734 0.74 0.736 0.731 0.721 0.706 0.706 0.706 0.718 0.726 0.726 0.723 0.729 0.739 0.73 0.718 0.721 0.731 0.74 0.745 0.75 -9999 -9999 -9999 -9999 -9999 -9999 -9999 -9999 -9999 -9999 -9999 -9999 -9999 -9999 -9999 -9999 -9999 -9999 -9999 -9999 -9999 -9999
-9999 -9999 -9999 -9999 -9999 -9999 -9999 -9999 -9999 0.69 0.703 0.713 0.716 0.716 0.73 0.742 0.745 0.745 0.754 0.763 0.778 0.795 0.793 0.79 0.786 0.775 0.784 0.794 0.791 0.786 0.767 0.745 0.738 0.729 0.735 0.742 0.738 0.734 0.721 0.709 0.711 0.712 0.719 0.726 0.725 0.722 0.731 0.739 0.731 0.719 0.722 0.724 0.732 0.742 0.747 0.754 -9999 -9999 -9999 -9999 -9999 -9999 -9999 -9999 -9999 -9999 -9999 -9999 -9999 -9999 -9999 -9999 -9999 -9999 -9999 -9999 -9999
-9999 -9999 -9999 -9999 -9999 -9999 -9999 -9999 0.68 -9999 0.705 0.718 0.721 0.72 0.733 0.739 0.741 0.74 0.743 0.734 0.755 0.789 0.792 0.802 0.8 0.795 0.8 0.798 0.791 0.774 0.753 0.728 0.727 0.74 0.735 0.719 0.717 0.72 0.714 0.721 0.724 0.729 0.731 0.721 0.723 0.73 0.739 0.747 0.744 0.736 0.737 0.738 0.738 0.742 0.737 0.751 -9999 -9999 -9999 -9999 -9999 -9999 -9999 -9999 -9999 -9999 -9999 -9999 -9999 -9999 -9999 -9999 -9999 -9999 -9999 -9999 -9999
