Validation/Results/ReClimate_05_2024_2.asc
NCOLS 192
NROWS 249
XLLCENTER -225160.85627316462
YLLCENTER 29788.11610251502
CELLSIZE 5000.0
NODATA_VALUE -9999
[rows 132 to 164 of 249, columns 75 to 149 of 192]
-9999 -9999 -9999 -9999 -9999 -9999 -9999 -9999 -9999 -9999 -9999 -9999 99.858 99.779 99.65 99.529 99.417 99.318 99.223 99.133 99.046 98.963 98.881 98.803 98.725 98.65 98.574 98.508 98.467 98.438 98.41 98.385 98.36 98.336 98.311 98.284 98.254 98.223 98.192 98.161 98.132 98.105 98.073 98.033 97.995 97.964 97.952 97.946 97.938 97.93 97.923 97.917 97.914 97.911 97.908 97.906 97.9 -9999 -9999 -9999 -9999 -9999 -9999 -9999 -9999 -9999 -9999 -9999 -9999 -9999 -9999 -9999 -9999 -9999 -9999
-9999 -9999 -9999 -9999 -9999 -9999 -9999 -9999 -9999 -9999 -9999 -9999 99.868 99.742 99.612 99.486 99.369 99.263 99.166 99.073 98.984 98.898 98.815 98.733 98.654 98.575 98.499 98.437 98.399 98.372 98.347 98.323 98.297 98.271 98.244 98.216 98.187 98.157 98.127 98.098 98.07 98.042 98.006 97.969 97.933 97.904 97.889 97.877 97.866 97.858 97.852 97.847 97.844 97.842 97.841 97.84 97.84 -9999 -9999 -9999 -9999 -9999 -9999 -9999 -9999 -9999 -9999 -9999 -9999 -9999 -9999 -9999 -9999 -9999 -9999
-9999 -9999 -9999 -9999 -9999 -9999 -9999 -9999 -9999 -9999 -9999 99.948 99.844 99.708 99.576 99.446 99.322 99.207 99.107 99.012 98.92 98.831 98.745 98.661 98.579 98.497 98.419 98.359 98.325 98.299 98.275 98.249 98.224 98.198 98.172 98.144 98.115 98.086 98.057 98.029 98.003 97.97 97.921 97.874 97.835 97.817 97.803 97.792 97.785 97.779 97.776 97.775 97.775 97.775 97.775 97.775 97.775 97.789 -9999 -9999 -9999 -9999 -9999 -9999 -9999 -9999 -9999 -9999 -9999 -9999 -9999 -9999 -9999 -9999 -9999
-9999 -9999 -9999 -9999 -9999 -9999 -9999 -9999 -9999 -9999 100.002 -9999 99.815 99.676 99.541 99.407 99.276 99.155 99.046 98.948 98.853 98.762 98.673 98.586 98.5 98.415 98.335 98.278 98.247 98.221 98.196 98.171 98.145 98.119 98.092 98.064 98.035 98.006 97.978 97.948 97.907 97.853 97.801 97.759 97.74 97.727 97.718 97.712 97.708 97.707 97.708 97.709 97.711 97.713 97.715 97.717 97.717 97.723 -9999 -9999 -9999 -9999 -9999 -9999 -9999 -9999 -9999 -9999 -9999 -9999 -9999 -9999 -9999 -9999 -9999
100.154 -9999 -9999 -9999 -9999 -9999 -9999 -9999 -9999 -9999 100.013 -9999 99.789 99.646 99.506 99.368 99.232 99.101 98.982 98.881 98.783 98.689 98.596 98.506 98.416 98.327 98.246 98.192 98.167 98.141 -9999 -9999 -9999 -9999 -9999 -9999 97.95 97.919 97.879 97.828 97.776 97.724 97.681 97.661 97.65 97.642 97.638 97.636 97.637 97.639 97.642 97.647 97.652 97.657 97.661 97.664 97.665 97.666 97.684 -9999 -9999 -9999 -9999 -9999 -9999 -9999 -9999 -9999 -9999 -9999 -9999 -9999 -9999 -9999 -9999
100.162 100.153 -9999 -9999 -9999 -9999 -9999 -9999 -9999 -9999 100.013 99.916 99.764 99.616 99.471 99.329 99.188 99.048 98.921 98.81 98.709 98.611 98.515 98.421 98.327 98.235 98.154 98.109 98.084 98.059 -9999 -9999 -9999 -9999 97.922 97.893 97.857 97.802 97.745 97.693 97.643 97.6 97.58 97.57 97.564 97.562 97.562 97.565 97.569 97.575 97.582 97.59 97.598 97.605 97.612 97.616 97.618 97.618 97.62 -9999 -9999 -9999 -9999 -9999 -9999 -9999 -9999 -9999 -9999 -9999 -9999 -9999 -9999 -9999 -9999
100.17 100.162 100.154 -9999 -9999 -9999 -9999 -9999 -9999 -9999 99.997 99.9 99.742 -9999 -9999 99.289 99.142 98.995 98.857 -9999 98.628 98.528 98.428 98.33 98.232 98.136 98.059 98.023 -9999 -9999 -9999 -9999 -9999 97.865 97.834 97.791 97.726 97.666 97.61 97.559 97.516 97.496 97.487 97.483 97.483 97.486 97.49 97.497 97.504 97.513 97.523 97.535 97.546 97.557 97.566 97.573 97.575 97.572 97.568 -9999 -9999 -9999 -9999 -9999 -9999 -9999 -9999 -9999 -9999 -9999 -9999 -9999 -9999 -9999 -9999
100.175 100.171 100.162 -9999 -9999 -9999 -9999 -9999 -9999 -9999 -9999 99.88 99.721 -9999 -9999 -9999 99.093 98.939 98.788 98.653 -9999 -9999 98.333 98.232 98.129 98.03 97.96 -9999 -9999 -9999 -9999 -9999 97.806 97.775 97.724 97.656 97.591 97.531 97.475 97.429 97.41 97.4 97.397 97.4 97.405 97.412 97.421 97.431 97.442 97.454 97.467 97.481 97.495 97.509 97.523 97.532 97.534 97.529 97.523 -9999 -9999 -9999 -9999 -9999 -9999 -9999 -9999 -9999 -9999 -9999 -9999 -9999 -9999 -9999 -9999
100.177 100.174 -9999 -9999 -9999 -9999 -9999 -9999 -9999 -9999 -9999 -9999 99.698 -9999 -9999 -9999 -9999 98.88 98.717 98.572 -9999 -9999 -9999 97.941 97.682 -9999 -9999 -9999 -9999 -9999 -9999 -9999 97.71 97.659 97.588 97.521 97.457 97.398 97.35 97.324 97.311 97.307 97.312 97.32 97.331 97.342 97.355 97.368 97.381 97.396 97.411 97.427 97.443 97.46 97.478 97.493 97.494 97.486 97.477 -9999 -9999 -9999 -9999 -9999 -9999 -9999 -9999 -9999 -9999 -9999 -9999 -9999 -9999 -9999 -9999
100.177 -9999 -9999 -9999 -9999 -9999 -9999 -9999 -9999 -9999 -9999 -9999 99.675 -9999 -9999 -9999 -9999 -9999 98.641 98.482 -9999 -9999 -9999 -9999 -9999 -9999 -9999 -9999 -9999 -9999 -9999 -9999 97.592 97.522 97.454 97.389 97.329 97.284 97.25 97.226 97.215 97.218 97.23 97.245 97.26 97.275 97.291 97.306 97.322 97.338 97.355 97.372 97.389 97.407 97.425 97.44 97.444 97.436 97.428 97.407 -9999 -9999 -9999 -9999 -9999 -9999 -9999 -9999 -9999 -9999 -9999 -9999 -9999 -9999 -9999
-9999 100.177 100.177 100.175 100.175 -9999 -9999 -9999 -9999 -9999 -9999 -9999 99.633 -9999 -9999 -9999 -9999 -9999 -9999 -9999 -9999 -9999 -9999 -9999 -9999 -9999 -9999 -9999 -9999 -9999 -9999 97.526 97.454 97.386 97.322 97.269 97.229 97.192 97.158 97.134 97.123 97.134 97.154 97.171 97.188 97.205 97.221 97.239 97.256 97.274 97.288 97.302 97.315 97.328 97.341 97.351 97.355 97.352 97.347 97.342 97.334 -9999 -9999 -9999 -9999 -9999 -9999 -9999 -9999 -9999 -9999 -9999 -9999 -9999 -9999
100.177 100.177 100.177 100.177 100.177 -9999 -9999 -9999 -9999 -9999 -9999 -9999 -9999 -9999 -9999 -9999 -9999 -9999 -9999 -9999 -9999 -9999 -9999 -9999 -9999 -9999 -9999 -9999 -9999 -9999 97.412 97.379 97.314 97.259 97.216 97.179 97.143 97.108 97.074 97.048 97.04 97.051 97.068 97.087 97.105 97.123 97.14 97.153 97.163 97.173 97.184 97.196 97.21 97.224 97.238 97.249 97.254 97.254 97.252 97.249 97.248 -9999 -9999 -9999 -9999 -9999 -9999 -9999 -9999 -9999 -9999 -9999 -9999 -9999 -9999
100.177 100.177 100.177 -9999 100.177 100.177 -9999 -9999 -9999 -9999 -9999 -9999 -9999 -9999 -9999 -9999 -9999 -9999 -9999 -9999 -9999 -9999 -9999 -9999 -9999 -9999 -9999 -9999 -9999 -9999 97.284 97.245 97.202 97.164 97.128 97.092 97.051 97.013 96.981 96.963 96.961 96.971 96.986 97.004 97.02 97.028 97.034 97.04 97.047 97.056 97.067 97.08 97.093 97.107 97.121 97.134 97.144 97.151 97.156 97.157 97.162 97.177 97.207 -9999 -9999 -9999 -9999 -9999 -9999 -9999 -9999 -9999 -9999 -9999 -9999
100.176 100.176 100.177 -9999 -9999 100.177 -9999 -9999 -9999 -9999 -9999 -9999 -9999 -9999 -9999 -9999 -9999 -9999 -9999 -9999 -9999 -9999 -9999 -9999 -9999 -9999 -9999 -9999 -9999 -9999 97.146 97.143 97.107 97.069 97.027 96.985 96.947 96.913 96.89 96.882 96.884 96.894 96.905 96.911 96.912 96.915 96.919 96.925 96.933 96.943 96.954 96.966 96.979 96.992 97.006 97.018 97.029 97.039 97.049 97.058 97.077 97.102 97.131 97.161 97.188 97.221 -9999 -9999 -9999 -9999 -9999 -9999 -9999 -9999 -9999
100.176 100.176 100.176 100.176 -9999 100.113 -9999 -9999 -9999 -9999 -9999 -9999 -9999 -9999 -9999 -9999 -9999 -9999 -9999 -9999 -9999 -9999 -9999 -9999 -9999 -9999 -9999 -9999 -9999 96.95 97.036 97.04 96.996 96.951 96.911 96.876 96.844 96.816 96.8 96.799 96.804 96.807 96.801 96.799 96.799 96.802 96.807 96.814 96.822 96.832 96.843 96.855 96.867 96.88 96.893 96.905 96.917 96.928 96.939 96.958 96.987 97.024 97.058 97.091 97.117 97.142 97.172 97.097 -9999 -9999 -9999 -9999 -9999 -9999 -9999
100.176 100.176 100.164 -9999 100.039 -9999 -9999 -9999 -9999 -9999 -9999 -9999 -9999 -9999 -9999 -9999 -9999 -9999 -9999 -9999 -9999 -9999 -9999 -9999 -9999 -9999 -9999 -9999 -9999 -9999 96.883 96.91 96.868 96.831 96.798 96.769 96.743 96.72 96.709 96.71 96.703 96.693 96.688 96.687 96.688 96.692 96.698 96.705 96.713 96.723 96.734 96.745 96.757 96.77 96.782 96.794 96.806 96.818 96.836 96.863 96.891 96.917 96.943 96.973 96.999 97.022 97.05 97.08 97.016 -9999 -9999 -9999 -9999 -9999 -9999
100.168 100.128 100.046 99.959 99.87 -9999 -9999 -9999 -9999 -9999 -9999 -9999 -9999 -9999 -9999 -9999 -9999 -9999 -9999 -9999 -9999 -9999 -9999 -9999 -9999 -9999 -9999 -9999 -9999 -9999 -9999 96.75 96.733 96.711 96.685 96.662 96.641 96.622 96.61 96.593 96.583 96.577 96.575 96.576 96.578 96.583 96.589 96.597 96.605 96.615 96.625 96.637 96.648 96.66 96.673 96.685 96.697 96.712 96.725 96.741 96.762 96.781 96.802 96.827 96.856 96.884 96.911 96.94 96.969 96.91 -9999 -9999 -9999 -9999 -9999
100.079 99.986 99.892 99.797 -9999 -9999 -9999 -9999 -9999 -9999 -9999 -9999 -9999 -9999 -9999 -9999 -9999 -9999 -9999 -9999 -9999 -9999 -9999 -9999 -9999 -9999 -9999 -9999 -9999 -9999 -9999 96.599 96.574 96.54 96.541 96.553 96.536 96.513 96.479 96.466 96.462 96.46 96.461 96.464 96.468 96.474 96.481 96.489 96.497 96.507 96.517 96.528 96.54 96.552 96.564 96.574 96.576 96.581 96.593 96.605 96.619 96.636 96.657 96.681 96.708 96.739 96.77 96.797 96.824 96.845 96.775 -9999 -9999 -9999 -9999
99.936 99.837 99.736 99.62 -9999 -9999 -9999 -9999 -9999 -9999 -9999 -9999 -9999 -9999 -9999 -9999 -9999 -9999 -9999 -9999 -9999 -9999 -9999 -9999 -9999 -9999 -9999 -9999 -9999 -9999 -9999 -9999 96.402 96.311 96.319 96.331 96.418 96.374 96.345 96.337 96.339 96.342 96.346 96.351 96.357 96.364 96.372 96.38 96.389 96.399 96.409 96.42 96.431 96.443 96.442 96.437 96.44 96.443 96.452 96.464 96.478 96.495 96.515 96.538 96.563 96.591 96.622 96.652 96.677 96.698 96.71 -9999 -9999 -9999 -9999
-9999 -9999 -9999 -9999 -9999 -9999 -9999 -9999 -9999 -9999 -9999 -9999 -9999 -9999 -9999 -9999 -9999 -9999 -9999 -9999 -9999 -9999 -9999 -9999 -9999 -9999 -9999 -9999 -9999 -9999 -9999 -9999 96.29 96.248 96.247 96.3 96.268 96.235 96.21 96.205 96.213 96.221 96.229 96.237 96.245 96.253 96.262 96.271 96.28 96.29 96.3 96.311 96.316 96.309 96.303 96.298 96.299 96.307 96.316 96.328 96.341 96.357 96.376 96.397 96.42 96.445 96.472 96.501 96.529 96.546 96.557 96.566 -9999 -9999 -9999
-9999 -9999 -9999 -9999 -9999 -9999 -9999 -9999 -9999 -9999 -9999 -9999 -9999 -9999 -9999 -9999 -9999 -9999 -9999 -9999 -9999 -9999 -9999 -9999 -9999 -9999 -9999 -9999 -9999 -9999 -9999 -9999 -9999 96.146 96.155 96.134 96.113 96.09 96.073 96.07 96.085 96.098 96.109 96.12 96.131 96.141 96.15 96.16 96.17 96.18 96.19 96.189 96.178 96.169 96.162 96.162 96.167 96.174 96.183 96.194 96.207 96.222 96.239 96.257 96.278 96.3 96.324 96.348 96.374 96.392 96.401 96.409 -9999 -9999 -9999
-9999 -9999 -9999 -9999 -9999 -9999 -9999 -9999 -9999 -9999 -9999 -9999 -9999 -9999 -9999 -9999 -9999 -9999 -9999 -9999 -9999 -9999 -9999 -9999 -9999 -9999 -9999 -9999 -9999 -9999 -9999 -9999 -9999 95.977 -9999 95.97 95.957 95.942 95.929 -9999 95.953 95.971 95.987 96.001 96.014 96.026 96.037 96.047 96.058 96.068 96.063 96.05 96.039 96.031 96.03 96.032 96.037 96.044 96.052 96.062 96.074 96.088 96.103 96.119 96.137 96.156 96.176 96.197 96.216 96.233 96.244 96.25 96.256 -9999 -9999
-9999 -9999 -9999 -9999 -9999 -9999 -9999 -9999 -9999 -9999 -9999 -9999 -9999 -9999 -9999 -9999 -9999 -9999 -9999 -9999 -9999 -9999 -9999 -9999 -9999 -9999 -9999 -9999 -9999 -9999 -9999 -9999 -9999 -9999 95.818 95.809 -9999 -9999 -9999 -9999 95.807 95.84 95.861 95.879 95.894 95.908 95.921 95.932 95.943 95.947 95.924 95.915 95.905 95.902 95.896 95.893 95.892 95.894 95.899 95.906 95.916 95.928 95.943 95.96 95.978 95.999 96.022 96.044 96.06 96.072 96.083 96.089 96.093 96.097 96.101
-9999 -9999 -9999 -9999 -9999 -9999 -9999 -9999 -9999 -9999 -9999 -9999 -9999 -9999 -9999 -9999 -9999 -9999 -9999 -9999 -9999 -9999 -9999 -9999 -9999 -9999 -9999 -9999 -9999 -9999 -9999 -9999 -9999 -9999 95.68 95.64 -9999 -9999 -9999 -9999 95.624 95.669 95.697 95.722 95.744 95.765 95.785 95.804 95.818 95.806 95.79 95.772 95.758 95.748 95.74 95.733 95.73 95.73 95.732 95.737 95.745 95.755 95.767 95.781 95.797 95.815 95.835 95.857 95.877 95.896 95.915 95.926 95.928 95.928 95.93
-9999 -9999 -9999 -9999 -9999 -9999 -9999 -9999 -9999 -9999 -9999 -9999 -9999 -9999 -9999 -9999 -9999 -9999 -9999 -9999 -9999 -9999 -9999 -9999 -9999 -9999 -9999 -9999 -9999 -9999 -9999 -9999 -9999 -9999 95.585 -9999 -9999 -9999 -9999 95.405 95.435 95.478 95.514 95.546 95.575 95.601 95.63 95.659 95.657 95.64 95.624 95.614 95.6 95.586 95.576 95.569 95.566 95.565 95.566 95.57 95.575 95.582 95.591 95.601 95.613 95.627 95.641 95.657 95.673 95.69 95.709 95.731 95.748 95.744 -9999
-9999 -9999 -9999 -9999 -9999 -9999 -9999 -9999 -9999 -9999 -9999 -9999 -9999 -9999 -9999 -9999 -9999 -9999 -9999 -9999 -9999 -9999 -9999 -9999 -9999 -9999 -9999 -9999 -9999 -9999 -9999 -9999 -9999 -9999 -9999 -9999 -9999 -9999 -9999 95.219 95.241 95.286 95.331 95.372 95.416 95.457 95.491 95.486 95.465 95.449 95.437 95.429 95.424 95.42 95.416 95.41 95.406 95.404 95.404 95.406 95.409 95.413 95.419 95.425 95.433 95.442 95.451 95.461 95.472 95.484 95.497 95.512 95.529 95.525 -9999
-9999 -9999 -9999 -9999 -9999 -9999 -9999 -9999 -9999 -9999 -9999 -9999 -9999 -9999 -9999 -9999 -9999 -9999 -9999 -9999 -9999 -9999 -9999 -9999 -9999 -9999 -9999 -9999 -9999 -9999 -9999 -9999 -9999 -9999 -9999 -9999 -9999 -9999 -9999 95.052 95.078 95.125 95.184 95.24 95.288 95.317 95.317 95.296 95.279 95.266 95.255 95.248 95.244 95.243 95.246 95.249 95.25 95.248 95.246 95.246 95.246 95.247 95.249 95.252 95.255 95.259 95.264 95.269 95.275 95.281 95.288 95.296 95.305 95.31 -9999
-9999 -9999 -9999 -9999 -9999 -9999 -9999 -9999 -9999 -9999 -9999 -9999 -9999 -9999 -9999 -9999 -9999 -9999 -9999 -9999 -9999 -9999 -9999 -9999 -9999 -9999 -9999 -9999 -9999 -9999 -9999 -9999 -9999 -9999 -9999 -9999 -9999 -9999 94.928 94.94 94.959 94.997 95.061 95.112 95.14 95.153 95.135 95.119 95.105 95.094 95.086 95.079 95.074 95.073 95.074 95.079 95.085 95.091 95.091 95.088 95.086 95.084 95.082 95.081 95.08 95.079 95.079 95.081 95.082 95.082 95.083 95.084 95.086 95.084 95.073
-9999 -9999 -9999 -9999 -9999 -9999 -9999 -9999 -9999 -9999 -9999 -9999 -9999 -9999 -9999 -9999 -9999 -9999 -9999 -9999 -9999 -9999 -9999 -9999 -9999 -9999 -9999 -9999 -9999 -9999 -9999 -9999 -9999 -9999 -9999 -9999 -9999 -9999 94.832 94.846 94.859 94.89 94.926 94.958 94.983 94.978 94.964 94.952 94.942 94.933 94.925 94.919 94.914 94.912 94.912 94.915 94.919 94.925 94.931 94.932 94.928 94.922 94.917 94.911 94.906 94.901 94.898 94.895 94.891 94.886 94.881 94.875 94.869 94.862 94.853
-9999 -9999 -9999 -9999 -9999 -9999 -9999 -9999 -9999 -9999 -9999 -9999 -9999 -9999 -9999 -9999 -9999 -9999 -9999 -9999 -9999 -9999 -9999 -9999 -9999 -9999 -9999 -9999 -9999 -9999 -9999 -9999 -9999 -9999 -9999 -9999 -9999 94.726 94.743 94.759 94.768 94.768 94.775 94.808 94.822 94.812 94.803 94.795 94.787 94.78 94.774 94.768 94.762 94.759 94.758 94.759 94.76 94.763 94.765 94.769 94.768 94.762 94.752 94.742 94.734 94.726 94.719 94.711 94.702 94.692 94.681 94.668 94.654 94.637 94.619
-9999 -9999 -9999 -9999 -9999 -9999 -9999 -9999 -9999 -9999 -9999 -9999 -9999 -9999 -9999 -9999 -9999 -9999 -9999 -9999 -9999 -9999 -9999 -9999 -9999 -9999 -9999 -9999 -9999 -9999 -9999 -9999 -9999 -9999 -9999 -9999 -9999 94.64 94.659 94.671 94.662 94.644 94.647 94.659 94.659 94.654 94.649 94.644 94.639 94.634 94.629 94.624 94.619 94.614 94.611 94.61 94.608 94.606 94.605 94.604 94.602 94.599 94.588 94.575 94.564 94.553 94.542 94.529 94.514 94.499 94.481 94.461 94.439 94.413 94.384
-9999 -9999 -9999 -9999 -9999 -9999 -9999 -9999 -9999 -9999 -9999 -9999 -9999 -9999 -9999 -9999 -9999 -9999 -9999 -9999 -9999 -9999 -9999 -9999 -9999 -9999 -9999 -9999 -9999 -9999 -9999 -9999 -9999 -9999 -9999 -9999 -9999 94.558 94.574 94.567 94.552 94.536 94.527 94.515 94.504 94.502 94.502 94.5 94.497 94.494 94.49 94.485 94.48 94.475 94.47 94.465 94.46 94.455 94.449 94.443 94.436 94.429 94.423 94.41 94.396 94.381 94.365 94.347 94.327 94.306 94.282 94.255 94.224 94.189 94.148
-9999 -9999 -9999 -9999 -9999 -9999 -9999 -9999 -9999 -9999 -9999 -9999 -9999 -9999 -9999 -9999 -9999 -9999 -9999 -9999 -9999 -9999 -9999 -9999 -9999 -9999 -9999 -9999 -9999 -9999 -9999 -9999 -9999 -9999 -9999 -9999 -9999 -9999 94.478 94.461 94.448 94.435 94.416 94.383 94.356 94.357 94.359 94.36 94.36 94.358 94.355 94.35 94.345 94.339 94.332 94.324 94.315 94.306 94.296 94.286 94.274 94.264 94.254 94.245 94.229 94.209 94.188 94.165 94.14 94.112 94.081 -9999 94.007 -9999 93.935
