Validation/Results/ReClimate_07_2024_2.asc
NCOLS 192
NROWS 249
XLLCENTER -225160.85627316462
YLLCENTER 29788.11610251502
CELLSIZE 5000.0
NODATA_VALUE -9999
[rows 198 to 230 of 249, columns 74 to 147 of 192]
-9999 -9999 -9999 -9999 -9999 -9999 -9999 -9999 -9999 -9999 -9999 -9999 -9999 -9999 -9999 -9999 -9999 -9999 103.652 102.852 102.743 102.899 103.537 103.13 102.385 102.784 103.235 103.444 104.462 104.76 105.111 105.154 105.204 105.229 105.214 105.012 104.847 104.993 105.094 104.849 104.562 104.492 104.438 104.474 104.537 104.448 104.369 104.406 104.351 104.174 103.951 103.546 102.995 102.877 102.776 102.467 102.156 101.845 101.533 101.212 100.884 100.549 100.225 99.905 99.581 99.245 98.896 98.473 97.894 97.55 97.247 97.165 97.055 96.912
-9999 -9999 -9999 -9999 -9999 -9999 -9999 -9999 -9999 -9999 -9999 -9999 -9999 -9999 -9999 103.432 100.663 101.055 101.564 101.59 101.694 102.225 102.729 102.204 101.819 102.66 104.332 104.64 104.656 104.863 104.919 104.96 105.0 105.003 104.984 104.892 104.871 104.844 104.622 104.478 104.485 104.474 104.496 104.49 104.388 104.344 104.355 104.258 104.054 103.837 103.587 103.307 102.941 102.573 102.403 102.092 101.779 101.471 101.164 100.844 100.526 100.208 99.892 99.559 99.226 98.83 98.481 98.205 97.841 97.518 97.334 97.113 96.989 96.829
-9999 -9999 -9999 -9999 -9999 -9999 -9999 -9999 -9999 -9999 -9999 -9999 -9999 102.189 102.348 101.147 100.888 101.295 101.051 101.325 101.887 102.046 101.699 101.545 102.001 104.055 104.587 104.599 104.602 104.658 104.728 104.769 104.799 104.791 104.77 104.754 104.733 104.615 104.614 104.534 104.287 104.312 104.318 104.217 104.073 104.11 104.165 103.929 103.692 103.453 103.196 102.915 102.624 102.328 102.022 101.709 101.397 101.093 100.799 100.503 100.197 99.886 99.575 99.254 98.909 98.557 98.043 97.824 97.676 97.455 97.287 97.114 96.912 96.748
-9999 -9999 -9999 -9999 -9999 -9999 -9999 -9999 -9999 102.525 102.411 102.258 102.104 102.613 98.446 98.529 99.153 99.663 101.568 101.904 101.939 101.346 100.732 102.732 104.058 104.359 104.392 104.409 104.444 104.498 104.538 104.58 104.604 104.526 104.329 103.912 102.755 103.13 104.186 104.025 103.954 103.985 104.045 103.942 103.817 103.806 103.69 103.48 103.333 103.09 102.832 102.55 102.253 101.952 101.652 101.346 101.046 100.754 100.465 100.174 99.88 99.579 99.238 98.93 98.601 98.265 97.801 97.548 97.521 97.357 97.196 97.017 96.81 96.63
-9999 -9999 -9999 -9999 -9999 -9999 -9999 -9999 103.506 102.289 102.171 102.147 103.432 101.374 100.346 100.73 100.841 101.978 102.41 102.358 102.149 101.715 103.104 103.694 104.122 104.158 104.194 104.231 104.27 104.31 104.351 104.395 104.411 104.274 104.195 103.582 103.598 104.105 103.927 103.905 103.952 104.013 104.081 103.873 103.483 103.375 103.2 103.07 103.006 102.763 102.51 102.238 101.945 101.65 101.352 101.053 100.761 100.478 100.193 99.905 99.613 99.315 99.009 98.645 98.295 97.899 97.57 97.404 97.414 97.262 97.099 96.907 96.689 96.502
-9999 -9999 -9999 -9999 -9999 -9999 -9999 103.8 102.36 102.164 101.857 102.284 102.32 101.875 102.294 102.381 102.425 102.646 102.681 102.487 102.554 103.479 103.596 103.857 103.917 103.959 104.0 104.041 104.082 104.123 104.166 104.208 104.217 104.027 103.62 103.704 103.93 103.793 103.656 103.656 103.559 103.665 103.841 103.614 103.527 103.295 102.876 102.788 102.715 102.473 102.226 101.93 101.594 101.362 101.088 100.795 100.51 100.23 99.947 99.66 99.37 99.075 98.772 98.468 98.107 97.794 97.544 97.375 97.313 97.154 96.981 96.784 96.563 96.376
-9999 -9999 -9999 -9999 -9999 103.985 -9999 102.759 102.195 101.901 101.62 101.304 100.415 101.248 103.084 103.126 103.146 103.166 103.178 103.031 103.223 103.37 103.557 103.631 103.715 103.763 103.808 103.851 103.894 103.936 103.979 104.018 104.023 103.617 103.092 103.341 103.717 103.574 103.364 103.384 103.556 103.575 103.402 103.38 103.389 103.044 102.723 102.601 102.442 102.201 101.958 101.671 101.321 101.088 100.835 100.549 100.27 99.992 99.711 99.425 99.134 98.839 98.538 98.233 97.938 97.672 97.492 97.352 97.208 97.043 96.859 96.656 96.44 96.256
-9999 -9999 -9999 -9999 -9999 -9999 -9999 -9999 -9999 101.618 101.798 101.325 101.379 102.547 103.198 103.229 103.255 103.276 103.292 103.205 103.188 103.285 103.367 103.449 103.513 103.542 103.525 103.594 103.704 103.748 103.792 103.827 103.83 103.235 102.35 102.851 103.712 103.478 103.143 103.293 103.438 103.26 103.033 103.047 103.003 102.731 102.487 102.327 102.17 101.91 101.605 101.349 101.119 100.85 100.593 100.313 100.04 99.764 99.483 99.198 98.907 98.614 98.316 98.007 97.76 97.563 97.401 97.251 97.1 96.933 96.745 96.534 96.32 96.141
-9999 -9999 -9999 -9999 -9999 -9999 -9999 -9999 -9999 101.643 101.466 101.52 101.63 102.228 103.06 103.098 103.129 103.155 103.169 103.135 103.106 103.127 103.162 103.237 103.307 103.306 103.294 103.401 103.512 103.557 103.602 103.636 103.638 103.042 102.699 103.183 103.268 103.123 103.202 103.192 102.978 102.858 102.878 102.838 102.71 102.455 102.149 102.014 101.907 101.632 101.379 101.157 100.882 100.614 100.361 100.087 99.818 99.544 99.264 98.978 98.686 98.392 98.1 97.846 97.63 97.468 97.315 97.162 97.008 96.839 96.65 96.443 96.225 96.053
-9999 -9999 -9999 -9999 -9999 -9999 -9999 103.384 102.761 102.375 101.617 -9999 101.654 102.28 102.92 102.965 103.002 103.014 -9999 102.961 102.982 102.979 103.0 103.032 103.097 103.124 103.181 103.263 103.299 103.249 103.017 103.152 103.445 103.084 102.579 102.567 102.417 102.618 103.042 102.886 102.803 102.77 102.661 102.555 102.359 102.094 101.863 101.75 101.624 101.388 101.163 100.928 100.676 100.39 100.134 99.869 99.603 99.332 99.054 98.72 98.401 98.103 97.892 97.715 97.541 97.384 97.232 97.079 96.928 96.76 96.57 96.34 96.117 95.975
-9999 -9999 -9999 -9999 -9999 -9999 -9999 103.221 -9999 -9999 -9999 101.384 101.55 102.089 -9999 -9999 -9999 -9999 -9999 102.82 102.834 102.838 102.852 102.868 102.894 102.949 103.01 103.054 103.089 102.968 102.953 103.169 103.247 102.832 102.436 102.335 102.266 102.549 102.752 102.674 102.611 102.495 102.348 102.157 101.831 101.678 101.642 101.515 101.374 101.146 100.893 100.675 100.44 100.177 99.914 99.656 99.393 99.126 98.852 98.511 98.176 97.939 97.695 97.592 97.463 97.303 97.155 97.003 96.849 96.682 96.495 96.285 96.041 95.911
-9999 -9999 -9999 -9999 -9999 -9999 -9999 -9999 -9999 101.793 101.259 101.41 101.61 102.112 -9999 -9999 -9999 -9999 -9999 -9999 -9999 -9999 102.636 102.645 102.687 102.723 102.8 102.841 102.864 102.708 102.26 102.518 103.033 102.703 102.385 102.308 102.138 102.248 102.291 102.146 101.856 101.816 101.947 101.734 101.564 101.442 101.184 101.094 101.08 100.836 100.57 100.394 100.199 99.952 99.699 99.445 99.187 98.923 98.654 98.379 98.115 97.897 97.686 97.511 97.39 97.227 97.081 96.931 96.773 96.604 96.422 96.232 96.023 95.878
-9999 -9999 -9999 -9999 -9999 -9999 -9999 -9999 -9999 -9999 101.248 -9999 -9999 -9999 -9999 -9999 -9999 -9999 -9999 -9999 102.587 102.531 102.451 102.448 102.392 102.47 102.631 102.632 102.657 102.24 101.703 102.22 102.816 102.545 102.27 102.059 101.694 101.796 102.058 101.81 101.572 101.653 101.705 -9999 101.324 101.096 100.865 100.837 100.807 100.537 100.212 100.059 99.957 99.727 99.484 99.234 98.98 98.724 98.499 98.237 98.012 97.828 97.633 97.472 97.32 97.153 97.008 96.861 96.7 96.527 96.349 96.164 95.978 95.855
-9999 -9999 -9999 -9999 -9999 -9999 -9999 -9999 -9999 -9999 -9999 -9999 -9999 -9999 -9999 -9999 -9999 -9999 -9999 -9999 102.191 102.212 102.384 102.37 -9999 -9999 -9999 102.495 102.515 102.227 102.263 102.608 102.599 102.437 102.375 102.118 101.996 102.098 102.023 101.824 101.643 101.655 -9999 101.45 101.249 100.978 100.587 100.551 100.528 100.276 100.087 99.928 99.718 99.5 99.268 99.022 98.801 98.597 98.396 98.211 97.988 97.805 97.608 97.423 97.25 97.079 96.935 96.789 96.629 96.452 96.276 96.097 95.934 95.834
-9999 -9999 -9999 -9999 -9999 -9999 -9999 -9999 -9999 -9999 -9999 -9999 -9999 -9999 -9999 -9999 -9999 -9999 -9999 -9999 -9999 -9999 -9999 -9999 -9999 -9999 -9999 102.383 102.389 102.399 102.395 102.393 102.382 102.335 102.233 102.004 101.594 101.62 101.835 101.692 -9999 -9999 101.188 101.077 101.059 100.709 100.339 100.275 100.163 100.003 99.875 99.681 99.482 99.27 99.077 98.882 98.683 98.503 98.323 98.136 97.944 97.751 97.561 97.37 97.178 97.006 96.861 96.716 96.556 96.378 96.204 96.037 95.908 95.834
-9999 -9999 -9999 -9999 -9999 -9999 -9999 -9999 -9999 -9999 -9999 -9999 -9999 -9999 -9999 -9999 -9999 -9999 -9999 -9999 -9999 -9999 -9999 -9999 -9999 -9999 -9999 102.27 102.273 102.261 102.245 102.238 102.206 102.111 101.973 101.695 101.544 -9999 -9999 -9999 -9999 -9999 101.009 100.953 100.803 100.463 100.095 99.968 99.814 99.706 99.643 99.462 99.299 99.122 98.945 98.777 98.601 98.425 98.243 98.054 97.862 97.672 97.483 97.294 97.101 96.93 96.787 96.646 96.491 96.318 96.146 95.984 95.888 95.841
-9999 -9999 -9999 -9999 -9999 -9999 -9999 -9999 -9999 -9999 -9999 -9999 -9999 -9999 -9999 -9999 -9999 -9999 -9999 -9999 -9999 -9999 -9999 -9999 -9999 -9999 -9999 -9999 -9999 102.137 102.122 102.109 102.061 101.933 101.791 101.661 -9999 -9999 -9999 -9999 101.06 100.922 100.83 100.702 100.539 100.228 99.943 99.794 99.623 99.555 99.488 99.33 99.17 99.01 98.85 98.691 98.524 98.348 98.164 97.974 97.785 97.598 97.412 97.224 97.034 96.865 96.724 96.585 96.431 96.261 96.089 95.942 95.859 95.832
-9999 -9999 -9999 -9999 -9999 -9999 -9999 -9999 -9999 -9999 -9999 -9999 -9999 -9999 -9999 -9999 -9999 -9999 -9999 -9999 -9999 -9999 -9999 -9999 -9999 -9999 -9999 -9999 -9999 -9999 102.0 101.988 101.927 101.773 101.579 -9999 -9999 -9999 -9999 101.033 100.516 100.496 100.643 100.465 100.178 99.998 99.959 99.796 99.63 99.531 99.377 99.172 98.916 98.867 98.755 98.6 98.445 98.269 98.083 97.896 97.71 97.526 97.342 97.156 96.968 96.768 96.617 96.509 96.37 96.2 96.026 95.898 95.835 95.809
-9999 -9999 -9999 -9999 -9999 -9999 -9999 -9999 -9999 -9999 -9999 -9999 -9999 -9999 -9999 -9999 -9999 -9999 -9999 -9999 -9999 -9999 -9999 -9999 -9999 -9999 -9999 -9999 -9999 -9999 -9999 -9999 -9999 -9999 -9999 -9999 -9999 -9999 100.998 100.662 100.386 100.46 100.493 100.276 100.076 99.997 99.877 99.716 99.569 99.42 99.269 98.969 98.697 98.702 98.66 98.508 98.35 98.183 97.999 97.814 97.632 97.45 97.268 97.084 96.898 96.715 96.535 96.424 96.304 96.133 95.962 95.855 95.813 95.785
-9999 -9999 -9999 -9999 -9999 -9999 -9999 -9999 -9999 -9999 -9999 -9999 -9999 -9999 -9999 -9999 -9999 -9999 -9999 -9999 -9999 -9999 -9999 -9999 -9999 -9999 -9999 -9999 -9999 -9999 -9999 -9999 -9999 -9999 -9999 -9999 -9999 100.845 100.744 100.556 100.497 100.464 100.349 100.193 100.038 99.902 99.747 99.603 99.457 99.311 99.163 98.923 98.774 98.646 98.565 98.415 98.254 98.084 97.909 97.73 97.55 97.37 97.19 97.007 96.824 96.663 96.516 96.369 96.234 96.061 95.918 95.825 95.792 95.762
-9999 -9999 -9999 -9999 -9999 -9999 -9999 -9999 -9999 -9999 -9999 -9999 -9999 -9999 -9999 -9999 -9999 -9999 -9999 -9999 -9999 -9999 -9999 -9999 -9999 -9999 -9999 -9999 -9999 -9999 -9999 -9999 -9999 -9999 -9999 -9999 -9999 100.721 100.457 100.412 100.437 100.323 100.207 100.075 99.925 99.777 99.636 99.493 99.348 99.204 99.059 98.911 98.764 98.616 98.468 98.316 98.155 97.983 97.812 97.64 97.463 97.285 97.106 96.924 96.745 96.589 96.453 96.313 96.158 95.987 95.873 95.81 95.772 95.74
-9999 -9999 -9999 -9999 -9999 -9999 -9999 -9999 -9999 -9999 -9999 -9999 -9999 -9999 -9999 -9999 -9999 -9999 -9999 -9999 -9999 -9999 -9999 -9999 100.847 100.909 101.118 101.122 -9999 101.16 -9999 -9999 -9999 -9999 -9999 -9999 -9999 -9999 100.383 100.348 100.246 100.145 100.07 99.941 99.801 99.655 99.499 99.351 99.192 99.051 98.911 98.794 98.663 98.517 98.37 98.215 98.05 97.879 97.709 97.54 97.371 97.195 97.017 96.835 96.661 96.509 96.373 96.232 96.076 95.94 95.845 95.797 95.754 95.719
-9999 -9999 -9999 -9999 -9999 -9999 -9999 -9999 -9999 -9999 -9999 -9999 -9999 -9999 -9999 -9999 -9999 -9999 -9999 -9999 -9999 100.888 100.968 100.828 100.635 100.767 100.927 100.923 100.913 100.953 100.971 101.045 -9999 -9999 100.911 100.778 100.607 100.443 100.217 100.08 99.883 99.85 99.914 99.802 99.688 99.529 99.355 99.217 99.107 98.955 98.774 98.669 98.563 98.417 98.271 98.112 97.943 97.773 97.604 97.436 97.268 97.098 96.921 96.739 96.571 96.425 96.287 96.145 96.003 95.898 95.836 95.785 95.738 95.7
-9999 -9999 -9999 -9999 -9999 -9999 -9999 -9999 -9999 -9999 -9999 -9999 -9999 -9999 -9999 -9999 -9999 -9999 -9999 -9999 100.678 100.727 100.798 100.659 100.497 100.599 100.588 100.57 100.492 100.53 100.513 100.436 100.082 100.088 100.295 100.174 100.041 99.957 100.109 99.95 99.842 99.846 99.79 99.695 99.589 99.414 99.221 99.111 99.008 98.853 98.729 98.595 98.388 98.269 98.138 97.996 97.834 97.664 97.495 97.327 97.16 96.99 96.817 96.636 96.474 96.335 96.196 96.051 95.95 95.877 95.826 95.773 95.723 95.682
-9999 -9999 -9999 -9999 -9999 -9999 -9999 -9999 -9999 -9999 -9999 -9999 -9999 -9999 -9999 -9999 -9999 -9999 -9999 -9999 100.521 100.309 100.5 100.364 100.15 100.066 99.771 99.841 100.106 100.202 100.379 100.206 100.288 100.282 99.978 99.919 99.944 100.002 99.974 99.873 99.785 99.711 99.622 99.535 99.443 99.26 99.058 98.95 98.84 98.732 98.654 98.461 98.277 98.15 98.033 97.878 97.724 97.552 97.382 97.214 97.046 96.877 96.703 96.53 96.375 96.24 96.099 95.991 95.916 95.87 95.818 95.762 95.709 95.665
-9999 -9999 -9999 -9999 -9999 -9999 -9999 -9999 -9999 -9999 -9999 -9999 -9999 -9999 -9999 -9999 -9999 -9999 -9999 -9999 99.867 99.925 99.994 100.04 100.416 100.312 100.405 100.573 100.585 100.626 100.31 100.358 100.411 100.178 100.024 100.076 100.16 100.097 99.988 99.888 99.78 99.681 99.574 99.469 99.313 99.157 99.035 98.903 98.736 98.647 98.554 98.319 98.015 97.984 97.895 97.758 97.61 97.437 97.265 97.095 96.926 96.757 96.583 96.419 96.272 96.137 96.022 95.946 95.907 95.865 95.81 95.752 95.696 95.649
-9999 -9999 -9999 -9999 -9999 -9999 -9999 -9999 -9999 -9999 -9999 -9999 -9999 -9999 -9999 -9999 99.707 99.517 -9999 99.873 99.331 99.463 99.883 100.195 100.429 100.414 100.172 100.208 100.239 100.116 100.057 100.046 99.972 99.91 99.988 100.066 100.146 100.052 99.941 99.83 99.72 99.611 99.503 99.363 99.222 99.1 98.938 98.789 98.661 98.559 98.454 98.264 97.906 97.822 97.781 97.635 97.496 97.318 97.143 96.97 96.8 96.631 96.456 96.301 96.165 96.048 95.971 95.926 95.898 95.859 95.803 95.743 95.684 95.635
-9999 -9999 -9999 -9999 -9999 -9999 -9999 -9999 -9999 -9999 -9999 -9999 -9999 -9999 -9999 -9999 98.635 99.069 99.487 99.127 98.805 99.126 99.528 99.715 99.845 99.747 99.782 99.876 100.046 100.109 100.184 100.125 100.091 100.115 100.092 100.107 100.032 99.944 99.843 99.732 99.621 99.511 99.403 99.278 99.169 99.035 98.9 98.766 98.623 98.5 98.352 98.178 98.032 97.824 97.723 97.545 97.382 97.199 97.016 96.838 96.667 96.498 96.334 96.184 96.069 95.994 95.946 95.918 95.888 95.851 95.797 95.734 95.673 95.622
-9999 -9999 -9999 -9999 -9999 -9999 -9999 -9999 -9999 -9999 -9999 -9999 -9999 -9999 -9999 99.656 98.569 98.916 99.241 99.036 98.933 99.142 99.219 99.355 99.646 99.602 99.358 99.48 99.522 99.731 99.992 99.971 99.987 99.988 100.055 99.982 99.909 99.829 99.739 99.634 99.522 99.412 99.303 99.193 99.082 98.962 98.831 98.688 98.543 98.397 98.249 98.1 97.954 97.803 97.635 97.453 97.268 97.08 96.889 96.7 96.528 96.36 96.208 96.088 96.016 95.968 95.94 95.91 95.879 95.844 95.793 95.728 95.665 95.611
-9999 -9999 -9999 -9999 -9999 -9999 -9999 -9999 -9999 -9999 -9999 -9999 -9999 -9999 -9999 -9999 99.161 99.339 99.32 99.198 98.991 99.085 99.266 99.401 99.439 99.363 99.515 99.621 99.782 100.022 100.094 100.072 99.997 99.999 99.927 99.854 99.78 99.706 99.623 99.53 99.422 99.311 99.2 99.088 98.974 98.803 98.522 98.407 98.338 98.216 98.142 97.994 97.849 97.665 97.474 97.289 97.097 96.942 96.768 96.576 -9999 96.23 96.108 96.039 95.993 95.965 95.935 95.904 95.87 95.834 95.788 95.722 95.658 95.604
-9999 -9999 -9999 -9999 -9999 -9999 -9999 -9999 -9999 -9999 -9999 -9999 -9999 -9999 -9999 99.296 98.915 98.902 98.862 98.786 98.857 99.02 99.176 99.141 99.031 99.173 99.446 99.568 99.596 99.804 100.076 100.008 99.937 99.864 99.792 99.72 99.646 99.572 99.496 99.41 99.316 99.206 99.093 98.978 98.862 98.642 98.461 98.369 98.232 98.138 98.03 97.884 97.74 97.555 97.352 97.166 96.969 96.802 96.648 96.453 96.263 -9999 96.066 -9999 95.994 -9999 95.931 -9999 95.862 95.824 95.78 95.718 95.653 95.598
-9999 -9999 -9999 -9999 -9999 -9999 -9999 -9999 -9999 -9999 -9999 -9999 -9999 -9999 -9999 98.78 98.313 98.417 98.746 98.795 98.803 98.826 98.632 98.456 98.122 98.519 99.336 99.415 99.693 99.918 99.924 99.86 99.792 99.721 99.649 99.577 99.505 99.431 99.355 99.276 99.188 99.092 98.979 98.863 98.744 98.593 98.466 98.315 98.11 98.003 97.911 97.743 97.541 97.446 97.278 97.09 96.895 96.694 96.516 96.33 96.196 -9999 -9999 96.029 95.996 -9999 -9999 95.892 95.854 95.813 -9999 -9999 -9999 -9999
-9999 -9999 -9999 -9999 -9999 -9999 -9999 -9999 -9999 -9999 -9999 -9999 -9999 -9999 99.08 98.416 98.482 98.665 98.657 98.649 98.6 98.581 98.81 98.652 98.686 99.156 99.284 99.48 99.7 99.74 99.759 99.698 99.634 99.565 99.495 99.424 99.352 99.279 99.203 99.125 99.044 98.952 98.853 98.738 98.617 98.492 98.363 98.169 97.947 97.853 97.78 97.572 97.347 97.269 97.162 96.968 96.77 96.568 -9999 -9999 -9999 96.113 -9999 -9999 -9999 -9999 -9999 -9999 95.853 -9999 -9999 -9999 -9999 -9999
