Validation/Results/ReClimate_08_2024_2_Temperature-Actualsweatherlogisticsltd.asc
NCOLS 192
NROWS 249
XLLCENTER -225160.85627316462
YLLCENTER 29788.11610251502
CELLSIZE 5000.0
NODATA_VALUE -9999
[rows 102 to 135 of 249, columns 77 to 153 of 192]
6.949 6.867 8.778 9.593 -9999 -9999 8.719 -9999 -9999 8.726 6.437 6.155 7.608 6.75 4.763 6.31 5.337 5.285 5.46 5.949 7.553 6.845 6.033 5.176 5.673 6.579 5.967 6.23 7.351 8.147 8.577 8.507 8.081 7.433 8.286 8.601 8.742 8.977 9.008 9.155 -9999 -9999 -9999 -9999 -9999 -9999 -9999 -9999 -9999 -9999 -9999 -9999 -9999 -9999 -9999 -9999 -9999 -9999 -9999 -9999 -9999 -9999 -9999 -9999 -9999 -9999 -9999 -9999 -9999 -9999 -9999 -9999 -9999 -9999 -9999 -9999 -9999
7.265 8.491 -9999 -9999 -9999 9.323 8.216 8.564 8.179 8.044 7.117 8.669 8.193 6.63 6.505 6.843 6.873 6.807 6.697 6.609 5.749 6.716 6.066 6.289 6.067 5.758 6.362 7.096 7.904 8.489 8.653 8.396 7.809 8.477 9.066 -9999 -9999 9.33 -9999 -9999 -9999 -9999 -9999 -9999 -9999 -9999 -9999 -9999 -9999 -9999 -9999 -9999 -9999 -9999 -9999 -9999 -9999 -9999 -9999 -9999 -9999 -9999 -9999 -9999 -9999 -9999 -9999 -9999 -9999 -9999 -9999 -9999 -9999 -9999 -9999 -9999 -9999
-9999 8.728 -9999 -9999 -9999 9.051 8.089 7.846 7.836 8.275 8.76 7.949 6.798 6.517 6.948 7.275 6.854 6.465 7.025 6.531 7.622 6.85 6.632 7.346 7.757 8.009 7.901 8.311 8.587 8.624 8.73 8.714 8.673 9.106 -9999 9.058 9.159 9.173 9.24 -9999 -9999 -9999 -9999 -9999 -9999 -9999 -9999 -9999 -9999 -9999 -9999 -9999 -9999 -9999 -9999 -9999 -9999 -9999 -9999 -9999 -9999 -9999 -9999 -9999 -9999 -9999 -9999 -9999 -9999 -9999 -9999 -9999 -9999 -9999 -9999 -9999 -9999
-9999 -9999 -9999 9.446 9.02 8.171 8.008 7.577 7.977 7.721 6.929 6.449 6.338 7.292 7.175 7.706 6.439 7.542 6.298 7.657 6.568 5.725 7.397 7.977 7.812 8.134 8.616 8.663 8.884 8.975 9.016 9.071 -9999 9.11 9.026 9.082 9.002 9.207 9.167 -9999 -9999 -9999 -9999 -9999 -9999 -9999 -9999 -9999 -9999 -9999 -9999 -9999 -9999 -9999 -9999 -9999 -9999 -9999 -9999 -9999 -9999 -9999 -9999 -9999 -9999 -9999 -9999 -9999 -9999 -9999 -9999 -9999 -9999 -9999 -9999 -9999 -9999
-9999 -9999 -9999 9.284 9.455 8.827 7.801 7.891 8.173 7.103 7.889 7.735 7.311 6.593 7.958 8.014 7.139 6.454 7.151 7.13 5.969 6.873 6.769 6.475 7.425 7.954 8.127 8.425 8.541 8.338 8.263 8.139 8.418 8.991 9.194 8.905 8.693 8.894 8.901 9.182 -9999 -9999 -9999 -9999 -9999 -9999 -9999 -9999 -9999 -9999 -9999 -9999 -9999 -9999 -9999 -9999 -9999 -9999 -9999 -9999 -9999 -9999 -9999 -9999 -9999 -9999 -9999 -9999 -9999 -9999 -9999 -9999 -9999 -9999 -9999 -9999 -9999
-9999 -9999 9.38 -9999 -9999 8.653 7.893 8.453 7.489 7.9 -9999 -9999 6.91 6.794 7.63 8.095 7.157 7.282 7.488 7.095 7.288 7.968 7.364 7.602 7.934 8.229 7.837 7.339 6.935 7.193 7.365 7.863 8.351 8.579 8.991 8.51 8.588 8.555 8.824 9.156 9.387 -9999 -9999 -9999 -9999 -9999 -9999 -9999 -9999 -9999 -9999 -9999 -9999 -9999 -9999 -9999 -9999 -9999 -9999 -9999 -9999 -9999 -9999 -9999 -9999 -9999 -9999 -9999 -9999 -9999 -9999 -9999 -9999 -9999 -9999 -9999 -9999
-9999 -9999 9.43 -9999 9.245 8.626 8.648 7.557 7.616 8.813 8.87 7.321 6.71 7.575 9.346 7.605 6.399 8.161 8.099 7.641 8.121 8.345 8.427 8.595 8.467 7.43 6.457 6.466 7.015 7.424 7.956 8.214 8.234 8.545 8.674 8.804 9.18 9.482 9.628 9.766 -9999 -9999 -9999 -9999 -9999 -9999 -9999 -9999 -9999 -9999 -9999 -9999 -9999 -9999 -9999 -9999 -9999 -9999 -9999 -9999 -9999 -9999 -9999 -9999 -9999 -9999 -9999 -9999 -9999 -9999 -9999 -9999 -9999 -9999 -9999 -9999 -9999
-9999 -9999 9.48 -9999 9.213 9.247 8.512 8.282 8.839 -9999 7.417 7.693 -9999 7.752 7.845 7.577 8.4 7.288 8.313 8.612 8.945 9.026 9.164 9.158 8.671 7.745 8.187 8.425 8.4 8.192 8.044 8.319 8.4 8.782 9.035 9.387 -9999 -9999 -9999 -9999 -9999 -9999 -9999 -9999 -9999 -9999 -9999 -9999 -9999 -9999 -9999 -9999 -9999 -9999 -9999 -9999 -9999 -9999 -9999 -9999 -9999 -9999 -9999 -9999 -9999 -9999 -9999 -9999 -9999 -9999 -9999 -9999 -9999 -9999 -9999 -9999 -9999
9.394 9.366 -9999 -9999 9.59 9.152 8.69 9.072 8.996 7.27 7.57 6.694 -9999 8.435 7.68 8.271 8.395 8.299 8.377 8.784 8.678 8.52 8.36 8.488 8.926 9.244 9.242 9.083 8.711 8.31 8.242 8.45 8.618 8.854 9.321 -9999 -9999 -9999 -9999 -9999 -9999 -9999 -9999 -9999 -9999 -9999 -9999 -9999 -9999 -9999 -9999 -9999 -9999 -9999 -9999 -9999 -9999 -9999 -9999 -9999 -9999 -9999 -9999 -9999 -9999 -9999 -9999 -9999 -9999 -9999 -9999 -9999 -9999 -9999 -9999 -9999 -9999
9.504 9.529 -9999 9.733 8.461 8.464 9.186 -9999 7.792 7.961 6.886 6.902 -9999 8.104 7.369 8.37 9.192 9.028 9.124 8.836 8.485 8.098 7.486 7.93 8.723 9.143 -9999 9.363 9.06 8.88 8.878 8.841 8.62 9.029 -9999 -9999 -9999 -9999 -9999 -9999 -9999 -9999 -9999 -9999 -9999 -9999 -9999 -9999 -9999 -9999 -9999 -9999 -9999 -9999 -9999 -9999 -9999 -9999 -9999 -9999 -9999 -9999 -9999 -9999 -9999 -9999 -9999 -9999 -9999 -9999 -9999 -9999 -9999 -9999 -9999 -9999 -9999
9.781 -9999 -9999 9.206 7.964 8.773 -9999 8.576 8.22 7.906 7.341 7.896 -9999 8.916 8.732 9.027 9.225 9.079 8.863 8.505 6.999 6.863 7.052 7.606 8.538 9.242 9.488 9.637 -9999 -9999 9.437 9.293 -9999 -9999 -9999 -9999 -9999 -9999 9.698 9.759 9.926 -9999 -9999 -9999 -9999 -9999 -9999 -9999 -9999 -9999 -9999 -9999 -9999 -9999 -9999 -9999 -9999 -9999 -9999 -9999 -9999 -9999 -9999 -9999 -9999 -9999 -9999 -9999 -9999 -9999 -9999 -9999 -9999 -9999 -9999 -9999 -9999
-9999 -9999 9.021 8.546 9.085 8.611 -9999 8.664 8.059 8.544 8.587 7.723 -9999 -9999 -9999 9.361 8.913 8.291 8.171 7.944 7.944 8.235 8.183 8.403 8.533 8.723 9.029 9.388 9.48 9.291 9.192 9.427 -9999 -9999 -9999 -9999 -9999 9.497 9.573 9.444 9.746 9.894 -9999 -9999 -9999 -9999 -9999 -9999 -9999 -9999 -9999 -9999 -9999 -9999 -9999 -9999 -9999 -9999 -9999 -9999 -9999 -9999 -9999 -9999 -9999 -9999 -9999 -9999 -9999 -9999 -9999 -9999 -9999 -9999 -9999 -9999 -9999
-9999 -9999 -9999 9.703 8.443 8.859 -9999 8.666 -9999 9.023 8.114 9.027 -9999 9.384 8.793 8.611 -9999 8.71 8.964 8.871 8.973 8.815 8.768 8.527 8.342 8.325 8.59 8.815 8.513 8.548 9.044 9.309 9.434 9.483 9.64 -9999 9.543 9.373 9.221 9.332 9.154 8.926 8.938 9.849 -9999 -9999 -9999 -9999 -9999 -9999 -9999 -9999 -9999 -9999 -9999 -9999 -9999 -9999 -9999 -9999 -9999 -9999 -9999 -9999 -9999 -9999 -9999 -9999 -9999 -9999 -9999 -9999 -9999 -9999 -9999 -9999 -9999
-9999 -9999 -9999 8.924 8.166 9.206 -9999 9.634 -9999 9.224 9.523 -9999 9.352 8.404 7.914 8.536 9.004 9.221 9.221 9.434 9.304 8.911 8.865 8.55 8.16 8.143 8.232 8.303 8.367 8.582 8.815 8.889 8.856 8.852 9.311 9.396 9.034 9.025 8.963 8.895 8.4 8.122 7.997 8.465 9.324 9.564 9.349 -9999 -9999 -9999 -9999 -9999 -9999 -9999 -9999 -9999 -9999 -9999 -9999 -9999 -9999 -9999 -9999 -9999 -9999 -9999 -9999 -9999 -9999 -9999 -9999 -9999 -9999 -9999 -9999 -9999 -9999
-9999 -9999 -9999 8.963 9.342 9.074 8.995 -9999 -9999 10.015 9.899 -9999 9.347 7.861 7.521 8.325 8.724 9.173 9.407 9.416 9.281 9.442 9.175 8.752 8.407 7.952 7.935 8.044 8.226 8.203 8.069 7.936 7.727 8.387 9.107 8.982 8.725 8.597 8.272 7.395 7.293 7.68 7.748 8.2 8.278 8.891 9.337 9.25 -9999 -9999 -9999 -9999 -9999 -9999 -9999 -9999 -9999 -9999 -9999 -9999 -9999 -9999 -9999 -9999 -9999 -9999 -9999 -9999 -9999 -9999 -9999 -9999 -9999 -9999 -9999 -9999 -9999
-9999 -9999 -9999 9.509 9.352 8.707 9.739 -9999 -9999 10.141 10.215 -9999 -9999 7.955 7.967 8.594 8.514 8.432 8.794 8.942 9.105 8.882 9.147 9.096 8.61 8.246 7.851 7.724 7.555 7.599 7.272 7.212 7.692 8.141 8.369 8.352 8.129 7.785 7.255 7.177 7.198 7.588 7.899 8.249 8.755 8.881 8.822 9.11 -9999 -9999 -9999 -9999 -9999 -9999 -9999 -9999 -9999 -9999 -9999 -9999 -9999 -9999 -9999 -9999 -9999 -9999 -9999 -9999 -9999 -9999 -9999 -9999 -9999 -9999 -9999 -9999 -9999
-9999 -9999 -9999 9.777 9.007 9.17 -9999 -9999 -9999 -9999 10.342 -9999 9.541 8.371 8.84 8.909 8.311 8.098 8.089 8.483 8.532 8.617 8.673 8.821 8.808 8.122 7.678 7.625 7.666 7.371 7.178 7.554 7.773 7.76 7.734 7.281 7.346 7.491 7.623 7.598 7.6 7.853 8.081 8.481 8.91 8.903 8.968 9.224 9.246 -9999 -9999 -9999 -9999 -9999 -9999 -9999 -9999 -9999 -9999 -9999 -9999 -9999 -9999 -9999 -9999 -9999 -9999 -9999 -9999 -9999 -9999 -9999 -9999 -9999 -9999 -9999 -9999
-9999 9.269 9.209 8.982 9.219 -9999 -9999 8.774 -9999 -9999 -9999 -9999 9.712 9.196 9.269 9.008 8.669 8.256 8.017 7.949 7.825 7.837 8.151 8.394 8.48 8.368 7.759 7.792 7.71 7.705 7.947 7.9 7.489 7.534 6.695 6.4 6.897 7.285 7.565 7.941 8.052 8.208 8.214 8.592 8.989 9.018 9.137 9.21 9.285 -9999 -9999 -9999 -9999 -9999 -9999 -9999 -9999 -9999 -9999 -9999 -9999 -9999 -9999 -9999 -9999 -9999 -9999 -9999 -9999 -9999 -9999 -9999 -9999 -9999 -9999 -9999 -9999
-9999 -9999 8.807 8.86 9.489 -9999 8.788 8.045 8.743 -9999 -9999 -9999 -9999 9.935 9.683 9.528 9.222 8.846 8.434 7.91 7.733 7.88 8.096 8.187 8.326 7.942 8.049 7.962 7.855 7.758 7.793 7.404 7.969 7.473 7.331 7.196 6.758 6.998 7.764 8.096 8.433 8.511 8.567 8.855 8.976 9.083 9.169 9.043 9.105 9.315 -9999 -9999 -9999 -9999 -9999 -9999 -9999 -9999 -9999 -9999 -9999 -9999 -9999 -9999 -9999 -9999 -9999 -9999 -9999 -9999 -9999 -9999 -9999 -9999 -9999 -9999 -9999
-9999 -9999 9.22 8.964 9.209 -9999 9.213 8.176 9.016 -9999 -9999 -9999 -9999 -9999 9.961 9.806 9.623 9.49 9.029 8.591 8.248 7.853 7.465 7.616 7.875 8.101 8.22 7.992 7.813 7.871 7.667 7.761 8.028 7.803 7.714 7.711 8.056 8.152 8.405 8.436 8.659 8.542 8.771 9.116 9.189 9.266 9.204 9.09 8.811 9.123 9.45 -9999 -9999 -9999 -9999 -9999 -9999 -9999 -9999 -9999 -9999 -9999 -9999 -9999 -9999 -9999 -9999 -9999 -9999 -9999 -9999 -9999 -9999 -9999 -9999 -9999 -9999
-9999 -9999 9.13 8.707 -9999 -9999 9.711 8.787 8.538 9.489 -9999 -9999 -9999 -9999 -9999 9.886 9.505 9.174 8.981 8.287 7.675 7.37 7.07 7.182 7.519 7.923 7.745 7.918 7.846 7.562 7.515 7.864 6.617 7.357 7.173 7.814 7.424 7.986 8.554 8.43 8.62 8.851 9.057 8.987 8.804 8.817 9.011 8.929 9.241 8.871 9.292 9.593 10.063 -9999 -9999 -9999 -9999 -9999 -9999 -9999 -9999 -9999 -9999 -9999 -9999 -9999 -9999 -9999 -9999 -9999 -9999 -9999 -9999 -9999 -9999 -9999 -9999
-9999 -9999 8.921 9.534 -9999 -9999 9.255 8.246 8.388 -9999 -9999 -9999 -9999 -9999 -9999 9.876 9.386 9.076 8.786 8.247 7.972 7.871 7.568 7.473 7.405 7.498 7.596 7.646 6.907 6.426 7.317 6.432 5.969 6.319 7.323 7.212 7.763 8.499 8.203 8.366 8.656 8.673 8.779 8.9 8.796 8.815 8.397 8.349 9.095 9.077 8.924 9.415 9.844 -9999 -9999 -9999 -9999 -9999 -9999 -9999 -9999 -9999 -9999 -9999 -9999 -9999 -9999 -9999 -9999 -9999 -9999 -9999 -9999 -9999 -9999 -9999 -9999
-9999 -9999 9.322 10.075 -9999 -9999 -9999 9.405 9.123 9.341 -9999 -9999 -9999 -9999 -9999 9.867 9.389 9.089 8.877 8.577 8.406 7.809 7.086 6.824 7.248 7.232 7.685 7.498 6.956 6.882 7.328 5.987 6.471 7.068 6.816 7.234 8.119 7.922 8.252 8.282 8.459 8.779 8.695 8.579 8.648 8.321 7.227 7.624 8.31 9.052 8.983 9.118 9.588 -9999 -9999 -9999 -9999 -9999 -9999 -9999 -9999 -9999 -9999 -9999 -9999 -9999 -9999 -9999 -9999 -9999 -9999 -9999 -9999 -9999 -9999 -9999 -9999
-9999 9.053 9.295 9.951 -9999 -9999 -9999 -9999 -9999 -9999 -9999 -9999 -9999 -9999 -9999 9.505 9.056 8.9 8.711 8.472 8.259 7.561 7.138 7.065 7.3 7.444 7.167 7.2 6.549 6.751 6.187 5.882 6.459 7.072 6.856 7.271 7.473 7.959 8.024 8.39 8.41 8.368 8.583 8.364 8.274 7.334 7.154 7.092 8.233 9.084 9.213 9.14 9.394 10.294 -9999 -9999 -9999 -9999 -9999 -9999 -9999 -9999 -9999 -9999 -9999 -9999 -9999 -9999 -9999 -9999 -9999 -9999 -9999 -9999 -9999 -9999 -9999
9.097 9.069 9.006 10.107 -9999 -9999 -9999 -9999 -9999 -9999 -9999 -9999 -9999 9.853 9.645 9.254 8.756 8.29 7.974 8.087 8.073 7.92 7.702 8.016 7.576 6.801 6.863 6.89 6.92 7.251 6.82 6.048 7.266 7.127 7.151 7.307 7.695 8.055 8.419 7.975 8.096 8.355 8.322 8.108 7.463 7.3 7.262 7.416 8.162 9.154 9.355 9.173 9.394 10.014 -9999 -9999 -9999 -9999 -9999 -9999 -9999 -9999 -9999 -9999 -9999 -9999 -9999 -9999 -9999 -9999 -9999 -9999 -9999 -9999 -9999 -9999 -9999
9.108 9.549 10.262 -9999 -9999 -9999 -9999 -9999 -9999 -9999 -9999 -9999 -9999 9.778 9.637 9.142 8.438 8.027 8.036 7.473 7.116 7.143 7.09 7.376 7.47 7.568 7.377 6.975 7.295 7.705 7.41 7.158 6.621 7.088 6.927 7.515 7.851 8.426 8.075 7.937 8.06 8.066 7.753 7.206 6.903 7.281 7.652 8.055 8.633 8.713 8.763 9.041 9.326 9.854 -9999 -9999 -9999 -9999 -9999 -9999 -9999 -9999 -9999 -9999 -9999 -9999 -9999 -9999 -9999 -9999 -9999 -9999 -9999 -9999 -9999 -9999 -9999
-9999 -9999 -9999 -9999 -9999 -9999 -9999 -9999 -9999 -9999 -9999 -9999 -9999 9.671 9.365 8.499 8.366 8.15 7.886 7.045 6.915 6.331 6.654 6.98 7.407 7.624 7.323 6.229 6.744 7.886 7.967 6.912 6.933 7.192 7.278 7.263 7.917 7.531 7.374 7.628 7.315 7.099 6.813 7.458 7.474 7.537 7.738 8.06 8.888 9.119 9.013 9.16 9.612 9.968 -9999 -9999 -9999 -9999 -9999 -9999 -9999 -9999 -9999 -9999 -9999 -9999 -9999 -9999 -9999 -9999 -9999 -9999 -9999 -9999 -9999 -9999 -9999
-9999 -9999 -9999 -9999 -9999 -9999 -9999 -9999 -9999 -9999 -9999 -9999 9.583 8.962 8.215 8.297 7.933 8.073 7.919 7.678 6.708 6.703 6.559 6.866 7.201 8.111 7.732 7.221 7.406 7.89 8.089 7.766 7.617 7.504 7.351 7.395 6.991 7.622 7.838 7.606 7.338 6.418 7.201 7.049 7.384 7.88 7.895 8.11 8.157 8.928 9.342 9.535 9.778 10.076 -9999 -9999 -9999 -9999 -9999 -9999 -9999 -9999 -9999 -9999 -9999 -9999 -9999 -9999 -9999 -9999 -9999 -9999 -9999 -9999 -9999 -9999 -9999
-9999 -9999 -9999 -9999 -9999 -9999 -9999 -9999 -9999 -9999 -9999 -9999 9.048 8.509 8.122 7.368 7.618 8.051 7.898 7.132 7.672 7.205 7.016 7.284 7.73 8.637 8.529 8.031 7.758 7.869 8.568 8.298 8.131 8.003 7.902 7.201 8.015 7.522 7.86 7.832 6.606 7.627 7.248 7.386 7.851 7.94 8.326 8.234 7.993 8.495 9.082 9.372 9.725 10.148 -9999 -9999 -9999 -9999 -9999 -9999 -9999 -9999 -9999 -9999 -9999 -9999 -9999 -9999 -9999 -9999 -9999 -9999 -9999 -9999 -9999 -9999 -9999
-9999 -9999 -9999 -9999 -9999 -9999 -9999 -9999 -9999 -9999 -9999 9.406 8.64 8.581 7.66 7.857 7.559 6.774 7.188 7.663 7.902 7.48 7.644 7.738 7.785 8.202 8.351 8.123 8.163 8.906 8.912 8.579 8.123 8.062 7.391 8.209 7.921 7.551 8.215 7.268 7.162 7.794 8.034 8.259 7.934 8.017 8.173 8.029 8.336 8.671 9.099 9.408 9.693 10.081 10.41 -9999 -9999 -9999 -9999 -9999 -9999 -9999 -9999 -9999 -9999 -9999 -9999 -9999 -9999 -9999 -9999 -9999 -9999 -9999 -9999 -9999 -9999
-9999 -9999 -9999 -9999 -9999 -9999 -9999 -9999 -9999 -9999 9.43 9.032 8.7 8.579 8.369 8.145 7.5 7.552 7.445 7.149 8.196 8.163 8.085 7.831 7.82 8.114 8.478 8.901 9.108 8.875 9.117 8.796 8.393 8.09 8.28 8.502 8.21 8.228 8.448 7.503 7.256 7.584 7.754 7.921 8.058 8.392 8.399 8.205 8.607 8.815 9.062 9.339 9.718 10.047 10.446 -9999 -9999 -9999 -9999 -9999 -9999 -9999 -9999 -9999 -9999 -9999 -9999 -9999 -9999 -9999 -9999 -9999 -9999 -9999 -9999 -9999 -9999
-9999 -9999 -9999 -9999 -9999 -9999 -9999 -9999 -9999 -9999 9.308 7.978 8.483 8.543 8.551 8.658 8.061 7.005 7.189 8.145 8.345 8.554 8.423 8.236 8.056 7.917 8.979 9.359 9.232 9.244 8.893 8.925 8.517 8.598 8.554 8.766 8.541 8.604 8.233 8.016 7.69 7.602 7.785 7.871 8.411 8.759 8.657 8.636 8.644 8.802 9.145 9.538 9.671 9.911 10.288 -9999 -9999 -9999 -9999 -9999 -9999 -9999 -9999 -9999 -9999 -9999 -9999 -9999 -9999 -9999 -9999 -9999 -9999 -9999 -9999 -9999 -9999
-9999 -9999 -9999 -9999 -9999 -9999 -9999 -9999 -9999 9.642 8.36 8.381 8.367 8.452 8.739 8.887 8.126 7.694 8.006 8.045 8.446 8.612 8.75 8.437 8.107 8.713 8.94 9.21 9.6 9.234 9.205 9.044 9.072 8.948 8.993 9.1 9.009 8.6 8.785 8.406 7.795 7.982 7.962 8.136 8.285 8.74 8.912 9.251 8.988 8.992 9.245 9.61 9.837 9.869 10.111 10.675 -9999 -9999 -9999 -9999 -9999 -9999 -9999 -9999 -9999 -9999 -9999 -9999 -9999 -9999 -9999 -9999 -9999 -9999 -9999 -9999 -9999
-9999 -9999 -9999 -9999 -9999 -9999 -9999 -9999 9.852 -9999 9.062 8.519 8.434 8.51 8.892 9.249 8.893 8.793 8.282 7.846 8.355 8.783 8.954 8.927 8.957 9.032 9.05 9.271 9.487 9.337 9.578 9.539 9.476 9.412 9.501 9.541 9.429 9.254 9.011 8.706 8.708 8.439 8.364 8.396 8.721 9.109 9.664 9.211 8.934 9.202 9.402 9.613 9.827 9.987 10.141 10.474 -9999 -9999 -9999 -9999 -9999 -9999 -9999 -9999 -9999 -9999 -9999 -9999 -9999 -9999 -9999 -9999 -9999 -9999 -9999 -9999 -9999
