Validation/Results/ReClimate_08_2024_1_Temperature.asc
NCOLS 192
NROWS 249
XLLCENTER -225160.85627316462
YLLCENTER 29788.11610251502
CELLSIZE 5000.0
NODATA_VALUE -9999
[rows 102 to 135 of 249, columns 75 to 149 of 192]
-0.242 -0.245 -0.229 -0.212 -0.208 -0.203 -9999 -9999 -0.154 -9999 -9999 -0.139 -0.139 -0.138 -0.138 -0.14 -0.128 -0.116 -0.116 -0.118 -0.12 -0.128 -0.138 -0.151 -0.157 -0.164 -0.16 -0.156 -0.162 -0.169 -0.184 -0.203 -0.207 -0.211 -0.22 -0.231 -0.221 -0.208 -0.216 -0.224 -0.231 -0.241 -9999 -9999 -9999 -9999 -9999 -9999 -9999 -9999 -9999 -9999 -9999 -9999 -9999 -9999 -9999 -9999 -9999 -9999 -9999 -9999 -9999 -9999 -9999 -9999 -9999 -9999 -9999 -9999 -9999 -9999 -9999 -9999 -9999
-0.249 -0.243 -0.23 -0.219 -9999 -9999 -9999 -0.172 -0.159 -0.164 -0.162 -0.163 -0.161 -0.152 -0.152 -0.149 -0.135 -0.118 -0.124 -0.145 -0.147 -0.15 -0.157 -0.161 -0.161 -0.155 -0.154 -0.159 -0.17 -0.191 -0.205 -0.222 -0.226 -0.232 -0.23 -0.212 -0.215 -9999 -9999 -0.244 -9999 -9999 -9999 -9999 -9999 -9999 -9999 -9999 -9999 -9999 -9999 -9999 -9999 -9999 -9999 -9999 -9999 -9999 -9999 -9999 -9999 -9999 -9999 -9999 -9999 -9999 -9999 -9999 -9999 -9999 -9999 -9999 -9999 -9999 -9999
-0.25 -0.245 -9999 -0.225 -9999 -9999 -9999 -0.176 -0.176 -0.179 -0.177 -0.178 -0.172 -0.164 -0.163 -0.161 -0.146 -0.129 -0.145 -0.166 -0.166 -0.169 -0.172 -0.175 -0.169 -0.163 -0.167 -0.172 -0.189 -0.21 -0.223 -0.239 -0.244 -0.25 -0.234 -0.215 -9999 -0.272 -0.27 -0.266 -0.27 -9999 -9999 -9999 -9999 -9999 -9999 -9999 -9999 -9999 -9999 -9999 -9999 -9999 -9999 -9999 -9999 -9999 -9999 -9999 -9999 -9999 -9999 -9999 -9999 -9999 -9999 -9999 -9999 -9999 -9999 -9999 -9999 -9999 -9999
-0.252 -9999 -9999 -9999 -9999 -0.205 -0.192 -0.177 -0.176 -0.175 -0.172 -0.173 -0.171 -0.181 -0.178 -0.17 -0.162 -0.164 -0.174 -0.174 -0.173 -0.176 -0.176 -0.176 -0.174 -0.18 -0.183 -0.187 -0.199 -0.206 -0.221 -0.245 -0.25 -0.257 -9999 -0.242 -0.262 -0.277 -0.279 -0.285 -0.285 -9999 -9999 -9999 -9999 -9999 -9999 -9999 -9999 -9999 -9999 -9999 -9999 -9999 -9999 -9999 -9999 -9999 -9999 -9999 -9999 -9999 -9999 -9999 -9999 -9999 -9999 -9999 -9999 -9999 -9999 -9999 -9999 -9999 -9999
-9999 -9999 -9999 -9999 -9999 -0.216 -0.199 -0.183 -0.181 -0.181 -0.177 -0.177 -0.184 -0.193 -0.186 -0.18 -0.182 -0.184 -0.184 -0.186 -0.186 -0.19 -0.188 -0.187 -0.191 -0.197 -0.2 -0.205 -0.21 -0.215 -0.234 -0.257 -0.263 -0.27 -0.267 -0.263 -0.275 -0.288 -0.293 -0.297 -0.3 -0.304 -9999 -9999 -9999 -9999 -9999 -9999 -9999 -9999 -9999 -9999 -9999 -9999 -9999 -9999 -9999 -9999 -9999 -9999 -9999 -9999 -9999 -9999 -9999 -9999 -9999 -9999 -9999 -9999 -9999 -9999 -9999 -9999 -9999
-9999 -9999 -9999 -9999 -0.222 -9999 -9999 -0.2 -0.194 -0.178 -0.177 -0.188 -9999 -9999 -0.177 -0.185 -0.187 -0.19 -0.193 -0.202 -0.201 -0.195 -0.195 -0.197 -0.198 -0.192 -0.2 -0.218 -0.222 -0.225 -0.238 -0.245 -0.249 -0.258 -0.253 -0.251 -0.261 -0.278 -0.284 -0.295 -0.299 -0.307 -0.296 -9999 -9999 -9999 -9999 -9999 -9999 -9999 -9999 -9999 -9999 -9999 -9999 -9999 -9999 -9999 -9999 -9999 -9999 -9999 -9999 -9999 -9999 -9999 -9999 -9999 -9999 -9999 -9999 -9999 -9999 -9999 -9999
-9999 -9999 -9999 -9999 -0.224 -9999 -0.217 -0.212 -0.198 -0.183 -0.188 -0.198 -0.189 -0.18 -0.186 -0.194 -0.196 -0.198 -0.205 -0.215 -0.21 -0.204 -0.206 -0.208 -0.203 -0.197 -0.212 -0.23 -0.233 -0.235 -0.24 -0.245 -0.251 -0.259 -0.255 -0.251 -0.264 -0.279 -0.289 -0.299 -0.305 -0.312 -9999 -9999 -9999 -9999 -9999 -9999 -9999 -9999 -9999 -9999 -9999 -9999 -9999 -9999 -9999 -9999 -9999 -9999 -9999 -9999 -9999 -9999 -9999 -9999 -9999 -9999 -9999 -9999 -9999 -9999 -9999 -9999 -9999
-9999 -9999 -9999 -9999 -0.226 -9999 -0.217 -0.205 -0.196 -0.193 -0.196 -9999 -0.189 -0.185 -9999 -0.212 -0.211 -0.204 -0.207 -0.208 -0.209 -0.218 -0.22 -0.224 -0.222 -0.224 -0.236 -0.246 -0.248 -0.252 -0.257 -0.261 -0.269 -0.283 -0.273 -0.249 -0.264 -0.29 -9999 -9999 -9999 -9999 -9999 -9999 -9999 -9999 -9999 -9999 -9999 -9999 -9999 -9999 -9999 -9999 -9999 -9999 -9999 -9999 -9999 -9999 -9999 -9999 -9999 -9999 -9999 -9999 -9999 -9999 -9999 -9999 -9999 -9999 -9999 -9999 -9999
-9999 -9999 -0.24 -0.234 -9999 -9999 -0.213 -0.206 -0.204 -0.202 -0.2 -0.201 -0.197 -0.193 -9999 -0.225 -0.219 -0.212 -0.211 -0.213 -0.222 -0.231 -0.233 -0.236 -0.238 -0.241 -0.248 -0.257 -0.261 -0.265 -0.269 -0.273 -0.284 -0.298 -0.278 -0.254 -0.279 -9999 -9999 -9999 -9999 -9999 -9999 -9999 -9999 -9999 -9999 -9999 -9999 -9999 -9999 -9999 -9999 -9999 -9999 -9999 -9999 -9999 -9999 -9999 -9999 -9999 -9999 -9999 -9999 -9999 -9999 -9999 -9999 -9999 -9999 -9999 -9999 -9999 -9999
-9999 -0.241 -0.238 -0.236 -9999 -0.222 -0.215 -0.214 -0.213 -9999 -0.209 -0.22 -0.218 -0.214 -9999 -0.228 -0.225 -0.23 -0.226 -0.214 -0.225 -0.242 -0.242 -0.239 -0.242 -0.248 -0.253 -0.257 -9999 -0.267 -0.272 -0.283 -0.294 -0.305 -0.289 -0.275 -9999 -9999 -9999 -9999 -9999 -9999 -9999 -9999 -9999 -9999 -9999 -9999 -9999 -9999 -9999 -9999 -9999 -9999 -9999 -9999 -9999 -9999 -9999 -9999 -9999 -9999 -9999 -9999 -9999 -9999 -9999 -9999 -9999 -9999 -9999 -9999 -9999 -9999 -9999
-9999 -0.239 -0.237 -9999 -9999 -0.224 -0.222 -0.222 -9999 -0.212 -0.219 -0.231 -0.229 -0.227 -9999 -0.234 -0.238 -0.243 -0.232 -0.222 -0.236 -0.252 -0.25 -0.247 -0.251 -0.257 -0.26 -0.264 -0.268 -0.273 -9999 -9999 -0.302 -0.313 -9999 -9999 -9999 -9999 -9999 -9999 -0.317 -0.319 -0.334 -9999 -9999 -9999 -9999 -9999 -9999 -9999 -9999 -9999 -9999 -9999 -9999 -9999 -9999 -9999 -9999 -9999 -9999 -9999 -9999 -9999 -9999 -9999 -9999 -9999 -9999 -9999 -9999 -9999 -9999 -9999 -9999
-0.249 -0.237 -9999 -9999 -0.238 -0.23 -0.228 -0.229 -9999 -0.226 -0.231 -0.234 -0.238 -0.248 -9999 -9999 -9999 -0.234 -0.228 -0.228 -0.237 -0.24 -0.243 -0.257 -0.263 -0.274 -0.273 -0.268 -0.276 -0.293 -0.298 -0.297 -0.3 -0.298 -9999 -9999 -9999 -9999 -9999 -0.307 -0.313 -0.309 -0.318 -0.327 -9999 -9999 -9999 -9999 -9999 -9999 -9999 -9999 -9999 -9999 -9999 -9999 -9999 -9999 -9999 -9999 -9999 -9999 -9999 -9999 -9999 -9999 -9999 -9999 -9999 -9999 -9999 -9999 -9999 -9999 -9999
-0.252 -0.239 -9999 -9999 -9999 -0.235 -0.234 -0.234 -9999 -0.235 -9999 -0.238 -0.247 -0.259 -9999 -0.251 -0.244 -0.237 -9999 -0.237 -0.24 -0.242 -0.253 -0.267 -0.276 -0.286 -0.281 -0.276 -0.29 -0.306 -0.305 -0.304 -0.3 -0.297 -0.304 -0.315 -0.305 -9999 -0.297 -0.303 -0.304 -0.309 -0.315 -0.323 -0.326 -0.33 -9999 -9999 -9999 -9999 -9999 -9999 -9999 -9999 -9999 -9999 -9999 -9999 -9999 -9999 -9999 -9999 -9999 -9999 -9999 -9999 -9999 -9999 -9999 -9999 -9999 -9999 -9999 -9999 -9999
-0.243 -9999 -9999 -9999 -9999 -0.238 -0.235 -0.23 -9999 -0.234 -9999 -0.234 -0.243 -9999 -0.262 -0.261 -0.253 -0.239 -0.244 -0.261 -0.258 -0.247 -0.258 -0.275 -0.28 -0.28 -0.274 -0.268 -0.28 -0.294 -0.289 -0.28 -0.283 -0.301 -0.304 -0.302 -0.293 -0.297 -0.295 -0.296 -0.3 -0.309 -0.318 -0.338 -0.342 -0.351 -0.335 -0.347 -0.351 -9999 -9999 -9999 -9999 -9999 -9999 -9999 -9999 -9999 -9999 -9999 -9999 -9999 -9999 -9999 -9999 -9999 -9999 -9999 -9999 -9999 -9999 -9999 -9999 -9999 -9999
-0.244 -9999 -9999 -9999 -9999 -0.241 -0.236 -0.231 -0.232 -9999 -9999 -0.235 -0.245 -9999 -0.261 -0.267 -0.256 -0.244 -0.259 -0.275 -0.266 -0.255 -0.268 -0.284 -0.284 -0.283 -0.278 -0.271 -0.282 -0.295 -0.286 -0.277 -0.291 -0.308 -0.305 -0.299 -0.3 -0.301 -0.299 -0.298 -0.304 -0.312 -0.327 -0.346 -0.351 -0.358 -0.344 -0.333 -0.355 -0.332 -9999 -9999 -9999 -9999 -9999 -9999 -9999 -9999 -9999 -9999 -9999 -9999 -9999 -9999 -9999 -9999 -9999 -9999 -9999 -9999 -9999 -9999 -9999 -9999 -9999
-9999 -9999 -9999 -9999 -9999 -0.245 -0.239 -0.231 -0.235 -9999 -9999 -0.251 -0.261 -9999 -9999 -0.262 -0.257 -0.257 -0.266 -0.266 -0.263 -0.269 -0.276 -0.276 -0.283 -0.306 -0.3 -0.291 -0.294 -0.289 -0.288 -0.304 -0.316 -0.326 -0.325 -0.321 -0.323 -0.325 -0.317 -0.296 -0.301 -0.309 -0.32 -0.333 -0.336 -0.339 -0.327 -0.319 -0.325 -0.332 -9999 -9999 -9999 -9999 -9999 -9999 -9999 -9999 -9999 -9999 -9999 -9999 -9999 -9999 -9999 -9999 -9999 -9999 -9999 -9999 -9999 -9999 -9999 -9999 -9999
-9999 -9999 -9999 -9999 -9999 -0.247 -0.24 -0.233 -9999 -9999 -9999 -9999 -0.26 -9999 -0.26 -0.264 -0.265 -0.265 -0.266 -0.265 -0.272 -0.279 -0.279 -0.279 -0.297 -0.319 -0.312 -0.304 -0.298 -0.292 -0.304 -0.319 -0.328 -0.338 -0.336 -0.333 -0.334 -0.337 -0.319 -0.299 -0.303 -0.31 -0.319 -0.331 -0.332 -0.334 -0.323 -0.31 -0.314 -0.32 -0.315 -9999 -9999 -9999 -9999 -9999 -9999 -9999 -9999 -9999 -9999 -9999 -9999 -9999 -9999 -9999 -9999 -9999 -9999 -9999 -9999 -9999 -9999 -9999 -9999
-9999 -9999 -9999 -0.237 -0.238 -0.236 -0.231 -9999 -9999 -0.242 -9999 -9999 -9999 -9999 -0.249 -0.264 -0.263 -0.259 -0.262 -0.269 -0.275 -0.277 -0.28 -0.288 -0.301 -0.307 -0.303 -0.306 -0.302 -0.302 -0.311 -0.316 -0.323 -0.329 -0.326 -0.327 -0.329 -0.335 -0.315 -0.291 -0.293 -0.296 -0.301 -0.305 -0.31 -0.329 -0.314 -0.294 -0.299 -0.312 -0.32 -9999 -9999 -9999 -9999 -9999 -9999 -9999 -9999 -9999 -9999 -9999 -9999 -9999 -9999 -9999 -9999 -9999 -9999 -9999 -9999 -9999 -9999 -9999 -9999
-9999 -9999 -9999 -9999 -0.238 -0.233 -0.234 -9999 -0.237 -0.241 -0.24 -9999 -9999 -9999 -9999 -0.266 -0.264 -0.26 -0.267 -0.274 -0.277 -0.279 -0.286 -0.294 -0.299 -0.305 -0.308 -0.311 -0.311 -0.311 -0.315 -0.321 -0.325 -0.328 -0.327 -0.327 -0.331 -0.336 -0.315 -0.29 -0.29 -0.291 -0.292 -0.294 -0.308 -0.326 -0.308 -0.287 -0.296 -0.309 -0.314 -0.318 -9999 -9999 -9999 -9999 -9999 -9999 -9999 -9999 -9999 -9999 -9999 -9999 -9999 -9999 -9999 -9999 -9999 -9999 -9999 -9999 -9999 -9999 -9999
-9999 -9999 -9999 -9999 -0.223 -0.221 -0.225 -9999 -0.237 -0.227 -0.227 -9999 -9999 -9999 -9999 -9999 -0.268 -0.265 -0.27 -0.273 -0.275 -0.277 -0.283 -0.29 -0.295 -0.3 -0.302 -0.302 -0.303 -0.307 -0.311 -0.316 -0.321 -0.335 -0.334 -0.335 -0.333 -0.325 -0.312 -0.311 -0.304 -0.285 -0.285 -0.288 -0.295 -0.297 -0.284 -0.282 -0.286 -0.286 -0.283 -0.308 -0.313 -9999 -9999 -9999 -9999 -9999 -9999 -9999 -9999 -9999 -9999 -9999 -9999 -9999 -9999 -9999 -9999 -9999 -9999 -9999 -9999 -9999 -9999
-9999 -9999 -9999 -9999 -0.221 -0.218 -9999 -9999 -0.235 -0.222 -0.228 -0.241 -9999 -9999 -9999 -9999 -9999 -0.27 -0.273 -0.275 -0.277 -0.279 -0.285 -0.291 -0.295 -0.3 -0.301 -0.301 -0.304 -0.307 -0.311 -0.313 -0.323 -0.336 -0.335 -0.336 -0.328 -0.32 -0.319 -0.318 -0.302 -0.283 -0.284 -0.286 -0.285 -0.286 -0.283 -0.281 -0.278 -0.277 -0.275 -0.27 -0.302 -0.307 -0.313 -9999 -9999 -9999 -9999 -9999 -9999 -9999 -9999 -9999 -9999 -9999 -9999 -9999 -9999 -9999 -9999 -9999 -9999 -9999 -9999
-9999 -9999 -9999 -9999 -0.221 -0.192 -9999 -9999 -0.226 -0.228 -0.235 -9999 -9999 -9999 -9999 -9999 -9999 -0.232 -0.24 -0.264 -0.268 -0.278 -0.283 -0.288 -0.293 -0.301 -0.301 -0.299 -0.301 -0.305 -0.304 -0.301 -0.306 -0.306 -0.307 -0.314 -0.308 -0.309 -0.306 -0.303 -0.292 -0.289 -0.29 -0.291 -0.294 -0.302 -0.296 -0.283 -0.282 -0.285 -0.269 -0.257 -0.259 -0.271 -0.279 -9999 -9999 -9999 -9999 -9999 -9999 -9999 -9999 -9999 -9999 -9999 -9999 -9999 -9999 -9999 -9999 -9999 -9999 -9999 -9999
-9999 -9999 -9999 -9999 -0.196 -0.183 -9999 -9999 -9999 -0.235 -0.241 -0.254 -9999 -9999 -9999 -9999 -9999 -0.221 -0.24 -0.262 -0.27 -0.28 -0.284 -0.29 -0.296 -0.303 -0.302 -0.3 -0.303 -0.304 -0.3 -0.297 -0.295 -0.295 -0.299 -0.305 -0.304 -0.305 -0.301 -0.297 -0.294 -0.292 -0.292 -0.294 -0.3 -0.309 -0.297 -0.284 -0.285 -0.283 -0.266 -0.248 -0.249 -0.253 -0.258 -9999 -9999 -9999 -9999 -9999 -9999 -9999 -9999 -9999 -9999 -9999 -9999 -9999 -9999 -9999 -9999 -9999 -9999 -9999 -9999
-9999 -9999 -9999 -0.22 -0.201 -0.183 -9999 -9999 -9999 -9999 -9999 -9999 -9999 -9999 -9999 -9999 -9999 -0.243 -0.255 -0.261 -0.266 -0.267 -0.273 -0.282 -0.287 -0.293 -0.291 -0.288 -0.289 -0.297 -0.291 -0.284 -0.282 -0.285 -0.286 -0.287 -0.287 -0.293 -0.291 -0.296 -0.291 -0.281 -0.283 -0.291 -0.292 -0.286 -0.278 -0.278 -0.273 -0.266 -0.245 -0.224 -0.233 -0.241 -0.244 -0.27 -9999 -9999 -9999 -9999 -9999 -9999 -9999 -9999 -9999 -9999 -9999 -9999 -9999 -9999 -9999 -9999 -9999 -9999 -9999
-9999 -9999 -0.22 -0.215 -0.202 -0.186 -9999 -9999 -9999 -9999 -9999 -9999 -9999 -9999 -9999 -0.263 -0.257 -0.256 -0.259 -0.263 -0.265 -0.266 -0.273 -0.282 -0.286 -0.291 -0.288 -0.282 -0.288 -0.295 -0.287 -0.279 -0.279 -0.281 -0.28 -0.281 -0.284 -0.289 -0.291 -0.296 -0.287 -0.277 -0.282 -0.29 -0.284 -0.277 -0.276 -0.272 -0.263 -0.257 -0.237 -0.214 -0.221 -0.235 -0.237 -0.251 -9999 -9999 -9999 -9999 -9999 -9999 -9999 -9999 -9999 -9999 -9999 -9999 -9999 -9999 -9999 -9999 -9999 -9999 -9999
-9999 -9999 -0.217 -0.219 -0.207 -9999 -9999 -9999 -9999 -9999 -9999 -9999 -9999 -9999 -9999 -0.264 -0.266 -0.259 -0.258 -0.252 -0.256 -0.271 -0.275 -0.277 -0.281 -0.286 -0.282 -0.281 -0.283 -0.281 -0.274 -0.272 -0.268 -0.259 -0.259 -0.264 -0.267 -0.276 -0.278 -0.283 -0.278 -0.28 -0.279 -0.268 -0.267 -0.277 -0.269 -0.256 -0.247 -0.238 -0.22 -0.207 -0.205 -0.212 -0.213 -0.235 -9999 -9999 -9999 -9999 -9999 -9999 -9999 -9999 -9999 -9999 -9999 -9999 -9999 -9999 -9999 -9999 -9999 -9999 -9999
-9999 -9999 -9999 -9999 -9999 -9999 -9999 -9999 -9999 -9999 -9999 -9999 -9999 -9999 -9999 -0.274 -0.271 -0.265 -0.259 -0.252 -0.263 -0.276 -0.276 -0.276 -0.279 -0.282 -0.281 -0.281 -0.278 -0.276 -0.272 -0.269 -0.261 -0.252 -0.254 -0.258 -0.264 -0.272 -0.274 -0.278 -0.279 -0.282 -0.272 -0.26 -0.267 -0.274 -0.261 -0.248 -0.238 -0.23 -0.217 -0.204 -0.202 -0.203 -0.204 -0.222 -9999 -9999 -9999 -9999 -9999 -9999 -9999 -9999 -9999 -9999 -9999 -9999 -9999 -9999 -9999 -9999 -9999 -9999 -9999
-9999 -9999 -9999 -9999 -9999 -9999 -9999 -9999 -9999 -9999 -9999 -9999 -9999 -9999 -0.274 -0.256 -0.254 -0.26 -0.256 -0.26 -0.261 -0.252 -0.255 -0.275 -0.274 -0.267 -0.269 -0.28 -0.278 -0.276 -0.27 -0.259 -0.258 -0.273 -0.271 -0.26 -0.261 -0.259 -0.262 -0.27 -0.271 -0.272 -0.262 -0.256 -0.256 -0.25 -0.244 -0.252 -0.242 -0.229 -0.205 -0.185 -0.181 -0.18 -0.178 -0.206 -9999 -9999 -9999 -9999 -9999 -9999 -9999 -9999 -9999 -9999 -9999 -9999 -9999 -9999 -9999 -9999 -9999 -9999 -9999
-9999 -9999 -9999 -9999 -9999 -9999 -9999 -9999 -9999 -9999 -9999 -9999 -9999 -9999 -0.257 -0.254 -0.258 -0.262 -0.264 -0.266 -0.255 -0.243 -0.257 -0.276 -0.268 -0.261 -0.269 -0.279 -0.278 -0.276 -0.266 -0.255 -0.267 -0.281 -0.272 -0.261 -0.258 -0.255 -0.26 -0.268 -0.267 -0.268 -0.261 -0.253 -0.246 -0.24 -0.244 -0.253 -0.241 -0.228 -0.205 -0.178 -0.174 -0.173 -0.169 -0.176 -9999 -9999 -9999 -9999 -9999 -9999 -9999 -9999 -9999 -9999 -9999 -9999 -9999 -9999 -9999 -9999 -9999 -9999 -9999
-9999 -9999 -9999 -9999 -9999 -9999 -9999 -9999 -9999 -9999 -9999 -9999 -9999 -0.271 -0.262 -0.26 -0.262 -0.267 -0.267 -0.267 -0.259 -0.255 -0.264 -0.268 -0.267 -0.278 -0.275 -0.252 -0.247 -0.24 -0.232 -0.231 -0.237 -0.241 -0.239 -0.258 -0.247 -0.224 -0.235 -0.266 -0.261 -0.249 -0.247 -0.254 -0.245 -0.234 -0.234 -0.229 -0.22 -0.217 -0.193 -0.166 -0.166 -0.167 -0.163 -0.168 -0.185 -9999 -9999 -9999 -9999 -9999 -9999 -9999 -9999 -9999 -9999 -9999 -9999 -9999 -9999 -9999 -9999 -9999 -9999
-9999 -9999 -9999 -9999 -9999 -9999 -9999 -9999 -9999 -9999 -9999 -9999 -0.264 -0.268 -0.268 -0.261 -0.265 -0.269 -0.268 -0.269 -0.265 -0.262 -0.263 -0.266 -0.275 -0.286 -0.266 -0.243 -0.235 -0.226 -0.224 -0.222 -0.223 -0.226 -0.239 -0.257 -0.236 -0.214 -0.236 -0.265 -0.254 -0.242 -0.248 -0.253 -0.242 -0.23 -0.224 -0.219 -0.215 -0.212 -0.189 -0.164 -0.164 -0.168 -0.165 -0.164 -0.168 -9999 -9999 -9999 -9999 -9999 -9999 -9999 -9999 -9999 -9999 -9999 -9999 -9999 -9999 -9999 -9999 -9999 -9999
-9999 -9999 -9999 -9999 -9999 -9999 -9999 -9999 -9999 -9999 -9999 -9999 -0.26 -0.252 -0.25 -0.257 -0.261 -0.268 -0.27 -0.276 -0.27 -0.259 -0.264 -0.277 -0.271 -0.238 -0.224 -0.225 -0.219 -0.22 -0.218 -0.222 -0.22 -0.218 -0.224 -0.225 -0.211 -0.212 -0.221 -0.212 -0.207 -0.22 -0.226 -0.243 -0.234 -0.232 -0.216 -0.183 -0.178 -0.182 -0.175 -0.159 -0.165 -0.173 -0.157 -0.149 -0.147 -9999 -9999 -9999 -9999 -9999 -9999 -9999 -9999 -9999 -9999 -9999 -9999 -9999 -9999 -9999 -9999 -9999 -9999
-9999 -9999 -9999 -9999 -9999 -9999 -9999 -9999 -9999 -9999 -9999 -0.246 -0.244 -0.244 -0.249 -0.256 -0.262 -0.27 -0.274 -0.279 -0.27 -0.259 -0.269 -0.283 -0.254 -0.221 -0.221 -0.221 -0.22 -0.22 -0.221 -0.224 -0.22 -0.216 -0.214 -0.213 -0.212 -0.212 -0.202 -0.192 -0.201 -0.211 -0.221 -0.237 -0.233 -0.232 -0.203 -0.17 -0.17 -0.173 -0.166 -0.161 -0.167 -0.177 -0.163 -0.147 -0.144 -0.163 -9999 -9999 -9999 -9999 -9999 -9999 -9999 -9999 -9999 -9999 -9999 -9999 -9999 -9999 -9999 -9999 -9999
-9999 -9999 -9999 -9999 -9999 -9999 -9999 -9999 -9999 -9999 -0.223 -9999 -0.223 -0.246 -0.244 -0.231 -0.244 -0.272 -0.266 -0.242 -0.243 -0.269 -0.268 -0.248 -0.236 -0.251 -0.245 -0.227 -0.223 -0.213 -0.217 -0.233 -0.232 -0.227 -0.225 -0.217 -0.217 -0.213 -0.202 -0.191 -0.197 -0.204 -0.206 -0.2 -0.193 -0.187 -0.165 -0.16 -0.164 -0.181 -0.185 -0.187 -0.166 -0.159 -0.154 -0.144 -0.149 -0.154 -9999 -9999 -9999 -9999 -9999 -9999 -9999 -9999 -9999 -9999 -9999 -9999 -9999 -9999 -9999 -9999 -9999
