Validation/Results/ReClimate_11_2023_2.asc
NCOLS 192
NROWS 249
XLLCENTER -225160.85627316462
YLLCENTER 29788.11610251502
CELLSIZE 5000.0
NODATA_VALUE -9999
[rows 99 to 131 of 249, columns 74 to 147 of 192]
102.563 102.568 102.573 102.593 102.665 102.627 102.637 102.729 -9999 -9999 102.684 102.692 102.782 102.816 102.816 102.779 102.828 102.765 102.471 102.549 102.462 102.694 103.205 103.175 103.194 103.291 103.329 103.325 103.342 103.358 103.367 103.408 103.469 103.5 103.532 103.566 103.601 103.649 103.716 103.74 103.737 103.763 103.791 103.83 103.888 -9999 -9999 -9999 -9999 -9999 -9999 -9999 -9999 -9999 -9999 -9999 -9999 -9999 -9999 -9999 -9999 -9999 -9999 -9999 -9999 -9999 -9999 -9999 -9999 -9999 -9999 -9999 -9999 -9999
102.604 102.604 102.601 -9999 -9999 102.456 102.518 -9999 -9999 -9999 102.687 102.735 102.789 102.839 102.955 102.887 102.619 102.555 102.778 102.738 102.738 103.057 103.179 103.222 103.301 103.317 103.296 103.322 103.361 103.374 103.387 103.434 103.468 103.499 103.532 103.566 103.602 103.667 103.742 103.75 103.742 103.768 103.797 103.846 103.894 -9999 -9999 -9999 -9999 -9999 -9999 -9999 -9999 -9999 -9999 -9999 -9999 -9999 -9999 -9999 -9999 -9999 -9999 -9999 -9999 -9999 -9999 -9999 -9999 -9999 -9999 -9999 -9999 -9999
102.684 -9999 102.673 102.462 102.102 -9999 -9999 -9999 -9999 102.742 102.683 102.789 103.018 103.126 103.236 102.947 102.532 102.647 102.633 102.571 102.392 102.647 103.141 103.257 103.449 103.374 103.193 103.252 103.349 103.34 103.289 103.352 103.466 103.498 103.531 103.565 103.602 103.659 103.7 103.718 103.746 103.772 103.799 103.836 -9999 -9999 -9999 -9999 -9999 -9999 -9999 -9999 -9999 -9999 -9999 -9999 -9999 -9999 -9999 -9999 -9999 -9999 -9999 -9999 -9999 -9999 -9999 -9999 -9999 -9999 -9999 -9999 -9999 -9999
102.771 102.766 102.758 102.589 102.637 102.06 101.841 -9999 -9999 102.664 -9999 -9999 102.131 102.426 103.045 102.756 102.546 102.614 102.804 102.827 103.127 103.382 103.354 103.441 103.399 103.298 103.27 103.329 103.348 103.368 103.484 103.524 103.463 103.496 103.529 103.565 103.602 103.642 103.684 103.722 103.75 103.776 103.8 -9999 -9999 -9999 -9999 -9999 -9999 -9999 -9999 -9999 -9999 -9999 -9999 -9999 -9999 -9999 -9999 -9999 -9999 -9999 -9999 -9999 -9999 -9999 -9999 -9999 -9999 -9999 -9999 -9999 -9999 -9999
102.442 102.548 102.838 102.858 102.844 -9999 -9999 -9999 102.679 102.643 102.206 101.952 101.99 102.559 103.249 103.036 102.739 102.936 103.186 103.374 103.449 103.384 103.224 103.225 103.275 103.278 103.317 103.333 103.343 103.425 103.476 103.498 103.637 103.653 103.641 103.647 103.602 103.648 -9999 -9999 103.754 -9999 -9999 -9999 -9999 -9999 -9999 -9999 -9999 -9999 -9999 -9999 -9999 -9999 -9999 -9999 -9999 -9999 -9999 -9999 -9999 -9999 -9999 -9999 -9999 -9999 -9999 -9999 -9999 -9999 -9999 -9999 -9999 -9999
102.511 102.732 102.917 -9999 102.888 -9999 -9999 -9999 102.625 102.472 102.525 102.521 102.497 102.905 103.068 102.987 103.199 103.304 103.221 103.266 103.268 103.183 103.152 103.191 103.217 103.254 103.289 103.307 103.336 103.371 103.388 103.488 103.56 103.574 103.621 103.601 103.601 -9999 103.763 103.777 103.757 103.776 -9999 -9999 -9999 -9999 -9999 -9999 -9999 -9999 -9999 -9999 -9999 -9999 -9999 -9999 -9999 -9999 -9999 -9999 -9999 -9999 -9999 -9999 -9999 -9999 -9999 -9999 -9999 -9999 -9999 -9999 -9999 -9999
-9999 103.006 -9999 -9999 -9999 -9999 102.615 102.388 102.61 102.64 102.66 102.581 102.429 102.618 102.917 103.049 103.147 103.106 103.104 103.183 103.377 103.315 103.169 103.186 103.188 103.223 103.261 103.293 103.331 103.354 103.383 103.431 103.454 103.497 103.542 -9999 103.608 103.674 103.711 103.725 103.755 103.767 -9999 -9999 -9999 -9999 -9999 -9999 -9999 -9999 -9999 -9999 -9999 -9999 -9999 -9999 -9999 -9999 -9999 -9999 -9999 -9999 -9999 -9999 -9999 -9999 -9999 -9999 -9999 -9999 -9999 -9999 -9999 -9999
-9999 -9999 -9999 -9999 -9999 -9999 102.945 102.735 102.649 102.686 102.779 102.695 102.708 102.818 102.702 102.801 102.963 102.953 102.976 103.123 103.234 103.151 103.11 103.135 103.188 103.23 103.281 103.31 103.326 103.355 103.386 103.42 103.476 103.506 103.518 103.587 103.704 103.714 103.679 103.712 103.735 103.753 103.763 -9999 -9999 -9999 -9999 -9999 -9999 -9999 -9999 -9999 -9999 -9999 -9999 -9999 -9999 -9999 -9999 -9999 -9999 -9999 -9999 -9999 -9999 -9999 -9999 -9999 -9999 -9999 -9999 -9999 -9999 -9999
-9999 -9999 -9999 -9999 -9999 103.071 -9999 -9999 102.867 102.924 102.971 102.98 103.014 -9999 -9999 102.679 102.96 102.97 103.008 103.118 103.283 103.233 103.136 103.176 103.2 103.24 103.269 103.295 103.335 103.137 102.551 102.751 103.211 103.308 103.551 103.609 103.598 103.603 103.658 103.686 103.706 103.724 103.741 103.762 -9999 -9999 -9999 -9999 -9999 -9999 -9999 -9999 -9999 -9999 -9999 -9999 -9999 -9999 -9999 -9999 -9999 -9999 -9999 -9999 -9999 -9999 -9999 -9999 -9999 -9999 -9999 -9999 -9999 -9999
-9999 -9999 -9999 -9999 -9999 103.143 -9999 103.035 102.995 102.987 102.918 102.951 103.026 102.816 102.718 102.857 102.841 102.854 102.865 102.979 103.104 103.078 103.128 103.157 103.192 103.221 103.25 103.279 103.294 103.033 103.14 103.371 103.346 103.469 103.459 103.491 103.589 103.625 103.634 103.659 103.678 103.696 103.713 -9999 -9999 -9999 -9999 -9999 -9999 -9999 -9999 -9999 -9999 -9999 -9999 -9999 -9999 -9999 -9999 -9999 -9999 -9999 -9999 -9999 -9999 -9999 -9999 -9999 -9999 -9999 -9999 -9999 -9999 -9999
-9999 -9999 -9999 -9999 -9999 103.216 -9999 103.148 103.146 103.129 103.192 103.171 -9999 102.973 102.904 -9999 103.304 103.252 103.107 103.161 103.175 103.21 103.268 103.299 103.324 103.313 103.234 103.359 103.668 103.709 103.661 103.669 103.716 103.648 103.47 103.637 103.948 104.002 104.12 -9999 -9999 -9999 -9999 -9999 -9999 -9999 -9999 -9999 -9999 -9999 -9999 -9999 -9999 -9999 -9999 -9999 -9999 -9999 -9999 -9999 -9999 -9999 -9999 -9999 -9999 -9999 -9999 -9999 -9999 -9999 -9999 -9999 -9999 -9999
-9999 -9999 -9999 103.33 103.325 -9999 -9999 103.276 103.217 103.221 103.151 103.099 103.167 103.12 103.096 -9999 102.798 102.84 103.162 103.086 102.883 102.95 103.107 103.186 103.357 103.292 103.218 103.37 103.34 103.339 103.397 103.388 103.29 103.27 103.459 103.728 104.017 104.075 -9999 -9999 -9999 -9999 -9999 -9999 -9999 -9999 -9999 -9999 -9999 -9999 -9999 -9999 -9999 -9999 -9999 -9999 -9999 -9999 -9999 -9999 -9999 -9999 -9999 -9999 -9999 -9999 -9999 -9999 -9999 -9999 -9999 -9999 -9999 -9999
-9999 -9999 103.36 103.373 103.222 -9999 103.374 103.345 103.201 103.132 -9999 103.13 103.277 103.247 103.215 -9999 103.096 103.233 103.158 103.067 103.112 103.135 103.035 103.029 102.79 102.883 103.231 103.16 103.0 -9999 103.547 103.444 103.293 103.404 103.434 103.626 103.734 -9999 -9999 -9999 -9999 -9999 -9999 -9999 -9999 -9999 -9999 -9999 -9999 -9999 -9999 -9999 -9999 -9999 -9999 -9999 -9999 -9999 -9999 -9999 -9999 -9999 -9999 -9999 -9999 -9999 -9999 -9999 -9999 -9999 -9999 -9999 -9999 -9999
-9999 -9999 103.402 103.265 -9999 -9999 103.454 103.223 102.896 -9999 103.105 103.18 103.205 103.187 103.201 -9999 103.241 103.194 103.182 103.195 103.17 103.063 102.959 102.869 103.021 103.272 103.453 103.311 103.142 103.376 103.476 -9999 -9999 103.384 103.415 -9999 -9999 -9999 -9999 -9999 -9999 103.6 103.598 103.615 -9999 -9999 -9999 -9999 -9999 -9999 -9999 -9999 -9999 -9999 -9999 -9999 -9999 -9999 -9999 -9999 -9999 -9999 -9999 -9999 -9999 -9999 -9999 -9999 -9999 -9999 -9999 -9999 -9999 -9999
-9999 103.471 103.122 -9999 -9999 103.454 103.53 103.117 102.854 -9999 103.378 103.411 103.495 103.498 103.504 -9999 -9999 -9999 103.19 103.17 103.161 103.104 103.12 103.317 103.7 103.835 103.938 103.676 103.193 103.194 103.049 103.115 103.336 103.371 103.415 -9999 -9999 -9999 -9999 -9999 103.631 103.609 103.617 103.632 103.647 -9999 -9999 -9999 -9999 -9999 -9999 -9999 -9999 -9999 -9999 -9999 -9999 -9999 -9999 -9999 -9999 -9999 -9999 -9999 -9999 -9999 -9999 -9999 -9999 -9999 -9999 -9999 -9999 -9999
103.556 103.411 103.396 -9999 -9999 -9999 103.566 103.19 102.829 -9999 103.425 -9999 103.358 103.345 103.325 -9999 103.291 103.265 103.252 -9999 103.183 103.062 102.726 102.951 103.082 103.182 103.332 103.069 103.026 103.051 103.318 103.407 103.334 103.391 103.444 103.487 103.547 103.583 -9999 103.669 103.639 103.658 103.678 103.698 103.719 103.738 103.755 -9999 -9999 -9999 -9999 -9999 -9999 -9999 -9999 -9999 -9999 -9999 -9999 -9999 -9999 -9999 -9999 -9999 -9999 -9999 -9999 -9999 -9999 -9999 -9999 -9999 -9999 -9999
103.676 103.628 -9999 -9999 -9999 -9999 103.507 103.376 103.538 -9999 103.589 -9999 103.418 103.384 -9999 103.205 103.19 103.202 103.261 103.222 103.195 103.057 103.176 103.264 103.358 103.476 103.65 103.495 103.126 103.283 103.328 103.325 103.386 103.443 103.494 103.541 103.586 103.618 103.648 103.675 103.697 103.611 103.329 103.447 103.724 103.773 103.868 103.885 103.924 104.029 -9999 -9999 -9999 -9999 -9999 -9999 -9999 -9999 -9999 -9999 -9999 -9999 -9999 -9999 -9999 -9999 -9999 -9999 -9999 -9999 -9999 -9999 -9999 -9999
-9999 103.76 -9999 -9999 -9999 -9999 103.506 103.603 103.645 103.575 -9999 -9999 103.525 103.465 -9999 103.305 103.132 103.208 103.343 103.29 103.212 103.254 103.225 103.224 103.106 103.098 102.899 102.845 103.214 103.351 103.622 103.605 103.449 103.503 103.556 103.607 103.647 103.68 103.711 103.74 103.775 103.664 103.743 103.889 103.88 103.944 103.97 104.002 104.029 104.02 104.106 -9999 -9999 -9999 -9999 -9999 -9999 -9999 -9999 -9999 -9999 -9999 -9999 -9999 -9999 -9999 -9999 -9999 -9999 -9999 -9999 -9999 -9999 -9999
104.013 -9999 -9999 -9999 -9999 -9999 103.772 103.815 103.762 103.691 -9999 -9999 103.564 103.529 -9999 -9999 103.352 103.396 103.351 103.202 102.936 102.909 102.904 102.846 102.865 102.797 102.979 103.21 103.276 103.414 103.379 103.362 103.514 103.543 103.525 103.6 103.708 103.742 103.777 103.715 103.477 103.637 103.946 103.968 104.026 104.044 104.039 104.071 104.099 104.112 104.136 -9999 -9999 -9999 -9999 -9999 -9999 -9999 -9999 -9999 -9999 -9999 -9999 -9999 -9999 -9999 -9999 -9999 -9999 -9999 -9999 -9999 -9999 -9999
104.115 -9999 -9999 -9999 -9999 -9999 103.962 103.874 103.89 -9999 -9999 -9999 -9999 103.579 -9999 103.518 103.466 103.416 103.368 103.21 103.183 103.175 103.188 103.173 103.133 103.216 103.217 103.273 103.34 103.307 103.24 103.396 103.581 103.58 103.578 103.678 103.77 103.808 103.847 103.747 103.792 103.936 103.873 103.946 104.05 104.071 104.119 104.148 104.176 104.203 104.23 104.232 -9999 -9999 -9999 -9999 -9999 -9999 -9999 -9999 -9999 -9999 -9999 -9999 -9999 -9999 -9999 -9999 -9999 -9999 -9999 -9999 -9999 -9999
104.305 -9999 -9999 -9999 103.854 103.814 103.75 103.818 -9999 -9999 103.697 -9999 -9999 -9999 -9999 103.565 103.508 103.455 103.405 103.457 103.659 103.584 103.394 103.343 103.272 103.27 103.294 103.338 103.406 103.423 103.538 103.67 103.746 103.72 103.62 103.655 103.605 103.708 103.918 103.93 103.884 103.901 104.02 104.12 104.232 104.29 104.369 104.359 104.278 104.303 104.319 104.327 -9999 -9999 -9999 -9999 -9999 -9999 -9999 -9999 -9999 -9999 -9999 -9999 -9999 -9999 -9999 -9999 -9999 -9999 -9999 -9999 -9999 -9999
-9999 -9999 -9999 -9999 -9999 104.123 104.014 104.092 -9999 103.873 103.689 103.514 -9999 -9999 -9999 -9999 103.552 103.496 103.443 103.413 103.072 102.988 103.08 103.126 103.347 103.362 103.378 103.415 103.476 103.566 103.621 103.696 103.771 103.75 103.796 103.781 103.795 103.931 103.987 103.997 104.074 104.14 104.137 104.213 104.249 104.307 104.337 104.311 104.34 104.366 104.403 104.415 104.397 -9999 -9999 -9999 -9999 -9999 -9999 -9999 -9999 -9999 -9999 -9999 -9999 -9999 -9999 -9999 -9999 -9999 -9999 -9999 -9999 -9999
-9999 -9999 -9999 -9999 -9999 104.343 104.281 104.243 -9999 104.012 103.917 103.727 -9999 -9999 -9999 -9999 -9999 103.536 103.482 103.272 103.223 103.283 103.318 103.42 103.377 103.29 103.025 103.044 103.065 103.256 103.674 103.701 103.643 103.595 103.379 103.537 103.932 103.943 103.877 104.01 104.249 104.239 104.203 104.24 104.276 104.32 104.382 104.397 104.384 104.429 104.481 104.493 104.484 104.468 -9999 -9999 -9999 -9999 -9999 -9999 -9999 -9999 -9999 -9999 -9999 -9999 -9999 -9999 -9999 -9999 -9999 -9999 -9999 -9999
-9999 -9999 -9999 -9999 -9999 104.513 104.436 -9999 -9999 104.138 103.923 103.72 103.608 -9999 -9999 -9999 -9999 -9999 103.521 103.467 103.46 103.445 103.353 103.362 103.443 103.358 103.494 103.497 103.531 103.757 103.754 103.778 103.894 103.739 103.609 103.87 104.008 103.966 103.928 104.128 104.321 104.297 104.268 104.305 104.342 104.389 104.414 104.44 104.518 104.555 104.557 104.566 104.56 104.55 104.538 104.521 -9999 -9999 -9999 -9999 -9999 -9999 -9999 -9999 -9999 -9999 -9999 -9999 -9999 -9999 -9999 -9999 -9999 -9999
-9999 -9999 -9999 -9999 -9999 104.674 104.584 -9999 -9999 104.306 104.147 103.971 -9999 -9999 -9999 -9999 -9999 -9999 103.57 103.56 103.572 103.583 103.742 103.737 103.605 103.651 103.578 103.551 103.488 103.409 103.171 103.052 102.538 102.607 102.967 103.244 103.794 103.693 103.454 103.754 104.288 104.312 104.402 104.422 104.41 104.442 104.48 104.526 104.529 104.566 104.63 104.632 104.626 104.617 104.606 104.593 -9999 -9999 -9999 -9999 -9999 -9999 -9999 -9999 -9999 -9999 -9999 -9999 -9999 -9999 -9999 -9999 -9999 -9999
-9999 -9999 -9999 -9999 -9999 104.832 104.726 -9999 -9999 -9999 104.3 104.198 104.099 -9999 -9999 -9999 -9999 -9999 103.657 103.667 103.678 103.691 103.5 103.511 103.726 103.738 103.87 103.833 103.877 103.725 103.632 103.327 103.208 103.511 103.813 104.092 104.06 104.015 104.22 104.453 104.315 104.425 104.582 104.554 104.478 104.517 104.556 104.573 104.6 104.663 104.697 104.692 104.685 104.676 104.665 104.652 -9999 -9999 -9999 -9999 -9999 -9999 -9999 -9999 -9999 -9999 -9999 -9999 -9999 -9999 -9999 -9999 -9999 -9999
-9999 -9999 -9999 -9999 105.078 104.998 104.752 -9999 -9999 -9999 -9999 -9999 -9999 -9999 -9999 -9999 -9999 -9999 102.136 102.243 102.53 102.77 103.695 103.699 103.403 103.59 103.91 103.843 103.639 103.425 102.982 103.03 103.317 103.586 103.88 103.784 103.561 103.848 104.334 104.291 104.354 104.457 104.496 104.333 103.976 103.963 103.855 104.057 104.601 104.742 104.751 104.745 104.738 104.728 104.717 104.705 104.648 -9999 -9999 -9999 -9999 -9999 -9999 -9999 -9999 -9999 -9999 -9999 -9999 -9999 -9999 -9999 -9999 -9999
-9999 -9999 -9999 105.312 105.239 105.096 104.972 -9999 -9999 -9999 -9999 -9999 -9999 -9999 -9999 -9999 103.671 102.265 102.649 102.997 103.548 103.996 103.903 103.778 103.857 104.004 103.947 103.889 104.05 103.851 103.957 104.049 103.874 104.049 104.099 104.065 104.29 104.5 104.374 104.415 104.421 104.49 104.606 104.432 104.448 104.375 104.311 104.619 104.776 104.801 104.802 104.795 104.786 104.776 104.765 104.752 104.708 -9999 -9999 -9999 -9999 -9999 -9999 -9999 -9999 -9999 -9999 -9999 -9999 -9999 -9999 -9999 -9999 -9999
-9999 -9999 -9999 105.508 105.485 105.36 -9999 -9999 -9999 -9999 -9999 -9999 -9999 -9999 -9999 -9999 103.683 102.883 102.363 102.833 103.337 103.477 103.996 103.748 102.96 103.121 103.636 103.819 104.119 104.202 104.307 104.302 104.521 104.599 104.733 104.792 104.64 104.464 104.154 104.021 103.626 103.846 104.268 104.22 104.048 104.17 104.624 104.81 104.841 104.857 104.85 104.842 104.831 104.82 104.808 104.794 104.76 -9999 -9999 -9999 -9999 -9999 -9999 -9999 -9999 -9999 -9999 -9999 -9999 -9999 -9999 -9999 -9999 -9999
-9999 -9999 -9999 -9999 -9999 -9999 -9999 -9999 -9999 -9999 -9999 -9999 -9999 -9999 -9999 -9999 103.489 103.302 103.459 103.814 104.072 104.28 104.115 103.801 104.066 104.261 104.069 104.191 104.12 104.27 104.567 104.679 104.657 104.544 104.033 104.035 104.275 104.219 104.493 104.358 104.528 104.714 104.6 104.526 104.55 104.776 104.847 104.877 104.902 104.905 104.896 104.885 104.874 104.861 104.848 104.833 104.804 -9999 -9999 -9999 -9999 -9999 -9999 -9999 -9999 -9999 -9999 -9999 -9999 -9999 -9999 -9999 -9999 -9999
-9999 -9999 -9999 -9999 -9999 -9999 -9999 -9999 -9999 -9999 -9999 -9999 -9999 -9999 -9999 103.92 102.651 102.684 102.561 102.992 103.806 103.815 104.075 104.301 104.555 104.409 104.288 104.233 104.204 104.361 104.403 104.518 104.844 104.586 104.594 104.73 104.778 104.83 104.577 104.666 104.649 104.599 104.602 104.685 104.862 104.887 104.917 104.944 104.96 104.951 104.94 104.927 104.914 104.9 104.885 104.87 104.844 -9999 -9999 -9999 -9999 -9999 -9999 -9999 -9999 -9999 -9999 -9999 -9999 -9999 -9999 -9999 -9999 -9999
-9999 -9999 -9999 -9999 -9999 -9999 -9999 -9999 -9999 -9999 -9999 -9999 -9999 -9999 -9999 103.017 103.499 103.545 103.856 104.301 104.36 104.546 104.696 104.694 104.331 104.274 104.294 104.278 104.292 104.317 104.358 104.581 104.704 104.591 104.253 104.227 104.095 104.161 104.706 104.676 104.601 104.601 104.579 104.746 104.932 104.962 104.988 105.009 105.008 104.996 104.983 104.968 104.952 104.937 104.92 104.903 104.879 -9999 -9999 -9999 -9999 -9999 -9999 -9999 -9999 -9999 -9999 -9999 -9999 -9999 -9999 -9999 -9999 -9999
-9999 -9999 -9999 -9999 -9999 -9999 -9999 -9999 -9999 -9999 -9999 -9999 -9999 -9999 104.442 103.766 104.172 104.369 104.501 104.521 104.509 104.582 104.574 104.381 104.375 104.384 104.38 104.383 104.385 104.411 104.451 104.534 104.568 104.415 104.463 104.361 104.27 104.813 105.524 105.331 104.889 104.729 104.303 104.57 105.014 105.039 105.061 105.07 105.056 105.041 105.025 105.007 104.989 104.971 104.952 104.931 104.909 104.877 -9999 -9999 -9999 -9999 -9999 -9999 -9999 -9999 -9999 -9999 -9999 -9999 -9999 -9999 -9999 -9999
