Validation/Results/ReClimate_10_2023_2.asc
NCOLS 192
NROWS 249
XLLCENTER -225160.85627316462
YLLCENTER 29788.11610251502
CELLSIZE 5000.0
NODATA_VALUE -9999
[rows 132 to 164 of 249, columns 74 to 147 of 192]
-9999 -9999 -9999 -9999 -9999 -9999 -9999 -9999 -9999 -9999 -9999 -9999 -9999 102.178 102.253 102.237 102.224 102.336 102.388 102.28 102.245 102.255 102.266 102.277 102.289 102.302 102.314 102.336 102.376 102.445 102.526 102.604 102.676 102.741 102.804 102.866 102.93 102.997 103.064 103.183 103.269 103.28 103.32 103.386 103.44 103.49 103.531 103.545 103.549 103.548 103.545 103.538 103.534 103.535 103.537 103.54 103.545 103.553 -9999 -9999 -9999 -9999 -9999 -9999 -9999 -9999 -9999 -9999 -9999 -9999 -9999 -9999 -9999 -9999
102.848 -9999 -9999 -9999 -9999 -9999 -9999 -9999 -9999 -9999 -9999 -9999 -9999 102.217 102.105 102.152 102.313 102.326 102.32 102.309 102.328 102.336 102.338 102.351 102.364 102.378 102.393 102.411 102.451 102.516 102.584 102.649 102.712 102.789 102.879 102.959 103.065 103.139 103.227 103.321 103.435 103.436 103.366 103.422 103.472 103.515 103.535 103.537 103.535 103.533 103.532 103.537 103.538 103.541 103.546 103.55 103.554 103.558 -9999 -9999 -9999 -9999 -9999 -9999 -9999 -9999 -9999 -9999 -9999 -9999 -9999 -9999 -9999 -9999
103.398 -9999 -9999 -9999 -9999 -9999 -9999 -9999 -9999 -9999 -9999 -9999 102.014 102.252 102.357 102.43 102.411 102.388 102.366 102.381 102.392 102.399 102.412 102.426 102.441 102.457 102.474 102.498 102.543 102.606 102.669 102.729 102.79 102.859 102.908 102.996 103.075 103.151 103.216 103.301 103.35 103.344 103.409 103.457 103.498 103.525 103.53 103.534 103.537 103.54 103.544 103.547 103.55 103.552 103.555 103.558 103.56 103.563 103.563 -9999 -9999 -9999 -9999 -9999 -9999 -9999 -9999 -9999 -9999 -9999 -9999 -9999 -9999 -9999
103.428 -9999 -9999 -9999 -9999 -9999 -9999 -9999 -9999 -9999 -9999 102.299 -9999 102.542 102.58 102.541 102.469 102.446 102.443 102.448 102.46 102.473 102.487 102.503 102.519 102.537 102.557 102.586 102.637 102.702 102.766 102.829 102.893 102.957 103.045 103.117 103.186 103.26 103.355 103.392 103.406 103.454 103.469 103.51 103.541 103.549 103.553 103.556 103.558 103.56 103.561 103.561 103.562 103.563 103.564 103.566 103.567 103.568 103.567 -9999 -9999 -9999 -9999 -9999 -9999 -9999 -9999 -9999 -9999 -9999 -9999 -9999 -9999 -9999
103.461 103.418 -9999 -9999 -9999 -9999 -9999 -9999 -9999 -9999 -9999 102.665 -9999 102.612 102.589 102.546 102.538 102.526 102.52 102.522 102.535 102.549 102.565 102.582 102.6 102.62 102.642 102.676 102.733 102.8 102.865 -9999 -9999 -9999 -9999 -9999 -9999 103.326 103.395 103.425 103.469 103.501 103.543 103.574 103.581 103.582 103.582 103.581 103.58 103.578 103.577 103.576 103.574 103.574 103.573 103.573 103.573 103.572 103.571 103.557 -9999 -9999 -9999 -9999 -9999 -9999 -9999 -9999 -9999 -9999 -9999 -9999 -9999 -9999
103.357 103.352 103.411 -9999 -9999 -9999 -9999 -9999 -9999 -9999 -9999 102.726 102.68 102.658 102.642 102.63 102.618 102.608 102.6 102.601 102.612 102.628 102.645 102.664 102.684 102.707 102.731 102.771 102.833 102.901 102.965 -9999 -9999 -9999 -9999 103.239 103.309 103.395 103.449 103.495 103.544 103.586 103.614 103.62 103.617 103.614 103.609 103.605 103.6 103.596 103.592 103.588 103.585 103.583 103.581 103.58 103.578 103.577 103.575 103.572 -9999 -9999 -9999 -9999 -9999 -9999 -9999 -9999 -9999 -9999 -9999 -9999 -9999 -9999
103.432 103.475 103.451 103.408 -9999 -9999 -9999 -9999 -9999 -9999 -9999 102.803 102.758 102.74 -9999 -9999 102.699 102.691 102.684 102.685 -9999 102.711 102.729 102.749 102.772 102.797 102.825 102.87 102.936 -9999 -9999 -9999 -9999 -9999 103.323 103.378 103.436 103.488 103.539 103.588 103.633 103.662 103.665 103.66 103.653 103.644 103.635 103.627 103.619 103.612 103.606 103.601 103.596 103.592 103.589 103.586 103.584 103.581 103.579 103.576 -9999 -9999 -9999 -9999 -9999 -9999 -9999 -9999 -9999 -9999 -9999 -9999 -9999 -9999
103.509 103.509 103.492 103.446 -9999 -9999 -9999 -9999 -9999 -9999 -9999 -9999 102.832 102.822 -9999 -9999 -9999 102.777 102.772 102.772 102.78 -9999 -9999 102.842 102.864 102.891 102.923 102.973 -9999 -9999 -9999 -9999 -9999 103.362 103.422 103.454 103.438 103.485 103.524 103.582 103.663 103.716 103.709 103.698 103.686 103.672 103.66 103.648 103.637 103.627 103.619 103.611 103.605 103.6 103.595 103.592 103.589 103.585 103.581 103.578 -9999 -9999 -9999 -9999 -9999 -9999 -9999 -9999 -9999 -9999 -9999 -9999 -9999 -9999
103.51 103.514 103.502 -9999 -9999 -9999 -9999 -9999 -9999 -9999 -9999 -9999 -9999 102.845 -9999 -9999 -9999 -9999 102.865 102.865 102.874 -9999 -9999 -9999 103.011 102.994 -9999 -9999 -9999 -9999 -9999 -9999 -9999 103.469 103.521 103.564 103.692 103.753 103.803 103.731 103.769 103.764 103.752 103.735 103.716 103.698 103.681 103.666 103.652 103.64 103.629 103.62 103.612 103.606 103.601 103.597 103.593 103.588 103.583 103.578 -9999 -9999 -9999 -9999 -9999 -9999 -9999 -9999 -9999 -9999 -9999 -9999 -9999 -9999
103.501 103.505 -9999 -9999 -9999 -9999 -9999 -9999 -9999 -9999 -9999 -9999 -9999 102.949 -9999 -9999 -9999 -9999 -9999 102.967 102.976 -9999 -9999 -9999 -9999 -9999 -9999 -9999 -9999 -9999 -9999 -9999 -9999 103.568 103.612 103.7 103.749 103.818 103.786 103.807 103.816 103.81 103.792 103.768 103.743 103.72 103.7 103.681 103.665 103.651 103.639 103.628 103.619 103.611 103.605 103.599 103.595 103.59 103.584 103.578 103.57 -9999 -9999 -9999 -9999 -9999 -9999 -9999 -9999 -9999 -9999 -9999 -9999 -9999
103.492 -9999 103.5 103.503 103.497 103.501 -9999 -9999 -9999 -9999 -9999 -9999 -9999 103.019 -9999 -9999 -9999 -9999 -9999 -9999 -9999 -9999 -9999 -9999 -9999 -9999 -9999 -9999 -9999 -9999 -9999 -9999 103.619 103.659 103.702 103.744 103.779 103.803 103.826 103.848 103.858 103.853 103.827 103.795 103.766 103.741 103.718 103.698 103.68 103.664 103.649 103.633 103.62 103.61 103.601 103.594 103.588 103.581 103.575 103.57 103.565 103.56 -9999 -9999 -9999 -9999 -9999 -9999 -9999 -9999 -9999 -9999 -9999 -9999
103.419 103.441 103.492 103.496 103.498 103.502 -9999 -9999 -9999 -9999 -9999 -9999 -9999 -9999 -9999 -9999 -9999 -9999 -9999 -9999 -9999 -9999 -9999 -9999 -9999 -9999 -9999 -9999 -9999 -9999 -9999 103.657 103.715 103.75 103.778 103.798 103.816 103.836 103.858 103.878 103.888 103.88 103.853 103.821 103.791 103.765 103.741 103.718 103.697 103.676 103.658 103.64 103.625 103.611 103.599 103.588 103.578 103.57 103.563 103.558 103.553 103.549 -9999 -9999 -9999 -9999 -9999 -9999 -9999 -9999 -9999 -9999 -9999 -9999
103.069 103.199 103.476 103.481 -9999 103.493 103.49 -9999 -9999 -9999 -9999 -9999 -9999 -9999 -9999 -9999 -9999 -9999 -9999 -9999 -9999 -9999 -9999 -9999 -9999 -9999 -9999 -9999 -9999 -9999 -9999 103.727 103.794 103.806 103.816 103.829 103.845 103.867 103.889 103.905 103.907 103.893 103.869 103.841 103.812 103.785 103.757 103.73 103.705 103.683 103.663 103.645 103.629 103.614 103.6 103.588 103.576 103.565 103.555 103.546 103.541 103.532 103.515 103.488 -9999 -9999 -9999 -9999 -9999 -9999 -9999 -9999 -9999 -9999
103.206 103.379 103.451 103.463 -9999 -9999 103.478 -9999 -9999 -9999 -9999 -9999 -9999 -9999 -9999 -9999 -9999 -9999 -9999 -9999 -9999 -9999 -9999 -9999 -9999 -9999 -9999 -9999 -9999 -9999 -9999 103.778 103.835 103.839 103.849 103.864 103.883 103.901 103.918 103.927 103.919 103.903 103.881 103.854 103.823 103.791 103.761 103.734 103.71 103.687 103.667 103.648 103.632 103.617 103.602 103.589 103.577 103.565 103.554 103.543 103.533 103.514 103.491 103.465 103.44 103.417 103.376 -9999 -9999 -9999 -9999 -9999 -9999 -9999
103.289 103.358 103.44 103.457 103.473 -9999 103.516 -9999 -9999 -9999 -9999 -9999 -9999 -9999 -9999 -9999 -9999 -9999 -9999 -9999 -9999 -9999 -9999 -9999 -9999 -9999 -9999 -9999 -9999 -9999 103.763 103.817 103.871 103.879 103.892 103.905 103.918 103.931 103.943 103.945 103.932 103.913 103.887 103.855 103.823 103.792 103.763 103.737 103.712 103.69 103.669 103.651 103.634 103.618 103.604 103.59 103.578 103.566 103.555 103.544 103.525 103.5 103.469 103.44 103.415 103.392 103.369 103.346 103.309 -9999 -9999 -9999 -9999 -9999
103.147 103.261 103.451 103.47 -9999 103.561 -9999 -9999 -9999 -9999 -9999 -9999 -9999 -9999 -9999 -9999 -9999 -9999 -9999 -9999 -9999 -9999 -9999 -9999 -9999 -9999 -9999 -9999 -9999 -9999 -9999 103.892 103.92 103.926 103.933 103.942 103.95 103.959 103.966 103.963 103.945 103.916 103.884 103.852 103.821 103.791 103.763 103.737 103.713 103.691 103.671 103.652 103.635 103.619 103.604 103.591 103.578 103.566 103.555 103.539 103.516 103.487 103.457 103.427 103.397 103.373 103.351 103.329 103.307 103.276 -9999 -9999 -9999 -9999
103.27 103.398 103.482 103.541 103.604 103.667 -9999 -9999 -9999 -9999 -9999 -9999 -9999 -9999 -9999 -9999 -9999 -9999 -9999 -9999 -9999 -9999 -9999 -9999 -9999 -9999 -9999 -9999 -9999 -9999 -9999 -9999 104.009 103.984 103.973 103.977 103.981 103.985 103.988 103.979 103.947 103.913 103.88 103.849 103.819 103.79 103.763 103.737 103.714 103.692 103.671 103.653 103.635 103.619 103.605 103.591 103.578 103.566 103.552 103.531 103.504 103.476 103.448 103.419 103.39 103.361 103.336 103.314 103.293 103.272 103.257 -9999 -9999 -9999
103.418 103.504 103.571 103.638 103.705 -9999 -9999 -9999 -9999 -9999 -9999 -9999 -9999 -9999 -9999 -9999 -9999 -9999 -9999 -9999 -9999 -9999 -9999 -9999 -9999 -9999 -9999 -9999 -9999 -9999 -9999 -9999 104.1 104.067 104.036 104.015 104.011 104.011 104.006 103.981 103.947 103.911 103.878 103.847 103.817 103.789 103.762 103.737 103.713 103.692 103.671 103.653 103.635 103.619 103.605 103.591 103.578 103.564 103.545 103.52 103.493 103.466 103.439 103.412 103.385 103.356 103.327 103.301 103.28 103.259 103.245 103.243 -9999 -9999
103.522 103.593 103.664 103.735 103.816 -9999 -9999 -9999 -9999 -9999 -9999 -9999 -9999 -9999 -9999 -9999 -9999 -9999 -9999 -9999 -9999 -9999 -9999 -9999 -9999 -9999 -9999 -9999 -9999 -9999 -9999 -9999 -9999 104.158 104.114 104.078 104.05 104.031 104.01 103.984 103.949 103.912 103.878 103.846 103.816 103.788 103.761 103.736 103.713 103.691 103.671 103.652 103.635 103.619 103.604 103.591 103.577 103.557 103.534 103.508 103.482 103.457 103.431 103.405 103.378 103.351 103.323 103.294 103.267 103.245 103.23 103.231 -9999 -9999
103.608 -9999 -9999 -9999 -9999 -9999 -9999 -9999 -9999 -9999 -9999 -9999 -9999 -9999 -9999 -9999 -9999 -9999 -9999 -9999 -9999 -9999 -9999 -9999 -9999 -9999 -9999 -9999 -9999 -9999 -9999 -9999 -9999 104.248 104.203 104.152 104.104 104.052 104.015 103.988 103.952 103.914 103.878 103.846 103.816 103.787 103.761 103.736 103.712 103.691 103.67 103.651 103.634 103.618 103.605 103.589 103.569 103.546 103.52 103.495 103.471 103.447 103.422 103.397 103.372 103.346 103.319 103.291 103.261 103.232 103.219 103.221 103.227 -9999
103.698 -9999 -9999 -9999 -9999 -9999 -9999 -9999 -9999 -9999 -9999 -9999 -9999 -9999 -9999 -9999 -9999 -9999 -9999 -9999 -9999 -9999 -9999 -9999 -9999 -9999 -9999 -9999 -9999 -9999 -9999 -9999 -9999 -9999 104.292 104.229 104.153 104.087 104.035 103.993 103.958 103.918 103.881 103.848 103.817 103.788 103.761 103.736 103.712 103.69 103.67 103.651 103.634 103.619 103.6 103.579 103.555 103.531 103.507 103.483 103.46 103.436 103.413 103.389 103.365 103.34 103.314 103.286 103.257 103.227 103.211 103.214 103.221 -9999
103.79 -9999 -9999 -9999 -9999 -9999 -9999 -9999 -9999 -9999 -9999 -9999 -9999 -9999 -9999 -9999 -9999 -9999 -9999 -9999 -9999 -9999 -9999 -9999 -9999 -9999 -9999 -9999 -9999 -9999 -9999 -9999 -9999 -9999 104.354 -9999 104.207 104.133 104.068 104.015 -9999 103.924 103.885 103.851 103.819 103.789 103.762 103.736 103.712 103.69 103.669 103.651 103.633 103.611 103.589 103.564 103.539 103.516 103.493 103.47 103.448 103.426 103.404 103.381 103.357 103.333 103.308 103.281 103.252 103.227 103.211 103.209 103.215 103.222
-9999 -9999 -9999 -9999 -9999 -9999 -9999 -9999 -9999 -9999 -9999 -9999 -9999 -9999 -9999 -9999 -9999 -9999 -9999 -9999 -9999 -9999 -9999 -9999 -9999 -9999 -9999 -9999 -9999 -9999 -9999 -9999 -9999 -9999 -9999 104.347 104.261 -9999 -9999 -9999 -9999 103.945 103.892 103.856 103.823 103.792 103.764 103.738 103.713 103.69 103.669 103.649 103.621 103.597 103.571 103.546 103.523 103.5 103.479 103.457 103.436 103.415 103.394 103.372 103.35 103.326 103.302 103.275 103.247 103.227 103.217 103.209 103.21 103.217
-9999 -9999 -9999 -9999 -9999 -9999 -9999 -9999 -9999 -9999 -9999 -9999 -9999 -9999 -9999 -9999 -9999 -9999 -9999 -9999 -9999 -9999 -9999 -9999 -9999 -9999 -9999 -9999 -9999 -9999 -9999 -9999 -9999 -9999 -9999 104.393 104.323 -9999 -9999 -9999 -9999 104.008 103.936 103.897 103.86 103.825 103.791 103.758 103.726 103.694 103.663 103.632 103.604 103.577 103.552 103.528 103.506 103.485 103.464 103.445 103.425 103.405 103.385 103.364 103.343 103.32 103.296 103.27 103.246 103.23 103.223 103.215 103.208 103.212
-9999 -9999 -9999 -9999 -9999 -9999 -9999 -9999 -9999 -9999 -9999 -9999 -9999 -9999 -9999 -9999 -9999 -9999 -9999 -9999 -9999 -9999 -9999 -9999 -9999 -9999 -9999 -9999 -9999 -9999 -9999 -9999 -9999 -9999 -9999 104.436 -9999 -9999 -9999 -9999 104.152 104.072 104.006 103.959 103.918 103.878 103.84 103.8 103.756 103.712 103.67 103.629 103.586 103.557 103.532 103.51 103.489 103.469 103.45 103.432 103.413 103.394 103.375 103.356 103.335 103.313 103.29 103.265 103.247 103.236 103.23 103.223 103.214 103.21
-9999 -9999 -9999 -9999 -9999 -9999 -9999 -9999 -9999 -9999 -9999 -9999 -9999 -9999 -9999 -9999 -9999 -9999 -9999 -9999 -9999 -9999 -9999 -9999 -9999 -9999 -9999 -9999 -9999 -9999 -9999 -9999 -9999 -9999 -9999 -9999 -9999 -9999 -9999 -9999 104.238 104.163 104.088 104.026 103.979 103.929 103.881 103.83 103.781 103.733 103.688 103.643 103.6 103.559 103.523 103.494 103.472 103.454 103.436 103.419 103.402 103.384 103.366 103.347 103.327 103.306 103.283 103.263 103.249 103.244 103.238 103.232 103.223 103.214
-9999 -9999 -9999 -9999 -9999 -9999 -9999 -9999 -9999 -9999 -9999 -9999 -9999 -9999 -9999 -9999 -9999 -9999 -9999 -9999 -9999 -9999 -9999 -9999 -9999 -9999 -9999 -9999 -9999 -9999 -9999 -9999 -9999 -9999 -9999 -9999 -9999 -9999 -9999 -9999 104.321 104.24 104.155 104.078 104.014 103.959 103.905 103.853 103.804 103.756 103.71 103.665 103.622 103.58 103.54 103.501 103.466 103.441 103.423 103.406 103.39 103.373 103.356 103.338 103.319 103.299 103.276 103.262 103.255 103.251 103.246 103.24 103.232 103.223
-9999 -9999 -9999 -9999 -9999 -9999 -9999 -9999 -9999 -9999 -9999 -9999 -9999 -9999 -9999 -9999 -9999 -9999 -9999 -9999 -9999 -9999 -9999 -9999 -9999 -9999 -9999 -9999 -9999 -9999 -9999 -9999 -9999 -9999 -9999 -9999 -9999 -9999 -9999 104.446 104.369 104.291 104.207 104.118 104.043 103.984 103.929 103.877 103.827 103.778 103.732 103.686 103.642 103.6 103.56 103.522 103.485 103.448 103.415 103.394 103.379 103.363 103.347 103.329 103.311 103.291 103.275 103.265 103.262 103.258 103.254 103.248 103.241 103.233
-9999 -9999 -9999 -9999 -9999 -9999 -9999 -9999 -9999 -9999 -9999 -9999 -9999 -9999 -9999 -9999 -9999 -9999 -9999 -9999 -9999 -9999 -9999 -9999 -9999 -9999 -9999 -9999 -9999 -9999 -9999 -9999 -9999 -9999 -9999 -9999 -9999 -9999 -9999 104.484 104.407 104.332 104.25 104.16 104.077 104.01 103.954 103.901 103.851 103.802 103.754 103.708 103.662 103.618 103.578 103.541 103.506 103.471 103.435 103.397 103.371 103.353 103.337 103.32 103.302 103.286 103.276 103.272 103.269 103.266 103.261 103.256 103.25 103.242
-9999 -9999 -9999 -9999 -9999 -9999 -9999 -9999 -9999 -9999 -9999 -9999 -9999 -9999 -9999 -9999 -9999 -9999 -9999 -9999 -9999 -9999 -9999 -9999 -9999 -9999 -9999 -9999 -9999 -9999 -9999 -9999 -9999 -9999 -9999 -9999 -9999 -9999 104.602 104.522 104.445 104.37 104.289 104.202 104.112 104.037 103.98 103.927 103.876 103.826 103.778 103.73 103.683 103.637 103.595 103.56 103.528 103.494 103.459 103.422 103.382 103.348 103.327 103.311 103.294 103.284 103.28 103.278 103.276 103.273 103.269 103.265 103.259 103.251
-9999 -9999 -9999 -9999 -9999 -9999 -9999 -9999 -9999 -9999 -9999 -9999 -9999 -9999 -9999 -9999 -9999 -9999 -9999 -9999 -9999 -9999 -9999 -9999 -9999 -9999 -9999 -9999 -9999 -9999 -9999 -9999 -9999 -9999 -9999 -9999 -9999 -9999 104.639 104.559 104.482 104.401 104.322 104.238 104.151 104.072 104.008 103.954 103.903 103.852 103.803 103.755 103.707 103.66 103.618 103.583 103.551 103.518 103.483 103.446 103.407 103.366 103.325 103.302 103.292 103.287 103.286 103.285 103.283 103.281 103.277 103.273 103.268 103.261
-9999 -9999 -9999 -9999 -9999 -9999 -9999 -9999 -9999 -9999 -9999 -9999 -9999 -9999 -9999 -9999 -9999 -9999 -9999 -9999 -9999 -9999 -9999 -9999 -9999 -9999 -9999 -9999 -9999 -9999 -9999 -9999 -9999 -9999 -9999 -9999 -9999 -9999 104.677 104.596 104.512 104.43 104.352 104.273 104.191 104.108 104.038 103.984 103.931 103.881 103.831 103.782 103.735 103.69 103.647 103.61 103.576 103.542 103.507 103.471 103.432 103.391 103.346 103.307 103.294 103.293 103.293 103.292 103.291 103.289 103.286 103.282 103.277 103.27
-9999 -9999 -9999 -9999 -9999 -9999 -9999 -9999 -9999 -9999 -9999 -9999 -9999 -9999 -9999 -9999 -9999 -9999 -9999 -9999 -9999 -9999 -9999 -9999 -9999 -9999 -9999 -9999 -9999 -9999 -9999 -9999 -9999 -9999 -9999 -9999 -9999 -9999 -9999 104.624 104.541 104.46 104.382 104.306 104.226 104.146 104.073 104.015 103.962 103.911 103.861 103.812 103.765 103.72 103.678 103.639 103.603 103.567 103.531 103.494 103.456 103.415 103.377 103.34 103.308 103.3 103.3 103.299 103.298 103.297 103.294 103.291 -9999 103.28
