Validation/Results/ReClimate_08_2024_2_Temperatureweatherlogisticsltd.asc
NCOLS 192
NROWS 249
XLLCENTER -225160.85627316462
YLLCENTER 29788.11610251502
CELLSIZE 5000.0
NODATA_VALUE -9999
[rows 204 to 237 of 249, columns 75 to 149 of 192]
-9999 -9999 -9999 -9999 -0.741 -9999 -0.747 -0.749 -0.727 -0.705 -0.705 -0.707 -0.701 -0.686 -0.648 -0.609 -0.595 -0.581 -0.576 -0.572 -0.581 -0.597 -0.57 -0.54 -0.514 -0.485 -0.479 -0.472 -0.465 -0.458 -0.449 -0.44 -0.451 -0.466 -0.446 -0.423 -0.429 -0.436 -0.434 -0.431 -0.432 -0.433 -0.418 -0.402 -0.402 -0.402 -0.4 -0.396 -0.38 -0.359 -0.366 -0.373 -0.366 -0.355 -0.343 -0.327 -0.327 -0.326 -0.325 -0.322 -0.308 -0.288 -0.269 -0.247 -0.261 -0.277 -0.265 -0.249 -0.25 -0.252 -0.261 -0.27 -0.279 -0.286 -0.282
-9999 -9999 -9999 -9999 -9999 -9999 -9999 -9999 -0.717 -0.697 -0.696 -0.694 -0.681 -0.645 -0.613 -0.595 -0.588 -0.595 -0.591 -0.583 -0.59 -0.588 -0.56 -0.525 -0.502 -0.479 -0.473 -0.467 -0.46 -0.452 -0.443 -0.432 -0.433 -0.42 -0.409 -0.418 -0.424 -0.432 -0.43 -0.426 -0.428 -0.433 -0.421 -0.408 -0.405 -0.399 -0.395 -0.388 -0.377 -0.373 -0.377 -0.371 -0.366 -0.358 -0.348 -0.336 -0.329 -0.323 -0.327 -0.327 -0.318 -0.301 -0.301 -0.291 -0.282 -0.286 -0.304 -0.307 -0.28 -0.266 -0.263 -0.265 -0.284 -0.297 -0.293
-9999 -9999 -9999 -9999 -9999 -9999 -9999 -9999 -0.708 -0.688 -0.685 -0.683 -0.659 -0.624 -0.604 -0.586 -0.589 -0.596 -0.589 -0.583 -0.581 -0.582 -0.551 -0.517 -0.497 -0.475 -0.469 -0.464 -0.456 -0.449 -0.438 -0.428 -0.415 -0.401 -0.407 -0.415 -0.421 -0.429 -0.426 -0.423 -0.428 -0.433 -0.423 -0.41 -0.403 -0.397 -0.391 -0.384 -0.382 -0.379 -0.376 -0.371 -0.365 -0.359 -0.351 -0.341 -0.334 -0.325 -0.328 -0.331 -0.322 -0.309 -0.309 -0.31 -0.303 -0.292 -0.309 -0.329 -0.306 -0.275 -0.272 -0.266 -0.283 -0.302 -0.298
-9999 -9999 -9999 -9999 -9999 -9999 -0.719 -0.718 -0.705 -0.706 -9999 -0.682 -0.657 -0.614 -0.604 -0.62 -0.619 -9999 -0.602 -0.592 -0.586 -0.566 -0.541 -0.516 -0.498 -0.482 -0.482 -0.491 -0.477 -0.443 -0.436 -0.435 -0.423 -0.409 -0.419 -0.437 -0.438 -0.427 -0.428 -0.434 -0.438 -0.44 -0.43 -0.411 -0.402 -0.388 -0.387 -0.398 -0.396 -0.39 -0.391 -0.389 -0.377 -0.368 -0.36 -0.35 -0.346 -0.338 -0.336 -0.336 -0.343 -0.338 -0.328 -0.323 -0.323 -0.319 -0.314 -0.322 -0.323 -0.308 -0.299 -0.291 -0.294 -0.305 -0.307
-9999 -9999 -9999 -9999 -9999 -9999 -0.712 -9999 -9999 -9999 -0.692 -0.676 -0.648 -9999 -9999 -9999 -9999 -9999 -0.601 -0.591 -0.574 -0.555 -0.535 -0.513 -0.499 -0.484 -0.491 -0.501 -0.472 -0.44 -0.438 -0.437 -0.425 -0.411 -0.426 -0.444 -0.436 -0.425 -0.43 -0.437 -0.439 -0.442 -0.429 -0.411 -0.399 -0.385 -0.393 -0.403 -0.399 -0.394 -0.395 -0.394 -0.385 -0.373 -0.365 -0.355 -0.351 -0.344 -0.343 -0.339 -0.345 -0.349 -0.341 -0.33 -0.33 -0.33 -0.326 -0.32 -0.321 -0.321 -0.313 -0.301 -0.305 -0.307 -0.309
-9999 -9999 -9999 -9999 -9999 -9999 -9999 -9999 -0.684 -0.683 -0.67 -0.665 -0.64 -9999 -9999 -9999 -9999 -9999 -9999 -9999 -9999 -0.554 -0.538 -0.524 -0.518 -0.519 -0.52 -0.507 -0.484 -0.463 -0.461 -0.459 -0.448 -0.431 -0.442 -0.445 -0.436 -0.424 -0.433 -0.449 -0.452 -0.452 -0.436 -0.41 -0.403 -0.403 -0.405 -0.394 -0.392 -0.395 -0.394 -0.394 -0.389 -0.38 -0.375 -0.366 -0.362 -0.355 -0.357 -0.356 -0.36 -0.364 -0.352 -0.34 -0.34 -0.34 -0.328 -0.318 -0.313 -0.309 -0.311 -0.306 -0.303 -0.301 -0.311
-9999 -9999 -9999 -9999 -9999 -9999 -9999 -9999 -9999 -0.67 -9999 -9999 -9999 -9999 -9999 -9999 -9999 -9999 -9999 -0.572 -0.559 -0.549 -0.538 -0.525 -0.527 -0.53 -0.52 -0.507 -0.49 -0.471 -0.468 -0.467 -0.454 -0.438 -0.441 -0.444 -0.434 -0.423 -0.436 -0.453 -0.453 -0.454 -9999 -0.408 -0.409 -0.409 -0.401 -0.391 -0.392 -0.394 -0.394 -0.394 -0.39 -0.384 -0.379 -0.37 -0.366 -0.359 -0.361 -0.362 -0.366 -0.37 -0.359 -0.344 -0.344 -0.344 -0.333 -0.318 -0.313 -0.306 -0.308 -0.308 -0.305 -0.3 -0.309
-9999 -9999 -9999 -9999 -9999 -9999 -9999 -9999 -9999 -9999 -9999 -9999 -9999 -9999 -9999 -9999 -9999 -9999 -9999 -0.575 -0.565 -0.56 -0.538 -9999 -9999 -9999 -0.522 -0.523 -0.506 -0.481 -0.477 -0.469 -0.455 -0.436 -0.438 -0.44 -0.437 -0.446 -0.457 -0.463 -0.456 -9999 -0.43 -0.42 -0.419 -0.412 -0.404 -0.391 -0.389 -0.381 -0.381 -0.385 -0.383 -0.378 -0.37 -0.36 -0.351 -0.341 -0.361 -0.373 -0.367 -0.365 -0.353 -0.337 -0.343 -0.348 -0.34 -0.328 -0.323 -0.316 -0.316 -0.315 -0.323 -0.324 -0.314
-9999 -9999 -9999 -9999 -9999 -9999 -9999 -9999 -9999 -9999 -9999 -9999 -9999 -9999 -9999 -9999 -9999 -9999 -9999 -9999 -9999 -9999 -9999 -9999 -9999 -9999 -0.527 -0.525 -0.506 -0.483 -0.476 -0.468 -0.452 -0.434 -0.435 -0.437 -0.445 -0.454 -0.46 -9999 -9999 -0.439 -0.433 -0.424 -0.419 -0.412 -0.402 -0.39 -0.383 -0.374 -0.378 -0.382 -0.381 -0.377 -0.369 -0.357 -0.348 -0.336 -0.354 -0.377 -0.371 -0.363 -0.352 -0.336 -0.341 -0.348 -0.341 -0.331 -0.328 -0.321 -0.32 -0.316 -0.323 -0.331 -0.322
-9999 -9999 -9999 -9999 -9999 -9999 -9999 -9999 -9999 -9999 -9999 -9999 -9999 -9999 -9999 -9999 -9999 -9999 -9999 -9999 -9999 -9999 -9999 -9999 -9999 -9999 -0.527 -0.53 -0.511 -0.496 -0.488 -0.474 -0.459 -0.44 -0.44 -0.437 -9999 -9999 -9999 -9999 -9999 -0.456 -0.447 -0.425 -0.419 -0.412 -0.404 -0.396 -0.387 -0.373 -0.379 -0.388 -0.381 -0.374 -0.369 -0.359 -0.361 -0.355 -0.362 -0.378 -0.373 -0.365 -0.363 -0.354 -0.346 -0.344 -0.345 -0.339 -0.336 -0.331 -0.328 -0.322 -0.319 -0.322 -0.332
-9999 -9999 -9999 -9999 -9999 -9999 -9999 -9999 -9999 -9999 -9999 -9999 -9999 -9999 -9999 -9999 -9999 -9999 -9999 -9999 -9999 -9999 -9999 -9999 -9999 -9999 -9999 -9999 -0.514 -0.498 -0.486 -0.473 -0.458 -0.44 -0.442 -9999 -9999 -9999 -9999 -0.445 -0.45 -0.461 -0.446 -0.424 -0.418 -0.411 -0.405 -0.397 -0.385 -0.373 -0.38 -0.388 -0.381 -0.371 -0.367 -0.359 -0.361 -0.362 -0.369 -0.377 -0.372 -0.365 -0.363 -0.359 -0.352 -0.342 -0.342 -0.341 -0.339 -0.333 -0.332 -0.326 -0.322 -0.319 -0.329
-9999 -9999 -9999 -9999 -9999 -9999 -9999 -9999 -9999 -9999 -9999 -9999 -9999 -9999 -9999 -9999 -9999 -9999 -9999 -9999 -9999 -9999 -9999 -9999 -9999 -9999 -9999 -9999 -9999 -0.495 -0.48 -0.465 -0.454 -0.457 -9999 -9999 -9999 -9999 -0.456 -0.453 -0.459 -0.459 -0.444 -0.422 -0.419 -0.422 -0.413 -0.396 -0.389 -0.388 -0.391 -0.389 -0.383 -0.374 -0.376 -0.373 -0.375 -0.377 -0.375 -0.378 -0.38 -0.378 -0.372 -0.366 -0.363 -0.356 -0.349 -0.345 -0.341 -0.336 -0.339 -0.338 -0.329 -0.323 -0.333
-9999 -9999 -9999 -9999 -9999 -9999 -9999 -9999 -9999 -9999 -9999 -9999 -9999 -9999 -9999 -9999 -9999 -9999 -9999 -9999 -9999 -9999 -9999 -9999 -9999 -9999 -9999 -9999 -9999 -9999 -9999 -9999 -9999 -9999 -9999 -9999 -9999 -0.466 -0.461 -0.454 -0.455 -0.455 -0.44 -0.419 -0.421 -0.423 -0.41 -0.395 -0.394 -0.393 -0.391 -0.389 -0.383 -0.374 -0.376 -0.377 -0.38 -0.382 -0.381 -0.378 -0.379 -0.381 -0.376 -0.368 -0.365 -0.361 -0.355 -0.346 -0.343 -0.337 -0.34 -0.342 -0.335 -0.325 -0.334
-9999 -9999 -9999 -9999 -9999 -9999 -9999 -9999 -9999 -9999 -9999 -9999 -9999 -9999 -9999 -9999 -9999 -9999 -9999 -9999 -9999 -9999 -9999 -9999 -9999 -9999 -9999 -9999 -9999 -9999 -9999 -9999 -9999 -9999 -9999 -9999 -0.452 -0.456 -0.45 -0.444 -0.445 -0.445 -0.435 -0.43 -0.428 -0.416 -0.412 -0.419 -0.419 -0.414 -0.412 -0.405 -0.402 -0.396 -0.399 -0.401 -0.394 -0.391 -0.392 -0.393 -0.385 -0.381 -0.378 -0.373 -0.379 -0.381 -0.365 -0.352 -0.363 -0.366 -0.356 -0.352 -0.336 -0.322 -0.336
-9999 -9999 -9999 -9999 -9999 -9999 -9999 -9999 -9999 -9999 -9999 -9999 -9999 -9999 -9999 -9999 -9999 -9999 -9999 -9999 -9999 -9999 -9999 -9999 -9999 -9999 -9999 -9999 -9999 -9999 -9999 -9999 -9999 -9999 -9999 -9999 -0.46 -0.448 -0.443 -0.437 -0.438 -0.438 -0.436 -0.432 -0.423 -0.413 -0.42 -0.428 -0.425 -0.422 -0.416 -0.41 -0.408 -0.403 -0.406 -0.409 -0.403 -0.393 -0.395 -0.397 -0.39 -0.38 -0.378 -0.374 -0.38 -0.388 -0.373 -0.354 -0.365 -0.376 -0.367 -0.355 -0.34 -0.321 -0.334
-9999 -9999 -9999 -9999 -9999 -9999 -9999 -9999 -9999 -9999 -9999 -9999 -9999 -9999 -9999 -9999 -9999 -9999 -9999 -9999 -9999 -9999 -9999 -0.505 -0.509 -0.504 -0.497 -9999 -0.49 -9999 -9999 -9999 -9999 -9999 -9999 -9999 -9999 -0.47 -0.462 -0.441 -0.445 -0.453 -0.454 -0.455 -0.447 -0.433 -0.438 -0.437 -0.431 -0.417 -0.418 -0.416 -0.418 -0.417 -0.415 -0.416 -0.411 -0.403 -0.403 -0.403 -0.402 -0.396 -0.394 -0.391 -0.402 -0.413 -0.402 -0.387 -0.375 -0.374 -0.377 -0.372 -0.367 -0.354 -0.349
-9999 -9999 -9999 -9999 -9999 -9999 -9999 -9999 -9999 -9999 -9999 -9999 -9999 -9999 -9999 -9999 -9999 -9999 -9999 -9999 -0.548 -0.543 -0.525 -0.507 -0.504 -0.498 -0.49 -0.48 -0.494 -0.515 -0.508 -9999 -9999 -0.494 -0.492 -0.485 -0.484 -0.475 -0.459 -0.44 -0.447 -0.457 -0.461 -0.463 -0.453 -0.441 -0.44 -0.439 -0.428 -0.414 -0.415 -0.417 -0.419 -0.421 -0.42 -0.417 -0.413 -0.406 -0.406 -0.404 -0.404 -0.402 -0.4 -0.396 -0.408 -0.422 -0.412 -0.398 -0.388 -0.373 -0.375 -0.378 -0.373 -0.366 -0.362
-9999 -9999 -9999 -9999 -9999 -9999 -9999 -9999 -9999 -9999 -9999 -9999 -9999 -9999 -9999 -9999 -9999 -9999 -9999 -0.55 -0.546 -0.555 -0.541 -0.521 -0.518 -0.513 -0.506 -0.494 -0.502 -0.489 -0.491 -0.501 -0.501 -0.497 -0.502 -0.509 -0.501 -0.483 -0.472 -0.463 -0.467 -0.457 -0.459 -0.455 -0.449 -0.451 -0.451 -0.45 -0.438 -0.42 -0.421 -0.423 -0.425 -0.427 -0.427 -0.426 -0.423 -0.418 -0.416 -0.413 -0.422 -0.426 -0.416 -0.409 -0.418 -0.43 -0.399 -0.372 -0.388 -0.39 -0.389 -0.39 -0.387 -0.381 -0.359
-9999 -9999 -9999 -9999 -9999 -9999 -9999 -9999 -9999 -9999 -9999 -9999 -9999 -9999 -9999 -9999 -9999 -9999 -9999 -0.548 -0.56 -0.558 -0.542 -0.525 -0.52 -0.517 -0.507 -0.497 -0.486 -0.474 -0.484 -0.496 -0.495 -0.493 -0.502 -0.512 -0.5 -0.484 -0.478 -0.471 -0.464 -0.455 -0.454 -0.449 -0.452 -0.454 -0.453 -0.452 -0.439 -0.421 -0.422 -0.424 -0.426 -0.428 -0.429 -0.428 -0.426 -0.421 -0.419 -0.415 -0.424 -0.433 -0.425 -0.413 -0.422 -0.432 -0.403 -0.363 -0.377 -0.395 -0.395 -0.393 -0.39 -0.386 -0.366
-9999 -9999 -9999 -9999 -9999 -9999 -9999 -9999 -9999 -9999 -9999 -9999 -9999 -9999 -9999 -9999 -9999 -9999 -9999 -0.556 -0.559 -0.539 -0.529 -0.528 -0.531 -0.549 -0.533 -0.498 -0.498 -0.516 -0.521 -0.513 -0.51 -0.498 -0.505 -0.511 -0.502 -0.494 -0.489 -0.479 -0.473 -0.466 -0.465 -0.461 -0.466 -0.472 -0.472 -0.469 -0.454 -0.429 -0.432 -0.441 -0.442 -0.444 -0.442 -0.44 -0.436 -0.43 -0.421 -0.413 -0.423 -0.433 -0.436 -0.431 -0.423 -0.423 -0.407 -0.376 -0.385 -0.399 -0.408 -0.412 -0.393 -0.378 -0.382
-9999 -9999 -9999 -9999 -9999 -9999 -9999 -9999 -9999 -9999 -9999 -9999 -9999 -9999 -9999 -0.592 -0.577 -9999 -0.556 -0.564 -0.55 -0.531 -0.529 -0.528 -0.541 -0.559 -0.53 -0.496 -0.511 -0.53 -0.524 -0.518 -0.509 -0.498 -0.503 -0.508 -0.503 -0.496 -0.489 -0.48 -0.475 -0.468 -0.467 -0.465 -0.472 -0.478 -0.476 -0.474 -0.455 -0.431 -0.437 -0.445 -0.447 -0.448 -0.447 -0.443 -0.439 -0.433 -0.424 -0.411 -0.421 -0.432 -0.435 -0.437 -0.43 -0.418 -0.402 -0.381 -0.39 -0.4 -0.408 -0.417 -0.4 -0.376 -0.379
-9999 -9999 -9999 -9999 -9999 -9999 -9999 -9999 -9999 -9999 -9999 -9999 -9999 -9999 -9999 -0.576 -0.564 -0.553 -0.555 -0.545 -0.544 -0.564 -0.564 -0.561 -0.566 -0.554 -0.529 -0.504 -0.519 -0.536 -0.534 -0.534 -0.526 -0.515 -0.515 -0.505 -0.501 -0.498 -0.485 -0.458 -0.458 -0.468 -0.469 -0.472 -0.476 -0.47 -0.462 -0.441 -0.435 -0.456 -0.458 -0.45 -0.449 -0.449 -0.44 -0.432 -0.433 -0.43 -0.423 -0.41 -0.431 -0.448 -0.444 -0.442 -0.446 -0.442 -0.418 -0.394 -0.403 -0.414 -0.398 -0.392 -0.381 -0.361 -0.377
-9999 -9999 -9999 -9999 -9999 -9999 -9999 -9999 -9999 -9999 -9999 -9999 -9999 -9999 -0.581 -0.566 -0.559 -0.55 -0.542 -0.533 -0.552 -0.574 -0.576 -0.574 -0.563 -0.551 -0.53 -0.507 -0.52 -0.537 -0.538 -0.538 -0.53 -0.519 -0.512 -0.502 -0.5 -0.496 -0.474 -0.447 -0.456 -0.466 -0.47 -0.473 -0.471 -0.466 -0.449 -0.428 -0.444 -0.464 -0.458 -0.45 -0.449 -0.448 -0.439 -0.427 -0.428 -0.429 -0.422 -0.41 -0.429 -0.453 -0.449 -0.442 -0.446 -0.448 -0.426 -0.397 -0.406 -0.417 -0.402 -0.381 -0.371 -0.355 -0.37
-9999 -9999 -9999 -9999 -9999 -9999 -9999 -9999 -9999 -9999 -9999 -9999 -9999 -9999 -9999 -0.608 -0.594 -0.558 -0.55 -0.537 -0.547 -0.54 -0.543 -0.55 -0.55 -0.569 -0.554 -0.541 -0.547 -0.536 -0.536 -0.537 -0.531 -0.53 -0.523 -0.512 -0.509 -0.502 -0.483 -0.464 -0.47 -0.469 -0.472 -0.474 -0.471 -0.464 -0.456 -0.458 -0.465 -0.451 -0.442 -0.432 -0.429 -0.424 -0.435 -0.433 -0.434 -0.434 -0.436 -9999 -0.427 -0.436 -0.45 -0.454 -0.429 -0.414 -0.406 -0.385 -0.389 -0.396 -0.39 -0.374 -0.379 -0.372 -0.375
-9999 -9999 -9999 -9999 -9999 -9999 -9999 -9999 -9999 -9999 -9999 -9999 -9999 -9999 -0.602 -0.62 -0.592 -0.557 -0.547 -0.535 -0.53 -0.523 -0.53 -0.538 -0.556 -0.577 -0.566 -0.555 -0.545 -0.535 -0.534 -0.534 -0.534 -0.533 -0.525 -0.515 -0.509 -0.503 -0.488 -0.469 -0.469 -0.469 -0.471 -0.472 -0.469 -0.463 -0.467 -0.471 -0.459 -0.445 -0.436 -0.426 -0.421 -0.416 -0.425 -0.435 -0.436 -0.435 -0.437 -0.437 -9999 -0.429 -9999 -0.456 -9999 -0.4 -9999 -0.38 -0.383 -0.387 -0.38 -0.371 -0.375 -0.377 -9999
-9999 -9999 -9999 -9999 -9999 -9999 -9999 -9999 -9999 -9999 -9999 -9999 -9999 -9999 -0.595 -0.578 -0.557 -0.548 -0.539 -0.529 -0.527 -0.533 -0.537 -0.531 -0.542 -0.543 -0.544 -0.564 -0.549 -0.52 -0.519 -0.523 -0.521 -0.518 -0.511 -0.508 -0.504 -0.502 -0.485 -0.462 -0.464 -0.468 -0.47 -0.474 -0.471 -0.466 -0.472 -0.478 -0.47 -0.467 -0.453 -0.423 -0.425 -0.423 -0.434 -0.446 -0.445 -0.442 -0.443 -0.443 -9999 -9999 -0.452 -0.469 -9999 -9999 -0.406 -0.405 -0.398 -9999 -9999 -9999 -9999 -9999 -9999
-9999 -9999 -9999 -9999 -9999 -9999 -9999 -9999 -9999 -9999 -9999 -9999 -9999 -0.572 -0.561 -0.559 -0.551 -0.543 -0.534 -0.524 -0.529 -0.535 -0.531 -0.526 -0.526 -0.526 -0.544 -0.567 -0.544 -0.515 -0.516 -0.519 -0.515 -0.511 -0.508 -0.505 -0.503 -0.5 -0.482 -0.459 -0.463 -0.467 -0.47 -0.474 -0.471 -0.466 -0.474 -0.481 -0.479 -0.476 -0.453 -0.424 -0.425 -0.427 -0.438 -0.45 -0.45 -9999 -9999 -9999 -0.443 -9999 -9999 -9999 -9999 -9999 -9999 -0.41 -9999 -9999 -9999 -9999 -9999 -9999 -9999
-9999 -9999 -9999 -9999 -9999 -9999 -9999 -9999 -9999 -9999 -9999 -9999 -0.572 -0.569 -0.568 -0.57 -0.564 -0.557 -0.547 -0.528 -0.527 -0.515 -0.514 -0.519 -0.525 -0.544 -0.56 -0.569 -0.547 -0.521 -0.528 -0.545 -0.536 -0.514 -0.511 -9999 -9999 -9999 -9999 -9999 -0.472 -0.476 -0.481 -0.496 -0.491 -0.475 -0.479 -0.474 -0.471 -0.462 -9999 -0.445 -9999 -9999 -9999 -9999 -9999 -0.431 -0.435 -0.451 -0.446 -0.439 -0.426 -9999 -9999 -9999 -9999 -9999 -9999 -9999 -9999 -9999 -9999 -9999 -9999
-9999 -9999 -9999 -9999 -9999 -9999 -9999 -9999 -9999 -9999 -9999 -0.582 -0.579 -0.569 -0.571 -0.572 -0.567 -0.561 -0.546 -0.527 -0.517 -0.505 -0.51 -0.515 -0.53 -0.549 -0.556 -0.565 -0.544 -0.52 -0.535 -0.554 -9999 -9999 -9999 -9999 -9999 -9999 -9999 -9999 -9999 -9999 -0.493 -0.505 -0.493 -0.478 -0.475 -0.471 -0.466 -0.459 -0.461 -9999 -9999 -9999 -9999 -9999 -9999 -9999 -0.442 -0.453 -0.448 -0.441 -9999 -9999 -9999 -9999 -9999 -9999 -9999 -9999 -9999 -9999 -9999 -9999 -9999
-9999 -9999 -9999 -9999 -9999 -9999 -9999 -9999 -9999 -0.57 -0.578 -0.581 -0.576 -0.565 -0.573 -0.594 -0.589 -0.578 -0.561 -0.534 -0.533 -0.546 -0.546 -0.53 -0.539 -0.54 -0.549 -0.565 -0.548 -0.531 -9999 -9999 -9999 -9999 -9999 -9999 -9999 -9999 -9999 -9999 -9999 -9999 -9999 -0.512 -9999 -9999 -9999 -9999 -9999 -0.475 -0.464 -9999 -9999 -9999 -9999 -9999 -9999 -9999 -9999 -9999 -0.463 -0.451 -9999 -9999 -9999 -9999 -9999 -9999 -9999 -9999 -9999 -9999 -9999 -9999 -9999
-9999 -9999 -9999 -9999 -9999 -9999 -9999 -9999 -0.563 -9999 -0.571 -0.575 -0.571 -0.562 -0.58 -0.601 -0.593 -0.583 -0.561 -0.535 -0.547 -0.56 -0.549 -0.534 -0.534 -0.534 -0.547 -0.562 -0.549 -0.531 -9999 -9999 -9999 -9999 -9999 -9999 -9999 -9999 -9999 -9999 -9999 -9999 -9999 -9999 -0.505 -9999 -9999 -9999 -9999 -9999 -9999 -9999 -9999 -9999 -9999 -9999 -9999 -9999 -9999 -9999 -9999 -9999 -9999 -9999 -9999 -9999 -9999 -9999 -9999 -9999 -9999 -9999 -9999 -9999 -9999
-9999 -9999 -9999 -9999 -9999 -9999 -9999 -0.559 -0.56 -0.56 -0.566 -0.574 -0.572 -0.567 -0.579 -0.577 -0.577 -0.598 -0.582 -9999 -0.578 -0.581 -0.563 -0.523 -0.525 -0.532 -0.537 -0.531 -0.524 -9999 -9999 -9999 -9999 -9999 -9999 -9999 -9999 -9999 -9999 -9999 -9999 -9999 -9999 -9999 -9999 -9999 -9999 -9999 -9999 -9999 -9999 -9999 -9999 -9999 -9999 -9999 -9999 -9999 -9999 -9999 -9999 -9999 -9999 -9999 -9999 -9999 -9999 -9999 -9999 -9999 -9999 -9999 -9999 -9999 -9999
-9999 -9999 -9999 -9999 -9999 -9999 -9999 -0.557 -0.557 -0.553 -0.561 -0.568 -0.568 -0.565 -0.567 -0.566 -0.582 -0.603 -0.593 -0.581 -0.584 -0.587 -0.556 -0.517 -0.523 -0.53 -0.524 -0.517 -0.52 -9999 -9999 -9999 -9999 -9999 -9999 -9999 -9999 -9999 -9999 -9999 -9999 -9999 -9999 -9999 -9999 -9999 -9999 -9999 -9999 -9999 -9999 -9999 -9999 -9999 -9999 -9999 -9999 -9999 -9999 -9999 -9999 -9999 -9999 -9999 -9999 -9999 -9999 -9999 -9999 -9999 -9999 -9999 -9999 -9999 -9999
-9999 -9999 -9999 -9999 -9999 -9999 -0.55 -0.562 -0.559 -0.549 -0.553 -0.55 -0.555 -0.571 -0.571 -0.562 -0.581 -0.603 -0.6 -0.607 -0.6 -0.568 -0.546 -0.537 -0.539 -0.528 -0.52 -0.508 -9999 -9999 -9999 -9999 -9999 -9999 -9999 -9999 -9999 -9999 -9999 -9999 -9999 -9999 -9999 -9999 -9999 -9999 -9999 -9999 -9999 -9999 -9999 -9999 -9999 -9999 -9999 -9999 -9999 -9999 -9999 -9999 -9999 -9999 -9999 -9999 -9999 -9999 -9999 -9999 -9999 -9999 -9999 -9999 -9999 -9999 -9999
