Validation/Results/ReClimate_10_2023_1_Temperatureweatherlogisticsltd.asc
NCOLS 192
NROWS 249
XLLCENTER -225160.85627316462
YLLCENTER 29788.11610251502
CELLSIZE 5000.0
NODATA_VALUE -9999
[rows 198 to 230 of 249, columns 76 to 151 of 192]
-9999 -9999 -9999 -9999 -9999 -9999 -9999 -9999 -9999 -9999 -9999 -9999 -9999 -9999 -9999 -9999 0.177 0.176 0.158 0.165 0.176 0.173 0.17 0.171 0.173 0.172 0.172 0.178 0.184 0.178 0.171 0.174 0.178 0.171 0.162 0.158 0.152 0.147 0.142 0.135 0.125 0.14 0.159 0.163 0.167 0.153 0.136 0.146 0.157 0.153 0.148 0.152 0.157 0.167 0.18 0.171 0.16 0.17 0.182 0.188 0.193 0.198 0.204 0.212 0.222 0.231 0.242 0.248 0.251 0.249 0.247 0.249 0.252 0.248 0.244 0.234
-9999 -9999 -9999 -9999 -9999 -9999 -9999 -9999 -9999 -9999 -9999 -9999 -9999 0.174 0.188 0.192 0.191 0.18 0.162 0.17 0.179 0.177 0.177 0.184 0.201 0.198 0.183 0.186 0.184 0.181 0.181 0.183 0.179 0.172 0.163 0.161 0.162 0.154 0.138 0.134 0.135 0.146 0.154 0.161 0.177 0.169 0.165 0.165 0.148 0.158 0.161 0.168 0.175 0.177 0.184 0.188 0.185 0.184 0.19 0.197 0.204 0.204 0.206 0.21 0.217 0.233 0.247 0.248 0.246 0.246 0.245 0.24 0.237 0.238 0.237 0.229
-9999 -9999 -9999 -9999 -9999 -9999 -9999 -9999 -9999 -9999 -9999 0.173 0.175 0.187 0.196 0.199 0.199 0.185 0.167 0.175 0.183 0.183 0.182 0.198 0.216 0.205 0.19 0.189 0.187 0.188 0.189 0.187 0.183 0.177 0.169 0.17 0.172 0.159 0.144 0.145 0.146 0.151 0.158 0.171 0.188 0.186 0.183 0.17 0.153 0.163 0.175 0.182 0.19 0.193 0.195 0.199 0.204 0.202 0.199 0.206 0.214 0.214 0.213 0.217 0.221 0.235 0.25 0.248 0.244 0.243 0.243 0.24 0.234 0.235 0.238 0.229
-9999 -9999 -9999 -9999 -9999 -9999 -9999 0.166 0.173 0.174 0.175 0.176 0.192 0.199 0.196 0.201 0.207 0.197 0.191 0.193 0.184 0.19 0.208 0.214 0.203 0.194 0.192 0.191 0.192 0.191 0.185 0.179 0.167 0.167 0.18 0.179 0.175 0.165 0.153 0.157 0.165 0.169 0.17 0.18 0.187 0.185 0.186 0.176 0.17 0.182 0.196 0.202 0.209 0.214 0.218 0.216 0.217 0.214 0.211 0.219 0.227 0.219 0.212 0.224 0.233 0.239 0.247 0.242 0.238 0.24 0.241 0.237 0.232 0.237 0.241 0.235
-9999 -9999 -9999 -9999 -9999 -9999 0.164 0.172 0.176 0.182 0.177 0.188 0.199 0.199 0.196 0.205 0.212 0.208 0.203 0.196 0.188 0.203 0.221 0.212 0.201 0.199 0.196 0.197 0.199 0.194 0.187 0.177 0.165 0.176 0.188 0.185 0.181 0.172 0.162 0.169 0.178 0.18 0.181 0.186 0.192 0.192 0.193 0.188 0.182 0.193 0.207 0.213 0.22 0.224 0.23 0.228 0.226 0.223 0.219 0.226 0.236 0.227 0.216 0.227 0.24 0.243 0.245 0.241 0.236 0.238 0.242 0.238 0.233 0.238 0.245 0.24
-9999 -9999 -9999 -9999 -9999 0.16 0.169 0.176 0.181 0.183 0.184 0.192 0.199 0.198 0.195 0.205 0.214 0.213 0.21 0.204 0.199 0.21 0.217 0.21 0.208 0.207 0.204 0.205 0.205 0.2 0.195 0.187 0.18 0.187 0.191 0.189 0.19 0.184 0.178 0.184 0.184 0.184 0.182 0.19 0.205 0.204 0.199 0.205 0.232 0.234 0.215 0.213 0.215 0.214 0.216 0.221 0.223 0.227 0.227 0.22 0.22 0.218 0.21 0.218 0.227 0.239 0.245 0.237 0.23 0.227 0.228 0.23 0.229 0.239 0.249 0.239
-9999 -9999 -9999 0.153 -9999 0.164 0.173 0.179 0.184 0.187 0.188 0.193 0.199 0.199 0.196 0.206 0.216 0.217 0.218 0.213 0.207 0.212 0.218 0.217 0.215 0.214 0.211 0.212 0.211 0.207 0.201 0.196 0.19 0.193 0.196 0.197 0.199 0.195 0.189 0.19 0.19 0.189 0.187 0.199 0.214 0.21 0.205 0.227 0.255 0.24 0.221 0.22 0.217 0.216 0.216 0.22 0.226 0.229 0.233 0.227 0.219 0.216 0.212 0.218 0.224 0.234 0.247 0.239 0.229 0.227 0.225 0.226 0.229 0.239 0.252 0.243
-9999 -9999 -9999 -9999 -9999 -9999 -9999 0.179 0.19 0.191 0.187 0.191 0.194 0.192 0.185 0.194 0.206 0.215 0.237 0.232 0.217 0.221 0.222 0.22 0.216 0.213 0.208 0.206 0.201 0.201 0.21 0.207 0.206 0.205 0.196 0.199 0.207 0.203 0.199 0.196 0.187 0.189 0.197 0.205 0.204 0.201 0.203 0.219 0.23 0.221 0.223 0.224 0.223 0.22 0.218 0.225 0.231 0.231 0.232 0.227 0.22 0.217 0.212 0.219 0.226 0.222 0.227 0.23 0.226 0.233 0.237 0.239 0.242 0.238 0.242 0.24
-9999 -9999 -9999 -9999 -9999 -9999 -9999 0.183 0.194 0.192 0.188 0.191 0.194 0.189 0.182 0.192 0.203 0.223 0.246 0.238 0.225 0.227 0.228 0.225 0.221 0.216 0.21 0.206 0.201 0.209 0.217 0.217 0.216 0.209 0.201 0.207 0.214 0.211 0.207 0.199 0.19 0.197 0.205 0.205 0.203 0.204 0.206 0.214 0.223 0.225 0.228 0.228 0.229 0.226 0.223 0.229 0.237 0.236 0.235 0.23 0.224 0.221 0.215 0.221 0.229 0.225 0.222 0.224 0.227 0.234 0.243 0.245 0.249 0.245 0.24 0.239
-9999 -9999 -9999 -9999 -9999 0.156 0.163 0.175 0.196 -9999 0.193 0.196 0.2 0.191 0.173 0.18 -9999 0.2 0.208 0.207 0.223 0.226 0.227 0.226 0.231 0.227 0.224 0.223 0.227 0.23 0.223 0.222 0.222 0.217 0.214 0.217 0.216 0.211 0.202 0.198 0.202 0.204 0.198 0.198 0.203 0.203 0.204 0.209 0.213 0.216 0.219 0.226 0.23 0.23 0.228 0.225 0.228 0.231 0.232 0.241 0.242 0.226 0.213 0.221 0.23 0.238 0.242 0.24 0.242 0.234 0.234 0.233 0.235 0.237 0.236 0.234
-9999 -9999 -9999 -9999 -9999 0.158 -9999 -9999 -9999 0.198 0.196 0.2 -9999 -9999 -9999 -9999 -9999 0.191 0.194 0.208 0.224 0.227 0.23 0.234 0.239 0.236 0.233 0.237 0.241 0.236 0.229 0.228 0.228 0.227 0.224 0.223 0.221 0.213 0.204 0.207 0.211 0.205 0.199 0.202 0.206 0.206 0.207 0.21 0.213 0.216 0.22 0.226 0.234 0.234 0.234 0.231 0.229 0.232 0.235 0.242 0.25 0.234 0.214 0.222 0.232 0.24 0.251 0.25 0.249 0.242 0.233 0.232 0.232 0.233 0.236 0.235
-9999 -9999 -9999 -9999 -9999 -9999 -9999 0.174 0.186 0.185 0.187 0.191 -9999 -9999 -9999 -9999 -9999 -9999 -9999 -9999 0.225 0.226 0.22 0.227 0.24 0.237 0.232 0.24 0.258 0.249 0.229 0.228 0.226 0.222 0.213 0.21 0.206 0.206 0.223 0.222 0.211 0.208 0.21 0.209 0.202 0.204 0.212 0.212 0.209 0.22 0.229 0.234 0.241 0.237 0.234 0.228 0.222 0.225 0.226 0.22 0.219 0.21 0.193 0.211 0.226 0.225 0.229 0.233 0.234 0.236 0.233 0.231 0.23 0.237 0.243 0.23
-9999 -9999 -9999 -9999 -9999 -9999 -9999 -9999 0.184 -9999 -9999 -9999 -9999 -9999 -9999 -9999 -9999 -9999 0.222 0.227 0.226 0.222 0.217 0.229 0.243 0.24 0.236 0.251 0.269 0.253 0.234 0.232 0.23 0.222 0.213 0.209 0.205 0.219 0.235 0.226 0.215 -9999 0.219 0.212 0.204 0.21 0.218 0.215 0.212 0.223 0.237 0.241 0.247 0.244 0.239 0.232 0.223 0.223 0.225 0.218 0.21 0.2 0.189 0.205 0.226 0.225 0.224 0.226 0.23 0.232 0.236 0.234 0.232 0.239 0.249 0.236
-9999 -9999 -9999 -9999 -9999 -9999 -9999 -9999 -9999 -9999 -9999 -9999 -9999 -9999 -9999 -9999 -9999 -9999 0.217 0.219 0.226 0.228 -9999 -9999 -9999 0.247 0.255 0.263 0.256 0.246 0.243 0.242 0.24 0.235 0.234 0.229 0.221 0.231 0.237 0.232 -9999 0.232 0.222 0.215 0.208 0.213 0.219 0.223 0.242 0.248 0.244 0.241 0.242 0.247 0.246 0.233 0.221 0.221 0.223 0.217 0.211 0.21 0.204 0.203 0.213 0.222 0.226 0.225 0.227 0.231 0.236 0.234 0.231 0.24 0.25 0.249
-9999 -9999 -9999 -9999 -9999 -9999 -9999 -9999 -9999 -9999 -9999 -9999 -9999 -9999 -9999 -9999 -9999 -9999 -9999 -9999 -9999 -9999 -9999 -9999 -9999 0.251 0.263 0.259 0.254 0.254 0.252 0.25 0.248 0.247 0.247 0.24 0.232 0.236 -9999 -9999 0.245 0.237 0.227 0.221 0.215 0.219 0.224 0.239 0.259 0.255 0.251 0.248 0.243 0.246 0.249 0.236 0.221 0.222 0.224 0.219 0.213 0.212 0.212 0.211 0.211 0.219 0.23 0.229 0.228 0.233 0.239 0.237 0.234 0.242 0.253 0.252
-9999 -9999 -9999 -9999 -9999 -9999 -9999 -9999 -9999 -9999 -9999 -9999 -9999 -9999 -9999 -9999 -9999 -9999 -9999 -9999 -9999 -9999 -9999 -9999 -9999 0.251 0.257 0.254 0.252 0.252 0.249 0.256 0.277 0.271 0.25 -9999 -9999 -9999 -9999 -9999 0.237 0.229 0.223 0.22 0.225 0.225 0.216 0.229 0.244 0.246 0.262 0.257 0.252 0.251 0.252 0.242 0.229 0.233 0.237 0.231 0.225 0.219 0.216 0.201 0.192 0.213 0.231 0.232 0.233 0.24 0.248 0.243 0.238 0.244 0.253 0.251
-9999 -9999 -9999 -9999 -9999 -9999 -9999 -9999 -9999 -9999 -9999 -9999 -9999 -9999 -9999 -9999 -9999 -9999 -9999 -9999 -9999 -9999 -9999 -9999 -9999 -9999 -9999 0.253 0.252 0.252 0.25 0.268 0.289 0.267 -9999 -9999 -9999 -9999 0.252 0.246 0.238 0.232 0.226 0.229 0.235 0.227 0.217 0.227 0.239 0.251 0.267 0.262 0.256 0.255 0.255 0.245 0.235 0.238 0.244 0.238 0.232 0.227 0.22 0.206 0.189 0.208 0.234 0.235 0.237 0.244 0.253 0.248 0.242 0.248 0.255 0.253
-9999 -9999 -9999 -9999 -9999 -9999 -9999 -9999 -9999 -9999 -9999 -9999 -9999 -9999 -9999 -9999 -9999 -9999 -9999 -9999 -9999 -9999 -9999 -9999 -9999 -9999 -9999 -9999 0.249 0.25 0.255 0.268 0.274 -9999 -9999 -9999 -9999 0.262 0.253 0.25 0.252 0.244 0.227 0.232 0.239 0.235 0.235 0.235 0.22 0.232 0.251 0.25 0.246 0.238 0.233 0.24 0.239 0.233 0.233 0.227 0.221 0.224 0.223 0.222 0.214 0.205 0.213 0.228 0.238 0.242 0.25 0.247 0.242 0.24 0.242 0.242
-9999 -9999 -9999 -9999 -9999 -9999 -9999 -9999 -9999 -9999 -9999 -9999 -9999 -9999 -9999 -9999 -9999 -9999 -9999 -9999 -9999 -9999 -9999 -9999 -9999 -9999 -9999 -9999 -9999 -9999 -9999 -9999 -9999 -9999 -9999 -9999 0.272 0.265 0.254 0.257 0.259 0.245 0.229 0.235 0.243 0.243 0.243 0.23 0.214 0.228 0.246 0.245 0.244 0.236 0.228 0.234 0.243 0.237 0.231 0.225 0.219 0.222 0.226 0.226 0.226 0.218 0.209 0.222 0.24 0.244 0.25 0.247 0.244 0.242 0.24 0.239
-9999 -9999 -9999 -9999 -9999 -9999 -9999 -9999 -9999 -9999 -9999 -9999 -9999 -9999 -9999 -9999 -9999 -9999 -9999 -9999 -9999 -9999 -9999 -9999 -9999 -9999 -9999 -9999 -9999 -9999 -9999 -9999 -9999 -9999 -9999 0.265 0.267 0.259 0.252 0.255 0.263 0.252 0.243 0.249 0.257 0.254 0.244 0.233 0.222 0.233 0.244 0.244 0.244 0.233 0.222 0.221 0.225 0.22 0.214 0.217 0.215 0.22 0.226 0.217 0.212 0.212 0.207 0.225 0.246 0.235 0.232 0.233 0.231 0.234 0.236 0.238
-9999 -9999 -9999 -9999 -9999 -9999 -9999 -9999 -9999 -9999 -9999 -9999 -9999 -9999 -9999 -9999 -9999 -9999 -9999 -9999 -9999 -9999 -9999 -9999 -9999 -9999 -9999 -9999 -9999 -9999 -9999 -9999 -9999 -9999 -9999 0.269 0.265 0.26 0.252 0.258 0.265 0.259 0.251 0.256 0.263 0.255 0.245 0.237 0.226 0.234 0.244 0.244 0.245 0.235 0.223 0.221 0.22 0.215 0.211 0.212 0.216 0.22 0.228 0.219 0.209 0.209 0.209 0.227 0.25 0.24 0.227 0.228 0.229 0.232 0.237 0.239
-9999 -9999 -9999 -9999 -9999 -9999 -9999 -9999 -9999 -9999 -9999 -9999 -9999 -9999 -9999 -9999 -9999 -9999 -9999 -9999 -9999 -9999 0.259 0.261 0.262 0.264 -9999 0.26 -9999 -9999 -9999 -9999 -9999 -9999 -9999 -9999 0.262 0.257 0.252 0.256 0.26 0.254 0.249 0.249 0.243 0.24 0.252 0.242 0.226 0.22 0.222 0.233 0.24 0.239 0.232 0.225 0.221 0.218 0.214 0.212 0.212 0.223 0.234 0.233 0.228 0.223 0.222 0.224 0.237 0.238 0.232 0.229 0.228 0.226 0.228 0.236
-9999 -9999 -9999 -9999 -9999 -9999 -9999 -9999 -9999 -9999 -9999 -9999 -9999 -9999 -9999 -9999 -9999 -9999 -9999 0.27 0.276 0.27 0.26 0.263 0.265 0.265 0.263 0.263 0.261 0.26 -9999 -9999 0.286 0.285 0.283 0.275 0.262 0.258 0.254 0.256 0.258 0.254 0.249 0.242 0.235 0.244 0.256 0.243 0.227 0.222 0.216 0.226 0.24 0.238 0.237 0.231 0.223 0.22 0.217 0.215 0.213 0.224 0.238 0.237 0.237 0.233 0.229 0.231 0.235 0.235 0.236 0.233 0.231 0.229 0.228 0.235
-9999 -9999 -9999 -9999 -9999 -9999 -9999 -9999 -9999 -9999 -9999 -9999 -9999 -9999 -9999 -9999 -9999 -9999 0.268 0.275 0.272 0.265 0.254 0.26 0.273 0.274 0.276 0.274 0.263 0.261 0.261 0.276 0.292 0.292 0.29 0.276 0.25 0.247 0.247 0.247 0.246 0.243 0.244 0.24 0.24 0.247 0.255 0.246 0.242 0.239 0.238 0.239 0.248 0.239 0.234 0.231 0.225 0.225 0.224 0.22 0.218 0.219 0.228 0.23 0.231 0.24 0.243 0.237 0.236 0.235 0.235 0.235 0.235 0.233 0.232 0.236
-9999 -9999 -9999 -9999 -9999 -9999 -9999 -9999 -9999 -9999 -9999 -9999 -9999 -9999 -9999 -9999 -9999 -9999 0.273 0.264 0.27 0.263 0.253 0.264 0.277 0.28 0.283 0.276 0.265 0.266 0.266 0.28 0.296 0.295 0.293 0.272 0.246 0.246 0.245 0.244 0.242 0.243 0.244 0.243 0.243 0.249 0.256 0.253 0.249 0.248 0.248 0.249 0.252 0.243 0.234 0.23 0.228 0.227 0.227 0.224 0.221 0.223 0.226 0.228 0.231 0.239 0.25 0.245 0.238 0.238 0.237 0.238 0.239 0.238 0.237 0.241
-9999 -9999 -9999 -9999 -9999 -9999 -9999 -9999 -9999 -9999 -9999 -9999 -9999 -9999 -9999 -9999 -9999 -9999 0.264 0.263 0.248 0.243 0.247 0.258 0.27 0.277 0.292 0.288 0.282 0.286 0.294 0.3 0.291 0.289 0.286 0.271 0.262 0.259 0.249 0.246 0.243 0.241 0.239 0.238 0.239 0.24 0.235 0.235 0.247 0.244 0.239 0.231 0.228 0.233 0.231 0.228 0.225 0.228 0.23 0.226 0.223 0.223 0.225 0.222 0.222 0.229 0.238 0.24 0.237 0.223 0.214 0.223 0.228 0.242 0.25 0.248
-9999 -9999 -9999 -9999 -9999 -9999 -9999 -9999 -9999 -9999 -9999 -9999 -9999 -9999 0.271 0.271 -9999 0.268 0.257 0.248 0.238 0.242 0.245 0.256 0.268 0.282 0.297 0.295 0.29 0.298 0.305 0.298 0.288 0.286 0.283 0.277 0.27 0.261 0.251 0.248 0.244 0.241 0.238 0.238 0.239 0.234 0.228 0.236 0.247 0.242 0.237 0.229 0.221 0.225 0.231 0.228 0.226 0.228 0.232 0.228 0.225 0.225 0.226 0.224 0.221 0.227 0.236 0.237 0.239 0.226 0.209 0.217 0.227 0.24 0.257 0.256
-9999 -9999 -9999 -9999 -9999 -9999 -9999 -9999 -9999 -9999 -9999 -9999 -9999 -9999 0.27 0.27 0.267 0.264 0.263 0.257 0.25 0.252 0.251 0.26 0.267 0.281 0.298 0.298 0.297 0.3 0.298 0.295 0.302 0.299 0.292 0.285 0.273 0.266 0.259 0.256 0.254 0.252 0.25 0.248 0.241 0.238 0.239 0.244 0.244 0.24 0.239 0.223 0.21 0.22 0.23 0.231 0.231 0.229 0.23 0.225 0.221 0.221 0.223 0.22 0.217 0.218 0.222 0.216 0.212 0.214 0.206 0.212 0.22 0.229 0.242 0.259
-9999 -9999 -9999 -9999 -9999 -9999 -9999 -9999 -9999 -9999 -9999 -9999 -9999 0.262 0.269 0.268 0.265 0.266 0.266 0.261 0.255 0.254 0.253 0.26 0.266 0.281 0.297 0.299 0.298 0.297 0.294 0.3 0.307 0.301 0.294 0.286 0.275 0.269 0.262 0.26 0.258 0.257 0.256 0.25 0.243 0.244 0.246 0.245 0.244 0.242 0.241 0.226 0.208 0.217 0.23 0.231 0.234 0.231 0.231 0.226 0.221 0.222 0.224 0.221 0.218 0.218 0.22 0.213 0.205 0.206 0.208 0.214 0.221 0.229 0.24 0.255
-9999 -9999 -9999 -9999 -9999 -9999 -9999 -9999 -9999 -9999 -9999 -9999 -9999 -9999 0.268 0.265 0.255 0.257 0.265 0.26 0.254 0.253 0.253 0.258 0.262 0.273 0.279 0.283 0.293 0.289 0.28 0.283 0.284 0.282 0.287 0.281 0.275 0.27 0.261 0.261 0.264 0.265 0.269 0.263 0.255 0.253 0.246 0.243 0.237 0.23 0.225 0.221 0.21 0.212 0.219 0.218 0.218 0.214 -9999 0.212 0.21 0.215 0.218 0.222 0.223 0.219 0.217 0.22 0.218 0.206 0.201 0.216 0.231 0.23 0.236 0.24
-9999 -9999 -9999 -9999 -9999 -9999 -9999 -9999 -9999 -9999 -9999 -9999 -9999 0.259 0.268 0.26 0.25 0.257 0.264 0.259 0.253 0.253 0.252 0.256 0.259 0.265 0.271 0.281 0.29 0.283 0.274 0.275 0.275 0.279 0.284 0.28 0.276 0.269 0.262 0.264 0.268 0.271 0.275 0.268 0.26 0.254 0.247 0.242 0.236 0.229 0.221 0.217 0.214 0.215 0.217 0.216 0.215 0.211 0.208 -9999 0.208 -9999 0.219 -9999 0.227 -9999 0.219 0.221 0.225 0.214 0.202 0.216 0.237 -9999 -9999 -9999
-9999 -9999 -9999 -9999 -9999 -9999 -9999 -9999 -9999 -9999 -9999 -9999 -9999 0.257 0.267 0.263 0.26 0.267 0.274 0.269 0.26 0.257 0.249 0.252 0.252 0.258 0.265 0.271 0.267 0.26 0.252 0.256 0.27 0.272 0.269 0.266 0.267 0.263 0.263 0.264 0.262 0.266 0.274 0.268 0.264 0.255 0.238 0.232 0.226 0.221 0.222 0.215 0.209 0.215 0.22 0.218 0.218 0.226 0.231 -9999 -9999 0.228 0.237 -9999 -9999 0.215 0.216 0.212 -9999 -9999 -9999 -9999 -9999 -9999 -9999 -9999
-9999 -9999 -9999 -9999 -9999 -9999 -9999 -9999 -9999 -9999 -9999 -9999 0.246 0.254 0.264 0.263 0.262 0.268 0.276 0.269 0.261 0.255 0.247 0.249 0.249 0.256 0.262 0.262 0.258 0.252 0.244 0.255 0.269 0.266 0.263 0.263 0.264 0.264 0.265 0.263 0.261 0.267 0.274 0.27 0.266 0.252 0.236 0.23 0.223 0.223 0.223 0.216 0.209 0.215 0.223 0.221 -9999 -9999 -9999 0.239 -9999 -9999 -9999 -9999 -9999 -9999 0.214 -9999 -9999 -9999 -9999 -9999 -9999 -9999 -9999 -9999
