Validation/Results/ReClimate_10_2023_1_Precipitation-Actuals.asc
NCOLS 192
NROWS 249
XLLCENTER -225160.85627316462
YLLCENTER 29788.11610251502
CELLSIZE 5000.0
NODATA_VALUE -9999
[rows 132 to 164 of 249, columns 74 to 147 of 192]
-9999 -9999 -9999 -9999 -9999 -9999 -9999 -9999 -9999 -9999 -9999 -9999 -9999 187.405 195.531 209.161 225.382 231.217 229.12 266.787 290.997 312.248 302.263 230.656 201.529 202.196 209.723 190.739 176.227 172.827 162.544 151.306 144.72 131.572 145.628 160.594 171.252 168.954 160.676 169.424 169.823 160.42 174.813 172.613 163.107 152.015 140.154 131.309 113.595 108.713 110.106 106.355 99.07 93.102 100.779 93.073 87.922 85.365 -9999 -9999 -9999 -9999 -9999 -9999 -9999 -9999 -9999 -9999 -9999 -9999 -9999 -9999 -9999 -9999
150.596 -9999 -9999 -9999 -9999 -9999 -9999 -9999 -9999 -9999 -9999 -9999 -9999 191.561 222.987 214.574 216.606 210.011 209.084 248.063 317.664 329.231 280.381 245.388 209.968 206.84 198.619 191.781 196.153 162.61 150.148 147.012 136.409 137.866 138.593 157.14 156.68 147.327 140.985 145.586 145.022 152.364 158.326 160.92 158.473 149.73 143.031 124.495 112.491 106.864 98.951 97.944 97.658 90.677 88.104 91.224 85.188 84.027 -9999 -9999 -9999 -9999 -9999 -9999 -9999 -9999 -9999 -9999 -9999 -9999 -9999 -9999 -9999 -9999
154.836 -9999 -9999 -9999 -9999 -9999 -9999 -9999 -9999 -9999 -9999 -9999 183.43 212.704 208.988 211.803 216.807 209.581 197.904 242.265 279.089 275.302 290.815 252.549 220.473 194.364 188.29 196.126 174.578 160.544 147.245 133.44 138.627 127.123 130.741 138.94 137.146 128.559 124.622 124.625 132.337 132.957 145.017 155.846 147.702 140.275 133.888 124.781 111.35 103.014 95.581 85.837 89.122 89.764 87.012 86.193 86.73 84.657 81.114 -9999 -9999 -9999 -9999 -9999 -9999 -9999 -9999 -9999 -9999 -9999 -9999 -9999 -9999 -9999
144.989 -9999 -9999 -9999 -9999 -9999 -9999 -9999 -9999 -9999 -9999 165.573 -9999 184.323 200.558 203.846 204.994 187.96 174.257 195.796 212.129 260.599 290.711 248.589 205.446 179.422 173.535 169.834 165.91 160.61 155.391 145.477 139.455 120.258 117.442 120.865 116.865 110.35 105.21 110.7 115.145 121.082 124.554 123.716 126.345 125.141 119.451 110.09 99.86 88.318 90.612 95.674 86.65 86.025 83.804 84.418 84.656 84.678 82.181 -9999 -9999 -9999 -9999 -9999 -9999 -9999 -9999 -9999 -9999 -9999 -9999 -9999 -9999 -9999
152.21 136.158 -9999 -9999 -9999 -9999 -9999 -9999 -9999 -9999 -9999 155.918 -9999 167.603 176.549 175.09 176.898 170.656 164.818 166.565 185.399 235.438 247.465 224.817 193.249 171.976 160.828 150.326 163.953 174.763 178.421 -9999 -9999 -9999 -9999 -9999 -9999 101.981 98.797 101.397 105.63 105.671 105.093 117.473 126.462 116.957 111.067 110.985 95.07 93.979 100.137 91.49 83.617 81.781 85.188 78.568 78.107 80.403 82.021 79.368 -9999 -9999 -9999 -9999 -9999 -9999 -9999 -9999 -9999 -9999 -9999 -9999 -9999 -9999
160.346 139.949 115.227 -9999 -9999 -9999 -9999 -9999 -9999 -9999 -9999 149.874 150.121 148.149 149.167 158.585 163.753 164.722 158.337 155.372 173.585 205.976 228.859 210.318 192.92 171.761 156.444 165.832 155.131 163.701 153.43 -9999 -9999 -9999 -9999 105.184 104.039 100.023 96.984 95.359 100.17 104.1 116.168 136.713 142.598 130.144 131.382 111.302 101.723 105.338 97.981 90.487 86.537 85.774 82.234 89.471 88.44 82.667 81.699 76.5 -9999 -9999 -9999 -9999 -9999 -9999 -9999 -9999 -9999 -9999 -9999 -9999 -9999 -9999
149.529 130.445 122.359 112.355 -9999 -9999 -9999 -9999 -9999 -9999 -9999 144.138 136.983 136.182 -9999 -9999 157.752 158.667 150.799 151.838 -9999 170.168 184.29 184.957 181.894 161.295 162.737 157.189 146.274 -9999 -9999 -9999 -9999 -9999 105.165 103.299 104.076 97.368 98.196 96.646 98.829 109.538 130.532 162.107 174.642 159.6 152.229 128.494 123.346 107.781 103.48 101.595 89.665 93.478 87.806 83.904 86.384 86.643 81.022 77.623 -9999 -9999 -9999 -9999 -9999 -9999 -9999 -9999 -9999 -9999 -9999 -9999 -9999 -9999
127.645 136.327 131.763 115.258 -9999 -9999 -9999 -9999 -9999 -9999 -9999 -9999 133.734 126.475 -9999 -9999 -9999 142.361 140.451 144.773 142.813 -9999 -9999 154.322 148.813 147.213 160.402 158.632 -9999 -9999 -9999 -9999 -9999 121.609 111.062 112.523 111.669 108.786 106.615 104.384 106.764 115.972 128.239 162.176 170.318 184.822 165.704 162.547 152.667 140.053 122.052 116.812 108.086 93.823 88.817 88.743 84.352 86.84 85.979 83.098 -9999 -9999 -9999 -9999 -9999 -9999 -9999 -9999 -9999 -9999 -9999 -9999 -9999 -9999
120.748 123.103 118.475 -9999 -9999 -9999 -9999 -9999 -9999 -9999 -9999 -9999 -9999 123.133 -9999 -9999 -9999 -9999 130.457 141.658 142.775 -9999 -9999 -9999 143.036 143.344 -9999 -9999 -9999 -9999 -9999 -9999 -9999 120.833 120.357 130.063 128.845 133.973 129.72 120.913 110.674 112.246 132.25 139.038 159.423 171.115 179.322 189.183 180.771 163.176 139.671 128.632 121.873 102.159 90.551 83.749 82.976 82.617 89.014 84.724 -9999 -9999 -9999 -9999 -9999 -9999 -9999 -9999 -9999 -9999 -9999 -9999 -9999 -9999
121.677 115.576 -9999 -9999 -9999 -9999 -9999 -9999 -9999 -9999 -9999 -9999 -9999 130.507 -9999 -9999 -9999 -9999 -9999 137.975 138.514 -9999 -9999 -9999 -9999 -9999 -9999 -9999 -9999 -9999 -9999 -9999 -9999 126.204 142.361 148.137 164.232 169.872 164.29 140.129 116.748 119.747 119.777 140.817 172.827 202.992 215.971 209.418 189.977 155.398 135.937 117.176 107.208 103.075 97.956 90.557 81.478 82.527 89.153 92.428 81.855 -9999 -9999 -9999 -9999 -9999 -9999 -9999 -9999 -9999 -9999 -9999 -9999 -9999
115.188 -9999 106.276 105.018 102.338 96.437 -9999 -9999 -9999 -9999 -9999 -9999 -9999 128.88 -9999 -9999 -9999 -9999 -9999 -9999 -9999 -9999 -9999 -9999 -9999 -9999 -9999 -9999 -9999 -9999 -9999 -9999 134.327 143.953 152.836 161.511 172.05 209.124 211.469 180.934 150.313 124.755 125.703 119.0 152.317 192.221 209.273 221.668 184.525 189.797 171.291 133.534 114.862 93.739 91.039 88.472 86.236 86.392 87.492 92.973 89.41 80.36 -9999 -9999 -9999 -9999 -9999 -9999 -9999 -9999 -9999 -9999 -9999 -9999
106.679 104.785 105.736 102.558 95.632 94.736 -9999 -9999 -9999 -9999 -9999 -9999 -9999 -9999 -9999 -9999 -9999 -9999 -9999 -9999 -9999 -9999 -9999 -9999 -9999 -9999 -9999 -9999 -9999 -9999 -9999 142.422 142.831 159.225 174.299 191.9 227.023 279.971 257.436 208.082 159.205 142.699 114.007 113.491 136.133 176.026 231.117 205.009 190.782 179.606 158.638 136.984 118.604 104.468 87.147 82.683 77.046 81.304 79.506 82.961 81.959 76.958 -9999 -9999 -9999 -9999 -9999 -9999 -9999 -9999 -9999 -9999 -9999 -9999
105.733 106.214 102.793 97.668 -9999 90.885 90.935 -9999 -9999 -9999 -9999 -9999 -9999 -9999 -9999 -9999 -9999 -9999 -9999 -9999 -9999 -9999 -9999 -9999 -9999 -9999 -9999 -9999 -9999 -9999 -9999 156.697 157.657 183.711 231.648 257.702 264.052 251.465 268.932 252.815 203.88 173.236 140.936 127.506 131.126 160.435 184.335 204.127 183.068 167.541 139.824 121.43 100.336 92.791 85.182 80.769 76.94 76.517 76.197 75.734 79.562 74.052 71.853 73.851 -9999 -9999 -9999 -9999 -9999 -9999 -9999 -9999 -9999 -9999
108.085 107.696 101.65 94.205 -9999 -9999 90.889 -9999 -9999 -9999 -9999 -9999 -9999 -9999 -9999 -9999 -9999 -9999 -9999 -9999 -9999 -9999 -9999 -9999 -9999 -9999 -9999 -9999 -9999 -9999 -9999 171.129 178.386 210.494 245.216 297.642 309.0 318.966 324.796 279.187 257.2 240.07 183.977 157.726 138.692 117.423 144.203 151.924 137.299 147.347 131.063 108.259 94.415 84.705 77.363 72.055 74.731 72.587 73.704 74.022 74.25 77.193 86.107 84.302 86.601 83.396 93.624 -9999 -9999 -9999 -9999 -9999 -9999 -9999
106.425 106.541 100.891 89.548 88.442 -9999 90.23 -9999 -9999 -9999 -9999 -9999 -9999 -9999 -9999 -9999 -9999 -9999 -9999 -9999 -9999 -9999 -9999 -9999 -9999 -9999 -9999 -9999 -9999 -9999 137.673 178.941 205.247 251.921 341.916 402.036 419.297 360.453 349.167 333.451 334.479 282.347 244.803 201.281 150.158 125.47 134.583 117.431 131.514 142.448 129.037 108.909 97.441 84.177 79.381 76.498 73.312 72.014 70.204 70.904 75.39 79.824 91.09 108.384 103.889 106.071 101.369 96.817 97.666 -9999 -9999 -9999 -9999 -9999
118.346 111.444 96.451 95.632 -9999 90.903 -9999 -9999 -9999 -9999 -9999 -9999 -9999 -9999 -9999 -9999 -9999 -9999 -9999 -9999 -9999 -9999 -9999 -9999 -9999 -9999 -9999 -9999 -9999 -9999 -9999 145.449 189.444 253.559 326.663 396.672 438.237 451.015 359.945 348.978 317.165 317.713 278.515 217.694 175.714 154.843 144.985 147.169 176.515 156.711 145.986 142.976 126.957 100.985 86.838 82.141 75.173 72.603 72.112 73.844 74.595 80.942 93.437 110.401 106.518 109.145 111.2 106.665 103.11 97.555 -9999 -9999 -9999 -9999
125.167 107.94 97.593 95.537 93.687 95.155 -9999 -9999 -9999 -9999 -9999 -9999 -9999 -9999 -9999 -9999 -9999 -9999 -9999 -9999 -9999 -9999 -9999 -9999 -9999 -9999 -9999 -9999 -9999 -9999 -9999 -9999 150.802 202.606 258.487 327.665 394.776 399.906 328.631 277.955 284.379 284.113 245.349 220.45 203.26 187.961 178.191 199.39 193.788 186.784 187.783 164.519 137.634 120.618 99.092 86.706 76.627 73.08 74.266 75.671 78.201 95.542 101.074 126.247 140.523 127.852 131.422 112.509 108.812 101.999 96.292 -9999 -9999 -9999
121.417 109.19 99.255 91.329 92.33 -9999 -9999 -9999 -9999 -9999 -9999 -9999 -9999 -9999 -9999 -9999 -9999 -9999 -9999 -9999 -9999 -9999 -9999 -9999 -9999 -9999 -9999 -9999 -9999 -9999 -9999 -9999 136.606 180.529 232.787 278.529 349.256 344.695 272.006 247.709 237.881 225.632 213.597 187.058 193.033 226.282 219.354 226.589 223.52 199.211 162.629 150.726 135.067 121.404 106.135 85.035 76.047 74.9 74.8 79.479 86.499 100.32 117.863 121.156 128.131 127.721 133.824 130.415 117.468 112.681 102.18 93.972 -9999 -9999
109.056 115.976 103.614 96.907 96.557 -9999 -9999 -9999 -9999 -9999 -9999 -9999 -9999 -9999 -9999 -9999 -9999 -9999 -9999 -9999 -9999 -9999 -9999 -9999 -9999 -9999 -9999 -9999 -9999 -9999 -9999 -9999 -9999 164.092 210.401 248.905 290.819 258.188 241.92 215.269 202.98 196.474 171.793 171.479 199.06 212.597 236.624 226.151 217.741 189.999 174.56 156.545 145.499 117.23 102.101 84.346 79.348 78.852 72.413 81.378 94.093 100.049 115.463 125.651 128.354 122.541 122.77 123.295 121.995 114.111 111.112 99.866 -9999 -9999
141.175 -9999 -9999 -9999 -9999 -9999 -9999 -9999 -9999 -9999 -9999 -9999 -9999 -9999 -9999 -9999 -9999 -9999 -9999 -9999 -9999 -9999 -9999 -9999 -9999 -9999 -9999 -9999 -9999 -9999 -9999 -9999 -9999 157.421 190.797 223.855 212.053 216.936 192.655 202.178 195.216 165.481 167.984 177.379 201.187 241.49 235.234 230.22 219.571 205.429 171.28 152.015 134.082 119.12 100.407 87.992 77.301 73.38 75.999 76.372 91.915 102.101 104.923 109.223 108.892 105.023 110.003 111.899 117.247 111.866 100.502 96.997 87.624 -9999
168.67 -9999 -9999 -9999 -9999 -9999 -9999 -9999 -9999 -9999 -9999 -9999 -9999 -9999 -9999 -9999 -9999 -9999 -9999 -9999 -9999 -9999 -9999 -9999 -9999 -9999 -9999 -9999 -9999 -9999 -9999 -9999 -9999 -9999 181.714 178.335 186.268 193.673 186.181 177.488 154.624 151.497 155.11 166.555 188.693 219.979 243.196 241.228 237.647 218.138 201.951 187.339 158.799 139.723 117.919 95.846 80.082 70.256 67.73 71.346 76.779 92.617 99.494 93.387 87.337 85.222 82.508 87.767 91.057 100.064 91.829 86.944 82.07 -9999
132.267 -9999 -9999 -9999 -9999 -9999 -9999 -9999 -9999 -9999 -9999 -9999 -9999 -9999 -9999 -9999 -9999 -9999 -9999 -9999 -9999 -9999 -9999 -9999 -9999 -9999 -9999 -9999 -9999 -9999 -9999 -9999 -9999 -9999 157.264 -9999 160.29 159.876 154.68 148.493 -9999 141.491 157.577 160.103 170.569 215.221 233.229 232.808 235.134 220.586 210.967 218.367 190.222 153.869 132.427 111.833 87.393 73.645 67.419 65.318 71.178 78.774 84.347 81.793 78.648 75.286 74.064 74.581 78.21 84.624 86.779 88.449 91.134 83.732
-9999 -9999 -9999 -9999 -9999 -9999 -9999 -9999 -9999 -9999 -9999 -9999 -9999 -9999 -9999 -9999 -9999 -9999 -9999 -9999 -9999 -9999 -9999 -9999 -9999 -9999 -9999 -9999 -9999 -9999 -9999 -9999 -9999 -9999 -9999 145.33 146.064 -9999 -9999 -9999 -9999 129.511 140.023 142.243 156.464 174.072 184.212 196.447 210.493 211.941 200.85 198.572 207.054 173.6 142.698 117.623 97.026 81.843 72.504 67.272 68.059 74.915 79.479 82.515 78.634 78.114 74.667 72.87 76.961 85.496 88.366 85.267 90.039 89.383
-9999 -9999 -9999 -9999 -9999 -9999 -9999 -9999 -9999 -9999 -9999 -9999 -9999 -9999 -9999 -9999 -9999 -9999 -9999 -9999 -9999 -9999 -9999 -9999 -9999 -9999 -9999 -9999 -9999 -9999 -9999 -9999 -9999 -9999 -9999 136.025 137.247 -9999 -9999 -9999 -9999 126.286 139.182 132.144 144.164 151.8 164.626 159.572 168.548 196.491 189.513 177.676 188.432 172.635 151.266 124.282 101.921 82.224 72.696 67.617 65.335 67.137 71.417 75.802 78.21 78.278 77.006 76.598 78.868 87.682 94.351 91.149 89.287 84.723
-9999 -9999 -9999 -9999 -9999 -9999 -9999 -9999 -9999 -9999 -9999 -9999 -9999 -9999 -9999 -9999 -9999 -9999 -9999 -9999 -9999 -9999 -9999 -9999 -9999 -9999 -9999 -9999 -9999 -9999 -9999 -9999 -9999 -9999 -9999 130.72 -9999 -9999 -9999 -9999 122.947 132.695 142.567 164.075 175.369 188.587 175.03 149.222 174.079 184.997 161.493 162.769 157.731 154.08 141.329 123.467 100.451 84.656 73.983 69.628 66.218 64.114 66.06 70.101 73.603 76.611 83.149 90.431 90.57 90.476 91.035 87.315 82.167 80.49
-9999 -9999 -9999 -9999 -9999 -9999 -9999 -9999 -9999 -9999 -9999 -9999 -9999 -9999 -9999 -9999 -9999 -9999 -9999 -9999 -9999 -9999 -9999 -9999 -9999 -9999 -9999 -9999 -9999 -9999 -9999 -9999 -9999 -9999 -9999 -9999 -9999 -9999 -9999 -9999 125.468 147.769 158.643 195.751 220.246 219.637 182.079 161.271 152.349 150.28 143.083 145.083 148.337 141.567 133.847 121.533 101.493 87.879 79.288 71.103 66.176 63.765 64.785 66.299 69.862 76.384 82.417 96.11 102.092 89.325 84.944 78.816 75.615 73.678
-9999 -9999 -9999 -9999 -9999 -9999 -9999 -9999 -9999 -9999 -9999 -9999 -9999 -9999 -9999 -9999 -9999 -9999 -9999 -9999 -9999 -9999 -9999 -9999 -9999 -9999 -9999 -9999 -9999 -9999 -9999 -9999 -9999 -9999 -9999 -9999 -9999 -9999 -9999 -9999 127.971 133.706 165.947 203.356 230.861 210.965 181.498 149.289 143.99 137.611 128.824 127.345 119.809 127.016 119.56 112.025 99.065 85.634 77.038 71.036 69.254 65.989 65.173 64.768 65.178 71.752 79.437 87.267 94.227 87.693 80.53 81.515 75.502 71.865
-9999 -9999 -9999 -9999 -9999 -9999 -9999 -9999 -9999 -9999 -9999 -9999 -9999 -9999 -9999 -9999 -9999 -9999 -9999 -9999 -9999 -9999 -9999 -9999 -9999 -9999 -9999 -9999 -9999 -9999 -9999 -9999 -9999 -9999 -9999 -9999 -9999 -9999 -9999 114.789 119.658 129.732 161.332 203.979 220.603 193.597 174.977 141.34 137.152 133.856 127.216 124.965 123.829 112.403 106.9 95.399 89.2 76.751 72.747 68.076 65.578 66.93 64.099 63.325 63.049 65.8 73.096 78.934 84.421 82.02 77.54 74.245 74.759 73.458
-9999 -9999 -9999 -9999 -9999 -9999 -9999 -9999 -9999 -9999 -9999 -9999 -9999 -9999 -9999 -9999 -9999 -9999 -9999 -9999 -9999 -9999 -9999 -9999 -9999 -9999 -9999 -9999 -9999 -9999 -9999 -9999 -9999 -9999 -9999 -9999 -9999 -9999 -9999 116.316 114.78 129.839 151.569 178.111 164.188 165.209 142.927 143.525 159.123 141.75 133.13 129.312 119.956 114.128 101.593 95.842 92.778 85.04 72.624 69.183 65.488 63.661 63.16 62.217 62.239 65.05 67.928 71.294 72.853 76.558 76.191 74.238 70.511 70.641
-9999 -9999 -9999 -9999 -9999 -9999 -9999 -9999 -9999 -9999 -9999 -9999 -9999 -9999 -9999 -9999 -9999 -9999 -9999 -9999 -9999 -9999 -9999 -9999 -9999 -9999 -9999 -9999 -9999 -9999 -9999 -9999 -9999 -9999 -9999 -9999 -9999 -9999 111.735 110.04 113.982 121.614 136.558 140.716 142.825 139.499 134.019 145.118 147.082 139.464 140.181 139.356 125.692 103.169 99.887 90.412 85.644 82.824 78.586 70.259 67.2 64.705 62.664 62.67 63.009 64.76 66.361 68.804 71.621 73.887 77.386 79.799 75.284 68.934
-9999 -9999 -9999 -9999 -9999 -9999 -9999 -9999 -9999 -9999 -9999 -9999 -9999 -9999 -9999 -9999 -9999 -9999 -9999 -9999 -9999 -9999 -9999 -9999 -9999 -9999 -9999 -9999 -9999 -9999 -9999 -9999 -9999 -9999 -9999 -9999 -9999 -9999 104.607 107.196 109.41 114.284 121.512 124.246 126.361 133.736 136.376 134.807 139.572 142.69 164.185 158.431 138.11 115.826 98.486 94.099 81.645 73.69 73.925 73.392 67.66 64.372 63.298 62.363 63.833 63.639 62.938 63.128 68.568 73.796 77.393 76.692 75.083 69.904
-9999 -9999 -9999 -9999 -9999 -9999 -9999 -9999 -9999 -9999 -9999 -9999 -9999 -9999 -9999 -9999 -9999 -9999 -9999 -9999 -9999 -9999 -9999 -9999 -9999 -9999 -9999 -9999 -9999 -9999 -9999 -9999 -9999 -9999 -9999 -9999 -9999 -9999 102.916 103.071 103.947 108.003 115.437 116.606 123.119 133.187 133.443 139.86 149.665 166.409 173.477 158.884 137.219 115.397 98.933 91.509 85.301 74.676 70.621 67.44 65.478 62.958 62.286 62.429 65.61 65.345 62.311 60.85 62.778 68.272 72.133 73.918 72.529 69.399
-9999 -9999 -9999 -9999 -9999 -9999 -9999 -9999 -9999 -9999 -9999 -9999 -9999 -9999 -9999 -9999 -9999 -9999 -9999 -9999 -9999 -9999 -9999 -9999 -9999 -9999 -9999 -9999 -9999 -9999 -9999 -9999 -9999 -9999 -9999 -9999 -9999 -9999 -9999 99.507 100.176 105.211 106.762 121.525 139.239 149.191 154.333 156.58 159.014 171.633 167.234 155.923 132.089 105.7 95.939 82.58 79.914 73.812 69.376 67.695 63.301 61.495 62.213 63.827 62.861 63.975 62.15 60.466 58.172 63.318 67.676 68.367 -9999 65.858
