Validation/Results/ReClimate_06_2024_1_Temperature-Actuals.asc
NCOLS 192
NROWS 249
XLLCENTER -225160.85627316462
YLLCENTER 29788.11610251502
CELLSIZE 5000.0
NODATA_VALUE -9999
[rows 170 to 203 of 249, columns 75 to 149 of 192]
-9999 -9999 -9999 -9999 -9999 -9999 -9999 -9999 -9999 -9999 -9999 -9999 -9999 -9999 -9999 -9999 -9999 16.464 16.474 -9999 -9999 -9999 -9999 -9999 -9999 -9999 -9999 -9999 -9999 -9999 -9999 -9999 -9999 -9999 -9999 -9999 18.197 18.21 18.218 18.214 18.054 18.134 18.213 18.215 18.232 18.376 18.458 18.46 18.223 17.732 16.831 15.963 15.198 15.47 15.494 16.06 17.265 17.801 18.08 17.696 17.66 17.92 18.216 18.227 18.19 18.135 18.151 18.137 18.049 18.021 18.069 18.038 17.903 17.468 17.459
-9999 -9999 -9999 -9999 -9999 -9999 -9999 -9999 -9999 -9999 -9999 -9999 -9999 -9999 -9999 -9999 -9999 16.459 16.434 16.5 -9999 -9999 -9999 -9999 -9999 -9999 -9999 -9999 -9999 -9999 -9999 -9999 -9999 -9999 -9999 18.281 18.214 18.2 18.211 18.044 18.208 18.233 18.307 18.243 18.252 18.3 18.303 18.254 18.172 17.843 17.166 16.011 15.167 15.711 16.293 16.431 17.12 18.185 18.335 18.067 17.6 17.79 18.177 18.243 18.145 18.068 18.127 18.159 18.127 18.024 18.062 18.077 18.002 17.698 17.426
-9999 -9999 -9999 -9999 -9999 -9999 -9999 -9999 -9999 -9999 -9999 -9999 -9999 -9999 -9999 -9999 16.737 16.695 16.574 16.701 16.884 -9999 -9999 -9999 -9999 -9999 -9999 -9999 -9999 -9999 -9999 -9999 17.563 -9999 -9999 18.335 17.931 18.167 18.221 18.297 -9999 18.076 18.068 18.026 18.078 18.039 18.105 17.978 17.954 17.547 16.84 17.159 15.986 16.319 16.952 16.339 17.273 17.765 18.197 18.103 17.796 17.86 18.12 18.35 18.293 18.182 18.22 18.209 18.199 18.106 18.097 18.156 18.061 17.925 17.605
-9999 -9999 -9999 -9999 -9999 -9999 -9999 -9999 -9999 -9999 -9999 -9999 -9999 -9999 -9999 -9999 16.89 16.848 16.848 16.903 17.037 16.954 16.87 -9999 -9999 -9999 16.809 17.156 -9999 17.302 17.358 17.519 16.891 17.216 -9999 -9999 18.011 17.977 -9999 -9999 18.059 17.901 18.127 18.315 18.196 18.075 17.897 17.805 17.615 16.996 16.239 16.583 16.462 16.242 16.518 16.491 16.696 17.887 18.021 17.89 17.622 17.823 17.995 18.231 18.327 18.218 18.258 18.243 18.205 18.16 18.122 18.21 18.147 18.056 17.84
-9999 -9999 -9999 -9999 -9999 -9999 -9999 -9999 -9999 -9999 -9999 -9999 -9999 -9999 -9999 -9999 -9999 16.942 16.92 17.001 17.227 17.225 -9999 -9999 14.744 14.921 16.806 16.312 16.474 16.638 17.296 17.323 17.266 16.937 17.006 -9999 18.038 18.093 18.064 18.08 17.756 17.606 18.057 18.419 18.333 18.065 17.883 17.67 17.461 16.703 15.709 15.884 16.214 16.539 16.924 16.806 16.914 17.537 17.979 17.874 17.653 17.736 17.827 17.987 18.13 18.169 18.231 18.239 18.116 17.897 18.042 18.258 18.233 18.164 18.02
-9999 -9999 -9999 -9999 -9999 -9999 -9999 -9999 -9999 -9999 -9999 -9999 -9999 -9999 -9999 -9999 -9999 16.846 16.834 17.241 17.448 17.532 17.17 15.491 13.256 16.031 16.824 15.995 16.497 16.15 16.71 17.416 17.174 16.144 16.835 17.278 17.891 18.133 18.024 17.942 17.745 17.661 17.923 18.194 18.175 18.039 17.837 17.645 17.335 16.364 15.79 15.517 15.969 16.145 17.053 17.283 16.907 17.097 17.577 17.707 17.744 17.777 17.757 17.871 18.012 18.082 18.264 18.227 18.22 18.198 18.086 18.308 18.337 18.301 18.214
-9999 -9999 -9999 -9999 -9999 -9999 -9999 -9999 -9999 -9999 -9999 -9999 -9999 -9999 -9999 -9999 -9999 -9999 16.932 17.285 17.337 16.822 15.535 12.651 13.574 15.886 16.106 16.385 15.73 15.549 15.94 16.418 16.635 16.805 16.126 17.081 17.653 17.761 17.944 17.992 17.831 17.768 17.876 18.059 18.116 17.93 17.757 17.59 17.104 16.503 15.911 15.78 16.275 16.136 16.478 17.555 17.227 17.205 17.481 17.529 17.755 17.968 17.899 17.875 17.952 18.064 18.288 18.306 18.341 18.248 18.25 18.337 18.396 18.413 18.349
-9999 -9999 -9999 -9999 -9999 -9999 -9999 -9999 -9999 -9999 -9999 -9999 -9999 -9999 -9999 -9999 -9999 -9999 -9999 -9999 16.716 15.696 14.374 13.739 14.31 16.2 16.744 15.946 15.138 14.969 15.111 16.117 16.951 16.534 15.893 16.567 17.291 17.714 18.028 17.981 17.821 17.673 17.83 17.973 17.983 17.906 17.748 17.411 16.78 16.461 16.308 15.879 16.252 16.136 16.092 16.808 17.557 17.449 17.812 17.643 17.533 17.833 17.958 18.038 18.076 18.17 18.314 18.361 18.399 18.425 18.252 18.322 18.385 18.437 18.46
-9999 -9999 -9999 -9999 -9999 -9999 -9999 -9999 -9999 -9999 -9999 -9999 -9999 -9999 -9999 -9999 -9999 -9999 -9999 17.1 16.342 15.798 15.352 14.263 15.507 16.501 16.267 16.095 15.36 14.812 15.267 15.439 16.394 16.246 15.778 16.239 16.894 17.789 17.961 17.959 17.665 17.546 17.7 17.88 17.938 17.865 17.596 17.058 16.819 16.96 16.608 16.075 16.397 16.479 16.624 16.871 17.091 17.644 17.753 17.715 17.715 17.749 17.958 17.954 18.177 18.312 18.374 18.395 18.44 18.264 18.293 18.381 18.441 18.45 18.486
-9999 -9999 -9999 -9999 -9999 -9999 -9999 -9999 -9999 -9999 -9999 -9999 -9999 -9999 -9999 -9999 -9999 -9999 16.927 15.345 16.191 15.8 15.173 15.455 14.287 14.837 15.384 15.348 14.726 15.35 15.19 15.822 16.373 15.642 15.342 16.101 16.976 17.753 18.026 17.954 17.594 17.64 17.793 17.853 17.897 17.674 17.291 17.256 17.14 16.679 16.461 16.403 16.277 16.866 17.079 17.293 17.552 17.609 17.906 17.797 17.956 17.983 18.024 18.256 18.097 18.31 18.414 18.383 18.398 18.252 18.21 18.443 18.451 18.446 18.447
-9999 -9999 -9999 -9999 -9999 -9999 -9999 -9999 -9999 -9999 -9999 -9999 -9999 -9999 -9999 -9999 -9999 16.788 15.387 16.336 16.533 16.14 16.318 15.736 15.469 15.07 14.728 14.501 14.629 14.882 15.285 16.228 15.828 15.903 16.741 16.988 17.533 17.672 17.937 17.834 17.65 17.677 17.712 17.795 17.597 17.237 17.364 17.342 17.169 16.671 16.699 17.305 17.193 17.107 17.33 17.426 17.598 17.752 17.812 17.957 18.111 18.335 18.381 18.468 18.441 18.294 18.356 18.375 18.375 18.224 18.19 18.439 18.466 18.389 18.343
-9999 -9999 -9999 -9999 -9999 -9999 -9999 -9999 -9999 -9999 -9999 -9999 -9999 -9999 -9999 16.532 16.805 16.579 16.71 17.052 17.16 17.015 17.317 16.793 15.94 15.213 14.584 13.711 15.199 15.368 16.0 16.044 15.171 15.551 16.14 17.125 17.483 17.601 17.725 17.675 17.586 17.534 17.654 17.599 17.349 17.224 17.174 17.47 17.187 16.86 17.072 17.349 17.556 17.583 17.57 17.673 17.766 18.102 18.095 18.094 18.378 18.625 18.686 18.559 18.455 18.39 18.338 18.28 18.308 18.105 18.045 18.323 18.435 18.365 18.244
-9999 -9999 -9999 -9999 -9999 -9999 -9999 -9999 -9999 -9999 -9999 -9999 -9999 -9999 16.384 16.499 16.719 16.887 -9999 -9999 -9999 -9999 16.66 15.538 15.391 15.173 14.373 15.392 15.441 14.792 15.42 14.888 13.647 14.635 15.771 16.454 17.313 17.725 17.647 17.593 17.592 17.618 17.637 17.574 17.392 17.301 17.192 17.335 17.184 17.184 17.298 17.46 17.745 17.826 17.826 18.019 18.101 18.286 18.52 18.373 18.457 18.601 18.652 18.565 18.408 18.285 18.149 18.095 18.126 18.058 17.96 18.114 18.314 18.349 18.262
-9999 -9999 -9999 -9999 -9999 -9999 -9999 -9999 -9999 -9999 -9999 -9999 -9999 -9999 16.39 16.229 16.923 -9999 -9999 -9999 -9999 -9999 16.348 15.643 15.314 15.657 14.99 15.136 14.661 14.218 14.607 14.328 14.445 16.006 16.191 16.973 17.608 17.79 17.701 17.633 17.594 17.516 17.502 17.57 17.485 17.358 17.338 17.243 17.393 17.446 17.617 17.454 17.47 17.614 17.876 18.162 18.334 18.396 18.349 18.295 18.259 18.316 18.362 18.204 18.164 17.925 17.755 17.752 17.925 17.997 17.97 18.061 18.183 18.309 18.309
-9999 -9999 -9999 -9999 -9999 -9999 -9999 -9999 -9999 -9999 -9999 -9999 -9999 -9999 -9999 -9999 17.012 -9999 -9999 -9999 -9999 -9999 16.167 15.537 16.102 15.864 15.487 15.364 14.005 14.5 15.683 14.931 15.863 16.211 16.585 17.365 17.786 17.846 17.598 17.612 17.554 17.532 17.699 17.651 17.654 17.607 17.443 17.47 17.603 17.768 17.741 17.75 17.675 17.618 17.909 18.023 17.892 18.031 18.094 18.031 18.144 18.121 17.969 17.706 17.576 17.793 17.716 17.691 17.8 17.941 17.968 18.009 18.102 18.239 18.309
-9999 -9999 -9999 -9999 -9999 -9999 -9999 -9999 -9999 -9999 -9999 -9999 -9999 -9999 -9999 -9999 -9999 -9999 -9999 -9999 -9999 -9999 16.503 16.155 17.418 16.679 15.807 14.343 14.547 14.943 15.255 16.098 16.169 16.35 17.362 17.683 17.948 17.816 17.748 17.676 17.744 17.808 17.829 17.848 17.809 17.719 17.636 17.589 17.693 17.709 17.59 17.874 18.054 18.018 17.984 18.156 17.868 17.656 17.836 17.738 17.918 18.143 17.912 17.729 17.593 17.679 17.912 17.867 17.837 18.005 18.091 18.063 18.078 18.207 18.305
-9999 -9999 -9999 -9999 -9999 -9999 -9999 -9999 -9999 -9999 -9999 -9999 -9999 -9999 -9999 -9999 -9999 -9999 -9999 -9999 -9999 -9999 -9999 16.863 15.793 15.424 15.33 15.51 15.399 15.389 16.307 16.408 16.876 17.453 17.318 17.845 17.826 17.501 17.569 17.729 17.941 18.071 17.989 17.826 17.757 17.574 17.543 17.587 17.708 17.57 17.419 17.671 18.064 18.191 18.171 18.112 18.051 17.818 17.665 17.421 17.463 18.045 18.131 17.807 17.6 17.466 17.598 17.928 17.949 18.065 18.223 18.334 18.277 18.333 18.397
-9999 -9999 -9999 -9999 -9999 -9999 -9999 -9999 -9999 -9999 -9999 -9999 -9999 -9999 -9999 -9999 -9999 -9999 -9999 -9999 -9999 -9999 16.51 16.206 15.985 15.145 16.171 16.222 15.61 16.094 16.276 16.348 17.455 17.41 17.368 17.626 16.574 17.233 17.579 17.671 17.73 17.985 17.727 17.26 17.296 17.543 17.735 17.67 17.791 17.735 17.741 17.831 18.091 18.189 18.214 18.163 18.022 17.942 17.731 17.652 17.686 18.017 18.177 17.922 17.57 17.339 17.399 17.795 18.096 18.195 18.394 18.546 18.586 18.576 18.585
-9999 -9999 -9999 -9999 -9999 -9999 -9999 -9999 -9999 -9999 -9999 -9999 -9999 -9999 -9999 -9999 -9999 -9999 -9999 -9999 -9999 -9999 16.758 16.5 15.024 16.751 17.304 16.525 16.311 16.029 15.545 16.413 17.4 17.393 17.698 17.267 17.337 17.36 17.234 17.249 17.746 17.728 17.437 17.397 17.482 17.831 17.788 17.75 17.886 17.914 18.128 18.201 18.221 18.235 18.212 18.214 18.157 18.052 17.934 17.746 17.901 18.129 18.09 17.782 17.4 17.366 17.419 17.582 17.96 18.286 18.411 18.613 18.641 18.652 18.727
-9999 -9999 -9999 -9999 -9999 -9999 -9999 -9999 -9999 -9999 -9999 -9999 -9999 -9999 -9999 -9999 -9999 -9999 -9999 -9999 -9999 -9999 16.607 16.13 17.292 17.215 16.933 16.556 16.03 15.171 15.664 16.134 17.035 17.403 17.822 17.708 17.358 16.754 16.406 16.63 17.352 17.166 17.389 17.387 17.68 17.962 17.846 17.902 18.002 18.12 18.349 18.281 18.182 18.245 18.248 18.06 18.171 18.2 18.112 18.02 18.09 18.187 18.055 17.795 17.591 17.508 17.664 17.85 18.048 18.192 18.411 18.582 18.765 18.699 18.788
-9999 -9999 -9999 -9999 -9999 -9999 -9999 -9999 -9999 -9999 -9999 -9999 -9999 -9999 -9999 -9999 -9999 -9999 -9999 -9999 -9999 -9999 -9999 17.291 16.404 15.828 15.191 15.17 15.276 15.713 16.27 17.23 17.51 17.721 17.582 17.527 17.338 16.971 16.615 16.599 16.925 17.295 17.322 17.215 17.592 17.868 17.772 18.087 18.151 18.122 18.536 18.567 18.355 18.329 18.346 18.072 17.952 18.246 18.193 18.136 18.18 18.162 17.968 17.846 17.855 17.937 17.925 18.058 18.111 18.14 18.397 18.623 18.691 18.715 18.821
-9999 -9999 -9999 -9999 -9999 -9999 -9999 -9999 -9999 -9999 -9999 -9999 -9999 -9999 -9999 -9999 -9999 -9999 -9999 -9999 -9999 -9999 -9999 16.563 15.615 14.935 14.427 14.393 14.981 16.039 16.981 17.316 17.048 16.478 16.131 16.252 16.9 17.297 16.851 16.863 17.126 17.326 16.829 17.117 17.429 17.559 17.694 18.125 18.19 18.35 18.299 18.461 18.516 18.421 18.39 18.222 18.104 18.272 18.319 18.121 18.024 17.98 17.843 17.826 17.972 17.856 17.853 17.877 18.092 18.1 18.339 18.55 18.52 18.599 18.762
-9999 -9999 -9999 -9999 -9999 -9999 -9999 -9999 -9999 -9999 -9999 -9999 -9999 -9999 -9999 -9999 -9999 -9999 -9999 -9999 -9999 -9999 16.994 16.606 15.667 14.927 14.579 14.993 15.569 16.12 15.852 15.223 15.716 15.667 15.858 16.778 17.203 17.041 16.999 17.303 17.472 17.004 16.882 17.01 17.357 17.562 17.736 18.232 18.249 18.112 18.312 18.088 18.265 18.273 18.299 18.276 18.308 18.47 18.398 18.25 18.187 18.032 17.963 17.765 17.856 17.872 17.875 17.988 18.078 18.323 18.49 18.509 18.425 18.507 18.715
-9999 -9999 -9999 -9999 -9999 -9999 -9999 -9999 -9999 -9999 -9999 -9999 -9999 -9999 -9999 -9999 -9999 -9999 -9999 -9999 -9999 -9999 16.835 16.253 15.913 15.597 15.103 14.551 15.013 15.283 15.155 15.396 15.247 15.265 15.902 16.762 16.413 16.517 17.297 17.161 17.668 17.254 16.859 16.847 17.593 17.641 18.193 18.349 18.201 18.11 17.638 17.904 17.978 18.103 18.148 18.281 18.303 18.453 18.485 18.299 18.381 18.428 18.067 17.856 17.74 17.78 17.906 18.245 18.408 18.588 18.684 18.58 18.456 18.506 18.588
-9999 -9999 -9999 -9999 -9999 -9999 -9999 -9999 -9999 -9999 -9999 -9999 -9999 -9999 -9999 -9999 -9999 -9999 -9999 -9999 -9999 -9999 16.355 16.482 16.684 15.959 14.833 14.355 14.924 15.236 15.62 15.324 15.578 15.934 16.253 16.171 16.413 17.249 17.333 17.473 17.145 17.564 17.336 17.605 17.597 17.736 18.249 18.481 18.327 17.907 18.02 17.982 17.94 18.009 18.056 18.269 18.418 18.338 18.376 18.354 18.431 18.472 18.128 17.828 17.925 18.074 18.018 18.3 18.519 18.786 18.82 18.655 18.646 18.713 18.799
-9999 -9999 -9999 -9999 -9999 -9999 -9999 -9999 -9999 -9999 -9999 -9999 -9999 -9999 -9999 -9999 -9999 -9999 -9999 -9999 -9999 16.446 16.257 15.919 16.134 15.889 14.852 14.863 14.63 15.343 16.215 16.343 16.576 16.218 16.129 16.663 16.843 16.893 17.345 17.33 17.797 17.925 17.936 17.872 17.741 18.118 18.461 18.572 18.519 18.408 18.337 18.386 18.236 18.175 18.114 18.213 18.388 18.397 18.401 18.502 18.467 18.336 18.119 17.972 18.161 18.319 18.325 18.359 18.67 18.722 18.796 18.667 18.598 18.733 18.894
-9999 -9999 -9999 -9999 -9999 -9999 -9999 -9999 -9999 -9999 -9999 -9999 -9999 -9999 -9999 -9999 -9999 -9999 -9999 -9999 16.207 16.189 15.78 16.243 16.29 15.138 14.55 14.58 15.108 15.859 16.588 16.529 16.696 16.322 15.773 16.686 16.693 17.416 17.586 17.858 17.93 17.821 17.681 17.772 17.754 18.291 18.539 18.915 18.853 18.644 18.58 18.57 18.526 18.298 18.231 18.372 18.472 18.41 18.358 18.375 18.356 18.198 18.071 18.017 18.2 18.48 18.6 18.676 18.563 18.545 18.572 18.592 18.61 18.749 18.799
-9999 -9999 -9999 -9999 -9999 -9999 -9999 -9999 -9999 -9999 -9999 -9999 -9999 -9999 -9999 -9999 -9999 -9999 15.856 15.98 16.005 16.769 16.764 16.542 15.808 14.791 14.482 14.545 14.676 15.858 16.439 17.034 16.715 16.079 16.093 16.781 17.437 17.654 17.957 17.973 17.996 17.615 17.525 17.58 18.06 18.637 18.949 19.061 18.882 18.639 18.627 18.697 18.589 18.365 18.401 18.487 18.581 18.314 18.213 18.091 17.958 17.953 17.946 18.12 18.262 18.45 18.438 18.556 18.537 18.562 18.559 18.579 18.648 18.8 18.914
-9999 -9999 -9999 -9999 -9999 -9999 -9999 -9999 -9999 -9999 -9999 -9999 -9999 -9999 -9999 -9999 -9999 15.788 15.743 15.659 16.218 16.709 16.641 16.274 15.079 15.028 14.592 14.674 15.401 16.436 17.175 17.152 16.987 16.373 15.799 16.557 17.307 17.886 17.862 17.882 17.588 17.749 17.536 17.676 18.304 18.788 19.133 19.062 18.683 18.737 18.577 18.6 18.633 18.566 18.517 18.485 18.346 18.349 18.146 18.128 18.022 17.794 17.754 17.836 18.063 18.226 18.287 18.394 18.549 18.483 18.7 18.745 18.763 18.851 18.84
-9999 -9999 -9999 -9999 -9999 -9999 -9999 -9999 -9999 -9999 -9999 -9999 -9999 -9999 16.903 16.655 16.368 16.227 15.892 16.033 16.321 16.795 16.817 15.605 15.404 15.247 15.618 14.985 16.103 16.479 16.172 16.859 17.12 15.62 16.381 17.137 18.131 18.121 17.886 17.372 18.118 17.902 17.852 17.997 18.257 18.803 19.062 19.096 18.916 18.869 18.704 18.543 18.627 18.604 18.643 18.442 18.292 17.941 18.113 18.209 18.176 17.961 17.9 17.979 18.134 18.318 18.316 18.398 18.441 18.59 18.673 18.768 18.713 18.814 18.886
-9999 -9999 -9999 -9999 -9999 -9999 -9999 -9999 -9999 -9999 -9999 -9999 16.287 16.521 16.871 16.912 16.833 16.461 16.586 16.435 16.739 16.537 15.638 16.09 15.928 15.881 16.162 15.848 15.813 15.038 15.748 16.323 16.306 16.757 17.302 17.936 17.249 17.523 17.845 18.156 18.404 18.388 18.185 18.275 18.58 18.65 18.972 19.199 19.07 18.958 18.846 18.745 18.694 18.398 18.528 18.576 18.286 18.065 17.905 18.192 18.182 17.997 17.91 17.957 18.085 18.375 18.539 18.577 18.509 18.472 18.688 18.636 18.578 18.747 18.925
-9999 -9999 -9999 -9999 -9999 -9999 -9999 -9999 16.307 16.454 16.406 16.358 15.85 16.743 16.74 16.946 16.757 16.438 16.502 16.545 16.434 15.646 16.108 16.541 16.0 16.583 16.449 16.098 15.154 15.414 15.94 16.367 16.415 17.223 17.763 16.525 16.617 17.449 17.557 18.186 18.486 18.612 18.393 18.151 18.493 18.437 19.088 19.165 19.071 18.802 18.589 18.612 18.067 18.285 18.428 18.548 18.288 17.924 17.931 18.096 18.158 18.161 18.074 18.087 18.175 18.409 18.529 18.6 18.591 18.435 18.491 18.614 18.612 18.845 19.059
-9999 -9999 -9999 -9999 -9999 -9999 -9999 16.562 16.394 16.477 16.373 15.525 15.304 15.587 16.034 16.571 16.073 15.916 16.129 16.168 15.759 16.232 16.456 16.2 16.797 17.112 16.78 16.14 15.637 15.943 16.239 16.412 16.897 17.372 16.265 15.01 16.376 17.211 17.848 17.951 18.334 18.221 18.252 18.438 18.546 18.859 19.004 19.014 19.034 18.748 18.385 17.927 17.669 17.595 18.231 18.427 17.954 17.778 17.867 18.059 18.204 18.181 18.184 18.195 18.351 18.36 18.42 18.524 18.373 18.257 18.471 18.622 18.7 18.882 19.013
-9999 -9999 -9999 -9999 -9999 -9999 16.64 16.444 16.484 16.578 16.129 15.61 15.813 16.147 16.576 16.279 16.265 16.236 16.778 16.285 16.139 16.535 16.631 16.894 17.541 17.136 16.312 15.897 16.214 16.429 16.408 17.112 17.461 17.144 15.461 15.503 16.346 17.771 17.632 17.845 17.874 18.335 18.478 18.418 18.631 18.805 18.946 18.997 19.159 18.969 18.531 17.87 17.462 17.717 18.118 18.231 17.927 17.578 17.814 18.056 18.157 18.264 18.264 18.319 18.357 18.394 18.29 18.378 18.482 18.379 18.562 18.694 18.578 18.771 18.922
