Validation/Results/ReClimate_06_2024_2_Temperature-Actualsweatherlogisticsltd.asc
NCOLS 192
NROWS 249
XLLCENTER -225160.85627316462
YLLCENTER 29788.11610251502
CELLSIZE 5000.0
NODATA_VALUE -9999
[rows 170 to 203 of 249, columns 75 to 149 of 192]
-9999 -9999 -9999 -9999 -9999 -9999 -9999 -9999 -9999 -9999 -9999 -9999 -9999 -9999 -9999 -9999 -9999 15.066 15.042 -9999 -9999 -9999 -9999 -9999 -9999 -9999 -9999 -9999 -9999 -9999 -9999 -9999 -9999 -9999 -9999 -9999 16.46 16.514 16.533 16.568 16.444 16.501 16.62 16.685 16.715 16.861 16.979 17.007 16.783 16.325 15.507 14.741 14.038 14.333 14.401 14.996 16.199 16.771 17.127 16.832 16.828 17.091 17.395 17.451 17.493 17.509 17.578 17.63 17.569 17.56 17.658 17.698 17.607 17.193 17.209
-9999 -9999 -9999 -9999 -9999 -9999 -9999 -9999 -9999 -9999 -9999 -9999 -9999 -9999 -9999 -9999 -9999 14.932 14.863 14.966 -9999 -9999 -9999 -9999 -9999 -9999 -9999 -9999 -9999 -9999 -9999 -9999 -9999 -9999 -9999 16.551 16.495 16.484 16.526 16.411 16.547 16.563 16.699 16.693 16.722 16.795 16.825 16.784 16.712 16.418 15.802 14.728 13.959 14.526 15.121 15.302 16.018 17.085 17.32 17.153 16.74 16.935 17.33 17.44 17.422 17.435 17.538 17.616 17.617 17.534 17.617 17.702 17.681 17.41 17.153
-9999 -9999 -9999 -9999 -9999 -9999 -9999 -9999 -9999 -9999 -9999 -9999 -9999 -9999 -9999 -9999 15.232 15.058 14.905 15.05 15.258 -9999 -9999 -9999 -9999 -9999 -9999 -9999 -9999 -9999 -9999 -9999 15.762 -9999 -9999 16.575 16.207 16.468 16.553 16.653 -9999 16.444 16.476 16.482 16.559 16.545 16.628 16.524 16.507 16.133 15.471 15.799 14.711 15.086 15.73 15.189 16.152 16.673 17.146 17.136 16.881 16.966 17.24 17.494 17.534 17.518 17.607 17.641 17.663 17.592 17.623 17.745 17.701 17.601 17.31
-9999 -9999 -9999 -9999 -9999 -9999 -9999 -9999 -9999 -9999 -9999 -9999 -9999 -9999 -9999 -9999 15.371 15.216 15.152 15.158 15.301 15.273 15.235 -9999 -9999 -9999 14.979 15.271 -9999 15.452 15.535 15.661 15.064 15.415 -9999 -9999 16.27 16.282 -9999 -9999 16.393 16.297 16.548 16.742 16.652 16.566 16.42 16.349 16.187 15.614 14.906 15.26 15.149 14.965 15.255 15.288 15.593 16.825 17.001 16.913 16.673 16.888 17.082 17.354 17.511 17.516 17.61 17.649 17.659 17.64 17.645 17.785 17.768 17.712 17.531
-9999 -9999 -9999 -9999 -9999 -9999 -9999 -9999 -9999 -9999 -9999 -9999 -9999 -9999 -9999 -9999 -9999 15.365 15.235 15.232 15.445 15.463 -9999 -9999 13.069 13.147 14.835 14.342 14.524 14.709 15.358 15.382 15.368 15.126 15.238 -9999 16.254 16.328 16.327 16.355 16.07 15.988 16.45 16.831 16.778 16.556 16.409 16.226 16.057 15.348 14.408 14.606 14.921 15.216 15.549 15.433 15.717 16.525 17.017 16.91 16.682 16.761 16.881 17.1 17.316 17.444 17.572 17.642 17.591 17.435 17.61 17.854 17.852 17.814 17.703
-9999 -9999 -9999 -9999 -9999 -9999 -9999 -9999 -9999 -9999 -9999 -9999 -9999 -9999 -9999 -9999 -9999 15.306 15.201 15.512 15.664 15.713 15.343 13.722 11.527 14.088 14.755 13.944 14.46 14.169 14.716 15.393 15.228 14.357 15.075 15.479 16.028 16.272 16.189 16.171 16.017 15.978 16.278 16.593 16.613 16.522 16.354 16.185 15.921 15.019 14.482 14.244 14.678 14.825 15.663 15.871 15.643 15.999 16.564 16.714 16.722 16.739 16.77 16.963 17.191 17.343 17.583 17.608 17.651 17.679 17.638 17.897 17.934 17.917 17.865
-9999 -9999 -9999 -9999 -9999 -9999 -9999 -9999 -9999 -9999 -9999 -9999 -9999 -9999 -9999 -9999 -9999 -9999 15.345 15.597 15.553 14.969 13.662 10.893 11.784 13.9 13.987 14.254 13.687 13.558 13.928 14.394 14.687 14.947 14.314 15.216 15.753 15.821 16.08 16.209 16.086 16.066 16.212 16.425 16.518 16.392 16.255 16.111 15.685 15.132 14.554 14.457 14.958 14.834 15.167 16.23 15.995 16.099 16.413 16.502 16.712 16.911 16.9 16.968 17.13 17.319 17.593 17.665 17.735 17.686 17.757 17.906 17.981 18.01 17.979
-9999 -9999 -9999 -9999 -9999 -9999 -9999 -9999 -9999 -9999 -9999 -9999 -9999 -9999 -9999 -9999 -9999 -9999 -9999 -9999 14.946 13.859 12.559 12.016 12.518 14.208 14.553 13.811 13.099 12.957 13.094 14.108 14.986 14.624 14.042 14.741 15.439 15.86 16.221 16.214 16.074 15.947 16.113 16.275 16.33 16.321 16.216 15.932 15.364 15.073 14.915 14.536 14.928 14.844 14.843 15.577 16.363 16.343 16.736 16.609 16.518 16.816 16.991 17.149 17.264 17.428 17.617 17.707 17.772 17.818 17.719 17.867 17.963 18.032 18.08
-9999 -9999 -9999 -9999 -9999 -9999 -9999 -9999 -9999 -9999 -9999 -9999 -9999 -9999 -9999 -9999 -9999 -9999 -9999 15.426 14.596 14.0 13.586 12.551 13.727 14.494 14.141 13.976 13.307 12.786 13.242 13.449 14.415 14.323 13.929 14.437 15.109 16.032 16.222 16.204 15.896 15.781 15.95 16.157 16.263 16.266 16.076 15.595 15.402 15.576 15.296 14.813 15.103 15.176 15.361 15.657 15.913 16.512 16.691 16.711 16.742 16.79 17.034 17.096 17.379 17.574 17.68 17.743 17.822 17.693 17.785 17.932 18.027 18.063 18.129
-9999 -9999 -9999 -9999 -9999 -9999 -9999 -9999 -9999 -9999 -9999 -9999 -9999 -9999 -9999 -9999 -9999 -9999 15.3 13.69 14.449 14.085 13.479 13.702 12.448 12.914 13.383 13.325 12.718 13.308 13.171 13.831 14.393 13.719 13.509 14.287 15.205 16.029 16.29 16.154 15.753 15.803 15.993 16.114 16.223 16.114 15.811 15.803 15.716 15.299 15.137 15.055 14.911 15.483 15.759 16.036 16.315 16.419 16.844 16.852 17.022 17.059 17.125 17.396 17.305 17.571 17.713 17.727 17.791 17.705 17.737 18.027 18.05 18.072 18.119
-9999 -9999 -9999 -9999 -9999 -9999 -9999 -9999 -9999 -9999 -9999 -9999 -9999 -9999 -9999 -9999 -9999 15.166 13.759 14.614 14.805 14.48 14.611 13.909 13.596 13.215 12.824 12.554 12.648 12.864 13.256 14.203 13.818 13.94 14.813 15.11 15.722 15.915 16.158 15.994 15.77 15.807 15.899 16.055 15.958 15.713 15.889 15.887 15.727 15.261 15.228 15.692 15.578 15.613 15.974 16.171 16.401 16.639 16.782 17.035 17.199 17.411 17.487 17.605 17.641 17.557 17.656 17.716 17.765 17.679 17.721 18.031 18.087 18.043 18.059
-9999 -9999 -9999 -9999 -9999 -9999 -9999 -9999 -9999 -9999 -9999 -9999 -9999 -9999 -9999 14.942 15.18 14.903 15.001 15.285 15.372 15.175 15.426 14.965 14.167 13.405 12.714 11.805 13.231 13.438 14.053 14.066 13.212 13.55 14.158 15.215 15.652 15.795 15.908 15.823 15.706 15.668 15.842 15.868 15.711 15.674 15.664 15.95 15.693 15.399 15.522 15.667 15.825 16.007 16.172 16.381 16.564 16.935 17.036 17.095 17.368 17.649 17.774 17.692 17.652 17.646 17.629 17.612 17.69 17.552 17.551 17.883 18.052 18.037 18.0
-9999 -9999 -9999 -9999 -9999 -9999 -9999 -9999 -9999 -9999 -9999 -9999 -9999 -9999 14.79 14.882 15.045 15.214 -9999 -9999 -9999 -9999 14.76 13.791 13.625 13.348 12.503 13.431 13.51 12.942 13.523 12.973 11.718 12.595 13.772 14.609 15.512 15.922 15.83 15.75 15.734 15.778 15.846 15.848 15.739 15.721 15.645 15.806 15.699 15.707 15.749 15.84 16.097 16.281 16.412 16.672 16.816 17.091 17.387 17.335 17.411 17.564 17.742 17.717 17.611 17.541 17.442 17.425 17.502 17.497 17.466 17.681 17.941 18.039 18.029
-9999 -9999 -9999 -9999 -9999 -9999 -9999 -9999 -9999 -9999 -9999 -9999 -9999 -9999 14.798 14.655 15.292 -9999 -9999 -9999 -9999 -9999 14.461 13.791 13.442 13.727 13.055 13.213 12.768 12.295 12.616 12.336 12.403 13.919 14.231 15.135 15.804 15.998 15.878 15.789 15.744 15.675 15.706 15.833 15.805 15.732 15.752 15.708 15.887 15.931 16.064 15.897 15.918 16.113 16.439 16.717 16.901 17.095 17.191 17.254 17.274 17.327 17.428 17.347 17.351 17.165 17.037 17.068 17.283 17.421 17.471 17.644 17.864 18.058 18.101
-9999 -9999 -9999 -9999 -9999 -9999 -9999 -9999 -9999 -9999 -9999 -9999 -9999 -9999 -9999 -9999 15.412 -9999 -9999 -9999 -9999 -9999 14.314 13.663 14.155 13.887 13.557 13.512 12.204 12.565 13.587 12.885 13.791 14.181 14.656 15.496 15.961 16.016 15.744 15.75 15.689 15.675 15.883 15.902 15.948 15.946 15.832 15.897 16.048 16.212 16.197 16.214 16.167 16.16 16.49 16.606 16.473 16.701 16.92 16.976 17.157 17.163 17.043 16.844 16.769 17.02 16.967 16.974 17.124 17.33 17.443 17.587 17.794 18.015 18.11
-9999 -9999 -9999 -9999 -9999 -9999 -9999 -9999 -9999 -9999 -9999 -9999 -9999 -9999 -9999 -9999 -9999 -9999 -9999 -9999 -9999 -9999 14.665 14.26 15.39 14.661 13.872 12.585 12.791 12.992 13.133 14.02 14.115 14.337 15.377 15.74 16.031 15.915 15.849 15.796 15.86 15.927 15.996 16.071 16.081 16.045 15.997 15.974 16.099 16.131 16.03 16.319 16.526 16.544 16.587 16.81 16.534 16.373 16.647 16.652 16.906 17.174 16.993 16.871 16.773 16.885 17.109 17.085 17.109 17.335 17.518 17.617 17.744 17.947 18.066
-9999 -9999 -9999 -9999 -9999 -9999 -9999 -9999 -9999 -9999 -9999 -9999 -9999 -9999 -9999 -9999 -9999 -9999 -9999 -9999 -9999 -9999 -9999 14.943 13.829 13.429 13.371 13.649 13.547 13.348 14.181 14.307 14.82 15.43 15.329 15.846 15.84 15.539 15.623 15.828 16.037 16.178 16.132 16.016 15.994 15.872 15.878 15.954 16.102 15.987 15.856 16.114 16.524 16.699 16.759 16.779 16.753 16.558 16.475 16.324 16.434 17.041 17.155 16.912 16.751 16.636 16.774 17.105 17.175 17.36 17.596 17.818 17.875 17.997 18.084
-9999 -9999 -9999 -9999 -9999 -9999 -9999 -9999 -9999 -9999 -9999 -9999 -9999 -9999 -9999 -9999 -9999 -9999 -9999 -9999 -9999 -9999 14.785 14.371 14.03 13.124 14.106 14.211 13.625 14.044 14.188 14.285 15.417 15.425 15.389 15.6 14.568 15.214 15.58 15.679 15.792 16.073 15.837 15.403 15.474 15.761 16.017 16.029 16.159 16.093 16.121 16.24 16.53 16.67 16.762 16.788 16.707 16.673 16.519 16.519 16.616 16.96 17.042 16.818 16.602 16.454 16.555 16.971 17.295 17.455 17.702 17.922 18.067 18.138 18.185
-9999 -9999 -9999 -9999 -9999 -9999 -9999 -9999 -9999 -9999 -9999 -9999 -9999 -9999 -9999 -9999 -9999 -9999 -9999 -9999 -9999 -9999 15.143 14.749 13.136 14.7 15.22 14.484 14.299 14.018 13.54 14.402 15.392 15.418 15.702 15.224 15.237 15.243 15.13 15.221 15.763 15.783 15.519 15.502 15.614 16.008 16.063 16.097 16.217 16.213 16.447 16.571 16.639 16.693 16.723 16.792 16.793 16.748 16.676 16.549 16.748 16.948 16.839 16.503 16.279 16.41 16.544 16.765 17.172 17.524 17.685 17.925 18.048 18.145 18.252
-9999 -9999 -9999 -9999 -9999 -9999 -9999 -9999 -9999 -9999 -9999 -9999 -9999 -9999 -9999 -9999 -9999 -9999 -9999 -9999 -9999 -9999 15.003 14.433 15.368 15.194 14.879 14.51 14.001 13.179 13.659 14.144 15.042 15.41 15.783 15.609 15.192 14.562 14.26 14.558 15.321 15.176 15.416 15.445 15.758 16.088 16.053 16.159 16.251 16.376 16.631 16.634 16.579 16.666 16.698 16.574 16.743 16.828 16.783 16.737 16.836 16.921 16.744 16.5 16.397 16.476 16.714 16.939 17.229 17.43 17.661 17.858 18.119 18.14 18.245
-9999 -9999 -9999 -9999 -9999 -9999 -9999 -9999 -9999 -9999 -9999 -9999 -9999 -9999 -9999 -9999 -9999 -9999 -9999 -9999 -9999 -9999 -9999 15.511 14.486 13.896 13.218 13.144 13.247 13.69 14.256 15.241 15.562 15.755 15.554 15.431 15.182 14.788 14.475 14.527 14.877 15.254 15.306 15.239 15.64 15.953 15.913 16.254 16.336 16.333 16.78 16.875 16.708 16.695 16.734 16.526 16.484 16.825 16.81 16.794 16.872 16.876 16.689 16.606 16.69 16.881 16.951 17.116 17.25 17.371 17.636 17.869 17.999 18.096 18.22
-9999 -9999 -9999 -9999 -9999 -9999 -9999 -9999 -9999 -9999 -9999 -9999 -9999 -9999 -9999 -9999 -9999 -9999 -9999 -9999 -9999 -9999 -9999 14.711 13.796 13.132 12.509 12.366 12.933 13.971 14.924 15.336 15.131 14.541 14.116 14.196 14.795 15.163 14.745 14.766 15.026 15.243 14.785 15.096 15.445 15.619 15.794 16.245 16.319 16.478 16.524 16.742 16.817 16.748 16.749 16.657 16.608 16.821 16.89 16.727 16.678 16.687 16.595 16.627 16.832 16.806 16.902 16.988 17.235 17.3 17.555 17.778 17.795 17.932 18.116
-9999 -9999 -9999 -9999 -9999 -9999 -9999 -9999 -9999 -9999 -9999 -9999 -9999 -9999 -9999 -9999 -9999 -9999 -9999 -9999 -9999 -9999 15.263 14.755 13.878 13.146 12.675 12.967 13.505 14.04 13.818 13.273 13.775 13.679 13.803 14.686 15.102 14.946 14.888 15.151 15.305 14.875 14.78 14.959 15.352 15.597 15.817 16.331 16.347 16.223 16.494 16.348 16.541 16.59 16.668 16.736 16.797 16.98 16.932 16.795 16.773 16.69 16.691 16.571 16.716 16.798 16.88 17.056 17.187 17.45 17.637 17.69 17.664 17.802 18.031
-9999 -9999 -9999 -9999 -9999 -9999 -9999 -9999 -9999 -9999 -9999 -9999 -9999 -9999 -9999 -9999 -9999 -9999 -9999 -9999 -9999 -9999 15.003 14.422 14.042 13.768 13.246 12.643 13.031 13.276 13.147 13.391 13.241 13.206 13.792 14.647 14.321 14.414 15.137 14.963 15.428 15.047 14.705 14.745 15.555 15.646 16.233 16.422 16.297 16.236 15.835 16.118 16.237 16.414 16.527 16.754 16.873 16.959 16.977 16.759 16.884 17.008 16.742 16.631 16.592 16.686 16.844 17.209 17.401 17.599 17.73 17.686 17.618 17.719 17.843
-9999 -9999 -9999 -9999 -9999 -9999 -9999 -9999 -9999 -9999 -9999 -9999 -9999 -9999 -9999 -9999 -9999 -9999 -9999 -9999 -9999 -9999 14.569 14.561 14.742 14.112 13.036 12.5 12.983 13.268 13.641 13.324 13.528 13.817 14.112 14.059 14.283 15.083 15.157 15.254 14.908 15.335 15.157 15.491 15.549 15.739 16.275 16.533 16.42 16.053 16.185 16.163 16.179 16.323 16.428 16.706 16.865 16.804 16.865 16.889 16.929 17.023 16.771 16.586 16.752 16.947 16.916 17.202 17.433 17.712 17.781 17.693 17.75 17.859 17.983
-9999 -9999 -9999 -9999 -9999 -9999 -9999 -9999 -9999 -9999 -9999 -9999 -9999 -9999 -9999 -9999 -9999 -9999 -9999 -9999 -9999 14.666 14.403 13.997 14.228 14.01 12.996 12.977 12.7 13.35 14.182 14.284 14.465 14.054 13.964 14.488 14.6 14.693 15.16 15.139 15.59 15.764 15.828 15.819 15.727 16.099 16.429 16.532 16.527 16.484 16.444 16.541 16.423 16.426 16.437 16.596 16.793 16.797 16.835 16.986 16.983 16.891 16.765 16.723 16.934 17.111 17.161 17.223 17.54 17.603 17.733 17.697 17.685 17.846 18.027
-9999 -9999 -9999 -9999 -9999 -9999 -9999 -9999 -9999 -9999 -9999 -9999 -9999 -9999 -9999 -9999 -9999 -9999 -9999 -9999 14.409 14.379 13.893 14.247 14.264 13.235 12.666 12.681 13.125 13.783 14.456 14.439 14.604 14.173 13.621 14.455 14.459 15.228 15.395 15.677 15.808 15.805 15.739 15.828 15.767 16.235 16.41 16.737 16.756 16.659 16.659 16.702 16.686 16.5 16.507 16.719 16.85 16.807 16.782 16.83 16.85 16.768 16.749 16.801 16.975 17.219 17.372 17.5 17.428 17.454 17.559 17.659 17.702 17.837 17.905
-9999 -9999 -9999 -9999 -9999 -9999 -9999 -9999 -9999 -9999 -9999 -9999 -9999 -9999 -9999 -9999 -9999 -9999 13.95 14.114 14.117 14.847 14.788 14.521 13.847 12.87 12.56 12.606 12.676 13.727 14.243 14.846 14.619 13.959 13.931 14.568 15.256 15.519 15.788 15.807 15.93 15.677 15.641 15.676 16.058 16.522 16.728 16.816 16.76 16.647 16.689 16.787 16.737 16.565 16.634 16.788 16.953 16.732 16.634 16.531 16.434 16.504 16.61 16.879 17.049 17.192 17.186 17.349 17.392 17.478 17.545 17.635 17.706 17.841 17.954
-9999 -9999 -9999 -9999 -9999 -9999 -9999 -9999 -9999 -9999 -9999 -9999 -9999 -9999 -9999 -9999 -9999 13.972 13.802 13.629 14.196 14.739 14.692 14.324 13.136 13.031 12.596 12.702 13.373 14.297 14.957 14.984 14.857 14.256 13.676 14.406 15.174 15.763 15.728 15.78 15.576 15.806 15.629 15.746 16.275 16.667 16.958 16.933 16.7 16.751 16.613 16.664 16.736 16.732 16.71 16.737 16.689 16.745 16.547 16.535 16.462 16.299 16.357 16.535 16.786 16.948 17.008 17.151 17.359 17.357 17.62 17.713 17.743 17.832 17.824
-9999 -9999 -9999 -9999 -9999 -9999 -9999 -9999 -9999 -9999 -9999 -9999 -9999 -9999 15.337 15.017 14.636 14.312 13.828 13.932 14.3 14.863 14.918 13.711 13.397 13.128 13.508 12.962 14.038 14.379 14.065 14.728 14.993 13.556 14.273 14.975 15.954 15.978 15.761 15.289 16.056 15.915 15.879 15.99 16.186 16.686 16.939 17.029 16.858 16.864 16.72 16.592 16.687 16.695 16.779 16.628 16.565 16.285 16.466 16.571 16.569 16.406 16.396 16.536 16.746 16.957 16.97 17.083 17.171 17.368 17.496 17.633 17.606 17.718 17.813
-9999 -9999 -9999 -9999 -9999 -9999 -9999 -9999 -9999 -9999 -9999 -9999 14.701 14.923 15.18 15.15 15.003 14.572 14.655 14.489 14.816 14.671 13.807 14.179 13.879 13.738 14.047 13.812 13.785 13.036 13.713 14.247 14.235 14.679 15.184 15.773 15.124 15.413 15.726 16.022 16.262 16.27 16.14 16.219 16.487 16.548 16.87 17.092 17.001 16.94 16.849 16.781 16.752 16.496 16.649 16.719 16.497 16.345 16.21 16.507 16.526 16.386 16.331 16.406 16.582 16.918 17.105 17.173 17.148 17.153 17.411 17.419 17.396 17.58 17.773
-9999 -9999 -9999 -9999 -9999 -9999 -9999 -9999 14.792 14.854 14.809 14.764 14.232 15.076 15.015 15.145 14.925 14.654 14.7 14.701 14.573 13.825 14.235 14.581 13.979 14.518 14.411 14.087 13.193 13.474 13.962 14.314 14.353 15.139 15.653 14.459 14.534 15.315 15.425 16.029 16.271 16.415 16.258 16.068 16.398 16.353 16.985 17.054 16.999 16.783 16.637 16.704 16.175 16.382 16.528 16.651 16.45 16.162 16.194 16.376 16.448 16.476 16.42 16.453 16.573 16.845 16.994 17.094 17.144 17.044 17.132 17.306 17.354 17.61 17.841
-9999 -9999 -9999 -9999 -9999 -9999 -9999 15.105 14.844 14.873 14.691 13.849 13.657 13.931 14.319 14.752 14.253 14.143 14.341 14.33 13.922 14.373 14.546 14.25 14.804 15.109 14.791 14.176 13.716 14.048 14.332 14.418 14.846 15.299 14.236 13.008 14.274 15.059 15.705 15.806 16.143 16.05 16.134 16.341 16.453 16.759 16.897 16.905 16.951 16.726 16.471 16.097 15.826 15.713 16.306 16.496 16.093 15.985 16.094 16.306 16.458 16.447 16.47 16.497 16.678 16.727 16.815 16.945 16.851 16.801 17.029 17.213 17.336 17.551 17.709
-9999 -9999 -9999 -9999 -9999 -9999 15.271 14.951 14.879 14.859 14.348 13.85 14.072 14.41 14.761 14.363 14.326 14.328 14.852 14.369 14.232 14.62 14.68 14.919 15.549 15.173 14.374 13.957 14.27 14.56 14.561 15.177 15.425 15.067 13.429 13.462 14.229 15.578 15.494 15.734 15.752 16.218 16.383 16.337 16.539 16.701 16.824 16.855 17.024 16.898 16.559 16.016 15.59 15.787 16.163 16.277 16.032 15.753 15.995 16.246 16.372 16.493 16.518 16.585 16.638 16.714 16.644 16.756 16.892 16.832 17.01 17.121 17.047 17.297 17.481
