Validation/Results/ReClimate_07_2024_2weatherlogisticsltd.asc
NCOLS 192
NROWS 249
XLLCENTER -225160.85627316462
YLLCENTER 29788.11610251502
CELLSIZE 5000.0
NODATA_VALUE -9999
[rows 132 to 164 of 249, columns 74 to 147 of 192]
-9999 -9999 -9999 -9999 -9999 -9999 -9999 -9999 -9999 -9999 -9999 -9999 -9999 121.122 121.535 124.358 127.15 128.636 129.641 128.941 128.828 130.342 132.101 133.518 134.202 134.916 135.812 135.73 135.816 136.895 137.405 137.914 138.509 137.964 137.227 136.918 136.86 137.336 137.409 137.589 138.181 138.055 138.503 140.528 140.713 140.919 141.148 141.4 141.659 141.894 142.105 142.34 142.52 142.661 142.787 142.886 142.942 142.882 -9999 -9999 -9999 -9999 -9999 -9999 -9999 -9999 -9999 -9999 -9999 -9999 -9999 -9999 -9999 -9999
108.703 -9999 -9999 -9999 -9999 -9999 -9999 -9999 -9999 -9999 -9999 -9999 -9999 120.024 119.879 123.174 127.268 128.515 129.219 129.265 129.187 130.64 132.424 132.963 133.05 134.129 135.493 135.687 135.977 137.191 138.455 138.933 139.099 138.608 138.079 137.994 138.068 138.359 139.245 139.625 139.895 140.05 140.89 141.088 141.266 141.421 141.506 141.627 141.767 141.903 142.017 142.046 142.141 142.211 142.263 142.318 142.374 142.431 -9999 -9999 -9999 -9999 -9999 -9999 -9999 -9999 -9999 -9999 -9999 -9999 -9999 -9999 -9999 -9999
108.228 -9999 -9999 -9999 -9999 -9999 -9999 -9999 -9999 -9999 -9999 -9999 119.372 118.703 120.743 124.192 127.104 128.171 128.795 129.029 129.054 130.427 131.531 132.147 133.278 134.356 134.793 135.205 136.073 137.484 138.855 139.11 139.309 139.022 138.531 138.329 137.519 138.61 140.492 140.71 140.961 141.245 141.455 141.458 141.451 141.421 141.393 141.394 141.422 141.456 141.482 141.521 141.574 141.629 141.686 141.742 141.794 141.84 141.995 -9999 -9999 -9999 -9999 -9999 -9999 -9999 -9999 -9999 -9999 -9999 -9999 -9999 -9999 -9999
107.454 -9999 -9999 -9999 -9999 -9999 -9999 -9999 -9999 -9999 -9999 118.726 -9999 121.231 122.309 124.859 127.006 128.313 129.793 130.466 131.304 131.862 131.584 132.797 134.065 134.595 134.943 135.666 136.326 137.203 137.285 137.799 138.344 138.372 138.69 138.292 138.218 139.651 140.769 141.019 141.245 141.33 141.224 141.084 140.989 140.915 140.871 140.853 140.857 140.88 140.92 140.977 141.038 141.105 141.171 141.231 141.281 141.318 141.381 -9999 -9999 -9999 -9999 -9999 -9999 -9999 -9999 -9999 -9999 -9999 -9999 -9999 -9999 -9999
106.362 107.301 -9999 -9999 -9999 -9999 -9999 -9999 -9999 -9999 -9999 117.944 -9999 120.964 121.54 123.873 126.534 128.286 129.974 131.07 131.507 131.28 131.112 132.406 133.898 134.29 134.363 135.157 135.933 136.324 137.391 -9999 -9999 -9999 -9999 -9999 -9999 139.922 140.81 140.912 140.866 140.772 140.601 140.463 140.373 140.318 140.291 140.288 140.307 140.344 140.398 140.465 140.546 140.626 140.705 140.774 140.824 140.853 140.859 140.931 -9999 -9999 -9999 -9999 -9999 -9999 -9999 -9999 -9999 -9999 -9999 -9999 -9999 -9999
105.28 106.391 107.897 -9999 -9999 -9999 -9999 -9999 -9999 -9999 -9999 117.082 118.82 120.224 122.286 124.569 126.285 127.924 129.201 130.469 131.8 132.128 132.96 133.801 133.761 133.955 133.938 135.046 136.569 137.354 137.97 -9999 -9999 -9999 -9999 139.124 139.877 140.547 140.469 140.356 140.271 140.135 139.971 139.862 139.793 139.754 139.742 139.753 139.785 139.836 139.903 139.989 140.081 140.18 140.276 140.358 140.415 140.436 140.433 140.427 -9999 -9999 -9999 -9999 -9999 -9999 -9999 -9999 -9999 -9999 -9999 -9999 -9999 -9999
104.075 106.136 107.381 107.738 -9999 -9999 -9999 -9999 -9999 -9999 -9999 115.895 117.818 119.78 -9999 -9999 125.882 127.273 128.559 130.357 -9999 132.906 133.738 133.762 133.649 133.911 134.134 135.545 136.615 -9999 -9999 -9999 -9999 -9999 139.785 140.102 140.221 140.04 139.889 139.772 139.664 139.509 139.378 139.293 139.24 139.216 139.216 139.239 139.283 139.345 139.424 139.519 139.632 139.75 139.869 139.975 140.043 140.056 140.019 139.954 -9999 -9999 -9999 -9999 -9999 -9999 -9999 -9999 -9999 -9999 -9999 -9999 -9999 -9999
105.854 105.98 105.751 107.039 -9999 -9999 -9999 -9999 -9999 -9999 -9999 -9999 117.047 118.851 -9999 -9999 -9999 126.849 128.418 130.304 131.881 -9999 -9999 134.506 134.833 134.949 134.589 135.513 -9999 -9999 -9999 -9999 -9999 138.228 138.732 139.025 139.645 139.331 138.847 138.446 137.825 138.92 138.813 138.744 138.706 138.695 138.706 138.738 138.79 138.861 138.95 139.06 139.183 139.32 139.466 139.607 139.702 139.702 139.627 139.524 -9999 -9999 -9999 -9999 -9999 -9999 -9999 -9999 -9999 -9999 -9999 -9999 -9999 -9999
105.534 105.232 106.442 -9999 -9999 -9999 -9999 -9999 -9999 -9999 -9999 -9999 -9999 118.542 -9999 -9999 -9999 -9999 127.837 129.795 131.752 -9999 -9999 -9999 135.318 136.009 -9999 -9999 -9999 -9999 -9999 -9999 -9999 137.955 138.28 138.678 139.056 138.594 138.311 137.957 138.489 138.356 138.266 138.212 138.187 138.185 138.204 138.243 138.301 138.378 138.473 138.586 138.719 138.868 139.034 139.214 139.368 139.345 139.213 139.076 -9999 -9999 -9999 -9999 -9999 -9999 -9999 -9999 -9999 -9999 -9999 -9999 -9999 -9999
104.15 104.784 -9999 -9999 -9999 -9999 -9999 -9999 -9999 -9999 -9999 -9999 -9999 117.637 -9999 -9999 -9999 -9999 -9999 129.939 131.578 -9999 -9999 -9999 -9999 -9999 -9999 -9999 -9999 -9999 -9999 -9999 -9999 137.805 138.609 138.065 136.159 136.43 138.145 138.047 137.924 137.807 137.733 137.692 137.676 137.681 137.704 137.747 137.807 137.886 137.983 138.098 138.23 138.378 138.542 138.712 138.846 138.86 138.726 138.583 138.316 -9999 -9999 -9999 -9999 -9999 -9999 -9999 -9999 -9999 -9999 -9999 -9999 -9999
104.183 -9999 104.833 104.956 105.168 103.476 -9999 -9999 -9999 -9999 -9999 -9999 -9999 117.118 -9999 -9999 -9999 -9999 -9999 -9999 -9999 -9999 -9999 -9999 -9999 -9999 -9999 -9999 -9999 -9999 -9999 -9999 137.14 137.54 138.292 137.176 136.963 137.715 137.6 137.497 137.376 137.27 137.21 137.178 137.162 137.165 137.188 137.229 137.29 137.368 137.458 137.508 137.573 137.658 137.76 137.863 137.938 137.939 137.855 137.746 137.647 137.521 -9999 -9999 -9999 -9999 -9999 -9999 -9999 -9999 -9999 -9999 -9999 -9999
105.01 104.979 104.674 104.882 105.224 103.69 -9999 -9999 -9999 -9999 -9999 -9999 -9999 -9999 -9999 -9999 -9999 -9999 -9999 -9999 -9999 -9999 -9999 -9999 -9999 -9999 -9999 -9999 -9999 -9999 -9999 137.758 137.679 137.91 137.656 137.457 137.296 137.163 137.055 136.947 136.824 136.726 136.667 136.63 136.614 136.617 136.639 136.665 136.658 136.632 136.627 136.63 136.659 136.713 136.779 136.845 136.889 136.885 136.832 136.757 136.683 136.624 -9999 -9999 -9999 -9999 -9999 -9999 -9999 -9999 -9999 -9999 -9999 -9999
104.369 104.321 104.633 104.791 -9999 103.427 103.798 -9999 -9999 -9999 -9999 -9999 -9999 -9999 -9999 -9999 -9999 -9999 -9999 -9999 -9999 -9999 -9999 -9999 -9999 -9999 -9999 -9999 -9999 -9999 -9999 137.065 137.534 137.269 137.054 136.874 136.72 136.58 136.465 136.355 136.248 136.164 136.108 136.073 136.058 136.031 135.939 135.834 135.739 135.677 135.646 135.643 135.661 135.699 135.747 135.794 135.825 135.83 135.806 135.763 135.714 135.676 135.661 135.685 -9999 -9999 -9999 -9999 -9999 -9999 -9999 -9999 -9999 -9999
103.905 104.286 104.93 104.499 -9999 -9999 104.968 -9999 -9999 -9999 -9999 -9999 -9999 -9999 -9999 -9999 -9999 -9999 -9999 -9999 -9999 -9999 -9999 -9999 -9999 -9999 -9999 -9999 -9999 -9999 -9999 136.671 136.878 136.64 136.433 136.246 136.085 135.953 135.847 135.751 135.661 135.592 135.543 135.482 135.345 135.159 134.998 134.872 134.78 134.717 134.682 134.669 134.678 134.701 134.733 134.764 134.785 134.792 134.783 134.765 134.744 134.739 134.752 134.784 134.859 135.016 135.123 -9999 -9999 -9999 -9999 -9999 -9999 -9999
103.302 103.864 104.54 103.676 102.9 -9999 106.164 -9999 -9999 -9999 -9999 -9999 -9999 -9999 -9999 -9999 -9999 -9999 -9999 -9999 -9999 -9999 -9999 -9999 -9999 -9999 -9999 -9999 -9999 -9999 134.65 135.962 136.201 135.959 135.75 135.578 135.435 135.317 135.22 135.135 135.063 134.991 134.858 134.611 134.385 134.198 134.045 133.925 133.833 133.769 133.729 133.711 133.707 133.718 133.738 133.758 133.774 133.783 133.784 133.779 133.787 133.811 133.855 133.912 133.986 134.109 134.26 134.428 133.957 -9999 -9999 -9999 -9999 -9999
103.535 103.92 103.807 103.97 -9999 106.726 -9999 -9999 -9999 -9999 -9999 -9999 -9999 -9999 -9999 -9999 -9999 -9999 -9999 -9999 -9999 -9999 -9999 -9999 -9999 -9999 -9999 -9999 -9999 -9999 -9999 134.787 135.452 135.234 135.053 134.903 134.776 134.67 134.581 134.505 134.406 134.168 133.876 133.629 133.421 133.245 133.101 132.984 132.894 132.827 132.782 132.754 132.744 132.746 132.756 132.77 132.784 132.795 132.803 132.821 132.854 132.921 133.017 133.128 133.252 133.39 133.549 133.723 133.912 133.31 -9999 -9999 -9999 -9999
104.82 104.924 105.397 106.663 107.405 107.134 -9999 -9999 -9999 -9999 -9999 -9999 -9999 -9999 -9999 -9999 -9999 -9999 -9999 -9999 -9999 -9999 -9999 -9999 -9999 -9999 -9999 -9999 -9999 -9999 -9999 -9999 133.802 133.789 134.346 134.216 134.105 134.009 133.925 133.792 133.446 133.137 132.875 132.65 132.458 132.295 132.158 132.045 131.955 131.887 131.837 131.805 131.786 131.781 131.784 131.794 131.807 131.821 131.849 131.926 132.032 132.146 132.276 132.42 132.573 132.738 132.914 133.101 133.297 133.5 132.769 -9999 -9999 -9999
105.207 106.458 106.875 107.531 107.935 -9999 -9999 -9999 -9999 -9999 -9999 -9999 -9999 -9999 -9999 -9999 -9999 -9999 -9999 -9999 -9999 -9999 -9999 -9999 -9999 -9999 -9999 -9999 -9999 -9999 -9999 -9999 132.248 131.024 131.716 132.033 133.417 133.319 133.137 132.713 132.378 132.106 131.872 131.67 131.494 131.343 131.213 131.104 131.015 130.944 130.891 130.854 130.829 130.817 130.816 130.823 130.842 130.909 131.014 131.136 131.283 131.433 131.588 131.748 131.917 132.095 132.282 132.478 132.68 132.887 133.114 132.415 -9999 -9999
106.781 107.252 107.78 107.961 107.766 -9999 -9999 -9999 -9999 -9999 -9999 -9999 -9999 -9999 -9999 -9999 -9999 -9999 -9999 -9999 -9999 -9999 -9999 -9999 -9999 -9999 -9999 -9999 -9999 -9999 -9999 -9999 -9999 130.021 129.511 130.138 131.005 132.442 132.005 131.608 131.307 131.071 130.866 130.685 130.526 130.385 130.263 130.158 130.07 129.997 129.94 129.896 129.868 129.852 129.847 129.891 129.979 130.097 130.249 130.411 130.575 130.742 130.913 131.09 131.272 131.46 131.655 131.855 132.061 132.273 132.5 132.76 -9999 -9999
106.809 -9999 -9999 -9999 -9999 -9999 -9999 -9999 -9999 -9999 -9999 -9999 -9999 -9999 -9999 -9999 -9999 -9999 -9999 -9999 -9999 -9999 -9999 -9999 -9999 -9999 -9999 -9999 -9999 -9999 -9999 -9999 -9999 131.202 131.101 131.206 131.855 131.348 130.876 130.502 130.227 130.028 129.851 129.692 129.549 129.421 129.306 129.204 129.116 129.042 128.981 128.933 128.9 128.897 128.952 129.046 129.189 129.351 129.525 129.702 129.881 130.064 130.25 130.44 130.634 130.832 131.034 131.239 131.446 131.658 131.896 132.162 132.454 -9999
108.016 -9999 -9999 -9999 -9999 -9999 -9999 -9999 -9999 -9999 -9999 -9999 -9999 -9999 -9999 -9999 -9999 -9999 -9999 -9999 -9999 -9999 -9999 -9999 -9999 -9999 -9999 -9999 -9999 -9999 -9999 -9999 -9999 -9999 131.462 131.218 130.496 130.01 129.63 129.39 129.135 128.973 128.826 128.69 128.563 128.446 128.339 128.241 128.153 128.077 128.013 127.961 127.961 128.016 128.124 128.276 128.446 128.628 128.814 129.004 129.198 129.395 129.596 129.798 130.004 130.211 130.419 130.629 130.839 131.054 131.299 131.576 131.868 -9999
109.199 -9999 -9999 -9999 -9999 -9999 -9999 -9999 -9999 -9999 -9999 -9999 -9999 -9999 -9999 -9999 -9999 -9999 -9999 -9999 -9999 -9999 -9999 -9999 -9999 -9999 -9999 -9999 -9999 -9999 -9999 -9999 -9999 -9999 130.258 -9999 129.413 128.957 128.691 128.296 -9999 127.903 127.787 127.674 127.565 127.46 127.36 127.266 127.178 127.099 127.031 127.029 127.086 127.208 127.362 127.536 127.721 127.913 128.112 128.316 128.524 128.735 128.949 129.164 129.379 129.595 129.811 130.025 130.239 130.466 130.717 130.999 131.297 131.61
-9999 -9999 -9999 -9999 -9999 -9999 -9999 -9999 -9999 -9999 -9999 -9999 -9999 -9999 -9999 -9999 -9999 -9999 -9999 -9999 -9999 -9999 -9999 -9999 -9999 -9999 -9999 -9999 -9999 -9999 -9999 -9999 -9999 -9999 -9999 128.885 128.293 -9999 -9999 -9999 -9999 126.909 126.73 126.642 126.552 126.46 126.368 126.277 126.19 126.108 126.062 126.149 126.3 126.451 126.631 126.836 127.054 127.277 127.503 127.731 127.959 128.185 128.409 128.629 128.845 129.055 129.258 129.455 129.653 129.889 130.156 130.435 130.734 131.053
-9999 -9999 -9999 -9999 -9999 -9999 -9999 -9999 -9999 -9999 -9999 -9999 -9999 -9999 -9999 -9999 -9999 -9999 -9999 -9999 -9999 -9999 -9999 -9999 -9999 -9999 -9999 -9999 -9999 -9999 -9999 -9999 -9999 -9999 -9999 127.971 127.017 -9999 -9999 -9999 -9999 126.135 125.941 125.865 125.77 125.661 125.539 125.407 125.269 125.169 125.249 125.424 125.618 125.822 126.032 126.253 126.49 126.733 126.978 127.225 127.47 127.712 127.949 128.179 128.402 128.616 128.822 129.017 129.212 129.428 129.668 129.909 130.186 130.504
-9999 -9999 -9999 -9999 -9999 -9999 -9999 -9999 -9999 -9999 -9999 -9999 -9999 -9999 -9999 -9999 -9999 -9999 -9999 -9999 -9999 -9999 -9999 -9999 -9999 -9999 -9999 -9999 -9999 -9999 -9999 -9999 -9999 -9999 -9999 127.811 -9999 -9999 -9999 -9999 125.725 125.436 125.335 125.252 125.151 125.028 124.886 124.738 124.633 124.691 124.834 124.974 125.078 125.268 125.492 125.726 125.972 126.227 126.487 126.748 127.008 127.263 127.513 127.755 127.989 128.213 128.427 128.63 128.847 129.078 129.313 129.54 129.764 130.014
-9999 -9999 -9999 -9999 -9999 -9999 -9999 -9999 -9999 -9999 -9999 -9999 -9999 -9999 -9999 -9999 -9999 -9999 -9999 -9999 -9999 -9999 -9999 -9999 -9999 -9999 -9999 -9999 -9999 -9999 -9999 -9999 -9999 -9999 -9999 -9999 -9999 -9999 -9999 -9999 124.415 124.329 124.804 124.687 124.594 124.498 124.382 124.308 124.394 124.535 124.647 124.739 124.815 124.903 125.032 125.217 125.462 125.732 126.008 126.286 126.561 126.832 127.094 127.349 127.593 127.827 128.05 128.273 128.509 128.759 129.001 129.235 129.461 129.684
-9999 -9999 -9999 -9999 -9999 -9999 -9999 -9999 -9999 -9999 -9999 -9999 -9999 -9999 -9999 -9999 -9999 -9999 -9999 -9999 -9999 -9999 -9999 -9999 -9999 -9999 -9999 -9999 -9999 -9999 -9999 -9999 -9999 -9999 -9999 -9999 -9999 -9999 -9999 -9999 123.608 123.848 124.383 124.27 124.18 124.107 124.082 124.169 124.321 124.432 124.513 124.575 124.62 124.682 124.765 124.875 125.031 125.262 125.546 125.842 126.134 126.418 126.694 126.961 127.216 127.46 127.692 127.941 128.202 128.463 128.713 128.953 129.185 129.41
-9999 -9999 -9999 -9999 -9999 -9999 -9999 -9999 -9999 -9999 -9999 -9999 -9999 -9999 -9999 -9999 -9999 -9999 -9999 -9999 -9999 -9999 -9999 -9999 -9999 -9999 -9999 -9999 -9999 -9999 -9999 -9999 -9999 -9999 -9999 -9999 -9999 -9999 -9999 124.237 124.306 124.097 123.36 123.965 123.879 123.912 123.97 124.141 124.265 124.348 124.399 124.417 124.436 124.466 124.531 124.642 124.787 124.95 125.143 125.419 125.727 126.026 126.315 126.593 126.859 127.113 127.373 127.642 127.923 128.192 128.449 128.695 128.932 129.161
-9999 -9999 -9999 -9999 -9999 -9999 -9999 -9999 -9999 -9999 -9999 -9999 -9999 -9999 -9999 -9999 -9999 -9999 -9999 -9999 -9999 -9999 -9999 -9999 -9999 -9999 -9999 -9999 -9999 -9999 -9999 -9999 -9999 -9999 -9999 -9999 -9999 -9999 -9999 124.931 124.579 123.465 122.924 123.791 123.801 123.825 123.981 124.132 124.232 124.289 124.311 124.306 124.273 124.26 124.3 124.419 124.588 124.771 124.95 125.118 125.363 125.657 125.957 126.246 126.522 126.796 127.083 127.379 127.669 127.946 128.21 128.462 128.703 128.935
-9999 -9999 -9999 -9999 -9999 -9999 -9999 -9999 -9999 -9999 -9999 -9999 -9999 -9999 -9999 -9999 -9999 -9999 -9999 -9999 -9999 -9999 -9999 -9999 -9999 -9999 -9999 -9999 -9999 -9999 -9999 -9999 -9999 -9999 -9999 -9999 -9999 -9999 124.787 124.552 124.496 123.538 123.598 123.53 123.765 123.825 124.016 124.146 124.226 124.261 124.259 124.218 124.156 124.081 124.084 124.225 124.428 124.63 124.82 124.994 125.152 125.345 125.622 125.921 126.21 126.516 126.83 127.143 127.441 127.725 127.996 128.254 128.499 128.734
-9999 -9999 -9999 -9999 -9999 -9999 -9999 -9999 -9999 -9999 -9999 -9999 -9999 -9999 -9999 -9999 -9999 -9999 -9999 -9999 -9999 -9999 -9999 -9999 -9999 -9999 -9999 -9999 -9999 -9999 -9999 -9999 -9999 -9999 -9999 -9999 -9999 -9999 124.447 124.424 124.467 123.999 123.43 123.52 123.788 123.921 124.071 124.185 124.249 124.269 124.252 124.202 124.122 124.032 124.006 124.132 124.34 124.542 124.729 124.902 125.061 125.203 125.354 125.618 125.943 126.274 126.61 126.932 127.239 127.531 127.808 128.071 128.321 128.558
-9999 -9999 -9999 -9999 -9999 -9999 -9999 -9999 -9999 -9999 -9999 -9999 -9999 -9999 -9999 -9999 -9999 -9999 -9999 -9999 -9999 -9999 -9999 -9999 -9999 -9999 -9999 -9999 -9999 -9999 -9999 -9999 -9999 -9999 -9999 -9999 -9999 -9999 124.707 124.597 124.403 124.073 123.923 123.858 123.725 124.03 124.147 124.249 124.302 124.313 124.289 124.238 124.171 124.108 124.09 124.172 124.334 124.508 124.678 124.841 124.995 125.136 125.263 125.413 125.713 126.071 126.417 126.748 127.063 127.363 127.647 127.915 128.169 128.408
-9999 -9999 -9999 -9999 -9999 -9999 -9999 -9999 -9999 -9999 -9999 -9999 -9999 -9999 -9999 -9999 -9999 -9999 -9999 -9999 -9999 -9999 -9999 -9999 -9999 -9999 -9999 -9999 -9999 -9999 -9999 -9999 -9999 -9999 -9999 -9999 -9999 -9999 -9999 124.568 124.292 124.202 124.092 123.9 124.027 124.158 124.254 124.339 124.385 124.391 124.366 124.322 124.268 124.224 124.218 124.272 124.379 124.513 124.658 124.806 124.951 125.09 125.242 125.399 125.575 125.895 126.25 126.591 126.915 127.223 127.513 127.786 -9999 128.283
