Validation/Results/ReClimate_08_2024_2_Temperature-Actualsweatherlogisticsltd.asc
NCOLS 192
NROWS 249
XLLCENTER -225160.85627316462
YLLCENTER 29788.11610251502
CELLSIZE 5000.0
NODATA_VALUE -9999
[rows 136 to 169 of 249, columns 77 to 153 of 192]
-9999 -9999 -9999 -9999 -9999 -9999 -9999 -9999 9.732 -9999 9.294 8.923 8.944 8.944 9.201 9.387 9.384 9.217 8.284 8.489 8.492 8.55 9.095 9.139 9.176 9.24 8.756 8.638 -9999 -9999 -9999 -9999 -9999 -9999 9.727 9.842 9.801 9.56 9.446 9.288 8.751 8.451 8.697 8.77 8.854 9.289 9.031 8.925 9.37 9.585 9.724 9.692 10.099 10.297 10.365 10.424 10.796 -9999 -9999 -9999 -9999 -9999 -9999 -9999 -9999 -9999 -9999 -9999 -9999 -9999 -9999 -9999 -9999 -9999 -9999 -9999 -9999
-9999 -9999 -9999 -9999 -9999 -9999 -9999 -9999 9.613 9.55 9.563 9.62 9.37 9.272 9.283 9.362 9.641 9.424 9.085 8.461 8.503 8.637 9.095 9.032 9.017 9.386 9.051 9.527 -9999 -9999 -9999 -9999 9.757 9.681 9.724 9.851 9.913 9.821 9.608 8.9 8.149 8.18 8.398 8.113 8.831 8.748 8.53 9.091 9.027 9.227 9.657 9.749 9.551 9.98 10.236 10.28 10.849 -9999 -9999 -9999 -9999 -9999 -9999 -9999 -9999 -9999 -9999 -9999 -9999 -9999 -9999 -9999 -9999 -9999 -9999 -9999 -9999
10.31 -9999 -9999 -9999 -9999 -9999 -9999 -9999 9.625 9.855 9.754 -9999 -9999 9.649 9.463 9.51 9.621 -9999 9.799 9.582 9.348 9.17 9.269 9.017 9.448 9.786 -9999 -9999 -9999 -9999 -9999 9.968 9.815 9.709 9.732 9.74 9.75 9.751 9.373 8.695 7.679 7.48 7.99 7.762 8.361 7.894 8.143 8.497 8.458 9.059 9.095 9.284 9.486 9.812 10.073 10.161 10.644 -9999 -9999 -9999 -9999 -9999 -9999 -9999 -9999 -9999 -9999 -9999 -9999 -9999 -9999 -9999 -9999 -9999 -9999 -9999 -9999
9.953 -9999 -9999 -9999 -9999 -9999 -9999 -9999 -9999 10.008 10.163 -9999 -9999 -9999 9.96 9.602 9.646 9.873 -9999 -9999 9.872 9.706 9.642 9.344 9.475 -9999 -9999 -9999 -9999 -9999 9.786 9.778 9.661 9.656 9.61 9.541 9.594 9.337 9.15 8.827 7.831 7.621 6.979 7.646 7.268 7.158 7.555 7.899 7.902 8.326 8.976 9.213 9.338 9.791 10.06 9.953 10.194 -9999 -9999 -9999 -9999 -9999 -9999 -9999 -9999 -9999 -9999 -9999 -9999 -9999 -9999 -9999 -9999 -9999 -9999 -9999 -9999
-9999 -9999 -9999 -9999 -9999 -9999 -9999 -9999 -9999 -9999 10.253 -9999 -9999 -9999 -9999 9.95 9.575 9.737 -9999 -9999 -9999 10.035 10.233 -9999 -9999 -9999 -9999 -9999 -9999 -9999 9.83 9.727 9.534 9.284 9.039 9.137 9.231 9.183 9.336 9.012 8.328 7.338 7.235 7.296 6.6 6.85 7.243 7.779 7.677 7.889 8.592 9.217 9.683 9.886 9.97 9.797 9.958 -9999 -9999 -9999 -9999 -9999 -9999 -9999 -9999 -9999 -9999 -9999 -9999 -9999 -9999 -9999 -9999 -9999 -9999 -9999 -9999
-9999 -9999 -9999 -9999 -9999 -9999 -9999 -9999 -9999 -9999 10.003 -9999 -9999 -9999 -9999 -9999 9.991 9.928 -9999 -9999 -9999 -9999 -9999 -9999 -9999 -9999 -9999 -9999 -9999 -9999 9.814 9.306 8.976 8.765 8.577 8.755 8.898 9.03 9.154 8.982 8.547 7.502 6.494 6.045 6.46 6.932 8.008 8.251 8.302 8.551 8.702 8.835 9.465 9.9 9.828 9.647 9.781 10.332 -9999 -9999 -9999 -9999 -9999 -9999 -9999 -9999 -9999 -9999 -9999 -9999 -9999 -9999 -9999 -9999 -9999 -9999 -9999
10.166 10.282 10.576 -9999 -9999 -9999 -9999 -9999 -9999 -9999 9.991 -9999 -9999 -9999 -9999 -9999 -9999 -9999 -9999 -9999 -9999 -9999 -9999 -9999 -9999 -9999 -9999 -9999 -9999 9.896 9.512 9.277 9.258 8.929 8.026 8.509 8.56 8.546 8.93 8.906 9.095 7.708 6.193 5.846 6.823 7.345 6.859 6.904 7.587 8.062 8.978 9.117 9.241 9.498 9.6 9.668 9.72 10.154 10.818 -9999 -9999 -9999 -9999 -9999 -9999 -9999 -9999 -9999 -9999 -9999 -9999 -9999 -9999 -9999 -9999 -9999 -9999
9.988 10.199 10.397 -9999 -9999 -9999 -9999 -9999 -9999 -9999 -9999 -9999 -9999 -9999 -9999 -9999 -9999 -9999 -9999 -9999 -9999 -9999 -9999 -9999 -9999 -9999 -9999 -9999 9.74 9.692 9.42 9.328 9.132 8.63 6.876 7.56 8.58 8.724 8.871 9.281 9.086 8.443 7.094 6.16 6.792 6.95 7.205 7.513 7.454 7.749 8.313 9.121 9.331 9.563 9.631 9.689 9.869 10.292 10.791 -9999 -9999 -9999 -9999 -9999 -9999 -9999 -9999 -9999 -9999 -9999 -9999 -9999 -9999 -9999 -9999 -9999 -9999
10.119 -9999 10.472 10.679 -9999 -9999 -9999 -9999 -9999 -9999 -9999 -9999 -9999 -9999 -9999 -9999 -9999 -9999 -9999 -9999 -9999 -9999 -9999 -9999 -9999 -9999 -9999 -9999 9.542 9.473 9.445 8.39 8.036 8.241 8.492 8.278 8.092 8.493 8.745 8.96 9.197 9.074 8.188 7.638 6.643 7.204 7.587 7.805 7.958 8.302 8.647 8.994 9.174 9.515 9.65 9.787 9.934 10.319 10.797 11.052 11.104 -9999 -9999 -9999 -9999 -9999 -9999 -9999 -9999 -9999 -9999 -9999 -9999 -9999 -9999 -9999 -9999
10.131 -9999 -9999 10.618 -9999 -9999 -9999 -9999 -9999 -9999 -9999 -9999 -9999 -9999 -9999 -9999 -9999 -9999 -9999 -9999 -9999 -9999 -9999 -9999 -9999 -9999 -9999 -9999 9.771 9.585 8.912 7.88 9.003 8.954 8.112 7.666 8.338 8.305 8.092 8.912 8.802 9.192 9.263 8.416 7.885 7.498 7.744 7.993 8.452 8.714 9.081 9.356 9.606 9.667 9.892 9.849 10.065 10.32 10.603 10.348 10.381 10.379 10.627 10.133 -9999 -9999 -9999 -9999 -9999 -9999 -9999 -9999 -9999 -9999 -9999 -9999 -9999
10.073 10.359 -9999 10.567 -9999 -9999 -9999 -9999 -9999 -9999 -9999 -9999 -9999 -9999 -9999 -9999 -9999 -9999 -9999 -9999 -9999 -9999 -9999 -9999 -9999 -9999 -9999 10.592 9.871 9.374 8.246 7.546 7.332 7.998 8.259 8.252 7.966 7.476 8.493 7.853 8.506 8.923 9.141 8.989 8.812 8.361 7.755 7.985 8.442 8.82 9.104 9.394 9.657 9.925 10.003 10.066 10.187 10.348 10.411 10.252 9.442 9.369 9.426 9.535 9.991 9.802 -9999 -9999 -9999 -9999 -9999 -9999 -9999 -9999 -9999 -9999 -9999
10.101 -9999 10.295 -9999 -9999 -9999 -9999 -9999 -9999 -9999 -9999 -9999 -9999 -9999 -9999 -9999 -9999 -9999 -9999 -9999 -9999 -9999 -9999 -9999 -9999 -9999 -9999 -9999 10.478 9.587 8.176 7.754 8.03 6.618 7.39 8.201 7.727 8.293 7.271 7.574 8.416 8.783 8.796 8.923 8.642 7.071 7.373 7.512 7.522 7.9 8.719 9.086 9.452 9.841 10.037 10.102 10.215 10.39 10.464 10.31 9.681 9.302 9.46 9.452 9.411 9.636 9.75 -9999 -9999 -9999 -9999 -9999 -9999 -9999 -9999 -9999 -9999
10.161 10.154 10.203 -9999 -9999 -9999 -9999 -9999 -9999 -9999 -9999 -9999 -9999 -9999 -9999 -9999 -9999 -9999 -9999 -9999 -9999 -9999 -9999 -9999 -9999 -9999 -9999 -9999 -9999 10.178 9.47 9.337 7.892 7.834 8.132 8.915 9.187 7.965 7.986 8.402 8.578 8.292 8.347 8.671 7.734 7.39 7.18 6.669 7.141 7.851 8.16 8.868 9.318 9.794 10.024 10.082 10.21 10.363 9.761 9.536 8.974 8.368 8.614 8.931 9.424 9.363 9.594 10.191 -9999 -9999 -9999 -9999 -9999 -9999 -9999 -9999 -9999
10.315 10.197 -9999 -9999 -9999 -9999 -9999 -9999 -9999 -9999 -9999 -9999 -9999 -9999 -9999 -9999 -9999 -9999 -9999 -9999 -9999 -9999 -9999 -9999 -9999 -9999 -9999 -9999 -9999 10.779 10.285 9.661 8.832 8.128 7.665 9.081 8.618 8.885 9.18 9.179 8.909 8.433 7.504 8.412 7.698 7.011 7.339 8.078 8.282 8.29 8.51 8.786 9.47 9.912 10.067 10.114 10.033 9.728 9.411 9.004 9.128 8.9 8.78 8.693 8.849 9.177 9.329 9.876 10.828 -9999 -9999 -9999 -9999 -9999 -9999 -9999 -9999
10.259 10.357 -9999 -9999 -9999 -9999 -9999 -9999 -9999 -9999 -9999 -9999 -9999 -9999 -9999 -9999 -9999 -9999 -9999 -9999 -9999 -9999 -9999 -9999 -9999 -9999 -9999 -9999 -9999 -9999 9.97 9.253 8.883 8.168 8.976 8.861 9.298 9.506 9.548 9.39 9.133 8.609 8.717 7.448 7.794 7.916 7.697 8.042 8.162 8.114 8.87 9.092 9.611 9.918 10.126 10.158 9.92 9.581 9.397 9.218 9.07 9.078 9.084 9.01 8.993 9.105 9.456 9.76 10.513 -9999 -9999 -9999 -9999 -9999 -9999 -9999 -9999
-9999 -9999 -9999 -9999 -9999 -9999 -9999 -9999 -9999 -9999 -9999 -9999 -9999 -9999 -9999 -9999 -9999 -9999 -9999 -9999 -9999 -9999 -9999 -9999 -9999 -9999 -9999 -9999 -9999 -9999 10.689 8.967 9.192 9.74 9.313 9.573 9.575 9.837 9.72 9.243 9.28 9.309 7.52 8.156 7.914 7.809 7.547 8.23 8.377 8.638 8.853 9.308 9.556 9.947 10.143 10.189 10.049 9.454 9.126 9.3 9.471 9.448 9.437 9.332 9.342 9.218 9.204 9.745 10.061 10.938 -9999 -9999 -9999 -9999 -9999 -9999 -9999
-9999 -9999 -9999 -9999 -9999 -9999 -9999 -9999 -9999 -9999 -9999 -9999 -9999 -9999 -9999 -9999 -9999 -9999 -9999 -9999 -9999 -9999 -9999 -9999 -9999 -9999 -9999 -9999 -9999 -9999 -9999 10.204 10.376 9.956 9.672 9.829 9.773 10.044 9.805 9.522 9.65 8.886 7.971 7.543 7.582 7.215 7.563 7.532 7.86 8.398 8.487 8.911 9.455 9.871 10.095 10.019 9.922 9.84 9.122 9.156 9.772 10.105 9.957 9.906 9.904 9.96 9.901 10.079 10.427 10.617 -9999 -9999 -9999 -9999 -9999 -9999 -9999
-9999 -9999 -9999 -9999 -9999 -9999 -9999 -9999 -9999 -9999 -9999 -9999 -9999 -9999 -9999 -9999 -9999 -9999 -9999 -9999 -9999 -9999 -9999 -9999 -9999 -9999 -9999 -9999 -9999 -9999 -9999 10.751 -9999 9.979 10.191 10.026 10.105 -9999 10.102 9.777 9.69 8.994 7.932 7.922 7.894 7.4 7.647 7.583 6.99 7.809 8.186 8.497 8.937 9.619 9.95 9.927 9.851 9.907 9.982 9.795 10.132 10.355 10.211 10.052 10.094 10.202 10.311 10.353 10.082 10.044 10.395 -9999 -9999 -9999 -9999 -9999 -9999
-9999 -9999 -9999 -9999 -9999 -9999 -9999 -9999 -9999 -9999 -9999 -9999 -9999 -9999 -9999 -9999 -9999 -9999 -9999 -9999 -9999 -9999 -9999 -9999 -9999 -9999 -9999 -9999 -9999 -9999 -9999 -9999 10.769 10.296 -9999 -9999 -9999 -9999 10.394 10.085 10.041 9.482 9.057 8.187 8.033 7.823 7.667 8.376 7.975 7.41 8.154 8.378 8.941 9.427 9.883 10.058 10.089 10.102 10.171 10.186 10.09 10.22 10.076 10.01 10.172 10.238 10.099 10.091 10.21 10.066 10.119 10.386 10.858 -9999 -9999 -9999 -9999
-9999 -9999 -9999 -9999 -9999 -9999 -9999 -9999 -9999 -9999 -9999 -9999 -9999 -9999 -9999 -9999 -9999 -9999 -9999 -9999 -9999 -9999 -9999 -9999 -9999 -9999 -9999 -9999 -9999 -9999 -9999 -9999 10.933 10.736 -9999 -9999 -9999 -9999 10.574 10.055 10.207 9.807 9.079 9.224 9.048 8.263 8.18 8.341 8.494 7.535 8.095 8.392 8.719 9.252 9.853 10.152 10.25 10.293 10.285 10.299 10.241 10.143 10.13 10.13 10.206 10.154 9.978 9.786 9.814 9.992 10.264 10.588 10.973 -9999 -9999 -9999 -9999
-9999 -9999 -9999 -9999 -9999 -9999 -9999 -9999 -9999 -9999 -9999 -9999 -9999 -9999 -9999 -9999 -9999 -9999 -9999 -9999 -9999 -9999 -9999 -9999 -9999 -9999 -9999 -9999 -9999 -9999 -9999 -9999 10.988 -9999 -9999 -9999 -9999 10.839 10.464 10.062 9.355 8.986 8.967 8.992 9.091 8.591 8.152 8.683 8.675 8.579 8.118 8.601 8.859 9.263 9.66 10.084 10.191 10.288 10.36 10.416 10.448 10.406 10.404 10.22 9.85 9.879 9.892 9.949 10.004 10.151 10.402 10.784 -9999 -9999 -9999 -9999 -9999
-9999 -9999 -9999 -9999 -9999 -9999 -9999 -9999 -9999 -9999 -9999 -9999 -9999 -9999 -9999 -9999 -9999 -9999 -9999 -9999 -9999 -9999 -9999 -9999 -9999 -9999 -9999 -9999 -9999 -9999 -9999 -9999 -9999 -9999 -9999 -9999 -9999 10.829 10.257 9.291 8.44 8.052 8.5 9.11 9.089 9.243 9.134 9.263 9.1 8.889 8.623 8.65 9.046 9.328 9.585 9.943 10.161 10.279 10.432 10.585 10.664 10.612 10.52 10.417 9.748 9.392 9.917 10.137 10.347 10.417 10.585 10.807 -9999 -9999 -9999 -9999 -9999
-9999 -9999 -9999 -9999 -9999 -9999 -9999 -9999 -9999 -9999 -9999 -9999 -9999 -9999 -9999 -9999 -9999 -9999 -9999 -9999 -9999 -9999 -9999 -9999 -9999 -9999 -9999 -9999 -9999 -9999 -9999 -9999 -9999 -9999 -9999 -9999 -9999 10.719 10.257 9.498 8.628 8.537 8.985 9.149 9.505 9.487 9.464 9.504 9.431 9.57 9.059 9.023 9.103 9.319 9.559 9.915 10.247 10.34 10.486 10.724 10.776 10.71 10.592 10.505 10.168 9.638 9.865 10.283 10.497 10.624 10.689 10.804 -9999 -9999 -9999 -9999 -9999
-9999 -9999 -9999 -9999 -9999 -9999 -9999 -9999 -9999 -9999 -9999 -9999 -9999 -9999 -9999 -9999 -9999 -9999 -9999 -9999 -9999 -9999 -9999 -9999 -9999 -9999 -9999 -9999 -9999 -9999 -9999 -9999 -9999 -9999 -9999 -9999 10.83 10.683 10.269 9.348 8.724 8.415 9.004 9.075 9.844 9.564 9.582 9.327 9.296 9.129 9.739 9.685 9.865 9.817 10.009 9.986 10.219 10.384 10.413 10.528 10.751 10.689 10.593 10.487 10.425 10.056 10.04 10.374 10.642 10.765 10.778 10.828 10.987 -9999 -9999 -9999 -9999
-9999 -9999 -9999 -9999 -9999 -9999 -9999 -9999 -9999 -9999 -9999 -9999 -9999 -9999 -9999 -9999 -9999 -9999 -9999 -9999 -9999 -9999 -9999 -9999 -9999 -9999 -9999 -9999 -9999 -9999 -9999 -9999 -9999 -9999 -9999 -9999 10.697 10.707 10.437 9.928 9.166 9.763 9.643 10.155 9.592 9.165 9.24 8.945 9.067 9.535 9.304 9.761 9.816 9.833 9.904 10.113 10.178 10.344 10.435 10.491 10.587 10.611 10.499 10.45 10.455 10.429 10.206 10.383 10.683 10.842 10.861 10.849 10.986 -9999 -9999 -9999 -9999
-9999 -9999 -9999 -9999 -9999 -9999 -9999 -9999 -9999 -9999 -9999 -9999 -9999 -9999 -9999 -9999 -9999 -9999 -9999 -9999 -9999 -9999 -9999 -9999 -9999 -9999 -9999 -9999 -9999 -9999 -9999 -9999 -9999 -9999 -9999 10.734 10.631 10.702 10.765 10.269 10.179 10.089 10.312 10.183 9.537 9.472 9.2 8.874 9.025 9.366 10.152 9.879 10.274 10.222 10.135 10.039 10.196 10.291 10.376 10.473 10.531 10.532 10.46 10.422 10.46 10.495 10.407 10.286 10.587 10.921 11.011 10.916 10.924 11.086 -9999 -9999 -9999
-9999 -9999 -9999 -9999 -9999 -9999 -9999 -9999 -9999 -9999 -9999 -9999 -9999 -9999 -9999 -9999 -9999 -9999 -9999 -9999 -9999 -9999 -9999 -9999 -9999 -9999 -9999 -9999 -9999 -9999 -9999 -9999 -9999 -9999 -9999 10.729 10.617 10.711 10.712 10.565 10.426 10.387 10.196 9.913 10.017 9.779 9.147 8.232 8.508 8.884 9.609 10.183 10.103 10.436 10.586 10.434 10.229 10.346 10.447 10.494 10.559 10.566 10.535 10.524 10.577 10.648 10.55 10.399 10.661 11.113 11.259 11.178 10.985 10.985 -9999 -9999 -9999
-9999 -9999 -9999 -9999 -9999 -9999 -9999 -9999 -9999 -9999 -9999 -9999 -9999 -9999 -9999 -9999 -9999 -9999 -9999 -9999 -9999 -9999 -9999 -9999 -9999 -9999 -9999 -9999 -9999 -9999 -9999 -9999 -9999 -9999 -9999 10.805 10.704 10.744 10.817 10.779 10.646 10.313 10.058 9.94 9.599 9.046 8.338 8.304 8.593 8.891 9.45 9.995 9.961 9.993 10.454 10.732 10.716 10.641 10.654 10.623 10.609 10.647 10.644 10.645 10.71 10.774 10.842 10.749 10.869 11.261 11.426 11.334 11.135 10.951 10.99 -9999 -9999
-9999 -9999 -9999 -9999 -9999 -9999 -9999 -9999 -9999 -9999 -9999 -9999 -9999 -9999 -9999 -9999 -9999 -9999 -9999 -9999 -9999 -9999 -9999 -9999 -9999 -9999 -9999 -9999 -9999 -9999 -9999 -9999 -9999 -9999 -9999 -9999 10.734 10.76 10.834 10.778 10.322 9.855 9.616 9.493 9.45 9.206 8.727 8.899 8.925 9.407 10.199 10.358 10.315 10.067 10.42 10.718 10.74 10.778 10.813 10.737 10.696 10.73 10.754 10.756 10.788 10.843 10.86 10.957 11.021 -9999 11.364 -9999 11.175 11.061 10.992 11.203 -9999
-9999 -9999 -9999 -9999 -9999 -9999 -9999 -9999 -9999 -9999 -9999 -9999 -9999 -9999 -9999 -9999 -9999 -9999 -9999 -9999 -9999 -9999 -9999 -9999 -9999 -9999 -9999 -9999 -9999 -9999 -9999 -9999 -9999 -9999 -9999 10.855 10.769 10.778 10.832 10.65 10.039 9.271 9.187 9.402 9.046 8.963 9.138 8.856 8.597 9.094 9.801 10.631 10.465 10.43 10.641 10.744 10.695 10.754 10.775 10.791 10.771 10.791 10.799 10.804 10.824 10.694 10.741 10.872 10.807 10.862 11.068 11.142 -9999 11.187 11.195 11.074 11.31
-9999 -9999 -9999 -9999 -9999 -9999 -9999 -9999 -9999 -9999 -9999 -9999 -9999 -9999 -9999 -9999 -9999 -9999 -9999 -9999 -9999 -9999 -9999 -9999 -9999 -9999 -9999 -9999 -9999 -9999 -9999 -9999 -9999 -9999 -9999 10.89 10.82 10.845 10.741 10.389 10.027 9.56 9.352 9.633 9.584 9.654 9.798 9.25 8.846 9.207 9.777 10.122 10.132 10.24 10.439 10.579 10.53 10.569 10.709 10.782 10.855 10.861 10.839 10.809 10.834 10.847 10.649 10.77 10.799 10.606 10.738 10.951 11.095 -9999 -9999 -9999 -9999
-9999 -9999 -9999 -9999 -9999 -9999 -9999 -9999 -9999 -9999 -9999 -9999 -9999 -9999 -9999 -9999 -9999 -9999 -9999 -9999 -9999 -9999 -9999 -9999 -9999 -9999 -9999 -9999 -9999 -9999 -9999 -9999 -9999 -9999 10.972 11.008 10.889 10.698 10.527 10.538 10.381 9.889 10.116 10.216 10.262 10.369 10.196 9.532 8.665 8.483 9.092 9.559 9.522 9.952 10.401 10.495 10.615 10.541 10.664 10.802 10.877 10.882 10.862 10.822 10.835 10.86 10.816 10.73 10.769 10.557 10.504 10.698 10.925 11.085 11.188 -9999 -9999
-9999 -9999 -9999 -9999 -9999 -9999 -9999 -9999 -9999 -9999 -9999 -9999 -9999 -9999 -9999 -9999 -9999 -9999 -9999 -9999 -9999 -9999 -9999 -9999 -9999 -9999 -9999 -9999 -9999 -9999 -9999 -9999 -9999 -9999 11.109 11.046 10.942 10.802 10.581 10.413 10.619 10.571 10.609 10.631 10.702 10.755 10.53 9.984 9.318 8.304 7.982 8.816 9.06 9.48 10.127 10.263 10.65 10.774 10.656 10.781 10.896 10.902 10.88 10.853 10.855 10.878 10.807 10.783 10.802 10.79 10.383 10.487 10.713 10.912 11.082 11.23 -9999
-9999 -9999 -9999 -9999 -9999 -9999 -9999 -9999 -9999 -9999 -9999 -9999 -9999 -9999 -9999 -9999 -9999 -9999 -9999 -9999 -9999 -9999 -9999 -9999 -9999 -9999 -9999 -9999 -9999 -9999 -9999 -9999 -9999 -9999 -9999 11.15 11.029 10.913 10.655 10.771 10.788 10.832 10.895 10.97 11.178 11.191 10.926 10.473 9.669 8.772 7.884 7.72 8.497 9.126 9.756 10.264 10.296 10.579 10.577 10.646 10.837 10.884 10.871 10.855 10.861 10.831 10.756 10.733 10.794 10.766 10.472 10.345 10.569 10.699 10.878 11.073 11.09
