Validation/Results/ReClimate_10_2024_1_Temperature-Actuals.asc
NCOLS 192
NROWS 249
XLLCENTER -225160.85627316462
YLLCENTER 29788.11610251431
CELLSIZE 5000.0
NODATA_VALUE -9999
[rows 136 to 169 of 249, columns 77 to 153 of 192]
-9999 -9999 -9999 -9999 -9999 -9999 -9999 -9999 8.216 -9999 7.628 7.268 7.264 7.239 7.457 7.614 7.632 7.494 6.612 6.753 6.723 6.742 7.219 7.236 7.216 7.316 6.979 6.987 -9999 -9999 -9999 -9999 -9999 -9999 7.534 7.727 7.72 7.461 7.326 7.143 6.632 6.363 6.583 6.611 6.644 7.021 6.759 6.628 7.012 7.232 7.426 7.443 7.824 7.974 8.052 8.167 8.638 -9999 -9999 -9999 -9999 -9999 -9999 -9999 -9999 -9999 -9999 -9999 -9999 -9999 -9999 -9999 -9999 -9999 -9999 -9999 -9999
-9999 -9999 -9999 -9999 -9999 -9999 -9999 -9999 8.052 7.949 7.923 7.991 7.745 7.615 7.581 7.621 7.903 7.719 7.395 6.76 6.737 6.8 7.194 7.107 7.103 7.515 7.313 7.856 -9999 -9999 -9999 -9999 7.69 7.41 7.504 7.756 7.837 7.708 7.473 6.786 6.079 6.095 6.303 6.012 6.637 6.556 6.339 6.831 6.775 6.993 7.428 7.517 7.312 7.681 7.969 8.025 8.68 -9999 -9999 -9999 -9999 -9999 -9999 -9999 -9999 -9999 -9999 -9999 -9999 -9999 -9999 -9999 -9999 -9999 -9999 -9999 -9999
8.726 -9999 -9999 -9999 -9999 -9999 -9999 -9999 8.082 8.294 8.202 -9999 -9999 8.065 7.812 7.797 7.899 -9999 8.098 7.839 7.54 7.279 7.341 7.198 7.651 8.032 -9999 -9999 -9999 -9999 -9999 8.151 7.811 7.563 7.58 7.649 7.661 7.63 7.239 6.582 5.631 5.449 5.939 5.709 6.233 5.802 6.032 6.348 6.313 6.881 6.94 7.079 7.214 7.512 7.806 7.959 8.444 -9999 -9999 -9999 -9999 -9999 -9999 -9999 -9999 -9999 -9999 -9999 -9999 -9999 -9999 -9999 -9999 -9999 -9999 -9999 -9999
8.329 -9999 -9999 -9999 -9999 -9999 -9999 -9999 -9999 8.487 8.631 -9999 -9999 -9999 8.336 7.916 7.919 8.166 -9999 -9999 8.119 7.89 7.868 7.731 7.886 -9999 -9999 -9999 -9999 -9999 8.084 8.009 7.768 7.634 7.557 7.481 7.522 7.251 7.033 6.709 5.772 5.576 5.007 5.592 5.211 5.101 5.489 5.818 5.822 6.215 6.801 6.949 6.984 7.402 7.698 7.675 7.972 -9999 -9999 -9999 -9999 -9999 -9999 -9999 -9999 -9999 -9999 -9999 -9999 -9999 -9999 -9999 -9999 -9999 -9999 -9999 -9999
-9999 -9999 -9999 -9999 -9999 -9999 -9999 -9999 -9999 -9999 8.731 -9999 -9999 -9999 -9999 8.269 7.847 8.034 -9999 -9999 -9999 8.373 8.65 -9999 -9999 -9999 -9999 -9999 -9999 -9999 8.085 7.858 7.579 7.314 7.071 7.151 7.22 7.123 7.209 6.863 6.198 5.289 5.201 5.231 4.562 4.77 5.111 5.597 5.552 5.778 6.403 6.901 7.234 7.447 7.559 7.417 7.645 -9999 -9999 -9999 -9999 -9999 -9999 -9999 -9999 -9999 -9999 -9999 -9999 -9999 -9999 -9999 -9999 -9999 -9999 -9999 -9999
-9999 -9999 -9999 -9999 -9999 -9999 -9999 -9999 -9999 -9999 8.516 -9999 -9999 -9999 -9999 -9999 8.296 8.27 -9999 -9999 -9999 -9999 -9999 -9999 -9999 -9999 -9999 -9999 -9999 -9999 7.963 7.387 7.03 6.839 6.69 6.837 6.937 7.003 7.039 6.8 6.349 5.383 4.46 3.998 4.361 4.786 5.711 5.946 6.068 6.343 6.487 6.571 7.102 7.482 7.438 7.24 7.39 7.951 -9999 -9999 -9999 -9999 -9999 -9999 -9999 -9999 -9999 -9999 -9999 -9999 -9999 -9999 -9999 -9999 -9999 -9999 -9999
8.38 8.556 8.911 -9999 -9999 -9999 -9999 -9999 -9999 -9999 8.522 -9999 -9999 -9999 -9999 -9999 -9999 -9999 -9999 -9999 -9999 -9999 -9999 -9999 -9999 -9999 -9999 -9999 -9999 8.065 7.692 7.374 7.321 7.057 6.255 6.676 6.669 6.567 6.822 6.691 6.808 5.549 4.176 3.791 4.635 5.187 4.782 4.75 5.418 5.914 6.758 6.869 6.942 7.144 7.212 7.229 7.258 7.684 8.352 -9999 -9999 -9999 -9999 -9999 -9999 -9999 -9999 -9999 -9999 -9999 -9999 -9999 -9999 -9999 -9999 -9999 -9999
8.199 8.427 8.7 -9999 -9999 -9999 -9999 -9999 -9999 -9999 -9999 -9999 -9999 -9999 -9999 -9999 -9999 -9999 -9999 -9999 -9999 -9999 -9999 -9999 -9999 -9999 -9999 -9999 7.877 7.869 7.66 7.391 7.234 6.847 5.246 5.845 6.697 6.71 6.74 7.021 6.796 6.22 4.969 4.023 4.618 4.872 5.16 5.389 5.342 5.628 6.164 6.897 7.059 7.22 7.232 7.236 7.347 7.727 8.252 -9999 -9999 -9999 -9999 -9999 -9999 -9999 -9999 -9999 -9999 -9999 -9999 -9999 -9999 -9999 -9999 -9999 -9999
8.306 -9999 8.769 9.094 -9999 -9999 -9999 -9999 -9999 -9999 -9999 -9999 -9999 -9999 -9999 -9999 -9999 -9999 -9999 -9999 -9999 -9999 -9999 -9999 -9999 -9999 -9999 -9999 7.781 7.732 7.555 6.526 6.272 6.499 6.726 6.484 6.209 6.492 6.633 6.763 6.947 6.798 5.936 5.383 4.487 5.104 5.476 5.665 5.799 6.117 6.447 6.765 6.898 7.165 7.236 7.313 7.397 7.724 8.211 8.534 8.675 -9999 -9999 -9999 -9999 -9999 -9999 -9999 -9999 -9999 -9999 -9999 -9999 -9999 -9999 -9999 -9999
8.361 -9999 -9999 9.057 -9999 -9999 -9999 -9999 -9999 -9999 -9999 -9999 -9999 -9999 -9999 -9999 -9999 -9999 -9999 -9999 -9999 -9999 -9999 -9999 -9999 -9999 -9999 -9999 7.953 7.737 7.009 6.064 7.147 7.136 6.358 5.883 6.431 6.324 6.032 6.715 6.58 6.918 6.963 6.15 5.648 5.322 5.582 5.827 6.249 6.458 6.744 6.993 7.221 7.252 7.414 7.328 7.499 7.706 7.967 7.767 7.852 7.927 8.241 7.783 -9999 -9999 -9999 -9999 -9999 -9999 -9999 -9999 -9999 -9999 -9999 -9999 -9999
8.342 8.68 -9999 9.069 -9999 -9999 -9999 -9999 -9999 -9999 -9999 -9999 -9999 -9999 -9999 -9999 -9999 -9999 -9999 -9999 -9999 -9999 -9999 -9999 -9999 -9999 -9999 8.788 8.013 7.463 6.35 5.718 5.584 6.258 6.466 6.381 6.065 5.54 6.361 5.696 6.283 6.671 6.876 6.694 6.492 6.078 5.55 5.796 6.226 6.538 6.753 6.982 7.224 7.457 7.494 7.506 7.589 7.711 7.739 7.572 6.844 6.806 6.905 7.078 7.616 7.378 -9999 -9999 -9999 -9999 -9999 -9999 -9999 -9999 -9999 -9999 -9999
8.381 -9999 8.772 -9999 -9999 -9999 -9999 -9999 -9999 -9999 -9999 -9999 -9999 -9999 -9999 -9999 -9999 -9999 -9999 -9999 -9999 -9999 -9999 -9999 -9999 -9999 -9999 -9999 8.629 7.694 6.281 5.898 6.262 5.003 5.65 6.31 5.826 6.258 5.21 5.424 6.185 6.552 6.56 6.64 6.355 4.893 5.199 5.356 5.358 5.678 6.421 6.75 7.067 7.396 7.526 7.532 7.608 7.74 7.783 7.618 7.016 6.673 6.843 6.869 6.89 7.214 7.28 -9999 -9999 -9999 -9999 -9999 -9999 -9999 -9999 -9999 -9999
8.426 8.533 8.678 -9999 -9999 -9999 -9999 -9999 -9999 -9999 -9999 -9999 -9999 -9999 -9999 -9999 -9999 -9999 -9999 -9999 -9999 -9999 -9999 -9999 -9999 -9999 -9999 -9999 -9999 8.243 7.485 7.361 6.166 6.171 6.369 6.968 7.154 5.933 5.856 6.171 6.327 6.079 6.125 6.424 5.56 5.232 5.065 4.615 5.026 5.644 5.916 6.566 6.955 7.353 7.506 7.493 7.577 7.692 7.119 6.901 6.366 5.803 6.056 6.361 6.828 6.814 7.113 7.698 -9999 -9999 -9999 -9999 -9999 -9999 -9999 -9999 -9999
8.581 8.555 -9999 -9999 -9999 -9999 -9999 -9999 -9999 -9999 -9999 -9999 -9999 -9999 -9999 -9999 -9999 -9999 -9999 -9999 -9999 -9999 -9999 -9999 -9999 -9999 -9999 -9999 -9999 8.821 8.214 7.649 7.019 6.444 5.919 7.136 6.647 6.774 6.943 6.871 6.622 6.196 5.351 6.209 5.565 4.949 5.286 5.973 6.13 6.069 6.244 6.482 7.072 7.436 7.539 7.521 7.405 7.105 6.786 6.405 6.526 6.314 6.205 6.128 6.292 6.606 6.775 7.368 8.314 -9999 -9999 -9999 -9999 -9999 -9999 -9999 -9999
8.715 8.986 -9999 -9999 -9999 -9999 -9999 -9999 -9999 -9999 -9999 -9999 -9999 -9999 -9999 -9999 -9999 -9999 -9999 -9999 -9999 -9999 -9999 -9999 -9999 -9999 -9999 -9999 -9999 -9999 7.954 7.251 6.975 6.34 7.035 6.914 7.249 7.312 7.246 7.049 6.819 6.353 6.463 5.321 5.67 5.808 5.642 5.964 6.041 5.92 6.569 6.744 7.18 7.418 7.577 7.552 7.27 6.937 6.76 6.596 6.478 6.482 6.467 6.372 6.383 6.531 6.885 7.196 7.983 -9999 -9999 -9999 -9999 -9999 -9999 -9999 -9999
-9999 -9999 -9999 -9999 -9999 -9999 -9999 -9999 -9999 -9999 -9999 -9999 -9999 -9999 -9999 -9999 -9999 -9999 -9999 -9999 -9999 -9999 -9999 -9999 -9999 -9999 -9999 -9999 -9999 -9999 8.693 7.012 7.182 7.652 7.254 7.493 7.427 7.569 7.384 6.907 6.955 6.991 5.352 5.974 5.798 5.73 5.508 6.147 6.239 6.408 6.537 6.912 7.106 7.431 7.578 7.533 7.292 6.721 6.474 6.682 6.869 6.832 6.784 6.627 6.603 6.595 6.742 7.257 7.539 8.402 -9999 -9999 -9999 -9999 -9999 -9999 -9999
-9999 -9999 -9999 -9999 -9999 -9999 -9999 -9999 -9999 -9999 -9999 -9999 -9999 -9999 -9999 -9999 -9999 -9999 -9999 -9999 -9999 -9999 -9999 -9999 -9999 -9999 -9999 -9999 -9999 -9999 -9999 8.179 8.225 7.773 7.484 7.596 7.498 7.727 7.475 7.173 7.302 6.606 5.764 5.4 5.489 5.173 5.494 5.453 5.725 6.175 6.202 6.543 7.003 7.341 7.471 7.237 7.023 6.959 6.429 6.568 7.175 7.457 7.265 7.152 7.094 7.184 7.286 7.516 7.81 8.043 -9999 -9999 -9999 -9999 -9999 -9999 -9999
-9999 -9999 -9999 -9999 -9999 -9999 -9999 -9999 -9999 -9999 -9999 -9999 -9999 -9999 -9999 -9999 -9999 -9999 -9999 -9999 -9999 -9999 -9999 -9999 -9999 -9999 -9999 -9999 -9999 -9999 -9999 8.728 -9999 7.809 7.953 7.709 7.759 -9999 7.778 7.458 7.358 6.694 5.706 5.727 5.728 5.254 5.468 5.411 4.863 5.588 5.921 6.173 6.527 7.081 7.29 7.115 6.902 6.984 7.212 7.181 7.521 7.7 7.526 7.338 7.329 7.407 7.561 7.652 7.383 7.388 7.808 -9999 -9999 -9999 -9999 -9999 -9999
-9999 -9999 -9999 -9999 -9999 -9999 -9999 -9999 -9999 -9999 -9999 -9999 -9999 -9999 -9999 -9999 -9999 -9999 -9999 -9999 -9999 -9999 -9999 -9999 -9999 -9999 -9999 -9999 -9999 -9999 -9999 -9999 8.63 8.14 -9999 -9999 -9999 -9999 8.072 7.755 7.667 7.122 6.711 5.922 5.781 5.571 5.422 6.079 5.71 5.174 5.863 6.066 6.543 6.922 7.264 7.357 7.289 7.255 7.385 7.509 7.453 7.547 7.392 7.305 7.422 7.441 7.311 7.333 7.438 7.297 7.41 7.763 8.293 -9999 -9999 -9999 -9999
-9999 -9999 -9999 -9999 -9999 -9999 -9999 -9999 -9999 -9999 -9999 -9999 -9999 -9999 -9999 -9999 -9999 -9999 -9999 -9999 -9999 -9999 -9999 -9999 -9999 -9999 -9999 -9999 -9999 -9999 -9999 -9999 8.846 8.616 -9999 -9999 -9999 -9999 8.23 7.697 7.795 7.4 6.724 6.848 6.677 5.939 5.858 6.015 6.155 5.259 5.79 6.093 6.39 6.85 7.309 7.478 7.524 7.523 7.5 7.54 7.527 7.442 7.403 7.384 7.44 7.366 7.189 7.024 7.055 7.188 7.464 7.839 8.312 -9999 -9999 -9999 -9999
-9999 -9999 -9999 -9999 -9999 -9999 -9999 -9999 -9999 -9999 -9999 -9999 -9999 -9999 -9999 -9999 -9999 -9999 -9999 -9999 -9999 -9999 -9999 -9999 -9999 -9999 -9999 -9999 -9999 -9999 -9999 -9999 8.89 -9999 -9999 -9999 -9999 8.467 8.105 7.685 6.986 6.652 6.655 6.666 6.733 6.243 5.827 6.315 6.296 6.205 5.805 6.291 6.574 6.992 7.337 7.562 7.512 7.535 7.573 7.597 7.624 7.607 7.603 7.424 7.089 7.11 7.12 7.175 7.216 7.324 7.562 7.99 -9999 -9999 -9999 -9999 -9999
-9999 -9999 -9999 -9999 -9999 -9999 -9999 -9999 -9999 -9999 -9999 -9999 -9999 -9999 -9999 -9999 -9999 -9999 -9999 -9999 -9999 -9999 -9999 -9999 -9999 -9999 -9999 -9999 -9999 -9999 -9999 -9999 -9999 -9999 -9999 -9999 -9999 8.549 7.951 6.936 6.127 5.828 6.279 6.826 6.769 6.86 6.733 6.84 6.68 6.5 6.289 6.343 6.766 7.107 7.377 7.596 7.575 7.543 7.628 7.687 7.722 7.707 7.66 7.585 6.981 6.656 7.159 7.371 7.544 7.575 7.748 8.014 -9999 -9999 -9999 -9999 -9999
-9999 -9999 -9999 -9999 -9999 -9999 -9999 -9999 -9999 -9999 -9999 -9999 -9999 -9999 -9999 -9999 -9999 -9999 -9999 -9999 -9999 -9999 -9999 -9999 -9999 -9999 -9999 -9999 -9999 -9999 -9999 -9999 -9999 -9999 -9999 -9999 -9999 8.402 7.865 7.091 6.29 6.272 6.723 6.858 7.137 7.071 7.028 7.053 6.986 7.148 6.722 6.7 6.787 7.058 7.316 7.558 7.695 7.627 7.674 7.728 7.795 7.801 7.716 7.667 7.37 6.878 7.108 7.516 7.7 7.781 7.848 7.998 -9999 -9999 -9999 -9999 -9999
-9999 -9999 -9999 -9999 -9999 -9999 -9999 -9999 -9999 -9999 -9999 -9999 -9999 -9999 -9999 -9999 -9999 -9999 -9999 -9999 -9999 -9999 -9999 -9999 -9999 -9999 -9999 -9999 -9999 -9999 -9999 -9999 -9999 -9999 -9999 -9999 8.513 8.25 7.803 6.921 6.364 6.13 6.704 6.747 7.419 7.138 7.14 6.887 6.871 6.772 7.379 7.334 7.466 7.415 7.606 7.537 7.661 7.72 7.666 7.706 7.799 7.825 7.788 7.729 7.662 7.296 7.272 7.596 7.847 7.931 7.926 8.003 8.217 -9999 -9999 -9999 -9999
-9999 -9999 -9999 -9999 -9999 -9999 -9999 -9999 -9999 -9999 -9999 -9999 -9999 -9999 -9999 -9999 -9999 -9999 -9999 -9999 -9999 -9999 -9999 -9999 -9999 -9999 -9999 -9999 -9999 -9999 -9999 -9999 -9999 -9999 -9999 -9999 8.286 8.189 7.887 7.413 6.748 7.34 7.23 7.68 7.154 6.751 6.822 6.548 6.661 7.104 6.931 7.349 7.377 7.37 7.427 7.593 7.613 7.731 7.75 7.73 7.777 7.824 7.813 7.806 7.759 7.667 7.428 7.593 7.885 8.013 7.989 7.987 8.194 -9999 -9999 -9999 -9999
-9999 -9999 -9999 -9999 -9999 -9999 -9999 -9999 -9999 -9999 -9999 -9999 -9999 -9999 -9999 -9999 -9999 -9999 -9999 -9999 -9999 -9999 -9999 -9999 -9999 -9999 -9999 -9999 -9999 -9999 -9999 -9999 -9999 -9999 -9999 8.455 8.228 8.19 8.194 7.74 7.688 7.621 7.82 7.693 7.08 6.992 6.773 6.484 6.628 6.927 7.638 7.384 7.761 7.733 7.643 7.516 7.623 7.681 7.733 7.759 7.775 7.811 7.825 7.82 7.8 7.751 7.62 7.498 7.785 8.075 8.119 8.007 8.067 8.295 -9999 -9999 -9999
-9999 -9999 -9999 -9999 -9999 -9999 -9999 -9999 -9999 -9999 -9999 -9999 -9999 -9999 -9999 -9999 -9999 -9999 -9999 -9999 -9999 -9999 -9999 -9999 -9999 -9999 -9999 -9999 -9999 -9999 -9999 -9999 -9999 -9999 -9999 8.343 8.203 8.219 8.2 8.061 7.923 7.883 7.704 7.432 7.482 7.233 6.667 5.846 6.119 6.477 7.122 7.647 7.607 7.955 8.083 7.882 7.634 7.708 7.775 7.788 7.814 7.841 7.872 7.877 7.892 7.895 7.76 7.612 7.848 8.242 8.349 8.24 8.07 8.118 -9999 -9999 -9999
-9999 -9999 -9999 -9999 -9999 -9999 -9999 -9999 -9999 -9999 -9999 -9999 -9999 -9999 -9999 -9999 -9999 -9999 -9999 -9999 -9999 -9999 -9999 -9999 -9999 -9999 -9999 -9999 -9999 -9999 -9999 -9999 -9999 -9999 -9999 8.407 8.251 8.257 8.321 8.245 8.11 7.815 7.567 7.418 7.071 6.568 5.936 5.903 6.164 6.444 6.956 7.482 7.495 7.542 7.947 8.154 8.065 7.945 7.934 7.882 7.853 7.891 7.922 7.935 7.965 7.981 8.022 7.939 8.045 8.389 8.526 8.411 8.186 8.014 8.098 -9999 -9999
-9999 -9999 -9999 -9999 -9999 -9999 -9999 -9999 -9999 -9999 -9999 -9999 -9999 -9999 -9999 -9999 -9999 -9999 -9999 -9999 -9999 -9999 -9999 -9999 -9999 -9999 -9999 -9999 -9999 -9999 -9999 -9999 -9999 -9999 -9999 -9999 8.254 8.252 8.302 8.213 7.805 7.399 7.16 6.987 6.926 6.721 6.287 6.436 6.444 6.853 7.565 7.756 7.789 7.567 7.843 8.094 8.08 8.064 8.076 7.983 7.931 7.956 7.982 7.978 7.974 7.988 7.992 8.097 8.16 -9999 8.477 -9999 8.232 8.105 8.076 8.366 -9999
-9999 -9999 -9999 -9999 -9999 -9999 -9999 -9999 -9999 -9999 -9999 -9999 -9999 -9999 -9999 -9999 -9999 -9999 -9999 -9999 -9999 -9999 -9999 -9999 -9999 -9999 -9999 -9999 -9999 -9999 -9999 -9999 -9999 -9999 -9999 8.477 8.274 8.238 8.261 8.076 7.547 6.894 6.815 6.948 6.57 6.486 6.644 6.381 6.12 6.531 7.15 7.989 7.884 7.857 8.025 8.115 8.077 8.099 8.085 8.073 8.011 7.999 7.994 7.977 7.947 7.789 7.822 7.953 7.909 7.965 8.182 8.246 -9999 8.213 8.27 8.202 8.483
-9999 -9999 -9999 -9999 -9999 -9999 -9999 -9999 -9999 -9999 -9999 -9999 -9999 -9999 -9999 -9999 -9999 -9999 -9999 -9999 -9999 -9999 -9999 -9999 -9999 -9999 -9999 -9999 -9999 -9999 -9999 -9999 -9999 -9999 -9999 8.497 8.3 8.258 8.131 7.815 7.546 7.201 7.012 7.167 7.102 7.12 7.232 6.714 6.318 6.636 7.189 7.538 7.572 7.644 7.838 7.975 7.939 7.95 8.04 8.07 8.093 8.047 8.005 7.952 7.925 7.885 7.689 7.8 7.829 7.639 7.785 8.018 8.143 -9999 -9999 -9999 -9999
-9999 -9999 -9999 -9999 -9999 -9999 -9999 -9999 -9999 -9999 -9999 -9999 -9999 -9999 -9999 -9999 -9999 -9999 -9999 -9999 -9999 -9999 -9999 -9999 -9999 -9999 -9999 -9999 -9999 -9999 -9999 -9999 -9999 -9999 8.654 8.589 8.39 8.127 7.929 7.951 7.869 7.477 7.661 7.716 7.718 7.762 7.583 6.943 6.109 5.926 6.5 7.002 6.985 7.36 7.782 7.872 7.989 7.903 7.983 8.071 8.129 8.103 8.041 7.964 7.926 7.9 7.826 7.722 7.752 7.544 7.496 7.714 7.961 8.094 8.223 -9999 -9999
-9999 -9999 -9999 -9999 -9999 -9999 -9999 -9999 -9999 -9999 -9999 -9999 -9999 -9999 -9999 -9999 -9999 -9999 -9999 -9999 -9999 -9999 -9999 -9999 -9999 -9999 -9999 -9999 -9999 -9999 -9999 -9999 -9999 -9999 8.74 8.546 8.434 8.234 7.995 7.832 8.042 8.022 8.058 8.066 8.091 8.096 7.861 7.319 6.668 5.71 5.424 6.25 6.531 6.926 7.528 7.65 7.999 8.099 7.957 8.033 8.131 8.138 8.074 7.982 7.936 7.921 7.825 7.767 7.763 7.731 7.356 7.481 7.721 7.922 8.111 8.324 -9999
-9999 -9999 -9999 -9999 -9999 -9999 -9999 -9999 -9999 -9999 -9999 -9999 -9999 -9999 -9999 -9999 -9999 -9999 -9999 -9999 -9999 -9999 -9999 -9999 -9999 -9999 -9999 -9999 -9999 -9999 -9999 -9999 -9999 -9999 -9999 8.62 8.484 8.331 8.07 8.167 8.162 8.193 8.264 8.329 8.491 8.464 8.196 7.75 6.975 6.13 5.32 5.227 6.028 6.647 7.223 7.672 7.687 7.927 7.901 7.929 8.083 8.129 8.065 7.961 7.917 7.878 7.801 7.756 7.778 7.726 7.493 7.389 7.587 7.725 7.973 8.221 8.196
