Validation/Results/ReClimate_10_2024_1_Temperatureweatherlogisticsltd.asc
NCOLS 192
NROWS 249
XLLCENTER -225160.85627316462
YLLCENTER 29788.11610251502
CELLSIZE 5000.0
NODATA_VALUE -9999
[rows 170 to 203 of 249, columns 77 to 153 of 192]
-9999 -9999 -9999 -9999 -9999 -9999 -9999 -9999 -9999 -9999 -9999 -9999 -9999 -9999 -9999 0.32 0.302 -9999 -9999 -9999 -9999 -9999 -9999 -9999 -9999 -9999 -9999 -9999 -9999 -9999 -9999 -9999 -9999 -9999 0.066 0.062 0.058 0.055 0.059 0.067 0.062 0.056 0.066 0.078 0.071 0.062 0.071 0.08 0.099 0.121 0.122 0.121 0.133 0.144 0.137 0.126 0.134 0.142 0.158 0.176 0.189 0.201 0.2 0.195 0.205 0.215 0.214 0.209 0.216 0.222 0.236 0.251 0.257 0.263 0.261 0.254 0.265
-9999 -9999 -9999 -9999 -9999 -9999 -9999 -9999 -9999 -9999 -9999 -9999 -9999 -9999 -9999 0.326 0.314 0.3 -9999 -9999 -9999 -9999 -9999 -9999 -9999 -9999 -9999 -9999 -9999 -9999 -9999 -9999 -9999 0.081 0.074 0.083 0.077 0.064 0.069 0.08 0.076 0.07 0.075 0.071 0.065 0.067 0.08 0.1 0.114 0.115 0.115 0.113 0.13 0.145 0.142 0.134 0.143 0.152 0.165 0.181 0.19 0.201 0.208 0.208 0.208 0.212 0.223 0.225 0.227 0.23 0.244 0.258 0.272 0.284 0.288 0.284 0.291
-9999 -9999 -9999 -9999 -9999 -9999 -9999 -9999 -9999 -9999 -9999 -9999 -9999 -9999 0.338 0.324 0.311 0.3 0.285 -9999 -9999 -9999 -9999 -9999 -9999 -9999 -9999 -9999 -9999 -9999 0.131 -9999 -9999 0.09 0.093 0.095 0.084 0.071 -9999 0.088 0.085 0.08 0.076 0.071 0.07 0.071 0.09 0.11 0.113 0.115 0.115 0.112 0.128 0.146 0.144 0.14 0.149 0.158 0.171 0.184 0.194 0.204 0.211 0.216 0.217 0.215 0.226 0.235 0.238 0.239 0.252 0.269 0.283 0.3 0.304 0.301 0.308
-9999 -9999 -9999 -9999 -9999 -9999 -9999 -9999 -9999 -9999 -9999 -9999 -9999 -9999 0.328 0.326 0.311 0.285 0.267 0.244 0.229 -9999 -9999 -9999 0.181 0.183 -9999 0.171 0.164 0.158 0.143 0.129 -9999 -9999 0.113 0.108 -9999 -9999 0.096 0.087 0.083 0.076 0.074 0.075 0.075 0.081 0.095 0.105 0.108 0.109 0.119 0.123 0.123 0.131 0.139 0.141 0.152 0.162 0.174 0.187 0.18 0.179 0.201 0.215 0.217 0.215 0.226 0.236 0.238 0.239 0.251 0.266 0.278 0.291 0.296 0.292 0.306
-9999 -9999 -9999 -9999 -9999 -9999 -9999 -9999 -9999 -9999 -9999 -9999 -9999 -9999 -9999 0.322 0.3 0.275 0.255 0.233 -9999 -9999 0.207 0.196 0.194 0.189 0.189 0.186 0.175 0.163 0.147 0.134 0.13 -9999 0.119 0.115 0.11 0.105 0.098 0.091 0.086 0.078 0.079 0.08 0.083 0.088 0.096 0.105 0.108 0.11 0.119 0.129 0.13 0.128 0.136 0.145 0.155 0.167 0.179 0.191 0.185 0.175 0.195 0.219 0.22 0.219 0.231 0.244 0.247 0.248 0.26 0.274 0.284 0.294 0.297 0.295 0.308
-9999 -9999 -9999 -9999 -9999 -9999 -9999 -9999 -9999 -9999 -9999 -9999 -9999 -9999 -9999 0.313 0.293 0.278 0.261 0.248 0.232 0.205 0.2 0.197 0.196 0.197 0.201 0.211 0.193 0.163 0.153 0.152 0.147 0.14 0.141 0.145 0.135 0.106 0.105 0.115 0.111 0.103 0.107 0.115 0.119 0.123 0.13 0.131 0.134 0.138 0.142 0.149 0.145 0.141 0.147 0.155 0.162 0.172 0.181 0.191 0.204 0.206 0.214 0.231 0.234 0.235 0.25 0.268 0.275 0.278 0.285 0.295 0.292 0.293 0.308 0.313 0.323
-9999 -9999 -9999 -9999 -9999 -9999 -9999 -9999 -9999 -9999 -9999 -9999 -9999 -9999 -9999 -9999 0.29 0.275 0.263 0.251 0.227 0.201 0.198 0.196 0.197 0.199 0.208 0.219 0.192 0.165 0.165 0.167 0.162 0.155 0.159 0.164 0.142 0.114 0.121 0.131 0.126 0.12 0.127 0.135 0.139 0.144 0.146 0.147 0.15 0.153 0.156 0.158 0.155 0.148 0.156 0.163 0.171 0.178 0.187 0.195 0.208 0.221 0.23 0.239 0.243 0.246 0.263 0.282 0.291 0.295 0.302 0.308 0.305 0.298 0.31 0.322 0.332
-9999 -9999 -9999 -9999 -9999 -9999 -9999 -9999 -9999 -9999 -9999 -9999 -9999 -9999 -9999 -9999 -9999 -9999 0.261 0.257 0.24 0.227 0.222 0.212 0.215 0.218 0.223 0.219 0.2 0.189 0.192 0.194 0.187 0.173 0.174 0.169 0.15 0.133 0.135 0.13 0.125 0.121 0.126 0.131 0.135 0.143 0.146 0.154 0.157 0.158 0.158 0.158 0.165 0.166 0.172 0.18 0.18 0.183 0.2 0.214 0.221 0.23 0.235 0.241 0.254 0.263 0.273 0.287 0.297 0.302 0.304 0.306 0.3 0.292 0.308 0.322 0.326
-9999 -9999 -9999 -9999 -9999 -9999 -9999 -9999 -9999 -9999 -9999 -9999 -9999 -9999 -9999 -9999 -9999 0.264 0.26 0.257 0.246 0.235 0.226 0.217 0.22 0.225 0.225 0.223 0.213 0.203 0.206 0.208 0.197 0.183 0.179 0.174 0.16 0.144 0.139 0.134 0.13 0.126 0.129 0.134 0.139 0.147 0.154 0.162 0.163 0.164 0.164 0.163 0.17 0.178 0.185 0.191 0.191 0.189 0.206 0.225 0.232 0.238 0.243 0.246 0.258 0.273 0.283 0.292 0.302 0.308 0.309 0.308 0.303 0.294 0.309 0.325 0.328
-9999 -9999 -9999 -9999 -9999 -9999 -9999 -9999 -9999 -9999 -9999 -9999 -9999 -9999 -9999 -9999 0.271 0.263 0.257 0.249 0.239 0.228 0.222 0.218 0.223 0.23 0.23 0.229 0.22 0.213 0.206 0.182 0.175 0.179 0.175 0.171 0.161 0.155 0.152 0.153 0.149 0.142 0.144 0.142 0.148 0.156 0.16 0.159 0.16 0.158 0.168 0.172 0.183 0.193 0.193 0.196 0.198 0.198 0.21 0.225 0.232 0.237 0.247 0.254 0.26 0.27 0.283 0.294 0.299 0.304 0.316 0.321 0.322 0.319 0.324 0.335 0.328
-9999 -9999 -9999 -9999 -9999 -9999 -9999 -9999 -9999 -9999 -9999 -9999 -9999 -9999 -9999 0.279 0.272 0.26 0.251 0.244 0.234 0.224 0.221 0.22 0.226 0.233 0.234 0.234 0.226 0.22 0.2 0.175 0.177 0.181 0.177 0.173 0.168 0.162 0.163 0.165 0.159 0.152 0.151 0.149 0.156 0.164 0.164 0.163 0.163 0.162 0.171 0.181 0.192 0.204 0.205 0.205 0.207 0.208 0.218 0.23 0.236 0.241 0.25 0.261 0.267 0.273 0.286 0.299 0.304 0.307 0.319 0.33 0.332 0.331 0.337 0.34 0.334
-9999 -9999 -9999 -9999 -9999 -9999 -9999 -9999 -9999 -9999 -9999 -9999 -9999 0.29 0.284 0.28 0.274 0.272 0.26 0.24 0.231 0.225 0.226 0.227 0.229 0.224 0.225 0.227 0.222 0.226 0.215 0.219 0.212 0.183 0.177 0.166 0.163 0.167 0.166 0.162 0.16 0.163 0.16 0.151 0.157 0.164 0.163 0.161 0.161 0.162 0.169 0.178 0.199 0.218 0.212 0.207 0.222 0.23 0.227 0.229 0.239 0.247 0.25 0.256 0.265 0.272 0.279 0.289 0.314 0.327 0.329 0.333 0.349 0.358 0.345 0.34 -9999
-9999 -9999 -9999 -9999 -9999 -9999 -9999 -9999 -9999 -9999 -9999 -9999 0.287 0.286 0.282 0.275 -9999 -9999 -9999 -9999 0.23 0.228 0.229 0.232 0.227 0.222 0.224 0.225 0.226 0.23 0.235 0.24 0.216 0.188 0.178 0.167 0.169 0.173 0.168 0.164 0.167 0.171 0.164 0.156 0.162 0.169 0.167 0.165 0.167 0.168 0.175 0.183 0.203 0.228 0.223 0.214 0.228 0.244 0.242 0.237 0.244 0.253 0.257 0.26 0.268 0.276 0.284 0.291 0.314 0.338 0.34 0.338 0.354 0.37 0.357 0.337 0.335
-9999 -9999 -9999 -9999 -9999 -9999 -9999 -9999 -9999 -9999 -9999 -9999 0.288 0.277 0.273 -9999 -9999 -9999 -9999 -9999 0.225 0.222 0.23 0.254 0.247 0.233 0.23 0.214 0.216 0.222 0.221 0.214 0.199 0.199 0.193 0.192 0.189 0.174 0.174 0.184 0.18 0.162 0.161 0.171 0.173 0.168 0.171 0.185 0.185 0.178 0.188 0.198 0.206 0.222 0.234 0.237 0.226 0.227 0.24 0.242 0.256 0.267 0.263 0.263 0.271 0.279 0.286 0.293 0.303 0.319 0.339 0.348 0.351 0.358 0.354 0.341 0.329
-9999 -9999 -9999 -9999 -9999 -9999 -9999 -9999 -9999 -9999 -9999 -9999 -9999 -9999 0.273 -9999 -9999 -9999 -9999 -9999 0.251 0.221 0.24 0.263 0.252 0.24 0.228 0.214 0.218 0.224 0.218 0.21 0.21 0.209 0.208 0.207 0.195 0.18 0.186 0.196 0.18 0.163 0.171 0.182 0.178 0.172 0.184 0.198 0.194 0.187 0.197 0.209 0.217 0.225 0.236 0.249 0.24 0.226 0.237 0.249 0.263 0.279 0.274 0.27 0.278 0.287 0.295 0.302 0.311 0.319 0.338 0.358 0.359 0.357 0.351 0.345 0.333
-9999 -9999 -9999 -9999 -9999 -9999 -9999 -9999 -9999 -9999 -9999 -9999 -9999 -9999 -9999 -9999 -9999 -9999 -9999 -9999 0.271 0.256 0.265 0.257 0.25 0.246 0.239 0.236 0.237 0.231 0.228 0.229 0.222 0.2 0.201 0.212 0.201 0.193 0.197 0.197 0.18 0.161 0.17 0.189 0.185 0.18 0.19 0.199 0.201 0.198 0.21 0.222 0.225 0.231 0.241 0.252 0.245 0.234 0.236 0.243 0.256 0.272 0.286 0.292 0.296 0.303 0.312 0.321 0.327 0.332 0.341 0.353 0.356 0.355 0.352 0.346 0.342
-9999 -9999 -9999 -9999 -9999 -9999 -9999 -9999 -9999 -9999 -9999 -9999 -9999 -9999 -9999 -9999 -9999 -9999 -9999 -9999 -9999 0.273 0.266 0.259 0.256 0.253 0.251 0.249 0.244 0.238 0.24 0.242 0.223 0.201 0.21 0.22 0.213 0.205 0.204 0.204 0.187 0.167 0.181 0.198 0.194 0.188 0.195 0.204 0.205 0.208 0.218 0.231 0.235 0.238 0.247 0.257 0.251 0.243 0.247 0.25 0.263 0.279 0.293 0.31 0.313 0.317 0.327 0.335 0.342 0.343 0.351 0.356 0.357 0.358 0.355 0.351 0.347
-9999 -9999 -9999 -9999 -9999 -9999 -9999 -9999 -9999 -9999 -9999 -9999 -9999 -9999 -9999 -9999 -9999 -9999 -9999 -9999 0.276 0.277 0.272 0.268 0.268 0.271 0.267 0.258 0.254 0.253 0.255 0.253 0.242 0.24 0.246 0.247 0.239 0.225 0.222 0.214 0.201 0.194 0.205 0.21 0.207 0.206 0.211 0.212 0.215 0.217 0.222 0.23 0.244 0.254 0.254 0.259 0.263 0.262 0.266 0.27 0.28 0.294 0.306 0.32 0.328 0.333 0.345 0.355 0.36 0.362 0.352 0.344 0.347 0.348 0.356 0.358 0.358
-9999 -9999 -9999 -9999 -9999 -9999 -9999 -9999 -9999 -9999 -9999 -9999 -9999 -9999 -9999 -9999 -9999 -9999 -9999 -9999 0.28 0.281 0.279 0.275 0.278 0.281 0.273 0.265 0.263 0.263 0.263 0.262 0.261 0.26 0.261 0.262 0.251 0.239 0.232 0.224 0.218 0.212 0.216 0.221 0.22 0.22 0.221 0.222 0.223 0.226 0.23 0.235 0.248 0.264 0.266 0.268 0.273 0.277 0.282 0.286 0.297 0.309 0.32 0.332 0.339 0.346 0.356 0.368 0.373 0.374 0.363 0.345 0.346 0.349 0.356 0.365 0.365
-9999 -9999 -9999 -9999 -9999 -9999 -9999 -9999 -9999 -9999 -9999 -9999 -9999 -9999 -9999 -9999 -9999 -9999 -9999 -9999 0.283 0.283 0.285 0.295 0.297 0.295 0.286 0.27 0.27 0.274 0.273 0.265 0.265 0.267 0.268 0.269 0.26 0.253 0.249 0.246 0.237 0.218 0.22 0.222 0.225 0.238 0.235 0.226 0.237 0.245 0.241 0.24 0.245 0.256 0.266 0.273 0.284 0.292 0.295 0.298 0.307 0.318 0.327 0.337 0.344 0.35 0.363 0.377 0.385 0.386 0.378 0.363 0.357 0.356 0.355 0.359 0.357
-9999 -9999 -9999 -9999 -9999 -9999 -9999 -9999 -9999 -9999 -9999 -9999 -9999 -9999 -9999 -9999 -9999 -9999 -9999 -9999 -9999 0.287 0.296 0.306 0.305 0.304 0.291 0.275 0.278 0.283 0.277 0.27 0.272 0.274 0.275 0.276 0.271 0.265 0.263 0.261 0.246 0.228 0.229 0.229 0.239 0.251 0.243 0.234 0.246 0.26 0.254 0.249 0.255 0.263 0.273 0.284 0.294 0.305 0.308 0.311 0.319 0.328 0.336 0.345 0.351 0.357 0.37 0.386 0.393 0.396 0.386 0.373 0.369 0.363 0.362 0.361 0.359
-9999 -9999 -9999 -9999 -9999 -9999 -9999 -9999 -9999 -9999 -9999 -9999 -9999 -9999 -9999 -9999 -9999 -9999 -9999 -9999 -9999 0.289 0.301 0.319 0.317 0.309 0.3 0.293 0.291 0.282 0.281 0.29 0.292 0.292 0.29 0.283 0.277 0.267 0.263 0.255 0.248 0.254 0.253 0.25 0.255 0.252 0.248 0.253 0.249 0.253 0.265 0.27 0.272 0.277 0.291 0.305 0.307 0.312 0.323 0.329 0.331 0.335 0.343 0.351 0.357 0.363 0.38 0.399 0.401 0.4 0.39 0.379 0.37 0.363 0.377 0.385 0.369
-9999 -9999 -9999 -9999 -9999 -9999 -9999 -9999 -9999 -9999 -9999 -9999 -9999 -9999 -9999 -9999 -9999 -9999 -9999 -9999 0.296 0.293 0.309 0.327 0.321 0.314 0.309 0.303 0.295 0.285 0.292 0.301 0.303 0.303 0.298 0.291 0.283 0.273 0.267 0.259 0.264 0.27 0.267 0.265 0.261 0.258 0.262 0.269 0.264 0.259 0.272 0.287 0.289 0.291 0.304 0.32 0.321 0.32 0.33 0.341 0.343 0.342 0.35 0.36 0.366 0.373 0.391 0.41 0.411 0.406 0.397 0.386 0.377 0.368 0.38 0.398 0.383
-9999 -9999 -9999 -9999 -9999 -9999 -9999 -9999 -9999 -9999 -9999 -9999 -9999 -9999 -9999 -9999 -9999 -9999 -9999 -9999 0.298 0.303 0.313 0.315 0.313 0.316 0.312 0.308 0.305 0.309 0.315 0.317 0.314 0.298 0.295 0.294 0.288 0.285 0.28 0.275 0.277 0.274 0.273 0.277 0.273 0.269 0.27 0.267 0.265 0.27 0.279 0.293 0.299 0.301 0.303 0.311 0.311 0.308 0.316 0.327 0.345 0.356 0.36 0.368 0.376 0.385 0.398 0.414 0.415 0.411 0.396 0.38 0.375 0.367 0.375 0.387 0.382
-9999 -9999 -9999 -9999 -9999 -9999 -9999 -9999 -9999 -9999 -9999 -9999 -9999 -9999 -9999 -9999 -9999 -9999 -9999 -9999 0.307 0.31 0.312 0.312 0.317 0.321 0.318 0.314 0.318 0.323 0.325 0.328 0.316 0.299 0.3 0.3 0.298 0.296 0.292 0.288 0.285 0.281 0.284 0.288 0.284 0.279 0.276 0.275 0.279 0.283 0.292 0.304 0.307 0.311 0.313 0.314 0.314 0.312 0.32 0.33 0.348 0.369 0.374 0.38 0.389 0.396 0.408 0.421 0.421 0.418 0.403 0.385 0.379 0.373 0.379 0.387 0.38
-9999 -9999 -9999 -9999 -9999 -9999 -9999 -9999 -9999 -9999 -9999 -9999 -9999 -9999 -9999 -9999 -9999 -9999 -9999 0.309 0.312 0.327 0.328 0.325 0.331 0.341 0.337 0.327 0.331 0.332 0.33 0.321 0.312 0.307 0.307 0.305 0.305 0.305 0.301 0.294 0.288 0.279 0.283 0.291 0.292 0.303 0.299 0.293 0.297 0.302 0.308 0.316 0.317 0.319 0.325 0.329 0.329 0.329 0.332 0.339 0.349 0.365 0.375 0.383 0.396 0.407 0.414 0.423 0.422 0.417 0.415 0.404 0.397 0.39 0.388 0.39 0.377
-9999 -9999 -9999 -9999 -9999 -9999 -9999 -9999 -9999 -9999 -9999 -9999 -9999 -9999 -9999 -9999 -9999 -9999 0.315 0.315 0.325 0.337 0.335 0.333 0.341 0.351 0.345 0.336 0.337 0.339 0.331 0.322 0.319 0.315 0.313 0.312 0.313 0.313 0.309 0.303 0.295 0.287 0.294 0.302 0.311 0.322 0.316 0.31 0.314 0.318 0.322 0.327 0.329 0.331 0.337 0.344 0.344 0.344 0.348 0.352 0.361 0.373 0.382 0.391 0.403 0.418 0.425 0.43 0.428 0.422 0.42 0.417 0.409 0.4 0.396 0.394 0.381
-9999 -9999 -9999 -9999 -9999 -9999 -9999 -9999 -9999 -9999 -9999 -9999 -9999 -9999 -9999 -9999 0.319 0.319 0.316 0.329 0.334 0.332 0.334 0.34 0.345 0.343 0.34 0.341 0.34 0.332 0.33 0.34 0.336 0.327 0.323 0.314 0.313 0.312 0.306 0.298 0.3 0.321 0.327 0.329 0.33 0.315 0.315 0.329 0.33 0.326 0.334 0.34 0.352 0.361 0.352 0.35 0.36 0.366 0.369 0.372 0.376 0.383 0.391 0.399 0.407 0.418 0.424 0.427 0.425 0.421 0.424 0.422 0.419 0.412 0.4 0.392 0.378
-9999 -9999 -9999 -9999 -9999 -9999 -9999 -9999 -9999 -9999 -9999 -9999 -9999 -9999 -9999 0.322 0.323 0.315 0.324 0.335 0.334 0.332 0.338 0.347 0.345 0.344 0.346 0.345 0.339 0.331 0.341 0.352 0.344 0.336 0.329 0.319 0.318 0.316 0.309 0.301 0.319 0.34 0.344 0.349 0.335 0.32 0.33 0.343 0.341 0.337 0.345 0.354 0.366 0.38 0.372 0.36 0.37 0.381 0.385 0.387 0.389 0.392 0.399 0.408 0.416 0.425 0.429 0.431 0.428 0.423 0.424 0.426 0.422 0.419 0.407 0.395 0.381
-9999 -9999 -9999 -9999 -9999 -9999 -9999 -9999 -9999 -9999 -9999 -9999 0.309 0.324 0.331 0.335 0.33 0.317 0.326 0.334 0.334 0.337 0.35 0.374 0.369 0.351 0.351 0.35 0.346 0.343 0.349 0.349 0.343 0.336 0.332 0.332 0.326 0.312 0.307 0.308 0.321 0.331 0.339 0.359 0.351 0.346 0.348 0.333 0.345 0.35 0.358 0.368 0.372 0.381 0.387 0.385 0.382 0.386 0.393 0.398 0.394 0.393 0.395 0.4 0.414 0.427 0.427 0.426 0.424 0.421 0.414 0.411 0.412 0.412 0.402 0.391 0.383
-9999 -9999 -9999 -9999 -9999 -9999 -9999 -9999 -9999 -9999 0.309 0.311 0.323 0.332 0.338 0.342 0.333 0.321 0.327 0.335 0.338 0.341 0.362 0.387 0.373 0.356 0.355 0.354 0.353 0.35 0.351 0.351 0.346 0.341 0.341 0.342 0.33 0.316 0.316 0.317 0.324 0.332 0.349 0.37 0.368 0.365 0.353 0.339 0.35 0.364 0.372 0.383 0.386 0.39 0.395 0.401 0.398 0.394 0.399 0.407 0.403 0.399 0.401 0.402 0.415 0.428 0.427 0.423 0.421 0.419 0.415 0.408 0.409 0.412 0.403 0.393 0.385
-9999 -9999 -9999 -9999 -9999 -9999 0.305 0.312 0.312 0.312 0.313 0.331 0.337 0.335 0.342 0.35 0.343 0.339 0.342 0.335 0.344 0.365 0.376 0.369 0.359 0.357 0.357 0.357 0.354 0.346 0.343 0.332 0.333 0.347 0.347 0.348 0.337 0.325 0.328 0.336 0.342 0.345 0.358 0.368 0.367 0.369 0.361 0.356 0.368 0.383 0.392 0.403 0.408 0.413 0.411 0.413 0.409 0.405 0.411 0.418 0.407 0.397 0.407 0.414 0.418 0.426 0.422 0.417 0.417 0.417 0.411 0.405 0.409 0.414 0.41 0.403 0.399
-9999 -9999 -9999 -9999 -9999 0.301 0.309 0.314 0.319 0.315 0.326 0.339 0.339 0.337 0.346 0.354 0.352 0.349 0.344 0.338 0.356 0.377 0.371 0.363 0.362 0.36 0.361 0.361 0.355 0.348 0.339 0.328 0.339 0.353 0.353 0.354 0.345 0.332 0.34 0.35 0.353 0.355 0.363 0.373 0.374 0.376 0.372 0.367 0.379 0.394 0.402 0.413 0.418 0.423 0.421 0.419 0.416 0.411 0.417 0.424 0.414 0.4 0.409 0.419 0.422 0.425 0.42 0.416 0.416 0.417 0.411 0.405 0.41 0.418 0.414 0.41 0.407
-9999 -9999 -9999 -9999 0.297 0.305 0.312 0.314 0.317 0.32 0.329 0.336 0.338 0.34 0.35 0.359 0.36 0.361 0.356 0.349 0.363 0.371 0.367 0.367 0.366 0.365 0.365 0.363 0.358 0.353 0.346 0.341 0.35 0.355 0.357 0.361 0.353 0.348 0.355 0.356 0.358 0.358 0.368 0.383 0.383 0.38 0.388 0.419 0.422 0.403 0.402 0.406 0.407 0.409 0.413 0.415 0.418 0.417 0.408 0.407 0.402 0.392 0.4 0.407 0.418 0.425 0.416 0.408 0.405 0.403 0.404 0.402 0.412 0.422 0.413 0.406 0.401
