Validation/Results/ReClimate_04_2024_2_Temperature.asc
NCOLS 192
NROWS 249
XLLCENTER -225160.85627316462
YLLCENTER 29788.11610251502
CELLSIZE 5000.0
NODATA_VALUE -9999
[rows 102 to 135 of 249, columns 76 to 151 of 192]
-0.207 -0.208 -0.211 -0.216 -0.225 -9999 -9999 -0.204 -9999 -9999 -0.18 -0.171 -0.161 -0.155 -0.148 -0.135 -0.12 -0.119 -0.121 -0.116 -0.112 -0.12 -0.131 -0.122 -0.113 -0.105 -0.096 -0.096 -0.097 -0.097 -0.097 -0.113 -0.132 -0.133 -0.134 -0.134 -0.133 -0.149 -0.168 -0.172 -0.178 -9999 -9999 -9999 -9999 -9999 -9999 -9999 -9999 -9999 -9999 -9999 -9999 -9999 -9999 -9999 -9999 -9999 -9999 -9999 -9999 -9999 -9999 -9999 -9999 -9999 -9999 -9999 -9999 -9999 -9999 -9999 -9999 -9999 -9999 -9999
-0.226 -0.225 -0.215 -9999 -9999 -9999 -0.207 -0.201 -0.195 -0.188 -0.186 -0.18 -0.175 -0.165 -0.143 -0.136 -0.141 -0.137 -0.126 -0.122 -0.12 -0.122 -0.115 -0.114 -0.126 -0.118 -0.108 -0.106 -0.103 -0.108 -0.125 -0.136 -0.14 -0.143 -0.151 -0.153 -9999 -9999 -0.176 -9999 -9999 -9999 -9999 -9999 -9999 -9999 -9999 -9999 -9999 -9999 -9999 -9999 -9999 -9999 -9999 -9999 -9999 -9999 -9999 -9999 -9999 -9999 -9999 -9999 -9999 -9999 -9999 -9999 -9999 -9999 -9999 -9999 -9999 -9999 -9999 -9999
-0.232 -9999 -0.215 -9999 -9999 -9999 -0.201 -0.196 -0.192 -0.189 -0.188 -0.185 -0.181 -0.165 -0.145 -0.148 -0.153 -0.143 -0.131 -0.128 -0.126 -0.12 -0.113 -0.122 -0.134 -0.126 -0.116 -0.112 -0.109 -0.122 -0.139 -0.142 -0.147 -0.153 -0.161 -9999 -0.168 -0.175 -0.184 -0.187 -9999 -9999 -9999 -9999 -9999 -9999 -9999 -9999 -9999 -9999 -9999 -9999 -9999 -9999 -9999 -9999 -9999 -9999 -9999 -9999 -9999 -9999 -9999 -9999 -9999 -9999 -9999 -9999 -9999 -9999 -9999 -9999 -9999 -9999 -9999 -9999
-9999 -9999 -9999 -9999 -0.204 -0.2 -0.193 -0.193 -0.201 -0.197 -0.188 -0.182 -0.168 -0.157 -0.152 -0.148 -0.133 -0.129 -0.135 -0.126 -0.108 -0.104 -0.11 -0.116 -0.123 -0.113 -0.105 -0.106 -0.12 -0.133 -0.149 -0.149 -0.142 -9999 -0.168 -0.169 -0.166 -0.175 -0.188 -0.194 -9999 -9999 -9999 -9999 -9999 -9999 -9999 -9999 -9999 -9999 -9999 -9999 -9999 -9999 -9999 -9999 -9999 -9999 -9999 -9999 -9999 -9999 -9999 -9999 -9999 -9999 -9999 -9999 -9999 -9999 -9999 -9999 -9999 -9999 -9999 -9999
-9999 -9999 -9999 -9999 -0.201 -0.195 -0.189 -0.196 -0.204 -0.196 -0.188 -0.176 -0.163 -0.159 -0.154 -0.141 -0.126 -0.131 -0.139 -0.122 -0.104 -0.108 -0.113 -0.116 -0.122 -0.113 -0.105 -0.115 -0.128 -0.14 -0.156 -0.15 -0.144 -0.157 -0.174 -0.171 -0.168 -0.177 -0.188 -0.197 -0.204 -9999 -9999 -9999 -9999 -9999 -9999 -9999 -9999 -9999 -9999 -9999 -9999 -9999 -9999 -9999 -9999 -9999 -9999 -9999 -9999 -9999 -9999 -9999 -9999 -9999 -9999 -9999 -9999 -9999 -9999 -9999 -9999 -9999 -9999 -9999
-9999 -9999 -9999 -0.208 -9999 -9999 -0.188 -0.19 -0.186 -0.176 -0.165 -9999 -9999 -0.156 -0.147 -0.138 -0.134 -0.134 -0.123 -0.112 -0.108 -0.109 -0.107 -0.117 -0.142 -0.136 -0.127 -0.134 -0.135 -0.143 -0.146 -0.143 -0.145 -0.152 -0.153 -0.158 -0.179 -0.186 -0.189 -0.193 -0.189 -0.176 -9999 -9999 -9999 -9999 -9999 -9999 -9999 -9999 -9999 -9999 -9999 -9999 -9999 -9999 -9999 -9999 -9999 -9999 -9999 -9999 -9999 -9999 -9999 -9999 -9999 -9999 -9999 -9999 -9999 -9999 -9999 -9999 -9999 -9999
-9999 -9999 -9999 -0.207 -9999 -0.192 -0.186 -0.182 -0.178 -0.167 -0.156 -0.158 -0.16 -0.153 -0.144 -0.141 -0.138 -0.128 -0.118 -0.114 -0.111 -0.109 -0.106 -0.126 -0.151 -0.144 -0.137 -0.138 -0.139 -0.14 -0.142 -0.144 -0.146 -0.146 -0.145 -0.163 -0.183 -0.186 -0.189 -0.186 -0.181 -9999 -9999 -9999 -9999 -9999 -9999 -9999 -9999 -9999 -9999 -9999 -9999 -9999 -9999 -9999 -9999 -9999 -9999 -9999 -9999 -9999 -9999 -9999 -9999 -9999 -9999 -9999 -9999 -9999 -9999 -9999 -9999 -9999 -9999 -9999
-9999 -9999 -9999 -0.207 -9999 -0.194 -0.192 -0.184 -0.168 -0.155 -9999 -0.135 -0.126 -9999 -0.131 -0.123 -0.112 -0.11 -0.122 -0.115 -0.101 -0.105 -0.122 -0.137 -0.149 -0.145 -0.147 -0.143 -0.132 -0.133 -0.137 -0.141 -0.152 -0.155 -0.162 -0.171 -0.166 -9999 -9999 -9999 -9999 -9999 -9999 -9999 -9999 -9999 -9999 -9999 -9999 -9999 -9999 -9999 -9999 -9999 -9999 -9999 -9999 -9999 -9999 -9999 -9999 -9999 -9999 -9999 -9999 -9999 -9999 -9999 -9999 -9999 -9999 -9999 -9999 -9999 -9999 -9999
-9999 -0.212 -0.211 -9999 -9999 -0.197 -0.193 -0.179 -0.164 -0.149 -0.132 -0.123 -0.113 -9999 -0.125 -0.115 -0.103 -0.112 -0.124 -0.113 -0.099 -0.113 -0.129 -0.138 -0.148 -0.149 -0.151 -0.142 -0.13 -0.133 -0.136 -0.145 -0.155 -0.161 -0.169 -0.17 -9999 -9999 -9999 -9999 -9999 -9999 -9999 -9999 -9999 -9999 -9999 -9999 -9999 -9999 -9999 -9999 -9999 -9999 -9999 -9999 -9999 -9999 -9999 -9999 -9999 -9999 -9999 -9999 -9999 -9999 -9999 -9999 -9999 -9999 -9999 -9999 -9999 -9999 -9999 -9999
-0.207 -0.207 -0.2 -9999 -0.201 -0.198 -0.19 -0.181 -9999 -0.161 -0.139 -0.126 -0.104 -9999 -0.121 -0.114 -0.11 -0.11 -0.101 -0.098 -0.108 -0.117 -0.124 -0.132 -0.143 -0.143 -0.141 -9999 -0.141 -0.146 -0.156 -0.167 -0.182 -0.187 -0.188 -9999 -9999 -9999 -9999 -9999 -9999 -9999 -9999 -9999 -9999 -9999 -9999 -9999 -9999 -9999 -9999 -9999 -9999 -9999 -9999 -9999 -9999 -9999 -9999 -9999 -9999 -9999 -9999 -9999 -9999 -9999 -9999 -9999 -9999 -9999 -9999 -9999 -9999 -9999 -9999 -9999
-0.202 -0.195 -9999 -9999 -0.201 -0.195 -0.187 -9999 -0.18 -0.161 -0.14 -0.122 -0.102 -9999 -0.12 -0.116 -0.112 -0.103 -0.094 -0.102 -0.112 -0.117 -0.123 -0.132 -0.142 -0.14 -0.137 -0.141 -0.145 -9999 -9999 -0.177 -0.192 -9999 -9999 -9999 -9999 -9999 -9999 -0.162 -0.163 -0.156 -9999 -9999 -9999 -9999 -9999 -9999 -9999 -9999 -9999 -9999 -9999 -9999 -9999 -9999 -9999 -9999 -9999 -9999 -9999 -9999 -9999 -9999 -9999 -9999 -9999 -9999 -9999 -9999 -9999 -9999 -9999 -9999 -9999 -9999
-0.192 -9999 -9999 -0.183 -0.185 -0.181 -0.182 -9999 -0.171 -0.155 -0.142 -0.132 -0.132 -9999 -9999 -9999 -0.098 -0.097 -0.11 -0.115 -0.113 -0.114 -0.108 -0.115 -0.126 -0.126 -0.132 -0.136 -0.143 -0.15 -0.156 -0.17 -0.189 -9999 -9999 -9999 -9999 -9999 -0.148 -0.151 -0.148 -0.142 -0.136 -9999 -9999 -9999 -9999 -9999 -9999 -9999 -9999 -9999 -9999 -9999 -9999 -9999 -9999 -9999 -9999 -9999 -9999 -9999 -9999 -9999 -9999 -9999 -9999 -9999 -9999 -9999 -9999 -9999 -9999 -9999 -9999 -9999
-0.188 -9999 -9999 -9999 -0.177 -0.178 -0.179 -9999 -0.167 -9999 -0.141 -0.142 -0.143 -9999 -0.138 -0.117 -0.094 -9999 -0.117 -0.116 -0.115 -0.109 -0.103 -0.111 -0.121 -0.125 -0.13 -0.136 -0.143 -0.147 -0.153 -0.167 -0.185 -0.179 -0.173 -0.172 -9999 -0.152 -0.137 -0.138 -0.141 -0.135 -0.128 -0.132 -0.134 -9999 -9999 -9999 -9999 -9999 -9999 -9999 -9999 -9999 -9999 -9999 -9999 -9999 -9999 -9999 -9999 -9999 -9999 -9999 -9999 -9999 -9999 -9999 -9999 -9999 -9999 -9999 -9999 -9999 -9999 -9999
-9999 -9999 -9999 -9999 -0.168 -0.17 -0.177 -9999 -0.161 -9999 -0.139 -0.142 -9999 -0.137 -0.131 -0.111 -0.089 -0.099 -0.113 -0.108 -0.098 -0.101 -0.121 -0.128 -0.13 -0.129 -0.12 -0.121 -0.115 -0.124 -0.149 -0.153 -0.145 -0.144 -0.157 -0.146 -0.118 -0.112 -0.131 -0.131 -0.128 -0.116 -0.095 -0.1 -0.116 -0.124 -0.121 -0.111 -9999 -9999 -9999 -9999 -9999 -9999 -9999 -9999 -9999 -9999 -9999 -9999 -9999 -9999 -9999 -9999 -9999 -9999 -9999 -9999 -9999 -9999 -9999 -9999 -9999 -9999 -9999 -9999
-9999 -9999 -9999 -9999 -0.163 -0.168 -0.175 -0.167 -9999 -9999 -0.137 -0.143 -9999 -0.142 -0.127 -0.109 -0.089 -0.099 -0.112 -0.103 -0.093 -0.109 -0.129 -0.131 -0.134 -0.126 -0.117 -0.111 -0.104 -0.123 -0.146 -0.138 -0.128 -0.138 -0.149 -0.125 -0.097 -0.11 -0.126 -0.123 -0.119 -0.1 -0.079 -0.089 -0.102 -0.101 -0.105 -0.109 -0.09 -9999 -9999 -9999 -9999 -9999 -9999 -9999 -9999 -9999 -9999 -9999 -9999 -9999 -9999 -9999 -9999 -9999 -9999 -9999 -9999 -9999 -9999 -9999 -9999 -9999 -9999 -9999
-9999 -9999 -9999 -9999 -0.162 -0.166 -0.169 -0.162 -9999 -9999 -0.146 -0.154 -9999 -9999 -0.137 -0.123 -0.107 -0.115 -0.121 -0.114 -0.108 -0.114 -0.104 -0.108 -0.122 -0.111 -0.096 -0.095 -0.107 -0.118 -0.121 -0.113 -0.109 -0.114 -0.118 -0.102 -0.101 -0.105 -0.098 -0.094 -0.095 -0.083 -0.082 -0.085 -0.08 -0.08 -0.087 -0.085 -0.084 -9999 -9999 -9999 -9999 -9999 -9999 -9999 -9999 -9999 -9999 -9999 -9999 -9999 -9999 -9999 -9999 -9999 -9999 -9999 -9999 -9999 -9999 -9999 -9999 -9999 -9999 -9999
-9999 -9999 -9999 -9999 -0.161 -0.163 -0.164 -9999 -9999 -9999 -9999 -0.153 -9999 -0.146 -0.141 -0.128 -0.114 -0.118 -0.124 -0.119 -0.114 -0.105 -0.094 -0.104 -0.116 -0.103 -0.089 -0.097 -0.108 -0.108 -0.11 -0.106 -0.101 -0.102 -0.104 -0.102 -0.1 -0.093 -0.085 -0.084 -0.083 -0.081 -0.08 -0.075 -0.069 -0.072 -0.076 -0.074 -0.072 -0.069 -9999 -9999 -9999 -9999 -9999 -9999 -9999 -9999 -9999 -9999 -9999 -9999 -9999 -9999 -9999 -9999 -9999 -9999 -9999 -9999 -9999 -9999 -9999 -9999 -9999 -9999
-9999 -9999 -0.156 -0.158 -0.158 -0.159 -9999 -9999 -0.14 -9999 -9999 -9999 -9999 -0.147 -0.139 -0.128 -0.115 -0.118 -0.121 -0.112 -0.096 -0.087 -0.077 -0.083 -0.09 -0.08 -0.077 -0.076 -0.066 -0.072 -0.098 -0.092 -0.086 -0.088 -0.097 -0.092 -0.083 -0.075 -0.069 -0.07 -0.076 -0.07 -0.057 -0.051 -0.047 -0.049 -0.056 -0.052 -0.049 -0.057 -9999 -9999 -9999 -9999 -9999 -9999 -9999 -9999 -9999 -9999 -9999 -9999 -9999 -9999 -9999 -9999 -9999 -9999 -9999 -9999 -9999 -9999 -9999 -9999 -9999 -9999
-9999 -9999 -9999 -0.156 -0.155 -0.156 -9999 -0.143 -0.129 -0.13 -9999 -9999 -9999 -9999 -0.138 -0.127 -0.115 -0.117 -0.119 -0.106 -0.089 -0.08 -0.07 -0.074 -0.079 -0.076 -0.072 -0.062 -0.05 -0.069 -0.092 -0.086 -0.079 -0.085 -0.092 -0.083 -0.074 -0.068 -0.061 -0.065 -0.071 -0.059 -0.046 -0.041 -0.036 -0.04 -0.045 -0.041 -0.038 -0.038 -0.055 -9999 -9999 -9999 -9999 -9999 -9999 -9999 -9999 -9999 -9999 -9999 -9999 -9999 -9999 -9999 -9999 -9999 -9999 -9999 -9999 -9999 -9999 -9999 -9999 -9999
-9999 -9999 -9999 -0.152 -0.152 -0.151 -9999 -0.138 -0.131 -0.132 -9999 -9999 -9999 -9999 -9999 -0.129 -0.118 -0.115 -0.104 -0.092 -0.082 -0.075 -0.071 -0.074 -0.078 -0.072 -0.058 -0.052 -0.056 -0.067 -0.069 -0.06 -0.048 -0.052 -0.065 -0.061 -0.067 -0.058 -0.043 -0.046 -0.05 -0.044 -0.048 -0.042 -0.032 -0.034 -0.036 -0.034 -0.039 -0.031 -0.038 -0.056 -9999 -9999 -9999 -9999 -9999 -9999 -9999 -9999 -9999 -9999 -9999 -9999 -9999 -9999 -9999 -9999 -9999 -9999 -9999 -9999 -9999 -9999 -9999 -9999
-9999 -9999 -9999 -0.145 -0.148 -9999 -9999 -0.137 -0.131 -0.129 -0.133 -9999 -9999 -9999 -9999 -9999 -0.118 -0.109 -0.097 -0.089 -0.079 -0.075 -0.071 -0.074 -0.077 -0.066 -0.053 -0.055 -0.058 -0.058 -0.059 -0.048 -0.034 -0.042 -0.053 -0.056 -0.062 -0.049 -0.035 -0.037 -0.04 -0.043 -0.047 -0.038 -0.029 -0.029 -0.03 -0.032 -0.036 -0.029 -0.018 -0.05 -0.059 -0.069 -9999 -9999 -9999 -9999 -9999 -9999 -9999 -9999 -9999 -9999 -9999 -9999 -9999 -9999 -9999 -9999 -9999 -9999 -9999 -9999 -9999 -9999
-9999 -9999 -9999 -0.139 -0.149 -9999 -9999 -0.133 -0.127 -0.126 -9999 -9999 -9999 -9999 -9999 -9999 -0.105 -0.097 -0.092 -0.086 -0.081 -0.077 -0.071 -0.066 -0.049 -0.047 -0.063 -0.062 -0.054 -0.058 -0.069 -0.055 -0.036 -0.039 -0.037 -0.037 -0.036 -0.026 -0.021 -0.026 -0.039 -0.036 -0.026 -0.021 -0.026 -0.021 -0.009 -0.006 -0.002 -0.009 -0.008 -0.003 -0.015 -0.039 -9999 -9999 -9999 -9999 -9999 -9999 -9999 -9999 -9999 -9999 -9999 -9999 -9999 -9999 -9999 -9999 -9999 -9999 -9999 -9999 -9999 -9999
-9999 -9999 -9999 -0.139 -0.146 -9999 -9999 -9999 -0.125 -0.125 -0.126 -9999 -9999 -9999 -9999 -9999 -0.098 -0.094 -0.089 -0.085 -0.081 -0.076 -0.071 -0.056 -0.038 -0.051 -0.066 -0.06 -0.053 -0.061 -0.071 -0.054 -0.036 -0.032 -0.03 -0.027 -0.025 -0.02 -0.015 -0.024 -0.037 -0.027 -0.016 -0.018 -0.023 -0.011 0.001 0.008 0.017 0.012 0.002 0.007 0.009 -0.011 -9999 -9999 -9999 -9999 -9999 -9999 -9999 -9999 -9999 -9999 -9999 -9999 -9999 -9999 -9999 -9999 -9999 -9999 -9999 -9999 -9999 -9999
-9999 -9999 -0.12 -0.127 -0.143 -9999 -9999 -9999 -9999 -9999 -9999 -9999 -9999 -9999 -9999 -9999 -0.081 -0.075 -0.071 -0.066 -0.06 -0.057 -0.059 -0.046 -0.036 -0.046 -0.056 -0.05 -0.045 -0.049 -0.052 -0.037 -0.025 -0.023 -0.028 -0.025 -0.026 -0.017 -0.001 -0.008 -0.019 -0.014 -0.021 -0.017 -0.001 0.008 0.01 0.024 0.041 0.032 0.02 0.02 0.02 0.022 -0.028 -9999 -9999 -9999 -9999 -9999 -9999 -9999 -9999 -9999 -9999 -9999 -9999 -9999 -9999 -9999 -9999 -9999 -9999 -9999 -9999 -9999
-9999 -0.109 -0.113 -0.123 -0.137 -9999 -9999 -9999 -9999 -9999 -9999 -9999 -9999 -9999 -0.11 -0.087 -0.074 -0.068 -0.063 -0.057 -0.051 -0.052 -0.053 -0.045 -0.035 -0.042 -0.051 -0.047 -0.041 -0.042 -0.043 -0.032 -0.02 -0.022 -0.026 -0.025 -0.025 -0.011 0.005 -0.002 -0.011 -0.015 -0.022 -0.008 0.008 0.012 0.019 0.036 0.053 0.045 0.03 0.03 0.028 0.03 -0.014 -9999 -9999 -9999 -9999 -9999 -9999 -9999 -9999 -9999 -9999 -9999 -9999 -9999 -9999 -9999 -9999 -9999 -9999 -9999 -9999 -9999
-9999 -0.107 -0.119 -0.127 -9999 -9999 -9999 -9999 -9999 -9999 -9999 -9999 -9999 -9999 -0.106 -0.091 -0.072 -0.065 -0.058 -0.054 -0.055 -0.054 -0.05 -0.046 -0.046 -0.047 -0.038 -0.034 -0.032 -0.03 -0.025 -0.013 -0.002 0.001 0.007 0.009 0.005 0.013 0.006 0.006 0.014 0.012 0.006 0.016 0.017 0.024 0.033 0.044 0.046 0.041 0.042 0.05 0.052 0.046 0.035 -9999 -9999 -9999 -9999 -9999 -9999 -9999 -9999 -9999 -9999 -9999 -9999 -9999 -9999 -9999 -9999 -9999 -9999 -9999 -9999 -9999
-9999 -9999 -9999 -9999 -9999 -9999 -9999 -9999 -9999 -9999 -9999 -9999 -9999 -9999 -0.103 -0.09 -0.071 -0.064 -0.056 -0.055 -0.056 -0.052 -0.048 -0.049 -0.05 -0.042 -0.032 -0.03 -0.028 -0.022 -0.017 -0.006 0.006 0.013 0.02 0.019 0.017 0.013 0.007 0.015 0.024 0.022 0.018 0.02 0.024 0.033 0.041 0.044 0.045 0.049 0.05 0.057 0.064 0.059 0.044 -9999 -9999 -9999 -9999 -9999 -9999 -9999 -9999 -9999 -9999 -9999 -9999 -9999 -9999 -9999 -9999 -9999 -9999 -9999 -9999 -9999
-9999 -9999 -9999 -9999 -9999 -9999 -9999 -9999 -9999 -9999 -9999 -9999 -9999 -0.108 -0.108 -0.089 -0.063 -0.054 -0.045 -0.041 -0.038 -0.035 -0.04 -0.041 -0.044 -0.038 -0.035 -0.034 -0.034 -0.032 -0.035 -0.022 0.001 0.009 0.02 0.02 0.018 0.016 0.015 0.022 0.026 0.028 0.034 0.034 0.027 0.038 0.049 0.053 0.057 0.064 0.067 0.065 0.065 0.068 0.053 -9999 -9999 -9999 -9999 -9999 -9999 -9999 -9999 -9999 -9999 -9999 -9999 -9999 -9999 -9999 -9999 -9999 -9999 -9999 -9999 -9999
-9999 -9999 -9999 -9999 -9999 -9999 -9999 -9999 -9999 -9999 -9999 -9999 -9999 -0.111 -0.107 -0.085 -0.059 -0.05 -0.041 -0.036 -0.032 -0.034 -0.037 -0.038 -0.04 -0.038 -0.035 -0.035 -0.035 -0.037 -0.041 -0.022 -0.0 0.01 0.02 0.02 0.019 0.019 0.019 0.023 0.028 0.034 0.042 0.038 0.032 0.044 0.055 0.06 0.063 0.07 0.075 0.073 0.068 0.07 0.067 -9999 -9999 -9999 -9999 -9999 -9999 -9999 -9999 -9999 -9999 -9999 -9999 -9999 -9999 -9999 -9999 -9999 -9999 -9999 -9999 -9999
-9999 -9999 -9999 -9999 -9999 -9999 -9999 -9999 -9999 -9999 -9999 -9999 -0.112 -0.112 -0.091 -0.074 -0.062 -0.051 -0.032 -0.027 -0.024 -0.026 -0.031 -0.028 -0.021 -0.018 -0.018 -0.022 -0.038 -0.039 -0.04 -0.027 -0.021 -0.014 -0.009 -0.004 0.01 0.014 0.026 0.031 0.035 0.037 0.031 0.034 0.047 0.058 0.064 0.07 0.073 0.076 0.079 0.079 0.074 0.082 0.078 0.073 -9999 -9999 -9999 -9999 -9999 -9999 -9999 -9999 -9999 -9999 -9999 -9999 -9999 -9999 -9999 -9999 -9999 -9999 -9999 -9999
-9999 -9999 -9999 -9999 -9999 -9999 -9999 -9999 -9999 -9999 -9999 -0.113 -0.113 -0.101 -0.084 -0.075 -0.065 -0.048 -0.03 -0.026 -0.023 -0.026 -0.031 -0.023 -0.015 -0.014 -0.012 -0.023 -0.038 -0.037 -0.038 -0.033 -0.028 -0.023 -0.019 -0.006 0.007 0.018 0.029 0.034 0.039 0.034 0.03 0.043 0.056 0.063 0.07 0.074 0.078 0.081 0.082 0.08 0.076 0.083 0.088 0.086 -9999 -9999 -9999 -9999 -9999 -9999 -9999 -9999 -9999 -9999 -9999 -9999 -9999 -9999 -9999 -9999 -9999 -9999 -9999 -9999
-9999 -9999 -9999 -9999 -9999 -9999 -9999 -9999 -9999 -9999 -9999 -0.112 -0.104 -0.092 -0.081 -0.078 -0.082 -0.063 -0.035 -0.036 -0.049 -0.048 -0.04 -0.031 -0.015 -0.016 -0.023 -0.034 -0.047 -0.042 -0.031 -0.028 -0.029 -0.022 -0.011 0.0 0.011 0.019 0.023 0.025 0.023 0.024 0.034 0.046 0.056 0.062 0.063 0.072 0.088 0.094 0.096 0.099 0.097 0.097 0.1 0.101 -9999 -9999 -9999 -9999 -9999 -9999 -9999 -9999 -9999 -9999 -9999 -9999 -9999 -9999 -9999 -9999 -9999 -9999 -9999 -9999
-9999 -9999 -9999 -9999 -9999 -9999 -9999 -9999 -9999 -9999 -0.11 -0.106 -0.099 -0.09 -0.079 -0.083 -0.089 -0.065 -0.037 -0.047 -0.059 -0.052 -0.045 -0.031 -0.016 -0.022 -0.029 -0.038 -0.051 -0.04 -0.029 -0.028 -0.028 -0.017 -0.006 0.003 0.014 0.018 0.022 0.02 0.019 0.029 0.039 0.049 0.057 0.06 0.06 0.075 0.09 0.095 0.099 0.102 0.102 0.103 0.102 0.103 0.09 -9999 -9999 -9999 -9999 -9999 -9999 -9999 -9999 -9999 -9999 -9999 -9999 -9999 -9999 -9999 -9999 -9999 -9999 -9999
-9999 -9999 -9999 -9999 -9999 -9999 -9999 -9999 -9999 -0.101 -9999 -0.1 -0.095 -0.088 -0.083 -0.089 -0.095 -0.077 -0.061 -0.063 -0.051 -0.041 -0.027 -0.021 -0.028 -0.032 -0.034 -0.039 -0.041 -0.034 -0.036 -0.032 -0.021 -0.012 0.0 0.008 0.017 0.022 0.026 0.027 0.032 0.039 0.038 0.048 0.062 0.067 0.075 0.086 0.092 0.1 0.105 0.103 0.102 0.099 0.095 0.104 0.094 -9999 -9999 -9999 -9999 -9999 -9999 -9999 -9999 -9999 -9999 -9999 -9999 -9999 -9999 -9999 -9999 -9999 -9999 -9999
