Validation/Results/ReClimate_10_2024_2_Temperature.asc
NCOLS 192
NROWS 249
XLLCENTER -225160.85627316462
YLLCENTER 29788.11610251502
CELLSIZE 5000.0
NODATA_VALUE -9999
[rows 68 to 101 of 249, columns 75 to 149 of 192]
-9999 -9999 -9999 -9999 -9999 -9999 -9999 -9999 -9999 -9999 -9999 -0.442 -0.442 -0.443 -0.456 -0.47 -0.47 -0.471 -0.452 -0.428 -0.415 -0.399 -0.403 -0.408 -0.412 -0.417 -0.42 -0.423 -0.415 -9999 -9999 -9999 -9999 -9999 -9999 -9999 -9999 -9999 -9999 -9999 -9999 -9999 -9999 -9999 -9999 -9999 -9999 -9999 -9999 -9999 -9999 -9999 -9999 -9999 -9999 -9999 -9999 -9999 -9999 -9999 -9999 -9999 -9999 -9999 -9999 -9999 -9999 -9999 -9999 -9999 -9999 -9999 -9999 -9999 -9999
-9999 -9999 -9999 -9999 -9999 -9999 -9999 -9999 -9999 -9999 -9999 -9999 -9999 -0.457 -0.464 -0.462 -0.466 -0.477 -0.462 -0.448 -0.439 -0.431 -0.432 -0.427 -0.431 -0.435 -0.424 -9999 -9999 -9999 -9999 -9999 -9999 -9999 -9999 -9999 -9999 -9999 -9999 -9999 -9999 -9999 -9999 -9999 -9999 -9999 -9999 -9999 -9999 -9999 -9999 -9999 -9999 -9999 -9999 -9999 -9999 -9999 -9999 -9999 -9999 -9999 -9999 -9999 -9999 -9999 -9999 -9999 -9999 -9999 -9999 -9999 -9999 -9999 -9999
-9999 -9999 -9999 -9999 -9999 -9999 -9999 -0.424 -9999 -9999 -0.441 -0.449 -0.455 -0.46 -0.457 -0.455 -0.465 -0.476 -0.465 -0.452 -0.447 -0.441 -0.436 -0.432 -0.435 -0.439 -0.41 -9999 -9999 -9999 -9999 -9999 -9999 -9999 -9999 -9999 -9999 -9999 -9999 -9999 -9999 -9999 -9999 -9999 -9999 -9999 -9999 -9999 -9999 -9999 -9999 -9999 -9999 -9999 -9999 -9999 -9999 -9999 -9999 -9999 -9999 -9999 -9999 -9999 -9999 -9999 -9999 -9999 -9999 -9999 -9999 -9999 -9999 -9999 -9999
-9999 -9999 -9999 -9999 -9999 -0.412 -0.418 -0.422 -0.429 -0.438 -0.449 -0.456 -0.46 -0.467 -0.468 -0.473 -0.477 -0.471 -0.462 -0.454 -0.45 -0.446 -0.444 -0.443 -0.444 -0.439 -0.417 -9999 -9999 -9999 -9999 -9999 -9999 -9999 -9999 -9999 -9999 -9999 -9999 -9999 -9999 -9999 -9999 -9999 -9999 -9999 -9999 -9999 -9999 -9999 -9999 -9999 -9999 -9999 -9999 -9999 -9999 -9999 -9999 -9999 -9999 -9999 -9999 -9999 -9999 -9999 -9999 -9999 -9999 -9999 -9999 -9999 -9999 -9999 -9999
-9999 -9999 -9999 -9999 -9999 -0.412 -0.416 -9999 -0.43 -0.439 -0.447 -0.454 -0.46 -0.467 -0.471 -0.476 -0.471 -0.465 -0.459 -0.451 -0.448 -0.445 -0.445 -0.445 -0.441 -0.437 -9999 -0.435 -9999 -9999 -9999 -9999 -9999 -9999 -9999 -9999 -9999 -9999 -9999 -9999 -9999 -9999 -9999 -9999 -9999 -9999 -9999 -9999 -9999 -9999 -9999 -9999 -9999 -9999 -9999 -9999 -9999 -9999 -9999 -9999 -9999 -9999 -9999 -9999 -9999 -9999 -9999 -9999 -9999 -9999 -9999 -9999 -9999 -9999 -9999
-9999 -9999 -9999 -9999 -9999 -9999 -0.414 -0.423 -0.434 -0.447 -0.451 -0.453 -0.458 -0.46 -0.467 -0.477 -0.473 -0.467 -0.467 -0.473 -0.467 -0.452 -0.447 -0.432 -0.431 -0.434 -0.441 -0.453 -9999 -9999 -9999 -9999 -9999 -9999 -9999 -9999 -9999 -9999 -9999 -9999 -9999 -9999 -9999 -9999 -9999 -9999 -9999 -9999 -9999 -9999 -9999 -9999 -9999 -9999 -9999 -9999 -9999 -9999 -9999 -9999 -9999 -9999 -9999 -9999 -9999 -9999 -9999 -9999 -9999 -9999 -9999 -9999 -9999 -9999 -9999
-9999 -9999 -9999 -9999 -9999 -9999 -9999 -0.419 -0.431 -0.441 -0.443 -0.445 -0.448 -0.451 -0.46 -0.471 -0.467 -0.462 -0.469 -0.477 -0.466 -0.451 -0.439 -0.424 -0.427 -0.43 -0.442 -0.452 -9999 -9999 -9999 -9999 -9999 -9999 -9999 -9999 -9999 -9999 -9999 -9999 -9999 -9999 -9999 -9999 -9999 -9999 -9999 -9999 -9999 -9999 -9999 -9999 -9999 -9999 -9999 -9999 -9999 -9999 -9999 -9999 -9999 -9999 -9999 -9999 -9999 -9999 -9999 -9999 -9999 -9999 -9999 -9999 -9999 -9999 -9999
-9999 -9999 -9999 -9999 -9999 -0.405 -0.411 -0.434 -0.441 -0.442 -0.443 -0.443 -0.445 -0.442 -0.45 -0.458 -0.455 -0.451 -0.457 -0.461 -0.454 -0.451 -0.447 -0.452 -0.453 -9999 -0.452 -9999 -9999 -9999 -9999 -9999 -9999 -0.412 -0.408 -0.405 -9999 -9999 -9999 -9999 -9999 -9999 -9999 -9999 -9999 -9999 -9999 -9999 -9999 -9999 -9999 -9999 -9999 -9999 -9999 -9999 -9999 -9999 -9999 -9999 -9999 -9999 -9999 -9999 -9999 -9999 -9999 -9999 -9999 -9999 -9999 -9999 -9999 -9999 -9999
-0.386 -9999 -9999 -9999 -9999 -9999 -0.425 -0.435 -0.435 -0.436 -0.436 -0.436 -0.435 -0.432 -0.439 -0.448 -0.445 -0.442 -0.445 -0.449 -0.448 -0.446 -0.452 -0.458 -0.454 -0.449 -9999 -9999 -9999 -9999 -0.428 -0.429 -0.421 -0.412 -0.408 -0.403 -0.42 -0.439 -0.429 -0.418 -0.406 -0.394 -0.398 -0.402 -0.4 -0.399 -0.389 -0.38 -0.378 -0.376 -0.379 -0.373 -9999 -9999 -9999 -9999 -9999 -9999 -9999 -9999 -9999 -9999 -9999 -9999 -9999 -9999 -9999 -9999 -9999 -9999 -9999 -9999 -9999 -9999 -9999
-0.393 -9999 -9999 -9999 -0.396 -9999 -0.416 -0.418 -0.419 -0.427 -0.427 -0.427 -0.429 -0.435 -0.443 -0.449 -0.452 -0.465 -0.462 -0.445 -0.446 -0.45 -0.456 -0.459 -0.453 -9999 -9999 -9999 -9999 -0.428 -0.429 -0.445 -0.442 -0.442 -0.437 -0.42 -0.432 -0.435 -0.426 -0.41 -0.41 -0.424 -0.425 -0.415 -0.415 -0.411 -0.408 -0.406 -0.402 -0.386 -0.38 -0.367 -9999 -9999 -9999 -9999 -9999 -9999 -9999 -9999 -9999 -9999 -9999 -9999 -9999 -9999 -9999 -9999 -9999 -9999 -9999 -9999 -9999 -9999 -9999
-0.394 -9999 -9999 -9999 -0.393 -0.399 -0.403 -0.406 -0.412 -0.419 -0.418 -0.418 -0.424 -0.431 -0.437 -0.443 -0.454 -0.467 -0.454 -0.438 -0.442 -0.446 -0.45 -0.454 -9999 -9999 -0.424 -0.417 -0.424 -0.428 -0.437 -0.447 -0.448 -0.449 -0.437 -0.422 -0.426 -0.43 -0.418 -0.404 -0.417 -0.432 -0.425 -0.417 -0.415 -0.412 -0.412 -0.412 -0.401 -0.386 -0.368 -0.344 -0.351 -9999 -9999 -9999 -9999 -9999 -9999 -9999 -9999 -9999 -9999 -9999 -9999 -9999 -9999 -9999 -9999 -9999 -9999 -9999 -9999 -9999 -9999
-0.394 -9999 -0.386 -9999 -0.392 -0.395 -0.401 -0.409 -0.411 -0.408 -0.411 -0.422 -0.426 -0.428 -0.435 -0.446 -0.458 -0.47 -0.459 -0.445 -0.453 -0.465 -0.464 -0.452 -9999 -0.433 -0.426 -0.45 -0.454 -0.442 -0.45 -0.456 -0.452 -0.438 -0.43 -0.426 -0.43 -0.434 -0.425 -0.417 -0.427 -0.433 -0.427 -0.42 -0.418 -0.415 -0.417 -0.422 -0.412 -0.399 -0.39 -0.374 -0.363 -9999 -9999 -9999 -9999 -9999 -9999 -9999 -9999 -9999 -9999 -9999 -9999 -9999 -9999 -9999 -9999 -9999 -9999 -9999 -9999 -9999 -9999
-9999 -0.379 -9999 -9999 -9999 -0.391 -0.398 -0.406 -0.403 -0.4 -0.408 -0.418 -0.419 -0.421 -0.43 -0.441 -0.452 -0.464 -0.454 -0.442 -0.453 -0.466 -0.457 -0.445 -0.443 -0.435 -0.446 -0.457 -0.451 -0.442 -0.447 -0.454 -0.443 -0.429 -0.427 -0.423 -0.427 -0.431 -0.425 -0.418 -0.423 -0.429 -0.424 -0.417 -0.415 -0.412 -0.417 -0.422 -0.412 -0.4 -0.391 -0.38 -0.371 -9999 -9999 -9999 -9999 -9999 -9999 -9999 -9999 -9999 -9999 -9999 -9999 -9999 -9999 -9999 -9999 -9999 -9999 -9999 -9999 -9999 -9999
-0.387 -9999 -9999 -9999 -9999 -0.384 -0.392 -0.407 -9999 -0.405 -0.409 -0.404 -0.408 -0.419 -0.43 -0.446 -0.452 -0.451 -0.445 -0.441 -0.449 -0.454 -0.453 -0.462 -0.457 -0.437 -0.445 -0.45 -0.441 -0.422 -0.43 -0.44 -0.434 -0.436 -0.437 -0.44 -0.445 -0.448 -0.441 -0.424 -0.431 -0.442 -0.435 -0.421 -0.416 -0.403 -0.408 -0.416 -0.407 -0.395 -0.387 -0.374 -0.362 -9999 -9999 -9999 -9999 -9999 -9999 -9999 -9999 -9999 -9999 -9999 -9999 -9999 -9999 -9999 -9999 -9999 -9999 -9999 -9999 -9999 -9999
-0.391 -9999 -9999 -9999 -0.39 -9999 -9999 -0.403 -0.403 -0.403 -0.399 -0.394 -0.403 -0.413 -0.426 -0.441 -0.441 -0.439 -0.437 -0.434 -0.438 -0.443 -0.452 -0.462 -0.449 -0.431 -0.437 -0.441 -0.427 -0.409 -0.419 -0.429 -0.431 -0.434 -0.438 -0.442 -0.446 -0.45 -0.437 -0.422 -0.431 -0.442 -0.431 -0.418 -0.408 -0.396 -0.402 -0.41 -0.401 -0.39 -0.381 -0.371 -9999 -9999 -9999 -9999 -9999 -9999 -9999 -9999 -9999 -9999 -9999 -9999 -9999 -9999 -9999 -9999 -9999 -9999 -9999 -9999 -9999 -9999 -9999
-0.384 -0.393 -0.397 -9999 -9999 -9999 -0.394 -0.395 -9999 -0.407 -0.404 -0.4 -0.411 -0.427 -0.44 -0.454 -0.453 -0.447 -0.444 -0.436 -0.441 -0.446 -0.45 -0.443 -0.435 -0.435 -0.44 -0.444 -0.438 -0.439 -0.442 -0.428 -0.428 -0.422 -0.426 -0.433 -0.431 -0.42 -0.415 -0.42 -0.432 -0.45 -0.44 -0.424 -0.413 -0.394 -0.399 -0.399 -0.389 -0.376 -0.377 -9999 -9999 -9999 -9999 -9999 -9999 -9999 -9999 -9999 -9999 -9999 -9999 -9999 -9999 -9999 -9999 -9999 -9999 -9999 -9999 -9999 -9999 -9999 -9999
-0.378 -0.387 -0.395 -9999 -0.399 -0.391 -0.391 -0.388 -0.395 -0.404 -0.401 -0.398 -0.411 -0.427 -0.439 -0.452 -0.448 -0.443 -0.438 -0.431 -0.436 -0.441 -0.436 -0.429 -0.43 -0.43 -0.434 -0.438 -0.442 -0.444 -0.435 -0.422 -0.418 -0.412 -0.418 -0.424 -0.416 -0.405 -0.41 -0.415 -0.43 -0.448 -0.436 -0.422 -0.408 -0.39 -0.391 -0.391 -0.381 -0.367 -0.37 -9999 -9999 -9999 -9999 -9999 -9999 -9999 -9999 -9999 -9999 -9999 -9999 -9999 -9999 -9999 -9999 -9999 -9999 -9999 -9999 -9999 -9999 -9999 -9999
-0.371 -0.375 -0.382 -0.39 -0.39 -0.393 -9999 -0.402 -0.41 -0.419 -0.418 -0.416 -0.424 -0.424 -0.433 -0.439 -0.431 -0.415 -0.411 -0.41 -0.414 -0.416 -0.414 -0.415 -0.419 -0.428 -0.432 -0.433 -0.438 -0.443 -0.439 -0.438 -0.436 -0.432 -0.435 -0.432 -0.428 -0.428 -0.433 -0.433 -0.44 -0.43 -0.423 -0.421 -0.409 -0.397 -0.398 -0.397 -0.386 -0.369 -9999 -9999 -9999 -9999 -9999 -9999 -9999 -9999 -9999 -9999 -9999 -9999 -9999 -9999 -9999 -9999 -9999 -9999 -9999 -9999 -9999 -9999 -9999 -9999 -9999
-9999 -9999 -9999 -0.381 -0.386 -9999 -0.395 -0.403 -0.411 -0.419 -0.418 -0.417 -0.417 -0.417 -0.422 -0.428 -0.413 -0.397 -0.396 -0.394 -0.397 -0.4 -0.402 -0.404 -0.413 -0.422 -0.424 -0.425 -0.431 -0.437 -0.437 -0.437 -0.436 -0.433 -0.432 -0.429 -0.431 -0.432 -0.434 -0.435 -0.428 -0.419 -0.418 -0.416 -0.407 -0.395 -0.396 -0.395 -0.383 -0.367 -9999 -9999 -9999 -9999 -9999 -9999 -9999 -9999 -9999 -9999 -9999 -9999 -9999 -9999 -9999 -9999 -9999 -9999 -9999 -9999 -9999 -9999 -9999 -9999 -9999
-9999 -9999 -0.379 -0.377 -9999 -0.387 -0.392 -9999 -0.405 -0.407 -0.409 -0.415 -0.411 -0.404 -0.402 -0.392 -0.381 -0.376 -0.378 -0.388 -0.389 -0.385 -0.391 -0.4 -0.411 -0.424 -0.427 -0.425 -0.432 -0.437 -0.433 -0.421 -0.425 -0.438 -0.436 -0.428 -0.435 -0.448 -0.453 -0.457 -0.448 -0.427 -0.427 -0.422 -0.412 -0.394 -0.393 -0.387 -0.376 -0.365 -9999 -9999 -9999 -9999 -9999 -9999 -9999 -9999 -9999 -9999 -9999 -9999 -9999 -9999 -9999 -9999 -9999 -9999 -9999 -9999 -9999 -9999 -9999 -9999 -9999
-9999 -9999 -0.374 -9999 -9999 -0.384 -0.389 -0.395 -0.395 -0.394 -0.398 -0.401 -0.394 -0.386 -0.377 -0.367 -0.363 -0.358 -0.366 -0.375 -0.374 -0.37 -0.38 -0.389 -0.402 -0.416 -0.416 -0.416 -0.422 -0.427 -0.419 -0.408 -0.42 -0.433 -0.429 -0.423 -0.435 -0.449 -0.454 -0.459 -0.445 -0.426 -0.424 -0.42 -0.407 -0.39 -0.386 -0.381 -0.373 -0.362 -9999 -9999 -9999 -9999 -9999 -9999 -9999 -9999 -9999 -9999 -9999 -9999 -9999 -9999 -9999 -9999 -9999 -9999 -9999 -9999 -9999 -9999 -9999 -9999 -9999
-9999 -9999 -9999 -9999 -9999 -9999 -0.376 -0.377 -0.381 -0.398 -0.392 -0.37 -0.369 -0.38 -0.371 -0.355 -0.355 -0.359 -0.363 -0.359 -0.363 -0.375 -0.384 -0.389 -0.396 -0.393 -0.395 -0.399 -0.404 -0.408 -0.406 -0.411 -0.42 -0.42 -0.43 -0.458 -0.464 -0.451 -0.455 -0.456 -0.445 -0.434 -0.432 -0.426 -0.421 -0.425 -0.416 -0.388 -0.376 -9999 -9999 -9999 -9999 -9999 -9999 -9999 -9999 -9999 -9999 -9999 -9999 -9999 -9999 -9999 -9999 -9999 -9999 -9999 -9999 -9999 -9999 -9999 -9999 -9999 -9999
-9999 -9999 -9999 -9999 -0.37 -0.361 -9999 -0.358 -0.371 -0.388 -0.37 -0.349 -0.358 -0.37 -0.357 -0.343 -0.347 -0.352 -0.349 -0.345 -0.356 -0.368 -0.375 -0.38 -0.379 -0.376 -0.381 -0.384 -0.389 -0.392 -0.398 -0.404 -0.405 -0.406 -0.433 -0.464 -0.458 -0.446 -0.449 -0.45 -0.443 -0.433 -0.429 -0.424 -0.429 -0.434 -0.414 -0.388 -0.368 -9999 -9999 -9999 -9999 -9999 -9999 -9999 -9999 -9999 -9999 -9999 -9999 -9999 -9999 -9999 -9999 -9999 -9999 -9999 -9999 -9999 -9999 -9999 -9999 -9999 -9999
-9999 -9999 -9999 -0.363 -0.354 -0.356 -0.356 -0.361 -0.365 -0.356 -0.346 -0.348 -0.352 -0.345 -0.34 -0.343 -0.346 -0.346 -0.346 -0.35 -0.362 -0.375 -0.382 -0.386 -0.38 -0.358 -0.363 -0.37 -0.372 -0.37 -0.375 -0.378 -0.385 -0.403 -0.423 -0.432 -0.431 -0.436 -0.44 -0.446 -0.44 -0.434 -0.429 -0.419 -0.422 -0.422 -0.403 -0.379 -9999 -9999 -9999 -9999 -9999 -9999 -9999 -9999 -9999 -9999 -9999 -9999 -9999 -9999 -9999 -9999 -9999 -9999 -9999 -9999 -9999 -9999 -9999 -9999 -9999 -9999 -9999
-9999 -9999 -9999 -0.348 -9999 -0.345 -0.348 -0.354 -0.345 -0.336 -0.338 -0.34 -0.334 -0.329 -0.332 -0.336 -0.336 -0.336 -0.34 -0.345 -0.356 -0.37 -0.375 -0.381 -0.365 -0.344 -0.35 -0.357 -0.357 -0.355 -0.359 -0.362 -0.378 -0.396 -0.403 -0.411 -0.419 -0.424 -0.433 -0.44 -0.436 -0.43 -0.423 -0.413 -0.414 -0.414 -0.396 -0.373 -9999 -9999 -9999 -9999 -9999 -9999 -9999 -9999 -9999 -9999 -9999 -9999 -9999 -9999 -9999 -9999 -9999 -9999 -9999 -9999 -9999 -9999 -9999 -9999 -9999 -9999 -9999
-9999 -9999 -9999 -9999 -9999 -0.346 -0.344 -0.336 -0.329 -0.323 -0.323 -0.321 -0.319 -0.325 -0.325 -0.32 -0.325 -0.339 -0.338 -0.327 -0.335 -0.34 -0.345 -0.349 -0.342 -0.346 -0.351 -0.352 -0.352 -0.351 -0.355 -0.36 -0.371 -0.375 -0.384 -0.398 -0.407 -0.419 -0.43 -0.443 -0.44 -0.428 -0.42 -0.406 -0.4 -0.38 -0.367 -0.363 -9999 -9999 -9999 -9999 -9999 -9999 -9999 -9999 -9999 -9999 -9999 -9999 -9999 -9999 -9999 -9999 -9999 -9999 -9999 -9999 -9999 -9999 -9999 -9999 -9999 -9999 -9999
-9999 -9999 -9999 -0.324 -0.328 -0.338 -0.33 -0.321 -0.316 -0.311 -0.309 -0.306 -9999 -0.317 -0.312 -0.307 -0.319 -0.333 -0.324 -0.313 -0.317 -0.322 -0.326 -0.33 -0.335 -0.34 -0.342 -0.343 -0.343 -0.343 -0.348 -0.353 -0.357 -0.36 -0.373 -0.386 -0.398 -0.409 -0.423 -0.437 -0.432 -0.424 -0.414 -0.401 -0.384 -0.364 -0.362 -0.356 -9999 -9999 -9999 -9999 -9999 -9999 -9999 -9999 -9999 -9999 -9999 -9999 -9999 -9999 -9999 -9999 -9999 -9999 -9999 -9999 -9999 -9999 -9999 -9999 -9999 -9999 -9999
-0.331 -0.327 -0.32 -9999 -0.328 -0.316 -0.309 -0.305 -0.301 -0.299 -0.297 -9999 -0.299 -0.298 -0.302 -0.319 -0.323 -0.314 -0.309 -0.308 -0.312 -0.315 -0.322 -0.335 -0.337 -0.33 -0.334 -0.339 -0.334 -0.317 -0.324 -0.337 -0.344 -0.357 -0.37 -0.387 -0.399 -0.41 -0.415 -0.405 -0.403 -0.402 -0.396 -0.389 -0.377 -0.369 -0.358 -9999 -9999 -9999 -9999 -9999 -9999 -9999 -9999 -9999 -9999 -9999 -9999 -9999 -9999 -9999 -9999 -9999 -9999 -9999 -9999 -9999 -9999 -9999 -9999 -9999 -9999 -9999 -9999
-0.323 -0.315 -0.319 -0.328 -9999 -0.301 -0.296 -0.292 -0.29 -0.288 -0.287 -0.286 -0.286 -0.285 -0.299 -0.316 -0.309 -0.3 -0.3 -0.3 -0.302 -0.305 -0.317 -0.33 -0.326 -0.319 -0.325 -0.331 -0.318 -0.301 -0.313 -0.326 -0.337 -0.349 -0.364 -0.381 -0.392 -0.404 -0.397 -0.386 -0.388 -0.388 -0.386 -0.381 -0.376 -9999 -9999 -9999 -9999 -9999 -9999 -9999 -9999 -9999 -9999 -9999 -9999 -9999 -9999 -9999 -9999 -9999 -9999 -9999 -9999 -9999 -9999 -9999 -9999 -9999 -9999 -9999 -9999 -9999 -9999
-9999 -9999 -0.321 -9999 -0.308 -0.306 -0.297 -0.282 -0.276 -9999 -9999 -0.277 -0.279 -0.285 -0.289 -0.276 -0.278 -0.3 -0.3 -0.297 -0.302 -0.31 -0.318 -0.315 -0.317 -0.329 -0.329 -0.312 -0.31 -0.324 -0.334 -0.336 -0.344 -0.347 -0.357 -0.36 -0.373 -0.389 -0.384 -0.377 -0.376 -0.369 -0.369 -0.368 -9999 -9999 -9999 -9999 -9999 -9999 -9999 -9999 -9999 -9999 -9999 -9999 -9999 -9999 -9999 -9999 -9999 -9999 -9999 -9999 -9999 -9999 -9999 -9999 -9999 -9999 -9999 -9999 -9999 -9999 -9999
-0.318 -9999 -0.313 -0.308 -0.306 -0.304 -0.288 -0.272 -9999 -9999 -0.259 -0.268 -0.273 -0.278 -0.267 -0.254 -0.272 -0.293 -0.292 -0.289 -0.296 -0.305 -0.304 -0.302 -0.314 -0.326 -0.314 -0.298 -0.312 -0.327 -0.331 -0.334 -0.337 -0.34 -0.344 -0.347 -0.361 -0.377 -0.374 -0.368 -0.363 -0.355 -0.358 -0.359 -0.361 -9999 -9999 -9999 -9999 -9999 -9999 -9999 -9999 -9999 -9999 -9999 -9999 -9999 -9999 -9999 -9999 -9999 -9999 -9999 -9999 -9999 -9999 -9999 -9999 -9999 -9999 -9999 -9999 -9999 -9999
-0.31 -0.318 -0.312 -0.304 -0.299 -0.289 -0.28 -9999 -9999 -0.266 -0.266 -0.268 -0.274 -0.283 -0.281 -0.286 -0.3 -0.305 -0.298 -0.275 -0.281 -0.29 -0.299 -0.324 -0.334 -0.338 -0.328 -0.312 -0.324 -0.331 -0.332 -0.323 -0.327 -0.331 -0.333 -0.331 -0.345 -0.358 -0.357 -0.356 -0.352 -0.343 -0.349 -0.358 -9999 -9999 -9999 -9999 -9999 -9999 -9999 -9999 -9999 -9999 -9999 -9999 -9999 -9999 -9999 -9999 -9999 -9999 -9999 -9999 -9999 -9999 -9999 -9999 -9999 -9999 -9999 -9999 -9999 -9999 -9999
-0.305 -0.313 -9999 -9999 -0.289 -0.279 -9999 -9999 -9999 -0.273 -0.268 -0.261 -0.269 -0.278 -0.284 -0.291 -0.296 -0.301 -0.284 -0.262 -0.269 -0.277 -0.3 -0.325 -0.33 -0.334 -0.323 -0.308 -0.315 -0.323 -0.318 -0.31 -0.314 -0.319 -0.318 -0.316 -0.328 -0.341 -0.343 -0.342 -0.337 -0.329 -0.338 -0.347 -9999 -9999 -9999 -9999 -9999 -9999 -9999 -9999 -9999 -9999 -9999 -9999 -9999 -9999 -9999 -9999 -9999 -9999 -9999 -9999 -9999 -9999 -9999 -9999 -9999 -9999 -9999 -9999 -9999 -9999 -9999
-9999 -0.299 -0.293 -0.29 -9999 -9999 -9999 -9999 -0.24 -0.237 -0.238 -0.264 -0.268 -0.265 -0.274 -0.289 -0.295 -0.301 -0.288 -0.274 -0.286 -0.305 -0.321 -0.323 -0.326 -0.323 -0.315 -0.307 -0.316 -0.328 -0.327 -0.325 -0.328 -0.321 -0.321 -0.315 -0.318 -0.304 -0.307 -0.317 -0.32 -0.335 -0.338 -9999 -9999 -9999 -9999 -9999 -9999 -9999 -9999 -9999 -9999 -9999 -9999 -9999 -9999 -9999 -9999 -9999 -9999 -9999 -9999 -9999 -9999 -9999 -9999 -9999 -9999 -9999 -9999 -9999 -9999 -9999 -9999
