Validation/Results/ReClimate_10_2023_2weatherlogisticsltd.asc
NCOLS 192
NROWS 249
XLLCENTER -225160.85627316462
YLLCENTER 29788.11610251502
CELLSIZE 5000.0
NODATA_VALUE -9999
[rows 198 to 230 of 249, columns 74 to 147 of 192]
-9999 -9999 -9999 -9999 -9999 -9999 -9999 -9999 -9999 -9999 -9999 -9999 -9999 -9999 -9999 -9999 -9999 -9999 101.409 101.414 101.412 101.413 101.415 101.419 101.424 101.431 101.44 101.451 101.466 101.488 101.481 101.474 101.476 101.479 101.499 101.536 101.595 101.666 101.736 101.802 101.866 101.921 101.976 102.027 102.078 102.128 102.173 102.221 102.269 102.32 102.376 102.43 102.517 102.611 102.707 102.806 102.909 103.006 103.092 103.177 103.267 103.325 103.362 103.399 103.439 103.481 103.526 103.574 103.623 103.669 103.699 103.709 103.707 103.673
-9999 -9999 -9999 -9999 -9999 -9999 -9999 -9999 -9999 -9999 -9999 -9999 -9999 -9999 -9999 101.327 101.327 101.325 101.325 101.326 101.328 101.331 101.336 101.342 101.349 101.357 101.362 101.39 101.461 101.433 101.364 101.364 101.354 101.361 101.406 101.434 101.479 101.55 101.622 101.693 101.76 101.824 101.881 101.935 101.988 102.039 102.091 102.142 102.185 102.226 102.267 102.31 102.365 102.445 102.536 102.631 102.728 102.823 102.92 103.01 103.097 103.174 103.215 103.248 103.283 103.321 103.362 103.407 103.454 103.49 103.513 103.527 103.524 103.485
-9999 -9999 -9999 -9999 -9999 -9999 -9999 -9999 -9999 -9999 -9999 -9999 -9999 101.227 101.225 101.225 101.221 101.219 101.227 101.233 101.24 101.246 101.254 101.262 101.268 101.268 101.268 101.299 101.29 101.258 101.269 101.272 101.281 101.322 101.322 101.342 101.381 101.435 101.506 101.579 101.651 101.719 101.784 101.839 101.891 101.94 101.984 102.022 102.06 102.099 102.14 102.18 102.223 102.272 102.347 102.436 102.528 102.62 102.714 102.815 102.918 103.011 103.069 103.1 103.132 103.166 103.197 103.226 103.25 103.271 103.283 103.293 103.294 103.276
-9999 -9999 -9999 -9999 -9999 -9999 -9999 -9999 -9999 101.314 101.233 101.21 101.186 101.128 101.116 101.118 101.115 101.116 101.122 101.135 101.147 101.157 101.168 101.174 101.168 101.17 101.17 101.169 101.196 101.195 101.178 101.194 101.225 101.228 101.241 101.262 101.289 101.333 101.396 101.468 101.54 101.612 101.679 101.738 101.779 101.81 101.84 101.874 101.907 101.946 101.988 101.935 101.775 101.99 102.174 102.242 102.324 102.258 102.346 102.529 102.664 102.793 102.886 102.927 102.958 102.983 103.006 103.024 103.038 103.048 103.055 103.057 103.049 103.027
-9999 -9999 -9999 -9999 -9999 -9999 -9999 -9999 101.292 101.23 101.169 101.104 101.046 101.007 101.004 101.01 101.012 101.012 101.018 101.032 101.049 101.063 101.071 101.066 101.063 101.065 101.061 101.073 101.064 101.061 101.092 101.113 101.133 101.14 101.16 101.182 101.206 101.241 101.289 101.359 101.431 101.499 101.562 101.609 101.645 101.67 101.698 101.72 101.73 101.774 101.835 101.749 101.817 101.827 102.015 102.066 102.121 102.257 102.236 102.328 102.415 102.524 102.648 102.709 102.742 102.773 102.801 102.819 102.828 102.834 102.836 102.826 102.806 102.781
-9999 -9999 -9999 -9999 -9999 -9999 -9999 101.296 101.215 101.119 101.04 100.974 100.917 100.885 100.888 100.9 100.907 100.91 100.916 100.925 100.945 100.958 100.956 100.956 100.958 100.86 100.573 100.449 100.143 100.367 101.007 101.025 101.038 101.056 101.077 101.099 101.127 101.155 101.195 101.243 101.308 101.371 101.425 101.475 101.51 101.539 101.563 101.58 101.611 101.655 101.69 101.481 101.237 101.706 101.858 101.905 101.953 101.976 102.009 102.055 102.076 102.223 102.385 102.472 102.515 102.544 102.573 102.601 102.62 102.624 102.618 102.601 102.575 102.547
-9999 -9999 -9999 -9999 -9999 101.359 -9999 101.206 101.095 101.005 100.929 100.866 100.811 100.781 100.786 100.801 100.812 100.819 100.824 100.833 100.84 100.844 100.848 100.854 100.86 100.717 100.713 100.665 101.071 101.311 100.92 100.935 100.952 100.972 100.993 101.018 101.045 101.073 101.095 101.13 101.172 101.23 101.287 101.337 101.373 101.401 101.431 101.459 101.488 101.518 101.55 101.593 101.28 101.481 101.709 101.752 101.797 101.739 101.719 101.778 101.785 101.916 102.139 102.223 102.287 102.322 102.348 102.37 102.39 102.407 102.404 102.386 102.358 102.329
-9999 -9999 -9999 -9999 -9999 -9999 -9999 -9999 -9999 100.896 100.826 100.766 100.713 100.686 100.693 100.711 100.726 100.737 100.745 100.746 100.733 100.727 100.744 100.753 100.762 100.776 100.769 100.989 101.02 100.817 100.831 100.84 100.844 100.883 100.908 100.932 100.955 100.974 100.994 101.015 101.045 101.084 101.14 101.186 101.222 101.26 101.295 101.236 101.004 101.119 101.415 101.453 101.489 101.47 101.565 101.606 101.648 101.691 101.673 101.722 101.745 101.752 101.927 101.996 102.025 102.09 102.133 102.149 102.164 102.176 102.182 102.177 102.153 102.123
-9999 -9999 -9999 -9999 -9999 -9999 -9999 -9999 -9999 100.788 100.714 100.66 100.618 100.592 100.601 100.624 100.642 100.656 100.662 100.626 100.557 100.571 100.637 100.65 100.663 100.675 100.687 100.699 100.712 100.726 100.741 100.747 100.777 100.799 100.819 100.836 100.852 100.87 100.888 100.905 100.924 100.953 100.985 101.028 101.069 101.112 101.155 101.01 100.899 101.096 101.281 101.313 101.347 101.386 101.425 101.465 101.505 101.547 101.589 101.607 101.589 101.608 101.666 101.737 101.83 101.869 101.955 101.983 101.991 101.997 101.997 101.994 101.989 101.97
-9999 -9999 -9999 -9999 -9999 -9999 -9999 100.864 100.759 100.683 100.621 -9999 100.521 100.495 100.507 100.535 100.557 100.606 -9999 100.636 100.557 100.563 100.528 100.508 100.454 100.499 100.59 100.604 100.619 100.633 100.648 100.666 100.685 100.704 100.717 100.702 100.635 100.675 100.778 100.795 100.812 100.829 100.852 100.876 100.916 100.963 101.012 100.865 100.535 100.749 101.108 101.165 101.212 101.249 101.288 101.327 101.367 101.475 101.457 101.386 101.245 101.325 101.429 101.58 101.72 101.725 101.663 101.786 101.858 101.86 101.857 101.853 101.847 101.846
-9999 -9999 -9999 -9999 -9999 -9999 -9999 100.756 -9999 -9999 -9999 100.473 100.424 100.4 -9999 -9999 -9999 -9999 -9999 100.442 100.218 100.248 100.445 100.379 100.316 100.394 100.491 100.507 100.523 100.538 100.554 100.571 100.588 100.598 100.609 100.623 100.761 100.786 100.668 100.684 100.701 100.716 100.728 100.746 100.773 100.814 100.866 100.745 100.824 101.017 100.996 101.029 101.077 101.114 101.153 101.192 101.231 101.181 101.175 101.039 100.961 101.056 101.27 101.42 101.618 101.59 101.647 101.66 101.734 101.736 101.733 101.728 101.722 101.721
-9999 -9999 -9999 -9999 -9999 -9999 -9999 -9999 -9999 100.483 100.428 100.378 100.335 100.306 -9999 -9999 -9999 -9999 -9999 -9999 -9999 -9999 100.366 100.335 100.353 100.394 100.39 100.408 100.425 100.441 100.458 100.472 100.48 100.488 100.499 100.578 100.597 100.54 100.557 100.573 100.589 100.603 100.615 100.628 100.652 100.686 100.723 100.786 100.804 100.824 100.882 100.912 100.944 100.979 101.018 101.057 101.097 101.122 101.105 101.136 101.129 101.16 101.303 101.311 101.409 101.221 101.211 101.52 101.613 101.619 101.616 101.611 101.604 101.604
-9999 -9999 -9999 -9999 -9999 -9999 -9999 -9999 -9999 -9999 100.328 -9999 -9999 -9999 -9999 -9999 -9999 -9999 -9999 -9999 100.23 100.285 100.286 100.291 100.273 100.271 100.299 100.308 100.324 100.342 100.357 100.364 100.368 100.376 100.387 100.399 100.413 100.429 100.446 100.463 100.479 100.492 100.503 -9999 100.543 100.574 100.607 100.622 100.646 100.706 100.749 100.78 100.811 100.844 100.883 100.923 100.962 100.991 101.025 101.085 101.144 101.196 101.25 101.26 101.32 101.294 101.179 101.347 101.49 101.505 101.505 101.501 101.495 101.495
-9999 -9999 -9999 -9999 -9999 -9999 -9999 -9999 -9999 -9999 -9999 -9999 -9999 -9999 -9999 -9999 -9999 -9999 -9999 -9999 100.194 100.198 100.202 100.197 -9999 -9999 -9999 100.329 100.421 100.378 100.249 100.251 100.255 100.263 100.272 100.284 100.3 100.318 100.336 100.353 100.369 100.382 -9999 100.408 100.441 100.436 100.355 100.407 100.543 100.581 100.617 100.646 100.677 100.71 100.746 100.786 100.831 100.877 100.918 100.382 100.2 100.754 101.047 101.02 101.121 101.215 101.179 101.301 101.342 101.375 101.397 101.395 101.214 101.203
-9999 -9999 -9999 -9999 -9999 -9999 -9999 -9999 -9999 -9999 -9999 -9999 -9999 -9999 -9999 -9999 -9999 -9999 -9999 -9999 -9999 -9999 -9999 -9999 -9999 -9999 -9999 100.098 99.887 99.895 100.145 100.14 100.141 100.148 100.157 100.169 100.188 100.208 100.227 100.244 -9999 -9999 100.281 100.302 100.339 100.301 100.285 100.364 100.384 100.431 100.495 100.523 100.548 100.577 100.614 100.66 100.707 100.757 100.807 100.827 100.219 100.436 100.892 100.905 100.932 100.991 100.888 101.019 101.11 101.079 100.741 100.752 100.835 100.856
-9999 -9999 -9999 -9999 -9999 -9999 -9999 -9999 -9999 -9999 -9999 -9999 -9999 -9999 -9999 -9999 -9999 -9999 -9999 -9999 -9999 -9999 -9999 -9999 -9999 -9999 -9999 100.074 99.936 100.144 100.352 100.347 100.373 100.335 100.219 100.187 100.058 -9999 -9999 -9999 -9999 -9999 100.031 100.092 100.238 100.25 100.282 100.309 100.339 100.389 100.414 100.374 100.252 100.389 100.486 100.547 100.597 100.642 100.69 100.741 100.773 100.632 100.822 100.765 100.818 100.949 100.931 100.933 101.015 101.022 100.791 100.701 100.969 100.894
-9999 -9999 -9999 -9999 -9999 -9999 -9999 -9999 -9999 -9999 -9999 -9999 -9999 -9999 -9999 -9999 -9999 -9999 -9999 -9999 -9999 -9999 -9999 -9999 -9999 -9999 -9999 -9999 -9999 99.929 99.909 99.913 99.904 99.868 99.955 99.983 -9999 -9999 -9999 -9999 100.04 100.006 100.051 100.129 100.135 100.173 100.208 100.244 100.278 100.313 100.348 100.315 100.347 100.395 100.432 100.478 100.526 100.567 100.612 100.66 100.71 100.739 100.779 100.719 100.601 100.721 100.801 100.84 100.938 100.975 100.706 100.704 101.052 101.005
-9999 -9999 -9999 -9999 -9999 -9999 -9999 -9999 -9999 -9999 -9999 -9999 -9999 -9999 -9999 -9999 -9999 -9999 -9999 -9999 -9999 -9999 -9999 -9999 -9999 -9999 -9999 -9999 -9999 -9999 99.824 99.832 99.88 99.957 100.035 -9999 -9999 -9999 -9999 99.944 99.777 99.847 99.998 100.009 100.051 100.09 100.126 100.166 100.206 100.231 100.217 100.178 100.236 100.417 100.403 100.432 100.467 100.425 100.371 100.488 100.597 100.675 100.714 100.655 100.527 100.507 100.579 100.807 100.97 101.031 101.076 100.91 101.123 100.822
-9999 -9999 -9999 -9999 -9999 -9999 -9999 -9999 -9999 -9999 -9999 -9999 -9999 -9999 -9999 -9999 -9999 -9999 -9999 -9999 -9999 -9999 -9999 -9999 -9999 -9999 -9999 -9999 -9999 -9999 -9999 -9999 -9999 -9999 -9999 -9999 -9999 -9999 99.538 99.75 99.64 99.766 99.906 99.935 99.977 100.006 100.016 100.069 100.142 100.142 100.133 100.107 100.098 100.275 100.35 100.381 100.413 100.374 100.334 100.401 100.515 100.583 100.621 100.552 100.515 100.556 100.581 100.739 100.974 101.016 101.059 101.098 101.128 100.846
-9999 -9999 -9999 -9999 -9999 -9999 -9999 -9999 -9999 -9999 -9999 -9999 -9999 -9999 -9999 -9999 -9999 -9999 -9999 -9999 -9999 -9999 -9999 -9999 -9999 -9999 -9999 -9999 -9999 -9999 -9999 -9999 -9999 -9999 -9999 -9999 -9999 99.809 99.776 99.721 99.733 99.797 99.756 99.802 99.904 99.93 99.974 100.037 100.088 100.11 100.144 100.14 100.171 100.135 100.196 100.298 100.36 100.382 100.369 100.299 100.248 100.451 100.625 100.654 100.653 100.533 100.438 100.413 100.571 100.844 101.001 101.028 101.055 100.787
-9999 -9999 -9999 -9999 -9999 -9999 -9999 -9999 -9999 -9999 -9999 -9999 -9999 -9999 -9999 -9999 -9999 -9999 -9999 -9999 -9999 -9999 -9999 -9999 -9999 -9999 -9999 -9999 -9999 -9999 -9999 -9999 -9999 -9999 -9999 -9999 -9999 99.693 99.699 99.71 99.729 99.703 99.683 99.756 99.831 99.878 99.925 99.965 99.994 100.045 100.106 100.145 100.178 100.132 100.057 100.192 100.307 100.332 100.354 100.303 100.149 100.302 100.575 100.63 100.684 100.592 100.504 100.52 100.458 100.67 100.943 101.006 101.047 101.03
-9999 -9999 -9999 -9999 -9999 -9999 -9999 -9999 -9999 -9999 -9999 -9999 -9999 -9999 -9999 -9999 -9999 -9999 -9999 -9999 -9999 -9999 -9999 -9999 99.367 99.382 99.841 99.743 -9999 99.556 -9999 -9999 -9999 -9999 -9999 -9999 -9999 -9999 99.623 99.642 99.66 99.684 99.776 99.788 99.769 99.821 99.875 99.817 99.581 99.665 99.82 99.997 100.031 100.041 100.024 100.109 100.243 100.235 100.232 100.292 100.244 100.141 100.23 100.179 100.118 100.083 100.099 100.518 100.712 100.723 100.889 100.955 101.01 101.054
-9999 -9999 -9999 -9999 -9999 -9999 -9999 -9999 -9999 -9999 -9999 -9999 -9999 -9999 -9999 -9999 -9999 -9999 -9999 -9999 -9999 99.226 99.264 99.275 99.26 99.461 99.806 99.655 99.464 99.47 99.475 99.489 -9999 -9999 99.517 99.526 99.522 99.534 99.554 99.572 99.589 99.572 99.365 99.425 99.654 99.707 99.781 99.688 99.733 99.791 99.696 99.836 99.952 99.927 99.967 100.066 100.184 100.111 100.0 100.095 100.245 100.231 100.196 100.186 100.19 100.241 100.162 100.375 100.706 100.774 100.839 100.905 100.963 101.006
-9999 -9999 -9999 -9999 -9999 -9999 -9999 -9999 -9999 -9999 -9999 -9999 -9999 -9999 -9999 -9999 -9999 -9999 -9999 -9999 99.08 99.106 99.147 99.184 99.227 99.428 99.482 99.388 99.383 99.344 99.181 99.268 99.405 99.413 99.419 99.426 99.441 99.464 99.484 99.502 99.522 99.425 99.445 99.571 99.605 99.666 99.713 99.755 99.808 99.701 99.549 99.743 99.982 99.986 100.025 99.888 99.901 99.971 99.912 100.068 100.253 100.324 100.338 100.368 100.383 100.452 100.522 100.493 100.654 100.721 100.79 100.856 100.889 100.947
-9999 -9999 -9999 -9999 -9999 -9999 -9999 -9999 -9999 -9999 -9999 -9999 -9999 -9999 -9999 -9999 -9999 -9999 -9999 -9999 98.959 98.971 99.017 99.084 99.142 99.18 99.146 99.132 99.168 99.085 99.11 99.223 99.312 99.322 99.33 99.345 99.369 99.394 99.418 99.44 99.46 99.48 99.5 99.522 99.56 99.579 99.54 99.592 99.683 99.597 99.624 99.756 99.943 99.977 100.012 99.919 99.788 99.868 99.917 100.049 100.256 100.299 100.344 100.389 100.408 100.448 100.502 100.549 100.606 100.673 100.741 100.808 100.835 100.882
-9999 -9999 -9999 -9999 -9999 -9999 -9999 -9999 -9999 -9999 -9999 -9999 -9999 -9999 -9999 -9999 -9999 -9999 -9999 -9999 98.807 98.826 98.875 98.973 99.108 99.101 99.07 99.105 99.103 99.117 99.134 99.196 99.214 99.229 99.254 99.279 99.305 99.333 99.358 99.38 99.399 99.417 99.436 99.353 99.078 99.136 99.367 99.45 99.531 99.561 99.651 99.68 99.577 99.695 99.738 99.789 99.772 99.935 100.055 99.952 99.885 100.116 100.292 100.334 100.37 100.393 100.44 100.492 100.556 100.624 100.693 100.761 100.824 100.852
-9999 -9999 -9999 -9999 -9999 -9999 -9999 -9999 -9999 -9999 -9999 -9999 -9999 -9999 -9999 -9999 98.653 98.66 -9999 98.66 98.66 98.674 98.74 98.782 98.633 98.707 98.964 98.964 99.023 99.045 99.069 99.099 99.129 99.165 99.195 99.221 99.247 99.272 99.298 99.32 99.339 99.356 99.374 99.142 98.894 99.056 99.2 99.295 99.416 99.489 99.552 99.671 99.535 99.567 99.632 99.639 99.782 99.92 100.063 100.009 99.97 100.019 100.238 100.278 100.311 100.346 100.393 100.449 100.511 100.576 100.645 100.714 100.778 100.829
-9999 -9999 -9999 -9999 -9999 -9999 -9999 -9999 -9999 -9999 -9999 -9999 -9999 -9999 -9999 -9999 98.316 98.37 98.57 98.567 98.565 98.579 98.611 98.568 98.621 98.79 98.815 98.863 98.901 98.926 98.974 99.022 99.066 99.103 99.136 99.164 99.188 99.212 99.237 99.261 99.282 99.3 99.321 99.202 99.221 99.244 99.094 99.218 99.334 99.4 99.457 99.594 99.744 99.583 99.528 99.481 99.632 99.875 100.008 100.052 100.036 100.112 100.182 100.219 100.255 100.301 100.355 100.416 100.476 100.539 100.604 100.671 100.733 100.784
-9999 -9999 -9999 -9999 -9999 -9999 -9999 -9999 -9999 -9999 -9999 -9999 -9999 -9999 -9999 98.345 98.184 98.339 98.494 98.496 98.496 98.495 98.512 98.541 98.596 98.652 98.696 98.696 98.596 98.686 98.895 98.951 98.998 99.039 99.074 99.104 99.13 99.153 99.176 99.201 99.225 99.247 99.269 99.294 99.32 99.199 99.104 99.201 99.26 99.318 99.403 99.541 99.681 99.632 99.549 99.545 99.591 99.791 99.951 99.997 100.041 100.084 100.124 100.163 100.209 100.263 100.323 100.383 100.444 100.506 100.571 100.637 100.699 100.744
-9999 -9999 -9999 -9999 -9999 -9999 -9999 -9999 -9999 -9999 -9999 -9999 -9999 -9999 -9999 -9999 98.317 98.389 98.433 98.433 98.421 98.421 98.422 98.436 98.458 98.509 98.575 98.563 98.612 98.748 98.81 98.873 98.926 98.933 98.862 98.929 99.069 99.094 99.117 99.14 99.165 99.19 99.215 99.21 99.149 99.032 98.873 98.964 99.102 99.245 99.475 99.516 99.607 99.644 99.637 99.679 99.734 99.785 99.891 99.939 -9999 100.025 100.069 100.118 100.172 100.231 100.291 100.378 100.442 100.484 100.54 100.607 100.669 100.718
-9999 -9999 -9999 -9999 -9999 -9999 -9999 -9999 -9999 -9999 -9999 -9999 -9999 -9999 -9999 98.213 97.853 97.937 98.288 98.298 98.345 98.358 98.369 98.376 98.394 98.42 98.463 98.531 98.592 98.636 98.663 98.751 98.848 98.735 98.476 98.672 99.005 99.032 99.056 99.079 99.102 99.129 99.156 99.135 99.155 99.07 99.1 99.171 99.168 99.345 99.456 99.495 99.528 99.565 99.612 99.667 99.722 99.775 99.827 99.876 99.922 -9999 100.025 -9999 100.141 -9999 100.261 -9999 100.346 100.437 100.511 100.579 100.64 100.688
-9999 -9999 -9999 -9999 -9999 -9999 -9999 -9999 -9999 -9999 -9999 -9999 -9999 -9999 -9999 97.801 97.478 97.778 98.168 98.218 98.319 98.334 98.348 98.36 98.366 98.366 98.36 98.382 98.48 98.52 98.593 98.693 98.76 98.655 98.699 98.901 98.936 98.9 98.732 98.857 99.191 99.176 99.091 99.117 99.141 99.16 99.177 99.129 99.042 99.184 99.375 99.414 99.446 99.481 99.531 99.591 99.649 99.705 99.758 99.811 99.871 -9999 -9999 100.049 100.109 -9999 -9999 100.25 100.274 100.378 -9999 -9999 -9999 -9999
-9999 -9999 -9999 -9999 -9999 -9999 -9999 -9999 -9999 -9999 -9999 -9999 -9999 -9999 97.853 97.988 98.008 98.206 98.12 98.212 98.302 98.317 98.332 98.344 98.35 98.338 98.321 98.367 98.387 98.419 98.495 98.585 98.661 98.723 98.775 98.821 98.86 98.746 98.652 98.845 98.805 98.827 99.021 99.048 99.075 99.078 99.053 98.96 98.865 99.065 99.288 99.328 99.365 99.403 99.452 99.513 99.572 99.629 -9999 -9999 -9999 99.894 -9999 -9999 -9999 -9999 -9999 -9999 100.314 -9999 -9999 -9999 -9999 -9999
