Validation/Results/ReClimate_10_2023_1_Temperature.asc
NCOLS 192
NROWS 249
XLLCENTER -225160.85627316462
YLLCENTER 29788.11610251502
CELLSIZE 5000.0
NODATA_VALUE -9999
[rows 170 to 203 of 249, columns 77 to 153 of 192]
-9999 -9999 -9999 -9999 -9999 -9999 -9999 -9999 -9999 -9999 -9999 -9999 -9999 -9999 -9999 0.081 0.099 -9999 -9999 -9999 -9999 -9999 -9999 -9999 -9999 -9999 -9999 -9999 -9999 -9999 -9999 -9999 -9999 -9999 0.237 0.241 0.245 0.248 0.26 0.274 0.273 0.271 0.282 0.295 0.288 0.278 0.282 0.288 0.303 0.321 0.317 0.311 0.319 0.33 0.32 0.306 0.308 0.309 0.323 0.339 0.346 0.355 0.349 0.342 0.348 0.354 0.351 0.345 0.346 0.347 0.359 0.374 0.376 0.377 0.373 0.364 0.367
-9999 -9999 -9999 -9999 -9999 -9999 -9999 -9999 -9999 -9999 -9999 -9999 -9999 -9999 -9999 0.088 0.106 0.123 -9999 -9999 -9999 -9999 -9999 -9999 -9999 -9999 -9999 -9999 -9999 -9999 -9999 -9999 -9999 0.236 0.238 0.253 0.255 0.251 0.263 0.277 0.277 0.275 0.282 0.282 0.277 0.276 0.283 0.298 0.308 0.31 0.305 0.298 0.313 0.326 0.324 0.315 0.317 0.319 0.327 0.34 0.344 0.352 0.354 0.351 0.347 0.347 0.355 0.356 0.354 0.353 0.362 0.375 0.385 0.391 0.388 0.381 0.386
-9999 -9999 -9999 -9999 -9999 -9999 -9999 -9999 -9999 -9999 -9999 -9999 -9999 -9999 0.093 0.094 0.111 0.128 0.138 -9999 -9999 -9999 -9999 -9999 -9999 -9999 -9999 -9999 -9999 -9999 0.246 -9999 -9999 0.236 0.247 0.258 0.256 0.253 -9999 0.278 0.279 0.277 0.278 0.277 0.277 0.276 0.288 0.303 0.305 0.306 0.301 0.294 0.307 0.324 0.322 0.319 0.321 0.322 0.33 0.341 0.347 0.353 0.355 0.357 0.353 0.347 0.355 0.363 0.362 0.359 0.368 0.379 0.389 0.401 0.399 0.392 0.398
-9999 -9999 -9999 -9999 -9999 -9999 -9999 -9999 -9999 -9999 -9999 -9999 -9999 -9999 0.1 0.111 0.121 0.119 0.126 0.127 0.131 -9999 -9999 -9999 0.164 0.176 -9999 0.216 0.24 0.252 0.253 0.247 -9999 -9999 0.263 0.266 -9999 -9999 0.274 0.271 0.27 0.266 0.268 0.275 0.276 0.278 0.288 0.296 0.294 0.294 0.299 0.299 0.296 0.302 0.309 0.31 0.317 0.321 0.328 0.338 0.327 0.323 0.343 0.354 0.351 0.345 0.353 0.362 0.36 0.357 0.365 0.374 0.379 0.387 0.387 0.382 0.396
-9999 -9999 -9999 -9999 -9999 -9999 -9999 -9999 -9999 -9999 -9999 -9999 -9999 -9999 -9999 0.119 0.12 0.118 0.12 0.121 -9999 -9999 0.151 0.159 0.168 0.179 0.207 0.236 0.247 0.255 0.253 0.25 0.257 -9999 0.267 0.27 0.273 0.274 0.273 0.27 0.267 0.263 0.269 0.276 0.278 0.28 0.286 0.294 0.293 0.291 0.296 0.302 0.299 0.296 0.301 0.307 0.314 0.323 0.33 0.339 0.33 0.316 0.334 0.356 0.353 0.347 0.356 0.365 0.364 0.36 0.368 0.377 0.382 0.387 0.388 0.385 0.398
-9999 -9999 -9999 -9999 -9999 -9999 -9999 -9999 -9999 -9999 -9999 -9999 -9999 -9999 -9999 0.122 0.126 0.128 0.132 0.137 0.142 0.137 0.148 0.162 0.173 0.189 0.219 0.253 0.256 0.243 0.248 0.264 0.272 0.275 0.282 0.294 0.29 0.269 0.272 0.284 0.282 0.277 0.285 0.298 0.303 0.309 0.312 0.308 0.309 0.311 0.313 0.318 0.31 0.304 0.306 0.311 0.316 0.324 0.331 0.339 0.346 0.343 0.346 0.36 0.363 0.362 0.371 0.382 0.383 0.383 0.387 0.394 0.388 0.387 0.397 0.401 0.413
-9999 -9999 -9999 -9999 -9999 -9999 -9999 -9999 -9999 -9999 -9999 -9999 -9999 -9999 -9999 -9999 0.129 0.134 0.14 0.145 0.143 0.139 0.151 0.164 0.178 0.193 0.223 0.258 0.249 0.237 0.254 0.27 0.277 0.281 0.293 0.305 0.29 0.269 0.28 0.292 0.289 0.285 0.296 0.308 0.315 0.322 0.319 0.316 0.318 0.32 0.323 0.325 0.318 0.308 0.311 0.316 0.322 0.328 0.335 0.342 0.348 0.356 0.36 0.364 0.367 0.37 0.38 0.391 0.394 0.395 0.4 0.406 0.401 0.393 0.403 0.412 0.424
-9999 -9999 -9999 -9999 -9999 -9999 -9999 -9999 -9999 -9999 -9999 -9999 -9999 -9999 -9999 -9999 -9999 -9999 0.139 0.156 0.158 0.164 0.175 0.181 0.197 0.217 0.241 0.257 0.254 0.258 0.275 0.289 0.293 0.289 0.298 0.3 0.288 0.277 0.284 0.283 0.281 0.282 0.291 0.296 0.302 0.31 0.31 0.316 0.317 0.316 0.317 0.318 0.322 0.32 0.324 0.33 0.328 0.33 0.344 0.356 0.358 0.362 0.363 0.365 0.374 0.379 0.383 0.391 0.394 0.395 0.398 0.402 0.398 0.39 0.406 0.417 0.423
-9999 -9999 -9999 -9999 -9999 -9999 -9999 -9999 -9999 -9999 -9999 -9999 -9999 -9999 -9999 -9999 -9999 0.13 0.145 0.161 0.169 0.176 0.182 0.188 0.206 0.226 0.241 0.257 0.263 0.268 0.282 0.296 0.295 0.292 0.296 0.298 0.292 0.282 0.282 0.281 0.283 0.284 0.288 0.293 0.3 0.307 0.312 0.317 0.317 0.316 0.317 0.317 0.321 0.327 0.333 0.339 0.338 0.335 0.349 0.366 0.368 0.369 0.37 0.37 0.378 0.387 0.391 0.395 0.399 0.401 0.404 0.406 0.403 0.396 0.41 0.425 0.43
-9999 -9999 -9999 -9999 -9999 -9999 -9999 -9999 -9999 -9999 -9999 -9999 -9999 -9999 -9999 -9999 0.126 0.133 0.146 0.155 0.161 0.165 0.173 0.184 0.203 0.228 0.242 0.256 0.263 0.271 0.275 0.258 0.262 0.278 0.282 0.287 0.284 0.285 0.289 0.299 0.299 0.291 0.295 0.294 0.301 0.31 0.311 0.306 0.305 0.306 0.317 0.323 0.33 0.338 0.337 0.339 0.342 0.342 0.352 0.365 0.368 0.368 0.376 0.38 0.381 0.386 0.393 0.4 0.401 0.402 0.411 0.417 0.423 0.424 0.43 0.44 0.438
-9999 -9999 -9999 -9999 -9999 -9999 -9999 -9999 -9999 -9999 -9999 -9999 -9999 -9999 -9999 0.123 0.13 0.136 0.145 0.154 0.158 0.162 0.172 0.185 0.207 0.23 0.243 0.257 0.264 0.273 0.261 0.243 0.258 0.273 0.278 0.283 0.286 0.288 0.298 0.308 0.303 0.296 0.297 0.297 0.304 0.312 0.308 0.304 0.305 0.306 0.316 0.329 0.337 0.346 0.346 0.344 0.347 0.349 0.358 0.37 0.372 0.373 0.38 0.388 0.39 0.391 0.399 0.407 0.409 0.409 0.418 0.428 0.434 0.44 0.447 0.451 0.449
-9999 -9999 -9999 -9999 -9999 -9999 -9999 -9999 -9999 -9999 -9999 -9999 -9999 0.118 0.122 0.13 0.139 0.151 0.155 0.152 0.157 0.163 0.176 0.192 0.208 0.216 0.228 0.243 0.252 0.267 0.266 0.278 0.284 0.269 0.272 0.27 0.276 0.289 0.296 0.299 0.298 0.304 0.302 0.294 0.301 0.308 0.305 0.301 0.302 0.303 0.309 0.319 0.339 0.355 0.349 0.343 0.357 0.366 0.363 0.367 0.376 0.382 0.382 0.385 0.388 0.39 0.393 0.398 0.419 0.431 0.432 0.437 0.455 0.468 0.457 0.455 -9999
-9999 -9999 -9999 -9999 -9999 -9999 -9999 -9999 -9999 -9999 -9999 -9999 0.121 0.122 0.13 0.133 -9999 -9999 -9999 -9999 0.158 0.167 0.182 0.197 0.205 0.212 0.225 0.238 0.251 0.266 0.279 0.292 0.282 0.268 0.268 0.266 0.278 0.29 0.294 0.297 0.303 0.309 0.303 0.295 0.302 0.31 0.307 0.303 0.304 0.305 0.311 0.32 0.339 0.362 0.356 0.347 0.361 0.377 0.375 0.371 0.379 0.389 0.39 0.389 0.393 0.396 0.399 0.402 0.422 0.446 0.449 0.449 0.466 0.485 0.473 0.457 0.46
-9999 -9999 -9999 -9999 -9999 -9999 -9999 -9999 -9999 -9999 -9999 -9999 0.121 0.118 0.125 -9999 -9999 -9999 -9999 -9999 0.156 0.164 0.185 0.221 0.226 0.222 0.227 0.219 0.231 0.25 0.259 0.264 0.261 0.27 0.273 0.282 0.288 0.284 0.294 0.315 0.314 0.297 0.296 0.304 0.307 0.304 0.306 0.318 0.317 0.309 0.319 0.33 0.337 0.353 0.364 0.365 0.356 0.357 0.371 0.375 0.39 0.403 0.398 0.395 0.399 0.403 0.406 0.408 0.415 0.431 0.452 0.463 0.468 0.477 0.477 0.467 0.458
-9999 -9999 -9999 -9999 -9999 -9999 -9999 -9999 -9999 -9999 -9999 -9999 -9999 -9999 0.127 -9999 -9999 -9999 -9999 -9999 0.181 0.165 0.196 0.232 0.23 0.227 0.222 0.214 0.229 0.246 0.251 0.255 0.264 0.273 0.281 0.29 0.288 0.283 0.302 0.323 0.311 0.295 0.303 0.31 0.308 0.305 0.315 0.326 0.321 0.314 0.324 0.337 0.345 0.353 0.363 0.375 0.367 0.355 0.367 0.381 0.395 0.412 0.409 0.403 0.408 0.413 0.416 0.419 0.427 0.434 0.455 0.477 0.48 0.48 0.479 0.478 0.469
-9999 -9999 -9999 -9999 -9999 -9999 -9999 -9999 -9999 -9999 -9999 -9999 -9999 -9999 -9999 -9999 -9999 -9999 -9999 -9999 0.202 0.199 0.221 0.223 0.225 0.232 0.231 0.236 0.246 0.248 0.256 0.269 0.271 0.258 0.269 0.288 0.288 0.289 0.303 0.313 0.302 0.288 0.297 0.312 0.31 0.306 0.314 0.322 0.323 0.321 0.332 0.345 0.35 0.357 0.366 0.377 0.37 0.36 0.364 0.373 0.386 0.401 0.414 0.418 0.423 0.428 0.433 0.437 0.442 0.448 0.46 0.476 0.482 0.483 0.483 0.482 0.481
-9999 -9999 -9999 -9999 -9999 -9999 -9999 -9999 -9999 -9999 -9999 -9999 -9999 -9999 -9999 -9999 -9999 -9999 -9999 -9999 -9999 0.218 0.222 0.224 0.231 0.237 0.243 0.248 0.25 0.252 0.264 0.277 0.268 0.255 0.271 0.289 0.291 0.293 0.302 0.312 0.302 0.288 0.301 0.316 0.313 0.309 0.316 0.323 0.324 0.326 0.337 0.351 0.356 0.361 0.37 0.381 0.375 0.366 0.371 0.376 0.388 0.403 0.415 0.429 0.435 0.441 0.447 0.452 0.458 0.462 0.473 0.482 0.486 0.49 0.49 0.489 0.489
-9999 -9999 -9999 -9999 -9999 -9999 -9999 -9999 -9999 -9999 -9999 -9999 -9999 -9999 -9999 -9999 -9999 -9999 -9999 -9999 0.208 0.221 0.225 0.23 0.239 0.251 0.254 0.253 0.257 0.267 0.276 0.28 0.279 0.288 0.302 0.31 0.311 0.304 0.311 0.314 0.309 0.306 0.316 0.322 0.321 0.321 0.325 0.327 0.328 0.331 0.336 0.346 0.362 0.374 0.376 0.382 0.385 0.381 0.385 0.389 0.398 0.411 0.423 0.436 0.446 0.455 0.465 0.473 0.479 0.483 0.474 0.471 0.478 0.484 0.496 0.502 0.502
-9999 -9999 -9999 -9999 -9999 -9999 -9999 -9999 -9999 -9999 -9999 -9999 -9999 -9999 -9999 -9999 -9999 -9999 -9999 -9999 0.213 0.225 0.231 0.236 0.247 0.258 0.259 0.257 0.266 0.275 0.28 0.284 0.293 0.303 0.311 0.32 0.317 0.311 0.315 0.318 0.318 0.316 0.322 0.327 0.328 0.328 0.33 0.331 0.333 0.336 0.342 0.348 0.363 0.381 0.385 0.387 0.39 0.392 0.396 0.399 0.409 0.419 0.431 0.445 0.455 0.466 0.477 0.488 0.494 0.498 0.489 0.473 0.479 0.487 0.499 0.513 0.513
-9999 -9999 -9999 -9999 -9999 -9999 -9999 -9999 -9999 -9999 -9999 -9999 -9999 -9999 -9999 -9999 -9999 -9999 -9999 -9999 0.213 0.225 0.236 0.256 0.265 0.27 0.267 0.257 0.267 0.281 0.285 0.285 0.295 0.304 0.311 0.318 0.317 0.317 0.323 0.331 0.328 0.314 0.319 0.321 0.326 0.34 0.338 0.327 0.342 0.353 0.352 0.354 0.36 0.373 0.382 0.388 0.396 0.401 0.402 0.404 0.416 0.427 0.439 0.452 0.464 0.476 0.491 0.505 0.512 0.515 0.508 0.494 0.493 0.497 0.5 0.508 0.506
-9999 -9999 -9999 -9999 -9999 -9999 -9999 -9999 -9999 -9999 -9999 -9999 -9999 -9999 -9999 -9999 -9999 -9999 -9999 -9999 -9999 0.228 0.246 0.266 0.271 0.276 0.269 0.259 0.272 0.286 0.288 0.288 0.297 0.306 0.312 0.32 0.321 0.322 0.33 0.338 0.329 0.316 0.319 0.322 0.333 0.347 0.339 0.329 0.344 0.362 0.362 0.36 0.367 0.375 0.384 0.393 0.401 0.409 0.411 0.412 0.423 0.435 0.447 0.46 0.471 0.485 0.501 0.517 0.525 0.527 0.519 0.507 0.507 0.507 0.509 0.513 0.51
-9999 -9999 -9999 -9999 -9999 -9999 -9999 -9999 -9999 -9999 -9999 -9999 -9999 -9999 -9999 -9999 -9999 -9999 -9999 -9999 -9999 0.23 0.249 0.272 0.277 0.278 0.274 0.273 0.282 0.282 0.286 0.297 0.305 0.312 0.319 0.325 0.326 0.322 0.327 0.325 0.322 0.332 0.335 0.334 0.341 0.339 0.336 0.345 0.339 0.346 0.364 0.374 0.377 0.382 0.396 0.408 0.406 0.409 0.423 0.43 0.435 0.443 0.454 0.467 0.475 0.486 0.507 0.528 0.532 0.532 0.525 0.515 0.511 0.509 0.525 0.536 0.525
-9999 -9999 -9999 -9999 -9999 -9999 -9999 -9999 -9999 -9999 -9999 -9999 -9999 -9999 -9999 -9999 -9999 -9999 -9999 -9999 0.229 0.233 0.254 0.277 0.279 0.28 0.281 0.281 0.282 0.282 0.292 0.302 0.309 0.316 0.323 0.33 0.328 0.324 0.324 0.322 0.33 0.34 0.342 0.341 0.34 0.338 0.345 0.354 0.349 0.344 0.362 0.383 0.387 0.389 0.403 0.417 0.416 0.414 0.427 0.442 0.446 0.451 0.462 0.474 0.482 0.491 0.512 0.536 0.54 0.538 0.532 0.523 0.52 0.516 0.53 0.549 0.539
-9999 -9999 -9999 -9999 -9999 -9999 -9999 -9999 -9999 -9999 -9999 -9999 -9999 -9999 -9999 -9999 -9999 -9999 -9999 -9999 0.231 0.247 0.261 0.266 0.27 0.278 0.281 0.284 0.288 0.298 0.307 0.314 0.316 0.308 0.315 0.324 0.326 0.332 0.333 0.333 0.339 0.339 0.343 0.351 0.35 0.348 0.351 0.347 0.346 0.351 0.363 0.381 0.389 0.394 0.397 0.404 0.406 0.404 0.415 0.428 0.449 0.462 0.469 0.48 0.489 0.499 0.515 0.535 0.542 0.541 0.53 0.519 0.518 0.515 0.527 0.542 0.543
-9999 -9999 -9999 -9999 -9999 -9999 -9999 -9999 -9999 -9999 -9999 -9999 -9999 -9999 -9999 -9999 -9999 -9999 -9999 -9999 0.244 0.254 0.259 0.263 0.271 0.28 0.284 0.287 0.296 0.307 0.313 0.32 0.314 0.307 0.316 0.325 0.331 0.337 0.339 0.34 0.34 0.34 0.348 0.356 0.356 0.354 0.351 0.348 0.353 0.358 0.37 0.384 0.392 0.4 0.403 0.404 0.405 0.405 0.416 0.428 0.448 0.471 0.479 0.487 0.496 0.506 0.521 0.539 0.545 0.546 0.536 0.523 0.522 0.521 0.531 0.543 0.543
-9999 -9999 -9999 -9999 -9999 -9999 -9999 -9999 -9999 -9999 -9999 -9999 -9999 -9999 -9999 -9999 -9999 -9999 -9999 0.236 0.248 0.258 0.263 0.266 0.277 0.293 0.295 0.29 0.301 0.315 0.317 0.31 0.309 0.312 0.319 0.322 0.328 0.335 0.336 0.335 0.334 0.329 0.339 0.353 0.358 0.373 0.369 0.363 0.368 0.373 0.383 0.395 0.401 0.408 0.416 0.421 0.422 0.423 0.427 0.435 0.447 0.465 0.476 0.485 0.5 0.513 0.524 0.537 0.545 0.548 0.55 0.545 0.543 0.541 0.543 0.55 0.545
-9999 -9999 -9999 -9999 -9999 -9999 -9999 -9999 -9999 -9999 -9999 -9999 -9999 -9999 -9999 -9999 -9999 -9999 0.232 0.243 0.252 0.261 0.266 0.27 0.284 0.299 0.298 0.294 0.306 0.32 0.315 0.309 0.314 0.317 0.321 0.324 0.33 0.337 0.337 0.336 0.332 0.328 0.341 0.355 0.368 0.383 0.378 0.373 0.378 0.382 0.392 0.403 0.409 0.415 0.423 0.431 0.434 0.434 0.439 0.443 0.455 0.469 0.479 0.489 0.503 0.519 0.53 0.54 0.547 0.552 0.555 0.557 0.555 0.551 0.553 0.555 0.551
-9999 -9999 -9999 -9999 -9999 -9999 -9999 -9999 -9999 -9999 -9999 -9999 -9999 -9999 -9999 -9999 0.213 0.225 0.23 0.245 0.253 0.257 0.264 0.274 0.285 0.289 0.293 0.307 0.315 0.313 0.314 0.324 0.326 0.324 0.327 0.329 0.332 0.33 0.328 0.325 0.331 0.355 0.368 0.378 0.382 0.367 0.369 0.386 0.389 0.388 0.396 0.406 0.421 0.433 0.429 0.43 0.442 0.448 0.453 0.459 0.466 0.477 0.485 0.495 0.506 0.52 0.528 0.536 0.543 0.549 0.56 0.564 0.565 0.564 0.559 0.558 0.55
-9999 -9999 -9999 -9999 -9999 -9999 -9999 -9999 -9999 -9999 -9999 -9999 -9999 -9999 -9999 0.205 0.217 0.213 0.229 0.248 0.253 0.257 0.267 0.278 0.283 0.288 0.301 0.315 0.315 0.313 0.322 0.332 0.331 0.328 0.331 0.333 0.332 0.329 0.327 0.323 0.344 0.369 0.379 0.389 0.378 0.364 0.377 0.394 0.394 0.393 0.401 0.409 0.424 0.442 0.439 0.433 0.444 0.456 0.462 0.467 0.474 0.481 0.489 0.499 0.51 0.523 0.531 0.537 0.543 0.549 0.559 0.568 0.568 0.569 0.565 0.56 0.551
-9999 -9999 -9999 -9999 -9999 -9999 -9999 -9999 -9999 -9999 -9999 -9999 0.174 0.191 0.205 0.219 0.22 0.214 0.233 0.253 0.259 0.266 0.281 0.303 0.306 0.3 0.31 0.312 0.315 0.321 0.328 0.33 0.328 0.326 0.329 0.336 0.332 0.323 0.323 0.327 0.343 0.355 0.368 0.388 0.382 0.383 0.387 0.375 0.39 0.398 0.408 0.418 0.426 0.438 0.447 0.449 0.45 0.456 0.465 0.472 0.473 0.476 0.481 0.489 0.508 0.525 0.53 0.534 0.542 0.549 0.551 0.554 0.559 0.563 0.559 0.553 0.549
-9999 -9999 -9999 -9999 -9999 -9999 -9999 -9999 -9999 -9999 0.17 0.174 0.188 0.201 0.214 0.227 0.225 0.219 0.237 0.257 0.265 0.272 0.293 0.316 0.313 0.307 0.311 0.313 0.319 0.325 0.328 0.33 0.328 0.326 0.332 0.338 0.332 0.323 0.327 0.331 0.341 0.352 0.369 0.389 0.391 0.392 0.383 0.371 0.386 0.403 0.413 0.424 0.432 0.44 0.448 0.457 0.457 0.457 0.466 0.475 0.476 0.476 0.481 0.486 0.504 0.524 0.528 0.531 0.538 0.546 0.55 0.549 0.555 0.561 0.557 0.551 0.547
-9999 -9999 -9999 -9999 -9999 -9999 0.157 0.17 0.171 0.173 0.178 0.195 0.205 0.209 0.221 0.236 0.237 0.242 0.253 0.251 0.266 0.297 0.309 0.304 0.303 0.305 0.309 0.315 0.318 0.316 0.315 0.309 0.313 0.329 0.333 0.332 0.327 0.323 0.33 0.343 0.351 0.356 0.37 0.381 0.383 0.387 0.381 0.379 0.394 0.413 0.42 0.429 0.442 0.452 0.453 0.458 0.459 0.458 0.472 0.484 0.478 0.474 0.487 0.498 0.505 0.519 0.523 0.526 0.537 0.546 0.547 0.546 0.555 0.563 0.558 0.552 0.553
-9999 -9999 -9999 -9999 -9999 0.15 0.164 0.173 0.183 0.184 0.195 0.208 0.213 0.216 0.229 0.243 0.249 0.253 0.254 0.251 0.279 0.309 0.307 0.302 0.305 0.306 0.312 0.317 0.315 0.313 0.309 0.303 0.317 0.332 0.332 0.331 0.328 0.324 0.336 0.349 0.354 0.36 0.369 0.379 0.383 0.387 0.385 0.383 0.398 0.417 0.424 0.431 0.443 0.455 0.457 0.458 0.459 0.459 0.472 0.487 0.482 0.473 0.486 0.501 0.508 0.515 0.519 0.523 0.532 0.543 0.544 0.541 0.55 0.561 0.558 0.553 0.553
-9999 -9999 -9999 -9999 0.14 0.158 0.172 0.183 0.19 0.196 0.206 0.218 0.222 0.221 0.233 0.247 0.253 0.259 0.26 0.262 0.285 0.302 0.302 0.306 0.307 0.306 0.312 0.319 0.316 0.311 0.31 0.312 0.321 0.325 0.328 0.337 0.336 0.335 0.344 0.35 0.354 0.358 0.37 0.389 0.391 0.389 0.398 0.426 0.431 0.415 0.418 0.422 0.428 0.436 0.446 0.451 0.46 0.464 0.462 0.468 0.469 0.463 0.474 0.486 0.503 0.515 0.512 0.511 0.514 0.52 0.531 0.534 0.546 0.558 0.553 0.548 0.545
