Validation/Results/ReClimate_08_2024_2_Temperatureweatherlogisticsltd.asc
NCOLS 192
NROWS 249
XLLCENTER -225160.85627316462
YLLCENTER 29788.11610251502
CELLSIZE 5000.0
NODATA_VALUE -9999
[rows 170 to 203 of 249, columns 75 to 149 of 192]
-9999 -9999 -9999 -9999 -9999 -9999 -9999 -9999 -9999 -9999 -9999 -9999 -9999 -9999 -9999 -9999 -9999 -0.694 -0.673 -9999 -9999 -9999 -9999 -9999 -9999 -9999 -9999 -9999 -9999 -9999 -9999 -9999 -9999 -9999 -9999 -9999 -0.507 -0.507 -0.494 -0.479 -0.471 -0.461 -0.445 -0.426 -0.414 -0.4 -0.396 -0.392 -0.401 -0.411 -0.408 -0.403 -0.406 -0.409 -0.413 -0.418 -0.415 -0.407 -0.409 -0.409 -0.407 -0.404 -0.393 -0.378 -0.389 -0.402 -0.386 -0.364 -0.366 -0.367 -0.356 -0.341 -0.342 -0.343 -0.338
-9999 -9999 -9999 -9999 -9999 -9999 -9999 -9999 -9999 -9999 -9999 -9999 -9999 -9999 -9999 -9999 -9999 -0.7 -0.68 -0.656 -9999 -9999 -9999 -9999 -9999 -9999 -9999 -9999 -9999 -9999 -9999 -9999 -9999 -9999 -9999 -0.499 -0.494 -0.503 -0.494 -0.488 -0.48 -0.465 -0.446 -0.416 -0.409 -0.41 -0.409 -0.409 -0.421 -0.434 -0.426 -0.403 -0.409 -0.414 -0.416 -0.419 -0.42 -0.416 -0.408 -0.403 -0.398 -0.392 -0.394 -0.386 -0.381 -0.385 -0.384 -0.372 -0.365 -0.361 -0.356 -0.346 -0.341 -0.338 -0.328
-9999 -9999 -9999 -9999 -9999 -9999 -9999 -9999 -9999 -9999 -9999 -9999 -9999 -9999 -9999 -9999 -0.721 -0.696 -0.674 -0.653 -0.64 -9999 -9999 -9999 -9999 -9999 -9999 -9999 -9999 -9999 -9999 -9999 -0.542 -9999 -9999 -0.486 -0.487 -0.493 -0.489 -0.484 -9999 -0.458 -0.434 -0.405 -0.406 -0.407 -0.407 -0.408 -0.421 -0.435 -0.418 -0.396 -0.403 -0.409 -0.411 -0.412 -0.413 -0.411 -0.404 -0.394 -0.389 -0.381 -0.381 -0.381 -0.376 -0.37 -0.368 -0.365 -0.359 -0.35 -0.345 -0.339 -0.334 -0.326 -0.316
-9999 -9999 -9999 -9999 -9999 -9999 -9999 -9999 -9999 -9999 -9999 -9999 -9999 -9999 -9999 -9999 -0.706 -0.685 -0.667 -0.656 -0.641 -0.618 -0.603 -9999 -9999 -9999 -0.56 -0.555 -9999 -0.547 -0.54 -0.534 -0.526 -0.516 -9999 -9999 -0.491 -0.495 -9999 -9999 -0.468 -0.455 -0.439 -0.432 -0.429 -0.412 -0.405 -0.384 -0.398 -0.422 -0.396 -0.368 -0.387 -0.401 -0.405 -0.406 -0.403 -0.399 -0.395 -0.387 -0.376 -0.364 -0.365 -0.364 -0.366 -0.363 -0.362 -0.36 -0.357 -0.35 -0.345 -0.34 -0.334 -0.327 -0.311
-9999 -9999 -9999 -9999 -9999 -9999 -9999 -9999 -9999 -9999 -9999 -9999 -9999 -9999 -9999 -9999 -9999 -0.675 -0.664 -0.654 -0.633 -0.613 -9999 -9999 -0.577 -0.566 -0.556 -0.551 -0.541 -0.531 -0.525 -0.525 -0.517 -0.505 -0.497 -9999 -0.486 -0.491 -0.481 -0.47 -0.461 -0.448 -0.442 -0.436 -0.423 -0.408 -0.39 -0.369 -0.387 -0.408 -0.383 -0.351 -0.369 -0.39 -0.394 -0.396 -0.393 -0.387 -0.383 -0.375 -0.365 -0.35 -0.35 -0.35 -0.351 -0.352 -0.351 -0.349 -0.346 -0.341 -0.337 -0.33 -0.325 -0.316 -0.301
-9999 -9999 -9999 -9999 -9999 -9999 -9999 -9999 -9999 -9999 -9999 -9999 -9999 -9999 -9999 -9999 -9999 -0.666 -0.654 -0.647 -0.635 -0.635 -0.617 -0.58 -0.576 -0.583 -0.575 -0.563 -0.554 -0.542 -0.539 -0.53 -0.522 -0.514 -0.504 -0.486 -0.485 -0.48 -0.469 -0.451 -0.445 -0.444 -0.438 -0.431 -0.418 -0.401 -0.391 -0.392 -0.401 -0.394 -0.377 -0.371 -0.379 -0.395 -0.393 -0.393 -0.393 -0.388 -0.381 -0.372 -0.371 -0.363 -0.358 -0.355 -0.347 -0.343 -0.348 -0.35 -0.353 -0.353 -0.358 -0.359 -0.329 -0.305 -0.295
-9999 -9999 -9999 -9999 -9999 -9999 -9999 -9999 -9999 -9999 -9999 -9999 -9999 -9999 -9999 -9999 -9999 -9999 -0.653 -0.642 -0.639 -0.64 -0.607 -0.572 -0.579 -0.587 -0.577 -0.566 -0.555 -0.545 -0.537 -0.527 -0.519 -0.51 -0.494 -0.477 -0.472 -0.467 -0.452 -0.435 -0.434 -0.433 -0.427 -0.42 -0.406 -0.389 -0.391 -0.393 -0.387 -0.379 -0.375 -0.369 -0.378 -0.388 -0.387 -0.383 -0.383 -0.379 -0.372 -0.361 -0.36 -0.359 -0.354 -0.347 -0.341 -0.331 -0.336 -0.341 -0.345 -0.348 -0.354 -0.359 -0.33 -0.29 -0.28
-9999 -9999 -9999 -9999 -9999 -9999 -9999 -9999 -9999 -9999 -9999 -9999 -9999 -9999 -9999 -9999 -9999 -9999 -9999 -9999 -0.641 -0.606 -0.58 -0.564 -0.573 -0.593 -0.585 -0.582 -0.57 -0.55 -0.543 -0.54 -0.53 -0.513 -0.494 -0.464 -0.46 -0.462 -0.451 -0.444 -0.438 -0.415 -0.409 -0.404 -0.395 -0.391 -0.388 -0.376 -0.372 -0.369 -0.366 -0.367 -0.369 -0.374 -0.381 -0.383 -0.381 -0.378 -0.375 -0.367 -0.358 -0.352 -0.361 -0.362 -0.351 -0.339 -0.335 -0.335 -0.331 -0.329 -0.332 -0.335 -0.318 -0.286 -0.279
-9999 -9999 -9999 -9999 -9999 -9999 -9999 -9999 -9999 -9999 -9999 -9999 -9999 -9999 -9999 -9999 -9999 -9999 -9999 -0.656 -0.625 -0.591 -0.575 -0.559 -0.573 -0.592 -0.588 -0.584 -0.564 -0.543 -0.54 -0.537 -0.522 -0.507 -0.481 -0.452 -0.451 -0.452 -0.446 -0.44 -0.422 -0.4 -0.395 -0.39 -0.387 -0.384 -0.374 -0.362 -0.36 -0.357 -0.357 -0.356 -0.358 -0.359 -0.366 -0.372 -0.372 -0.368 -0.365 -0.361 -0.353 -0.341 -0.349 -0.357 -0.347 -0.332 -0.329 -0.323 -0.319 -0.312 -0.314 -0.315 -0.298 -0.274 -0.267
-9999 -9999 -9999 -9999 -9999 -9999 -9999 -9999 -9999 -9999 -9999 -9999 -9999 -9999 -9999 -9999 -9999 -9999 -0.657 -0.647 -0.62 -0.595 -0.578 -0.558 -0.566 -0.566 -0.555 -0.538 -0.529 -0.546 -0.538 -0.519 -0.506 -0.493 -0.471 -0.451 -0.451 -0.45 -0.441 -0.425 -0.41 -0.395 -0.391 -0.386 -0.386 -0.386 -0.375 -0.355 -0.353 -0.347 -0.347 -0.348 -0.351 -0.353 -0.362 -0.369 -0.368 -0.365 -0.371 -0.373 -0.35 -0.33 -0.33 -0.333 -0.337 -0.331 -0.313 -0.299 -0.315 -0.321 -0.318 -0.317 -0.298 -0.275 -0.266
-9999 -9999 -9999 -9999 -9999 -9999 -9999 -9999 -9999 -9999 -9999 -9999 -9999 -9999 -9999 -9999 -9999 -0.66 -0.649 -0.641 -0.619 -0.596 -0.576 -0.557 -0.554 -0.55 -0.532 -0.514 -0.524 -0.54 -0.525 -0.506 -0.493 -0.481 -0.463 -0.445 -0.443 -0.442 -0.427 -0.411 -0.4 -0.386 -0.382 -0.377 -0.379 -0.38 -0.364 -0.345 -0.341 -0.336 -0.337 -0.338 -0.339 -0.342 -0.349 -0.356 -0.356 -0.353 -0.359 -0.365 -0.345 -0.317 -0.317 -0.315 -0.318 -0.321 -0.305 -0.283 -0.298 -0.315 -0.313 -0.308 -0.289 -0.264 -0.255
-9999 -9999 -9999 -9999 -9999 -9999 -9999 -9999 -9999 -9999 -9999 -9999 -9999 -9999 -9999 -0.701 -0.677 -0.659 -0.649 -0.642 -0.619 -0.598 -0.58 -0.565 -0.555 -0.542 -0.532 -0.537 -0.54 -0.531 -0.516 -0.5 -0.484 -0.458 -0.446 -0.443 -0.438 -0.429 -0.414 -0.398 -0.391 -0.392 -0.389 -0.385 -0.384 -0.376 -0.364 -0.354 -0.352 -0.346 -0.349 -0.35 -0.345 -0.343 -0.352 -0.36 -0.344 -0.332 -0.339 -0.344 -0.326 -0.302 -0.314 -0.32 -0.316 -0.315 -0.308 -0.292 -0.287 -0.292 -0.288 -0.282 -0.261 -0.235 -0.243
-9999 -9999 -9999 -9999 -9999 -9999 -9999 -9999 -9999 -9999 -9999 -9999 -9999 -9999 -0.715 -0.7 -0.681 -0.656 -9999 -9999 -9999 -9999 -0.592 -0.561 -0.547 -0.534 -0.536 -0.541 -0.531 -0.522 -0.508 -0.493 -0.469 -0.444 -0.439 -0.436 -0.427 -0.418 -0.403 -0.386 -0.386 -0.387 -0.383 -0.38 -0.374 -0.367 -0.36 -0.352 -0.349 -0.344 -0.345 -0.346 -0.342 -0.334 -0.342 -0.351 -0.336 -0.313 -0.319 -0.325 -0.308 -0.286 -0.299 -0.312 -0.309 -0.304 -0.297 -0.287 -0.283 -0.275 -0.271 -0.264 -0.243 -0.217 -0.223
-9999 -9999 -9999 -9999 -9999 -9999 -9999 -9999 -9999 -9999 -9999 -9999 -9999 -9999 -0.713 -0.7 -0.676 -9999 -9999 -9999 -9999 -9999 -0.609 -0.597 -0.571 -0.517 -0.524 -0.548 -0.533 -0.507 -0.494 -0.481 -0.462 -0.448 -0.445 -0.444 -0.438 -0.434 -0.416 -0.386 -0.382 -0.37 -0.372 -0.385 -0.378 -0.362 -0.357 -0.35 -0.345 -0.333 -0.336 -0.34 -0.335 -0.327 -0.322 -0.324 -0.336 -0.332 -0.328 -0.329 -0.317 -0.301 -0.304 -0.314 -0.311 -0.305 -0.305 -0.299 -0.292 -0.284 -0.268 -0.255 -0.239 -0.217 -0.207
-9999 -9999 -9999 -9999 -9999 -9999 -9999 -9999 -9999 -9999 -9999 -9999 -9999 -9999 -9999 -9999 -0.673 -9999 -9999 -9999 -9999 -9999 -0.61 -0.605 -0.559 -0.506 -0.523 -0.546 -0.522 -0.497 -0.485 -0.472 -0.458 -0.444 -0.442 -0.441 -0.437 -0.434 -0.409 -0.38 -0.369 -0.357 -0.367 -0.38 -0.368 -0.355 -0.35 -0.343 -0.334 -0.322 -0.326 -0.33 -0.325 -0.316 -0.311 -0.305 -0.317 -0.33 -0.327 -0.321 -0.311 -0.298 -0.302 -0.305 -0.304 -0.297 -0.296 -0.293 -0.287 -0.277 -0.262 -0.241 -0.226 -0.208 -0.2
-9999 -9999 -9999 -9999 -9999 -9999 -9999 -9999 -9999 -9999 -9999 -9999 -9999 -9999 -9999 -9999 -9999 -9999 -9999 -9999 -9999 -9999 -0.615 -0.611 -0.575 -0.549 -0.556 -0.545 -0.516 -0.47 -0.463 -0.468 -0.457 -0.452 -0.443 -0.42 -0.421 -0.432 -0.415 -0.409 -0.398 -0.379 -0.383 -0.375 -0.366 -0.361 -0.355 -0.342 -0.341 -0.352 -0.34 -0.333 -0.333 -0.33 -0.33 -0.328 -0.308 -0.302 -0.308 -0.307 -0.308 -0.302 -0.299 -0.297 -0.296 -0.292 -0.284 -0.277 -0.274 -0.267 -0.257 -0.241 -0.231 -0.218 -0.206
-9999 -9999 -9999 -9999 -9999 -9999 -9999 -9999 -9999 -9999 -9999 -9999 -9999 -9999 -9999 -9999 -9999 -9999 -9999 -9999 -9999 -9999 -9999 -0.606 -0.584 -0.562 -0.551 -0.539 -0.501 -0.456 -0.459 -0.463 -0.456 -0.451 -0.43 -0.407 -0.414 -0.425 -0.419 -0.414 -0.4 -0.383 -0.376 -0.367 -0.362 -0.358 -0.348 -0.336 -0.346 -0.357 -0.345 -0.327 -0.327 -0.327 -0.327 -0.328 -0.31 -0.285 -0.29 -0.295 -0.295 -0.294 -0.291 -0.285 -0.283 -0.279 -0.273 -0.261 -0.258 -0.253 -0.243 -0.232 -0.223 -0.214 -0.204
-9999 -9999 -9999 -9999 -9999 -9999 -9999 -9999 -9999 -9999 -9999 -9999 -9999 -9999 -9999 -9999 -9999 -9999 -9999 -9999 -9999 -9999 -0.583 -0.582 -0.567 -0.563 -0.552 -0.538 -0.512 -0.502 -0.502 -0.487 -0.472 -0.44 -0.427 -0.43 -0.433 -0.427 -0.423 -0.422 -0.406 -0.381 -0.375 -0.37 -0.363 -0.344 -0.339 -0.34 -0.346 -0.346 -0.345 -0.335 -0.322 -0.313 -0.308 -0.305 -0.299 -0.281 -0.282 -0.285 -0.277 -0.272 -0.271 -0.266 -0.275 -0.277 -0.277 -0.271 -0.254 -0.241 -0.246 -0.243 -0.227 -0.214 -0.208
-9999 -9999 -9999 -9999 -9999 -9999 -9999 -9999 -9999 -9999 -9999 -9999 -9999 -9999 -9999 -9999 -9999 -9999 -9999 -9999 -9999 -9999 -0.58 -0.568 -0.563 -0.559 -0.546 -0.533 -0.525 -0.517 -0.506 -0.493 -0.464 -0.432 -0.432 -0.435 -0.428 -0.422 -0.42 -0.419 -0.399 -0.375 -0.371 -0.368 -0.352 -0.334 -0.336 -0.337 -0.337 -0.335 -0.333 -0.33 -0.318 -0.301 -0.296 -0.29 -0.282 -0.271 -0.272 -0.272 -0.265 -0.255 -0.253 -0.25 -0.258 -0.267 -0.267 -0.265 -0.25 -0.229 -0.234 -0.239 -0.225 -0.207 -0.202
-9999 -9999 -9999 -9999 -9999 -9999 -9999 -9999 -9999 -9999 -9999 -9999 -9999 -9999 -9999 -9999 -9999 -9999 -9999 -9999 -9999 -9999 -0.6 -0.587 -0.58 -0.567 -0.554 -0.538 -0.524 -0.496 -0.482 -0.461 -0.441 -0.441 -0.441 -0.44 -0.437 -0.438 -0.432 -0.416 -0.396 -0.372 -0.368 -0.363 -0.353 -0.351 -0.351 -0.339 -0.338 -0.332 -0.328 -0.323 -0.319 -0.309 -0.296 -0.284 -0.28 -0.273 -0.271 -0.269 -0.267 -0.261 -0.265 -0.267 -0.262 -0.264 -0.268 -0.269 -0.265 -0.252 -0.234 -0.228 -0.227 -0.218 -0.209
-9999 -9999 -9999 -9999 -9999 -9999 -9999 -9999 -9999 -9999 -9999 -9999 -9999 -9999 -9999 -9999 -9999 -9999 -9999 -9999 -9999 -9999 -9999 -0.59 -0.577 -0.566 -0.552 -0.537 -0.512 -0.484 -0.466 -0.444 -0.442 -0.442 -0.438 -0.438 -0.437 -0.439 -0.425 -0.41 -0.39 -0.367 -0.362 -0.357 -0.355 -0.353 -0.346 -0.335 -0.331 -0.326 -0.321 -0.315 -0.31 -0.304 -0.291 -0.274 -0.269 -0.265 -0.263 -0.26 -0.258 -0.255 -0.259 -0.264 -0.261 -0.255 -0.259 -0.262 -0.259 -0.252 -0.236 -0.217 -0.217 -0.216 -0.208
-9999 -9999 -9999 -9999 -9999 -9999 -9999 -9999 -9999 -9999 -9999 -9999 -9999 -9999 -9999 -9999 -9999 -9999 -9999 -9999 -9999 -9999 -9999 -0.597 -0.587 -0.574 -0.56 -0.541 -0.516 -0.486 -0.47 -0.452 -0.445 -0.426 -0.425 -0.431 -0.427 -0.416 -0.405 -0.398 -0.384 -0.375 -0.372 -0.368 -0.365 -0.357 -0.352 -0.346 -0.343 -0.335 -0.322 -0.31 -0.313 -0.31 -0.303 -0.291 -0.271 -0.258 -0.263 -0.265 -0.259 -0.254 -0.266 -0.276 -0.275 -0.272 -0.263 -0.259 -0.265 -0.265 -0.251 -0.234 -0.23 -0.227 -0.218
-9999 -9999 -9999 -9999 -9999 -9999 -9999 -9999 -9999 -9999 -9999 -9999 -9999 -9999 -9999 -9999 -9999 -9999 -9999 -9999 -9999 -9999 -0.573 -0.596 -0.585 -0.574 -0.558 -0.539 -0.512 -0.483 -0.469 -0.453 -0.436 -0.418 -0.42 -0.425 -0.414 -0.403 -0.396 -0.389 -0.382 -0.375 -0.372 -0.368 -0.362 -0.354 -0.351 -0.346 -0.342 -0.334 -0.321 -0.303 -0.305 -0.306 -0.298 -0.29 -0.271 -0.249 -0.254 -0.26 -0.255 -0.247 -0.259 -0.273 -0.272 -0.269 -0.262 -0.25 -0.255 -0.261 -0.25 -0.234 -0.23 -0.224 -0.216
-9999 -9999 -9999 -9999 -9999 -9999 -9999 -9999 -9999 -9999 -9999 -9999 -9999 -9999 -9999 -9999 -9999 -9999 -9999 -9999 -9999 -9999 -0.578 -0.587 -0.571 -0.544 -0.528 -0.512 -0.488 -0.468 -0.455 -0.444 -0.43 -0.417 -0.416 -0.413 -0.405 -0.404 -0.392 -0.372 -0.368 -0.371 -0.37 -0.372 -0.364 -0.354 -0.353 -0.354 -0.351 -0.347 -0.332 -0.303 -0.302 -0.302 -0.294 -0.285 -0.278 -0.265 -0.262 -0.263 -0.252 -0.241 -0.247 -0.256 -0.253 -0.249 -0.248 -0.24 -0.241 -0.244 -0.242 -0.233 -0.225 -0.217 -0.214
-9999 -9999 -9999 -9999 -9999 -9999 -9999 -9999 -9999 -9999 -9999 -9999 -9999 -9999 -9999 -9999 -9999 -9999 -9999 -9999 -9999 -9999 -0.569 -0.578 -0.555 -0.528 -0.514 -0.498 -0.479 -0.46 -0.449 -0.438 -0.426 -0.414 -0.409 -0.405 -0.402 -0.4 -0.382 -0.362 -0.364 -0.366 -0.367 -0.369 -0.36 -0.349 -0.351 -0.352 -0.35 -0.347 -0.325 -0.297 -0.296 -0.296 -0.288 -0.278 -0.271 -0.265 -0.262 -0.257 -0.247 -0.232 -0.238 -0.243 -0.24 -0.234 -0.232 -0.23 -0.231 -0.231 -0.229 -0.226 -0.218 -0.208 -0.205
-9999 -9999 -9999 -9999 -9999 -9999 -9999 -9999 -9999 -9999 -9999 -9999 -9999 -9999 -9999 -9999 -9999 -9999 -9999 -9999 -9999 -0.543 -0.556 -0.543 -0.524 -0.512 -0.499 -0.486 -0.471 -0.461 -0.449 -0.433 -0.424 -0.416 -0.41 -0.406 -0.399 -0.386 -0.37 -0.356 -0.36 -0.37 -0.372 -0.377 -0.366 -0.352 -0.352 -0.35 -0.344 -0.328 -0.309 -0.297 -0.303 -0.306 -0.305 -0.301 -0.292 -0.285 -0.271 -0.261 -0.251 -0.237 -0.237 -0.239 -0.247 -0.249 -0.245 -0.243 -0.243 -0.243 -0.237 -0.232 -0.231 -0.226 -0.22
-9999 -9999 -9999 -9999 -9999 -9999 -9999 -9999 -9999 -9999 -9999 -9999 -9999 -9999 -9999 -9999 -9999 -9999 -9999 -9999 -0.544 -0.532 -0.523 -0.525 -0.514 -0.501 -0.49 -0.477 -0.468 -0.458 -0.444 -0.428 -0.421 -0.414 -0.408 -0.403 -0.39 -0.378 -0.366 -0.352 -0.359 -0.368 -0.371 -0.376 -0.364 -0.349 -0.348 -0.345 -0.331 -0.314 -0.304 -0.292 -0.298 -0.304 -0.303 -0.302 -0.295 -0.287 -0.273 -0.256 -0.246 -0.233 -0.232 -0.23 -0.239 -0.248 -0.246 -0.241 -0.242 -0.241 -0.236 -0.227 -0.227 -0.225 -0.224
-9999 -9999 -9999 -9999 -9999 -9999 -9999 -9999 -9999 -9999 -9999 -9999 -9999 -9999 -9999 -9999 -9999 -9999 -0.606 -0.575 -0.537 -0.523 -0.518 -0.506 -0.495 -0.487 -0.477 -0.471 -0.464 -0.461 -0.455 -0.46 -0.449 -0.424 -0.42 -0.414 -0.4 -0.379 -0.369 -0.362 -0.363 -0.356 -0.362 -0.378 -0.369 -0.364 -0.362 -0.354 -0.346 -0.34 -0.329 -0.312 -0.308 -0.31 -0.306 -0.303 -0.299 -0.294 -0.278 -0.26 -0.252 -0.241 -0.232 -0.226 -0.228 -0.233 -0.229 -0.222 -0.221 -0.219 -0.23 -0.231 -0.219 -0.213 -0.229
-9999 -9999 -9999 -9999 -9999 -9999 -9999 -9999 -9999 -9999 -9999 -9999 -9999 -9999 -9999 -9999 -9999 -0.629 -0.605 -0.555 -0.538 -0.52 -0.507 -0.495 -0.486 -0.478 -0.471 -0.465 -0.461 -0.459 -0.462 -0.468 -0.448 -0.425 -0.421 -0.417 -0.399 -0.379 -0.371 -0.364 -0.357 -0.349 -0.361 -0.375 -0.371 -0.366 -0.361 -0.353 -0.35 -0.345 -0.332 -0.316 -0.313 -0.31 -0.306 -0.3 -0.297 -0.294 -0.28 -0.259 -0.251 -0.242 -0.235 -0.224 -0.226 -0.226 -0.22 -0.212 -0.209 -0.206 -0.215 -0.228 -0.219 -0.207 -0.224
-9999 -9999 -9999 -9999 -9999 -9999 -9999 -9999 -9999 -9999 -9999 -9999 -9999 -9999 -0.7 -0.692 -0.669 -0.634 -0.604 -0.575 -0.558 -0.538 -0.526 -0.512 -0.505 -0.495 -0.487 -0.475 -0.47 -0.458 -0.459 -0.455 -0.436 -0.415 -0.417 -0.428 -0.413 -0.398 -0.389 -0.375 -0.364 -0.346 -0.36 -0.381 -0.377 -0.37 -0.365 -0.359 -0.357 -0.352 -0.336 -0.317 -0.316 -0.313 -0.313 -0.311 -0.295 -0.284 -0.277 -0.261 -0.256 -0.249 -0.245 -0.237 -0.232 -0.229 -0.227 -0.221 -0.22 -0.218 -0.231 -0.247 -0.245 -0.239 -0.243
-9999 -9999 -9999 -9999 -9999 -9999 -9999 -9999 -9999 -9999 -9999 -9999 -0.731 -0.721 -0.707 -0.691 -0.664 -0.632 -0.606 -0.579 -0.56 -0.542 -0.53 -0.516 -0.507 -0.498 -0.487 -0.476 -0.465 -0.454 -0.45 -0.447 -0.429 -0.41 -0.419 -0.431 -0.419 -0.404 -0.392 -0.378 -0.361 -0.343 -0.36 -0.381 -0.375 -0.369 -0.365 -0.36 -0.358 -0.353 -0.337 -0.316 -0.315 -0.313 -0.312 -0.313 -0.299 -0.28 -0.273 -0.262 -0.256 -0.25 -0.246 -0.24 -0.235 -0.229 -0.229 -0.227 -0.227 -0.226 -0.239 -0.256 -0.253 -0.249 -0.253
-9999 -9999 -9999 -9999 -9999 -9999 -9999 -9999 -0.748 -0.739 -0.736 -0.734 -0.725 -0.74 -0.718 -0.684 -0.652 -0.608 -0.593 -0.6 -0.586 -0.577 -0.557 -0.515 -0.506 -0.496 -0.487 -0.479 -0.471 -0.467 -0.461 -0.445 -0.432 -0.424 -0.431 -0.435 -0.425 -0.412 -0.407 -0.411 -0.397 -0.378 -0.389 -0.391 -0.385 -0.37 -0.37 -0.376 -0.369 -0.349 -0.349 -0.339 -0.333 -0.329 -0.32 -0.316 -0.297 -0.276 -0.275 -0.269 -0.264 -0.257 -0.267 -0.271 -0.265 -0.259 -0.241 -0.23 -0.235 -0.236 -0.222 -0.222 -0.242 -0.249 -0.249
-9999 -9999 -9999 -9999 -9999 -9999 -9999 -0.754 -0.747 -0.74 -0.737 -0.718 -0.73 -0.737 -0.705 -0.671 -0.635 -0.594 -0.597 -0.604 -0.595 -0.587 -0.552 -0.511 -0.501 -0.492 -0.484 -0.477 -0.473 -0.47 -0.457 -0.442 -0.435 -0.427 -0.43 -0.435 -0.425 -0.414 -0.418 -0.423 -0.408 -0.391 -0.392 -0.394 -0.383 -0.369 -0.374 -0.381 -0.366 -0.348 -0.348 -0.348 -0.343 -0.336 -0.328 -0.32 -0.303 -0.279 -0.279 -0.276 -0.272 -0.264 -0.273 -0.285 -0.28 -0.271 -0.256 -0.234 -0.238 -0.243 -0.231 -0.216 -0.233 -0.254 -0.254
-9999 -9999 -9999 -9999 -9999 -9999 -0.752 -0.756 -0.745 -0.72 -0.714 -0.714 -0.719 -0.706 -0.671 -0.631 -0.603 -0.588 -0.589 -0.583 -0.581 -0.597 -0.566 -0.533 -0.519 -0.488 -0.482 -0.475 -0.47 -0.463 -0.452 -0.442 -0.442 -0.457 -0.452 -0.428 -0.425 -0.431 -0.434 -0.43 -0.421 -0.422 -0.417 -0.4 -0.394 -0.394 -0.397 -0.393 -0.379 -0.355 -0.359 -0.366 -0.358 -0.349 -0.335 -0.324 -0.324 -0.312 -0.31 -0.308 -0.292 -0.278 -0.26 -0.255 -0.271 -0.274 -0.261 -0.242 -0.243 -0.247 -0.255 -0.253 -0.261 -0.275 -0.271
