Validation/Results/ReClimate_09_2024_1_Temperatureweatherlogisticsltd.asc
NCOLS 192
NROWS 249
XLLCENTER -225160.85627316462
YLLCENTER 29788.11610251502
CELLSIZE 5000.0
NODATA_VALUE -9999
[rows 204 to 237 of 249, columns 75 to 149 of 192]
-9999 -9999 -9999 -9999 -0.781 -9999 -0.765 -0.756 -0.747 -0.738 -0.737 -0.735 -0.734 -0.728 -0.685 -0.637 -0.615 -0.591 -0.581 -0.573 -0.56 -0.548 -0.541 -0.535 -0.548 -0.565 -0.579 -0.598 -0.56 -0.516 -0.514 -0.513 -0.501 -0.488 -0.49 -0.495 -0.473 -0.447 -0.439 -0.431 -0.417 -0.4 -0.404 -0.412 -0.404 -0.397 -0.393 -0.388 -0.398 -0.41 -0.411 -0.413 -0.411 -0.409 -0.407 -0.406 -0.416 -0.428 -0.418 -0.405 -0.41 -0.416 -0.41 -0.403 -0.407 -0.413 -0.417 -0.424 -0.437 -0.455 -0.468 -0.485 -0.498 -0.512 -0.506
-9999 -9999 -9999 -9999 -9999 -9999 -9999 -9999 -0.75 -0.731 -0.73 -0.731 -0.726 -0.708 -0.665 -0.618 -0.598 -0.586 -0.577 -0.57 -0.557 -0.545 -0.54 -0.538 -0.551 -0.57 -0.574 -0.56 -0.535 -0.531 -0.524 -0.507 -0.498 -0.492 -0.483 -0.451 -0.439 -0.45 -0.439 -0.422 -0.409 -0.397 -0.398 -0.401 -0.392 -0.385 -0.385 -0.397 -0.407 -0.417 -0.42 -0.427 -0.412 -0.403 -0.405 -0.407 -0.412 -0.422 -0.413 -0.401 -0.408 -0.416 -0.4 -0.387 -0.4 -0.412 -0.411 -0.414 -0.435 -0.456 -0.468 -0.484 -0.485 -0.491 -0.49
-9999 -9999 -9999 -9999 -9999 -9999 -9999 -9999 -0.743 -0.725 -0.725 -0.726 -0.715 -0.697 -0.655 -0.609 -0.596 -0.583 -0.575 -0.568 -0.555 -0.543 -0.539 -0.537 -0.551 -0.57 -0.557 -0.543 -0.539 -0.535 -0.52 -0.504 -0.499 -0.493 -0.465 -0.433 -0.44 -0.451 -0.436 -0.42 -0.409 -0.397 -0.397 -0.398 -0.39 -0.382 -0.391 -0.402 -0.41 -0.421 -0.426 -0.432 -0.419 -0.402 -0.404 -0.409 -0.414 -0.42 -0.412 -0.401 -0.408 -0.417 -0.402 -0.384 -0.397 -0.414 -0.413 -0.412 -0.432 -0.458 -0.469 -0.485 -0.486 -0.484 -0.483
-9999 -9999 -9999 -9999 -9999 -9999 -0.745 -0.743 -0.733 -0.737 -9999 -0.71 -0.702 -0.693 -0.648 -0.593 -0.585 -9999 -0.58 -0.57 -0.559 -0.551 -0.547 -0.543 -0.549 -0.545 -0.536 -0.539 -0.533 -0.52 -0.508 -0.498 -0.493 -0.487 -0.47 -0.469 -0.467 -0.445 -0.431 -0.417 -0.407 -0.398 -0.397 -0.395 -0.383 -0.364 -0.376 -0.404 -0.412 -0.423 -0.412 -0.408 -0.412 -0.406 -0.402 -0.401 -0.398 -0.399 -0.409 -0.409 -0.407 -0.41 -0.407 -0.397 -0.409 -0.424 -0.42 -0.417 -0.431 -0.452 -0.456 -0.467 -0.465 -0.461 -0.464
-9999 -9999 -9999 -9999 -9999 -9999 -0.736 -9999 -9999 -9999 -0.721 -0.701 -0.698 -9999 -9999 -9999 -9999 -9999 -0.58 -0.57 -0.562 -0.554 -0.549 -0.544 -0.538 -0.533 -0.534 -0.536 -0.525 -0.513 -0.504 -0.495 -0.489 -0.483 -0.483 -0.483 -0.465 -0.444 -0.431 -0.417 -0.409 -0.4 -0.398 -0.396 -0.378 -0.359 -0.38 -0.406 -0.414 -0.425 -0.413 -0.4 -0.403 -0.409 -0.405 -0.4 -0.397 -0.394 -0.402 -0.413 -0.412 -0.409 -0.407 -0.405 -0.416 -0.43 -0.426 -0.421 -0.435 -0.452 -0.456 -0.461 -0.459 -0.454 -0.457
-9999 -9999 -9999 -9999 -9999 -9999 -9999 -9999 -0.746 -0.747 -0.727 -0.702 -0.701 -9999 -9999 -9999 -9999 -9999 -9999 -9999 -9999 -0.552 -0.542 -0.523 -0.517 -0.514 -0.513 -0.514 -0.513 -0.533 -0.521 -0.498 -0.491 -0.481 -0.478 -0.471 -0.455 -0.442 -0.427 -0.407 -0.402 -0.405 -0.4 -0.392 -0.378 -0.371 -0.386 -0.399 -0.402 -0.402 -0.396 -0.385 -0.388 -0.393 -0.4 -0.402 -0.396 -0.391 -0.391 -0.397 -0.402 -0.404 -0.417 -0.424 -0.425 -0.433 -0.42 -0.409 -0.418 -0.432 -0.434 -0.437 -0.442 -0.439 -0.447
-9999 -9999 -9999 -9999 -9999 -9999 -9999 -9999 -9999 -0.742 -9999 -9999 -9999 -9999 -9999 -9999 -9999 -9999 -9999 -0.567 -0.559 -0.551 -0.533 -0.515 -0.51 -0.506 -0.504 -0.503 -0.519 -0.539 -0.52 -0.498 -0.489 -0.48 -0.473 -0.466 -0.454 -0.442 -0.424 -0.405 -0.406 -0.408 -9999 -0.392 -0.385 -0.378 -0.386 -0.397 -0.395 -0.394 -0.388 -0.382 -0.384 -0.389 -0.395 -0.403 -0.398 -0.392 -0.392 -0.393 -0.398 -0.405 -0.417 -0.433 -0.434 -0.436 -0.423 -0.407 -0.415 -0.427 -0.428 -0.431 -0.434 -0.435 -0.442
-9999 -9999 -9999 -9999 -9999 -9999 -9999 -9999 -9999 -9999 -9999 -9999 -9999 -9999 -9999 -9999 -9999 -9999 -9999 -0.585 -0.574 -0.557 -0.545 -9999 -9999 -9999 -0.509 -0.507 -0.511 -0.5 -0.483 -0.471 -0.464 -0.466 -0.459 -0.45 -0.438 -0.427 -0.409 -0.392 -0.39 -9999 -0.373 -0.372 -0.374 -0.394 -0.397 -0.39 -0.383 -0.369 -0.366 -0.375 -0.394 -0.409 -0.401 -0.4 -0.411 -0.415 -0.407 -0.403 -0.4 -0.401 -0.408 -0.42 -0.418 -0.417 -0.417 -0.408 -0.409 -0.415 -0.426 -0.433 -0.434 -0.434 -0.44
-9999 -9999 -9999 -9999 -9999 -9999 -9999 -9999 -9999 -9999 -9999 -9999 -9999 -9999 -9999 -9999 -9999 -9999 -9999 -9999 -9999 -9999 -9999 -9999 -9999 -9999 -0.508 -0.508 -0.496 -0.484 -0.471 -0.459 -0.459 -0.461 -0.452 -0.444 -0.433 -0.421 -0.405 -9999 -9999 -0.371 -0.368 -0.367 -0.382 -0.402 -0.395 -0.388 -0.375 -0.36 -0.366 -0.375 -0.393 -0.418 -0.411 -0.402 -0.412 -0.425 -0.418 -0.409 -0.406 -0.402 -0.409 -0.418 -0.415 -0.412 -0.411 -0.411 -0.412 -0.414 -0.424 -0.435 -0.435 -0.434 -0.44
-9999 -9999 -9999 -9999 -9999 -9999 -9999 -9999 -9999 -9999 -9999 -9999 -9999 -9999 -9999 -9999 -9999 -9999 -9999 -9999 -9999 -9999 -9999 -9999 -9999 -9999 -0.509 -0.501 -0.488 -0.471 -0.46 -0.452 -0.45 -0.449 -0.442 -0.439 -9999 -9999 -9999 -9999 -9999 -0.393 -0.388 -0.376 -0.389 -0.403 -0.393 -0.374 -0.368 -0.378 -0.383 -0.383 -0.386 -0.4 -0.406 -0.405 -0.406 -0.412 -0.411 -0.406 -0.398 -0.392 -0.39 -0.394 -0.398 -0.398 -0.393 -0.39 -0.401 -0.408 -0.421 -0.433 -0.445 -0.452 -0.44
-9999 -9999 -9999 -9999 -9999 -9999 -9999 -9999 -9999 -9999 -9999 -9999 -9999 -9999 -9999 -9999 -9999 -9999 -9999 -9999 -9999 -9999 -9999 -9999 -9999 -9999 -9999 -9999 -0.484 -0.467 -0.458 -0.45 -0.447 -0.445 -0.442 -9999 -9999 -9999 -9999 -0.401 -0.402 -0.404 -0.393 -0.382 -0.391 -0.404 -0.389 -0.371 -0.378 -0.389 -0.389 -0.389 -0.392 -0.397 -0.401 -0.409 -0.409 -0.41 -0.408 -0.407 -0.399 -0.391 -0.389 -0.388 -0.391 -0.395 -0.39 -0.386 -0.395 -0.409 -0.42 -0.434 -0.444 -0.459 -0.448
-9999 -9999 -9999 -9999 -9999 -9999 -9999 -9999 -9999 -9999 -9999 -9999 -9999 -9999 -9999 -9999 -9999 -9999 -9999 -9999 -9999 -9999 -9999 -9999 -9999 -9999 -9999 -9999 -9999 -0.468 -0.459 -0.448 -0.448 -0.45 -9999 -9999 -9999 -9999 -0.401 -0.381 -0.381 -0.388 -0.381 -0.384 -0.393 -0.407 -0.392 -0.377 -0.383 -0.386 -0.389 -0.402 -0.396 -0.396 -0.394 -0.396 -0.406 -0.412 -0.401 -0.393 -0.393 -0.388 -0.388 -0.387 -0.393 -0.398 -0.396 -0.394 -0.4 -0.412 -0.412 -0.417 -0.42 -0.429 -0.445
-9999 -9999 -9999 -9999 -9999 -9999 -9999 -9999 -9999 -9999 -9999 -9999 -9999 -9999 -9999 -9999 -9999 -9999 -9999 -9999 -9999 -9999 -9999 -9999 -9999 -9999 -9999 -9999 -9999 -9999 -9999 -9999 -9999 -9999 -9999 -9999 -9999 -0.4 -0.387 -0.374 -0.378 -0.384 -0.385 -0.387 -0.397 -0.41 -0.397 -0.383 -0.385 -0.388 -0.397 -0.41 -0.405 -0.398 -0.396 -0.395 -0.403 -0.415 -0.404 -0.391 -0.39 -0.39 -0.39 -0.39 -0.395 -0.402 -0.4 -0.4 -0.407 -0.416 -0.415 -0.413 -0.415 -0.42 -0.434
-9999 -9999 -9999 -9999 -9999 -9999 -9999 -9999 -9999 -9999 -9999 -9999 -9999 -9999 -9999 -9999 -9999 -9999 -9999 -9999 -9999 -9999 -9999 -9999 -9999 -9999 -9999 -9999 -9999 -9999 -9999 -9999 -9999 -9999 -9999 -9999 -0.399 -0.389 -0.381 -0.382 -0.387 -0.395 -0.398 -0.403 -0.406 -0.398 -0.388 -0.381 -0.384 -0.395 -0.401 -0.403 -0.405 -0.404 -0.398 -0.394 -0.406 -0.419 -0.413 -0.403 -0.394 -0.389 -0.388 -0.387 -0.389 -0.394 -0.401 -0.405 -0.405 -0.41 -0.406 -0.401 -0.397 -0.397 -0.416
-9999 -9999 -9999 -9999 -9999 -9999 -9999 -9999 -9999 -9999 -9999 -9999 -9999 -9999 -9999 -9999 -9999 -9999 -9999 -9999 -9999 -9999 -9999 -9999 -9999 -9999 -9999 -9999 -9999 -9999 -9999 -9999 -9999 -9999 -9999 -9999 -0.391 -0.386 -0.386 -0.388 -0.393 -0.402 -0.406 -0.412 -0.404 -0.397 -0.39 -0.383 -0.391 -0.401 -0.402 -0.404 -0.405 -0.408 -0.403 -0.396 -0.408 -0.423 -0.417 -0.41 -0.402 -0.391 -0.39 -0.389 -0.391 -0.394 -0.401 -0.41 -0.41 -0.41 -0.405 -0.398 -0.394 -0.391 -0.409
-9999 -9999 -9999 -9999 -9999 -9999 -9999 -9999 -9999 -9999 -9999 -9999 -9999 -9999 -9999 -9999 -9999 -9999 -9999 -9999 -9999 -9999 -9999 -0.517 -0.507 -0.509 -0.497 -9999 -0.468 -9999 -9999 -9999 -9999 -9999 -9999 -9999 -9999 -0.375 -0.375 -0.376 -0.381 -0.392 -0.396 -0.406 -0.4 -0.396 -0.394 -0.401 -0.409 -0.416 -0.39 -0.375 -0.38 -0.384 -0.382 -0.377 -0.388 -0.402 -0.399 -0.393 -0.401 -0.4 -0.402 -0.402 -0.395 -0.392 -0.39 -0.393 -0.397 -0.398 -0.403 -0.402 -0.396 -0.392 -0.398
-9999 -9999 -9999 -9999 -9999 -9999 -9999 -9999 -9999 -9999 -9999 -9999 -9999 -9999 -9999 -9999 -9999 -9999 -9999 -9999 -0.523 -0.51 -0.51 -0.512 -0.508 -0.508 -0.494 -0.477 -0.464 -0.449 -0.435 -9999 -9999 -0.425 -0.409 -0.392 -0.382 -0.374 -0.373 -0.373 -0.38 -0.39 -0.397 -0.407 -0.402 -0.398 -0.404 -0.411 -0.417 -0.425 -0.399 -0.368 -0.372 -0.378 -0.376 -0.373 -0.384 -0.398 -0.395 -0.391 -0.397 -0.406 -0.408 -0.41 -0.403 -0.395 -0.392 -0.39 -0.393 -0.396 -0.4 -0.405 -0.4 -0.394 -0.4
-9999 -9999 -9999 -9999 -9999 -9999 -9999 -9999 -9999 -9999 -9999 -9999 -9999 -9999 -9999 -9999 -9999 -9999 -9999 -0.533 -0.519 -0.493 -0.494 -0.506 -0.506 -0.515 -0.503 -0.496 -0.478 -0.452 -0.435 -0.412 -0.41 -0.41 -0.396 -0.39 -0.382 -0.376 -0.372 -0.365 -0.373 -0.386 -0.392 -0.4 -0.4 -0.41 -0.412 -0.41 -0.413 -0.414 -0.391 -0.368 -0.37 -0.374 -0.382 -0.386 -0.378 -0.381 -0.386 -0.386 -0.389 -0.394 -0.406 -0.414 -0.408 -0.401 -0.406 -0.407 -0.411 -0.417 -0.408 -0.408 -0.401 -0.395 -0.399
-9999 -9999 -9999 -9999 -9999 -9999 -9999 -9999 -9999 -9999 -9999 -9999 -9999 -9999 -9999 -9999 -9999 -9999 -9999 -0.529 -0.505 -0.489 -0.495 -0.505 -0.51 -0.518 -0.51 -0.503 -0.48 -0.454 -0.434 -0.411 -0.407 -0.405 -0.398 -0.392 -0.386 -0.38 -0.373 -0.366 -0.375 -0.388 -0.393 -0.4 -0.408 -0.417 -0.415 -0.412 -0.412 -0.413 -0.394 -0.372 -0.373 -0.376 -0.384 -0.394 -0.387 -0.379 -0.383 -0.388 -0.391 -0.394 -0.404 -0.418 -0.413 -0.407 -0.41 -0.415 -0.419 -0.425 -0.418 -0.41 -0.404 -0.398 -0.401
-9999 -9999 -9999 -9999 -9999 -9999 -9999 -9999 -9999 -9999 -9999 -9999 -9999 -9999 -9999 -9999 -9999 -9999 -9999 -0.528 -0.508 -0.512 -0.512 -0.499 -0.504 -0.515 -0.505 -0.492 -0.473 -0.459 -0.439 -0.417 -0.411 -0.401 -0.398 -0.405 -0.397 -0.382 -0.38 -0.39 -0.389 -0.367 -0.375 -0.398 -0.404 -0.413 -0.408 -0.4 -0.399 -0.402 -0.389 -0.385 -0.383 -0.384 -0.379 -0.382 -0.384 -0.38 -0.381 -0.384 -0.387 -0.391 -0.392 -0.399 -0.409 -0.411 -0.409 -0.409 -0.407 -0.409 -0.412 -0.409 -0.415 -0.416 -0.419
-9999 -9999 -9999 -9999 -9999 -9999 -9999 -9999 -9999 -9999 -9999 -9999 -9999 -9999 -9999 -0.559 -0.555 -9999 -0.541 -0.525 -0.527 -0.524 -0.512 -0.5 -0.506 -0.515 -0.502 -0.489 -0.476 -0.463 -0.444 -0.423 -0.414 -0.404 -0.407 -0.414 -0.4 -0.386 -0.393 -0.403 -0.384 -0.362 -0.378 -0.399 -0.406 -0.414 -0.406 -0.397 -0.398 -0.401 -0.397 -0.393 -0.391 -0.39 -0.386 -0.382 -0.383 -0.385 -0.385 -0.387 -0.389 -0.394 -0.394 -0.396 -0.405 -0.415 -0.412 -0.409 -0.407 -0.405 -0.406 -0.411 -0.416 -0.423 -0.428
-9999 -9999 -9999 -9999 -9999 -9999 -9999 -9999 -9999 -9999 -9999 -9999 -9999 -9999 -9999 -0.548 -0.544 -0.543 -0.537 -0.537 -0.537 -0.534 -0.519 -0.497 -0.499 -0.501 -0.489 -0.484 -0.471 -0.462 -0.444 -0.424 -0.421 -0.431 -0.432 -0.426 -0.412 -0.395 -0.4 -0.401 -0.386 -0.376 -0.389 -0.402 -0.407 -0.412 -0.407 -0.41 -0.407 -0.396 -0.393 -0.393 -0.39 -0.389 -0.392 -0.391 -0.39 -0.39 -0.399 -0.405 -0.396 -0.394 -0.396 -0.397 -0.401 -0.408 -0.406 -0.403 -0.412 -0.417 -0.406 -0.402 -0.405 -0.41 -0.422
-9999 -9999 -9999 -9999 -9999 -9999 -9999 -9999 -9999 -9999 -9999 -9999 -9999 -9999 -0.555 -0.544 -0.542 -0.54 -0.54 -0.54 -0.539 -0.538 -0.521 -0.5 -0.498 -0.498 -0.491 -0.485 -0.475 -0.466 -0.448 -0.429 -0.435 -0.445 -0.439 -0.434 -0.419 -0.403 -0.402 -0.403 -0.394 -0.385 -0.394 -0.406 -0.409 -0.413 -0.415 -0.417 -0.408 -0.397 -0.396 -0.396 -0.394 -0.392 -0.395 -0.399 -0.398 -0.397 -0.405 -0.416 -0.408 -0.398 -0.399 -0.401 -0.404 -0.408 -0.405 -0.403 -0.412 -0.424 -0.413 -0.402 -0.404 -0.408 -0.418
-9999 -9999 -9999 -9999 -9999 -9999 -9999 -9999 -9999 -9999 -9999 -9999 -9999 -9999 -9999 -0.542 -0.538 -0.534 -0.536 -0.544 -0.54 -0.529 -0.519 -0.515 -0.509 -0.497 -0.487 -0.475 -0.463 -0.448 -0.435 -0.433 -0.435 -0.431 -0.43 -0.441 -0.431 -0.426 -0.423 -0.414 -0.41 -0.414 -0.417 -0.408 -0.407 -0.401 -0.4 -0.4 -0.392 -0.389 -0.387 -0.387 -0.386 -0.385 -0.386 -0.389 -0.395 -0.399 -0.406 -9999 -0.413 -0.407 -0.401 -0.399 -0.397 -0.4 -0.4 -0.4 -0.395 -0.398 -0.418 -0.424 -0.414 -0.413 -0.428
-9999 -9999 -9999 -9999 -9999 -9999 -9999 -9999 -9999 -9999 -9999 -9999 -9999 -9999 -0.546 -0.54 -0.536 -0.532 -0.538 -0.545 -0.536 -0.526 -0.524 -0.522 -0.512 -0.501 -0.489 -0.476 -0.461 -0.445 -0.441 -0.439 -0.434 -0.429 -0.437 -0.448 -0.443 -0.439 -0.43 -0.422 -0.425 -0.429 -0.421 -0.413 -0.406 -0.399 -0.397 -0.396 -0.392 -0.388 -0.387 -0.387 -0.386 -0.387 -0.387 -0.389 -0.395 -0.403 -0.411 -0.42 -9999 -0.412 -9999 -0.4 -9999 -0.399 -9999 -0.401 -0.396 -0.391 -0.41 -0.434 -0.425 -0.423 -9999
-9999 -9999 -9999 -9999 -9999 -9999 -9999 -9999 -9999 -9999 -9999 -9999 -9999 -9999 -0.545 -0.524 -0.529 -0.553 -0.556 -0.552 -0.545 -0.537 -0.532 -0.514 -0.508 -0.506 -0.493 -0.473 -0.455 -0.435 -0.432 -0.434 -0.433 -0.444 -0.444 -0.433 -0.428 -0.426 -0.418 -0.414 -0.418 -0.433 -0.428 -0.427 -0.417 -0.397 -0.394 -0.39 -0.388 -0.394 -0.395 -0.402 -0.387 -0.378 -0.398 -0.411 -0.411 -0.418 -0.4 -0.392 -9999 -9999 -0.42 -0.421 -9999 -9999 -0.405 -0.408 -0.419 -9999 -9999 -9999 -9999 -9999 -9999
-9999 -9999 -9999 -9999 -9999 -9999 -9999 -9999 -9999 -9999 -9999 -9999 -9999 -0.549 -0.535 -0.519 -0.538 -0.562 -0.559 -0.555 -0.55 -0.543 -0.529 -0.512 -0.51 -0.509 -0.493 -0.476 -0.458 -0.437 -0.435 -0.437 -0.444 -0.454 -0.443 -0.43 -0.427 -0.424 -0.419 -0.415 -0.425 -0.438 -0.437 -0.436 -0.419 -0.4 -0.395 -0.391 -0.394 -0.399 -0.404 -0.411 -0.397 -0.38 -0.398 -0.423 -0.424 -9999 -9999 -9999 -0.401 -9999 -9999 -9999 -9999 -9999 -9999 -0.433 -9999 -9999 -9999 -9999 -9999 -9999 -9999
-9999 -9999 -9999 -9999 -9999 -9999 -9999 -9999 -9999 -9999 -9999 -9999 -0.553 -0.547 -0.536 -0.527 -0.536 -0.532 -0.535 -0.554 -0.561 -0.591 -0.583 -0.575 -0.563 -0.522 -0.504 -0.476 -0.46 -0.445 -0.446 -0.453 -0.458 -0.466 -0.455 -9999 -9999 -9999 -9999 -9999 -0.42 -0.424 -0.424 -0.426 -0.414 -0.408 -0.401 -0.39 -0.39 -0.388 -9999 -0.4 -9999 -9999 -9999 -9999 -9999 -0.427 -0.413 -0.405 -0.403 -0.417 -0.418 -9999 -9999 -9999 -9999 -9999 -9999 -9999 -9999 -9999 -9999 -9999 -9999
-9999 -9999 -9999 -9999 -9999 -9999 -9999 -9999 -9999 -9999 -9999 -0.556 -0.553 -0.547 -0.54 -0.532 -0.526 -0.521 -0.536 -0.554 -0.579 -0.61 -0.606 -0.6 -0.567 -0.528 -0.504 -0.477 -0.464 -0.45 -0.455 -0.463 -9999 -9999 -9999 -9999 -9999 -9999 -9999 -9999 -9999 -9999 -0.427 -0.426 -0.42 -0.414 -0.405 -0.394 -0.39 -0.388 -0.389 -9999 -9999 -9999 -9999 -9999 -9999 -9999 -0.421 -0.415 -0.414 -0.418 -9999 -9999 -9999 -9999 -9999 -9999 -9999 -9999 -9999 -9999 -9999 -9999 -9999
-9999 -9999 -9999 -9999 -9999 -9999 -9999 -9999 -9999 -0.539 -0.545 -0.538 -0.55 -0.589 -0.578 -0.55 -0.542 -0.529 -0.553 -0.598 -0.607 -0.583 -0.569 -0.539 -0.515 -0.511 -0.492 -0.483 -0.472 -0.465 -9999 -9999 -9999 -9999 -9999 -9999 -9999 -9999 -9999 -9999 -9999 -9999 -9999 -0.427 -9999 -9999 -9999 -9999 -9999 -0.398 -0.399 -9999 -9999 -9999 -9999 -9999 -9999 -9999 -9999 -9999 -0.421 -0.431 -9999 -9999 -9999 -9999 -9999 -9999 -9999 -9999 -9999 -9999 -9999 -9999 -9999
-9999 -9999 -9999 -9999 -9999 -9999 -9999 -9999 -0.524 -9999 -0.528 -0.529 -0.565 -0.605 -0.584 -0.558 -0.547 -0.534 -0.571 -0.616 -0.595 -0.571 -0.546 -0.515 -0.51 -0.505 -0.496 -0.487 -0.479 -0.471 -9999 -9999 -9999 -9999 -9999 -9999 -9999 -9999 -9999 -9999 -9999 -9999 -9999 -9999 -0.424 -9999 -9999 -9999 -9999 -9999 -9999 -9999 -9999 -9999 -9999 -9999 -9999 -9999 -9999 -9999 -9999 -9999 -9999 -9999 -9999 -9999 -9999 -9999 -9999 -9999 -9999 -9999 -9999 -9999 -9999
-9999 -9999 -9999 -9999 -9999 -9999 -9999 -0.51 -0.514 -0.515 -0.526 -0.557 -0.587 -0.606 -0.595 -0.595 -0.577 -0.539 -0.558 -9999 -0.54 -0.544 -0.541 -0.578 -0.559 -0.503 -0.493 -0.482 -0.474 -9999 -9999 -9999 -9999 -9999 -9999 -9999 -9999 -9999 -9999 -9999 -9999 -9999 -9999 -9999 -9999 -9999 -9999 -9999 -9999 -9999 -9999 -9999 -9999 -9999 -9999 -9999 -9999 -9999 -9999 -9999 -9999 -9999 -9999 -9999 -9999 -9999 -9999 -9999 -9999 -9999 -9999 -9999 -9999 -9999 -9999
-9999 -9999 -9999 -9999 -9999 -9999 -9999 -0.501 -0.504 -0.509 -0.535 -0.566 -0.584 -0.603 -0.608 -0.61 -0.579 -0.543 -0.536 -0.529 -0.531 -0.535 -0.566 -0.604 -0.558 -0.504 -0.493 -0.482 -0.475 -9999 -9999 -9999 -9999 -9999 -9999 -9999 -9999 -9999 -9999 -9999 -9999 -9999 -9999 -9999 -9999 -9999 -9999 -9999 -9999 -9999 -9999 -9999 -9999 -9999 -9999 -9999 -9999 -9999 -9999 -9999 -9999 -9999 -9999 -9999 -9999 -9999 -9999 -9999 -9999 -9999 -9999 -9999 -9999 -9999 -9999
-9999 -9999 -9999 -9999 -9999 -9999 -0.484 -0.485 -0.506 -0.56 -0.577 -0.574 -0.586 -0.588 -0.593 -0.599 -0.572 -0.54 -0.533 -0.528 -0.527 -0.524 -0.542 -0.544 -0.51 -0.498 -0.49 -0.49 -9999 -9999 -9999 -9999 -9999 -9999 -9999 -9999 -9999 -9999 -9999 -9999 -9999 -9999 -9999 -9999 -9999 -9999 -9999 -9999 -9999 -9999 -9999 -9999 -9999 -9999 -9999 -9999 -9999 -9999 -9999 -9999 -9999 -9999 -9999 -9999 -9999 -9999 -9999 -9999 -9999 -9999 -9999 -9999 -9999 -9999 -9999
