Validation/Results/ReClimate_10_2024_1_Precipitation-Actuals.asc
NCOLS 192
NROWS 249
XLLCENTER -225160.85627316462
YLLCENTER 29788.11610251431
CELLSIZE 5000.0
NODATA_VALUE -9999
[rows 99 to 131 of 249, columns 74 to 147 of 192]
257.983 257.122 272.16 273.315 280.847 292.243 295.132 299.993 -9999 -9999 201.704 311.446 344.53 386.551 359.07 369.712 361.869 308.898 296.731 270.743 259.461 253.808 233.243 200.809 180.976 171.249 149.723 144.037 133.286 124.538 116.886 109.319 105.274 104.782 96.72 90.205 81.079 71.517 73.065 80.893 76.706 71.032 71.161 71.817 65.574 -9999 -9999 -9999 -9999 -9999 -9999 -9999 -9999 -9999 -9999 -9999 -9999 -9999 -9999 -9999 -9999 -9999 -9999 -9999 -9999 -9999 -9999 -9999 -9999 -9999 -9999 -9999 -9999 -9999
228.577 272.532 264.545 -9999 -9999 259.773 277.002 -9999 -9999 -9999 214.171 286.83 392.913 393.706 413.822 362.566 315.075 302.157 329.606 322.019 285.645 272.03 227.307 220.232 217.052 184.476 150.975 167.886 180.501 160.745 134.277 118.727 109.037 97.32 79.098 75.561 71.944 77.98 93.485 90.468 87.56 85.196 81.628 70.678 63.65 -9999 -9999 -9999 -9999 -9999 -9999 -9999 -9999 -9999 -9999 -9999 -9999 -9999 -9999 -9999 -9999 -9999 -9999 -9999 -9999 -9999 -9999 -9999 -9999 -9999 -9999 -9999 -9999 -9999
224.656 -9999 268.619 274.421 292.759 -9999 -9999 -9999 -9999 239.956 240.373 318.601 358.111 370.761 369.792 343.499 334.011 352.426 381.418 345.644 336.186 263.742 241.441 240.426 201.361 159.88 181.259 216.019 201.469 150.013 141.457 125.511 109.706 88.985 79.276 74.545 77.912 96.548 88.776 86.957 85.345 82.875 72.94 61.107 -9999 -9999 -9999 -9999 -9999 -9999 -9999 -9999 -9999 -9999 -9999 -9999 -9999 -9999 -9999 -9999 -9999 -9999 -9999 -9999 -9999 -9999 -9999 -9999 -9999 -9999 -9999 -9999 -9999 -9999
236.932 305.708 359.704 401.514 417.556 328.439 266.926 -9999 -9999 233.401 -9999 -9999 276.181 362.527 354.285 319.34 346.12 387.747 358.676 388.306 359.563 290.085 240.286 194.835 210.573 210.671 230.025 219.301 186.411 188.771 162.722 125.293 101.724 87.957 81.615 81.257 92.538 79.294 72.793 76.564 73.779 70.39 65.374 -9999 -9999 -9999 -9999 -9999 -9999 -9999 -9999 -9999 -9999 -9999 -9999 -9999 -9999 -9999 -9999 -9999 -9999 -9999 -9999 -9999 -9999 -9999 -9999 -9999 -9999 -9999 -9999 -9999 -9999 -9999
266.531 302.226 356.571 426.229 388.25 -9999 -9999 -9999 238.062 260.922 267.0 283.573 300.156 309.175 280.002 292.162 346.044 357.996 352.651 328.791 300.119 269.274 236.028 241.68 204.923 217.723 199.667 197.047 195.649 162.675 141.181 116.4 98.324 87.636 79.059 80.808 73.761 65.548 -9999 -9999 67.786 -9999 -9999 -9999 -9999 -9999 -9999 -9999 -9999 -9999 -9999 -9999 -9999 -9999 -9999 -9999 -9999 -9999 -9999 -9999 -9999 -9999 -9999 -9999 -9999 -9999 -9999 -9999 -9999 -9999 -9999 -9999 -9999 -9999
254.005 287.146 344.781 -9999 347.684 -9999 -9999 -9999 251.423 284.416 301.185 299.063 284.716 290.992 303.366 342.263 379.339 354.342 335.937 327.232 320.962 274.066 246.79 211.617 215.884 213.908 189.216 164.899 129.112 128.924 115.546 101.888 92.947 82.242 75.309 74.191 66.088 -9999 72.239 67.384 65.734 69.948 -9999 -9999 -9999 -9999 -9999 -9999 -9999 -9999 -9999 -9999 -9999 -9999 -9999 -9999 -9999 -9999 -9999 -9999 -9999 -9999 -9999 -9999 -9999 -9999 -9999 -9999 -9999 -9999 -9999 -9999 -9999 -9999
-9999 251.741 -9999 -9999 -9999 -9999 273.144 268.117 283.552 297.307 313.03 304.746 315.862 338.31 336.24 356.272 358.279 385.769 349.396 344.392 307.761 298.811 253.177 254.169 266.571 222.963 203.261 174.423 142.366 118.659 107.262 92.436 85.565 82.965 82.587 -9999 76.239 75.556 69.512 68.944 65.567 72.754 -9999 -9999 -9999 -9999 -9999 -9999 -9999 -9999 -9999 -9999 -9999 -9999 -9999 -9999 -9999 -9999 -9999 -9999 -9999 -9999 -9999 -9999 -9999 -9999 -9999 -9999 -9999 -9999 -9999 -9999 -9999 -9999
-9999 -9999 -9999 -9999 -9999 -9999 272.734 243.275 255.217 297.206 322.059 309.121 323.251 301.179 303.464 338.153 395.815 382.756 340.371 332.919 318.342 263.839 257.9 290.316 244.896 245.388 231.218 175.85 148.386 128.863 110.134 111.37 113.273 112.045 112.218 101.042 84.161 78.669 82.238 85.444 78.877 78.682 76.86 -9999 -9999 -9999 -9999 -9999 -9999 -9999 -9999 -9999 -9999 -9999 -9999 -9999 -9999 -9999 -9999 -9999 -9999 -9999 -9999 -9999 -9999 -9999 -9999 -9999 -9999 -9999 -9999 -9999 -9999 -9999
-9999 -9999 -9999 -9999 -9999 263.451 -9999 -9999 257.411 301.287 307.595 320.356 303.906 -9999 -9999 360.581 406.362 410.392 332.901 306.335 280.003 251.967 251.58 231.568 212.88 200.922 165.084 148.8 142.808 141.322 157.547 163.823 144.264 133.65 119.94 107.631 99.823 88.727 95.867 86.017 90.329 86.309 78.436 70.81 -9999 -9999 -9999 -9999 -9999 -9999 -9999 -9999 -9999 -9999 -9999 -9999 -9999 -9999 -9999 -9999 -9999 -9999 -9999 -9999 -9999 -9999 -9999 -9999 -9999 -9999 -9999 -9999 -9999 -9999
-9999 -9999 -9999 -9999 -9999 246.124 -9999 233.091 252.012 271.931 301.045 301.33 291.991 285.832 326.775 362.817 370.482 305.968 308.598 324.099 259.002 238.22 226.657 205.18 174.062 150.843 130.683 131.904 149.194 194.724 207.153 171.017 147.888 126.744 116.339 108.026 99.164 95.47 87.97 80.318 75.059 75.304 70.132 -9999 -9999 -9999 -9999 -9999 -9999 -9999 -9999 -9999 -9999 -9999 -9999 -9999 -9999 -9999 -9999 -9999 -9999 -9999 -9999 -9999 -9999 -9999 -9999 -9999 -9999 -9999 -9999 -9999 -9999 -9999
-9999 -9999 -9999 -9999 -9999 228.797 -9999 215.142 215.276 251.29 266.188 276.473 -9999 313.181 315.045 -9999 318.394 305.696 308.408 261.858 266.104 228.72 213.729 161.715 139.635 128.207 129.856 123.07 148.376 147.036 133.505 131.179 121.53 117.965 108.327 101.91 92.762 85.086 78.359 -9999 -9999 -9999 -9999 -9999 -9999 -9999 -9999 -9999 -9999 -9999 -9999 -9999 -9999 -9999 -9999 -9999 -9999 -9999 -9999 -9999 -9999 -9999 -9999 -9999 -9999 -9999 -9999 -9999 -9999 -9999 -9999 -9999 -9999 -9999
-9999 -9999 -9999 206.763 214.886 -9999 -9999 196.263 228.031 247.989 243.335 257.354 317.46 304.449 336.339 -9999 267.105 278.617 258.045 242.333 225.583 219.5 173.262 159.536 148.508 156.743 152.627 130.939 125.291 108.68 105.028 108.467 111.603 113.11 106.057 102.996 94.026 81.874 -9999 -9999 -9999 -9999 -9999 -9999 -9999 -9999 -9999 -9999 -9999 -9999 -9999 -9999 -9999 -9999 -9999 -9999 -9999 -9999 -9999 -9999 -9999 -9999 -9999 -9999 -9999 -9999 -9999 -9999 -9999 -9999 -9999 -9999 -9999 -9999
-9999 -9999 186.485 193.639 203.266 -9999 204.529 227.743 245.339 238.554 -9999 293.592 298.284 326.512 342.349 -9999 257.367 250.533 219.793 188.498 185.481 167.136 163.19 154.826 152.118 187.062 163.877 151.164 130.496 -9999 93.252 96.583 98.529 96.626 99.754 103.765 90.756 -9999 -9999 -9999 -9999 -9999 -9999 -9999 -9999 -9999 -9999 -9999 -9999 -9999 -9999 -9999 -9999 -9999 -9999 -9999 -9999 -9999 -9999 -9999 -9999 -9999 -9999 -9999 -9999 -9999 -9999 -9999 -9999 -9999 -9999 -9999 -9999 -9999
-9999 -9999 173.367 177.443 -9999 -9999 221.159 249.677 250.297 -9999 261.421 285.931 302.03 321.43 313.447 -9999 226.305 197.863 185.384 179.25 176.559 173.857 178.151 204.976 225.286 217.617 198.332 156.415 124.076 102.511 92.542 -9999 -9999 90.586 96.851 -9999 -9999 -9999 -9999 -9999 -9999 63.578 64.025 63.306 -9999 -9999 -9999 -9999 -9999 -9999 -9999 -9999 -9999 -9999 -9999 -9999 -9999 -9999 -9999 -9999 -9999 -9999 -9999 -9999 -9999 -9999 -9999 -9999 -9999 -9999 -9999 -9999 -9999 -9999
-9999 184.367 193.083 -9999 -9999 208.54 226.708 229.539 256.146 -9999 253.306 276.63 272.832 274.893 294.105 -9999 -9999 -9999 191.04 182.096 177.804 179.837 192.117 196.691 187.925 182.147 165.105 140.194 128.077 116.724 102.484 92.87 90.954 92.98 77.869 -9999 -9999 -9999 -9999 -9999 67.878 64.802 69.946 65.195 63.603 -9999 -9999 -9999 -9999 -9999 -9999 -9999 -9999 -9999 -9999 -9999 -9999 -9999 -9999 -9999 -9999 -9999 -9999 -9999 -9999 -9999 -9999 -9999 -9999 -9999 -9999 -9999 -9999 -9999
205.023 210.564 204.316 -9999 -9999 -9999 188.474 232.746 239.036 -9999 229.027 -9999 231.405 252.201 236.558 -9999 200.861 208.68 202.295 -9999 160.355 154.444 159.819 154.759 148.596 150.926 146.358 138.157 131.157 122.717 108.33 108.289 103.644 88.122 77.548 71.262 71.681 72.42 -9999 68.648 69.099 71.152 72.598 80.132 81.608 85.723 66.161 -9999 -9999 -9999 -9999 -9999 -9999 -9999 -9999 -9999 -9999 -9999 -9999 -9999 -9999 -9999 -9999 -9999 -9999 -9999 -9999 -9999 -9999 -9999 -9999 -9999 -9999 -9999
206.098 219.999 -9999 -9999 -9999 -9999 207.677 240.889 217.344 -9999 198.475 -9999 202.663 200.41 -9999 213.746 227.643 248.692 232.47 190.006 151.612 138.152 132.05 126.732 129.375 124.931 126.958 128.668 124.981 120.516 111.023 111.17 104.982 106.776 89.402 83.93 86.09 78.349 75.474 72.189 72.31 74.97 79.681 95.103 97.694 105.066 97.135 81.132 74.218 79.149 -9999 -9999 -9999 -9999 -9999 -9999 -9999 -9999 -9999 -9999 -9999 -9999 -9999 -9999 -9999 -9999 -9999 -9999 -9999 -9999 -9999 -9999 -9999 -9999
-9999 207.021 -9999 -9999 -9999 -9999 213.887 214.957 218.881 212.656 -9999 -9999 166.494 174.244 -9999 199.08 235.757 276.225 236.68 186.912 152.336 142.579 129.164 122.097 110.764 108.454 113.762 120.326 126.794 125.576 124.265 115.058 123.445 110.223 107.394 110.371 93.521 79.598 75.151 79.973 79.808 90.076 113.775 121.459 118.086 117.945 107.693 109.726 86.529 79.209 78.674 -9999 -9999 -9999 -9999 -9999 -9999 -9999 -9999 -9999 -9999 -9999 -9999 -9999 -9999 -9999 -9999 -9999 -9999 -9999 -9999 -9999 -9999 -9999
210.54 -9999 -9999 -9999 -9999 -9999 185.23 195.159 214.92 192.987 -9999 -9999 167.813 164.884 -9999 -9999 231.064 231.617 209.16 182.758 174.576 163.005 146.294 131.094 126.476 112.357 113.112 123.694 127.643 134.07 134.978 138.349 128.833 126.92 129.688 112.288 95.296 93.062 89.782 89.171 102.249 118.182 125.722 129.264 122.775 112.011 104.359 93.521 84.389 86.305 79.719 -9999 -9999 -9999 -9999 -9999 -9999 -9999 -9999 -9999 -9999 -9999 -9999 -9999 -9999 -9999 -9999 -9999 -9999 -9999 -9999 -9999 -9999 -9999
194.399 -9999 -9999 -9999 -9999 -9999 170.116 192.814 206.607 -9999 -9999 -9999 -9999 161.249 -9999 165.267 196.939 204.34 189.998 184.554 185.654 179.248 172.126 164.405 147.588 130.982 122.935 116.412 119.796 125.768 136.446 135.529 131.671 129.571 117.685 106.845 100.998 108.265 115.776 113.832 110.486 112.531 109.791 107.451 108.648 106.086 94.395 81.851 81.66 81.423 80.754 77.458 -9999 -9999 -9999 -9999 -9999 -9999 -9999 -9999 -9999 -9999 -9999 -9999 -9999 -9999 -9999 -9999 -9999 -9999 -9999 -9999 -9999 -9999
178.094 -9999 -9999 -9999 180.589 177.169 181.132 197.003 -9999 -9999 237.883 -9999 -9999 -9999 -9999 155.551 176.384 178.148 173.928 172.209 174.526 188.986 191.727 183.91 169.943 149.821 136.322 117.949 109.029 118.063 119.208 113.929 119.12 109.744 115.492 122.6 120.394 135.302 141.214 129.765 119.282 111.238 98.103 94.574 96.55 99.095 90.621 80.158 78.527 79.173 75.737 73.998 -9999 -9999 -9999 -9999 -9999 -9999 -9999 -9999 -9999 -9999 -9999 -9999 -9999 -9999 -9999 -9999 -9999 -9999 -9999 -9999 -9999 -9999
-9999 -9999 -9999 -9999 -9999 186.078 192.484 212.094 -9999 224.48 257.516 276.09 -9999 -9999 -9999 -9999 145.831 147.474 148.849 155.126 163.734 173.178 180.494 180.732 176.1 155.589 135.192 116.988 120.111 109.715 104.511 107.422 116.453 114.507 129.495 118.78 131.606 131.912 133.808 134.127 125.028 108.424 95.159 89.4 84.854 83.752 82.913 74.504 74.807 77.09 78.533 78.407 77.794 -9999 -9999 -9999 -9999 -9999 -9999 -9999 -9999 -9999 -9999 -9999 -9999 -9999 -9999 -9999 -9999 -9999 -9999 -9999 -9999 -9999
-9999 -9999 -9999 -9999 -9999 190.683 206.908 226.328 -9999 193.956 250.864 281.092 -9999 -9999 -9999 -9999 -9999 130.451 134.126 146.641 159.253 159.317 162.857 173.332 173.654 177.607 163.297 148.556 126.136 116.664 108.42 108.983 106.354 111.858 123.971 125.652 124.756 128.252 123.148 105.752 100.6 92.054 92.193 83.858 81.374 81.577 72.797 73.079 72.082 76.1 83.475 87.314 81.727 79.856 -9999 -9999 -9999 -9999 -9999 -9999 -9999 -9999 -9999 -9999 -9999 -9999 -9999 -9999 -9999 -9999 -9999 -9999 -9999 -9999
-9999 -9999 -9999 -9999 -9999 196.015 219.813 -9999 -9999 178.614 231.857 258.495 214.026 -9999 -9999 -9999 -9999 -9999 127.668 144.657 153.646 156.592 171.506 183.705 190.089 192.922 178.704 162.926 145.055 138.435 123.152 121.82 127.34 142.713 141.547 167.431 143.679 146.563 121.625 132.044 117.661 103.298 92.236 85.493 83.646 78.297 78.496 82.026 85.684 79.853 86.095 83.478 92.287 85.683 82.352 79.481 -9999 -9999 -9999 -9999 -9999 -9999 -9999 -9999 -9999 -9999 -9999 -9999 -9999 -9999 -9999 -9999 -9999 -9999
-9999 -9999 -9999 -9999 -9999 208.683 189.691 -9999 -9999 190.416 221.394 221.157 -9999 -9999 -9999 -9999 -9999 -9999 121.311 129.001 139.306 144.931 158.981 165.569 175.106 178.7 179.105 179.049 159.72 145.683 148.352 159.87 180.511 166.449 183.835 191.063 179.403 141.612 145.424 138.284 104.904 98.683 91.391 85.347 85.921 82.665 76.793 85.15 92.789 106.964 108.303 99.295 97.497 96.333 88.782 85.094 -9999 -9999 -9999 -9999 -9999 -9999 -9999 -9999 -9999 -9999 -9999 -9999 -9999 -9999 -9999 -9999 -9999 -9999
-9999 -9999 -9999 -9999 -9999 197.478 174.948 -9999 -9999 -9999 184.198 184.615 168.172 -9999 -9999 -9999 -9999 -9999 116.93 128.176 132.547 140.071 146.938 155.757 173.375 192.097 205.304 184.655 172.054 162.239 159.898 166.783 176.635 183.495 215.214 200.48 175.291 167.933 154.294 116.888 114.027 99.866 95.455 88.041 81.449 85.828 92.615 102.909 124.279 144.506 138.23 121.711 106.328 99.746 96.342 91.524 -9999 -9999 -9999 -9999 -9999 -9999 -9999 -9999 -9999 -9999 -9999 -9999 -9999 -9999 -9999 -9999 -9999 -9999
-9999 -9999 -9999 -9999 213.022 194.341 178.789 -9999 -9999 -9999 -9999 -9999 -9999 -9999 -9999 -9999 -9999 -9999 135.217 143.729 146.41 146.857 151.837 157.237 168.394 189.811 205.692 198.446 188.608 194.197 186.392 194.802 203.242 224.437 229.804 218.34 200.087 198.365 159.259 143.075 120.968 111.343 95.589 88.392 93.299 93.961 108.327 129.164 156.3 153.794 151.125 120.838 103.972 99.8 97.219 96.541 81.226 -9999 -9999 -9999 -9999 -9999 -9999 -9999 -9999 -9999 -9999 -9999 -9999 -9999 -9999 -9999 -9999 -9999
-9999 -9999 -9999 216.247 212.475 203.307 176.499 -9999 -9999 -9999 -9999 -9999 -9999 -9999 -9999 -9999 142.904 140.362 148.829 164.147 177.787 181.553 178.528 177.365 181.136 191.734 186.494 204.102 215.651 213.173 226.985 218.631 205.168 204.417 236.203 212.955 221.482 193.284 167.042 141.55 121.409 106.001 106.289 99.176 94.478 101.222 118.201 142.09 138.942 147.201 145.805 121.912 100.757 95.753 102.787 99.338 87.668 -9999 -9999 -9999 -9999 -9999 -9999 -9999 -9999 -9999 -9999 -9999 -9999 -9999 -9999 -9999 -9999 -9999
-9999 -9999 -9999 210.861 181.106 157.915 -9999 -9999 -9999 -9999 -9999 -9999 -9999 -9999 -9999 -9999 145.567 146.675 166.471 187.57 203.768 201.032 221.287 235.169 229.695 221.231 222.535 204.769 205.913 228.088 233.935 216.629 194.408 198.455 210.084 229.392 210.962 198.265 175.188 154.675 126.983 124.46 119.829 113.257 111.163 130.992 147.597 145.32 136.061 131.401 116.771 112.438 113.046 113.261 105.031 100.555 92.094 -9999 -9999 -9999 -9999 -9999 -9999 -9999 -9999 -9999 -9999 -9999 -9999 -9999 -9999 -9999 -9999 -9999
-9999 -9999 -9999 -9999 -9999 -9999 -9999 -9999 -9999 -9999 -9999 -9999 -9999 -9999 -9999 -9999 153.302 163.444 189.737 213.493 223.841 224.395 254.638 269.758 292.873 258.766 220.004 204.919 210.747 223.086 250.109 228.944 188.626 186.31 208.868 218.021 212.095 197.793 189.466 163.581 163.944 162.784 151.814 152.266 160.429 166.064 143.842 138.127 128.464 119.696 119.614 106.395 104.737 107.744 104.137 94.632 89.294 -9999 -9999 -9999 -9999 -9999 -9999 -9999 -9999 -9999 -9999 -9999 -9999 -9999 -9999 -9999 -9999 -9999
-9999 -9999 -9999 -9999 -9999 -9999 -9999 -9999 -9999 -9999 -9999 -9999 -9999 -9999 -9999 163.303 174.471 196.185 222.656 260.436 237.93 240.727 251.236 287.899 273.595 247.996 217.907 202.058 179.032 188.348 200.77 201.419 184.999 172.935 183.099 194.541 194.234 193.303 188.914 190.157 173.093 176.53 168.703 166.705 184.195 155.001 153.07 135.826 115.119 121.452 119.61 116.825 104.836 99.562 94.662 89.872 86.879 -9999 -9999 -9999 -9999 -9999 -9999 -9999 -9999 -9999 -9999 -9999 -9999 -9999 -9999 -9999 -9999 -9999
-9999 -9999 -9999 -9999 -9999 -9999 -9999 -9999 -9999 -9999 -9999 -9999 -9999 -9999 -9999 179.933 198.463 225.42 268.584 269.206 267.357 261.64 279.581 255.131 242.221 221.399 207.377 191.413 161.853 164.109 186.6 192.285 178.069 152.377 159.12 166.027 170.246 182.053 198.583 167.222 185.992 177.703 166.034 189.35 164.987 157.604 142.636 119.004 119.967 115.393 111.517 117.096 109.642 103.147 99.124 89.957 84.615 -9999 -9999 -9999 -9999 -9999 -9999 -9999 -9999 -9999 -9999 -9999 -9999 -9999 -9999 -9999 -9999 -9999
-9999 -9999 -9999 -9999 -9999 -9999 -9999 -9999 -9999 -9999 -9999 -9999 -9999 -9999 180.492 195.539 215.512 250.438 258.408 276.557 300.466 300.851 284.968 242.662 217.162 205.837 205.027 196.758 171.066 168.28 181.412 174.311 145.457 136.589 143.383 159.735 168.284 192.059 172.249 173.764 188.146 171.311 177.178 173.627 153.168 146.991 126.911 126.314 121.203 113.908 114.917 110.022 99.417 100.375 101.055 92.195 85.421 83.704 -9999 -9999 -9999 -9999 -9999 -9999 -9999 -9999 -9999 -9999 -9999 -9999 -9999 -9999 -9999 -9999
