Validation/Results/ReClimate_06_2024_2_Temperature.asc
NCOLS 192
NROWS 249
XLLCENTER -225160.85627316462
YLLCENTER 29788.11610251502
CELLSIZE 5000.0
NODATA_VALUE -9999
[rows 204 to 237 of 249, columns 77 to 153 of 192]
-9999 -9999 0.226 -9999 0.226 0.231 0.251 0.272 0.281 0.289 0.295 0.302 0.31 0.318 0.328 0.338 0.355 0.374 0.38 0.385 0.387 0.388 0.396 0.405 0.402 0.398 0.403 0.408 0.403 0.397 0.403 0.41 0.422 0.437 0.42 0.399 0.403 0.409 0.414 0.42 0.428 0.439 0.452 0.466 0.464 0.462 0.48 0.501 0.507 0.515 0.512 0.508 0.513 0.518 0.533 0.552 0.56 0.569 0.582 0.598 0.614 0.633 0.633 0.631 0.634 0.637 0.644 0.652 0.662 0.674 0.671 0.665 0.657 0.647 0.646 0.649 0.648
-9999 -9999 -9999 -9999 -9999 -9999 0.263 0.268 0.279 0.296 0.303 0.312 0.325 0.347 0.353 0.347 0.36 0.368 0.371 0.367 0.372 0.387 0.4 0.426 0.425 0.422 0.421 0.404 0.408 0.43 0.437 0.444 0.45 0.442 0.427 0.411 0.413 0.411 0.415 0.419 0.427 0.44 0.451 0.459 0.463 0.475 0.489 0.5 0.505 0.51 0.517 0.518 0.53 0.539 0.541 0.551 0.559 0.568 0.583 0.6 0.611 0.625 0.631 0.631 0.637 0.641 0.648 0.656 0.655 0.66 0.669 0.67 0.653 0.638 0.65 0.66 0.643
-9999 -9999 -9999 -9999 -9999 -9999 0.263 0.268 0.284 0.301 0.309 0.317 0.338 0.36 0.357 0.352 0.36 0.368 0.366 0.362 0.375 0.389 0.41 0.435 0.435 0.433 0.421 0.405 0.423 0.445 0.452 0.46 0.454 0.445 0.434 0.421 0.419 0.416 0.42 0.423 0.433 0.446 0.454 0.462 0.474 0.486 0.495 0.505 0.509 0.514 0.52 0.527 0.539 0.552 0.554 0.556 0.564 0.572 0.587 0.605 0.615 0.624 0.628 0.632 0.637 0.644 0.65 0.658 0.658 0.657 0.665 0.673 0.657 0.637 0.649 0.666 0.65
-9999 -9999 -9999 -9999 0.264 0.273 0.281 0.28 -9999 0.277 0.287 0.306 0.325 0.343 0.345 -9999 0.367 0.377 0.374 0.369 0.385 0.41 0.422 0.419 0.421 0.429 0.419 0.41 0.423 0.429 0.432 0.428 0.428 0.445 0.438 0.438 0.433 0.416 0.417 0.414 0.427 0.455 0.464 0.475 0.486 0.496 0.503 0.507 0.515 0.523 0.522 0.525 0.535 0.547 0.562 0.571 0.582 0.593 0.598 0.608 0.609 0.613 0.621 0.626 0.634 0.642 0.641 0.644 0.645 0.644 0.658 0.668 0.653 0.634 0.634 0.643 0.651
-9999 -9999 -9999 -9999 0.27 -9999 -9999 -9999 0.28 0.269 0.284 -9999 -9999 -9999 -9999 -9999 0.37 0.382 0.378 0.373 0.395 0.42 0.418 0.414 0.422 0.429 0.423 0.415 0.42 0.425 0.422 0.418 0.431 0.447 0.449 0.45 0.437 0.42 0.418 0.416 0.436 0.463 0.473 0.484 0.494 0.504 0.509 0.513 0.521 0.531 0.531 0.529 0.539 0.55 0.564 0.581 0.592 0.605 0.608 0.611 0.611 0.61 0.617 0.626 0.633 0.643 0.642 0.64 0.64 0.641 0.653 0.666 0.652 0.635 0.635 0.637 0.643
-9999 -9999 -9999 -9999 -9999 -9999 0.281 0.287 0.282 0.274 0.29 -9999 -9999 -9999 -9999 -9999 -9999 -9999 -9999 0.389 0.405 0.413 0.418 0.434 0.436 0.423 0.421 0.424 0.434 0.454 0.453 0.449 0.452 0.435 0.439 0.45 0.439 0.427 0.427 0.43 0.447 0.462 0.474 0.492 0.503 0.516 0.52 0.52 0.527 0.536 0.54 0.541 0.551 0.563 0.575 0.59 0.595 0.603 0.605 0.606 0.611 0.613 0.62 0.628 0.626 0.629 0.634 0.636 0.639 0.642 0.648 0.658 0.649 0.635 0.631 0.631 0.628
-9999 -9999 -9999 -9999 -9999 -9999 -9999 0.287 -9999 -9999 -9999 -9999 -9999 -9999 -9999 -9999 -9999 0.379 0.387 0.396 0.404 0.411 0.426 0.443 0.434 0.423 0.427 0.429 0.447 0.467 0.466 0.464 0.451 0.434 0.444 0.454 0.445 0.434 0.437 0.44 -9999 0.466 0.481 0.499 0.511 0.524 0.527 0.528 0.535 0.543 0.546 0.55 0.56 0.572 0.584 0.596 0.6 0.603 0.605 0.605 0.61 0.615 0.622 0.63 0.628 0.625 0.63 0.636 0.639 0.643 0.649 0.655 0.646 0.636 0.632 0.629 0.627
-9999 -9999 -9999 -9999 -9999 -9999 -9999 -9999 -9999 -9999 -9999 -9999 -9999 -9999 -9999 -9999 -9999 0.381 0.39 0.397 0.403 -9999 -9999 -9999 0.418 0.422 0.429 0.441 0.446 0.43 0.428 0.431 0.423 0.423 0.434 0.455 0.447 0.44 0.443 -9999 0.451 0.461 0.478 0.506 0.516 0.526 0.532 0.543 0.548 0.549 0.554 0.559 0.569 0.581 0.588 0.599 0.598 0.598 0.598 0.598 0.604 0.61 0.617 0.625 0.631 0.633 0.631 0.634 0.635 0.638 0.632 0.63 0.632 0.628 0.632 0.633 0.623
-9999 -9999 -9999 -9999 -9999 -9999 -9999 -9999 -9999 -9999 -9999 -9999 -9999 -9999 -9999 -9999 -9999 -9999 -9999 -9999 -9999 -9999 -9999 -9999 0.42 0.422 0.434 0.447 0.433 0.416 0.419 0.422 0.423 0.422 0.439 0.459 0.453 -9999 -9999 0.446 0.454 0.463 0.486 0.512 0.521 0.53 0.542 0.554 0.555 0.555 0.56 0.565 0.575 0.586 0.593 0.601 0.6 0.597 0.597 0.596 0.602 0.609 0.616 0.625 0.63 0.636 0.636 0.634 0.636 0.636 0.63 0.621 0.622 0.625 0.629 0.635 0.625
-9999 -9999 -9999 -9999 -9999 -9999 -9999 -9999 -9999 -9999 -9999 -9999 -9999 -9999 -9999 -9999 -9999 -9999 -9999 -9999 -9999 -9999 -9999 -9999 0.426 0.43 0.433 0.419 0.41 0.412 0.415 0.417 0.42 0.427 -9999 -9999 -9999 -9999 -9999 0.469 0.47 0.459 0.479 0.499 0.51 0.526 0.54 0.558 0.56 0.563 0.56 0.561 0.579 0.595 0.594 0.596 0.591 0.586 0.589 0.59 0.591 0.594 0.597 0.601 0.616 0.627 0.624 0.622 0.629 0.633 0.634 0.631 0.628 0.63 0.636 0.644 0.634
-9999 -9999 -9999 -9999 -9999 -9999 -9999 -9999 -9999 -9999 -9999 -9999 -9999 -9999 -9999 -9999 -9999 -9999 -9999 -9999 -9999 -9999 -9999 -9999 -9999 -9999 0.425 0.408 0.41 0.413 0.415 0.418 0.425 -9999 -9999 -9999 -9999 0.472 0.477 0.482 0.472 0.462 0.479 0.498 0.512 0.528 0.544 0.561 0.565 0.568 0.565 0.561 0.578 0.599 0.598 0.596 0.59 0.583 0.586 0.589 0.59 0.59 0.592 0.594 0.607 0.624 0.621 0.618 0.624 0.631 0.632 0.634 0.631 0.63 0.637 0.646 0.637
-9999 -9999 -9999 -9999 -9999 -9999 -9999 -9999 -9999 -9999 -9999 -9999 -9999 -9999 -9999 -9999 -9999 -9999 -9999 -9999 -9999 -9999 -9999 -9999 -9999 -9999 -9999 0.414 0.419 0.429 0.432 0.425 -9999 -9999 -9999 -9999 0.473 0.456 0.461 0.472 0.467 0.473 0.484 0.489 0.501 0.515 0.53 0.548 0.549 0.546 0.553 0.555 0.559 0.572 0.577 0.577 0.58 0.578 0.579 0.581 0.58 0.58 0.588 0.593 0.593 0.602 0.609 0.611 0.611 0.613 0.606 0.602 0.622 0.633 0.625 0.625 0.629
-9999 -9999 -9999 -9999 -9999 -9999 -9999 -9999 -9999 -9999 -9999 -9999 -9999 -9999 -9999 -9999 -9999 -9999 -9999 -9999 -9999 -9999 -9999 -9999 -9999 -9999 -9999 -9999 -9999 -9999 -9999 -9999 -9999 -9999 -9999 0.473 0.464 0.452 0.461 0.47 0.474 0.479 0.483 0.487 0.499 0.512 0.527 0.544 0.544 0.541 0.547 0.555 0.56 0.564 0.568 0.571 0.574 0.578 0.579 0.58 0.579 0.578 0.585 0.593 0.594 0.595 0.601 0.609 0.608 0.606 0.598 0.59 0.608 0.632 0.625 0.617 0.619
-9999 -9999 -9999 -9999 -9999 -9999 -9999 -9999 -9999 -9999 -9999 -9999 -9999 -9999 -9999 -9999 -9999 -9999 -9999 -9999 -9999 -9999 -9999 -9999 -9999 -9999 -9999 -9999 -9999 -9999 -9999 -9999 -9999 -9999 0.443 0.454 0.449 0.452 0.459 0.468 0.471 0.478 0.482 0.484 0.497 0.513 0.523 0.527 0.532 0.548 0.562 0.574 0.57 0.569 0.57 0.571 0.573 0.575 0.57 0.567 0.572 0.574 0.583 0.593 0.596 0.598 0.606 0.614 0.613 0.611 0.612 0.61 0.608 0.621 0.624 0.622 0.62
-9999 -9999 -9999 -9999 -9999 -9999 -9999 -9999 -9999 -9999 -9999 -9999 -9999 -9999 -9999 -9999 -9999 -9999 -9999 -9999 -9999 -9999 -9999 -9999 -9999 -9999 -9999 -9999 -9999 -9999 -9999 -9999 -9999 -9999 0.44 0.449 0.452 0.454 0.461 0.469 0.474 0.48 0.483 0.486 0.5 0.516 0.519 0.523 0.537 0.553 0.566 0.583 0.579 0.573 0.573 0.574 0.574 0.576 0.57 0.564 0.568 0.574 0.583 0.595 0.597 0.6 0.607 0.616 0.614 0.611 0.613 0.616 0.615 0.615 0.617 0.622 0.62
-9999 -9999 -9999 -9999 -9999 -9999 -9999 -9999 -9999 -9999 -9999 -9999 -9999 -9999 -9999 -9999 -9999 -9999 -9999 -9999 -9999 0.372 0.381 0.387 0.39 -9999 0.394 -9999 -9999 -9999 -9999 -9999 -9999 -9999 -9999 0.43 0.437 0.46 0.463 0.461 0.465 0.47 0.476 0.491 0.504 0.517 0.523 0.534 0.532 0.538 0.545 0.557 0.56 0.557 0.551 0.547 0.558 0.564 0.569 0.569 0.579 0.589 0.598 0.609 0.608 0.609 0.608 0.611 0.6 0.593 0.601 0.608 0.604 0.602 0.597 0.596 0.603
-9999 -9999 -9999 -9999 -9999 -9999 -9999 -9999 -9999 -9999 -9999 -9999 -9999 -9999 -9999 -9999 -9999 -9999 0.359 0.365 0.367 0.369 0.375 0.38 0.383 0.384 0.39 0.397 0.398 -9999 -9999 0.421 0.425 0.43 0.427 0.424 0.443 0.464 0.463 0.461 0.463 0.468 0.481 0.496 0.507 0.52 0.53 0.541 0.539 0.535 0.541 0.549 0.551 0.553 0.547 0.541 0.55 0.562 0.566 0.572 0.582 0.595 0.604 0.616 0.614 0.612 0.611 0.608 0.598 0.585 0.592 0.603 0.599 0.596 0.59 0.585 0.59
-9999 -9999 -9999 -9999 -9999 -9999 -9999 -9999 -9999 -9999 -9999 -9999 -9999 -9999 -9999 -9999 -9999 0.35 0.355 0.33 0.334 0.35 0.359 0.381 0.384 0.389 0.395 0.404 0.399 0.384 0.395 0.41 0.418 0.44 0.436 0.422 0.438 0.454 0.453 0.454 0.459 0.472 0.483 0.493 0.502 0.508 0.519 0.536 0.538 0.545 0.538 0.537 0.543 0.546 0.55 0.55 0.547 0.552 0.561 0.569 0.577 0.588 0.589 0.595 0.6 0.601 0.596 0.591 0.585 0.575 0.574 0.58 0.584 0.585 0.589 0.59 0.588
-9999 -9999 -9999 -9999 -9999 -9999 -9999 -9999 -9999 -9999 -9999 -9999 -9999 -9999 -9999 -9999 -9999 0.346 0.323 0.317 0.329 0.343 0.362 0.382 0.387 0.393 0.399 0.409 0.398 0.383 0.395 0.409 0.426 0.446 0.436 0.423 0.436 0.452 0.453 0.454 0.464 0.476 0.484 0.494 0.499 0.505 0.519 0.536 0.544 0.551 0.544 0.535 0.54 0.546 0.55 0.556 0.554 0.552 0.56 0.57 0.578 0.587 0.588 0.589 0.592 0.596 0.59 0.584 0.577 0.571 0.57 0.57 0.573 0.579 0.582 0.589 0.587
-9999 -9999 -9999 -9999 -9999 -9999 -9999 -9999 -9999 -9999 -9999 -9999 -9999 -9999 -9999 -9999 -9999 0.341 0.323 0.337 0.344 0.341 0.357 0.371 0.377 0.385 0.39 0.396 0.39 0.389 0.401 0.411 0.428 0.448 0.439 0.429 0.438 0.443 0.448 0.463 0.468 0.467 0.473 0.481 0.484 0.487 0.499 0.514 0.522 0.535 0.54 0.538 0.541 0.546 0.548 0.552 0.565 0.571 0.569 0.574 0.578 0.586 0.584 0.583 0.592 0.599 0.591 0.583 0.576 0.569 0.574 0.577 0.567 0.564 0.571 0.579 0.579
-9999 -9999 -9999 -9999 -9999 -9999 -9999 -9999 -9999 -9999 -9999 -9999 -9999 0.325 0.327 -9999 0.331 0.332 0.341 0.347 0.345 0.342 0.354 0.368 0.376 0.384 0.387 0.393 0.395 0.395 0.404 0.414 0.431 0.451 0.443 0.433 0.437 0.442 0.454 0.468 0.467 0.466 0.471 0.478 0.48 0.482 0.493 0.506 0.518 0.531 0.536 0.542 0.544 0.548 0.551 0.554 0.566 0.581 0.579 0.578 0.582 0.587 0.585 0.581 0.589 0.599 0.591 0.582 0.575 0.568 0.572 0.579 0.568 0.557 0.563 0.573 0.572
-9999 -9999 -9999 -9999 -9999 -9999 -9999 -9999 -9999 -9999 -9999 -9999 -9999 0.318 0.323 0.336 0.341 0.347 0.352 0.357 0.358 0.36 0.366 0.359 0.367 0.38 0.383 0.389 0.392 0.398 0.408 0.418 0.431 0.439 0.433 0.43 0.437 0.448 0.458 0.463 0.463 0.464 0.47 0.479 0.488 0.509 0.514 0.506 0.516 0.523 0.531 0.539 0.54 0.543 0.549 0.554 0.555 0.563 0.563 0.562 0.58 0.593 0.599 0.6 0.584 0.579 0.58 0.576 0.581 0.58 0.572 0.571 0.569 0.562 0.55 0.548 0.542
-9999 -9999 -9999 -9999 -9999 -9999 -9999 -9999 -9999 -9999 -9999 -9999 0.31 0.317 0.329 0.341 0.347 0.354 0.358 0.363 0.366 0.369 0.364 0.358 0.368 0.379 0.382 0.388 0.395 0.401 0.411 0.422 0.429 0.436 0.434 0.431 0.441 0.453 0.458 0.463 0.465 0.466 0.473 0.482 0.5 0.521 0.516 0.508 0.516 0.523 0.53 0.539 0.541 0.544 0.549 0.557 0.559 0.56 0.559 0.559 0.575 0.596 0.6 0.607 0.591 0.572 0.572 0.574 0.578 0.584 0.576 0.567 0.564 0.562 0.55 0.537 0.529
-9999 -9999 -9999 -9999 -9999 -9999 -9999 -9999 -9999 -9999 -9999 -9999 -9999 0.292 0.309 0.339 0.343 0.346 0.351 0.36 0.359 0.349 0.347 0.35 0.362 0.381 0.381 0.378 0.386 0.393 0.401 0.405 0.414 0.433 0.434 0.441 0.454 0.472 0.476 0.477 0.476 0.467 0.472 0.477 0.49 0.499 0.498 0.507 0.52 0.53 0.525 0.527 0.537 0.544 0.547 0.554 0.57 -9999 0.575 0.572 0.573 0.585 0.577 0.575 0.582 0.577 0.581 0.585 0.58 0.581 0.571 0.563 0.553 0.548 0.541 0.53 0.512
-9999 -9999 -9999 -9999 -9999 -9999 -9999 -9999 -9999 -9999 -9999 -9999 0.284 0.284 0.309 0.338 0.342 0.344 0.352 0.36 0.352 0.341 0.345 0.348 0.364 0.382 0.378 0.375 0.384 0.392 0.396 0.4 0.415 0.433 0.44 0.448 0.463 0.481 0.483 0.484 0.478 0.47 0.473 0.477 0.483 0.492 0.5 0.509 0.52 0.533 0.529 0.524 0.533 0.545 0.549 0.554 0.569 0.588 -9999 0.577 -9999 0.58 -9999 0.564 -9999 0.579 0.582 0.588 0.584 0.579 0.569 0.559 -9999 -9999 -9999 0.526 0.508
-9999 -9999 -9999 -9999 -9999 -9999 -9999 -9999 -9999 -9999 -9999 -9999 0.284 0.3 0.322 0.338 0.341 0.342 0.353 0.372 0.361 0.338 0.345 0.36 0.372 0.377 0.376 0.383 0.393 0.402 0.407 0.408 0.422 0.432 0.44 0.45 0.46 0.464 0.467 0.48 0.476 0.473 0.484 0.511 0.513 0.504 0.513 0.519 0.529 0.538 0.534 0.53 0.532 0.54 0.557 0.571 0.564 0.567 -9999 -9999 0.564 0.563 -9999 -9999 0.58 0.593 0.592 -9999 -9999 -9999 -9999 -9999 -9999 -9999 -9999 -9999 -9999
-9999 -9999 -9999 -9999 -9999 -9999 -9999 -9999 -9999 -9999 -9999 0.282 0.296 0.305 0.32 0.336 0.339 0.341 0.358 0.377 0.36 0.337 0.35 0.365 0.37 0.375 0.379 0.386 0.398 0.408 0.411 0.413 0.423 0.434 0.443 0.453 0.456 0.459 0.469 0.48 0.479 0.476 0.5 0.527 0.52 0.511 0.519 0.525 0.533 0.542 0.539 0.535 0.537 0.541 0.556 -9999 -9999 -9999 0.56 -9999 -9999 -9999 -9999 -9999 -9999 0.595 -9999 -9999 -9999 -9999 -9999 -9999 -9999 -9999 -9999 -9999 -9999
-9999 -9999 -9999 -9999 -9999 -9999 -9999 -9999 -9999 -9999 0.268 0.287 0.299 0.311 0.321 0.324 0.328 0.335 0.353 0.377 0.372 0.383 0.386 0.366 0.372 0.378 0.378 0.373 0.382 0.389 0.399 0.422 0.432 -9999 -9999 -9999 -9999 -9999 0.481 0.488 0.49 0.495 0.515 0.53 0.527 0.533 0.538 0.537 -9999 0.538 -9999 -9999 -9999 -9999 -9999 0.57 0.564 0.555 0.554 0.555 0.557 -9999 -9999 -9999 -9999 -9999 -9999 -9999 -9999 -9999 -9999 -9999 -9999 -9999 -9999 -9999 -9999
-9999 -9999 -9999 -9999 -9999 -9999 -9999 -9999 -9999 0.249 0.265 0.283 0.297 0.31 0.315 0.317 0.325 0.331 0.352 0.376 0.388 0.401 0.386 0.367 0.373 0.38 0.372 0.367 0.374 0.382 -9999 -9999 -9999 -9999 -9999 -9999 -9999 -9999 -9999 -9999 0.502 0.506 0.518 0.533 0.538 0.544 0.545 0.543 0.54 -9999 -9999 -9999 -9999 -9999 -9999 -9999 0.56 0.553 0.552 0.555 -9999 -9999 -9999 -9999 -9999 -9999 -9999 -9999 -9999 -9999 -9999 -9999 -9999 -9999 -9999 -9999 -9999
-9999 -9999 -9999 -9999 -9999 -9999 -9999 0.259 0.249 0.253 0.261 0.27 0.285 0.303 0.312 0.327 0.338 0.354 0.365 0.353 0.371 0.405 0.388 0.361 0.365 0.366 0.361 0.363 -9999 -9999 -9999 -9999 -9999 -9999 -9999 -9999 -9999 -9999 -9999 -9999 -9999 0.507 -9999 -9999 -9999 -9999 -9999 0.538 0.546 -9999 -9999 -9999 -9999 -9999 -9999 -9999 -9999 -9999 0.564 0.572 -9999 -9999 -9999 -9999 -9999 -9999 -9999 -9999 -9999 -9999 -9999 -9999 -9999 -9999 -9999 -9999 -9999
-9999 -9999 -9999 -9999 -9999 -9999 0.268 -9999 0.257 0.257 0.255 0.26 0.278 0.295 0.312 0.328 0.344 0.361 0.353 0.342 0.371 0.404 0.384 0.359 0.36 0.36 0.359 0.364 -9999 -9999 -9999 -9999 -9999 -9999 -9999 -9999 -9999 -9999 -9999 -9999 -9999 -9999 0.505 -9999 -9999 -9999 -9999 -9999 -9999 -9999 -9999 -9999 -9999 -9999 -9999 -9999 -9999 -9999 -9999 -9999 -9999 -9999 -9999 -9999 -9999 -9999 -9999 -9999 -9999 -9999 -9999 -9999 -9999 -9999 -9999 -9999 -9999
-9999 -9999 -9999 -9999 -9999 0.277 0.268 0.264 0.267 0.282 0.276 0.268 0.281 0.295 0.308 0.309 0.323 -9999 0.336 0.347 0.371 0.388 0.369 0.344 0.345 0.345 0.35 -9999 -9999 -9999 -9999 -9999 -9999 -9999 -9999 -9999 -9999 -9999 -9999 -9999 -9999 -9999 -9999 -9999 -9999 -9999 -9999 -9999 -9999 -9999 -9999 -9999 -9999 -9999 -9999 -9999 -9999 -9999 -9999 -9999 -9999 -9999 -9999 -9999 -9999 -9999 -9999 -9999 -9999 -9999 -9999 -9999 -9999 -9999 -9999 -9999 -9999
-9999 -9999 -9999 -9999 -9999 0.277 0.273 0.27 0.281 0.296 0.284 0.273 0.277 0.289 0.294 0.297 0.309 0.322 0.334 0.346 0.362 0.379 0.361 0.337 0.338 0.337 0.353 -9999 -9999 -9999 -9999 -9999 -9999 -9999 -9999 -9999 -9999 -9999 -9999 -9999 -9999 -9999 -9999 -9999 -9999 -9999 -9999 -9999 -9999 -9999 -9999 -9999 -9999 -9999 -9999 -9999 -9999 -9999 -9999 -9999 -9999 -9999 -9999 -9999 -9999 -9999 -9999 -9999 -9999 -9999 -9999 -9999 -9999 -9999 -9999 -9999 -9999
-9999 -9999 -9999 -9999 0.273 0.273 0.273 0.285 0.291 0.291 0.28 0.274 0.275 0.284 0.285 0.286 0.3 0.313 0.324 0.335 0.348 0.358 0.348 0.348 0.35 0.351 -9999 -9999 -9999 -9999 -9999 -9999 -9999 -9999 -9999 -9999 -9999 -9999 -9999 -9999 -9999 -9999 -9999 -9999 -9999 -9999 -9999 -9999 -9999 -9999 -9999 -9999 -9999 -9999 -9999 -9999 -9999 -9999 -9999 -9999 -9999 -9999 -9999 -9999 -9999 -9999 -9999 -9999 -9999 -9999 -9999 -9999 -9999 -9999 -9999 -9999 -9999
