Validation/Results/ReClimate_10_2024_2_Temperature.asc
NCOLS 192
NROWS 249
XLLCENTER -225160.85627316462
YLLCENTER 29788.11610251502
CELLSIZE 5000.0
NODATA_VALUE -9999
[rows 136 to 169 of 249, columns 75 to 149 of 192]
-0.19 -9999 -9999 -9999 -9999 -9999 -9999 -9999 -9999 -9999 -0.228 -9999 -0.223 -0.217 -0.182 -0.143 -0.133 -0.123 -0.123 -0.125 -0.118 -0.111 -0.097 -0.082 -0.085 -0.09 -0.076 -0.063 -0.061 -0.057 -9999 -9999 -9999 -9999 -9999 -9999 -0.06 -0.061 -0.057 -0.05 -0.046 -0.044 -0.047 -0.049 -0.062 -0.076 -0.089 -0.101 -0.094 -0.081 -0.082 -0.08 -0.082 -0.08 -0.066 -0.045 -0.052 -0.055 -0.047 -9999 -9999 -9999 -9999 -9999 -9999 -9999 -9999 -9999 -9999 -9999 -9999 -9999 -9999 -9999 -9999
-0.191 -0.173 -9999 -9999 -9999 -9999 -9999 -9999 -9999 -9999 -0.217 -0.199 -0.193 -0.195 -0.165 -0.151 -0.136 -0.111 -0.11 -0.111 -0.104 -0.111 -0.096 -0.075 -0.075 -0.072 -0.06 -0.053 -0.054 -0.056 -9999 -9999 -9999 -9999 -0.044 -0.055 -0.057 -0.059 -0.057 -0.058 -0.058 -0.059 -0.058 -0.043 -0.054 -0.06 -0.071 -0.081 -0.08 -0.086 -0.089 -0.089 -0.095 -0.097 -0.091 -0.076 -0.074 -0.066 -0.055 -9999 -9999 -9999 -9999 -9999 -9999 -9999 -9999 -9999 -9999 -9999 -9999 -9999 -9999 -9999 -9999
-0.187 -0.169 -0.171 -9999 -9999 -9999 -9999 -9999 -9999 -9999 -0.189 -0.185 -0.183 -9999 -9999 -0.151 -0.128 -0.103 -0.101 -9999 -0.097 -0.104 -0.086 -0.065 -0.061 -0.057 -0.048 -0.043 -9999 -9999 -9999 -9999 -9999 -0.033 -0.037 -0.043 -0.046 -0.049 -0.05 -0.052 -0.055 -0.057 -0.048 -0.034 -0.041 -0.047 -0.057 -0.066 -0.074 -0.081 -0.084 -0.085 -0.091 -0.096 -0.091 -0.08 -0.08 -0.075 -0.063 -9999 -9999 -9999 -9999 -9999 -9999 -9999 -9999 -9999 -9999 -9999 -9999 -9999 -9999 -9999 -9999
-0.177 -0.172 -0.173 -9999 -9999 -9999 -9999 -9999 -9999 -9999 -9999 -0.185 -0.182 -9999 -9999 -9999 -0.116 -0.099 -0.092 -0.082 -9999 -9999 -0.075 -0.059 -0.049 -0.04 -0.034 -9999 -9999 -9999 -9999 -9999 -0.048 -0.046 -0.052 -0.054 -0.055 -0.048 -0.049 -0.048 -0.052 -0.051 -0.048 -0.049 -0.053 -0.048 -0.059 -0.068 -0.072 -0.066 -0.078 -0.084 -0.088 -0.091 -0.088 -0.08 -0.078 -0.074 -0.076 -9999 -9999 -9999 -9999 -9999 -9999 -9999 -9999 -9999 -9999 -9999 -9999 -9999 -9999 -9999 -9999
-0.173 -0.17 -9999 -9999 -9999 -9999 -9999 -9999 -9999 -9999 -9999 -9999 -0.175 -9999 -9999 -9999 -9999 -0.093 -0.081 -0.07 -9999 -9999 -9999 -0.042 -0.032 -9999 -9999 -9999 -9999 -9999 -9999 -9999 -0.048 -0.043 -0.046 -0.049 -0.045 -0.038 -0.037 -0.039 -0.042 -0.041 -0.046 -0.048 -0.047 -0.043 -0.053 -0.062 -0.06 -0.054 -0.066 -0.077 -0.081 -0.082 -0.08 -0.073 -0.072 -0.067 -0.07 -9999 -9999 -9999 -9999 -9999 -9999 -9999 -9999 -9999 -9999 -9999 -9999 -9999 -9999 -9999 -9999
-0.161 -9999 -9999 -9999 -9999 -9999 -9999 -9999 -9999 -9999 -9999 -9999 -0.172 -9999 -9999 -9999 -9999 -9999 -0.068 -0.062 -9999 -9999 -9999 -9999 -9999 -9999 -9999 -9999 -9999 -9999 -9999 -9999 -0.041 -0.043 -0.044 -0.036 -0.033 -0.029 -0.032 -0.043 -0.048 -0.049 -0.051 -0.043 -0.04 -0.03 -0.036 -0.033 -0.039 -0.059 -0.073 -0.086 -0.083 -0.081 -0.088 -0.088 -0.081 -0.075 -0.074 -0.06 -9999 -9999 -9999 -9999 -9999 -9999 -9999 -9999 -9999 -9999 -9999 -9999 -9999 -9999 -9999
-9999 -0.165 -0.161 -0.155 -0.166 -9999 -9999 -9999 -9999 -9999 -9999 -9999 -0.167 -9999 -9999 -9999 -9999 -9999 -9999 -9999 -9999 -9999 -9999 -9999 -9999 -9999 -9999 -9999 -9999 -9999 -9999 -0.052 -0.046 -0.034 -0.029 -0.022 -0.021 -0.018 -0.025 -0.038 -0.042 -0.045 -0.042 -0.035 -0.029 -0.02 -0.02 -0.017 -0.036 -0.056 -0.069 -0.082 -0.08 -0.073 -0.081 -0.086 -0.081 -0.071 -0.07 -0.066 -0.049 -9999 -9999 -9999 -9999 -9999 -9999 -9999 -9999 -9999 -9999 -9999 -9999 -9999 -9999
-0.154 -0.173 -0.171 -0.167 -0.174 -9999 -9999 -9999 -9999 -9999 -9999 -9999 -9999 -9999 -9999 -9999 -9999 -9999 -9999 -9999 -9999 -9999 -9999 -9999 -9999 -9999 -9999 -9999 -9999 -9999 -0.057 -0.065 -0.048 -0.011 -0.009 -0.01 -0.01 -0.013 -0.019 -0.023 -0.033 -0.049 -0.047 -0.039 -0.035 -0.027 -0.034 -0.05 -0.064 -0.064 -0.073 -0.072 -0.083 -0.084 -0.089 -0.094 -0.087 -0.077 -0.067 -0.057 -0.063 -9999 -9999 -9999 -9999 -9999 -9999 -9999 -9999 -9999 -9999 -9999 -9999 -9999 -9999
-0.153 -0.172 -0.17 -9999 -0.169 -0.174 -9999 -9999 -9999 -9999 -9999 -9999 -9999 -9999 -9999 -9999 -9999 -9999 -9999 -9999 -9999 -9999 -9999 -9999 -9999 -9999 -9999 -9999 -9999 -9999 -0.035 -0.059 -0.03 0.005 0.004 0.002 -0.002 -0.006 -0.008 -0.013 -0.03 -0.046 -0.043 -0.036 -0.033 -0.025 -0.042 -0.058 -0.061 -0.062 -0.064 -0.063 -0.073 -0.082 -0.088 -0.09 -0.084 -0.073 -0.063 -0.048 -0.054 -0.058 -0.08 -9999 -9999 -9999 -9999 -9999 -9999 -9999 -9999 -9999 -9999 -9999 -9999
-0.165 -0.183 -0.179 -9999 -9999 -0.171 -9999 -9999 -9999 -9999 -9999 -9999 -9999 -9999 -9999 -9999 -9999 -9999 -9999 -9999 -9999 -9999 -9999 -9999 -9999 -9999 -9999 -9999 -9999 -9999 -0.005 -0.025 -0.007 -0.005 -0.01 -0.016 -0.018 -0.008 -0.012 -0.02 -0.033 -0.038 -0.035 -0.029 -0.031 -0.039 -0.053 -0.06 -0.064 -0.067 -0.072 -0.074 -0.072 -0.075 -0.077 -0.078 -0.073 -0.062 -0.069 -0.064 -0.068 -0.071 -0.08 -0.094 -0.097 -0.094 -9999 -9999 -9999 -9999 -9999 -9999 -9999 -9999 -9999
-0.164 -0.182 -0.173 -0.161 -9999 -0.164 -9999 -9999 -9999 -9999 -9999 -9999 -9999 -9999 -9999 -9999 -9999 -9999 -9999 -9999 -9999 -9999 -9999 -9999 -9999 -9999 -9999 -9999 -9999 -0.022 -0.003 -0.004 -0.005 -0.006 -0.013 -0.019 -0.013 -0.004 -0.01 -0.018 -0.025 -0.03 -0.027 -0.021 -0.031 -0.04 -0.048 -0.055 -0.06 -0.063 -0.068 -0.072 -0.071 -0.066 -0.068 -0.067 -0.062 -0.052 -0.059 -0.065 -0.069 -0.07 -0.079 -0.087 -0.085 -0.092 -0.1 -0.095 -9999 -9999 -9999 -9999 -9999 -9999 -9999
-0.165 -0.157 -0.156 -9999 -0.167 -9999 -9999 -9999 -9999 -9999 -9999 -9999 -9999 -9999 -9999 -9999 -9999 -9999 -9999 -9999 -9999 -9999 -9999 -9999 -9999 -9999 -9999 -9999 -9999 -9999 -0.023 -0.024 -0.027 -0.027 -0.028 -0.014 -0.015 -0.025 -0.028 -0.027 -0.036 -0.043 -0.043 -0.041 -0.048 -0.044 -0.053 -0.061 -0.064 -0.061 -0.062 -0.063 -0.073 -0.075 -0.086 -0.091 -0.079 -0.066 -0.071 -0.075 -0.087 -0.093 -0.087 -0.086 -0.095 -0.099 -0.107 -0.105 -0.095 -9999 -9999 -9999 -9999 -9999 -9999
-0.151 -0.141 -0.154 -0.169 -0.154 -9999 -9999 -9999 -9999 -9999 -9999 -9999 -9999 -9999 -9999 -9999 -9999 -9999 -9999 -9999 -9999 -9999 -9999 -9999 -9999 -9999 -9999 -9999 -9999 -9999 -9999 -0.03 -0.031 -0.031 -0.021 -0.008 -0.018 -0.028 -0.026 -0.025 -0.035 -0.042 -0.045 -0.044 -0.043 -0.04 -0.049 -0.057 -0.057 -0.054 -0.055 -0.054 -0.064 -0.072 -0.083 -0.093 -0.082 -0.065 -0.07 -0.073 -0.084 -0.094 -0.09 -0.079 -0.087 -0.093 -0.104 -0.113 -0.102 -0.087 -9999 -9999 -9999 -9999 -9999
-0.146 -0.143 -0.151 -0.15 -9999 -9999 -9999 -9999 -9999 -9999 -9999 -9999 -9999 -9999 -9999 -9999 -9999 -9999 -9999 -9999 -9999 -9999 -9999 -9999 -9999 -9999 -9999 -9999 -9999 -9999 -9999 -0.019 -0.015 -0.032 -0.024 -0.02 -0.031 -0.042 -0.039 -0.032 -0.037 -0.028 -0.034 -0.042 -0.043 -0.042 -0.052 -0.062 -0.065 -0.069 -0.068 -0.055 -0.062 -0.069 -0.068 -0.071 -0.082 -0.079 -0.085 -0.089 -0.087 -0.09 -0.086 -0.077 -0.081 -0.084 -0.086 -0.089 -0.097 -0.089 -0.072 -9999 -9999 -9999 -9999
-0.14 -0.138 -0.138 -0.136 -9999 -9999 -9999 -9999 -9999 -9999 -9999 -9999 -9999 -9999 -9999 -9999 -9999 -9999 -9999 -9999 -9999 -9999 -9999 -9999 -9999 -9999 -9999 -9999 -9999 -9999 -9999 -9999 -0.016 -0.03 -0.026 -0.02 -0.03 -0.041 -0.035 -0.029 -0.025 -0.017 -0.027 -0.036 -0.038 -0.037 -0.048 -0.058 -0.064 -0.069 -0.061 -0.049 -0.056 -0.062 -0.061 -0.056 -0.067 -0.077 -0.083 -0.087 -0.087 -0.081 -0.078 -0.069 -0.073 -0.074 -0.075 -0.072 -0.079 -0.084 -0.074 -9999 -9999 -9999 -9999
-9999 -9999 -9999 -9999 -9999 -9999 -9999 -9999 -9999 -9999 -9999 -9999 -9999 -9999 -9999 -9999 -9999 -9999 -9999 -9999 -9999 -9999 -9999 -9999 -9999 -9999 -9999 -9999 -9999 -9999 -9999 -9999 -0.02 -0.031 -0.024 -0.009 -0.014 -0.019 -0.017 -0.026 -0.027 -0.028 -0.033 -0.025 -0.029 -0.036 -0.051 -0.072 -0.076 -0.071 -0.068 -0.058 -0.061 -0.065 -0.065 -0.061 -0.066 -0.073 -0.077 -0.08 -0.087 -0.087 -0.094 -0.094 -0.083 -0.076 -0.072 -0.067 -0.081 -0.09 -0.089 -0.067 -9999 -9999 -9999
-9999 -9999 -9999 -9999 -9999 -9999 -9999 -9999 -9999 -9999 -9999 -9999 -9999 -9999 -9999 -9999 -9999 -9999 -9999 -9999 -9999 -9999 -9999 -9999 -9999 -9999 -9999 -9999 -9999 -9999 -9999 -9999 -9999 -0.03 -0.018 -0.002 -0.004 -0.006 -0.011 -0.019 -0.024 -0.027 -0.023 -0.015 -0.023 -0.03 -0.05 -0.071 -0.07 -0.066 -0.062 -0.054 -0.058 -0.06 -0.06 -0.056 -0.061 -0.064 -0.069 -0.071 -0.077 -0.081 -0.089 -0.094 -0.085 -0.069 -0.066 -0.059 -0.072 -0.084 -0.083 -0.079 -9999 -9999 -9999
-9999 -9999 -9999 -9999 -9999 -9999 -9999 -9999 -9999 -9999 -9999 -9999 -9999 -9999 -9999 -9999 -9999 -9999 -9999 -9999 -9999 -9999 -9999 -9999 -9999 -9999 -9999 -9999 -9999 -9999 -9999 -9999 -9999 -0.022 -9999 -0.021 -0.017 0.003 0.006 -9999 -0.002 -0.021 -0.02 -0.021 -0.032 -0.045 -0.054 -0.041 -0.042 -0.048 -0.053 -0.051 -0.059 -0.063 -0.065 -0.063 -0.066 -0.068 -0.069 -0.069 -0.078 -0.083 -0.083 -0.084 -0.085 -0.076 -0.083 -0.084 -0.086 -0.093 -0.079 -0.068 -0.07 -9999 -9999
-9999 -9999 -9999 -9999 -9999 -9999 -9999 -9999 -9999 -9999 -9999 -9999 -9999 -9999 -9999 -9999 -9999 -9999 -9999 -9999 -9999 -9999 -9999 -9999 -9999 -9999 -9999 -9999 -9999 -9999 -9999 -9999 -9999 -9999 -0.028 -0.026 -9999 -9999 -9999 -9999 0.005 -0.013 -0.016 -0.017 -0.031 -0.045 -0.036 -0.023 -0.029 -0.035 -0.04 -0.043 -0.051 -0.057 -0.059 -0.058 -0.061 -0.061 -0.062 -0.06 -0.069 -0.076 -0.076 -0.072 -0.073 -0.07 -0.078 -0.084 -0.088 -0.088 -0.075 -0.056 -0.059 -0.059 -0.048
-9999 -9999 -9999 -9999 -9999 -9999 -9999 -9999 -9999 -9999 -9999 -9999 -9999 -9999 -9999 -9999 -9999 -9999 -9999 -9999 -9999 -9999 -9999 -9999 -9999 -9999 -9999 -9999 -9999 -9999 -9999 -9999 -9999 -9999 -0.023 -0.023 -9999 -9999 -9999 -9999 0.012 -0.007 -0.013 -0.018 -0.032 -0.043 -0.034 -0.015 -0.02 -0.022 -0.034 -0.041 -0.053 -0.062 -0.062 -0.061 -0.068 -0.071 -0.075 -0.076 -0.073 -0.073 -0.084 -0.087 -0.08 -0.073 -0.077 -0.081 -0.084 -0.084 -0.082 -0.07 -0.053 -0.041 -0.052
-9999 -9999 -9999 -9999 -9999 -9999 -9999 -9999 -9999 -9999 -9999 -9999 -9999 -9999 -9999 -9999 -9999 -9999 -9999 -9999 -9999 -9999 -9999 -9999 -9999 -9999 -9999 -9999 -9999 -9999 -9999 -9999 -9999 -9999 -0.027 -9999 -9999 -9999 -9999 0.026 0.018 0.002 -0.005 -0.011 -0.023 -0.035 -0.022 -0.005 -0.008 -0.009 -0.021 -0.032 -0.044 -0.055 -0.056 -0.054 -0.061 -0.066 -0.071 -0.073 -0.071 -0.063 -0.074 -0.083 -0.077 -0.065 -0.069 -0.071 -0.073 -0.073 -0.071 -0.066 -0.051 -0.04 -9999
-9999 -9999 -9999 -9999 -9999 -9999 -9999 -9999 -9999 -9999 -9999 -9999 -9999 -9999 -9999 -9999 -9999 -9999 -9999 -9999 -9999 -9999 -9999 -9999 -9999 -9999 -9999 -9999 -9999 -9999 -9999 -9999 -9999 -9999 -9999 -9999 -9999 -9999 -9999 -0.002 -0.008 -0.008 -0.018 -0.031 -0.041 -0.042 -0.033 -0.02 -0.026 -0.031 -0.041 -0.044 -0.045 -0.05 -0.058 -0.061 -0.064 -0.068 -0.067 -0.067 -0.069 -0.066 -0.073 -0.081 -0.077 -0.067 -0.064 -0.061 -0.079 -0.088 -0.077 -0.068 -0.075 -0.062 -9999
-9999 -9999 -9999 -9999 -9999 -9999 -9999 -9999 -9999 -9999 -9999 -9999 -9999 -9999 -9999 -9999 -9999 -9999 -9999 -9999 -9999 -9999 -9999 -9999 -9999 -9999 -9999 -9999 -9999 -9999 -9999 -9999 -9999 -9999 -9999 -9999 -9999 -9999 -9999 -0.01 -0.007 -0.006 -0.019 -0.033 -0.036 -0.037 -0.03 -0.018 -0.026 -0.032 -0.037 -0.039 -0.041 -0.039 -0.047 -0.054 -0.059 -0.06 -0.06 -0.056 -0.059 -0.058 -0.065 -0.071 -0.067 -0.059 -0.056 -0.048 -0.066 -0.084 -0.075 -0.059 -0.067 -0.066 -9999
-9999 -9999 -9999 -9999 -9999 -9999 -9999 -9999 -9999 -9999 -9999 -9999 -9999 -9999 -9999 -9999 -9999 -9999 -9999 -9999 -9999 -9999 -9999 -9999 -9999 -9999 -9999 -9999 -9999 -9999 -9999 -9999 -9999 -9999 -9999 -9999 -9999 -9999 -0.007 -0.023 -0.021 -0.019 -0.027 -0.023 -0.027 -0.028 -0.027 -0.03 -0.038 -0.041 -0.044 -0.045 -0.053 -0.056 -0.053 -0.055 -0.061 -0.064 -0.072 -0.074 -0.06 -0.05 -0.054 -0.057 -0.062 -0.059 -0.066 -0.065 -0.072 -0.085 -0.082 -0.072 -0.067 -0.058 -0.046
-9999 -9999 -9999 -9999 -9999 -9999 -9999 -9999 -9999 -9999 -9999 -9999 -9999 -9999 -9999 -9999 -9999 -9999 -9999 -9999 -9999 -9999 -9999 -9999 -9999 -9999 -9999 -9999 -9999 -9999 -9999 -9999 -9999 -9999 -9999 -9999 -9999 -9999 -0.018 -0.024 -0.022 -0.02 -0.017 -0.013 -0.016 -0.018 -0.023 -0.027 -0.033 -0.037 -0.039 -0.038 -0.046 -0.052 -0.051 -0.045 -0.052 -0.056 -0.065 -0.071 -0.059 -0.039 -0.043 -0.044 -0.048 -0.05 -0.057 -0.061 -0.069 -0.075 -0.073 -0.067 -0.063 -0.054 -0.047
-9999 -9999 -9999 -9999 -9999 -9999 -9999 -9999 -9999 -9999 -9999 -9999 -9999 -9999 -9999 -9999 -9999 -9999 -9999 -9999 -9999 -9999 -9999 -9999 -9999 -9999 -9999 -9999 -9999 -9999 -9999 -9999 -9999 -9999 -9999 -9999 -9999 -0.078 -0.076 -0.048 -0.044 -0.028 -0.019 -0.003 -0.01 -0.024 -0.03 -0.03 -0.039 -0.05 -0.048 -0.046 -0.05 -0.054 -0.059 -0.059 -0.063 -0.067 -0.065 -0.065 -0.066 -0.055 -0.053 -0.051 -0.057 -0.06 -0.066 -0.072 -0.074 -0.077 -0.084 -0.084 -0.073 -0.062 -0.061
-9999 -9999 -9999 -9999 -9999 -9999 -9999 -9999 -9999 -9999 -9999 -9999 -9999 -9999 -9999 -9999 -9999 -9999 -9999 -9999 -9999 -9999 -9999 -9999 -9999 -9999 -9999 -9999 -9999 -9999 -9999 -9999 -9999 -9999 -9999 -9999 -9999 -0.098 -0.078 -0.053 -0.041 -0.025 -0.01 0.007 -0.006 -0.02 -0.023 -0.024 -0.036 -0.047 -0.045 -0.04 -0.044 -0.046 -0.052 -0.055 -0.06 -0.062 -0.06 -0.053 -0.055 -0.052 -0.051 -0.046 -0.051 -0.054 -0.061 -0.066 -0.069 -0.068 -0.075 -0.08 -0.071 -0.055 -0.055
-9999 -9999 -9999 -9999 -9999 -9999 -9999 -9999 -9999 -9999 -9999 -9999 -9999 -9999 -9999 -9999 -9999 -9999 -9999 -9999 -9999 -9999 -9999 -9999 -9999 -9999 -9999 -9999 -9999 -9999 -9999 -9999 -9999 -9999 -9999 -9999 -9999 -0.081 -0.063 -0.058 -0.046 -0.027 -0.018 -0.017 -0.024 -0.02 -0.025 -0.028 -0.036 -0.037 -0.037 -0.033 -0.045 -0.053 -0.052 -0.053 -0.058 -0.061 -0.071 -0.073 -0.054 -0.041 -0.052 -0.054 -0.054 -0.055 -0.062 -0.068 -0.072 -0.073 -0.066 -0.063 -0.066 -0.054 -0.048
-9999 -9999 -9999 -9999 -9999 -9999 -9999 -9999 -9999 -9999 -9999 -9999 -9999 -9999 -9999 -9999 -9999 -9999 -9999 -9999 -9999 -9999 -9999 -9999 -9999 -9999 -9999 -9999 -9999 -9999 -9999 -9999 -9999 -9999 -9999 -9999 -9999 -9999 -0.06 -0.054 -0.04 -0.022 -0.022 -0.022 -0.017 -0.013 -0.019 -0.023 -0.025 -0.025 -0.026 -0.024 -0.035 -0.047 -0.047 -0.043 -0.049 -0.051 -0.061 -0.07 -0.053 -0.028 -0.039 -0.048 -0.049 -0.047 -0.054 -0.059 -0.064 -0.065 -0.059 -9999 -0.05 -9999 -0.042
-9999 -9999 -9999 -9999 -9999 -9999 -9999 -9999 -9999 -9999 -9999 -9999 -9999 -9999 -9999 -9999 -9999 -9999 -9999 -9999 -9999 -9999 -9999 -9999 -9999 -9999 -9999 -9999 -9999 -9999 -9999 -9999 -9999 -9999 -9999 -9999 -9999 -0.065 -0.054 -0.054 -0.045 -0.039 -0.039 -0.032 -0.031 -0.032 -0.031 -0.013 -0.018 -0.026 -0.031 -0.042 -0.049 -0.059 -0.058 -0.055 -0.057 -0.059 -0.059 -0.061 -0.066 -0.056 -0.051 -0.053 -0.054 -0.051 -0.053 -0.056 -0.052 -0.049 -0.054 -0.05 -0.052 -0.051 -9999
-9999 -9999 -9999 -9999 -9999 -9999 -9999 -9999 -9999 -9999 -9999 -9999 -9999 -9999 -9999 -9999 -9999 -9999 -9999 -9999 -9999 -9999 -9999 -9999 -9999 -9999 -9999 -9999 -9999 -9999 -9999 -9999 -9999 -9999 -9999 -9999 -9999 -0.058 -0.052 -0.049 -0.046 -0.041 -0.037 -0.032 -0.032 -0.033 -0.02 -0.003 -0.012 -0.02 -0.03 -0.04 -0.048 -0.054 -0.054 -0.05 -0.053 -0.053 -0.053 -0.049 -0.054 -0.055 -0.053 -0.045 -0.046 -0.043 -0.046 -0.046 -0.043 -0.035 -0.039 -0.041 -0.043 -0.042 -0.025
-9999 -9999 -9999 -9999 -9999 -9999 -9999 -9999 -9999 -9999 -9999 -9999 -9999 -9999 -9999 -9999 -9999 -9999 -9999 -9999 -9999 -9999 -9999 -9999 -9999 -9999 -9999 -9999 -9999 -9999 -9999 -9999 -9999 -9999 -9999 -9999 -0.061 -0.067 -0.066 -0.064 -0.06 -0.051 -0.046 -0.032 -0.031 -0.025 -0.016 -0.015 -0.025 -0.033 -0.028 -0.028 -0.037 -0.044 -0.054 -0.056 -0.05 -0.046 -0.043 -0.037 -0.049 -0.056 -0.058 -0.053 -0.053 -0.05 -0.043 -0.037 -0.043 -0.041 -0.04 -0.039 -0.047 -0.05 -0.044
-9999 -9999 -9999 -9999 -9999 -9999 -9999 -9999 -9999 -9999 -9999 -9999 -9999 -9999 -9999 -9999 -9999 -9999 -9999 -9999 -9999 -9999 -9999 -9999 -9999 -9999 -9999 -9999 -9999 -9999 -9999 -9999 -9999 -9999 -9999 -9999 -0.07 -0.069 -0.068 -0.067 -0.059 -0.05 -0.04 -0.027 -0.023 -0.017 -0.016 -0.014 -0.022 -0.03 -0.025 -0.016 -0.024 -0.031 -0.041 -0.049 -0.044 -0.034 -0.031 -0.024 -0.036 -0.047 -0.049 -0.047 -0.047 -0.043 -0.037 -0.025 -0.03 -0.032 -0.031 -0.025 -0.033 -0.04 -0.034
-9999 -9999 -9999 -9999 -9999 -9999 -9999 -9999 -9999 -9999 -9999 -9999 -9999 -9999 -9999 -9999 -9999 -9999 -9999 -9999 -9999 -9999 -9999 -9999 -9999 -9999 -9999 -9999 -9999 -9999 -9999 -9999 -9999 -9999 -9999 -9999 -9999 -0.08 -0.076 -0.06 -0.056 -0.055 -0.048 -0.04 -0.037 -0.03 -0.027 -0.019 -0.025 -0.028 -0.029 -0.038 -0.03 -0.028 -0.035 -0.042 -0.041 -0.034 -0.035 -0.031 -0.033 -0.038 -0.049 -0.053 -0.047 -0.04 -0.041 -0.033 -0.034 -0.035 -0.03 -0.023 -0.023 -0.026 -0.019
