Validation/Results/ReClimate_07_2024_2_Precipitation-Actualsweatherlogisticsltd.asc
NCOLS 192
NROWS 249
XLLCENTER -225160.85627316462
YLLCENTER 29788.11610251502
CELLSIZE 5000.0
NODATA_VALUE -9999
[rows 132 to 164 of 249, columns 74 to 147 of 192]
-9999 -9999 -9999 -9999 -9999 -9999 -9999 -9999 -9999 -9999 -9999 -9999 -9999 112.829 118.897 135.063 144.108 154.252 158.668 180.267 192.099 203.939 194.684 151.304 140.022 141.125 150.524 136.716 126.684 125.21 120.442 117.613 115.702 113.842 119.011 129.498 135.351 132.83 125.182 130.88 130.016 121.66 132.648 131.274 119.739 111.341 104.826 102.548 94.788 88.526 90.255 87.113 83.077 79.135 79.165 75.218 71.253 67.365 -9999 -9999 -9999 -9999 -9999 -9999 -9999 -9999 -9999 -9999 -9999 -9999 -9999 -9999 -9999 -9999
80.172 -9999 -9999 -9999 -9999 -9999 -9999 -9999 -9999 -9999 -9999 -9999 -9999 115.781 145.097 136.341 137.883 137.832 141.362 168.78 221.434 230.61 180.829 159.938 140.655 143.635 141.235 138.206 143.968 120.96 113.592 114.416 109.783 113.276 113.529 121.31 118.183 122.213 118.898 119.712 114.432 120.261 128.195 129.724 125.358 115.22 108.283 95.234 87.883 85.967 82.688 83.215 84.884 78.789 75.153 76.397 70.793 68.089 -9999 -9999 -9999 -9999 -9999 -9999 -9999 -9999 -9999 -9999 -9999 -9999 -9999 -9999 -9999 -9999
92.095 -9999 -9999 -9999 -9999 -9999 -9999 -9999 -9999 -9999 -9999 -9999 117.941 140.047 138.954 138.213 140.879 136.904 131.546 162.135 199.033 187.197 186.325 163.337 146.724 133.768 132.148 141.175 128.72 120.633 110.117 100.102 109.586 105.511 106.577 105.254 108.069 111.003 109.579 108.021 112.076 112.325 123.556 135.301 122.105 117.121 105.592 99.515 87.975 84.682 79.161 75.383 78.136 77.756 78.226 76.2 73.684 69.93 64.32 -9999 -9999 -9999 -9999 -9999 -9999 -9999 -9999 -9999 -9999 -9999 -9999 -9999 -9999 -9999
79.292 -9999 -9999 -9999 -9999 -9999 -9999 -9999 -9999 -9999 -9999 110.829 -9999 126.31 136.375 137.767 138.556 128.845 116.959 134.961 148.397 175.735 195.398 167.92 138.618 124.031 121.352 121.72 123.293 119.019 110.955 105.88 106.987 98.478 96.585 97.998 100.476 98.914 98.103 95.747 99.745 105.313 110.968 105.147 107.919 103.647 98.708 91.849 81.691 72.377 77.39 82.145 75.547 74.963 73.398 75.782 73.193 70.605 66.392 -9999 -9999 -9999 -9999 -9999 -9999 -9999 -9999 -9999 -9999 -9999 -9999 -9999 -9999 -9999
92.833 84.188 -9999 -9999 -9999 -9999 -9999 -9999 -9999 -9999 -9999 106.537 -9999 114.961 121.389 123.666 124.759 118.91 113.768 115.465 127.289 161.495 170.442 154.299 134.648 120.154 112.736 113.322 120.472 128.501 131.206 -9999 -9999 -9999 -9999 -9999 -9999 91.034 88.143 90.175 94.534 94.574 91.875 99.502 105.835 94.805 90.138 89.204 76.706 77.843 80.738 73.07 73.146 70.872 74.449 68.618 66.195 67.334 66.565 62.761 -9999 -9999 -9999 -9999 -9999 -9999 -9999 -9999 -9999 -9999 -9999 -9999 -9999 -9999
101.463 89.95 75.137 -9999 -9999 -9999 -9999 -9999 -9999 -9999 -9999 103.231 103.655 101.574 104.65 114.622 118.231 116.307 111.226 110.119 124.221 145.876 163.041 151.776 137.652 121.386 114.984 121.242 115.603 121.624 119.444 -9999 -9999 -9999 -9999 94.109 91.745 88.618 86.696 85.928 88.574 90.597 98.855 114.561 117.623 101.339 99.398 83.086 75.703 81.548 73.872 72.269 74.516 72.063 70.838 80.799 77.124 68.84 68.072 61.017 -9999 -9999 -9999 -9999 -9999 -9999 -9999 -9999 -9999 -9999 -9999 -9999 -9999 -9999
97.567 85.618 80.788 75.775 -9999 -9999 -9999 -9999 -9999 -9999 -9999 99.582 94.909 93.688 -9999 -9999 113.744 113.341 107.836 110.157 -9999 122.515 134.951 135.731 132.265 117.869 120.667 117.441 109.298 -9999 -9999 -9999 -9999 -9999 94.917 93.889 89.732 85.025 86.488 84.231 84.536 92.999 107.567 131.707 136.291 118.781 112.208 96.179 88.431 82.294 81.658 83.539 72.249 75.706 71.981 73.378 76.075 71.898 67.525 63.209 -9999 -9999 -9999 -9999 -9999 -9999 -9999 -9999 -9999 -9999 -9999 -9999 -9999 -9999
87.922 90.638 86.556 78.216 -9999 -9999 -9999 -9999 -9999 -9999 -9999 -9999 92.302 86.111 -9999 -9999 -9999 101.902 99.977 102.662 101.402 -9999 -9999 115.008 112.076 114.361 119.546 121.128 -9999 -9999 -9999 -9999 -9999 99.876 95.907 95.825 90.533 89.235 87.409 81.558 84.321 90.983 101.193 127.236 129.596 134.785 119.568 116.546 111.78 102.803 93.033 92.187 85.171 74.492 68.168 70.74 71.325 70.339 70.067 67.296 -9999 -9999 -9999 -9999 -9999 -9999 -9999 -9999 -9999 -9999 -9999 -9999 -9999 -9999
83.364 84.785 78.828 -9999 -9999 -9999 -9999 -9999 -9999 -9999 -9999 -9999 -9999 83.674 -9999 -9999 -9999 -9999 92.198 98.761 101.401 -9999 -9999 -9999 108.213 111.788 -9999 -9999 -9999 -9999 -9999 -9999 -9999 98.663 102.456 101.952 101.295 101.032 91.089 85.299 81.921 83.281 101.13 105.94 121.218 125.882 128.29 136.393 127.481 114.369 96.738 96.222 93.475 82.101 73.897 65.676 68.002 67.427 71.543 67.835 -9999 -9999 -9999 -9999 -9999 -9999 -9999 -9999 -9999 -9999 -9999 -9999 -9999 -9999
81.366 74.116 -9999 -9999 -9999 -9999 -9999 -9999 -9999 -9999 -9999 -9999 -9999 88.988 -9999 -9999 -9999 -9999 -9999 98.456 100.142 -9999 -9999 -9999 -9999 -9999 -9999 -9999 -9999 -9999 -9999 -9999 -9999 106.18 115.613 118.288 120.64 118.516 109.448 97.601 88.203 88.376 91.629 109.353 134.524 153.3 154.448 141.755 128.811 103.403 95.983 87.709 81.519 80.238 80.709 73.935 66.117 64.582 70.416 72.463 62.636 -9999 -9999 -9999 -9999 -9999 -9999 -9999 -9999 -9999 -9999 -9999 -9999 -9999
77.779 -9999 71.015 70.971 68.711 63.124 -9999 -9999 -9999 -9999 -9999 -9999 -9999 87.822 -9999 -9999 -9999 -9999 -9999 -9999 -9999 -9999 -9999 -9999 -9999 -9999 -9999 -9999 -9999 -9999 -9999 -9999 107.331 115.668 120.522 122.557 124.335 139.972 133.788 119.016 98.873 88.062 91.678 87.418 119.06 153.125 161.116 148.725 124.628 132.268 124.752 98.156 87.041 72.213 73.169 75.738 72.499 70.379 68.564 72.384 67.123 59.209 -9999 -9999 -9999 -9999 -9999 -9999 -9999 -9999 -9999 -9999 -9999 -9999
72.312 71.696 73.049 70.088 65.543 64.18 -9999 -9999 -9999 -9999 -9999 -9999 -9999 -9999 -9999 -9999 -9999 -9999 -9999 -9999 -9999 -9999 -9999 -9999 -9999 -9999 -9999 -9999 -9999 -9999 -9999 111.509 110.977 117.754 131.761 138.853 153.272 188.125 171.501 128.733 108.113 94.498 78.654 83.208 106.745 143.739 173.227 150.201 135.477 123.701 109.397 102.043 90.535 81.526 72.029 70.754 68.751 67.856 68.293 69.692 65.205 58.301 -9999 -9999 -9999 -9999 -9999 -9999 -9999 -9999 -9999 -9999 -9999 -9999
71.825 72.371 70.695 66.616 -9999 62.301 62.748 -9999 -9999 -9999 -9999 -9999 -9999 -9999 -9999 -9999 -9999 -9999 -9999 -9999 -9999 -9999 -9999 -9999 -9999 -9999 -9999 -9999 -9999 -9999 -9999 120.609 119.155 139.947 170.552 175.256 177.72 176.757 169.287 152.968 123.499 103.611 92.014 87.693 96.51 122.613 140.777 156.288 133.899 116.799 102.268 90.226 77.515 74.211 67.808 70.501 66.555 65.725 63.87 65.112 62.049 57.548 55.723 56.193 -9999 -9999 -9999 -9999 -9999 -9999 -9999 -9999 -9999 -9999
73.112 72.899 68.486 64.341 -9999 -9999 63.365 -9999 -9999 -9999 -9999 -9999 -9999 -9999 -9999 -9999 -9999 -9999 -9999 -9999 -9999 -9999 -9999 -9999 -9999 -9999 -9999 -9999 -9999 -9999 -9999 130.723 136.193 159.938 177.819 193.497 202.584 207.926 199.16 171.636 147.453 134.068 112.059 101.688 95.827 85.425 109.687 120.602 111.964 108.39 95.449 79.372 70.978 69.002 67.116 61.827 65.726 60.968 61.337 61.691 62.628 61.548 71.417 73.945 68.546 65.097 74.779 -9999 -9999 -9999 -9999 -9999 -9999 -9999
69.152 68.298 66.096 62.839 59.784 -9999 64.132 -9999 -9999 -9999 -9999 -9999 -9999 -9999 -9999 -9999 -9999 -9999 -9999 -9999 -9999 -9999 -9999 -9999 -9999 -9999 -9999 -9999 -9999 -9999 104.964 133.482 153.381 188.025 239.922 275.287 278.751 230.338 219.622 211.189 204.112 173.449 154.736 128.22 100.649 86.556 99.882 96.315 98.809 106.111 94.059 78.58 71.441 67.881 64.943 63.616 61.445 60.152 59.479 61.172 63.697 68.011 72.656 89.309 88.854 87.292 83.141 77.415 76.842 -9999 -9999 -9999 -9999 -9999
73.396 68.823 65.769 65.618 -9999 64.427 -9999 -9999 -9999 -9999 -9999 -9999 -9999 -9999 -9999 -9999 -9999 -9999 -9999 -9999 -9999 -9999 -9999 -9999 -9999 -9999 -9999 -9999 -9999 -9999 -9999 108.606 139.467 183.969 234.776 274.209 285.036 278.918 230.64 222.809 205.372 209.441 183.417 144.034 117.417 109.154 102.626 100.145 130.877 114.213 104.218 99.681 89.374 73.517 66.571 63.263 61.31 60.902 61.384 63.33 63.888 63.626 72.252 84.192 83.306 82.185 85.869 84.763 81.968 76.122 -9999 -9999 -9999 -9999
83.009 76.319 67.581 67.049 64.376 67.736 -9999 -9999 -9999 -9999 -9999 -9999 -9999 -9999 -9999 -9999 -9999 -9999 -9999 -9999 -9999 -9999 -9999 -9999 -9999 -9999 -9999 -9999 -9999 -9999 -9999 -9999 114.723 153.994 189.689 230.258 257.473 266.501 204.239 178.912 187.98 193.34 169.082 153.57 145.995 134.965 120.695 136.561 135.859 127.254 128.971 112.642 93.662 87.142 73.998 66.455 60.536 60.012 63.109 66.537 65.792 81.671 85.576 102.269 110.479 98.412 99.757 85.808 84.337 80.025 75.176 -9999 -9999 -9999
84.102 77.263 70.907 64.421 65.685 -9999 -9999 -9999 -9999 -9999 -9999 -9999 -9999 -9999 -9999 -9999 -9999 -9999 -9999 -9999 -9999 -9999 -9999 -9999 -9999 -9999 -9999 -9999 -9999 -9999 -9999 -9999 103.695 134.291 170.533 193.83 239.635 226.672 179.036 163.193 157.613 151.731 147.288 139.661 146.806 165.909 148.72 152.623 152.801 131.185 103.097 106.532 89.647 85.325 80.206 66.575 60.329 61.584 63.888 70.836 77.891 85.88 98.715 98.092 101.58 99.147 103.657 101.347 89.34 85.844 80.115 73.399 -9999 -9999
85.594 80.341 71.76 65.121 60.522 -9999 -9999 -9999 -9999 -9999 -9999 -9999 -9999 -9999 -9999 -9999 -9999 -9999 -9999 -9999 -9999 -9999 -9999 -9999 -9999 -9999 -9999 -9999 -9999 -9999 -9999 -9999 -9999 123.621 160.328 190.438 196.262 176.032 165.664 147.242 139.318 135.909 128.304 132.004 149.765 153.158 167.244 158.836 148.545 120.788 118.739 107.525 99.286 80.853 75.822 65.472 63.442 65.654 62.138 70.768 82.367 85.32 92.501 98.421 100.315 94.692 92.517 96.087 96.513 88.558 86.057 78.344 -9999 -9999
94.051 -9999 -9999 -9999 -9999 -9999 -9999 -9999 -9999 -9999 -9999 -9999 -9999 -9999 -9999 -9999 -9999 -9999 -9999 -9999 -9999 -9999 -9999 -9999 -9999 -9999 -9999 -9999 -9999 -9999 -9999 -9999 -9999 118.215 149.246 156.655 145.352 146.239 136.35 138.492 135.737 123.576 126.894 134.78 148.644 176.74 161.129 163.522 154.758 134.967 109.344 98.903 90.309 84.177 73.614 67.493 61.073 60.415 64.346 64.507 75.495 84.297 85.256 85.884 88.357 85.716 87.541 88.744 95.881 92.099 79.385 78.262 69.376 -9999
106.883 -9999 -9999 -9999 -9999 -9999 -9999 -9999 -9999 -9999 -9999 -9999 -9999 -9999 -9999 -9999 -9999 -9999 -9999 -9999 -9999 -9999 -9999 -9999 -9999 -9999 -9999 -9999 -9999 -9999 -9999 -9999 -9999 -9999 133.494 128.593 124.179 118.507 126.325 124.961 116.797 117.883 119.002 130.234 143.073 159.603 171.404 174.647 173.169 143.949 131.177 118.04 100.722 96.251 84.701 70.191 60.673 56.035 56.213 60.031 62.3 76.068 83.519 77.455 71.814 70.819 66.621 70.037 72.655 74.908 70.721 68.341 66.89 -9999
87.433 -9999 -9999 -9999 -9999 -9999 -9999 -9999 -9999 -9999 -9999 -9999 -9999 -9999 -9999 -9999 -9999 -9999 -9999 -9999 -9999 -9999 -9999 -9999 -9999 -9999 -9999 -9999 -9999 -9999 -9999 -9999 -9999 -9999 116.171 -9999 109.292 113.372 111.222 109.866 -9999 105.896 117.639 123.801 135.151 162.601 171.631 175.785 159.886 146.107 137.749 141.615 120.656 103.723 94.272 81.226 64.521 56.695 54.429 54.369 59.981 64.407 72.56 72.833 68.805 63.923 60.672 59.033 63.441 66.224 65.513 87.197 82.359 66.856
-9999 -9999 -9999 -9999 -9999 -9999 -9999 -9999 -9999 -9999 -9999 -9999 -9999 -9999 -9999 -9999 -9999 -9999 -9999 -9999 -9999 -9999 -9999 -9999 -9999 -9999 -9999 -9999 -9999 -9999 -9999 -9999 -9999 -9999 -9999 108.014 108.216 -9999 -9999 -9999 -9999 102.646 110.12 110.89 122.573 133.075 142.889 137.859 147.655 149.294 131.962 129.952 136.658 112.913 98.903 84.817 71.405 63.088 59.525 56.249 57.259 63.043 67.483 72.403 70.084 67.113 62.65 58.092 61.869 70.494 70.863 69.296 77.168 67.436
-9999 -9999 -9999 -9999 -9999 -9999 -9999 -9999 -9999 -9999 -9999 -9999 -9999 -9999 -9999 -9999 -9999 -9999 -9999 -9999 -9999 -9999 -9999 -9999 -9999 -9999 -9999 -9999 -9999 -9999 -9999 -9999 -9999 -9999 -9999 97.135 97.825 -9999 -9999 -9999 -9999 102.79 109.645 105.064 108.202 116.157 117.005 114.756 123.403 136.966 127.857 118.323 130.479 118.362 103.632 88.986 75.365 62.578 59.509 56.952 54.864 55.591 60.308 65.958 68.371 66.08 64.929 62.898 63.03 70.683 75.816 72.26 71.983 64.621
-9999 -9999 -9999 -9999 -9999 -9999 -9999 -9999 -9999 -9999 -9999 -9999 -9999 -9999 -9999 -9999 -9999 -9999 -9999 -9999 -9999 -9999 -9999 -9999 -9999 -9999 -9999 -9999 -9999 -9999 -9999 -9999 -9999 -9999 -9999 93.379 -9999 -9999 -9999 -9999 100.041 108.158 114.523 126.47 131.24 131.136 122.376 106.156 123.151 130.29 109.692 109.792 109.011 108.649 98.479 86.545 73.395 65.538 59.548 58.191 55.908 53.938 55.69 60.725 64.147 65.915 69.992 76.303 73.746 72.212 72.261 70.079 65.381 63.451
-9999 -9999 -9999 -9999 -9999 -9999 -9999 -9999 -9999 -9999 -9999 -9999 -9999 -9999 -9999 -9999 -9999 -9999 -9999 -9999 -9999 -9999 -9999 -9999 -9999 -9999 -9999 -9999 -9999 -9999 -9999 -9999 -9999 -9999 -9999 -9999 -9999 -9999 -9999 -9999 98.222 106.031 126.919 151.757 159.702 152.94 126.282 113.408 105.405 104.623 100.207 102.216 103.752 98.545 93.444 85.649 73.801 67.266 63.167 58.698 56.388 54.28 55.059 57.696 61.001 65.924 70.229 81.716 85.298 72.021 66.437 61.57 60.684 58.533
-9999 -9999 -9999 -9999 -9999 -9999 -9999 -9999 -9999 -9999 -9999 -9999 -9999 -9999 -9999 -9999 -9999 -9999 -9999 -9999 -9999 -9999 -9999 -9999 -9999 -9999 -9999 -9999 -9999 -9999 -9999 -9999 -9999 -9999 -9999 -9999 -9999 -9999 -9999 -9999 94.462 105.083 129.698 153.041 165.008 146.334 126.969 105.118 100.898 97.978 91.848 89.415 87.303 91.542 85.207 82.616 73.94 65.286 59.977 56.774 57.781 56.138 53.881 54.6 56.246 60.939 67.095 73.905 78.81 70.492 61.183 60.933 58.766 57.199
-9999 -9999 -9999 -9999 -9999 -9999 -9999 -9999 -9999 -9999 -9999 -9999 -9999 -9999 -9999 -9999 -9999 -9999 -9999 -9999 -9999 -9999 -9999 -9999 -9999 -9999 -9999 -9999 -9999 -9999 -9999 -9999 -9999 -9999 -9999 -9999 -9999 -9999 -9999 90.59 95.216 104.012 125.927 155.169 159.349 136.948 127.746 102.518 98.52 90.321 87.193 87.583 90.036 81.832 78.8 70.67 68.173 59.408 57.389 54.829 54.178 56.565 55.82 54.432 53.847 55.177 61.094 66.469 70.784 67.425 62.164 57.213 58.823 58.321
-9999 -9999 -9999 -9999 -9999 -9999 -9999 -9999 -9999 -9999 -9999 -9999 -9999 -9999 -9999 -9999 -9999 -9999 -9999 -9999 -9999 -9999 -9999 -9999 -9999 -9999 -9999 -9999 -9999 -9999 -9999 -9999 -9999 -9999 -9999 -9999 -9999 -9999 -9999 91.586 92.184 100.969 118.176 135.68 121.48 121.197 105.238 107.493 114.234 99.183 94.682 93.769 85.789 82.419 76.434 72.877 71.03 66.407 57.723 56.417 54.582 53.694 54.055 53.962 53.437 54.199 57.034 58.97 60.559 64.027 63.004 60.407 57.667 58.306
-9999 -9999 -9999 -9999 -9999 -9999 -9999 -9999 -9999 -9999 -9999 -9999 -9999 -9999 -9999 -9999 -9999 -9999 -9999 -9999 -9999 -9999 -9999 -9999 -9999 -9999 -9999 -9999 -9999 -9999 -9999 -9999 -9999 -9999 -9999 -9999 -9999 -9999 90.013 89.106 92.356 97.103 108.106 110.598 110.083 105.342 102.35 109.464 106.652 99.456 98.206 96.184 87.933 71.23 73.013 69.326 66.046 65.374 63.116 57.368 55.448 53.873 52.609 52.395 52.97 54.205 56.541 59.252 59.584 61.97 65.224 62.934 59.599 57.351
-9999 -9999 -9999 -9999 -9999 -9999 -9999 -9999 -9999 -9999 -9999 -9999 -9999 -9999 -9999 -9999 -9999 -9999 -9999 -9999 -9999 -9999 -9999 -9999 -9999 -9999 -9999 -9999 -9999 -9999 -9999 -9999 -9999 -9999 -9999 -9999 -9999 -9999 85.435 89.841 92.201 94.361 98.525 99.189 98.723 102.811 102.315 98.61 100.171 101.1 115.852 109.833 97.326 81.927 70.203 69.039 61.834 57.293 59.874 60.976 56.298 51.684 51.977 52.546 52.882 53.199 52.807 53.403 56.355 60.717 66.644 64.034 59.518 58.128
-9999 -9999 -9999 -9999 -9999 -9999 -9999 -9999 -9999 -9999 -9999 -9999 -9999 -9999 -9999 -9999 -9999 -9999 -9999 -9999 -9999 -9999 -9999 -9999 -9999 -9999 -9999 -9999 -9999 -9999 -9999 -9999 -9999 -9999 -9999 -9999 -9999 -9999 86.591 87.29 86.864 89.184 92.842 92.397 94.346 100.251 100.941 105.718 114.335 119.908 122.938 111.823 97.774 84.678 72.766 66.958 64.09 58.288 57.562 56.445 55.437 52.402 50.994 52.711 53.208 53.59 53.47 52.588 53.441 56.639 60.318 62.642 58.372 58.201
-9999 -9999 -9999 -9999 -9999 -9999 -9999 -9999 -9999 -9999 -9999 -9999 -9999 -9999 -9999 -9999 -9999 -9999 -9999 -9999 -9999 -9999 -9999 -9999 -9999 -9999 -9999 -9999 -9999 -9999 -9999 -9999 -9999 -9999 -9999 -9999 -9999 -9999 -9999 83.915 83.634 87.889 87.163 95.145 105.724 114.148 118.394 121.537 115.141 122.638 118.115 111.081 94.115 76.185 70.888 62.244 61.031 58.263 56.0 56.374 53.151 52.072 51.815 52.531 52.144 52.655 53.08 53.542 56.112 57.146 56.465 57.141 -9999 58.434
