Validation/Results/ReClimate_12_2023_2_Precipitation-Actualsweatherlogisticsltd.asc
NCOLS 192
NROWS 249
XLLCENTER -225160.85627316462
YLLCENTER 29788.11610251502
CELLSIZE 5000.0
NODATA_VALUE -9999
[rows 198 to 230 of 249, columns 74 to 147 of 192]
-9999 -9999 -9999 -9999 -9999 -9999 -9999 -9999 -9999 -9999 -9999 -9999 -9999 -9999 -9999 -9999 -9999 -9999 130.678 134.357 142.921 133.718 122.716 133.281 130.687 162.557 188.531 215.051 208.484 189.697 161.577 124.762 114.77 112.824 117.872 125.187 111.33 95.204 80.262 74.133 71.431 73.361 69.205 72.091 71.263 68.244 65.322 61.734 59.13 58.708 55.741 57.597 56.886 53.527 53.423 54.444 54.307 55.899 54.703 59.141 61.186 61.276 67.412 67.55 64.375 62.941 60.762 64.529 64.102 62.513 62.634 56.34 54.014 53.186
-9999 -9999 -9999 -9999 -9999 -9999 -9999 -9999 -9999 -9999 -9999 -9999 -9999 -9999 -9999 84.397 107.385 122.134 129.191 144.903 147.181 145.636 144.206 126.856 147.75 167.999 191.837 192.404 201.082 175.307 154.311 141.398 122.896 112.716 130.194 109.676 97.897 80.022 72.828 71.698 78.172 67.716 68.565 64.463 67.466 69.824 68.402 68.959 61.691 58.803 53.036 53.769 56.534 51.986 49.812 52.352 55.751 57.318 62.751 60.882 60.911 62.456 68.741 71.153 65.894 62.999 59.757 60.802 63.81 62.476 59.042 56.622 53.237 56.108
-9999 -9999 -9999 -9999 -9999 -9999 -9999 -9999 -9999 -9999 -9999 -9999 -9999 114.372 105.555 112.218 119.934 124.957 136.582 145.233 153.313 150.283 144.537 156.666 152.769 171.191 181.798 172.811 172.427 169.736 171.521 147.366 132.611 127.15 105.817 96.446 83.704 93.18 83.745 74.71 68.032 63.838 62.504 64.004 67.14 68.591 70.44 64.575 62.682 56.988 51.403 54.228 56.046 53.539 57.977 57.706 56.762 57.307 57.642 63.988 63.618 65.397 68.704 73.643 71.667 67.995 62.358 60.198 62.869 62.642 59.548 59.053 58.664 54.941
-9999 -9999 -9999 -9999 -9999 -9999 -9999 -9999 -9999 119.8 127.039 122.739 118.438 137.406 131.527 139.682 142.982 140.786 150.28 159.078 168.741 174.647 167.672 163.188 161.097 173.301 164.305 158.8 159.865 173.079 160.853 144.991 128.52 122.66 107.521 90.254 103.283 106.621 90.135 84.669 75.132 69.471 66.174 70.013 73.797 67.327 70.006 64.275 58.444 55.376 55.086 56.958 56.247 64.892 64.938 65.854 61.828 61.315 60.992 61.991 64.782 67.032 68.83 67.316 69.097 67.817 63.208 61.714 60.405 59.837 60.24 59.268 57.449 54.362
-9999 -9999 -9999 -9999 -9999 -9999 -9999 -9999 104.729 123.594 126.792 133.348 169.713 175.911 175.129 165.313 185.281 169.663 174.115 171.734 181.527 178.093 175.93 174.181 169.792 155.139 147.04 147.367 162.657 162.043 152.378 139.441 131.991 115.341 112.05 126.963 156.184 121.613 105.612 86.317 81.621 76.038 76.815 72.417 64.534 66.209 64.097 61.241 58.906 56.246 59.634 61.605 68.582 73.409 78.646 70.249 64.75 69.497 69.631 68.213 68.45 67.693 70.126 69.906 66.537 65.05 64.635 64.732 61.198 63.467 63.889 59.759 57.768 54.448
-9999 -9999 -9999 -9999 -9999 -9999 -9999 96.519 110.963 125.274 131.892 151.864 168.654 174.368 159.064 176.014 169.059 169.851 166.538 161.492 177.388 182.381 175.65 164.556 148.763 134.695 145.391 170.529 170.311 171.111 154.901 141.984 125.279 124.33 115.55 155.039 148.94 143.617 111.559 102.142 94.256 83.431 76.215 71.035 68.734 69.036 71.712 62.209 57.58 52.841 59.713 64.158 72.98 84.79 79.634 72.683 69.533 70.633 75.184 73.892 72.34 70.932 70.049 68.616 65.519 63.77 64.148 67.085 66.757 62.402 64.205 61.094 60.957 65.65
-9999 -9999 -9999 -9999 -9999 94.169 -9999 100.173 110.434 120.529 126.487 134.331 146.441 151.211 146.047 147.783 144.846 152.37 143.013 151.653 153.54 156.126 150.281 149.124 143.95 155.669 186.724 228.592 254.832 218.439 200.317 185.624 186.212 164.008 145.95 145.412 169.002 138.567 122.867 113.153 100.648 86.887 75.517 77.085 78.649 79.465 71.911 63.882 55.158 58.414 67.769 77.122 86.752 94.978 87.566 75.361 70.432 72.325 74.643 73.879 71.3 67.477 66.638 62.796 61.996 64.008 65.378 65.885 66.509 64.204 63.775 65.327 64.446 67.076
-9999 -9999 -9999 -9999 -9999 -9999 -9999 -9999 -9999 117.428 112.634 122.253 135.669 133.185 137.971 141.64 147.571 145.945 142.131 138.949 144.95 155.636 151.192 158.779 157.397 177.593 211.292 252.025 257.361 248.716 225.16 237.886 239.004 186.588 169.043 159.573 125.302 125.935 121.951 98.447 88.732 80.432 88.132 89.782 93.622 84.898 74.796 63.418 59.603 64.775 76.178 93.431 96.504 95.77 88.56 76.292 74.621 78.698 74.318 71.662 66.718 64.084 62.499 61.846 61.035 62.922 63.381 62.883 63.874 65.755 68.996 73.699 74.314 69.621
-9999 -9999 -9999 -9999 -9999 -9999 -9999 -9999 -9999 111.529 113.598 118.685 126.21 134.925 145.549 150.498 147.717 141.364 137.083 132.994 147.031 151.463 153.172 154.786 157.26 172.083 190.437 212.711 215.948 209.633 214.847 232.02 209.202 197.44 174.095 148.947 153.565 156.92 122.289 101.55 84.858 99.798 100.851 106.606 100.006 92.363 72.914 60.44 59.645 82.991 91.765 90.97 92.573 92.822 84.655 79.375 74.568 74.55 74.252 69.262 66.21 62.573 61.11 60.325 62.722 66.114 65.039 61.048 63.04 68.892 76.85 77.043 77.469 77.561
-9999 -9999 -9999 -9999 -9999 -9999 -9999 103.216 107.996 109.46 106.708 -9999 128.253 140.155 137.13 131.91 129.824 126.019 -9999 125.773 133.527 139.999 156.359 154.774 172.02 176.641 202.795 215.815 199.056 187.997 203.077 190.366 182.861 174.845 176.908 166.588 169.286 163.034 125.574 107.603 96.08 98.414 109.105 111.459 112.197 83.789 69.809 64.587 78.555 82.62 87.743 87.17 95.35 89.168 82.473 78.013 74.073 68.846 66.54 65.045 68.746 64.656 62.302 61.264 60.606 61.454 63.85 65.701 67.556 76.527 82.936 85.218 80.004 78.41
-9999 -9999 -9999 -9999 -9999 -9999 -9999 104.435 -9999 -9999 -9999 118.163 127.177 126.694 -9999 -9999 -9999 -9999 -9999 120.067 124.54 137.911 135.796 148.872 156.67 168.627 187.135 186.684 187.147 240.107 245.802 208.14 189.042 181.209 181.478 173.946 171.591 143.113 131.076 111.629 101.782 112.608 106.258 112.044 88.101 72.805 71.16 75.479 84.223 83.347 89.576 84.952 86.938 87.276 77.208 72.011 68.914 65.732 64.356 62.475 63.395 65.365 62.546 62.907 61.925 62.62 65.307 64.653 73.812 82.39 87.321 85.865 84.359 78.793
-9999 -9999 -9999 -9999 -9999 -9999 -9999 -9999 -9999 110.162 112.538 112.212 116.225 119.923 -9999 -9999 -9999 -9999 -9999 -9999 -9999 -9999 128.422 141.413 144.594 146.511 154.292 170.421 221.078 268.687 275.179 253.457 214.994 194.713 182.487 162.056 166.915 158.582 129.818 113.575 122.071 114.21 112.167 91.796 80.297 77.328 75.716 85.313 83.94 88.126 88.437 82.308 76.541 75.956 70.579 67.289 64.462 65.56 64.1 61.963 59.332 59.242 60.04 61.88 63.949 66.695 73.51 76.677 80.506 88.984 86.47 82.297 78.096 74.966
-9999 -9999 -9999 -9999 -9999 -9999 -9999 -9999 -9999 -9999 111.434 -9999 -9999 -9999 -9999 -9999 -9999 -9999 -9999 -9999 120.343 123.635 131.091 132.944 127.486 127.495 134.639 162.529 207.5 248.088 257.337 237.064 205.798 192.664 177.335 162.828 160.409 138.007 118.664 112.961 113.99 110.355 98.638 -9999 81.485 79.403 82.581 92.178 87.444 85.599 82.659 75.918 73.723 69.786 69.398 66.847 65.936 63.042 61.105 58.041 56.369 57.852 58.133 59.502 66.753 77.298 80.748 87.122 80.259 82.702 82.618 77.947 69.311 69.502
-9999 -9999 -9999 -9999 -9999 -9999 -9999 -9999 -9999 -9999 -9999 -9999 -9999 -9999 -9999 -9999 -9999 -9999 -9999 -9999 116.51 119.14 118.061 111.765 -9999 -9999 -9999 142.251 181.797 198.901 210.559 195.653 186.447 185.869 168.147 148.695 138.347 125.927 111.968 109.521 100.442 93.389 -9999 79.935 80.256 80.887 87.796 89.976 83.457 83.437 75.466 65.478 72.177 70.441 68.25 67.467 63.036 70.401 70.658 67.318 63.99 61.417 62.34 64.854 70.247 75.481 82.917 83.301 80.209 75.582 76.141 72.801 67.582 63.398
-9999 -9999 -9999 -9999 -9999 -9999 -9999 -9999 -9999 -9999 -9999 -9999 -9999 -9999 -9999 -9999 -9999 -9999 -9999 -9999 -9999 -9999 -9999 -9999 -9999 -9999 -9999 109.053 130.178 153.422 153.352 152.143 156.953 154.538 144.897 134.302 124.103 112.552 103.512 96.284 -9999 -9999 78.53 76.838 80.479 81.25 87.489 88.876 83.752 78.531 72.273 66.492 71.953 72.408 72.377 76.878 75.402 70.242 77.746 81.388 74.346 70.094 72.517 71.384 73.684 77.531 77.185 76.497 73.238 67.153 67.531 67.67 64.585 61.941
-9999 -9999 -9999 -9999 -9999 -9999 -9999 -9999 -9999 -9999 -9999 -9999 -9999 -9999 -9999 -9999 -9999 -9999 -9999 -9999 -9999 -9999 -9999 -9999 -9999 -9999 -9999 100.132 110.954 116.913 122.415 133.024 129.274 129.715 130.191 121.974 107.995 -9999 -9999 -9999 -9999 -9999 76.587 79.844 82.385 83.716 87.191 90.999 85.435 83.565 76.731 70.379 70.368 78.062 79.12 86.935 89.124 85.866 81.618 83.037 82.749 73.685 74.404 73.157 72.957 75.926 70.681 68.595 65.086 64.518 61.857 61.381 61.772 61.176
-9999 -9999 -9999 -9999 -9999 -9999 -9999 -9999 -9999 -9999 -9999 -9999 -9999 -9999 -9999 -9999 -9999 -9999 -9999 -9999 -9999 -9999 -9999 -9999 -9999 -9999 -9999 -9999 -9999 106.284 118.059 116.138 110.735 114.99 115.303 103.325 -9999 -9999 -9999 -9999 80.227 87.481 87.9 85.272 88.467 83.761 91.572 94.54 93.984 83.92 76.856 74.531 77.693 84.323 87.836 89.274 93.445 89.873 84.225 78.938 75.301 75.609 72.375 71.795 68.102 66.525 65.148 63.752 64.611 65.243 67.064 64.344 61.037 59.619
-9999 -9999 -9999 -9999 -9999 -9999 -9999 -9999 -9999 -9999 -9999 -9999 -9999 -9999 -9999 -9999 -9999 -9999 -9999 -9999 -9999 -9999 -9999 -9999 -9999 -9999 -9999 -9999 -9999 -9999 104.705 102.46 101.502 96.03 95.641 -9999 -9999 -9999 -9999 82.826 84.14 87.547 96.081 99.433 88.032 84.103 87.42 88.089 90.489 82.413 76.452 80.513 83.414 86.924 91.404 90.395 89.885 87.884 85.239 79.383 79.498 74.071 75.143 72.211 69.146 65.135 63.814 64.706 67.148 70.095 72.31 67.847 61.397 59.237
-9999 -9999 -9999 -9999 -9999 -9999 -9999 -9999 -9999 -9999 -9999 -9999 -9999 -9999 -9999 -9999 -9999 -9999 -9999 -9999 -9999 -9999 -9999 -9999 -9999 -9999 -9999 -9999 -9999 -9999 -9999 -9999 -9999 -9999 -9999 -9999 -9999 -9999 87.422 85.644 83.91 93.674 101.999 94.73 88.417 86.241 84.811 88.88 85.702 74.486 71.305 74.21 79.688 83.929 85.464 89.684 91.131 88.69 92.628 91.644 86.646 85.055 80.911 79.568 73.376 70.292 68.599 67.193 69.257 72.286 71.267 67.741 62.847 61.305
-9999 -9999 -9999 -9999 -9999 -9999 -9999 -9999 -9999 -9999 -9999 -9999 -9999 -9999 -9999 -9999 -9999 -9999 -9999 -9999 -9999 -9999 -9999 -9999 -9999 -9999 -9999 -9999 -9999 -9999 -9999 -9999 -9999 -9999 -9999 -9999 -9999 84.315 86.245 89.828 94.329 117.437 115.784 110.318 98.085 92.656 91.548 90.273 78.473 69.437 68.779 74.384 79.401 82.058 87.361 91.851 98.779 96.842 94.38 101.873 95.53 89.387 86.988 82.087 77.38 70.598 70.21 71.177 71.559 73.917 71.768 66.501 64.506 64.788
-9999 -9999 -9999 -9999 -9999 -9999 -9999 -9999 -9999 -9999 -9999 -9999 -9999 -9999 -9999 -9999 -9999 -9999 -9999 -9999 -9999 -9999 -9999 -9999 -9999 -9999 -9999 -9999 -9999 -9999 -9999 -9999 -9999 -9999 -9999 -9999 -9999 82.551 80.514 81.258 96.641 108.489 117.464 121.047 115.878 109.866 106.685 91.769 79.995 75.318 85.185 83.613 85.949 83.54 81.291 84.435 90.286 97.649 95.958 95.461 94.335 88.115 89.24 86.651 80.721 77.683 74.825 76.208 76.537 79.288 75.852 71.223 70.875 79.331
-9999 -9999 -9999 -9999 -9999 -9999 -9999 -9999 -9999 -9999 -9999 -9999 -9999 -9999 -9999 -9999 -9999 -9999 -9999 -9999 -9999 -9999 -9999 -9999 161.799 184.741 188.731 179.154 -9999 152.88 -9999 -9999 -9999 -9999 -9999 -9999 -9999 -9999 75.689 75.93 84.69 93.028 105.187 114.272 111.799 119.64 104.129 95.091 87.026 94.258 94.701 86.998 85.182 83.529 76.998 80.897 83.193 87.105 87.834 90.534 88.28 89.179 90.84 94.727 90.976 85.468 84.34 78.223 79.645 82.256 82.52 77.442 79.17 80.85
-9999 -9999 -9999 -9999 -9999 -9999 -9999 -9999 -9999 -9999 -9999 -9999 -9999 -9999 -9999 -9999 -9999 -9999 -9999 -9999 -9999 123.978 132.257 138.96 166.47 201.708 198.682 194.423 192.419 161.62 132.521 112.701 -9999 -9999 96.269 89.926 76.58 67.756 71.834 72.381 76.131 85.147 94.368 93.67 107.921 107.657 100.225 98.81 107.66 103.023 95.604 95.282 86.443 83.28 78.655 79.43 86.135 87.406 87.669 83.796 84.788 87.91 94.195 93.367 97.608 96.907 90.494 89.527 81.902 84.566 87.156 84.542 94.393 94.217
-9999 -9999 -9999 -9999 -9999 -9999 -9999 -9999 -9999 -9999 -9999 -9999 -9999 -9999 -9999 -9999 -9999 -9999 -9999 -9999 126.383 124.678 118.461 132.11 165.332 188.291 204.958 212.049 196.591 174.751 156.889 130.962 107.283 109.223 103.914 98.319 81.955 76.941 69.196 71.828 78.047 83.645 84.214 93.589 99.222 97.36 98.929 114.282 108.999 107.748 103.672 96.057 91.584 87.213 83.94 82.37 85.664 90.377 88.363 91.833 88.644 86.893 91.875 96.253 100.007 101.292 97.968 93.239 98.219 91.616 88.531 89.752 89.128 97.18
-9999 -9999 -9999 -9999 -9999 -9999 -9999 -9999 -9999 -9999 -9999 -9999 -9999 -9999 -9999 -9999 -9999 -9999 -9999 -9999 127.13 107.879 108.764 117.996 137.507 166.628 180.865 192.264 181.386 170.769 152.437 141.604 138.635 121.768 109.501 96.21 88.334 79.839 72.344 69.369 70.363 76.212 78.207 83.282 83.815 89.142 106.405 105.337 106.06 112.348 108.388 97.334 96.548 94.375 91.071 88.721 89.834 89.864 89.101 89.873 93.656 87.25 88.839 96.076 103.073 107.025 101.978 100.897 102.442 102.135 95.243 89.494 87.492 83.961
-9999 -9999 -9999 -9999 -9999 -9999 -9999 -9999 -9999 -9999 -9999 -9999 -9999 -9999 -9999 -9999 -9999 -9999 -9999 -9999 121.113 107.846 108.386 109.968 129.217 138.89 149.672 153.478 153.385 153.652 152.139 144.561 142.736 128.792 103.604 91.558 85.917 79.656 72.873 66.688 69.657 75.027 75.102 74.611 81.104 93.494 97.399 98.093 96.977 104.944 101.82 106.382 103.787 98.579 92.772 90.916 91.699 93.491 96.124 93.56 93.222 97.186 94.493 99.489 107.155 116.323 109.518 103.305 103.751 99.129 94.609 93.614 86.067 84.47
-9999 -9999 -9999 -9999 -9999 -9999 -9999 -9999 -9999 -9999 -9999 -9999 -9999 -9999 -9999 -9999 121.65 135.446 -9999 125.246 115.638 120.515 117.178 112.45 113.172 119.096 125.977 136.528 145.62 150.179 140.386 136.979 132.352 115.335 101.601 94.697 91.607 86.572 79.942 72.463 76.967 78.351 77.582 77.295 85.095 89.139 93.62 93.004 100.53 104.276 105.385 113.417 111.668 103.157 95.647 94.346 95.766 98.135 92.714 95.357 95.33 97.259 101.379 103.177 107.624 108.706 112.07 104.056 105.487 107.427 101.83 96.617 89.826 83.591
-9999 -9999 -9999 -9999 -9999 -9999 -9999 -9999 -9999 -9999 -9999 -9999 -9999 -9999 -9999 -9999 135.583 141.448 135.314 132.424 131.622 125.805 115.322 110.594 119.571 114.937 125.054 132.091 134.124 144.216 135.785 126.935 123.754 113.709 114.516 124.422 111.795 98.383 87.822 82.381 86.595 86.771 84.365 88.327 95.755 90.92 95.074 94.174 97.501 102.89 109.778 106.127 107.86 102.728 98.597 101.126 102.146 98.741 95.679 93.137 96.05 96.472 97.852 97.956 104.665 110.677 110.889 117.009 111.549 110.652 108.569 104.15 94.459 85.897
-9999 -9999 -9999 -9999 -9999 -9999 -9999 -9999 -9999 -9999 -9999 -9999 -9999 -9999 -9999 119.672 136.102 140.308 144.457 146.098 133.713 128.13 120.502 121.423 118.629 117.902 123.246 122.153 128.333 132.397 121.678 118.073 111.927 113.752 134.655 130.353 125.195 113.87 102.825 95.746 94.475 91.195 92.848 96.401 95.159 98.241 99.708 96.867 102.19 108.668 101.532 102.124 101.084 103.069 106.56 103.217 106.152 105.067 98.048 94.445 96.18 95.907 95.414 94.841 97.242 103.066 108.395 112.878 118.044 112.059 118.892 108.855 108.928 102.803
-9999 -9999 -9999 -9999 -9999 -9999 -9999 -9999 -9999 -9999 -9999 -9999 -9999 -9999 -9999 -9999 122.174 136.367 138.078 133.25 130.254 128.24 120.554 117.832 124.965 117.561 123.936 124.039 120.852 113.076 111.132 113.81 107.758 117.829 128.255 132.587 132.004 127.567 117.511 110.253 102.475 103.285 103.957 103.118 100.916 104.237 106.624 107.437 109.651 104.572 102.806 98.213 96.955 98.672 100.149 102.56 100.985 102.819 100.065 95.419 -9999 94.068 90.437 95.888 93.602 89.944 92.231 96.252 97.377 98.416 96.062 99.12 95.16 100.676
-9999 -9999 -9999 -9999 -9999 -9999 -9999 -9999 -9999 -9999 -9999 -9999 -9999 -9999 -9999 116.454 119.195 124.404 127.151 131.415 134.883 132.897 123.526 122.307 115.281 121.439 116.984 108.815 103.612 104.951 108.443 104.219 105.199 113.785 119.754 128.644 133.098 123.484 117.602 124.433 121.848 117.96 122.282 117.558 120.81 126.146 120.829 114.517 111.664 106.135 99.746 101.806 98.8 99.502 99.437 96.717 100.085 101.723 101.723 96.057 90.663 -9999 82.238 -9999 86.253 -9999 80.896 -9999 88.806 86.424 86.301 83.429 83.315 84.208
-9999 -9999 -9999 -9999 -9999 -9999 -9999 -9999 -9999 -9999 -9999 -9999 -9999 -9999 -9999 117.925 122.336 123.714 124.53 133.846 136.789 138.019 136.171 134.808 128.529 121.923 112.593 106.514 104.195 107.541 102.401 99.835 101.814 112.678 123.851 133.141 125.879 115.597 123.822 120.509 109.459 113.338 115.239 124.99 133.022 131.824 127.712 118.705 114.98 109.932 104.839 100.798 100.507 97.187 96.706 95.255 94.367 95.876 94.124 91.081 87.899 -9999 -9999 78.25 78.746 -9999 -9999 78.299 78.582 80.132 -9999 -9999 -9999 -9999
-9999 -9999 -9999 -9999 -9999 -9999 -9999 -9999 -9999 -9999 -9999 -9999 -9999 -9999 129.232 127.971 132.142 129.665 128.054 128.759 133.621 145.858 160.585 168.571 170.105 148.826 125.875 114.003 120.045 116.869 107.401 96.832 105.406 115.641 128.52 122.77 119.963 113.807 114.672 96.84 94.372 100.077 114.057 125.623 129.608 125.148 119.841 115.322 112.329 102.792 97.657 99.007 100.128 97.391 91.465 88.457 91.078 88.483 -9999 -9999 -9999 88.05 -9999 -9999 -9999 -9999 -9999 -9999 80.271 -9999 -9999 -9999 -9999 -9999
