Validation/Results/ReClimate_12_2023_1_Precipitation-Actuals.asc
NCOLS 192
NROWS 249
XLLCENTER -225160.85627316462
YLLCENTER 29788.11610251502
CELLSIZE 5000.0
NODATA_VALUE -9999
[rows 198 to 230 of 249, columns 74 to 147 of 192]
-9999 -9999 -9999 -9999 -9999 -9999 -9999 -9999 -9999 -9999 -9999 -9999 -9999 -9999 -9999 -9999 -9999 -9999 168.415 170.211 169.283 179.63 164.923 187.005 197.23 221.473 240.172 265.719 269.122 246.759 206.448 156.537 148.346 141.789 149.176 157.797 133.979 116.959 98.335 91.3 88.02 87.631 81.648 86.528 86.394 83.419 78.365 74.742 71.382 69.642 67.261 68.814 67.554 63.142 61.979 61.479 62.494 65.104 63.364 68.977 71.485 71.112 74.19 73.975 74.091 71.852 69.375 72.051 70.182 66.891 69.041 63.179 60.064 59.856
-9999 -9999 -9999 -9999 -9999 -9999 -9999 -9999 -9999 -9999 -9999 -9999 -9999 -9999 -9999 111.493 141.566 157.321 161.279 177.692 179.473 188.846 189.99 175.687 211.811 230.104 247.659 237.963 251.771 225.459 199.175 183.357 157.742 144.236 165.752 135.247 116.421 97.774 90.098 89.803 99.096 81.302 82.398 80.379 82.632 84.588 79.552 83.953 74.103 69.293 63.735 64.936 67.25 61.258 57.479 60.932 65.766 68.327 74.127 71.202 71.266 71.941 71.767 75.384 76.047 72.218 67.537 69.469 70.556 67.985 64.172 62.646 58.66 59.493
-9999 -9999 -9999 -9999 -9999 -9999 -9999 -9999 -9999 -9999 -9999 -9999 -9999 151.004 140.033 149.217 157.037 163.387 181.346 183.947 199.017 200.929 193.384 218.739 209.08 231.136 233.096 221.094 226.294 227.62 224.83 190.568 168.621 158.855 132.683 114.902 106.687 123.361 103.925 93.355 83.767 77.823 77.618 77.925 78.965 81.371 85.172 78.222 73.997 68.178 62.539 64.905 66.587 62.999 67.546 67.303 66.655 68.27 69.451 76.042 74.875 73.995 77.75 78.765 80.748 78.072 70.56 67.853 67.751 67.845 65.614 61.048 62.108 60.731
-9999 -9999 -9999 -9999 -9999 -9999 -9999 -9999 -9999 152.034 166.736 161.657 156.577 178.025 167.961 177.301 177.205 183.944 194.494 205.04 215.427 223.041 247.847 236.723 220.559 226.692 211.231 207.815 214.982 229.414 208.878 187.166 164.818 154.526 129.905 110.519 135.06 130.33 109.729 104.493 85.749 82.434 80.765 78.846 86.885 77.751 84.74 76.669 70.947 67.053 67.403 69.619 70.44 75.292 72.76 76.309 72.868 71.888 69.886 73.491 78.465 79.624 77.887 79.247 78.942 77.306 72.187 69.589 67.812 66.973 67.465 65.076 62.116 61.276
-9999 -9999 -9999 -9999 -9999 -9999 -9999 -9999 131.765 159.379 167.215 181.409 217.337 218.04 222.187 208.885 207.715 218.718 222.309 222.871 228.255 241.782 241.548 232.65 224.922 204.739 195.471 196.644 217.817 217.887 198.93 181.582 168.417 144.866 143.019 162.47 194.003 153.099 131.226 102.723 94.174 86.733 91.449 88.059 78.766 80.095 78.238 74.097 70.434 67.591 70.915 73.516 82.616 86.911 87.805 81.638 76.955 83.095 82.824 79.596 83.014 81.617 80.979 79.337 76.121 72.958 70.503 71.112 70.807 73.369 78.236 70.682 67.526 64.792
-9999 -9999 -9999 -9999 -9999 -9999 -9999 118.954 139.638 162.5 175.602 196.907 216.147 222.924 213.478 211.513 220.536 218.889 216.965 211.629 227.081 236.481 229.259 215.826 197.635 181.856 197.648 227.279 231.551 232.579 207.733 188.6 163.731 167.619 152.866 199.519 189.552 175.715 135.69 122.587 108.422 101.135 93.53 87.203 83.331 81.631 81.314 75.465 72.153 70.563 66.574 60.992 83.756 97.773 92.706 88.988 89.544 88.468 90.426 87.489 84.787 83.769 79.738 77.751 76.229 72.138 71.81 73.746 75.194 72.457 72.952 70.799 69.975 76.083
-9999 -9999 -9999 -9999 -9999 112.451 -9999 121.989 135.539 149.876 164.275 172.928 192.032 194.787 191.62 197.026 196.924 198.778 189.494 196.523 202.179 203.419 194.819 196.041 194.189 214.219 253.452 305.383 341.902 290.681 270.41 249.577 246.464 215.617 182.725 187.086 210.514 162.94 136.913 136.242 123.686 106.296 88.773 87.821 94.539 92.203 86.39 76.244 69.899 71.028 70.364 81.944 98.185 99.562 97.346 90.878 87.791 89.451 89.325 86.821 83.013 79.103 76.029 76.134 71.898 71.493 72.705 73.989 75.28 72.717 72.464 73.389 73.39 77.658
-9999 -9999 -9999 -9999 -9999 -9999 -9999 -9999 -9999 148.785 148.032 162.468 174.03 172.622 179.461 190.218 191.52 185.795 181.367 181.611 183.198 188.897 198.267 212.786 214.316 246.62 292.108 337.39 336.784 329.068 304.481 317.653 313.007 233.738 218.672 209.412 163.613 153.81 150.2 123.78 120.65 108.521 102.297 105.871 112.605 101.959 88.996 76.287 73.756 77.808 88.756 108.979 112.426 110.002 99.969 92.926 90.946 95.051 88.112 82.508 77.373 74.458 71.651 69.992 73.515 70.235 71.0 71.889 74.204 77.143 79.837 84.675 84.343 79.51
-9999 -9999 -9999 -9999 -9999 -9999 -9999 -9999 -9999 140.648 145.549 156.285 162.394 173.74 188.228 194.884 186.559 177.744 174.885 169.403 180.024 194.764 203.678 208.479 213.744 237.137 260.198 282.215 285.34 280.678 288.456 309.204 271.039 255.041 228.232 190.353 195.283 197.669 147.158 130.452 127.974 124.505 119.731 129.501 119.009 106.981 87.94 78.419 79.884 100.422 107.823 112.545 110.86 108.995 105.055 99.333 90.629 88.807 87.424 80.381 75.883 73.419 70.887 70.395 71.352 73.84 73.691 71.975 75.68 81.281 89.039 88.682 88.771 88.305
-9999 -9999 -9999 -9999 -9999 -9999 -9999 119.278 128.373 136.115 139.008 -9999 158.702 167.98 173.725 166.066 161.086 157.297 -9999 157.99 170.172 184.196 208.238 206.073 229.197 237.061 260.925 272.633 260.859 247.273 279.091 264.231 241.463 232.941 228.403 212.811 214.374 204.359 155.356 143.983 123.522 123.386 133.24 132.699 127.821 104.823 90.368 83.184 92.638 96.748 107.818 105.862 111.02 101.472 96.568 95.095 87.945 80.093 76.633 75.264 79.631 75.499 71.845 70.643 70.15 69.438 74.008 77.19 80.447 88.902 93.962 96.479 91.139 89.666
-9999 -9999 -9999 -9999 -9999 -9999 -9999 120.446 -9999 -9999 -9999 145.121 151.887 155.221 -9999 -9999 -9999 -9999 -9999 149.442 158.121 179.099 178.643 196.622 207.949 217.75 237.334 243.042 247.346 324.045 339.712 285.509 254.057 237.943 236.679 224.994 218.064 178.595 164.999 140.869 127.397 132.501 126.754 127.635 104.434 91.393 93.383 93.698 103.037 102.396 108.111 102.589 99.532 95.722 89.925 84.752 80.431 75.645 73.531 71.846 75.177 76.891 72.741 71.538 70.85 72.239 78.306 88.004 94.304 97.6 101.071 99.792 92.979 87.555
-9999 -9999 -9999 -9999 -9999 -9999 -9999 -9999 -9999 130.856 137.991 142.712 141.996 144.287 -9999 -9999 -9999 -9999 -9999 -9999 -9999 -9999 167.909 185.254 188.102 190.036 202.876 224.93 289.487 351.539 369.735 334.822 279.427 247.309 232.054 210.641 213.998 206.772 165.229 143.706 150.399 139.939 132.922 107.04 95.228 95.777 96.333 108.139 104.732 107.276 105.607 98.151 92.137 87.398 83.164 80.032 74.559 74.956 71.444 68.78 68.074 71.067 71.636 72.805 74.173 76.18 84.401 90.62 100.711 105.554 102.099 97.361 92.548 85.023
-9999 -9999 -9999 -9999 -9999 -9999 -9999 -9999 -9999 -9999 136.599 -9999 -9999 -9999 -9999 -9999 -9999 -9999 -9999 -9999 149.221 157.16 168.849 170.628 162.373 166.011 179.72 216.859 271.992 332.958 342.912 309.092 265.992 244.473 227.868 209.755 209.487 177.044 144.688 138.977 143.591 137.386 119.931 -9999 99.696 99.013 102.375 114.375 108.9 104.691 99.698 93.279 88.89 83.705 83.451 80.366 75.244 71.359 69.871 67.606 68.747 70.363 72.125 72.665 78.379 90.016 93.146 101.76 99.016 99.726 97.45 92.392 80.15 81.738
-9999 -9999 -9999 -9999 -9999 -9999 -9999 -9999 -9999 -9999 -9999 -9999 -9999 -9999 -9999 -9999 -9999 -9999 -9999 -9999 144.744 151.448 150.714 142.286 -9999 -9999 -9999 186.426 241.262 267.255 277.184 253.574 239.152 239.274 218.788 194.391 177.78 155.089 134.475 127.929 124.968 117.664 -9999 97.488 97.571 99.766 106.398 108.986 103.879 103.367 97.363 90.048 87.727 84.276 83.352 82.149 75.223 76.065 79.942 79.554 77.391 74.545 73.571 75.833 79.503 85.806 96.652 96.676 94.101 92.349 89.641 85.8 79.721 75.344
-9999 -9999 -9999 -9999 -9999 -9999 -9999 -9999 -9999 -9999 -9999 -9999 -9999 -9999 -9999 -9999 -9999 -9999 -9999 -9999 -9999 -9999 -9999 -9999 -9999 -9999 -9999 138.963 167.853 200.808 199.405 193.787 199.897 197.642 184.295 166.156 150.771 135.679 121.019 117.354 -9999 -9999 96.543 94.055 100.435 100.078 102.739 108.29 106.298 105.758 95.499 85.687 88.309 87.706 88.416 95.541 97.044 95.051 93.516 97.814 91.398 84.062 84.848 83.427 86.539 90.751 90.276 91.096 86.371 80.916 81.328 80.464 79.174 76.481
-9999 -9999 -9999 -9999 -9999 -9999 -9999 -9999 -9999 -9999 -9999 -9999 -9999 -9999 -9999 -9999 -9999 -9999 -9999 -9999 -9999 -9999 -9999 -9999 -9999 -9999 -9999 125.547 140.478 152.467 159.209 168.868 167.954 165.748 161.258 149.481 133.812 -9999 -9999 -9999 -9999 -9999 93.978 98.483 102.657 101.655 106.331 111.369 108.798 102.684 92.105 84.654 84.736 93.33 96.717 105.709 107.769 107.228 104.442 101.131 99.123 88.086 86.731 85.766 86.178 91.386 86.691 82.615 77.498 77.075 76.105 75.918 75.912 75.83
-9999 -9999 -9999 -9999 -9999 -9999 -9999 -9999 -9999 -9999 -9999 -9999 -9999 -9999 -9999 -9999 -9999 -9999 -9999 -9999 -9999 -9999 -9999 -9999 -9999 -9999 -9999 -9999 -9999 136.916 151.546 150.257 144.669 146.38 142.583 129.834 -9999 -9999 -9999 -9999 109.463 107.879 108.644 106.343 109.534 100.627 112.026 113.105 108.912 99.361 91.495 91.251 96.172 104.958 107.35 108.031 111.361 107.412 101.489 93.388 94.609 92.771 85.481 85.413 81.966 83.361 82.24 78.241 76.8 77.955 81.593 78.94 76.647 74.628
-9999 -9999 -9999 -9999 -9999 -9999 -9999 -9999 -9999 -9999 -9999 -9999 -9999 -9999 -9999 -9999 -9999 -9999 -9999 -9999 -9999 -9999 -9999 -9999 -9999 -9999 -9999 -9999 -9999 -9999 132.113 128.912 134.034 121.804 120.341 -9999 -9999 -9999 -9999 111.495 108.234 112.213 112.561 113.339 105.93 102.746 105.869 104.759 107.74 98.389 93.763 99.965 102.878 105.69 111.967 109.058 107.92 104.556 103.317 95.487 92.211 90.902 90.147 85.346 83.063 77.768 79.067 78.946 80.308 83.472 86.318 83.894 78.036 77.0
-9999 -9999 -9999 -9999 -9999 -9999 -9999 -9999 -9999 -9999 -9999 -9999 -9999 -9999 -9999 -9999 -9999 -9999 -9999 -9999 -9999 -9999 -9999 -9999 -9999 -9999 -9999 -9999 -9999 -9999 -9999 -9999 -9999 -9999 -9999 -9999 -9999 -9999 108.656 108.665 108.822 110.748 113.919 116.984 107.622 106.061 102.498 104.52 102.842 90.847 89.68 92.199 97.539 102.195 103.684 109.456 111.71 110.918 114.156 113.421 104.871 101.015 97.316 92.494 86.672 84.812 82.317 83.829 85.203 88.031 86.544 83.666 80.41 78.905
-9999 -9999 -9999 -9999 -9999 -9999 -9999 -9999 -9999 -9999 -9999 -9999 -9999 -9999 -9999 -9999 -9999 -9999 -9999 -9999 -9999 -9999 -9999 -9999 -9999 -9999 -9999 -9999 -9999 -9999 -9999 -9999 -9999 -9999 -9999 -9999 -9999 100.452 103.593 109.879 116.66 145.1 137.488 121.13 117.379 112.021 109.057 107.833 95.095 86.793 86.402 91.127 98.585 100.626 106.799 111.892 120.27 119.95 116.422 124.541 117.132 110.32 105.76 99.123 92.537 86.921 85.789 87.401 88.989 90.663 89.48 83.121 80.598 81.773
-9999 -9999 -9999 -9999 -9999 -9999 -9999 -9999 -9999 -9999 -9999 -9999 -9999 -9999 -9999 -9999 -9999 -9999 -9999 -9999 -9999 -9999 -9999 -9999 -9999 -9999 -9999 -9999 -9999 -9999 -9999 -9999 -9999 -9999 -9999 -9999 -9999 98.937 95.414 98.417 120.681 129.57 135.008 146.06 138.421 133.38 127.682 108.896 99.208 96.645 105.709 107.981 109.272 103.85 101.023 105.275 111.117 120.618 118.27 117.14 117.552 108.747 108.932 104.121 98.679 95.446 93.34 94.942 95.273 97.261 94.745 90.026 92.298 100.784
-9999 -9999 -9999 -9999 -9999 -9999 -9999 -9999 -9999 -9999 -9999 -9999 -9999 -9999 -9999 -9999 -9999 -9999 -9999 -9999 -9999 -9999 -9999 -9999 184.498 204.212 239.234 227.62 -9999 187.04 -9999 -9999 -9999 -9999 -9999 -9999 -9999 -9999 89.497 91.973 102.264 110.63 126.333 139.053 142.312 140.492 123.603 113.448 106.554 115.544 116.734 106.376 107.638 104.236 97.552 101.558 104.034 108.722 109.363 111.405 107.799 108.848 108.964 115.659 114.551 106.956 104.119 105.903 102.892 100.637 101.272 97.942 101.062 109.31
-9999 -9999 -9999 -9999 -9999 -9999 -9999 -9999 -9999 -9999 -9999 -9999 -9999 -9999 -9999 -9999 -9999 -9999 -9999 -9999 -9999 150.695 157.807 164.847 188.739 233.613 252.677 247.279 240.49 195.972 160.771 136.592 -9999 -9999 114.619 106.7 98.347 92.437 88.875 88.737 93.715 100.504 109.539 114.752 127.937 129.235 124.816 116.354 128.16 126.43 115.517 114.702 106.161 103.805 99.092 99.003 106.06 107.823 108.442 102.865 107.057 108.706 114.619 114.332 122.667 122.57 112.885 110.237 108.216 109.016 110.185 107.238 121.139 121.173
-9999 -9999 -9999 -9999 -9999 -9999 -9999 -9999 -9999 -9999 -9999 -9999 -9999 -9999 -9999 -9999 -9999 -9999 -9999 -9999 157.409 152.211 155.755 158.537 191.278 235.0 258.706 268.588 243.444 211.559 181.0 149.123 127.815 131.79 124.326 125.259 105.626 94.949 85.631 87.356 89.744 94.329 98.057 110.698 116.017 118.325 116.06 133.932 128.464 129.237 124.378 117.081 116.936 109.096 103.76 100.285 104.436 111.28 109.933 116.052 108.974 109.708 114.649 121.356 125.548 127.202 124.25 117.983 121.877 120.16 129.121 121.306 114.536 125.199
-9999 -9999 -9999 -9999 -9999 -9999 -9999 -9999 -9999 -9999 -9999 -9999 -9999 -9999 -9999 -9999 -9999 -9999 -9999 -9999 159.028 147.364 134.687 145.517 174.386 208.156 226.101 234.077 222.057 200.299 178.227 169.207 162.238 143.941 132.9 114.15 104.679 95.227 86.208 83.275 82.888 88.105 90.206 97.073 99.787 107.474 119.1 118.954 122.671 133.594 134.583 118.556 118.608 118.718 112.426 109.196 110.312 112.303 112.165 111.351 116.923 113.311 116.102 121.471 130.589 134.495 129.817 129.735 130.496 129.629 124.113 121.267 108.538 107.616
-9999 -9999 -9999 -9999 -9999 -9999 -9999 -9999 -9999 -9999 -9999 -9999 -9999 -9999 -9999 -9999 -9999 -9999 -9999 -9999 148.868 134.314 133.564 137.807 158.819 165.674 182.023 190.113 191.406 186.884 187.221 174.301 167.541 147.886 120.646 108.542 102.196 95.255 86.075 83.166 91.684 87.16 87.474 86.214 96.043 108.981 112.442 114.134 114.798 124.726 121.854 123.47 124.293 120.049 113.92 110.151 111.904 115.13 118.157 115.246 115.354 124.246 125.087 126.735 134.214 147.099 139.451 132.736 134.767 128.434 120.967 120.135 110.245 108.438
-9999 -9999 -9999 -9999 -9999 -9999 -9999 -9999 -9999 -9999 -9999 -9999 -9999 -9999 -9999 -9999 156.059 175.576 -9999 160.169 142.181 149.441 142.093 137.44 132.843 143.655 154.335 170.49 176.459 181.474 167.635 160.815 149.941 130.815 120.646 112.591 110.602 104.192 96.998 92.156 91.364 92.211 90.92 90.297 104.26 105.951 110.052 110.316 116.989 119.16 121.959 132.489 131.481 124.133 117.377 117.438 118.707 122.42 116.256 116.933 115.354 121.555 130.558 127.731 133.444 137.816 144.239 134.215 133.346 135.33 131.441 124.724 117.818 110.422
-9999 -9999 -9999 -9999 -9999 -9999 -9999 -9999 -9999 -9999 -9999 -9999 -9999 -9999 -9999 -9999 163.214 172.954 171.654 159.699 154.882 153.237 139.394 133.049 141.884 140.462 150.343 158.293 161.036 169.311 160.789 147.44 139.753 132.992 135.234 143.395 132.258 118.649 107.824 99.234 103.519 103.673 102.113 105.564 110.292 106.095 112.451 111.978 113.26 121.259 134.82 125.924 127.069 121.704 119.396 123.972 126.476 123.111 122.113 115.871 115.318 116.742 122.257 124.68 131.371 139.408 136.598 147.459 143.099 140.452 138.616 135.682 124.542 116.076
-9999 -9999 -9999 -9999 -9999 -9999 -9999 -9999 -9999 -9999 -9999 -9999 -9999 -9999 -9999 149.911 157.815 165.385 172.211 173.441 162.024 154.7 146.822 146.391 143.763 140.733 143.895 142.924 147.203 151.65 139.085 136.265 132.205 135.278 155.104 151.445 144.601 140.555 123.165 116.035 114.091 111.558 113.92 115.579 112.903 117.739 120.392 115.626 121.088 133.758 123.005 123.17 120.584 123.157 121.528 121.827 130.842 129.781 120.141 116.042 116.524 117.046 119.51 120.152 124.413 132.36 134.096 139.408 150.789 141.838 149.341 135.157 140.158 138.007
-9999 -9999 -9999 -9999 -9999 -9999 -9999 -9999 -9999 -9999 -9999 -9999 -9999 -9999 -9999 -9999 138.942 157.079 160.466 153.689 155.184 153.424 143.892 137.464 141.48 137.44 135.105 122.963 137.719 127.769 127.932 132.211 126.588 137.762 151.539 155.162 159.641 153.597 141.595 133.604 124.492 125.684 127.531 125.594 120.585 126.139 129.095 127.63 132.919 127.584 124.959 119.7 119.055 121.952 122.567 121.264 124.946 127.397 122.614 116.827 -9999 116.321 116.429 121.866 118.043 116.191 118.755 119.42 123.301 124.863 124.117 125.508 119.465 131.07
-9999 -9999 -9999 -9999 -9999 -9999 -9999 -9999 -9999 -9999 -9999 -9999 -9999 -9999 -9999 135.57 135.426 142.426 145.746 155.82 159.799 156.527 145.441 139.123 131.862 139.972 133.45 125.651 118.754 121.433 122.729 118.383 121.98 133.627 142.075 153.137 157.808 147.587 143.632 154.772 151.18 146.801 152.666 143.779 146.986 153.603 145.451 137.51 134.786 126.599 119.485 122.959 120.011 124.61 122.798 120.422 123.277 124.191 123.182 118.342 113.088 -9999 106.546 -9999 108.485 -9999 106.642 -9999 109.697 109.962 111.075 108.415 109.974 113.136
-9999 -9999 -9999 -9999 -9999 -9999 -9999 -9999 -9999 -9999 -9999 -9999 -9999 -9999 -9999 137.12 133.877 140.783 144.823 158.724 163.201 164.59 159.453 156.03 146.053 146.334 131.841 119.205 114.972 119.0 114.606 114.174 116.918 130.078 144.099 155.844 152.694 140.591 153.18 151.383 140.028 145.548 142.535 147.025 158.276 157.245 149.225 142.576 134.572 127.665 128.443 123.756 121.164 118.08 119.761 118.316 117.966 113.993 113.113 112.004 109.737 -9999 -9999 102.853 102.058 -9999 -9999 103.619 102.734 102.508 -9999 -9999 -9999 -9999
-9999 -9999 -9999 -9999 -9999 -9999 -9999 -9999 -9999 -9999 -9999 -9999 -9999 -9999 156.679 151.105 163.066 154.929 151.546 151.945 160.985 173.699 191.416 203.377 206.776 176.784 146.244 133.767 126.705 124.187 114.969 107.096 120.933 131.0 149.898 153.628 141.875 135.37 134.656 123.687 126.13 129.455 135.65 148.253 151.644 145.158 142.837 138.596 132.49 125.181 119.484 119.745 120.684 118.736 112.79 108.309 113.886 112.965 -9999 -9999 -9999 112.925 -9999 -9999 -9999 -9999 -9999 -9999 103.456 -9999 -9999 -9999 -9999 -9999
