Validation/Results/ReClimate_09_2024_1_Precipitation-Actualsweatherlogisticsltd.asc
NCOLS 192
NROWS 249
XLLCENTER -225160.85627316462
YLLCENTER 29788.11610251502
CELLSIZE 5000.0
NODATA_VALUE -9999
[rows 198 to 230 of 249, columns 74 to 147 of 192]
-9999 -9999 -9999 -9999 -9999 -9999 -9999 -9999 -9999 -9999 -9999 -9999 -9999 -9999 -9999 -9999 -9999 -9999 185.625 185.758 186.005 170.126 166.489 174.681 175.178 209.662 226.234 252.925 245.197 216.595 182.546 145.953 140.141 134.328 133.295 140.978 131.149 110.544 94.709 90.861 92.49 97.483 91.702 96.616 95.738 92.059 85.134 81.043 78.791 82.115 76.233 77.69 79.51 74.784 71.455 71.82 72.017 74.086 70.494 76.452 79.684 80.491 85.533 83.547 81.793 79.304 77.016 78.153 77.107 75.095 77.722 70.832 68.597 67.793
-9999 -9999 -9999 -9999 -9999 -9999 -9999 -9999 -9999 -9999 -9999 -9999 -9999 -9999 -9999 121.674 150.613 172.817 177.784 195.965 187.127 181.175 174.212 169.82 195.346 214.84 236.873 229.17 230.075 195.56 175.968 170.091 145.563 130.786 154.801 133.289 108.867 89.091 87.033 89.148 99.233 85.961 88.199 87.981 92.429 92.444 83.687 89.534 82.091 75.766 69.902 71.347 75.654 69.503 65.432 68.307 73.761 75.266 81.522 78.477 78.475 80.968 83.266 82.812 81.934 81.611 75.502 76.498 76.748 75.067 71.943 72.614 68.237 68.093
-9999 -9999 -9999 -9999 -9999 -9999 -9999 -9999 -9999 -9999 -9999 -9999 -9999 151.722 142.236 148.839 163.244 175.687 195.826 194.852 195.733 185.711 189.356 208.705 195.81 217.056 226.254 210.423 204.544 195.394 205.954 175.383 154.28 148.453 130.405 113.245 96.856 116.115 103.6 90.83 87.832 81.904 79.803 84.073 88.851 87.914 92.209 85.954 78.456 73.142 65.169 69.721 71.849 66.893 71.4 71.879 72.889 75.566 74.602 81.905 79.835 89.419 92.673 88.633 85.667 84.712 77.79 72.63 73.622 73.662 71.394 67.219 70.519 68.95
-9999 -9999 -9999 -9999 -9999 -9999 -9999 -9999 -9999 152.925 164.383 159.928 155.472 185.265 177.532 186.115 190.499 193.086 200.742 200.32 212.501 219.84 239.817 224.028 207.69 216.972 203.081 199.165 197.096 211.556 197.171 179.324 160.59 145.074 125.29 100.0 131.919 130.924 111.141 108.189 90.754 89.821 82.446 88.41 101.029 88.494 92.49 81.348 75.327 71.351 71.531 74.404 74.496 83.762 77.621 77.34 74.312 81.437 78.419 76.176 79.878 83.871 90.738 89.417 86.803 82.82 76.662 73.935 73.515 75.123 75.085 74.065 71.017 69.335
-9999 -9999 -9999 -9999 -9999 -9999 -9999 -9999 136.688 157.721 163.664 177.749 220.058 249.484 240.793 231.395 216.068 218.417 222.489 219.601 224.563 236.577 236.493 222.737 213.723 194.063 186.668 189.096 204.535 202.772 186.804 173.529 154.204 140.003 139.149 161.651 187.879 149.119 124.917 100.278 99.413 89.106 94.616 96.799 88.659 88.15 83.727 79.538 76.22 73.615 74.9 79.371 83.1 91.271 95.203 82.147 75.848 84.874 87.625 83.03 83.606 82.348 86.537 86.208 84.497 80.365 80.719 79.913 74.169 78.286 80.584 73.225 72.09 70.282
-9999 -9999 -9999 -9999 -9999 -9999 -9999 126.285 142.086 159.357 171.177 192.796 227.878 227.247 217.912 214.548 213.5 218.023 216.939 210.86 222.312 235.097 227.859 207.674 189.172 176.907 190.332 216.477 221.746 209.362 185.544 169.003 147.607 151.902 144.767 192.707 181.507 165.23 124.778 116.659 106.281 107.625 98.661 94.913 91.78 90.932 97.838 81.576 77.521 71.521 68.157 81.903 93.489 101.06 96.158 87.573 85.069 87.279 92.66 87.783 87.266 85.793 83.301 83.312 86.611 80.055 77.761 83.192 82.339 79.799 80.575 74.648 72.471 74.179
-9999 -9999 -9999 -9999 -9999 120.176 -9999 128.354 140.12 154.243 164.818 173.141 187.024 187.824 190.23 190.608 189.059 199.403 189.576 194.995 200.01 200.19 191.767 190.347 191.472 210.42 238.999 282.719 302.438 249.924 235.574 218.315 213.954 183.382 164.982 170.136 201.895 155.132 134.55 130.192 124.613 107.816 101.024 102.205 99.77 102.35 91.734 80.584 71.773 70.351 81.952 93.158 104.151 108.883 99.3 88.68 85.265 85.488 89.759 88.082 85.442 81.445 81.024 80.185 77.146 80.76 77.31 78.209 80.244 77.816 79.517 80.004 75.198 78.886
-9999 -9999 -9999 -9999 -9999 -9999 -9999 -9999 -9999 156.551 155.417 164.277 171.759 176.075 187.109 182.805 184.315 168.713 185.296 184.29 184.659 194.01 195.898 209.525 212.427 239.992 277.225 312.94 305.735 296.906 271.071 284.799 276.396 204.102 190.044 186.048 147.079 148.243 135.069 113.378 110.819 107.543 118.881 116.268 116.65 103.84 90.025 78.45 77.071 81.908 93.18 111.612 111.636 112.637 102.106 92.158 88.545 93.151 86.359 85.231 81.475 77.474 75.891 76.259 77.272 74.816 76.954 76.203 77.403 80.12 82.689 86.917 86.032 78.958
-9999 -9999 -9999 -9999 -9999 -9999 -9999 -9999 -9999 152.077 153.854 156.376 164.546 180.072 187.95 190.721 174.192 177.637 179.318 181.524 194.034 197.969 202.004 207.456 210.277 229.542 250.585 270.442 272.518 266.692 271.55 283.536 245.547 229.599 198.275 164.229 178.228 175.455 131.86 123.255 128.035 131.686 127.903 131.257 118.299 108.68 89.114 86.109 88.957 108.491 116.144 113.864 108.837 108.984 108.324 101.198 90.782 89.081 91.072 83.127 80.402 77.114 75.625 76.942 77.296 77.856 77.517 76.33 78.832 82.692 89.193 87.445 86.757 86.243
-9999 -9999 -9999 -9999 -9999 -9999 -9999 128.266 138.207 146.947 149.534 -9999 162.796 164.512 174.604 166.341 161.738 160.059 -9999 167.239 175.488 187.718 209.729 205.91 228.156 235.344 250.927 259.928 254.128 240.83 253.955 233.916 215.603 205.852 204.104 193.676 199.768 185.085 142.775 138.91 121.641 125.582 134.661 132.043 130.28 100.232 89.788 88.214 97.413 103.352 110.714 106.57 108.014 99.146 97.797 98.395 90.404 82.69 81.068 81.07 85.024 81.555 78.289 74.469 73.505 72.826 75.638 78.055 81.316 89.12 91.893 93.077 87.169 86.926
-9999 -9999 -9999 -9999 -9999 -9999 -9999 129.199 -9999 -9999 -9999 152.609 151.578 160.516 -9999 -9999 -9999 -9999 -9999 159.054 168.756 186.268 185.028 199.657 211.195 217.085 231.424 238.697 241.479 300.128 302.213 256.674 220.275 215.139 219.947 214.291 206.385 170.849 151.495 133.599 125.6 132.202 126.056 126.788 103.96 92.146 91.645 94.057 104.392 102.983 109.337 101.074 95.869 96.373 91.74 87.928 84.471 80.412 78.893 78.183 80.698 83.559 78.546 77.911 75.026 75.623 77.43 76.089 84.916 92.922 95.641 93.638 87.763 84.606
-9999 -9999 -9999 -9999 -9999 -9999 -9999 -9999 -9999 137.899 142.622 142.048 146.291 149.709 -9999 -9999 -9999 -9999 -9999 -9999 -9999 -9999 175.078 191.072 190.536 187.409 200.137 223.999 290.503 335.926 335.135 299.476 255.097 228.84 219.757 198.893 203.586 186.951 152.964 139.771 150.299 139.537 130.143 104.099 96.778 97.539 98.883 109.325 106.67 105.756 102.729 96.613 91.719 88.022 86.572 83.113 79.744 80.275 77.496 75.542 74.564 76.201 76.785 78.375 80.318 81.059 85.922 85.398 88.967 98.27 94.911 90.448 87.145 82.539
-9999 -9999 -9999 -9999 -9999 -9999 -9999 -9999 -9999 -9999 141.413 -9999 -9999 -9999 -9999 -9999 -9999 -9999 -9999 -9999 161.855 169.06 178.514 176.574 165.297 166.924 178.492 220.33 273.125 315.845 324.517 293.262 248.785 228.717 213.881 198.238 195.488 165.815 139.018 134.276 139.018 133.189 115.281 -9999 99.966 102.541 104.813 117.534 109.094 102.049 95.534 91.145 89.481 85.444 85.013 81.571 78.747 73.404 71.933 71.638 74.352 74.563 75.977 77.297 80.754 91.407 92.783 97.325 91.528 93.058 91.866 88.355 80.994 81.394
-9999 -9999 -9999 -9999 -9999 -9999 -9999 -9999 -9999 -9999 -9999 -9999 -9999 -9999 -9999 -9999 -9999 -9999 -9999 -9999 160.73 167.911 160.497 154.083 -9999 -9999 -9999 179.763 238.121 258.203 265.049 245.958 231.369 227.101 206.154 179.929 167.953 145.958 129.379 133.813 125.04 113.605 -9999 96.556 97.671 101.743 109.046 110.053 102.347 98.314 91.559 92.473 91.556 87.952 83.658 82.118 77.044 76.903 77.749 79.705 79.025 77.307 75.01 79.365 82.321 85.321 94.963 95.073 91.289 88.337 87.86 83.943 80.302 77.573
-9999 -9999 -9999 -9999 -9999 -9999 -9999 -9999 -9999 -9999 -9999 -9999 -9999 -9999 -9999 -9999 -9999 -9999 -9999 -9999 -9999 -9999 -9999 -9999 -9999 -9999 -9999 141.139 184.265 214.047 207.111 203.691 201.608 195.29 177.541 163.381 148.191 132.416 128.344 123.788 -9999 -9999 98.26 95.501 103.73 104.63 103.984 107.982 101.073 93.587 88.462 88.512 92.119 90.208 87.76 92.666 92.146 88.825 89.871 95.844 90.712 85.098 85.353 83.509 89.076 91.822 89.584 89.436 88.227 80.8 82.324 81.602 77.093 76.097
-9999 -9999 -9999 -9999 -9999 -9999 -9999 -9999 -9999 -9999 -9999 -9999 -9999 -9999 -9999 -9999 -9999 -9999 -9999 -9999 -9999 -9999 -9999 -9999 -9999 -9999 -9999 140.648 159.505 169.503 178.83 179.638 173.333 165.779 159.885 148.965 134.038 -9999 -9999 -9999 -9999 -9999 95.951 103.471 108.285 104.716 107.33 109.929 103.965 94.919 90.474 86.913 86.982 95.28 95.823 103.648 104.952 100.93 97.589 98.233 97.131 88.573 87.656 85.633 85.372 92.173 86.21 83.071 79.064 78.295 76.874 77.464 76.576 73.909
-9999 -9999 -9999 -9999 -9999 -9999 -9999 -9999 -9999 -9999 -9999 -9999 -9999 -9999 -9999 -9999 -9999 -9999 -9999 -9999 -9999 -9999 -9999 -9999 -9999 -9999 -9999 -9999 -9999 150.281 166.323 162.364 155.265 151.878 145.93 133.444 -9999 -9999 -9999 -9999 110.488 113.404 114.129 108.162 105.481 105.055 113.657 111.875 105.343 96.926 91.988 92.527 97.839 100.297 104.173 105.021 106.874 100.193 95.796 90.198 91.639 90.668 84.79 85.732 82.371 83.785 83.132 79.674 79.609 78.801 80.908 80.711 76.354 75.459
-9999 -9999 -9999 -9999 -9999 -9999 -9999 -9999 -9999 -9999 -9999 -9999 -9999 -9999 -9999 -9999 -9999 -9999 -9999 -9999 -9999 -9999 -9999 -9999 -9999 -9999 -9999 -9999 -9999 -9999 134.81 128.416 141.124 130.602 128.075 -9999 -9999 -9999 -9999 115.414 114.317 115.122 114.853 103.68 105.512 100.918 100.601 102.898 107.416 99.054 96.008 102.589 103.981 105.58 109.694 106.08 102.084 96.762 94.439 91.019 88.567 87.43 88.179 84.779 83.776 79.012 79.359 80.912 84.176 83.533 83.779 81.939 78.795 76.502
-9999 -9999 -9999 -9999 -9999 -9999 -9999 -9999 -9999 -9999 -9999 -9999 -9999 -9999 -9999 -9999 -9999 -9999 -9999 -9999 -9999 -9999 -9999 -9999 -9999 -9999 -9999 -9999 -9999 -9999 -9999 -9999 -9999 -9999 -9999 -9999 -9999 -9999 117.607 115.773 112.897 117.781 113.079 113.267 105.772 103.659 102.463 107.639 103.272 92.509 94.863 95.715 99.715 102.092 103.724 107.92 106.107 102.741 106.005 101.886 97.2 95.61 93.246 95.646 88.28 83.765 81.111 81.335 85.131 86.973 83.241 82.488 79.934 78.774
-9999 -9999 -9999 -9999 -9999 -9999 -9999 -9999 -9999 -9999 -9999 -9999 -9999 -9999 -9999 -9999 -9999 -9999 -9999 -9999 -9999 -9999 -9999 -9999 -9999 -9999 -9999 -9999 -9999 -9999 -9999 -9999 -9999 -9999 -9999 -9999 -9999 110.849 114.976 123.318 128.907 149.731 134.117 114.111 114.059 110.849 110.427 108.084 93.749 88.766 87.698 91.25 96.489 99.615 105.314 108.619 115.905 113.78 108.395 117.234 109.092 103.31 97.842 93.829 92.14 84.361 85.001 85.753 86.272 87.63 86.469 84.069 84.008 83.033
-9999 -9999 -9999 -9999 -9999 -9999 -9999 -9999 -9999 -9999 -9999 -9999 -9999 -9999 -9999 -9999 -9999 -9999 -9999 -9999 -9999 -9999 -9999 -9999 -9999 -9999 -9999 -9999 -9999 -9999 -9999 -9999 -9999 -9999 -9999 -9999 -9999 109.11 108.609 114.169 133.368 138.8 138.557 144.234 132.966 126.146 125.409 108.736 96.636 91.304 103.132 105.889 106.02 102.523 99.668 100.445 105.195 115.256 113.365 111.158 110.431 102.477 101.581 96.942 92.901 90.625 89.385 89.195 92.174 90.614 87.818 87.103 86.029 92.13
-9999 -9999 -9999 -9999 -9999 -9999 -9999 -9999 -9999 -9999 -9999 -9999 -9999 -9999 -9999 -9999 -9999 -9999 -9999 -9999 -9999 -9999 -9999 -9999 182.118 206.558 230.968 212.601 -9999 178.514 -9999 -9999 -9999 -9999 -9999 -9999 -9999 -9999 101.416 108.708 116.578 120.052 127.548 138.367 135.214 137.119 122.053 112.057 106.067 114.114 114.346 105.113 103.706 101.684 95.566 97.563 98.654 99.188 103.46 108.175 104.793 105.815 106.156 110.215 104.939 99.283 99.208 99.443 95.621 96.642 94.139 93.881 95.929 95.088
-9999 -9999 -9999 -9999 -9999 -9999 -9999 -9999 -9999 -9999 -9999 -9999 -9999 -9999 -9999 -9999 -9999 -9999 -9999 -9999 -9999 172.188 177.502 167.543 182.613 229.485 238.945 226.103 219.476 184.753 145.161 119.172 -9999 -9999 112.125 108.355 108.888 106.556 96.655 99.181 103.381 106.351 118.573 120.93 130.577 132.811 128.396 115.503 124.753 117.148 110.407 110.494 102.997 100.347 96.835 96.079 105.475 103.654 102.105 100.652 104.391 106.937 112.811 109.52 114.946 113.104 105.766 101.487 98.089 97.427 99.213 99.016 113.073 112.664
-9999 -9999 -9999 -9999 -9999 -9999 -9999 -9999 -9999 -9999 -9999 -9999 -9999 -9999 -9999 -9999 -9999 -9999 -9999 -9999 173.485 171.459 162.191 160.514 194.075 232.978 251.538 248.923 223.541 197.819 167.961 135.119 124.291 126.351 123.028 122.336 110.539 98.877 95.987 94.854 97.915 100.552 110.72 124.096 125.3 126.908 122.627 133.782 120.158 123.429 120.812 110.488 110.986 105.684 101.588 99.918 101.426 108.208 103.819 104.663 103.108 106.31 109.867 114.014 116.023 117.267 114.155 114.423 115.006 103.485 95.741 101.891 106.986 118.068
-9999 -9999 -9999 -9999 -9999 -9999 -9999 -9999 -9999 -9999 -9999 -9999 -9999 -9999 -9999 -9999 -9999 -9999 -9999 -9999 172.862 148.898 142.003 149.721 176.267 208.637 219.119 223.166 208.698 188.28 163.244 157.234 154.047 140.328 131.301 114.945 109.685 102.891 92.333 92.556 90.84 99.584 106.15 106.174 103.737 111.948 122.095 118.123 117.994 132.804 132.068 113.245 112.328 112.838 107.311 104.415 106.112 106.197 105.885 105.622 106.003 105.095 107.619 113.896 122.434 123.085 117.948 119.182 124.805 118.339 105.639 100.25 102.968 113.362
-9999 -9999 -9999 -9999 -9999 -9999 -9999 -9999 -9999 -9999 -9999 -9999 -9999 -9999 -9999 -9999 -9999 -9999 -9999 -9999 154.007 139.438 137.419 138.578 159.159 166.753 174.413 173.203 172.484 168.861 164.092 165.327 155.329 143.411 121.295 108.42 104.898 100.436 93.187 91.596 99.585 97.398 95.965 93.46 105.148 113.253 114.329 114.705 115.252 124.75 117.973 116.945 120.102 113.722 106.545 107.064 107.09 111.062 113.53 108.606 109.224 115.608 115.722 120.05 125.687 135.356 126.313 120.133 120.618 117.104 110.781 108.805 107.406 108.149
-9999 -9999 -9999 -9999 -9999 -9999 -9999 -9999 -9999 -9999 -9999 -9999 -9999 -9999 -9999 -9999 168.576 181.252 -9999 158.429 141.76 154.305 142.982 136.773 136.984 142.449 145.453 157.126 161.743 161.743 158.8 150.711 143.25 121.673 111.334 103.785 105.848 103.329 99.546 96.887 95.729 99.751 101.736 99.487 109.095 106.462 113.107 115.556 119.344 119.657 118.425 131.05 129.124 120.112 112.723 109.271 111.202 113.261 112.144 113.649 110.352 115.636 123.316 121.334 126.582 127.518 132.143 121.819 120.439 123.449 119.194 114.456 112.542 109.419
-9999 -9999 -9999 -9999 -9999 -9999 -9999 -9999 -9999 -9999 -9999 -9999 -9999 -9999 -9999 -9999 187.533 193.874 167.116 153.27 153.0 152.182 138.676 137.0 143.905 140.087 144.4 150.723 154.391 159.117 151.479 141.037 131.581 126.766 129.419 129.448 121.176 111.074 101.897 101.02 107.736 107.029 104.659 107.783 110.202 107.803 116.157 113.794 116.106 131.353 143.093 125.142 128.591 120.694 116.684 118.726 117.201 112.797 112.772 110.412 111.861 112.067 117.371 121.263 126.874 134.454 127.139 136.311 130.408 127.222 126.46 122.334 117.223 115.767
-9999 -9999 -9999 -9999 -9999 -9999 -9999 -9999 -9999 -9999 -9999 -9999 -9999 -9999 -9999 162.208 175.622 166.92 172.78 166.015 156.787 150.249 146.552 144.796 139.447 131.607 138.679 141.863 141.156 144.423 131.933 127.486 121.701 129.716 146.277 148.412 152.509 129.022 117.968 113.793 114.309 109.916 113.225 115.198 115.715 119.562 121.402 115.621 122.937 135.495 119.12 121.264 119.228 123.857 120.445 118.373 123.326 119.839 111.203 110.597 106.194 103.886 111.022 117.57 122.09 129.092 128.851 130.519 139.01 130.776 140.096 126.218 130.594 132.233
-9999 -9999 -9999 -9999 -9999 -9999 -9999 -9999 -9999 -9999 -9999 -9999 -9999 -9999 -9999 -9999 141.959 160.671 159.515 157.388 151.278 150.949 139.1 131.758 132.148 130.197 133.278 132.447 131.461 122.787 123.352 125.07 122.529 133.362 145.803 156.87 149.093 144.673 131.016 131.785 124.417 126.811 131.072 136.95 123.239 129.107 130.62 127.061 131.448 125.413 124.017 119.146 119.901 122.727 120.335 118.666 119.482 119.928 115.451 114.529 -9999 108.879 107.271 119.994 117.62 117.309 118.243 114.641 119.205 118.522 118.885 121.618 117.802 128.597
-9999 -9999 -9999 -9999 -9999 -9999 -9999 -9999 -9999 -9999 -9999 -9999 -9999 -9999 -9999 138.017 135.211 142.3 147.634 152.098 153.189 147.714 135.102 129.227 126.436 130.024 123.059 120.311 113.63 115.594 117.966 115.609 118.525 128.985 136.391 143.856 152.316 138.887 137.785 151.835 149.34 148.583 158.625 144.573 147.55 151.061 144.503 136.879 131.877 125.862 121.854 121.526 120.452 121.618 119.656 119.942 122.228 121.835 119.548 114.214 110.291 -9999 103.72 -9999 107.796 -9999 104.858 -9999 104.085 106.038 107.998 108.595 108.081 111.939
-9999 -9999 -9999 -9999 -9999 -9999 -9999 -9999 -9999 -9999 -9999 -9999 -9999 -9999 -9999 133.976 135.941 140.897 145.459 154.679 156.919 153.164 145.654 141.964 137.675 133.783 122.762 109.284 108.384 112.079 108.93 108.905 111.715 126.035 136.977 149.584 143.983 132.667 149.903 148.531 139.27 143.691 138.712 148.29 157.608 149.739 136.433 138.425 130.647 127.695 126.13 123.019 121.933 118.937 117.874 118.884 119.443 115.498 114.201 110.348 107.954 -9999 -9999 100.768 99.562 -9999 -9999 99.757 100.375 99.807 -9999 -9999 -9999 -9999
-9999 -9999 -9999 -9999 -9999 -9999 -9999 -9999 -9999 -9999 -9999 -9999 -9999 -9999 153.459 145.658 150.792 146.515 145.618 148.337 154.19 162.324 169.264 174.884 174.149 150.833 124.036 120.621 120.938 111.123 106.909 100.823 113.889 123.716 140.23 139.696 137.992 134.037 135.555 118.96 126.485 127.51 136.307 148.356 147.917 136.101 139.185 135.861 132.176 128.249 119.613 121.165 122.905 118.415 114.831 110.59 113.419 114.444 -9999 -9999 -9999 111.98 -9999 -9999 -9999 -9999 -9999 -9999 103.454 -9999 -9999 -9999 -9999 -9999
