Validation/Results/ReClimate_06_2024_2_Temperature-Actuals.asc
NCOLS 192
NROWS 249
XLLCENTER -225160.85627316462
YLLCENTER 29788.11610251502
CELLSIZE 5000.0
NODATA_VALUE -9999
[rows 170 to 203 of 249, columns 75 to 149 of 192]
-9999 -9999 -9999 -9999 -9999 -9999 -9999 -9999 -9999 -9999 -9999 -9999 -9999 -9999 -9999 -9999 -9999 16.409 16.404 -9999 -9999 -9999 -9999 -9999 -9999 -9999 -9999 -9999 -9999 -9999 -9999 -9999 -9999 -9999 -9999 -9999 17.649 17.669 17.658 17.665 17.51 17.529 17.609 17.637 17.632 17.744 17.831 17.825 17.571 17.078 16.213 15.391 14.634 14.874 14.891 15.437 16.601 17.142 17.47 17.15 17.113 17.342 17.612 17.632 17.636 17.611 17.632 17.633 17.533 17.495 17.57 17.586 17.467 17.025 17.014
-9999 -9999 -9999 -9999 -9999 -9999 -9999 -9999 -9999 -9999 -9999 -9999 -9999 -9999 -9999 -9999 -9999 16.279 16.225 16.341 -9999 -9999 -9999 -9999 -9999 -9999 -9999 -9999 -9999 -9999 -9999 -9999 -9999 -9999 -9999 17.776 17.685 17.643 17.657 17.511 17.615 17.589 17.687 17.646 17.638 17.676 17.674 17.606 17.505 17.178 16.521 15.401 14.582 15.097 15.639 15.769 16.44 17.473 17.68 17.487 17.046 17.207 17.567 17.639 17.581 17.549 17.607 17.636 17.592 17.48 17.54 17.601 17.553 17.254 16.965
-9999 -9999 -9999 -9999 -9999 -9999 -9999 -9999 -9999 -9999 -9999 -9999 -9999 -9999 -9999 -9999 16.567 16.408 16.269 16.426 16.651 -9999 -9999 -9999 -9999 -9999 -9999 -9999 -9999 -9999 -9999 -9999 17.09 -9999 -9999 17.803 17.402 17.629 17.685 17.756 -9999 17.47 17.465 17.436 17.477 17.426 17.481 17.348 17.302 16.897 16.201 16.489 15.358 15.685 16.276 15.683 16.598 17.079 17.523 17.486 17.203 17.256 17.494 17.709 17.708 17.647 17.689 17.676 17.649 17.544 17.551 17.65 17.58 17.452 17.13
-9999 -9999 -9999 -9999 -9999 -9999 -9999 -9999 -9999 -9999 -9999 -9999 -9999 -9999 -9999 -9999 16.714 16.577 16.524 16.533 16.692 16.682 16.66 -9999 -9999 -9999 16.438 16.72 -9999 16.856 16.918 17.031 16.41 16.72 -9999 -9999 17.468 17.447 -9999 -9999 17.474 17.34 17.552 17.702 17.576 17.457 17.28 17.177 16.984 16.381 15.642 15.957 15.807 15.585 15.83 15.812 16.066 17.254 17.398 17.284 17.013 17.194 17.35 17.58 17.697 17.659 17.705 17.697 17.657 17.595 17.572 17.69 17.649 17.567 17.358
-9999 -9999 -9999 -9999 -9999 -9999 -9999 -9999 -9999 -9999 -9999 -9999 -9999 -9999 -9999 -9999 -9999 16.733 16.608 16.607 16.837 16.873 -9999 -9999 14.524 14.611 16.303 15.798 15.962 16.127 16.759 16.767 16.722 16.438 16.513 -9999 17.461 17.502 17.477 17.481 17.166 17.045 17.463 17.8 17.713 17.456 17.275 17.058 16.857 16.116 15.146 15.308 15.584 15.842 16.138 15.978 16.217 16.976 17.433 17.296 17.038 17.082 17.163 17.34 17.514 17.599 17.68 17.702 17.601 17.396 17.537 17.759 17.734 17.672 17.533
-9999 -9999 -9999 -9999 -9999 -9999 -9999 -9999 -9999 -9999 -9999 -9999 -9999 -9999 -9999 -9999 -9999 16.677 16.58 16.903 17.069 17.126 16.773 15.166 12.987 15.566 16.237 15.414 15.912 15.596 16.129 16.796 16.592 15.665 16.348 16.723 17.241 17.455 17.348 17.304 17.12 17.045 17.303 17.579 17.561 17.432 17.23 17.028 16.731 15.797 15.227 14.95 15.345 15.455 16.253 16.419 16.151 16.464 16.991 17.109 17.08 17.063 17.06 17.214 17.398 17.504 17.702 17.683 17.676 17.652 17.569 17.804 17.82 17.779 17.701
-9999 -9999 -9999 -9999 -9999 -9999 -9999 -9999 -9999 -9999 -9999 -9999 -9999 -9999 -9999 -9999 -9999 -9999 16.73 16.995 16.96 16.384 15.092 12.338 13.247 15.382 15.473 15.734 15.149 14.995 15.355 15.807 16.051 16.255 15.591 16.465 16.972 17.012 17.245 17.349 17.197 17.143 17.25 17.423 17.478 17.313 17.141 16.964 16.505 15.918 15.307 15.171 15.63 15.468 15.761 16.78 16.505 16.565 16.842 16.899 17.074 17.239 17.199 17.231 17.348 17.491 17.722 17.752 17.772 17.672 17.695 17.815 17.869 17.874 17.814
-9999 -9999 -9999 -9999 -9999 -9999 -9999 -9999 -9999 -9999 -9999 -9999 -9999 -9999 -9999 -9999 -9999 -9999 -9999 -9999 16.351 15.275 13.987 13.449 13.97 15.682 16.035 15.299 14.573 14.401 14.523 15.514 16.345 15.947 15.333 15.996 16.665 17.057 17.393 17.365 17.197 17.033 17.161 17.284 17.301 17.254 17.112 16.792 16.191 15.87 15.677 15.254 15.606 15.483 15.442 16.132 16.87 16.802 17.158 17.0 16.877 17.143 17.289 17.414 17.485 17.605 17.749 17.794 17.813 17.81 17.661 17.774 17.845 17.887 17.903
-9999 -9999 -9999 -9999 -9999 -9999 -9999 -9999 -9999 -9999 -9999 -9999 -9999 -9999 -9999 -9999 -9999 -9999 -9999 16.822 16.003 15.417 15.01 13.98 15.176 15.964 15.623 15.467 14.783 14.234 14.67 14.852 15.781 15.655 15.224 15.698 16.34 17.236 17.403 17.364 17.027 16.877 17.009 17.178 17.245 17.21 16.981 16.463 16.239 16.382 16.066 15.539 15.789 15.824 15.97 16.221 16.428 16.974 17.112 17.103 17.102 17.119 17.334 17.363 17.603 17.754 17.813 17.828 17.86 17.684 17.722 17.83 17.898 17.904 17.938
-9999 -9999 -9999 -9999 -9999 -9999 -9999 -9999 -9999 -9999 -9999 -9999 -9999 -9999 -9999 -9999 -9999 -9999 16.691 15.09 15.858 15.501 14.902 15.135 13.897 14.378 14.854 14.8 14.185 14.764 14.605 15.229 15.756 15.055 14.809 15.554 16.444 17.242 17.482 17.325 16.897 16.914 17.067 17.149 17.218 17.064 16.723 16.68 16.562 16.117 15.92 15.803 15.615 16.146 16.382 16.613 16.844 16.895 17.274 17.249 17.383 17.386 17.425 17.665 17.533 17.755 17.854 17.822 17.832 17.693 17.665 17.906 17.901 17.895 17.914
-9999 -9999 -9999 -9999 -9999 -9999 -9999 -9999 -9999 -9999 -9999 -9999 -9999 -9999 -9999 -9999 -9999 16.555 15.154 16.015 16.214 15.895 16.035 15.343 15.043 14.67 14.283 14.016 14.112 14.321 14.69 15.6 15.185 15.28 16.118 16.383 16.969 17.137 17.359 17.174 16.924 16.93 16.986 17.105 16.963 16.672 16.812 16.775 16.584 16.091 16.027 16.459 16.302 16.291 16.61 16.762 16.943 17.13 17.226 17.44 17.565 17.741 17.789 17.878 17.875 17.749 17.806 17.822 17.819 17.676 17.656 17.91 17.928 17.85 17.836
-9999 -9999 -9999 -9999 -9999 -9999 -9999 -9999 -9999 -9999 -9999 -9999 -9999 -9999 -9999 16.313 16.563 16.295 16.399 16.693 16.787 16.596 16.855 16.398 15.606 14.851 14.163 13.255 14.684 14.889 15.485 15.469 14.583 14.893 15.47 16.501 16.91 17.021 17.113 17.01 16.87 16.807 16.945 16.934 16.731 16.646 16.602 16.857 16.57 16.243 16.336 16.45 16.571 16.705 16.824 16.987 17.119 17.437 17.488 17.507 17.741 17.982 18.081 17.971 17.893 17.844 17.783 17.72 17.748 17.556 17.498 17.775 17.898 17.844 17.766
-9999 -9999 -9999 -9999 -9999 -9999 -9999 -9999 -9999 -9999 -9999 -9999 -9999 -9999 16.149 16.258 16.429 16.608 -9999 -9999 -9999 -9999 16.185 15.217 15.057 14.785 13.943 14.872 14.955 14.386 14.955 14.378 13.095 13.944 15.093 15.904 16.776 17.154 17.043 16.945 16.91 16.93 16.964 16.929 16.773 16.708 16.601 16.732 16.591 16.566 16.576 16.637 16.859 16.996 17.078 17.291 17.386 17.607 17.851 17.756 17.792 17.908 18.055 18.002 17.859 17.747 17.604 17.54 17.567 17.509 17.422 17.582 17.794 17.851 17.798
-9999 -9999 -9999 -9999 -9999 -9999 -9999 -9999 -9999 -9999 -9999 -9999 -9999 -9999 16.163 16.034 16.68 -9999 -9999 -9999 -9999 -9999 15.88 15.215 14.871 15.158 14.49 14.656 14.215 13.74 14.052 13.747 13.787 15.273 15.557 16.433 17.072 17.238 17.1 16.995 16.934 16.846 16.84 16.919 16.849 16.741 16.728 16.651 16.796 16.806 16.906 16.706 16.694 16.847 17.119 17.35 17.485 17.626 17.669 17.686 17.669 17.689 17.755 17.639 17.604 17.376 17.205 17.19 17.353 17.437 17.427 17.541 17.715 17.869 17.872
-9999 -9999 -9999 -9999 -9999 -9999 -9999 -9999 -9999 -9999 -9999 -9999 -9999 -9999 -9999 -9999 16.8 -9999 -9999 -9999 -9999 -9999 15.726 15.081 15.576 15.311 14.988 14.951 13.646 14.009 15.022 14.298 15.177 15.541 15.989 16.801 17.239 17.266 16.977 16.967 16.892 16.86 17.028 16.999 17.01 16.973 16.824 16.855 16.973 17.103 17.053 17.036 16.956 16.909 17.187 17.253 17.073 17.249 17.413 17.423 17.567 17.541 17.387 17.15 17.032 17.242 17.151 17.116 17.218 17.372 17.428 17.514 17.674 17.859 17.919
-9999 -9999 -9999 -9999 -9999 -9999 -9999 -9999 -9999 -9999 -9999 -9999 -9999 -9999 -9999 -9999 -9999 -9999 -9999 -9999 -9999 -9999 16.072 15.671 16.805 16.081 15.299 14.021 14.23 14.435 14.567 15.428 15.5 15.704 16.719 17.052 17.317 17.178 17.093 17.017 17.066 17.118 17.151 17.187 17.161 17.088 17.006 16.951 17.042 17.04 16.904 17.156 17.325 17.304 17.296 17.467 17.148 16.94 17.162 17.117 17.327 17.56 17.353 17.201 17.065 17.132 17.32 17.26 17.242 17.419 17.546 17.588 17.669 17.839 17.927
-9999 -9999 -9999 -9999 -9999 -9999 -9999 -9999 -9999 -9999 -9999 -9999 -9999 -9999 -9999 -9999 -9999 -9999 -9999 -9999 -9999 -9999 -9999 16.349 15.239 14.845 14.795 15.081 14.982 14.787 15.609 15.714 16.209 16.801 16.674 17.164 17.137 16.814 16.874 17.057 17.252 17.377 17.302 17.149 17.092 16.934 16.905 16.947 17.06 16.912 16.746 16.966 17.336 17.472 17.484 17.451 17.382 17.143 17.013 16.813 16.881 17.453 17.541 17.274 17.082 16.926 17.023 17.318 17.347 17.486 17.668 17.834 17.847 17.943 18.005
-9999 -9999 -9999 -9999 -9999 -9999 -9999 -9999 -9999 -9999 -9999 -9999 -9999 -9999 -9999 -9999 -9999 -9999 -9999 -9999 -9999 -9999 16.168 15.76 15.427 14.532 15.519 15.627 15.044 15.467 15.606 15.694 16.809 16.798 16.737 16.92 15.869 16.5 16.845 16.925 17.02 17.278 17.016 16.555 16.593 16.845 17.065 17.036 17.132 17.034 17.03 17.112 17.36 17.461 17.507 17.479 17.353 17.278 17.081 17.035 17.092 17.404 17.461 17.212 16.967 16.787 16.846 17.22 17.504 17.621 17.816 17.983 18.089 18.137 18.168
-9999 -9999 -9999 -9999 -9999 -9999 -9999 -9999 -9999 -9999 -9999 -9999 -9999 -9999 -9999 -9999 -9999 -9999 -9999 -9999 -9999 -9999 16.523 16.13 14.527 16.102 16.624 15.891 15.71 15.431 14.955 15.81 16.785 16.794 17.051 16.546 16.543 16.534 16.405 16.479 17.0 16.997 16.713 16.672 16.752 17.113 17.129 17.123 17.21 17.173 17.372 17.46 17.486 17.5 17.487 17.506 17.465 17.382 17.273 17.104 17.264 17.429 17.293 16.932 16.679 16.78 16.88 17.055 17.419 17.729 17.84 18.031 18.122 18.201 18.291
-9999 -9999 -9999 -9999 -9999 -9999 -9999 -9999 -9999 -9999 -9999 -9999 -9999 -9999 -9999 -9999 -9999 -9999 -9999 -9999 -9999 -9999 16.381 15.812 16.755 16.586 16.276 15.919 15.413 14.598 15.077 15.549 16.432 16.779 17.13 16.939 16.506 15.859 15.542 15.825 16.57 16.406 16.628 16.631 16.916 17.214 17.143 17.213 17.271 17.359 17.573 17.533 17.439 17.489 17.487 17.32 17.447 17.495 17.416 17.333 17.397 17.445 17.236 16.967 16.835 16.885 17.094 17.281 17.521 17.679 17.852 18.003 18.241 18.25 18.338
-9999 -9999 -9999 -9999 -9999 -9999 -9999 -9999 -9999 -9999 -9999 -9999 -9999 -9999 -9999 -9999 -9999 -9999 -9999 -9999 -9999 -9999 -9999 16.888 15.868 15.283 14.614 14.55 14.658 15.107 15.668 16.642 16.947 17.12 16.906 16.767 16.5 16.09 15.763 15.8 16.133 16.493 16.527 16.44 16.817 17.099 17.026 17.333 17.379 17.339 17.745 17.794 17.585 17.539 17.546 17.305 17.225 17.53 17.479 17.43 17.474 17.443 17.219 17.108 17.163 17.325 17.367 17.5 17.587 17.66 17.871 18.06 18.174 18.261 18.368
-9999 -9999 -9999 -9999 -9999 -9999 -9999 -9999 -9999 -9999 -9999 -9999 -9999 -9999 -9999 -9999 -9999 -9999 -9999 -9999 -9999 -9999 -9999 16.088 15.178 14.517 13.905 13.776 14.345 15.378 16.327 16.732 16.517 15.92 15.481 15.542 16.124 16.472 16.037 16.041 16.284 16.482 16.008 16.303 16.632 16.785 16.931 17.352 17.392 17.515 17.515 17.688 17.722 17.615 17.586 17.467 17.387 17.565 17.6 17.403 17.319 17.291 17.161 17.161 17.34 17.287 17.352 17.407 17.611 17.626 17.841 18.031 18.03 18.152 18.317
-9999 -9999 -9999 -9999 -9999 -9999 -9999 -9999 -9999 -9999 -9999 -9999 -9999 -9999 -9999 -9999 -9999 -9999 -9999 -9999 -9999 -9999 16.633 16.131 15.257 14.53 14.07 14.376 14.91 15.44 15.216 14.665 15.165 15.062 15.17 16.037 16.436 16.26 16.184 16.43 16.566 16.117 16.007 16.171 16.55 16.778 16.972 17.457 17.442 17.282 17.509 17.32 17.476 17.488 17.533 17.573 17.607 17.76 17.677 17.507 17.453 17.334 17.295 17.138 17.256 17.312 17.364 17.509 17.6 17.821 17.971 18.003 17.958 18.076 18.286
-9999 -9999 -9999 -9999 -9999 -9999 -9999 -9999 -9999 -9999 -9999 -9999 -9999 -9999 -9999 -9999 -9999 -9999 -9999 -9999 -9999 -9999 16.374 15.792 15.416 15.149 14.635 14.038 14.425 14.674 14.542 14.78 14.629 14.586 15.157 15.995 15.655 15.736 16.442 16.249 16.697 16.299 15.943 15.968 16.765 16.84 17.405 17.568 17.412 17.314 16.875 17.124 17.206 17.346 17.426 17.619 17.713 17.776 17.758 17.505 17.597 17.687 17.384 17.234 17.162 17.229 17.357 17.691 17.85 18.011 18.113 18.05 17.968 18.052 18.15
-9999 -9999 -9999 -9999 -9999 -9999 -9999 -9999 -9999 -9999 -9999 -9999 -9999 -9999 -9999 -9999 -9999 -9999 -9999 -9999 -9999 -9999 15.934 15.925 16.112 15.489 14.417 13.885 14.371 14.659 15.03 14.708 14.912 15.196 15.475 15.406 15.62 16.409 16.468 16.547 16.184 16.594 16.403 16.723 16.767 16.944 17.46 17.695 17.553 17.152 17.253 17.198 17.177 17.286 17.357 17.602 17.732 17.65 17.681 17.669 17.677 17.738 17.451 17.229 17.357 17.521 17.462 17.72 17.921 18.168 18.21 18.107 18.149 18.242 18.343
-9999 -9999 -9999 -9999 -9999 -9999 -9999 -9999 -9999 -9999 -9999 -9999 -9999 -9999 -9999 -9999 -9999 -9999 -9999 -9999 -9999 16.027 15.764 15.36 15.597 15.385 14.373 14.357 14.08 14.73 15.56 15.665 15.846 15.43 15.325 15.832 15.935 16.021 16.475 16.44 16.876 17.035 17.086 17.062 16.956 17.313 17.629 17.718 17.687 17.613 17.541 17.602 17.451 17.421 17.397 17.522 17.689 17.668 17.679 17.796 17.764 17.639 17.482 17.404 17.579 17.721 17.74 17.776 18.064 18.098 18.206 18.155 18.128 18.272 18.436
-9999 -9999 -9999 -9999 -9999 -9999 -9999 -9999 -9999 -9999 -9999 -9999 -9999 -9999 -9999 -9999 -9999 -9999 -9999 -9999 15.766 15.737 15.252 15.607 15.63 14.605 14.038 14.055 14.497 15.153 15.828 15.813 15.978 15.544 14.979 15.797 15.794 16.556 16.712 16.982 17.101 17.085 17.004 17.08 17.004 17.458 17.623 17.94 17.939 17.813 17.78 17.788 17.741 17.525 17.498 17.675 17.777 17.709 17.655 17.673 17.664 17.552 17.502 17.521 17.662 17.874 17.994 18.093 17.994 17.994 18.08 18.167 18.193 18.311 18.362
-9999 -9999 -9999 -9999 -9999 -9999 -9999 -9999 -9999 -9999 -9999 -9999 -9999 -9999 -9999 -9999 -9999 -9999 15.304 15.468 15.471 16.2 16.144 15.884 15.214 14.237 13.929 13.978 14.047 15.097 15.614 16.215 15.988 15.327 15.294 15.925 16.604 16.853 17.113 17.124 17.234 16.966 16.917 16.938 17.305 17.754 17.949 18.026 17.955 17.822 17.834 17.901 17.813 17.607 17.653 17.779 17.915 17.667 17.545 17.417 17.293 17.332 17.406 17.644 17.783 17.893 17.854 17.984 17.999 18.063 18.112 18.187 18.242 18.361 18.458
-9999 -9999 -9999 -9999 -9999 -9999 -9999 -9999 -9999 -9999 -9999 -9999 -9999 -9999 -9999 -9999 -9999 15.321 15.152 14.98 15.547 16.088 16.047 15.685 14.499 14.394 13.961 14.07 14.741 15.664 16.322 16.347 16.22 15.619 15.04 15.767 16.522 17.098 17.056 17.1 16.882 17.098 16.909 17.014 17.53 17.908 18.187 18.153 17.91 17.944 17.788 17.812 17.848 17.808 17.765 17.771 17.695 17.724 17.503 17.467 17.373 17.186 17.216 17.364 17.586 17.717 17.741 17.844 18.018 17.994 18.241 18.315 18.329 18.402 18.379
-9999 -9999 -9999 -9999 -9999 -9999 -9999 -9999 -9999 -9999 -9999 -9999 -9999 -9999 16.684 16.352 15.972 15.652 15.172 15.287 15.655 16.219 16.278 15.071 14.755 14.48 14.86 14.309 15.384 15.727 15.415 16.088 16.354 14.918 15.639 16.345 17.31 17.318 17.093 16.611 17.368 17.219 17.172 17.269 17.451 17.933 18.18 18.271 18.094 18.086 17.923 17.775 17.848 17.827 17.884 17.709 17.619 17.313 17.471 17.555 17.529 17.348 17.318 17.433 17.617 17.797 17.775 17.851 17.907 18.076 18.178 18.293 18.249 18.346 18.422
-9999 -9999 -9999 -9999 -9999 -9999 -9999 -9999 -9999 -9999 -9999 -9999 16.051 16.274 16.52 16.48 16.334 15.906 15.998 15.842 16.171 16.026 15.164 15.535 15.231 15.084 15.388 15.148 15.122 14.375 15.06 15.603 15.592 16.038 16.55 17.143 16.482 16.754 17.057 17.343 17.577 17.58 17.436 17.501 17.755 17.803 18.128 18.354 18.257 18.185 18.079 17.991 17.947 17.671 17.801 17.845 17.596 17.42 17.266 17.543 17.54 17.38 17.311 17.369 17.522 17.831 17.984 18.02 17.969 17.949 18.178 18.157 18.109 18.271 18.445
-9999 -9999 -9999 -9999 -9999 -9999 -9999 -9999 16.137 16.189 16.149 16.109 15.584 16.427 16.359 16.487 16.266 15.988 16.042 16.051 15.926 15.181 15.591 15.937 15.33 15.863 15.756 15.436 14.542 14.819 15.312 15.665 15.707 16.502 17.019 15.818 15.886 16.659 16.76 17.353 17.587 17.719 17.55 17.351 17.672 17.624 18.261 18.336 18.276 18.048 17.894 17.945 17.398 17.59 17.719 17.822 17.596 17.284 17.298 17.462 17.516 17.526 17.454 17.472 17.573 17.824 17.947 18.021 18.045 17.921 17.985 18.133 18.157 18.385 18.586
-9999 -9999 -9999 -9999 -9999 -9999 -9999 16.441 16.183 16.207 16.032 15.199 15.01 15.281 15.667 16.099 15.592 15.476 15.679 15.677 15.272 15.726 15.899 15.603 16.153 16.452 16.138 15.529 15.065 15.393 15.677 15.764 16.199 16.662 15.594 14.36 15.624 16.406 17.043 17.134 17.458 17.354 17.429 17.63 17.739 18.044 18.188 18.202 18.242 18.008 17.746 17.361 17.075 16.945 17.526 17.703 17.28 17.149 17.242 17.437 17.574 17.546 17.552 17.565 17.728 17.76 17.83 17.943 17.828 17.754 17.964 18.128 18.23 18.424 18.552
-9999 -9999 -9999 -9999 -9999 -9999 16.588 16.272 16.204 16.194 15.69 15.197 15.422 15.76 16.109 15.707 15.666 15.67 16.197 15.713 15.577 15.961 16.023 16.268 16.896 16.52 15.726 15.315 15.624 15.907 15.909 16.526 16.782 16.432 14.792 14.821 15.588 16.929 16.838 17.063 17.07 17.531 17.69 17.641 17.842 18.001 18.127 18.161 18.323 18.186 17.842 17.29 16.862 17.05 17.413 17.517 17.253 16.956 17.185 17.42 17.533 17.641 17.642 17.69 17.731 17.795 17.711 17.808 17.93 17.854 18.018 18.115 18.024 18.257 18.416
