Validation/Results/ReClimate_06_2024_2_Temperature-Actualsweatherlogisticsltd.asc
NCOLS 192
NROWS 249
XLLCENTER -225160.85627316462
YLLCENTER 29788.11610251502
CELLSIZE 5000.0
NODATA_VALUE -9999
[rows 204 to 237 of 249, columns 75 to 149 of 192]
-9999 -9999 -9999 -9999 15.414 -9999 15.385 15.345 15.233 14.816 14.674 14.569 14.742 14.85 14.768 14.746 14.488 15.057 14.967 15.067 15.266 15.452 15.334 15.443 15.067 14.649 13.425 12.812 14.348 14.208 14.327 13.815 14.382 15.349 14.632 13.286 14.878 15.248 15.241 15.333 15.991 16.532 16.447 16.177 16.31 16.713 16.877 16.956 16.956 16.919 16.196 15.772 15.703 16.029 16.27 16.443 16.365 16.071 16.174 16.375 16.57 16.662 16.687 16.623 16.495 16.579 16.736 16.777 16.912 16.998 16.973 17.092 17.096 17.147 17.303
-9999 -9999 -9999 -9999 -9999 -9999 -9999 -9999 15.027 15.241 15.1 14.971 15.094 15.129 15.091 14.961 15.325 15.303 15.392 15.452 15.332 15.382 15.063 15.132 14.655 13.933 13.04 13.31 13.239 13.605 12.921 13.148 14.832 14.786 14.532 15.441 14.814 15.174 15.787 16.077 16.416 16.168 15.94 15.605 16.127 16.724 16.91 17.055 17.15 16.504 15.738 15.628 15.7 16.124 16.225 16.411 16.299 16.4 16.446 16.654 16.838 16.902 16.822 16.69 16.633 16.705 16.887 16.994 16.931 16.837 16.726 16.822 17.065 17.078 17.197
-9999 -9999 -9999 -9999 -9999 -9999 -9999 -9999 15.279 15.24 15.198 15.288 14.957 14.787 14.667 15.045 15.323 15.462 15.659 15.284 15.096 15.278 15.424 15.588 15.122 14.93 14.725 14.437 14.119 13.893 13.333 13.797 13.617 14.319 14.899 14.453 14.219 15.805 16.108 16.292 15.913 15.929 15.419 15.721 16.152 16.749 16.909 16.806 16.017 15.591 15.675 15.883 15.833 16.027 16.221 16.348 16.526 16.435 16.714 16.914 17.113 17.146 16.93 16.726 16.626 16.745 16.97 17.034 16.913 16.56 16.643 16.728 16.809 17.032 17.134
-9999 -9999 -9999 -9999 -9999 -9999 15.626 15.546 15.423 15.438 -9999 15.375 15.244 15.077 15.294 15.38 15.575 -9999 15.694 15.42 15.545 15.179 15.801 15.078 15.198 15.022 14.782 14.729 15.034 14.616 14.315 14.263 14.31 14.622 14.907 13.884 14.916 15.997 15.972 16.235 16.108 15.61 15.708 15.997 16.387 16.623 16.667 16.069 15.996 15.693 15.819 15.801 16.041 16.168 16.276 16.484 16.7 16.769 16.896 16.924 17.202 17.189 17.056 16.89 16.853 16.862 16.928 16.867 16.603 16.516 16.502 16.759 16.825 16.956 17.095
-9999 -9999 -9999 -9999 -9999 -9999 15.646 -9999 -9999 -9999 15.67 15.535 15.374 -9999 -9999 -9999 -9999 -9999 15.76 15.699 15.425 16.213 15.964 15.811 15.664 15.372 15.485 15.437 13.772 13.869 14.968 15.078 15.08 14.97 14.46 14.545 15.762 15.902 16.266 16.227 15.578 15.818 15.967 16.476 16.512 16.627 16.394 16.066 16.106 15.861 16.047 16.184 16.209 16.337 16.531 16.664 16.822 16.878 16.959 16.984 17.062 17.194 16.922 16.901 16.86 16.879 16.762 16.716 16.58 16.431 16.576 16.875 16.974 17.109 17.113
-9999 -9999 -9999 -9999 -9999 -9999 -9999 -9999 15.587 15.561 15.478 15.605 15.362 -9999 -9999 -9999 -9999 -9999 -9999 -9999 -9999 16.645 16.528 16.433 16.441 16.024 15.618 13.899 13.368 13.636 14.218 14.827 15.026 15.091 15.208 15.194 15.568 16.279 16.354 15.453 15.705 15.848 16.71 16.7 16.649 16.708 16.063 16.051 15.945 16.02 16.225 16.387 16.439 16.505 16.575 16.689 16.666 16.759 16.896 17.079 17.105 17.096 16.899 16.794 16.6 16.541 16.791 16.631 16.541 16.602 16.777 16.968 17.248 17.295 17.284
-9999 -9999 -9999 -9999 -9999 -9999 -9999 -9999 -9999 15.51 -9999 -9999 -9999 -9999 -9999 -9999 -9999 -9999 -9999 15.799 16.2 16.335 16.306 16.669 16.706 16.407 15.59 14.626 13.728 13.798 14.565 15.563 15.407 15.07 15.334 15.645 16.408 16.729 16.374 16.012 16.148 16.604 -9999 16.748 16.687 16.397 15.69 15.68 15.934 16.129 16.358 16.43 16.519 16.498 16.539 16.553 16.676 16.714 16.855 16.981 17.042 16.875 16.734 16.555 16.279 16.295 16.459 16.876 16.759 16.75 16.972 17.027 17.222 17.447 17.421
-9999 -9999 -9999 -9999 -9999 -9999 -9999 -9999 -9999 -9999 -9999 -9999 -9999 -9999 -9999 -9999 -9999 -9999 -9999 15.825 16.077 16.365 16.385 -9999 -9999 -9999 16.313 15.177 15.285 15.14 15.689 15.699 15.206 15.477 16.225 16.517 16.657 16.86 16.631 16.682 16.793 -9999 16.809 16.521 16.565 16.036 15.613 15.92 16.082 16.303 16.356 16.338 16.454 16.517 16.531 16.568 16.456 16.436 16.542 16.59 16.733 16.786 16.545 16.185 16.225 16.253 16.509 16.88 17.049 16.941 17.15 17.391 17.466 17.657 17.747
-9999 -9999 -9999 -9999 -9999 -9999 -9999 -9999 -9999 -9999 -9999 -9999 -9999 -9999 -9999 -9999 -9999 -9999 -9999 -9999 -9999 -9999 -9999 -9999 -9999 -9999 16.947 16.335 15.69 15.845 16.17 16.195 16.09 16.422 16.686 16.757 16.793 16.81 16.851 -9999 -9999 17.128 16.79 16.652 16.538 16.039 15.832 16.028 16.162 16.387 16.538 16.352 16.407 16.476 16.263 16.127 16.123 16.078 15.912 16.109 16.236 16.418 16.485 16.321 16.269 16.512 16.493 16.798 17.176 17.195 17.311 17.481 17.696 17.814 17.923
-9999 -9999 -9999 -9999 -9999 -9999 -9999 -9999 -9999 -9999 -9999 -9999 -9999 -9999 -9999 -9999 -9999 -9999 -9999 -9999 -9999 -9999 -9999 -9999 -9999 -9999 16.742 16.445 16.178 16.16 16.205 16.358 16.61 16.764 16.848 16.911 -9999 -9999 -9999 -9999 -9999 17.202 16.813 16.76 16.564 16.091 15.878 16.012 16.067 16.386 16.592 16.395 16.08 16.132 15.891 15.802 15.822 15.976 15.958 15.861 16.112 16.168 16.525 16.72 16.612 16.871 16.881 16.976 17.221 17.355 17.606 17.876 17.847 17.785 17.943
-9999 -9999 -9999 -9999 -9999 -9999 -9999 -9999 -9999 -9999 -9999 -9999 -9999 -9999 -9999 -9999 -9999 -9999 -9999 -9999 -9999 -9999 -9999 -9999 -9999 -9999 -9999 -9999 16.375 16.039 16.283 16.51 16.5 16.691 16.909 -9999 -9999 -9999 -9999 16.8 16.658 16.487 16.875 16.846 16.594 15.957 15.873 15.86 15.963 16.277 16.444 16.126 15.708 15.53 15.681 15.705 15.905 15.951 16.216 16.196 16.198 16.418 16.53 16.864 17.066 17.049 17.059 17.087 17.137 17.144 17.463 17.858 17.986 17.892 17.846
-9999 -9999 -9999 -9999 -9999 -9999 -9999 -9999 -9999 -9999 -9999 -9999 -9999 -9999 -9999 -9999 -9999 -9999 -9999 -9999 -9999 -9999 -9999 -9999 -9999 -9999 -9999 -9999 -9999 16.534 16.58 16.529 16.495 16.788 -9999 -9999 -9999 -9999 16.818 16.713 16.379 16.347 16.502 16.691 16.613 16.305 16.322 15.943 16.005 16.166 15.997 15.887 15.733 15.402 15.527 15.773 16.05 16.218 16.332 16.44 16.395 16.394 16.575 16.818 16.958 16.949 16.763 16.9 17.043 17.022 17.151 17.553 17.807 17.875 17.913
-9999 -9999 -9999 -9999 -9999 -9999 -9999 -9999 -9999 -9999 -9999 -9999 -9999 -9999 -9999 -9999 -9999 -9999 -9999 -9999 -9999 -9999 -9999 -9999 -9999 -9999 -9999 -9999 -9999 -9999 -9999 -9999 -9999 -9999 -9999 -9999 -9999 16.879 16.95 16.881 16.494 16.268 16.588 16.596 16.367 16.491 16.315 16.242 16.475 16.313 16.098 15.971 15.932 15.853 15.672 15.797 15.988 15.902 16.105 16.197 16.278 16.323 16.381 16.635 16.773 16.708 16.596 16.553 16.833 16.979 17.05 17.199 17.441 17.517 17.606
-9999 -9999 -9999 -9999 -9999 -9999 -9999 -9999 -9999 -9999 -9999 -9999 -9999 -9999 -9999 -9999 -9999 -9999 -9999 -9999 -9999 -9999 -9999 -9999 -9999 -9999 -9999 -9999 -9999 -9999 -9999 -9999 -9999 -9999 -9999 -9999 17.192 17.067 16.782 16.457 15.406 16.0 16.497 16.347 16.297 16.288 16.265 16.579 16.601 16.525 16.345 16.209 16.335 16.111 15.869 15.606 15.762 15.893 15.574 15.843 16.028 16.24 16.421 16.58 16.72 16.716 16.694 16.779 16.707 16.777 16.94 17.03 17.092 17.12 16.903
-9999 -9999 -9999 -9999 -9999 -9999 -9999 -9999 -9999 -9999 -9999 -9999 -9999 -9999 -9999 -9999 -9999 -9999 -9999 -9999 -9999 -9999 -9999 -9999 -9999 -9999 -9999 -9999 -9999 -9999 -9999 -9999 -9999 -9999 -9999 -9999 17.126 16.972 16.95 16.206 15.703 15.544 15.827 16.065 16.188 16.068 16.428 16.508 16.475 16.133 15.938 15.95 16.193 16.294 16.102 15.996 15.795 15.886 15.963 15.901 16.054 16.176 16.386 16.619 16.762 16.812 16.754 16.803 16.77 16.659 16.758 16.798 16.563 16.584 16.525
-9999 -9999 -9999 -9999 -9999 -9999 -9999 -9999 -9999 -9999 -9999 -9999 -9999 -9999 -9999 -9999 -9999 -9999 -9999 -9999 -9999 -9999 -9999 13.66 13.485 13.53 13.934 -9999 15.055 -9999 -9999 -9999 -9999 -9999 -9999 -9999 -9999 16.978 16.868 16.543 16.219 15.999 15.756 15.768 15.878 16.212 16.302 16.306 15.966 15.774 15.993 16.022 16.148 16.209 16.17 16.254 16.322 16.334 16.247 16.297 16.199 16.097 16.037 16.306 16.612 16.678 16.603 16.649 16.595 16.531 16.666 16.634 16.383 16.356 16.576
-9999 -9999 -9999 -9999 -9999 -9999 -9999 -9999 -9999 -9999 -9999 -9999 -9999 -9999 -9999 -9999 -9999 -9999 -9999 -9999 15.429 15.082 14.263 13.374 12.926 13.08 13.46 13.879 14.825 15.908 16.504 -9999 -9999 16.057 16.559 16.797 16.952 16.945 16.872 16.872 16.696 16.478 16.176 15.864 15.98 16.188 16.152 15.715 15.925 16.121 15.979 16.17 16.31 16.404 16.329 16.318 16.414 16.487 16.641 16.555 16.374 16.187 16.171 16.084 16.197 16.446 16.534 16.624 16.777 16.561 16.648 16.207 16.138 16.305 16.574
-9999 -9999 -9999 -9999 -9999 -9999 -9999 -9999 -9999 -9999 -9999 -9999 -9999 -9999 -9999 -9999 -9999 -9999 -9999 15.343 15.372 15.438 14.748 13.739 13.08 13.099 13.413 13.992 14.672 15.286 15.889 15.973 15.87 15.96 16.07 16.704 16.854 16.925 16.791 16.64 16.793 16.616 16.142 16.106 16.156 16.032 15.501 15.884 15.772 15.859 16.017 16.25 16.456 16.453 16.248 16.332 16.38 16.584 16.628 16.62 16.468 16.304 16.08 15.93 16.155 16.396 16.536 16.273 16.445 16.693 16.614 16.659 16.278 16.446 16.577
-9999 -9999 -9999 -9999 -9999 -9999 -9999 -9999 -9999 -9999 -9999 -9999 -9999 -9999 -9999 -9999 -9999 -9999 -9999 15.283 15.856 16.183 15.485 14.374 14.094 13.923 13.795 14.338 14.817 15.552 15.35 15.121 15.592 15.926 16.192 16.173 16.688 16.891 16.748 16.776 16.557 16.386 16.495 16.491 16.282 15.844 15.888 15.884 15.708 15.908 16.002 16.227 16.377 16.359 16.177 16.124 16.521 16.646 16.641 16.671 16.69 16.589 16.362 16.003 15.904 16.346 16.52 16.426 16.234 16.506 16.71 16.757 16.791 16.748 16.507
-9999 -9999 -9999 -9999 -9999 -9999 -9999 -9999 -9999 -9999 -9999 -9999 -9999 -9999 -9999 -9999 -9999 -9999 -9999 15.563 16.336 16.1 15.78 15.229 15.305 14.999 15.1 15.099 15.343 15.557 15.116 15.284 15.99 16.286 16.417 16.668 16.884 16.913 16.826 16.575 16.356 16.493 16.525 16.388 16.066 16.111 16.114 16.112 16.04 16.0 15.841 15.966 16.286 16.525 16.47 16.475 16.602 16.581 16.651 16.79 16.579 16.494 16.492 16.084 15.685 16.15 16.583 16.576 16.532 16.605 16.693 16.769 16.75 16.693 16.599
-9999 -9999 -9999 -9999 -9999 -9999 -9999 -9999 -9999 -9999 -9999 -9999 -9999 -9999 -9999 15.603 15.219 -9999 15.272 15.958 15.831 15.677 15.733 15.894 15.795 15.733 15.393 15.201 15.369 15.633 15.643 15.871 16.204 16.551 16.708 16.726 16.687 16.702 16.78 16.611 16.538 16.495 16.423 16.055 16.266 16.262 16.187 16.005 15.855 15.843 15.673 15.805 16.141 16.51 16.58 16.616 16.662 16.811 16.691 16.71 16.661 16.321 16.474 16.317 16.184 16.243 16.688 16.782 16.664 16.611 16.639 16.705 16.819 16.898 16.887
-9999 -9999 -9999 -9999 -9999 -9999 -9999 -9999 -9999 -9999 -9999 -9999 -9999 -9999 -9999 15.451 15.169 15.219 15.373 15.605 15.578 15.761 15.45 15.441 15.656 15.285 15.283 15.299 15.434 15.75 15.684 15.799 16.076 15.824 15.709 16.053 16.358 16.64 16.737 16.592 16.433 16.296 16.202 16.114 16.323 16.173 16.221 16.026 15.716 15.689 15.879 15.974 16.251 16.4 16.499 16.586 16.883 16.946 16.988 17.003 16.854 16.594 16.514 16.361 16.155 16.23 16.067 16.431 16.68 16.685 16.756 16.761 16.82 16.989 17.085
-9999 -9999 -9999 -9999 -9999 -9999 -9999 -9999 -9999 -9999 -9999 -9999 -9999 -9999 15.657 15.248 15.294 15.257 15.292 15.49 15.626 15.564 15.423 15.616 15.702 15.446 15.449 15.419 15.713 15.938 16.185 16.245 15.844 15.255 15.463 15.662 15.895 16.435 16.517 16.535 16.508 16.347 16.26 16.208 16.25 16.29 16.314 16.087 15.78 16.081 16.177 16.292 16.341 16.416 16.435 16.458 16.863 17.279 17.405 17.225 17.193 16.957 16.877 16.769 16.564 16.506 16.279 16.144 16.315 16.047 16.484 16.307 16.374 16.906 17.176
-9999 -9999 -9999 -9999 -9999 -9999 -9999 -9999 -9999 -9999 -9999 -9999 -9999 -9999 -9999 15.497 15.35 15.337 15.503 15.635 15.761 15.787 15.776 15.79 15.77 15.668 15.619 15.927 16.125 16.343 16.238 16.286 15.651 15.354 15.464 15.377 15.827 16.22 16.217 16.357 16.428 16.324 16.137 16.177 16.196 16.186 16.106 15.916 16.281 16.231 16.359 16.446 16.456 16.42 16.422 16.583 16.796 17.19 17.428 -9999 17.202 17.195 16.995 17.042 17.026 17.001 16.903 16.733 16.726 16.485 16.306 16.44 16.279 16.505 16.859
-9999 -9999 -9999 -9999 -9999 -9999 -9999 -9999 -9999 -9999 -9999 -9999 -9999 -9999 15.562 15.666 15.396 15.347 15.432 15.496 15.739 15.901 15.85 15.752 15.596 15.709 16.003 16.221 16.273 16.286 16.334 16.12 15.934 15.949 15.839 15.653 16.226 16.369 15.853 16.131 16.116 15.526 15.684 15.625 15.626 15.806 15.848 16.059 16.312 16.526 16.552 16.632 16.565 16.507 16.464 16.571 16.747 16.906 17.181 17.363 -9999 17.369 -9999 17.42 -9999 17.196 -9999 17.065 17.042 16.906 16.613 16.562 16.702 16.983 -9999
-9999 -9999 -9999 -9999 -9999 -9999 -9999 -9999 -9999 -9999 -9999 -9999 -9999 -9999 15.707 15.463 15.226 15.318 15.322 15.337 15.337 15.633 15.473 15.384 15.487 15.82 16.135 16.277 16.39 16.413 16.374 16.312 16.119 16.005 15.755 16.064 16.479 15.834 15.923 16.413 15.994 15.746 15.673 15.526 15.775 16.094 16.109 16.319 16.493 16.509 16.733 16.745 16.627 16.549 16.484 16.496 16.702 16.855 17.08 17.286 -9999 -9999 17.619 17.643 -9999 -9999 17.137 17.101 17.073 -9999 -9999 -9999 -9999 -9999 -9999
-9999 -9999 -9999 -9999 -9999 -9999 -9999 -9999 -9999 -9999 -9999 -9999 -9999 15.411 15.421 15.33 15.297 15.557 15.608 15.385 15.456 15.3 14.773 14.815 15.211 15.551 15.777 15.98 16.293 16.356 16.279 16.296 16.039 15.581 15.56 15.894 15.859 16.035 16.669 16.519 16.119 15.786 15.594 16.031 16.386 16.308 16.374 16.416 16.581 16.842 16.995 16.728 16.795 16.686 16.665 16.572 16.664 -9999 -9999 -9999 17.327 -9999 -9999 -9999 -9999 -9999 -9999 16.984 -9999 -9999 -9999 -9999 -9999 -9999 -9999
-9999 -9999 -9999 -9999 -9999 -9999 -9999 -9999 -9999 -9999 -9999 -9999 15.666 15.029 14.948 15.218 15.75 15.922 15.852 15.737 15.533 14.712 13.903 14.157 15.148 15.295 15.252 15.987 15.963 16.377 16.414 16.106 16.172 16.23 16.305 -9999 -9999 -9999 -9999 -9999 16.561 16.123 15.937 16.191 16.429 16.487 16.382 16.511 16.689 16.952 -9999 16.688 -9999 -9999 -9999 -9999 -9999 16.669 16.792 16.895 16.9 16.974 17.276 -9999 -9999 -9999 -9999 -9999 -9999 -9999 -9999 -9999 -9999 -9999 -9999
-9999 -9999 -9999 -9999 -9999 -9999 -9999 -9999 -9999 -9999 -9999 16.348 15.427 14.658 14.696 15.192 15.557 15.858 16.039 15.63 15.123 14.093 13.526 13.909 14.503 14.872 15.65 15.48 16.121 16.398 16.372 16.493 -9999 -9999 -9999 -9999 -9999 -9999 -9999 -9999 -9999 -9999 16.59 16.647 16.789 16.437 16.123 16.072 16.46 16.28 16.56 -9999 -9999 -9999 -9999 -9999 -9999 -9999 16.792 16.66 16.842 16.829 -9999 -9999 -9999 -9999 -9999 -9999 -9999 -9999 -9999 -9999 -9999 -9999 -9999
-9999 -9999 -9999 -9999 -9999 -9999 -9999 -9999 -9999 16.289 16.476 16.019 15.219 14.613 14.366 14.533 15.223 15.937 15.774 15.434 14.946 14.237 13.704 14.218 14.658 15.211 15.4 16.366 15.963 16.079 -9999 -9999 -9999 -9999 -9999 -9999 -9999 -9999 -9999 -9999 -9999 -9999 -9999 16.99 -9999 -9999 -9999 -9999 -9999 16.526 16.251 -9999 -9999 -9999 -9999 -9999 -9999 -9999 -9999 -9999 16.591 16.535 -9999 -9999 -9999 -9999 -9999 -9999 -9999 -9999 -9999 -9999 -9999 -9999 -9999
-9999 -9999 -9999 -9999 -9999 -9999 -9999 -9999 16.203 -9999 16.097 15.905 15.241 14.65 14.386 14.488 15.179 15.512 15.437 15.838 15.643 14.73 14.356 14.611 15.283 15.567 16.042 16.41 16.541 16.812 -9999 -9999 -9999 -9999 -9999 -9999 -9999 -9999 -9999 -9999 -9999 -9999 -9999 -9999 16.888 -9999 -9999 -9999 -9999 -9999 -9999 -9999 -9999 -9999 -9999 -9999 -9999 -9999 -9999 -9999 -9999 -9999 -9999 -9999 -9999 -9999 -9999 -9999 -9999 -9999 -9999 -9999 -9999 -9999 -9999
-9999 -9999 -9999 -9999 -9999 -9999 -9999 16.262 16.227 15.702 15.988 15.957 15.434 15.203 14.986 15.049 15.42 15.373 15.618 -9999 15.846 15.155 14.607 14.217 14.792 15.832 16.184 16.634 16.813 -9999 -9999 -9999 -9999 -9999 -9999 -9999 -9999 -9999 -9999 -9999 -9999 -9999 -9999 -9999 -9999 -9999 -9999 -9999 -9999 -9999 -9999 -9999 -9999 -9999 -9999 -9999 -9999 -9999 -9999 -9999 -9999 -9999 -9999 -9999 -9999 -9999 -9999 -9999 -9999 -9999 -9999 -9999 -9999 -9999 -9999
-9999 -9999 -9999 -9999 -9999 -9999 -9999 16.286 15.979 15.75 15.662 15.664 15.544 15.497 15.328 15.607 15.799 15.812 16.323 16.3 16.158 15.636 14.65 14.397 15.245 15.702 16.313 16.556 16.515 -9999 -9999 -9999 -9999 -9999 -9999 -9999 -9999 -9999 -9999 -9999 -9999 -9999 -9999 -9999 -9999 -9999 -9999 -9999 -9999 -9999 -9999 -9999 -9999 -9999 -9999 -9999 -9999 -9999 -9999 -9999 -9999 -9999 -9999 -9999 -9999 -9999 -9999 -9999 -9999 -9999 -9999 -9999 -9999 -9999 -9999
-9999 -9999 -9999 -9999 -9999 -9999 16.25 16.236 15.861 15.423 15.293 15.473 15.573 15.672 15.71 15.859 15.634 16.051 16.369 16.406 16.173 15.93 15.464 15.377 15.679 16.117 16.311 16.328 -9999 -9999 -9999 -9999 -9999 -9999 -9999 -9999 -9999 -9999 -9999 -9999 -9999 -9999 -9999 -9999 -9999 -9999 -9999 -9999 -9999 -9999 -9999 -9999 -9999 -9999 -9999 -9999 -9999 -9999 -9999 -9999 -9999 -9999 -9999 -9999 -9999 -9999 -9999 -9999 -9999 -9999 -9999 -9999 -9999 -9999 -9999
