Validation/Results/ReClimate_10_2023_2_Temperatureweatherlogisticsltd.asc
NCOLS 192
NROWS 249
XLLCENTER -225160.85627316462
YLLCENTER 29788.11610251502
CELLSIZE 5000.0
NODATA_VALUE -9999
[rows 204 to 237 of 249, columns 75 to 149 of 192]
-9999 -9999 -9999 -9999 -0.144 -9999 -0.169 -0.19 -0.192 -0.192 -0.197 -0.199 -0.204 -0.205 -0.207 -0.209 -0.211 -0.212 -0.223 -0.236 -0.242 -0.245 -0.247 -0.246 -0.254 -0.262 -0.261 -0.258 -0.267 -0.275 -0.274 -0.27 -0.269 -0.266 -0.258 -0.247 -0.255 -0.262 -0.249 -0.233 -0.231 -0.228 -0.228 -0.227 -0.225 -0.219 -0.208 -0.193 -0.188 -0.18 -0.171 -0.157 -0.15 -0.139 -0.123 -0.102 -0.09 -0.072 -0.059 -0.041 -0.031 -0.018 0.003 0.028 0.033 0.037 0.036 0.036 0.049 0.068 0.068 0.07 0.075 0.082 0.076
-9999 -9999 -9999 -9999 -9999 -9999 -9999 -9999 -0.195 -0.208 -0.212 -0.21 -0.212 -0.201 -0.202 -0.201 -0.205 -0.212 -0.223 -0.238 -0.239 -0.235 -0.24 -0.245 -0.247 -0.233 -0.234 -0.24 -0.246 -0.246 -0.246 -0.244 -0.246 -0.252 -0.249 -0.249 -0.255 -0.256 -0.249 -0.245 -0.239 -0.218 -0.22 -0.219 -0.211 -0.195 -0.186 -0.179 -0.174 -0.168 -0.157 -0.138 -0.14 -0.135 -0.121 -0.102 -0.087 -0.069 -0.07 -0.062 -0.041 -0.023 0.0 0.023 0.027 0.03 0.029 0.029 0.038 0.053 0.057 0.06 0.056 0.056 0.06
-9999 -9999 -9999 -9999 -9999 -9999 -9999 -9999 -0.197 -0.211 -0.212 -0.211 -0.207 -0.196 -0.196 -0.194 -0.201 -0.208 -0.22 -0.233 -0.228 -0.221 -0.23 -0.236 -0.227 -0.212 -0.219 -0.224 -0.227 -0.226 -0.227 -0.225 -0.231 -0.237 -0.24 -0.241 -0.243 -0.244 -0.243 -0.24 -0.226 -0.207 -0.208 -0.206 -0.192 -0.175 -0.17 -0.164 -0.16 -0.154 -0.139 -0.121 -0.122 -0.124 -0.111 -0.094 -0.079 -0.06 -0.061 -0.061 -0.042 -0.016 0.003 0.027 0.029 0.032 0.031 0.032 0.041 0.054 0.057 0.063 0.058 0.053 0.056
-9999 -9999 -9999 -9999 -9999 -9999 -0.166 -0.183 -0.198 -0.226 -9999 -0.215 -0.209 -0.191 -0.182 -0.171 -0.174 -9999 -0.19 -0.202 -0.199 -0.204 -0.208 -0.213 -0.211 -0.22 -0.229 -0.236 -0.237 -0.231 -0.232 -0.228 -0.236 -0.242 -0.242 -0.232 -0.235 -0.236 -0.236 -0.232 -0.225 -0.225 -0.223 -0.204 -0.193 -0.181 -0.172 -0.152 -0.147 -0.141 -0.125 -0.106 -0.108 -0.111 -0.106 -0.094 -0.08 -0.062 -0.061 -0.06 -0.056 -0.044 -0.017 0.009 0.009 0.011 0.013 0.015 0.026 0.04 0.046 0.053 0.058 0.058 0.051
-9999 -9999 -9999 -9999 -9999 -9999 -0.167 -9999 -9999 -9999 -0.222 -0.212 -0.203 -9999 -9999 -9999 -9999 -9999 -0.176 -0.186 -0.189 -0.192 -0.194 -0.195 -0.205 -0.215 -0.224 -0.232 -0.23 -0.224 -0.225 -0.222 -0.229 -0.236 -0.23 -0.22 -0.223 -0.224 -0.223 -0.22 -0.223 -0.224 -0.213 -0.194 -0.185 -0.174 -0.158 -0.138 -0.133 -0.127 -0.111 -0.092 -0.095 -0.098 -0.093 -0.085 -0.072 -0.055 -0.053 -0.051 -0.049 -0.047 -0.023 0.008 0.008 0.009 0.011 0.015 0.025 0.041 0.047 0.056 0.06 0.066 0.06
-9999 -9999 -9999 -9999 -9999 -9999 -9999 -9999 -0.185 -0.204 -0.2 -0.208 -0.191 -9999 -9999 -9999 -9999 -9999 -9999 -9999 -9999 -0.201 -0.197 -0.18 -0.188 -0.202 -0.209 -0.212 -0.219 -0.241 -0.237 -0.214 -0.22 -0.22 -0.218 -0.22 -0.22 -0.213 -0.218 -0.231 -0.231 -0.22 -0.211 -0.197 -0.187 -0.168 -0.156 -0.148 -0.14 -0.121 -0.116 -0.103 -0.105 -0.108 -0.098 -0.089 -0.078 -0.062 -0.048 -0.04 -0.033 -0.027 -0.015 0.008 0.007 0.006 0.013 0.021 0.025 0.036 0.04 0.048 0.046 0.047 0.048
-9999 -9999 -9999 -9999 -9999 -9999 -9999 -9999 -9999 -0.191 -9999 -9999 -9999 -9999 -9999 -9999 -9999 -9999 -9999 -0.18 -0.188 -0.201 -0.187 -0.169 -0.179 -0.19 -0.193 -0.195 -0.216 -0.238 -0.224 -0.203 -0.206 -0.206 -0.21 -0.212 -0.207 -0.2 -0.213 -0.227 -0.22 -0.21 -9999 -0.189 -0.175 -0.156 -0.151 -0.143 -0.128 -0.111 -0.106 -0.099 -0.102 -0.103 -0.094 -0.081 -0.071 -0.058 -0.046 -0.03 -0.024 -0.014 -0.002 0.014 0.012 0.011 0.018 0.029 0.033 0.04 0.045 0.052 0.049 0.047 0.047
-9999 -9999 -9999 -9999 -9999 -9999 -9999 -9999 -9999 -9999 -9999 -9999 -9999 -9999 -9999 -9999 -9999 -9999 -9999 -0.181 -0.186 -0.189 -0.176 -9999 -9999 -9999 -0.192 -0.213 -0.227 -0.23 -0.222 -0.218 -0.218 -0.208 -0.214 -0.219 -0.217 -0.213 -0.221 -0.217 -0.206 -9999 -0.194 -0.172 -0.163 -0.162 -0.158 -0.148 -0.137 -0.128 -0.124 -0.115 -0.108 -0.105 -0.097 -0.086 -0.068 -0.049 -0.056 -0.051 -0.043 -0.033 -0.022 -0.008 0.013 0.025 0.02 0.024 0.026 0.031 0.034 0.039 0.052 0.058 0.058
-9999 -9999 -9999 -9999 -9999 -9999 -9999 -9999 -9999 -9999 -9999 -9999 -9999 -9999 -9999 -9999 -9999 -9999 -9999 -9999 -9999 -9999 -9999 -9999 -9999 -9999 -0.196 -0.215 -0.218 -0.22 -0.218 -0.215 -0.21 -0.201 -0.208 -0.214 -0.213 -0.21 -0.209 -9999 -9999 -0.192 -0.178 -0.157 -0.156 -0.156 -0.15 -0.14 -0.135 -0.127 -0.121 -0.112 -0.106 -0.098 -0.092 -0.083 -0.066 -0.042 -0.048 -0.053 -0.045 -0.034 -0.024 -0.01 0.01 0.035 0.03 0.027 0.03 0.034 0.037 0.041 0.052 0.068 0.067
-9999 -9999 -9999 -9999 -9999 -9999 -9999 -9999 -9999 -9999 -9999 -9999 -9999 -9999 -9999 -9999 -9999 -9999 -9999 -9999 -9999 -9999 -9999 -9999 -9999 -9999 -0.196 -0.208 -0.206 -0.21 -0.208 -0.203 -0.204 -0.216 -0.215 -0.195 -9999 -9999 -9999 -9999 -9999 -0.189 -0.179 -0.17 -0.168 -0.161 -0.153 -0.135 -0.131 -0.125 -0.121 -0.12 -0.115 -0.109 -0.102 -0.092 -0.084 -0.066 -0.057 -0.054 -0.053 -0.046 -0.031 -0.014 -0.001 0.019 0.009 0.0 0.017 0.029 0.024 0.023 0.04 0.057 0.056
-9999 -9999 -9999 -9999 -9999 -9999 -9999 -9999 -9999 -9999 -9999 -9999 -9999 -9999 -9999 -9999 -9999 -9999 -9999 -9999 -9999 -9999 -9999 -9999 -9999 -9999 -9999 -9999 -0.197 -0.2 -0.198 -0.193 -0.204 -0.216 -0.196 -9999 -9999 -9999 -9999 -0.189 -0.182 -0.178 -0.174 -0.165 -0.16 -0.155 -0.142 -0.125 -0.123 -0.118 -0.118 -0.117 -0.113 -0.107 -0.101 -0.09 -0.082 -0.069 -0.061 -0.049 -0.048 -0.044 -0.031 -0.011 0.002 0.018 0.008 -0.004 0.011 0.032 0.027 0.021 0.037 0.058 0.056
-9999 -9999 -9999 -9999 -9999 -9999 -9999 -9999 -9999 -9999 -9999 -9999 -9999 -9999 -9999 -9999 -9999 -9999 -9999 -9999 -9999 -9999 -9999 -9999 -9999 -9999 -9999 -9999 -9999 -0.19 -0.188 -0.197 -0.199 -0.197 -9999 -9999 -9999 -9999 -0.194 -0.188 -0.189 -0.192 -0.188 -0.175 -0.169 -0.155 -0.147 -0.143 -0.135 -0.108 -0.11 -0.117 -0.113 -0.106 -0.107 -0.102 -0.091 -0.078 -0.068 -0.056 -0.048 -0.041 -0.033 -0.017 -0.007 0.007 0.004 -0.002 0.007 0.024 0.028 0.027 0.034 0.049 0.046
-9999 -9999 -9999 -9999 -9999 -9999 -9999 -9999 -9999 -9999 -9999 -9999 -9999 -9999 -9999 -9999 -9999 -9999 -9999 -9999 -9999 -9999 -9999 -9999 -9999 -9999 -9999 -9999 -9999 -9999 -9999 -9999 -9999 -9999 -9999 -9999 -9999 -0.201 -0.192 -0.184 -0.189 -0.193 -0.186 -0.174 -0.163 -0.149 -0.148 -0.145 -0.124 -0.098 -0.104 -0.111 -0.107 -0.099 -0.101 -0.1 -0.09 -0.075 -0.067 -0.053 -0.046 -0.035 -0.026 -0.014 -0.005 0.007 0.004 0.003 0.012 0.026 0.029 0.034 0.04 0.05 0.048
-9999 -9999 -9999 -9999 -9999 -9999 -9999 -9999 -9999 -9999 -9999 -9999 -9999 -9999 -9999 -9999 -9999 -9999 -9999 -9999 -9999 -9999 -9999 -9999 -9999 -9999 -9999 -9999 -9999 -9999 -9999 -9999 -9999 -9999 -9999 -9999 -0.203 -0.209 -0.202 -0.187 -0.195 -0.206 -0.196 -0.171 -0.165 -0.166 -0.165 -0.158 -0.141 -0.121 -0.124 -0.117 -0.123 -0.122 -0.112 -0.105 -0.094 -0.079 -0.072 -0.06 -0.053 -0.042 -0.03 -0.016 -0.015 -0.009 -0.01 -0.01 -0.007 0.002 0.015 0.025 0.035 0.047 0.05
-9999 -9999 -9999 -9999 -9999 -9999 -9999 -9999 -9999 -9999 -9999 -9999 -9999 -9999 -9999 -9999 -9999 -9999 -9999 -9999 -9999 -9999 -9999 -9999 -9999 -9999 -9999 -9999 -9999 -9999 -9999 -9999 -9999 -9999 -9999 -9999 -0.204 -0.207 -0.196 -0.182 -0.193 -0.205 -0.188 -0.164 -0.165 -0.167 -0.163 -0.157 -0.143 -0.125 -0.12 -0.114 -0.119 -0.123 -0.115 -0.101 -0.091 -0.075 -0.068 -0.057 -0.05 -0.039 -0.028 -0.013 -0.011 -0.009 -0.011 -0.01 -0.007 -0.002 0.01 0.026 0.035 0.05 0.053
-9999 -9999 -9999 -9999 -9999 -9999 -9999 -9999 -9999 -9999 -9999 -9999 -9999 -9999 -9999 -9999 -9999 -9999 -9999 -9999 -9999 -9999 -9999 -0.2 -0.207 -0.197 -0.199 -9999 -0.194 -9999 -9999 -9999 -9999 -9999 -9999 -9999 -9999 -0.208 -0.198 -0.18 -0.186 -0.181 -0.175 -0.184 -0.18 -0.161 -0.161 -0.167 -0.155 -0.137 -0.132 -0.125 -0.126 -0.129 -0.121 -0.109 -0.104 -0.093 -0.083 -0.071 -0.067 -0.058 -0.05 -0.038 -0.045 -0.049 -0.027 -0.014 -0.012 -0.007 0.001 0.013 0.024 0.038 0.034
-9999 -9999 -9999 -9999 -9999 -9999 -9999 -9999 -9999 -9999 -9999 -9999 -9999 -9999 -9999 -9999 -9999 -9999 -9999 -9999 -0.227 -0.235 -0.221 -0.203 -0.204 -0.199 -0.198 -0.194 -0.197 -0.198 -0.195 -9999 -9999 -0.205 -0.205 -0.201 -0.202 -0.202 -0.19 -0.174 -0.171 -0.165 -0.177 -0.187 -0.171 -0.153 -0.159 -0.165 -0.153 -0.137 -0.132 -0.123 -0.125 -0.125 -0.118 -0.105 -0.101 -0.093 -0.084 -0.071 -0.067 -0.06 -0.052 -0.042 -0.049 -0.057 -0.038 -0.011 -0.009 -0.004 0.003 0.014 0.023 0.038 0.034
-9999 -9999 -9999 -9999 -9999 -9999 -9999 -9999 -9999 -9999 -9999 -9999 -9999 -9999 -9999 -9999 -9999 -9999 -9999 -0.225 -0.232 -0.239 -0.23 -0.211 -0.216 -0.219 -0.22 -0.206 -0.211 -0.207 -0.211 -0.217 -0.227 -0.223 -0.227 -0.221 -0.221 -0.212 -0.202 -0.188 -0.186 -0.18 -0.19 -0.191 -0.179 -0.171 -0.171 -0.162 -0.155 -0.152 -0.147 -0.137 -0.127 -0.119 -0.112 -0.1 -0.109 -0.109 -0.099 -0.086 -0.073 -0.061 -0.059 -0.053 -0.042 -0.038 -0.038 -0.023 -0.016 -0.01 -0.003 0.007 0.018 0.033 0.042
-9999 -9999 -9999 -9999 -9999 -9999 -9999 -9999 -9999 -9999 -9999 -9999 -9999 -9999 -9999 -9999 -9999 -9999 -9999 -0.23 -0.226 -0.236 -0.225 -0.21 -0.217 -0.223 -0.216 -0.205 -0.206 -0.205 -0.214 -0.222 -0.224 -0.224 -0.224 -0.223 -0.218 -0.209 -0.2 -0.187 -0.185 -0.18 -0.185 -0.186 -0.18 -0.172 -0.164 -0.155 -0.154 -0.153 -0.146 -0.136 -0.127 -0.112 -0.105 -0.093 -0.101 -0.109 -0.1 -0.086 -0.074 -0.056 -0.055 -0.052 -0.042 -0.026 -0.026 -0.023 -0.017 -0.007 -0.0 0.01 0.02 0.036 0.045
-9999 -9999 -9999 -9999 -9999 -9999 -9999 -9999 -9999 -9999 -9999 -9999 -9999 -9999 -9999 -9999 -9999 -9999 -9999 -0.22 -0.22 -0.224 -0.218 -0.219 -0.227 -0.235 -0.231 -0.227 -0.227 -0.219 -0.226 -0.229 -0.23 -0.226 -0.229 -0.233 -0.227 -0.216 -0.207 -0.192 -0.188 -0.179 -0.182 -0.181 -0.176 -0.165 -0.157 -0.146 -0.146 -0.15 -0.144 -0.137 -0.127 -0.112 -0.105 -0.095 -0.094 -0.096 -0.1 -0.094 -0.086 -0.071 -0.055 -0.045 -0.032 -0.016 -0.018 -0.016 -0.017 -0.012 0.016 0.038 0.026 0.027 0.025
-9999 -9999 -9999 -9999 -9999 -9999 -9999 -9999 -9999 -9999 -9999 -9999 -9999 -9999 -9999 -0.207 -0.217 -9999 -0.228 -0.211 -0.214 -0.216 -0.218 -0.219 -0.227 -0.235 -0.233 -0.23 -0.226 -0.218 -0.222 -0.225 -0.224 -0.22 -0.225 -0.23 -0.223 -0.212 -0.202 -0.188 -0.181 -0.172 -0.174 -0.173 -0.168 -0.158 -0.149 -0.137 -0.14 -0.143 -0.139 -0.131 -0.122 -0.107 -0.1 -0.091 -0.09 -0.087 -0.09 -0.091 -0.084 -0.071 -0.057 -0.037 -0.026 -0.008 -0.01 -0.009 -0.01 -0.009 0.017 0.052 0.042 0.029 0.027
-9999 -9999 -9999 -9999 -9999 -9999 -9999 -9999 -9999 -9999 -9999 -9999 -9999 -9999 -9999 -0.212 -0.226 -0.234 -0.235 -0.233 -0.236 -0.227 -0.232 -0.238 -0.243 -0.24 -0.244 -0.251 -0.248 -0.236 -0.239 -0.235 -0.233 -0.223 -0.229 -0.232 -0.227 -0.216 -0.21 -0.204 -0.201 -0.196 -0.197 -0.193 -0.186 -0.163 -0.157 -0.153 -0.153 -0.145 -0.14 -0.132 -0.118 -0.101 -0.105 -0.102 -0.102 -0.1 -0.088 -0.08 -0.078 -0.069 -0.064 -0.052 -0.027 -0.003 -0.004 -0.004 0.007 0.017 0.016 0.034 0.041 0.039 0.042
-9999 -9999 -9999 -9999 -9999 -9999 -9999 -9999 -9999 -9999 -9999 -9999 -9999 -9999 -0.192 -0.208 -0.219 -0.23 -0.234 -0.236 -0.233 -0.226 -0.235 -0.241 -0.24 -0.237 -0.246 -0.254 -0.247 -0.236 -0.235 -0.233 -0.227 -0.217 -0.222 -0.226 -0.221 -0.211 -0.21 -0.205 -0.203 -0.199 -0.198 -0.195 -0.181 -0.161 -0.159 -0.156 -0.15 -0.141 -0.135 -0.126 -0.113 -0.094 -0.097 -0.1 -0.101 -0.1 -0.089 -0.071 -0.068 -0.064 -0.059 -0.052 -0.029 0.003 0.002 0.002 0.013 0.029 0.03 0.032 0.038 0.046 0.05
-9999 -9999 -9999 -9999 -9999 -9999 -9999 -9999 -9999 -9999 -9999 -9999 -9999 -9999 -9999 -0.219 -0.228 -0.229 -0.236 -0.247 -0.246 -0.244 -0.25 -0.242 -0.242 -0.237 -0.24 -0.235 -0.231 -0.23 -0.226 -0.216 -0.215 -0.221 -0.227 -0.231 -0.229 -0.227 -0.22 -0.196 -0.196 -0.197 -0.199 -0.204 -0.196 -0.189 -0.183 -0.161 -0.157 -0.153 -0.143 -0.133 -0.126 -0.111 -0.098 -0.092 -0.092 -0.09 -0.069 -9999 -0.052 -0.053 -0.045 -0.035 -0.034 -0.017 -0.003 0.006 0.011 0.022 0.025 0.028 0.038 0.052 0.057
-9999 -9999 -9999 -9999 -9999 -9999 -9999 -9999 -9999 -9999 -9999 -9999 -9999 -9999 -0.198 -0.217 -0.22 -0.221 -0.232 -0.244 -0.245 -0.244 -0.242 -0.236 -0.235 -0.232 -0.228 -0.222 -0.223 -0.221 -0.214 -0.204 -0.21 -0.217 -0.222 -0.226 -0.227 -0.227 -0.21 -0.187 -0.189 -0.19 -0.196 -0.201 -0.2 -0.195 -0.18 -0.159 -0.156 -0.153 -0.144 -0.131 -0.123 -0.112 -0.1 -0.084 -0.083 -0.08 -0.06 -0.031 -9999 -0.045 -9999 -0.025 -9999 -0.02 -9999 0.011 0.016 0.024 0.026 0.031 0.04 0.06 -9999
-9999 -9999 -9999 -9999 -9999 -9999 -9999 -9999 -9999 -9999 -9999 -9999 -9999 -9999 -0.189 -0.216 -0.219 -0.217 -0.229 -0.241 -0.243 -0.242 -0.237 -0.222 -0.225 -0.232 -0.233 -0.236 -0.236 -0.232 -0.227 -0.219 -0.222 -0.215 -0.216 -0.207 -0.204 -0.196 -0.186 -0.186 -0.19 -0.192 -0.196 -0.197 -0.198 -0.199 -0.185 -0.158 -0.151 -0.134 -0.129 -0.134 -0.124 -0.112 -0.097 -0.08 -0.076 -0.067 -0.064 -0.049 -9999 -9999 -0.046 -0.041 -9999 -9999 0.003 0.024 0.034 -9999 -9999 -9999 -9999 -9999 -9999
-9999 -9999 -9999 -9999 -9999 -9999 -9999 -9999 -9999 -9999 -9999 -9999 -9999 -0.166 -0.185 -0.208 -0.209 -0.208 -0.22 -0.232 -0.233 -0.233 -0.224 -0.21 -0.217 -0.224 -0.23 -0.236 -0.235 -0.231 -0.227 -0.22 -0.215 -0.208 -0.202 -0.193 -0.186 -0.177 -0.179 -0.18 -0.184 -0.187 -0.189 -0.19 -0.193 -0.195 -0.178 -0.154 -0.14 -0.123 -0.126 -0.13 -0.121 -0.107 -0.093 -0.073 -0.07 -9999 -9999 -9999 -0.043 -9999 -9999 -9999 -9999 -9999 -9999 0.033 -9999 -9999 -9999 -9999 -9999 -9999 -9999
-9999 -9999 -9999 -9999 -9999 -9999 -9999 -9999 -9999 -9999 -9999 -9999 -0.143 -0.148 -0.172 -0.202 -0.208 -0.22 -0.225 -0.215 -0.216 -0.212 -0.213 -0.227 -0.23 -0.218 -0.222 -0.219 -0.218 -0.214 -0.212 -0.21 -0.205 -0.195 -0.185 -9999 -9999 -9999 -9999 -9999 -0.155 -0.163 -0.17 -0.203 -0.203 -0.192 -0.177 -0.157 -0.148 -0.134 -9999 -0.12 -9999 -9999 -9999 -9999 -9999 -0.061 -0.057 -0.064 -0.055 -0.04 -0.032 -9999 -9999 -9999 -9999 -9999 -9999 -9999 -9999 -9999 -9999 -9999 -9999
-9999 -9999 -9999 -9999 -9999 -9999 -9999 -9999 -9999 -9999 -9999 -0.12 -0.127 -0.135 -0.162 -0.192 -0.204 -0.216 -0.21 -0.201 -0.2 -0.196 -0.212 -0.227 -0.219 -0.208 -0.207 -0.204 -0.203 -0.199 -0.2 -0.2 -9999 -9999 -9999 -9999 -9999 -9999 -9999 -9999 -9999 -9999 -0.177 -0.201 -0.195 -0.185 -0.172 -0.154 -0.148 -0.137 -0.125 -9999 -9999 -9999 -9999 -9999 -9999 -9999 -0.059 -0.065 -0.057 -0.044 -9999 -9999 -9999 -9999 -9999 -9999 -9999 -9999 -9999 -9999 -9999 -9999 -9999
-9999 -9999 -9999 -9999 -9999 -9999 -9999 -9999 -9999 -0.119 -0.114 -0.125 -0.135 -0.145 -0.167 -0.179 -0.188 -0.19 -0.191 -0.2 -0.201 -0.201 -0.209 -0.198 -0.195 -0.2 -0.2 -0.199 -0.2 -0.199 -9999 -9999 -9999 -9999 -9999 -9999 -9999 -9999 -9999 -9999 -9999 -9999 -9999 -0.153 -9999 -9999 -9999 -9999 -9999 -0.124 -0.108 -9999 -9999 -9999 -9999 -9999 -9999 -9999 -9999 -9999 -0.059 -0.045 -9999 -9999 -9999 -9999 -9999 -9999 -9999 -9999 -9999 -9999 -9999 -9999 -9999
-9999 -9999 -9999 -9999 -9999 -9999 -9999 -9999 -0.125 -9999 -0.122 -0.124 -0.132 -0.141 -0.154 -0.166 -0.17 -0.172 -0.182 -0.192 -0.195 -0.196 -0.189 -0.179 -0.184 -0.19 -0.191 -0.19 -0.192 -0.19 -9999 -9999 -9999 -9999 -9999 -9999 -9999 -9999 -9999 -9999 -9999 -9999 -9999 -9999 -0.136 -9999 -9999 -9999 -9999 -9999 -9999 -9999 -9999 -9999 -9999 -9999 -9999 -9999 -9999 -9999 -9999 -9999 -9999 -9999 -9999 -9999 -9999 -9999 -9999 -9999 -9999 -9999 -9999 -9999 -9999
-9999 -9999 -9999 -9999 -9999 -9999 -9999 -0.134 -0.126 -0.149 -0.15 -0.142 -0.146 -0.144 -0.152 -0.153 -0.156 -0.155 -0.171 -9999 -0.202 -0.198 -0.196 -0.193 -0.196 -0.19 -0.191 -0.188 -0.189 -9999 -9999 -9999 -9999 -9999 -9999 -9999 -9999 -9999 -9999 -9999 -9999 -9999 -9999 -9999 -9999 -9999 -9999 -9999 -9999 -9999 -9999 -9999 -9999 -9999 -9999 -9999 -9999 -9999 -9999 -9999 -9999 -9999 -9999 -9999 -9999 -9999 -9999 -9999 -9999 -9999 -9999 -9999 -9999 -9999 -9999
-9999 -9999 -9999 -9999 -9999 -9999 -9999 -0.135 -0.147 -0.157 -0.152 -0.146 -0.144 -0.141 -0.14 -0.139 -0.14 -0.14 -0.165 -0.194 -0.193 -0.191 -0.193 -0.191 -0.188 -0.183 -0.182 -0.18 -0.178 -9999 -9999 -9999 -9999 -9999 -9999 -9999 -9999 -9999 -9999 -9999 -9999 -9999 -9999 -9999 -9999 -9999 -9999 -9999 -9999 -9999 -9999 -9999 -9999 -9999 -9999 -9999 -9999 -9999 -9999 -9999 -9999 -9999 -9999 -9999 -9999 -9999 -9999 -9999 -9999 -9999 -9999 -9999 -9999 -9999 -9999
-9999 -9999 -9999 -9999 -9999 -9999 -0.138 -0.158 -0.158 -0.135 -0.13 -0.124 -0.122 -0.123 -0.122 -0.125 -0.125 -0.13 -0.151 -0.168 -0.173 -0.189 -0.19 -0.188 -0.185 -0.175 -0.178 -0.184 -9999 -9999 -9999 -9999 -9999 -9999 -9999 -9999 -9999 -9999 -9999 -9999 -9999 -9999 -9999 -9999 -9999 -9999 -9999 -9999 -9999 -9999 -9999 -9999 -9999 -9999 -9999 -9999 -9999 -9999 -9999 -9999 -9999 -9999 -9999 -9999 -9999 -9999 -9999 -9999 -9999 -9999 -9999 -9999 -9999 -9999 -9999
