Validation/Results/ReClimate_10_2023_2_Precipitation-Actualsweatherlogisticsltd.asc
NCOLS 192
NROWS 249
XLLCENTER -225160.85627316462
YLLCENTER 29788.11610251502
CELLSIZE 5000.0
NODATA_VALUE -9999
[rows 99 to 131 of 249, columns 74 to 147 of 192]
283.935 285.354 300.785 306.281 321.029 341.482 348.928 360.036 -9999 -9999 259.842 376.33 417.539 455.816 434.588 449.336 425.714 373.062 358.397 320.464 297.362 289.7 274.189 238.627 221.323 212.32 188.389 182.837 170.479 156.219 138.961 130.578 124.447 120.326 110.097 102.167 88.854 77.682 79.844 89.767 84.348 76.007 75.249 76.701 70.244 -9999 -9999 -9999 -9999 -9999 -9999 -9999 -9999 -9999 -9999 -9999 -9999 -9999 -9999 -9999 -9999 -9999 -9999 -9999 -9999 -9999 -9999 -9999 -9999 -9999 -9999 -9999 -9999 -9999
255.243 303.463 292.356 -9999 -9999 316.443 328.652 -9999 -9999 -9999 241.498 350.085 470.827 464.206 496.842 435.356 380.894 372.604 398.535 392.04 330.438 318.862 271.117 264.001 267.202 232.672 192.086 204.113 205.996 174.012 146.155 141.848 131.883 113.363 90.673 84.159 76.796 82.236 100.838 98.112 94.169 90.826 87.045 75.612 65.986 -9999 -9999 -9999 -9999 -9999 -9999 -9999 -9999 -9999 -9999 -9999 -9999 -9999 -9999 -9999 -9999 -9999 -9999 -9999 -9999 -9999 -9999 -9999 -9999 -9999 -9999 -9999 -9999 -9999
254.127 -9999 293.614 305.654 344.669 -9999 -9999 -9999 -9999 303.805 299.082 385.004 427.434 438.576 447.232 414.078 405.012 419.513 472.072 429.621 395.436 315.254 294.952 302.339 252.411 204.883 223.485 248.25 223.455 164.717 164.759 149.184 130.648 104.037 89.989 83.278 87.943 105.745 94.172 91.768 89.372 88.914 80.759 69.525 -9999 -9999 -9999 -9999 -9999 -9999 -9999 -9999 -9999 -9999 -9999 -9999 -9999 -9999 -9999 -9999 -9999 -9999 -9999 -9999 -9999 -9999 -9999 -9999 -9999 -9999 -9999 -9999 -9999 -9999
265.632 340.107 399.797 448.146 472.331 385.163 316.4 -9999 -9999 293.417 -9999 -9999 327.916 440.745 436.148 394.497 421.002 482.33 473.567 492.804 453.296 367.899 301.94 240.475 263.941 262.314 274.195 255.762 225.065 220.989 192.352 147.689 118.397 101.639 92.629 93.279 105.993 88.673 84.723 83.464 80.448 77.489 74.094 -9999 -9999 -9999 -9999 -9999 -9999 -9999 -9999 -9999 -9999 -9999 -9999 -9999 -9999 -9999 -9999 -9999 -9999 -9999 -9999 -9999 -9999 -9999 -9999 -9999 -9999 -9999 -9999 -9999 -9999 -9999
297.457 336.953 398.876 475.712 441.54 -9999 -9999 -9999 282.493 312.99 310.208 327.664 356.054 379.621 354.344 367.825 429.677 454.984 449.59 420.493 378.125 340.163 298.353 302.289 252.937 263.129 234.172 232.613 223.216 185.731 167.352 135.151 115.037 104.213 91.482 94.054 84.394 77.949 -9999 -9999 78.263 -9999 -9999 -9999 -9999 -9999 -9999 -9999 -9999 -9999 -9999 -9999 -9999 -9999 -9999 -9999 -9999 -9999 -9999 -9999 -9999 -9999 -9999 -9999 -9999 -9999 -9999 -9999 -9999 -9999 -9999 -9999 -9999 -9999
284.43 323.38 390.248 -9999 401.818 -9999 -9999 -9999 291.05 328.118 349.376 346.766 338.775 354.499 370.67 414.492 462.137 440.626 420.312 399.012 398.913 358.607 335.439 258.341 261.599 252.918 222.079 192.648 152.82 149.156 124.738 106.985 107.899 97.389 88.562 87.856 82.049 -9999 85.906 77.655 76.394 77.875 -9999 -9999 -9999 -9999 -9999 -9999 -9999 -9999 -9999 -9999 -9999 -9999 -9999 -9999 -9999 -9999 -9999 -9999 -9999 -9999 -9999 -9999 -9999 -9999 -9999 -9999 -9999 -9999 -9999 -9999 -9999 -9999
-9999 283.173 -9999 -9999 -9999 -9999 319.561 310.899 324.351 344.221 366.546 366.729 379.86 405.415 402.182 428.808 437.805 471.566 420.791 414.715 371.633 381.25 312.441 312.43 324.826 262.38 221.072 197.325 172.162 137.645 117.994 99.8 95.458 99.579 100.055 -9999 85.849 86.018 76.662 75.803 73.004 82.027 -9999 -9999 -9999 -9999 -9999 -9999 -9999 -9999 -9999 -9999 -9999 -9999 -9999 -9999 -9999 -9999 -9999 -9999 -9999 -9999 -9999 -9999 -9999 -9999 -9999 -9999 -9999 -9999 -9999 -9999 -9999 -9999
-9999 -9999 -9999 -9999 -9999 -9999 310.804 286.148 298.662 343.928 376.354 365.897 389.935 356.691 364.383 411.694 481.899 464.678 412.603 399.044 387.943 327.15 313.339 347.881 286.483 287.976 274.572 212.377 181.158 156.986 134.435 126.742 126.421 126.33 129.625 114.658 93.111 84.493 87.248 92.905 86.498 88.109 85.286 -9999 -9999 -9999 -9999 -9999 -9999 -9999 -9999 -9999 -9999 -9999 -9999 -9999 -9999 -9999 -9999 -9999 -9999 -9999 -9999 -9999 -9999 -9999 -9999 -9999 -9999 -9999 -9999 -9999 -9999 -9999
-9999 -9999 -9999 -9999 -9999 302.258 -9999 -9999 291.797 343.505 354.297 378.92 364.654 -9999 -9999 449.93 507.049 522.3 406.347 367.686 340.399 306.276 306.558 271.909 252.831 241.345 193.656 179.213 181.597 178.7 192.578 193.14 167.323 157.272 140.822 121.452 112.112 98.722 106.343 91.766 99.251 95.115 84.045 74.95 -9999 -9999 -9999 -9999 -9999 -9999 -9999 -9999 -9999 -9999 -9999 -9999 -9999 -9999 -9999 -9999 -9999 -9999 -9999 -9999 -9999 -9999 -9999 -9999 -9999 -9999 -9999 -9999 -9999 -9999
-9999 -9999 -9999 -9999 -9999 281.943 -9999 260.12 278.469 310.539 355.172 370.654 345.605 340.532 403.37 453.343 464.066 377.779 370.483 389.068 314.524 290.746 271.043 243.424 207.563 182.047 156.698 168.267 195.328 236.722 240.113 203.261 176.457 148.24 129.953 121.057 108.898 106.415 94.379 87.716 82.044 79.205 71.242 -9999 -9999 -9999 -9999 -9999 -9999 -9999 -9999 -9999 -9999 -9999 -9999 -9999 -9999 -9999 -9999 -9999 -9999 -9999 -9999 -9999 -9999 -9999 -9999 -9999 -9999 -9999 -9999 -9999 -9999 -9999
-9999 -9999 -9999 -9999 -9999 261.629 -9999 229.739 229.172 281.492 311.239 316.61 -9999 361.531 379.796 -9999 390.446 371.658 367.187 316.106 322.6 268.788 235.714 191.828 167.167 155.315 159.264 155.606 178.973 168.453 154.936 161.579 160.429 145.797 123.611 113.214 104.861 94.241 85.478 -9999 -9999 -9999 -9999 -9999 -9999 -9999 -9999 -9999 -9999 -9999 -9999 -9999 -9999 -9999 -9999 -9999 -9999 -9999 -9999 -9999 -9999 -9999 -9999 -9999 -9999 -9999 -9999 -9999 -9999 -9999 -9999 -9999 -9999 -9999
-9999 -9999 -9999 237.334 246.409 -9999 -9999 203.606 246.254 275.227 271.835 297.527 368.929 352.955 398.529 -9999 327.071 333.192 309.985 290.223 266.649 252.155 208.582 192.739 181.404 191.161 184.872 152.59 141.163 128.849 129.643 138.041 139.509 137.202 124.201 119.609 108.207 91.236 -9999 -9999 -9999 -9999 -9999 -9999 -9999 -9999 -9999 -9999 -9999 -9999 -9999 -9999 -9999 -9999 -9999 -9999 -9999 -9999 -9999 -9999 -9999 -9999 -9999 -9999 -9999 -9999 -9999 -9999 -9999 -9999 -9999 -9999 -9999 -9999
-9999 -9999 218.449 221.12 232.906 -9999 221.813 245.23 274.029 266.342 -9999 339.611 347.087 384.533 411.455 -9999 299.241 306.444 268.604 226.906 221.655 202.931 200.479 209.692 221.016 225.412 195.016 174.875 151.909 -9999 113.396 117.347 122.105 124.018 119.75 119.756 103.628 -9999 -9999 -9999 -9999 -9999 -9999 -9999 -9999 -9999 -9999 -9999 -9999 -9999 -9999 -9999 -9999 -9999 -9999 -9999 -9999 -9999 -9999 -9999 -9999 -9999 -9999 -9999 -9999 -9999 -9999 -9999 -9999 -9999 -9999 -9999 -9999 -9999
-9999 -9999 202.235 196.877 -9999 -9999 243.312 275.499 273.8 -9999 292.293 326.147 347.914 378.81 374.26 -9999 270.834 237.686 221.837 212.098 212.233 211.158 216.509 267.342 269.309 259.826 238.514 188.686 149.096 119.128 107.586 -9999 -9999 103.181 101.555 -9999 -9999 -9999 -9999 -9999 -9999 65.789 64.787 62.979 -9999 -9999 -9999 -9999 -9999 -9999 -9999 -9999 -9999 -9999 -9999 -9999 -9999 -9999 -9999 -9999 -9999 -9999 -9999 -9999 -9999 -9999 -9999 -9999 -9999 -9999 -9999 -9999 -9999 -9999
-9999 229.218 243.075 -9999 -9999 229.416 250.167 245.615 278.325 -9999 281.383 311.84 313.631 324.367 349.107 -9999 -9999 -9999 229.219 218.014 214.695 216.586 229.791 233.414 221.092 218.232 195.105 171.149 149.219 133.652 117.294 103.947 105.571 101.872 89.388 -9999 -9999 -9999 -9999 -9999 70.348 66.585 71.854 66.522 66.235 -9999 -9999 -9999 -9999 -9999 -9999 -9999 -9999 -9999 -9999 -9999 -9999 -9999 -9999 -9999 -9999 -9999 -9999 -9999 -9999 -9999 -9999 -9999 -9999 -9999 -9999 -9999 -9999 -9999
249.316 292.279 253.106 -9999 -9999 -9999 205.098 254.326 259.519 -9999 250.208 -9999 263.9 296.036 279.531 -9999 240.326 254.239 249.015 -9999 194.129 181.474 190.206 184.323 179.543 177.762 174.618 160.956 151.355 143.528 126.068 123.667 115.364 99.727 88.423 80.536 81.072 78.058 -9999 71.806 71.141 74.939 78.585 86.188 88.342 93.604 66.201 -9999 -9999 -9999 -9999 -9999 -9999 -9999 -9999 -9999 -9999 -9999 -9999 -9999 -9999 -9999 -9999 -9999 -9999 -9999 -9999 -9999 -9999 -9999 -9999 -9999 -9999 -9999
254.12 257.575 -9999 -9999 -9999 -9999 226.998 265.13 237.871 -9999 215.568 -9999 230.36 229.765 -9999 254.475 275.002 305.293 284.45 217.216 181.696 165.304 162.043 156.433 155.662 150.675 146.95 146.651 144.913 138.821 125.504 124.782 114.422 107.213 100.693 95.939 99.534 87.444 84.291 79.914 78.213 80.182 85.017 105.031 106.954 111.63 97.256 81.966 75.677 82.772 -9999 -9999 -9999 -9999 -9999 -9999 -9999 -9999 -9999 -9999 -9999 -9999 -9999 -9999 -9999 -9999 -9999 -9999 -9999 -9999 -9999 -9999 -9999 -9999
-9999 219.544 -9999 -9999 -9999 -9999 217.852 226.441 240.885 237.711 -9999 -9999 186.906 198.019 -9999 232.983 278.951 338.239 283.968 235.14 192.928 173.609 157.205 146.024 138.763 130.087 135.253 138.904 147.011 146.59 141.09 125.615 137.147 129.894 122.859 129.901 110.121 89.88 81.189 87.965 86.72 100.659 130.399 138.512 128.023 121.217 107.362 111.686 91.734 83.07 79.425 -9999 -9999 -9999 -9999 -9999 -9999 -9999 -9999 -9999 -9999 -9999 -9999 -9999 -9999 -9999 -9999 -9999 -9999 -9999 -9999 -9999 -9999 -9999
224.907 -9999 -9999 -9999 -9999 -9999 184.928 205.887 236.181 216.407 -9999 -9999 187.598 184.925 -9999 -9999 271.464 276.061 255.677 227.327 220.019 199.018 175.247 160.229 152.089 135.331 132.268 146.378 150.353 158.738 156.313 166.691 154.659 150.572 152.871 134.216 113.375 107.946 104.072 101.216 116.89 139.36 149.167 151.239 137.898 120.219 110.605 97.834 88.574 86.287 79.572 -9999 -9999 -9999 -9999 -9999 -9999 -9999 -9999 -9999 -9999 -9999 -9999 -9999 -9999 -9999 -9999 -9999 -9999 -9999 -9999 -9999 -9999 -9999
209.231 -9999 -9999 -9999 -9999 -9999 172.767 203.55 229.366 -9999 -9999 -9999 -9999 178.355 -9999 185.74 227.822 241.489 224.271 220.731 222.862 213.417 200.463 195.376 180.707 159.214 148.95 138.913 143.295 151.012 165.624 164.236 159.046 154.784 141.518 132.001 125.188 123.727 140.411 136.304 132.136 135.279 130.002 124.321 123.82 118.45 104.009 85.349 82.813 82.305 81.54 75.763 -9999 -9999 -9999 -9999 -9999 -9999 -9999 -9999 -9999 -9999 -9999 -9999 -9999 -9999 -9999 -9999 -9999 -9999 -9999 -9999 -9999 -9999
194.133 -9999 -9999 -9999 196.766 190.945 194.404 215.428 -9999 -9999 265.515 -9999 -9999 -9999 -9999 172.346 200.225 205.773 200.173 200.819 202.83 220.249 226.613 222.577 210.238 184.606 165.234 145.373 139.593 144.332 144.792 137.044 142.915 129.273 140.697 153.712 143.002 167.14 178.435 164.346 151.029 133.189 106.198 115.463 111.734 114.207 101.545 86.862 81.273 81.559 77.745 74.364 -9999 -9999 -9999 -9999 -9999 -9999 -9999 -9999 -9999 -9999 -9999 -9999 -9999 -9999 -9999 -9999 -9999 -9999 -9999 -9999 -9999 -9999
-9999 -9999 -9999 -9999 -9999 205.29 213.297 240.512 -9999 249.1 286.512 308.538 -9999 -9999 -9999 -9999 161.222 165.766 169.854 176.351 187.283 198.925 211.573 215.303 211.5 188.046 163.652 148.159 147.629 130.902 126.628 131.099 142.507 142.09 162.317 148.798 166.212 166.755 170.706 172.396 159.995 128.871 119.192 110.535 99.937 96.929 96.106 85.071 80.19 81.445 81.762 80.029 77.876 -9999 -9999 -9999 -9999 -9999 -9999 -9999 -9999 -9999 -9999 -9999 -9999 -9999 -9999 -9999 -9999 -9999 -9999 -9999 -9999 -9999
-9999 -9999 -9999 -9999 -9999 216.745 237.939 262.83 -9999 211.619 279.063 316.27 -9999 -9999 -9999 -9999 -9999 147.525 149.833 155.844 162.086 180.788 189.209 203.051 204.289 212.552 198.606 180.816 150.221 140.253 132.037 136.45 134.646 139.737 157.805 160.458 161.148 165.447 161.586 142.245 129.683 117.43 115.379 101.056 95.6 95.43 85.598 80.893 76.41 79.366 86.638 92.16 83.015 79.968 -9999 -9999 -9999 -9999 -9999 -9999 -9999 -9999 -9999 -9999 -9999 -9999 -9999 -9999 -9999 -9999 -9999 -9999 -9999 -9999
-9999 -9999 -9999 -9999 -9999 219.527 254.951 -9999 -9999 188.365 251.088 291.883 238.187 -9999 -9999 -9999 -9999 -9999 145.676 151.531 166.555 172.62 199.22 212.016 225.284 232.842 219.656 198.943 173.409 168.211 152.496 151.78 158.586 183.19 183.39 218.172 189.969 196.393 166.077 175.178 147.182 120.352 116.574 102.087 90.675 87.781 91.44 94.064 96.497 85.482 91.93 91.455 97.025 85.197 82.076 74.995 -9999 -9999 -9999 -9999 -9999 -9999 -9999 -9999 -9999 -9999 -9999 -9999 -9999 -9999 -9999 -9999 -9999 -9999
-9999 -9999 -9999 -9999 -9999 232.807 209.133 -9999 -9999 199.838 239.837 245.573 -9999 -9999 -9999 -9999 -9999 -9999 136.525 145.765 151.766 164.286 181.052 189.927 207.868 218.307 219.691 217.473 195.373 180.956 185.483 201.327 229.655 214.961 241.0 251.197 237.003 190.73 196.283 184.825 132.404 129.612 115.977 100.6 99.661 100.439 94.95 98.92 102.174 118.708 118.24 102.468 98.702 95.267 87.159 81.133 -9999 -9999 -9999 -9999 -9999 -9999 -9999 -9999 -9999 -9999 -9999 -9999 -9999 -9999 -9999 -9999 -9999 -9999
-9999 -9999 -9999 -9999 -9999 211.054 173.87 -9999 -9999 -9999 194.121 197.155 184.002 -9999 -9999 -9999 -9999 -9999 130.824 142.529 147.631 157.307 166.385 182.361 213.082 239.916 253.557 226.568 213.483 203.314 200.972 210.94 227.249 238.861 281.428 263.27 229.097 220.855 203.226 159.916 153.669 130.197 123.34 113.182 100.785 105.919 112.833 118.376 131.752 160.818 149.329 127.709 109.806 100.225 96.286 88.892 -9999 -9999 -9999 -9999 -9999 -9999 -9999 -9999 -9999 -9999 -9999 -9999 -9999 -9999 -9999 -9999 -9999 -9999
-9999 -9999 -9999 -9999 224.758 206.557 185.393 -9999 -9999 -9999 -9999 -9999 -9999 -9999 -9999 -9999 -9999 -9999 153.68 165.004 165.347 165.451 176.454 191.535 215.614 240.178 257.461 247.172 235.317 244.093 233.733 250.8 266.362 294.368 304.672 288.255 256.774 242.782 208.508 191.251 158.926 145.914 123.503 109.827 115.392 113.514 130.238 142.856 169.847 167.902 167.151 132.478 108.206 99.959 94.772 90.371 74.52 -9999 -9999 -9999 -9999 -9999 -9999 -9999 -9999 -9999 -9999 -9999 -9999 -9999 -9999 -9999 -9999 -9999
-9999 -9999 -9999 221.183 223.014 224.077 193.465 -9999 -9999 -9999 -9999 -9999 -9999 -9999 -9999 -9999 158.023 158.342 171.723 191.384 204.913 214.524 224.703 243.476 233.055 243.413 242.486 257.627 267.328 264.145 289.797 284.253 268.021 267.451 315.872 284.202 286.726 244.807 218.787 187.036 158.647 138.393 138.529 131.473 117.455 125.372 144.185 164.366 152.592 157.9 165.125 133.072 103.492 96.251 102.322 95.078 82.19 -9999 -9999 -9999 -9999 -9999 -9999 -9999 -9999 -9999 -9999 -9999 -9999 -9999 -9999 -9999 -9999 -9999
-9999 -9999 -9999 214.693 200.361 176.066 -9999 -9999 -9999 -9999 -9999 -9999 -9999 -9999 -9999 -9999 161.587 165.558 186.208 215.321 234.404 240.592 285.395 301.133 286.854 276.204 280.896 261.517 260.606 291.528 302.536 280.316 253.955 261.241 280.469 305.727 275.188 260.85 234.222 208.34 175.028 164.543 158.298 144.663 144.075 171.765 185.041 175.979 157.217 153.391 132.978 118.912 115.102 114.499 104.732 98.841 83.178 -9999 -9999 -9999 -9999 -9999 -9999 -9999 -9999 -9999 -9999 -9999 -9999 -9999 -9999 -9999 -9999 -9999
-9999 -9999 -9999 -9999 -9999 -9999 -9999 -9999 -9999 -9999 -9999 -9999 -9999 -9999 -9999 -9999 171.578 182.344 216.501 239.727 259.708 273.467 317.026 335.686 361.761 325.681 282.474 265.041 270.805 289.779 323.475 299.787 254.108 254.31 267.001 285.928 280.421 264.602 254.574 226.438 223.255 216.382 200.246 200.694 211.677 217.026 182.59 169.052 157.747 143.929 141.145 119.308 108.837 107.74 102.231 88.281 84.474 -9999 -9999 -9999 -9999 -9999 -9999 -9999 -9999 -9999 -9999 -9999 -9999 -9999 -9999 -9999 -9999 -9999
-9999 -9999 -9999 -9999 -9999 -9999 -9999 -9999 -9999 -9999 -9999 -9999 -9999 -9999 -9999 178.718 199.621 226.843 248.297 287.307 283.003 294.383 310.766 358.159 345.121 316.157 281.192 260.526 229.73 242.191 259.165 266.42 253.297 227.469 242.563 260.521 263.028 259.306 255.53 261.795 234.718 231.784 224.241 219.873 241.975 203.222 201.126 175.829 140.489 149.231 147.731 137.556 113.928 102.137 91.786 83.542 79.433 -9999 -9999 -9999 -9999 -9999 -9999 -9999 -9999 -9999 -9999 -9999 -9999 -9999 -9999 -9999 -9999 -9999
-9999 -9999 -9999 -9999 -9999 -9999 -9999 -9999 -9999 -9999 -9999 -9999 -9999 -9999 -9999 200.058 231.749 265.916 309.962 318.973 321.869 318.446 346.924 322.802 309.919 287.657 277.6 248.066 208.059 209.351 241.306 253.814 240.724 203.078 212.237 222.123 230.692 246.165 268.897 227.837 249.404 239.735 223.774 252.483 218.911 212.886 195.273 155.351 151.544 143.566 136.182 133.304 121.26 107.225 97.642 85.695 76.161 -9999 -9999 -9999 -9999 -9999 -9999 -9999 -9999 -9999 -9999 -9999 -9999 -9999 -9999 -9999 -9999 -9999
-9999 -9999 -9999 -9999 -9999 -9999 -9999 -9999 -9999 -9999 -9999 -9999 -9999 -9999 189.757 226.086 252.89 297.35 308.002 333.928 366.077 371.031 360.275 310.274 279.773 267.973 267.496 252.139 219.475 215.385 232.385 226.113 189.996 181.084 192.606 211.516 225.883 259.768 233.632 235.005 254.844 232.961 241.807 232.704 205.436 201.39 165.998 163.59 153.657 144.396 135.846 121.727 110.487 101.019 96.698 88.544 78.673 78.184 -9999 -9999 -9999 -9999 -9999 -9999 -9999 -9999 -9999 -9999 -9999 -9999 -9999 -9999 -9999 -9999
