Validation/Results/ReClimate_08_2024_2_Temperatureweatherlogisticsltd.asc
NCOLS 192
NROWS 249
XLLCENTER -225160.85627316462
YLLCENTER 29788.11610251502
CELLSIZE 5000.0
NODATA_VALUE -9999
[rows 136 to 169 of 249, columns 75 to 149 of 192]
-0.859 -9999 -9999 -9999 -9999 -9999 -9999 -9999 -9999 -9999 -0.904 -9999 -0.896 -0.884 -0.891 -0.9 -0.885 -0.866 -0.882 -0.901 -0.892 -0.879 -0.9 -0.926 -0.932 -0.939 -0.94 -0.934 -0.933 -0.932 -9999 -9999 -9999 -9999 -9999 -9999 -0.867 -0.869 -0.863 -0.855 -0.834 -0.8 -0.775 -0.753 -0.731 -0.709 -0.684 -0.659 -0.633 -0.606 -0.592 -0.578 -0.582 -0.591 -0.582 -0.573 -0.557 -0.541 -0.53 -9999 -9999 -9999 -9999 -9999 -9999 -9999 -9999 -9999 -9999 -9999 -9999 -9999 -9999 -9999 -9999
-0.869 -0.875 -9999 -9999 -9999 -9999 -9999 -9999 -9999 -9999 -0.902 -0.905 -0.907 -0.928 -0.928 -0.917 -0.906 -0.895 -0.907 -0.913 -0.901 -0.884 -0.906 -0.934 -0.94 -0.942 -0.941 -0.93 -0.928 -0.925 -9999 -9999 -9999 -9999 -0.871 -0.866 -0.868 -0.869 -0.861 -0.848 -0.823 -0.787 -0.764 -0.741 -0.724 -0.711 -0.69 -0.67 -0.646 -0.62 -0.607 -0.594 -0.581 -0.578 -0.572 -0.566 -0.555 -0.536 -0.53 -9999 -9999 -9999 -9999 -9999 -9999 -9999 -9999 -9999 -9999 -9999 -9999 -9999 -9999 -9999 -9999
-0.874 -0.881 -0.879 -9999 -9999 -9999 -9999 -9999 -9999 -9999 -0.9 -0.903 -0.922 -9999 -9999 -0.921 -0.913 -0.903 -0.909 -9999 -0.901 -0.884 -0.907 -0.934 -0.937 -0.939 -0.934 -0.923 -9999 -9999 -9999 -9999 -9999 -0.88 -0.87 -0.858 -0.858 -0.858 -0.848 -0.834 -0.805 -0.771 -0.749 -0.727 -0.715 -0.703 -0.685 -0.666 -0.643 -0.619 -0.606 -0.592 -0.58 -0.568 -0.562 -0.556 -0.546 -0.534 -0.523 -9999 -9999 -9999 -9999 -9999 -9999 -9999 -9999 -9999 -9999 -9999 -9999 -9999 -9999 -9999 -9999
-0.884 -0.881 -0.882 -9999 -9999 -9999 -9999 -9999 -9999 -9999 -9999 -0.888 -0.897 -9999 -9999 -9999 -0.899 -0.902 -0.908 -0.914 -9999 -9999 -0.927 -0.953 -0.954 -0.957 -0.954 -9999 -9999 -9999 -9999 -9999 -0.91 -0.9 -0.888 -0.866 -0.857 -0.831 -0.819 -0.802 -0.78 -0.772 -0.745 -0.707 -0.692 -0.672 -0.656 -0.64 -0.62 -0.607 -0.608 -0.603 -0.586 -0.572 -0.564 -0.557 -0.541 -0.526 -0.519 -9999 -9999 -9999 -9999 -9999 -9999 -9999 -9999 -9999 -9999 -9999 -9999 -9999 -9999 -9999 -9999
-0.885 -0.885 -9999 -9999 -9999 -9999 -9999 -9999 -9999 -9999 -9999 -9999 -0.868 -9999 -9999 -9999 -9999 -0.9 -0.905 -0.911 -9999 -9999 -9999 -0.95 -0.954 -9999 -9999 -9999 -9999 -9999 -9999 -9999 -0.904 -0.898 -0.879 -0.859 -0.837 -0.811 -0.799 -0.781 -0.77 -0.763 -0.728 -0.691 -0.672 -0.653 -0.639 -0.623 -0.609 -0.596 -0.597 -0.599 -0.584 -0.566 -0.559 -0.551 -0.535 -0.516 -0.51 -9999 -9999 -9999 -9999 -9999 -9999 -9999 -9999 -9999 -9999 -9999 -9999 -9999 -9999 -9999 -9999
-0.895 -9999 -9999 -9999 -9999 -9999 -9999 -9999 -9999 -9999 -9999 -9999 -0.867 -9999 -9999 -9999 -9999 -9999 -0.908 -0.908 -9999 -9999 -9999 -9999 -9999 -9999 -9999 -9999 -9999 -9999 -9999 -9999 -0.891 -0.885 -0.861 -0.826 -0.808 -0.794 -0.792 -0.795 -0.78 -0.756 -0.717 -0.67 -0.648 -0.623 -0.613 -0.613 -0.6 -0.585 -0.582 -0.583 -0.582 -0.573 -0.56 -0.549 -0.537 -0.522 -0.511 -0.496 -9999 -9999 -9999 -9999 -9999 -9999 -9999 -9999 -9999 -9999 -9999 -9999 -9999 -9999 -9999
-9999 -0.908 -0.908 -0.905 -0.899 -9999 -9999 -9999 -9999 -9999 -9999 -9999 -0.865 -9999 -9999 -9999 -9999 -9999 -9999 -9999 -9999 -9999 -9999 -9999 -9999 -9999 -9999 -9999 -9999 -9999 -9999 -0.891 -0.88 -0.869 -0.839 -0.805 -0.793 -0.781 -0.789 -0.791 -0.768 -0.745 -0.701 -0.654 -0.629 -0.605 -0.603 -0.603 -0.589 -0.575 -0.572 -0.571 -0.57 -0.57 -0.557 -0.542 -0.531 -0.518 -0.508 -0.497 -0.477 -9999 -9999 -9999 -9999 -9999 -9999 -9999 -9999 -9999 -9999 -9999 -9999 -9999 -9999
-0.912 -0.909 -0.908 -0.907 -0.906 -9999 -9999 -9999 -9999 -9999 -9999 -9999 -9999 -9999 -9999 -9999 -9999 -9999 -9999 -9999 -9999 -9999 -9999 -9999 -9999 -9999 -9999 -9999 -9999 -9999 -0.91 -0.9 -0.876 -0.828 -0.812 -0.822 -0.807 -0.778 -0.786 -0.787 -0.763 -0.732 -0.693 -0.659 -0.635 -0.611 -0.604 -0.588 -0.58 -0.581 -0.57 -0.541 -0.561 -0.574 -0.557 -0.541 -0.534 -0.524 -0.496 -0.474 -0.473 -9999 -9999 -9999 -9999 -9999 -9999 -9999 -9999 -9999 -9999 -9999 -9999 -9999 -9999
-0.913 -0.91 -0.909 -9999 -0.911 -0.913 -9999 -9999 -9999 -9999 -9999 -9999 -9999 -9999 -9999 -9999 -9999 -9999 -9999 -9999 -9999 -9999 -9999 -9999 -9999 -9999 -9999 -9999 -9999 -9999 -0.885 -0.893 -0.851 -0.803 -0.81 -0.82 -0.795 -0.767 -0.772 -0.774 -0.745 -0.716 -0.685 -0.651 -0.628 -0.606 -0.592 -0.577 -0.576 -0.578 -0.554 -0.526 -0.544 -0.569 -0.553 -0.534 -0.528 -0.52 -0.494 -0.462 -0.46 -0.462 -0.463 -9999 -9999 -9999 -9999 -9999 -9999 -9999 -9999 -9999 -9999 -9999 -9999
-0.904 -0.909 -0.908 -9999 -9999 -0.919 -9999 -9999 -9999 -9999 -9999 -9999 -9999 -9999 -9999 -9999 -9999 -9999 -9999 -9999 -9999 -9999 -9999 -9999 -9999 -9999 -9999 -9999 -9999 -9999 -0.849 -0.853 -0.82 -0.8 -0.807 -0.82 -0.799 -0.778 -0.777 -0.756 -0.732 -0.715 -0.692 -0.673 -0.654 -0.634 -0.615 -0.584 -0.583 -0.58 -0.574 -0.557 -0.547 -0.555 -0.545 -0.53 -0.519 -0.509 -0.495 -0.471 -0.46 -0.456 -0.449 -0.451 -0.445 -0.432 -9999 -9999 -9999 -9999 -9999 -9999 -9999 -9999 -9999
-0.904 -0.909 -0.907 -0.904 -9999 -0.916 -9999 -9999 -9999 -9999 -9999 -9999 -9999 -9999 -9999 -9999 -9999 -9999 -9999 -9999 -9999 -9999 -9999 -9999 -9999 -9999 -9999 -9999 -9999 -0.849 -0.839 -0.828 -0.807 -0.786 -0.794 -0.808 -0.79 -0.771 -0.759 -0.738 -0.721 -0.705 -0.689 -0.674 -0.655 -0.637 -0.61 -0.582 -0.578 -0.575 -0.569 -0.562 -0.553 -0.545 -0.534 -0.522 -0.512 -0.5 -0.486 -0.471 -0.462 -0.452 -0.445 -0.436 -0.426 -0.417 -0.42 -0.398 -9999 -9999 -9999 -9999 -9999 -9999 -9999
-0.92 -0.924 -0.924 -9999 -0.923 -9999 -9999 -9999 -9999 -9999 -9999 -9999 -9999 -9999 -9999 -9999 -9999 -9999 -9999 -9999 -9999 -9999 -9999 -9999 -9999 -9999 -9999 -9999 -9999 -9999 -0.833 -0.825 -0.808 -0.795 -0.785 -0.742 -0.738 -0.759 -0.745 -0.717 -0.702 -0.687 -0.673 -0.659 -0.642 -0.625 -0.604 -0.587 -0.58 -0.564 -0.554 -0.544 -0.549 -0.548 -0.539 -0.529 -0.518 -0.506 -0.498 -0.487 -0.479 -0.47 -0.449 -0.432 -0.425 -0.416 -0.405 -0.403 -0.378 -9999 -9999 -9999 -9999 -9999 -9999
-0.926 -0.928 -0.928 -0.929 -0.913 -9999 -9999 -9999 -9999 -9999 -9999 -9999 -9999 -9999 -9999 -9999 -9999 -9999 -9999 -9999 -9999 -9999 -9999 -9999 -9999 -9999 -9999 -9999 -9999 -9999 -9999 -0.81 -0.798 -0.786 -0.748 -0.706 -0.723 -0.743 -0.725 -0.7 -0.686 -0.671 -0.658 -0.645 -0.63 -0.614 -0.599 -0.583 -0.57 -0.554 -0.544 -0.532 -0.537 -0.544 -0.535 -0.526 -0.516 -0.504 -0.497 -0.489 -0.482 -0.473 -0.453 -0.427 -0.421 -0.413 -0.404 -0.394 -0.378 -0.378 -9999 -9999 -9999 -9999 -9999
-0.94 -0.933 -0.926 -0.905 -9999 -9999 -9999 -9999 -9999 -9999 -9999 -9999 -9999 -9999 -9999 -9999 -9999 -9999 -9999 -9999 -9999 -9999 -9999 -9999 -9999 -9999 -9999 -9999 -9999 -9999 -9999 -0.792 -0.784 -0.79 -0.758 -0.729 -0.737 -0.731 -0.719 -0.708 -0.69 -0.667 -0.653 -0.636 -0.622 -0.606 -0.594 -0.585 -0.573 -0.557 -0.548 -0.538 -0.533 -0.536 -0.524 -0.513 -0.513 -0.509 -0.498 -0.489 -0.48 -0.47 -0.458 -0.439 -0.423 -0.41 -0.408 -0.403 -0.386 -0.367 -0.383 -9999 -9999 -9999 -9999
-0.939 -0.932 -0.914 -0.892 -9999 -9999 -9999 -9999 -9999 -9999 -9999 -9999 -9999 -9999 -9999 -9999 -9999 -9999 -9999 -9999 -9999 -9999 -9999 -9999 -9999 -9999 -9999 -9999 -9999 -9999 -9999 -9999 -0.773 -0.779 -0.753 -0.726 -0.72 -0.715 -0.711 -0.701 -0.679 -0.657 -0.641 -0.625 -0.612 -0.597 -0.589 -0.58 -0.567 -0.553 -0.544 -0.534 -0.531 -0.527 -0.516 -0.503 -0.503 -0.505 -0.496 -0.485 -0.476 -0.465 -0.454 -0.44 -0.425 -0.407 -0.405 -0.404 -0.388 -0.369 -0.372 -9999 -9999 -9999 -9999
-9999 -9999 -9999 -9999 -9999 -9999 -9999 -9999 -9999 -9999 -9999 -9999 -9999 -9999 -9999 -9999 -9999 -9999 -9999 -9999 -9999 -9999 -9999 -9999 -9999 -9999 -9999 -9999 -9999 -9999 -9999 -9999 -0.757 -0.761 -0.741 -0.724 -0.721 -0.721 -0.716 -0.701 -0.681 -0.66 -0.644 -0.621 -0.61 -0.6 -0.59 -0.574 -0.562 -0.549 -0.539 -0.529 -0.523 -0.517 -0.511 -0.502 -0.497 -0.496 -0.49 -0.48 -0.469 -0.457 -0.448 -0.436 -0.432 -0.422 -0.404 -0.392 -0.396 -0.391 -0.386 -0.377 -9999 -9999 -9999
-9999 -9999 -9999 -9999 -9999 -9999 -9999 -9999 -9999 -9999 -9999 -9999 -9999 -9999 -9999 -9999 -9999 -9999 -9999 -9999 -9999 -9999 -9999 -9999 -9999 -9999 -9999 -9999 -9999 -9999 -9999 -9999 -9999 -0.742 -0.728 -0.712 -0.712 -0.713 -0.705 -0.692 -0.673 -0.654 -0.634 -0.612 -0.604 -0.595 -0.581 -0.566 -0.555 -0.542 -0.533 -0.521 -0.515 -0.508 -0.503 -0.498 -0.494 -0.489 -0.483 -0.474 -0.464 -0.451 -0.442 -0.432 -0.428 -0.424 -0.407 -0.386 -0.39 -0.397 -0.393 -0.388 -9999 -9999 -9999
-9999 -9999 -9999 -9999 -9999 -9999 -9999 -9999 -9999 -9999 -9999 -9999 -9999 -9999 -9999 -9999 -9999 -9999 -9999 -9999 -9999 -9999 -9999 -9999 -9999 -9999 -9999 -9999 -9999 -9999 -9999 -9999 -9999 -0.723 -9999 -0.708 -0.703 -0.686 -0.677 -9999 -0.655 -0.651 -0.631 -0.603 -0.594 -0.582 -0.568 -0.55 -0.539 -0.529 -0.523 -0.514 -0.509 -0.504 -0.502 -0.499 -0.501 -0.5 -0.493 -0.485 -0.479 -0.47 -0.456 -0.443 -0.443 -0.441 -0.429 -0.412 -0.405 -0.406 -0.393 -0.382 -0.369 -9999 -9999
-9999 -9999 -9999 -9999 -9999 -9999 -9999 -9999 -9999 -9999 -9999 -9999 -9999 -9999 -9999 -9999 -9999 -9999 -9999 -9999 -9999 -9999 -9999 -9999 -9999 -9999 -9999 -9999 -9999 -9999 -9999 -9999 -9999 -9999 -0.702 -0.696 -9999 -9999 -9999 -9999 -0.645 -0.643 -0.619 -0.593 -0.583 -0.571 -0.556 -0.538 -0.53 -0.519 -0.512 -0.507 -0.503 -0.499 -0.497 -0.495 -0.496 -0.498 -0.491 -0.482 -0.477 -0.47 -0.458 -0.442 -0.442 -0.443 -0.432 -0.418 -0.413 -0.408 -0.395 -0.378 -0.366 -0.349 -0.349
-9999 -9999 -9999 -9999 -9999 -9999 -9999 -9999 -9999 -9999 -9999 -9999 -9999 -9999 -9999 -9999 -9999 -9999 -9999 -9999 -9999 -9999 -9999 -9999 -9999 -9999 -9999 -9999 -9999 -9999 -9999 -9999 -9999 -9999 -0.69 -0.683 -9999 -9999 -9999 -9999 -0.63 -0.62 -0.601 -0.587 -0.577 -0.565 -0.547 -0.52 -0.512 -0.506 -0.51 -0.509 -0.502 -0.496 -0.497 -0.497 -0.49 -0.487 -0.487 -0.483 -0.478 -0.471 -0.471 -0.463 -0.445 -0.435 -0.431 -0.422 -0.412 -0.405 -0.398 -0.385 -0.373 -0.355 -0.349
-9999 -9999 -9999 -9999 -9999 -9999 -9999 -9999 -9999 -9999 -9999 -9999 -9999 -9999 -9999 -9999 -9999 -9999 -9999 -9999 -9999 -9999 -9999 -9999 -9999 -9999 -9999 -9999 -9999 -9999 -9999 -9999 -9999 -9999 -0.679 -9999 -9999 -9999 -9999 -0.617 -0.608 -0.597 -0.585 -0.573 -0.563 -0.551 -0.529 -0.504 -0.499 -0.493 -0.496 -0.503 -0.496 -0.489 -0.489 -0.491 -0.485 -0.477 -0.477 -0.477 -0.472 -0.465 -0.465 -0.463 -0.447 -0.426 -0.422 -0.417 -0.409 -0.399 -0.393 -0.384 -0.373 -0.36 -9999
-9999 -9999 -9999 -9999 -9999 -9999 -9999 -9999 -9999 -9999 -9999 -9999 -9999 -9999 -9999 -9999 -9999 -9999 -9999 -9999 -9999 -9999 -9999 -9999 -9999 -9999 -9999 -9999 -9999 -9999 -9999 -9999 -9999 -9999 -9999 -9999 -9999 -9999 -9999 -0.593 -0.584 -0.567 -0.56 -0.562 -0.552 -0.536 -0.521 -0.51 -0.503 -0.492 -0.493 -0.489 -0.491 -0.49 -0.485 -0.483 -0.478 -0.472 -0.471 -0.471 -0.459 -0.449 -0.438 -0.43 -0.438 -0.432 -0.422 -0.415 -0.412 -0.406 -0.398 -0.389 -0.383 -0.369 -9999
-9999 -9999 -9999 -9999 -9999 -9999 -9999 -9999 -9999 -9999 -9999 -9999 -9999 -9999 -9999 -9999 -9999 -9999 -9999 -9999 -9999 -9999 -9999 -9999 -9999 -9999 -9999 -9999 -9999 -9999 -9999 -9999 -9999 -9999 -9999 -9999 -9999 -9999 -9999 -0.571 -0.561 -0.548 -0.548 -0.552 -0.539 -0.522 -0.513 -0.502 -0.493 -0.483 -0.479 -0.475 -0.477 -0.481 -0.477 -0.473 -0.469 -0.464 -0.463 -0.462 -0.451 -0.437 -0.426 -0.412 -0.419 -0.428 -0.419 -0.409 -0.407 -0.403 -0.395 -0.385 -0.38 -0.371 -9999
-9999 -9999 -9999 -9999 -9999 -9999 -9999 -9999 -9999 -9999 -9999 -9999 -9999 -9999 -9999 -9999 -9999 -9999 -9999 -9999 -9999 -9999 -9999 -9999 -9999 -9999 -9999 -9999 -9999 -9999 -9999 -9999 -9999 -9999 -9999 -9999 -9999 -9999 -0.563 -0.567 -0.561 -0.55 -0.551 -0.551 -0.54 -0.529 -0.521 -0.51 -0.499 -0.477 -0.478 -0.477 -0.477 -0.479 -0.473 -0.468 -0.468 -0.467 -0.461 -0.457 -0.449 -0.438 -0.435 -0.427 -0.423 -0.426 -0.425 -0.42 -0.409 -0.4 -0.388 -0.375 -0.379 -0.368 -0.36
-9999 -9999 -9999 -9999 -9999 -9999 -9999 -9999 -9999 -9999 -9999 -9999 -9999 -9999 -9999 -9999 -9999 -9999 -9999 -9999 -9999 -9999 -9999 -9999 -9999 -9999 -9999 -9999 -9999 -9999 -9999 -9999 -9999 -9999 -9999 -9999 -9999 -9999 -0.562 -0.557 -0.552 -0.542 -0.542 -0.54 -0.532 -0.522 -0.513 -0.504 -0.487 -0.468 -0.469 -0.47 -0.47 -0.471 -0.465 -0.458 -0.459 -0.459 -0.455 -0.449 -0.441 -0.432 -0.429 -0.426 -0.423 -0.42 -0.42 -0.419 -0.408 -0.394 -0.382 -0.366 -0.37 -0.374 -0.362
-9999 -9999 -9999 -9999 -9999 -9999 -9999 -9999 -9999 -9999 -9999 -9999 -9999 -9999 -9999 -9999 -9999 -9999 -9999 -9999 -9999 -9999 -9999 -9999 -9999 -9999 -9999 -9999 -9999 -9999 -9999 -9999 -9999 -9999 -9999 -9999 -9999 -0.579 -0.575 -0.563 -0.561 -0.559 -0.556 -0.54 -0.531 -0.516 -0.511 -0.506 -0.491 -0.471 -0.479 -0.486 -0.474 -0.467 -0.464 -0.459 -0.452 -0.448 -0.442 -0.435 -0.436 -0.431 -0.43 -0.428 -0.423 -0.419 -0.419 -0.418 -0.409 -0.396 -0.381 -0.365 -0.369 -0.373 -0.373
-9999 -9999 -9999 -9999 -9999 -9999 -9999 -9999 -9999 -9999 -9999 -9999 -9999 -9999 -9999 -9999 -9999 -9999 -9999 -9999 -9999 -9999 -9999 -9999 -9999 -9999 -9999 -9999 -9999 -9999 -9999 -9999 -9999 -9999 -9999 -9999 -9999 -0.575 -0.567 -0.555 -0.555 -0.554 -0.544 -0.531 -0.518 -0.505 -0.501 -0.498 -0.483 -0.464 -0.473 -0.483 -0.472 -0.458 -0.455 -0.451 -0.445 -0.437 -0.431 -0.423 -0.424 -0.424 -0.423 -0.422 -0.418 -0.413 -0.413 -0.412 -0.403 -0.39 -0.377 -0.359 -0.362 -0.366 -0.366
-9999 -9999 -9999 -9999 -9999 -9999 -9999 -9999 -9999 -9999 -9999 -9999 -9999 -9999 -9999 -9999 -9999 -9999 -9999 -9999 -9999 -9999 -9999 -9999 -9999 -9999 -9999 -9999 -9999 -9999 -9999 -9999 -9999 -9999 -9999 -9999 -9999 -0.559 -0.553 -0.556 -0.55 -0.53 -0.523 -0.513 -0.499 -0.483 -0.478 -0.47 -0.461 -0.463 -0.458 -0.46 -0.462 -0.454 -0.455 -0.454 -0.447 -0.438 -0.42 -0.405 -0.411 -0.415 -0.416 -0.415 -0.418 -0.418 -0.411 -0.406 -0.4 -0.39 -0.384 -0.371 -0.367 -0.363 -0.353
-9999 -9999 -9999 -9999 -9999 -9999 -9999 -9999 -9999 -9999 -9999 -9999 -9999 -9999 -9999 -9999 -9999 -9999 -9999 -9999 -9999 -9999 -9999 -9999 -9999 -9999 -9999 -9999 -9999 -9999 -9999 -9999 -9999 -9999 -9999 -9999 -9999 -9999 -0.543 -0.545 -0.529 -0.51 -0.505 -0.495 -0.481 -0.465 -0.458 -0.45 -0.452 -0.454 -0.45 -0.444 -0.445 -0.445 -0.447 -0.447 -0.441 -0.431 -0.414 -0.391 -0.397 -0.405 -0.406 -0.407 -0.41 -0.413 -0.407 -0.398 -0.392 -0.383 -0.377 -9999 -0.365 -9999 -0.348
-9999 -9999 -9999 -9999 -9999 -9999 -9999 -9999 -9999 -9999 -9999 -9999 -9999 -9999 -9999 -9999 -9999 -9999 -9999 -9999 -9999 -9999 -9999 -9999 -9999 -9999 -9999 -9999 -9999 -9999 -9999 -9999 -9999 -9999 -9999 -9999 -9999 -0.537 -0.532 -0.525 -0.511 -0.493 -0.487 -0.478 -0.466 -0.452 -0.447 -0.446 -0.447 -0.447 -0.44 -0.428 -0.444 -0.453 -0.444 -0.439 -0.437 -0.431 -0.43 -0.418 -0.413 -0.416 -0.406 -0.4 -0.404 -0.408 -0.394 -0.38 -0.38 -0.376 -0.369 -0.36 -0.359 -0.356 -9999
-9999 -9999 -9999 -9999 -9999 -9999 -9999 -9999 -9999 -9999 -9999 -9999 -9999 -9999 -9999 -9999 -9999 -9999 -9999 -9999 -9999 -9999 -9999 -9999 -9999 -9999 -9999 -9999 -9999 -9999 -9999 -9999 -9999 -9999 -9999 -9999 -9999 -0.525 -0.516 -0.507 -0.494 -0.477 -0.47 -0.461 -0.45 -0.438 -0.437 -0.436 -0.436 -0.436 -0.427 -0.414 -0.429 -0.448 -0.44 -0.429 -0.427 -0.423 -0.422 -0.421 -0.418 -0.413 -0.404 -0.391 -0.395 -0.399 -0.386 -0.367 -0.367 -0.366 -0.359 -0.35 -0.35 -0.349 -0.339
-9999 -9999 -9999 -9999 -9999 -9999 -9999 -9999 -9999 -9999 -9999 -9999 -9999 -9999 -9999 -9999 -9999 -9999 -9999 -9999 -9999 -9999 -9999 -9999 -9999 -9999 -9999 -9999 -9999 -9999 -9999 -9999 -9999 -9999 -9999 -9999 -0.523 -0.537 -0.529 -0.512 -0.498 -0.476 -0.467 -0.45 -0.443 -0.439 -0.436 -0.426 -0.428 -0.43 -0.427 -0.42 -0.424 -0.436 -0.428 -0.417 -0.419 -0.419 -0.421 -0.422 -0.417 -0.412 -0.412 -0.406 -0.4 -0.399 -0.388 -0.372 -0.365 -0.361 -0.355 -0.346 -0.347 -0.348 -0.346
-9999 -9999 -9999 -9999 -9999 -9999 -9999 -9999 -9999 -9999 -9999 -9999 -9999 -9999 -9999 -9999 -9999 -9999 -9999 -9999 -9999 -9999 -9999 -9999 -9999 -9999 -9999 -9999 -9999 -9999 -9999 -9999 -9999 -9999 -9999 -9999 -0.538 -0.534 -0.521 -0.506 -0.489 -0.468 -0.453 -0.436 -0.434 -0.43 -0.423 -0.414 -0.417 -0.42 -0.417 -0.414 -0.418 -0.423 -0.416 -0.405 -0.408 -0.411 -0.414 -0.416 -0.411 -0.404 -0.404 -0.404 -0.398 -0.39 -0.381 -0.367 -0.361 -0.352 -0.346 -0.337 -0.338 -0.339 -0.337
-9999 -9999 -9999 -9999 -9999 -9999 -9999 -9999 -9999 -9999 -9999 -9999 -9999 -9999 -9999 -9999 -9999 -9999 -9999 -9999 -9999 -9999 -9999 -9999 -9999 -9999 -9999 -9999 -9999 -9999 -9999 -9999 -9999 -9999 -9999 -9999 -9999 -0.521 -0.508 -0.492 -0.479 -0.468 -0.454 -0.434 -0.428 -0.414 -0.408 -0.404 -0.41 -0.42 -0.417 -0.412 -0.414 -0.418 -0.422 -0.42 -0.414 -0.413 -0.415 -0.416 -0.414 -0.409 -0.398 -0.39 -0.402 -0.406 -0.388 -0.371 -0.372 -0.369 -0.357 -0.346 -0.347 -0.348 -0.342
