Validation/Results/ReClimate_06_2024_2_Temperature.asc
NCOLS 192
NROWS 249
XLLCENTER -225160.85627316462
YLLCENTER 29788.11610251502
CELLSIZE 5000.0
NODATA_VALUE -9999
[rows 170 to 203 of 249, columns 77 to 153 of 192]
-9999 -9999 -9999 -9999 -9999 -9999 -9999 -9999 -9999 -9999 -9999 -9999 -9999 -9999 -9999 0.194 0.21 -9999 -9999 -9999 -9999 -9999 -9999 -9999 -9999 -9999 -9999 -9999 -9999 -9999 -9999 -9999 -9999 -9999 0.364 0.371 0.377 0.384 0.387 0.389 0.407 0.428 0.417 0.402 0.405 0.407 0.408 0.409 0.413 0.419 0.409 0.397 0.402 0.408 0.4 0.39 0.391 0.395 0.397 0.402 0.4 0.398 0.399 0.401 0.414 0.431 0.427 0.421 0.423 0.426 0.411 0.393 0.403 0.418 0.416 0.415 0.412
-9999 -9999 -9999 -9999 -9999 -9999 -9999 -9999 -9999 -9999 -9999 -9999 -9999 -9999 -9999 0.181 0.197 0.219 -9999 -9999 -9999 -9999 -9999 -9999 -9999 -9999 -9999 -9999 -9999 -9999 -9999 -9999 -9999 0.354 0.367 0.373 0.377 0.377 0.378 0.375 0.39 0.405 0.398 0.398 0.399 0.396 0.398 0.407 0.41 0.41 0.413 0.409 0.394 0.388 0.389 0.384 0.392 0.398 0.405 0.411 0.41 0.41 0.41 0.411 0.418 0.431 0.434 0.433 0.434 0.437 0.431 0.42 0.415 0.421 0.424 0.426 0.423
-9999 -9999 -9999 -9999 -9999 -9999 -9999 -9999 -9999 -9999 -9999 -9999 -9999 -9999 0.181 0.181 0.2 0.221 0.227 -9999 -9999 -9999 -9999 -9999 -9999 -9999 -9999 -9999 -9999 -9999 0.3 -9999 -9999 0.36 0.367 0.375 0.376 0.376 -9999 0.371 0.383 0.397 0.398 0.398 0.397 0.393 0.399 0.407 0.408 0.409 0.412 0.415 0.402 0.384 0.385 0.386 0.393 0.403 0.409 0.419 0.419 0.42 0.42 0.421 0.428 0.437 0.441 0.444 0.446 0.449 0.444 0.439 0.435 0.431 0.434 0.439 0.437
-9999 -9999 -9999 -9999 -9999 -9999 -9999 -9999 -9999 -9999 -9999 -9999 -9999 -9999 0.191 0.2 0.211 0.205 0.215 0.237 0.242 -9999 -9999 -9999 0.274 0.293 -9999 0.292 0.287 0.31 0.323 0.33 -9999 -9999 0.349 0.354 -9999 -9999 0.368 0.404 0.405 0.382 0.387 0.4 0.398 0.392 0.396 0.398 0.421 0.436 0.422 0.416 0.412 0.401 0.405 0.409 0.409 0.416 0.422 0.432 0.43 0.43 0.434 0.437 0.432 0.433 0.434 0.436 0.443 0.449 0.45 0.449 0.451 0.451 0.449 0.45 0.453
-9999 -9999 -9999 -9999 -9999 -9999 -9999 -9999 -9999 -9999 -9999 -9999 -9999 -9999 -9999 0.212 0.209 0.202 0.221 0.241 -9999 -9999 0.259 0.268 0.282 0.299 0.296 0.289 0.305 0.32 0.328 0.336 0.337 -9999 0.344 0.347 0.35 0.353 0.382 0.418 0.4 0.378 0.389 0.402 0.399 0.393 0.394 0.396 0.419 0.447 0.434 0.418 0.414 0.41 0.414 0.42 0.422 0.425 0.432 0.441 0.44 0.439 0.443 0.448 0.443 0.438 0.439 0.44 0.448 0.456 0.458 0.461 0.463 0.468 0.466 0.464 0.467
-9999 -9999 -9999 -9999 -9999 -9999 -9999 -9999 -9999 -9999 -9999 -9999 -9999 -9999 -9999 0.213 0.215 0.229 0.244 0.253 0.255 0.255 0.266 0.28 0.288 0.286 0.287 0.299 0.309 0.311 0.32 0.331 0.335 0.346 0.345 0.334 0.341 0.356 0.377 0.389 0.381 0.39 0.398 0.401 0.396 0.387 0.39 0.399 0.417 0.432 0.427 0.414 0.417 0.417 0.421 0.427 0.424 0.424 0.414 0.412 0.431 0.441 0.442 0.445 0.443 0.439 0.435 0.434 0.451 0.466 0.464 0.465 0.47 0.476 0.477 0.477 0.478
-9999 -9999 -9999 -9999 -9999 -9999 -9999 -9999 -9999 -9999 -9999 -9999 -9999 -9999 -9999 -9999 0.227 0.243 0.252 0.26 0.262 0.262 0.274 0.286 0.284 0.282 0.292 0.303 0.306 0.309 0.32 0.331 0.34 0.35 0.342 0.331 0.344 0.359 0.368 0.379 0.387 0.395 0.398 0.401 0.394 0.385 0.392 0.401 0.412 0.427 0.422 0.415 0.418 0.422 0.425 0.431 0.43 0.427 0.418 0.406 0.424 0.447 0.447 0.449 0.447 0.445 0.442 0.439 0.456 0.477 0.476 0.475 0.48 0.487 0.487 0.488 0.488
-9999 -9999 -9999 -9999 -9999 -9999 -9999 -9999 -9999 -9999 -9999 -9999 -9999 -9999 -9999 -9999 -9999 -9999 0.253 0.259 0.262 0.267 0.28 0.297 0.296 0.298 0.303 0.298 0.304 0.316 0.324 0.329 0.339 0.351 0.345 0.338 0.351 0.367 0.374 0.379 0.387 0.396 0.398 0.396 0.393 0.392 0.399 0.408 0.419 0.429 0.421 0.412 0.417 0.422 0.425 0.431 0.426 0.422 0.418 0.41 0.425 0.445 0.45 0.453 0.451 0.449 0.455 0.457 0.461 0.473 0.476 0.478 0.48 0.485 0.483 0.482 0.486
-9999 -9999 -9999 -9999 -9999 -9999 -9999 -9999 -9999 -9999 -9999 -9999 -9999 -9999 -9999 -9999 -9999 0.249 0.255 0.261 0.266 0.272 0.286 0.302 0.304 0.306 0.302 0.298 0.308 0.32 0.325 0.33 0.341 0.352 0.348 0.342 0.356 0.372 0.375 0.38 0.388 0.397 0.397 0.395 0.396 0.396 0.403 0.411 0.42 0.43 0.422 0.412 0.417 0.424 0.429 0.435 0.431 0.425 0.421 0.417 0.431 0.449 0.454 0.459 0.457 0.455 0.46 0.468 0.472 0.477 0.48 0.485 0.487 0.49 0.488 0.487 0.49
-9999 -9999 -9999 -9999 -9999 -9999 -9999 -9999 -9999 -9999 -9999 -9999 -9999 -9999 -9999 -9999 0.243 0.25 0.261 0.28 0.289 0.302 0.311 0.309 0.311 0.312 0.312 0.318 0.334 0.361 0.363 0.35 0.356 0.35 0.35 0.358 0.368 0.369 0.373 0.381 0.386 0.387 0.39 0.401 0.402 0.403 0.406 0.401 0.403 0.395 0.405 0.405 0.41 0.417 0.425 0.433 0.438 0.438 0.433 0.429 0.434 0.446 0.454 0.461 0.463 0.464 0.461 0.462 0.474 0.482 0.48 0.481 0.492 0.501 0.503 0.506 0.496
-9999 -9999 -9999 -9999 -9999 -9999 -9999 -9999 -9999 -9999 -9999 -9999 -9999 -9999 -9999 0.235 0.243 0.253 0.271 0.29 0.302 0.315 0.315 0.314 0.316 0.316 0.321 0.327 0.35 0.377 0.37 0.359 0.356 0.35 0.357 0.364 0.367 0.369 0.375 0.382 0.383 0.384 0.393 0.403 0.406 0.407 0.403 0.398 0.393 0.386 0.394 0.405 0.411 0.418 0.426 0.436 0.441 0.446 0.443 0.438 0.443 0.45 0.458 0.467 0.469 0.472 0.47 0.467 0.478 0.491 0.489 0.487 0.497 0.511 0.513 0.517 0.513
-9999 -9999 -9999 -9999 -9999 -9999 -9999 -9999 -9999 -9999 -9999 -9999 -9999 0.226 0.232 0.232 0.239 0.242 0.262 0.287 0.3 0.317 0.318 0.317 0.318 0.314 0.328 0.363 0.38 0.387 0.377 0.355 0.354 0.358 0.359 0.349 0.352 0.359 0.366 0.377 0.38 0.386 0.393 0.395 0.394 0.388 0.387 0.394 0.392 0.399 0.399 0.405 0.407 0.411 0.409 0.412 0.426 0.435 0.439 0.438 0.445 0.452 0.461 0.471 0.468 0.468 0.473 0.475 0.481 0.491 0.498 0.5 0.504 0.514 0.517 0.522 -9999
-9999 -9999 -9999 -9999 -9999 -9999 -9999 -9999 -9999 -9999 -9999 -9999 0.23 0.231 0.233 0.235 -9999 -9999 -9999 -9999 0.296 0.32 0.321 0.321 0.319 0.316 0.344 0.377 0.384 0.391 0.375 0.353 0.358 0.362 0.354 0.344 0.35 0.356 0.365 0.376 0.381 0.388 0.391 0.394 0.389 0.382 0.388 0.394 0.399 0.406 0.407 0.408 0.411 0.413 0.411 0.408 0.42 0.435 0.439 0.443 0.449 0.457 0.466 0.477 0.475 0.473 0.478 0.485 0.491 0.498 0.505 0.512 0.517 0.522 0.524 0.526 0.529
-9999 -9999 -9999 -9999 -9999 -9999 -9999 -9999 -9999 -9999 -9999 -9999 0.23 0.232 0.236 -9999 -9999 -9999 -9999 -9999 0.292 0.303 0.306 0.313 0.316 0.328 0.344 0.34 0.346 0.359 0.349 0.35 0.351 0.348 0.343 0.344 0.351 0.363 0.37 0.374 0.379 0.383 0.387 0.394 0.389 0.383 0.386 0.388 0.391 0.393 0.399 0.403 0.405 0.407 0.414 0.417 0.424 0.436 0.437 0.44 0.441 0.445 0.459 0.471 0.478 0.481 0.484 0.49 0.49 0.494 0.514 0.529 0.53 0.533 0.535 0.538 0.53
-9999 -9999 -9999 -9999 -9999 -9999 -9999 -9999 -9999 -9999 -9999 -9999 -9999 -9999 0.238 -9999 -9999 -9999 -9999 -9999 0.271 0.299 0.306 0.312 0.323 0.336 0.334 0.329 0.338 0.349 0.351 0.352 0.349 0.345 0.346 0.347 0.357 0.368 0.371 0.375 0.379 0.383 0.39 0.396 0.391 0.385 0.386 0.388 0.389 0.392 0.398 0.405 0.407 0.409 0.416 0.425 0.431 0.44 0.442 0.444 0.444 0.445 0.459 0.476 0.483 0.493 0.497 0.502 0.503 0.504 0.523 0.546 0.545 0.545 0.546 0.55 0.541
-9999 -9999 -9999 -9999 -9999 -9999 -9999 -9999 -9999 -9999 -9999 -9999 -9999 -9999 -9999 -9999 -9999 -9999 -9999 -9999 0.255 0.266 0.276 0.299 0.317 0.349 0.345 0.334 0.344 0.36 0.359 0.352 0.348 0.341 0.346 0.359 0.366 0.37 0.371 0.368 0.376 0.393 0.399 0.403 0.398 0.39 0.389 0.383 0.383 0.384 0.386 0.39 0.401 0.407 0.414 0.422 0.429 0.438 0.444 0.45 0.453 0.457 0.462 0.474 0.476 0.482 0.491 0.499 0.513 0.522 0.53 0.544 0.547 0.548 0.549 0.551 0.544
-9999 -9999 -9999 -9999 -9999 -9999 -9999 -9999 -9999 -9999 -9999 -9999 -9999 -9999 -9999 -9999 -9999 -9999 -9999 -9999 -9999 0.26 0.279 0.3 0.327 0.359 0.351 0.34 0.352 0.367 0.362 0.355 0.35 0.343 0.354 0.366 0.37 0.374 0.372 0.369 0.384 0.401 0.405 0.409 0.402 0.395 0.39 0.384 0.384 0.385 0.387 0.388 0.398 0.411 0.417 0.424 0.432 0.442 0.45 0.459 0.463 0.468 0.474 0.482 0.486 0.488 0.497 0.509 0.523 0.538 0.546 0.552 0.554 0.557 0.558 0.561 0.553
-9999 -9999 -9999 -9999 -9999 -9999 -9999 -9999 -9999 -9999 -9999 -9999 -9999 -9999 -9999 -9999 -9999 -9999 -9999 -9999 0.29 0.286 0.302 0.314 0.33 0.331 0.33 0.346 0.355 0.36 0.36 0.368 0.36 0.342 0.351 0.361 0.362 0.361 0.363 0.373 0.385 0.396 0.397 0.394 0.39 0.392 0.383 0.366 0.373 0.378 0.382 0.386 0.394 0.404 0.415 0.426 0.432 0.441 0.452 0.463 0.464 0.468 0.485 0.499 0.505 0.51 0.514 0.522 0.52 0.524 0.544 0.556 0.561 0.566 0.561 0.56 0.556
-9999 -9999 -9999 -9999 -9999 -9999 -9999 -9999 -9999 -9999 -9999 -9999 -9999 -9999 -9999 -9999 -9999 -9999 -9999 -9999 0.294 0.301 0.312 0.324 0.324 0.324 0.337 0.352 0.356 0.36 0.368 0.376 0.363 0.345 0.353 0.362 0.361 0.36 0.368 0.378 0.388 0.397 0.395 0.392 0.393 0.394 0.379 0.362 0.369 0.379 0.383 0.389 0.397 0.407 0.418 0.433 0.44 0.448 0.459 0.471 0.473 0.475 0.492 0.513 0.519 0.527 0.532 0.537 0.535 0.529 0.547 0.566 0.571 0.577 0.573 0.568 0.564
-9999 -9999 -9999 -9999 -9999 -9999 -9999 -9999 -9999 -9999 -9999 -9999 -9999 -9999 -9999 -9999 -9999 -9999 -9999 -9999 0.277 0.286 0.296 0.311 0.312 0.318 0.331 0.347 0.348 0.347 0.352 0.361 0.353 0.355 0.358 0.353 0.356 0.366 0.371 0.372 0.379 0.388 0.386 0.384 0.382 0.377 0.369 0.372 0.378 0.387 0.385 0.386 0.398 0.411 0.416 0.427 0.438 0.449 0.461 0.474 0.488 0.497 0.497 0.507 0.514 0.521 0.541 0.554 0.547 0.537 0.558 0.579 0.578 0.582 0.577 0.572 0.572
-9999 -9999 -9999 -9999 -9999 -9999 -9999 -9999 -9999 -9999 -9999 -9999 -9999 -9999 -9999 -9999 -9999 -9999 -9999 -9999 -9999 0.285 0.298 0.311 0.315 0.32 0.334 0.349 0.347 0.345 0.35 0.358 0.36 0.362 0.358 0.354 0.363 0.372 0.373 0.373 0.38 0.387 0.386 0.384 0.38 0.374 0.377 0.381 0.387 0.395 0.392 0.391 0.404 0.42 0.425 0.431 0.443 0.456 0.468 0.482 0.495 0.512 0.513 0.513 0.519 0.526 0.547 0.57 0.564 0.55 0.568 0.591 0.591 0.592 0.587 0.582 0.582
-9999 -9999 -9999 -9999 -9999 -9999 -9999 -9999 -9999 -9999 -9999 -9999 -9999 -9999 -9999 -9999 -9999 -9999 -9999 -9999 -9999 0.275 0.297 0.346 0.345 0.329 0.337 0.338 0.34 0.35 0.357 0.368 0.37 0.372 0.371 0.372 0.376 0.37 0.371 0.376 0.379 0.379 0.38 0.388 0.384 0.381 0.382 0.38 0.383 0.39 0.398 0.402 0.425 0.447 0.445 0.447 0.458 0.472 0.486 0.501 0.508 0.52 0.527 0.53 0.539 0.549 0.561 0.581 0.59 0.585 0.585 0.598 0.597 0.598 0.594 0.59 0.588
-9999 -9999 -9999 -9999 -9999 -9999 -9999 -9999 -9999 -9999 -9999 -9999 -9999 -9999 -9999 -9999 -9999 -9999 -9999 -9999 0.298 0.276 0.316 0.364 0.352 0.337 0.338 0.338 0.346 0.356 0.365 0.376 0.377 0.379 0.381 0.383 0.379 0.373 0.376 0.379 0.379 0.379 0.386 0.394 0.391 0.388 0.386 0.383 0.387 0.395 0.403 0.414 0.435 0.463 0.462 0.459 0.471 0.485 0.498 0.514 0.522 0.53 0.537 0.544 0.554 0.565 0.578 0.593 0.601 0.605 0.605 0.607 0.607 0.608 0.604 0.601 0.598
-9999 -9999 -9999 -9999 -9999 -9999 -9999 -9999 -9999 -9999 -9999 -9999 -9999 -9999 -9999 -9999 -9999 -9999 -9999 -9999 0.291 0.306 0.336 0.354 0.349 0.356 0.358 0.359 0.364 0.361 0.365 0.362 0.367 0.383 0.384 0.383 0.381 0.383 0.384 0.382 0.382 0.38 0.386 0.391 0.39 0.393 0.391 0.389 0.393 0.397 0.418 0.435 0.441 0.458 0.466 0.468 0.483 0.5 0.503 0.512 0.526 0.538 0.543 0.55 0.553 0.561 0.578 0.595 0.606 0.611 0.607 0.606 0.605 0.606 0.61 0.611 0.612
-9999 -9999 -9999 -9999 -9999 -9999 -9999 -9999 -9999 -9999 -9999 -9999 -9999 -9999 -9999 -9999 -9999 -9999 -9999 -9999 0.318 0.321 0.336 0.353 0.359 0.366 0.368 0.37 0.369 0.367 0.364 0.36 0.373 0.389 0.389 0.387 0.389 0.39 0.389 0.387 0.386 0.385 0.389 0.394 0.396 0.399 0.397 0.396 0.401 0.405 0.425 0.45 0.456 0.463 0.47 0.477 0.493 0.512 0.515 0.518 0.532 0.548 0.554 0.559 0.563 0.567 0.583 0.603 0.614 0.621 0.617 0.613 0.612 0.612 0.616 0.621 0.622
-9999 -9999 -9999 -9999 -9999 -9999 -9999 -9999 -9999 -9999 -9999 -9999 -9999 -9999 -9999 -9999 -9999 -9999 -9999 0.32 0.327 0.318 0.331 0.343 0.354 0.378 0.375 0.362 0.359 0.354 0.352 0.353 0.369 0.393 0.393 0.396 0.4 0.405 0.404 0.402 0.402 0.4 0.402 0.395 0.394 0.387 0.388 0.4 0.408 0.425 0.425 0.437 0.449 0.459 0.468 0.476 0.487 0.502 0.516 0.526 0.539 0.555 0.55 0.55 0.565 0.576 0.58 0.591 0.62 0.639 0.632 0.626 0.62 0.616 0.618 0.623 0.613
-9999 -9999 -9999 -9999 -9999 -9999 -9999 -9999 -9999 -9999 -9999 -9999 -9999 -9999 -9999 -9999 -9999 -9999 0.324 0.332 0.328 0.321 0.331 0.343 0.362 0.385 0.374 0.361 0.357 0.352 0.353 0.355 0.375 0.398 0.402 0.404 0.409 0.415 0.413 0.412 0.411 0.411 0.406 0.4 0.394 0.386 0.395 0.407 0.422 0.439 0.439 0.439 0.451 0.465 0.473 0.483 0.493 0.506 0.519 0.535 0.549 0.564 0.56 0.554 0.569 0.586 0.591 0.594 0.62 0.651 0.646 0.638 0.631 0.624 0.625 0.63 0.62
-9999 -9999 -9999 -9999 -9999 -9999 -9999 -9999 -9999 -9999 -9999 -9999 -9999 -9999 -9999 -9999 0.3 0.314 0.328 0.345 0.343 0.345 0.352 0.354 0.37 0.383 0.376 0.374 0.365 0.345 0.349 0.363 0.377 0.385 0.392 0.407 0.412 0.416 0.414 0.414 0.414 0.414 0.409 0.402 0.399 0.401 0.411 0.424 0.435 0.44 0.454 0.463 0.458 0.461 0.484 0.501 0.505 0.513 0.524 0.539 0.548 0.559 0.569 0.571 0.58 0.593 0.61 0.62 0.628 0.648 0.648 0.641 0.634 0.626 0.629 0.633 0.627
-9999 -9999 -9999 -9999 -9999 -9999 -9999 -9999 -9999 -9999 -9999 -9999 -9999 -9999 -9999 0.294 0.303 0.321 0.335 0.352 0.355 0.357 0.36 0.362 0.372 0.385 0.384 0.383 0.366 0.346 0.357 0.371 0.377 0.383 0.396 0.411 0.415 0.419 0.419 0.419 0.419 0.418 0.413 0.407 0.408 0.412 0.423 0.437 0.443 0.449 0.463 0.48 0.476 0.47 0.491 0.517 0.521 0.525 0.536 0.549 0.557 0.567 0.576 0.586 0.594 0.605 0.62 0.636 0.644 0.653 0.653 0.649 0.641 0.633 0.635 0.64 0.634
-9999 -9999 -9999 -9999 -9999 -9999 -9999 -9999 -9999 -9999 -9999 -9999 0.262 0.264 0.277 0.294 0.309 0.336 0.35 0.364 0.367 0.367 0.366 0.358 0.368 0.378 0.377 0.377 0.367 0.364 0.374 0.382 0.385 0.383 0.394 0.405 0.408 0.41 0.414 0.423 0.419 0.409 0.402 0.394 0.398 0.411 0.425 0.451 0.456 0.462 0.465 0.475 0.48 0.478 0.501 0.527 0.534 0.54 0.544 0.553 0.558 0.565 0.583 0.599 0.604 0.611 0.621 0.632 0.637 0.643 0.647 0.644 0.648 0.647 0.645 0.647 0.638
-9999 -9999 -9999 -9999 -9999 -9999 -9999 -9999 -9999 -9999 0.262 0.262 0.266 0.269 0.283 0.298 0.32 0.345 0.358 0.372 0.373 0.374 0.368 0.361 0.369 0.378 0.379 0.379 0.377 0.375 0.382 0.39 0.389 0.387 0.395 0.405 0.408 0.41 0.418 0.427 0.419 0.409 0.402 0.395 0.406 0.418 0.438 0.463 0.468 0.474 0.477 0.48 0.484 0.488 0.511 0.537 0.545 0.553 0.558 0.563 0.568 0.573 0.591 0.612 0.617 0.621 0.628 0.637 0.641 0.646 0.649 0.649 0.652 0.657 0.654 0.652 0.643
-9999 -9999 -9999 -9999 -9999 -9999 0.247 0.269 0.267 0.265 0.271 0.281 0.286 0.292 0.305 0.318 0.339 0.359 0.371 0.384 0.383 0.373 0.374 0.383 0.388 0.383 0.388 0.402 0.394 0.37 0.379 0.397 0.395 0.388 0.393 0.395 0.398 0.405 0.412 0.417 0.413 0.414 0.412 0.417 0.427 0.433 0.451 0.467 0.477 0.485 0.49 0.494 0.495 0.498 0.513 0.536 0.548 0.559 0.564 0.568 0.574 0.579 0.589 0.605 0.612 0.616 0.631 0.644 0.648 0.652 0.661 0.663 0.664 0.668 0.663 0.66 0.653
-9999 -9999 -9999 -9999 -9999 0.241 0.257 0.27 0.277 0.283 0.289 0.293 0.299 0.305 0.317 0.33 0.347 0.367 0.379 0.392 0.386 0.377 0.386 0.396 0.393 0.388 0.399 0.413 0.394 0.371 0.386 0.404 0.399 0.392 0.393 0.394 0.4 0.407 0.411 0.416 0.418 0.421 0.426 0.433 0.439 0.445 0.459 0.475 0.484 0.495 0.5 0.505 0.506 0.507 0.522 0.541 0.553 0.567 0.571 0.576 0.582 0.588 0.598 0.609 0.615 0.62 0.634 0.652 0.654 0.657 0.665 0.671 0.671 0.674 0.669 0.665 0.658
-9999 -9999 -9999 -9999 0.231 0.232 0.249 0.271 0.278 0.287 0.291 0.298 0.305 0.313 0.324 0.334 0.351 0.37 0.38 0.386 0.383 0.384 0.392 0.402 0.398 0.394 0.402 0.408 0.394 0.388 0.399 0.406 0.408 0.422 0.417 0.396 0.4 0.405 0.409 0.416 0.421 0.43 0.439 0.453 0.456 0.453 0.468 0.49 0.498 0.506 0.503 0.503 0.508 0.51 0.526 0.545 0.553 0.565 0.578 0.588 0.604 0.617 0.618 0.622 0.627 0.632 0.638 0.65 0.66 0.668 0.665 0.665 0.656 0.651 0.652 0.65 0.651
