Validation/Results/ReClimate_10_2023_2weatherlogisticsltd.asc
NCOLS 192
NROWS 249
XLLCENTER -225160.85627316462
YLLCENTER 29788.11610251502
CELLSIZE 5000.0
NODATA_VALUE -9999
[rows 132 to 164 of 249, columns 74 to 147 of 192]
-9999 -9999 -9999 -9999 -9999 -9999 -9999 -9999 -9999 -9999 -9999 -9999 -9999 103.651 103.666 103.545 103.432 103.402 103.315 103.171 103.11 103.045 102.984 102.925 102.869 102.815 102.763 102.71 102.776 102.987 103.188 103.369 103.54 103.703 103.862 104.024 104.176 104.482 104.644 104.783 104.977 105.028 105.185 105.614 105.967 106.319 106.664 106.968 107.256 107.531 107.795 108.06 108.306 108.539 108.765 108.981 109.183 109.352 -9999 -9999 -9999 -9999 -9999 -9999 -9999 -9999 -9999 -9999 -9999 -9999 -9999 -9999 -9999 -9999
104.541 -9999 -9999 -9999 -9999 -9999 -9999 -9999 -9999 -9999 -9999 -9999 -9999 103.626 103.194 103.216 103.455 103.35 103.272 103.206 103.147 103.076 103.002 102.943 102.886 102.831 102.779 102.753 102.879 103.101 103.317 103.518 103.704 103.878 104.052 104.288 104.701 104.9 105.174 105.373 105.603 105.677 105.664 105.879 106.229 106.566 106.853 107.114 107.371 107.621 107.859 108.071 108.293 108.505 108.707 108.905 109.101 109.295 -9999 -9999 -9999 -9999 -9999 -9999 -9999 -9999 -9999 -9999 -9999 -9999 -9999 -9999 -9999 -9999
105.1 -9999 -9999 -9999 -9999 -9999 -9999 -9999 -9999 -9999 -9999 -9999 103.481 103.361 103.48 103.571 103.534 103.418 103.299 103.217 103.111 103.05 103.02 102.96 102.902 102.847 102.793 102.798 102.961 103.194 103.42 103.63 103.823 103.974 104.029 104.367 104.652 104.876 105.043 105.232 105.391 105.494 105.78 106.099 106.408 106.687 106.92 107.15 107.379 107.601 107.814 108.025 108.231 108.433 108.631 108.824 109.012 109.197 109.396 -9999 -9999 -9999 -9999 -9999 -9999 -9999 -9999 -9999 -9999 -9999 -9999 -9999 -9999 -9999
105.131 -9999 -9999 -9999 -9999 -9999 -9999 -9999 -9999 -9999 -9999 103.885 -9999 103.926 103.827 103.729 103.568 103.436 103.331 103.226 103.153 103.101 103.037 102.979 102.928 102.86 102.806 102.839 103.037 103.273 103.488 103.715 103.921 104.112 104.428 104.718 105.034 105.219 105.452 105.602 105.737 105.886 105.885 106.168 106.441 106.67 106.893 107.113 107.33 107.545 107.757 107.965 108.17 108.371 108.567 108.756 108.939 109.115 109.289 -9999 -9999 -9999 -9999 -9999 -9999 -9999 -9999 -9999 -9999 -9999 -9999 -9999 -9999 -9999
105.165 105.116 -9999 -9999 -9999 -9999 -9999 -9999 -9999 -9999 -9999 104.261 -9999 104.004 103.837 103.699 103.602 103.478 103.362 103.264 103.189 103.119 103.052 102.996 102.931 102.873 102.818 102.875 103.107 103.366 103.64 -9999 -9999 -9999 -9999 -9999 -9999 105.111 105.197 105.295 105.356 105.46 105.903 106.17 106.403 106.625 106.845 107.062 107.277 107.491 107.702 107.91 108.116 108.317 108.512 108.699 108.878 109.047 109.204 109.339 -9999 -9999 -9999 -9999 -9999 -9999 -9999 -9999 -9999 -9999 -9999 -9999 -9999 -9999
104.717 104.808 105.105 -9999 -9999 -9999 -9999 -9999 -9999 -9999 -9999 104.33 104.235 104.101 104.045 103.893 103.647 103.52 103.396 103.291 103.207 103.135 103.067 103.003 102.942 102.884 102.832 102.922 103.178 103.467 103.721 -9999 -9999 -9999 -9999 104.67 104.948 105.054 105.035 105.122 105.277 105.639 105.902 106.135 106.357 106.577 106.794 107.01 107.224 107.436 107.647 107.857 108.063 108.266 108.463 108.651 108.828 108.99 109.141 109.287 -9999 -9999 -9999 -9999 -9999 -9999 -9999 -9999 -9999 -9999 -9999 -9999 -9999 -9999
104.751 105.017 105.147 105.1 -9999 -9999 -9999 -9999 -9999 -9999 -9999 104.376 104.17 104.094 -9999 -9999 103.692 103.562 103.434 103.32 -9999 103.15 103.081 103.015 102.953 102.893 102.853 102.972 103.244 -9999 -9999 -9999 -9999 -9999 104.606 104.83 105.018 105.038 105.116 105.202 105.312 105.635 105.867 106.088 106.307 106.525 106.741 106.955 107.168 107.38 107.591 107.801 108.01 108.216 108.417 108.61 108.786 108.942 109.082 109.213 -9999 -9999 -9999 -9999 -9999 -9999 -9999 -9999 -9999 -9999 -9999 -9999 -9999 -9999
105.198 105.265 105.191 105.125 -9999 -9999 -9999 -9999 -9999 -9999 -9999 -9999 104.217 104.169 -9999 -9999 -9999 103.605 103.474 103.348 103.242 -9999 -9999 103.027 102.962 102.901 102.871 103.008 -9999 -9999 -9999 -9999 -9999 104.47 104.657 104.671 104.381 104.491 104.644 104.739 105.126 105.594 105.816 106.035 106.252 106.469 106.684 106.897 107.109 107.321 107.531 107.742 107.951 108.161 108.368 108.569 108.751 108.9 109.025 109.143 -9999 -9999 -9999 -9999 -9999 -9999 -9999 -9999 -9999 -9999 -9999 -9999 -9999 -9999
105.06 105.085 105.185 -9999 -9999 -9999 -9999 -9999 -9999 -9999 -9999 -9999 -9999 104.169 -9999 -9999 -9999 -9999 103.514 103.38 103.268 -9999 -9999 -9999 102.963 102.906 -9999 -9999 -9999 -9999 -9999 -9999 -9999 104.529 104.671 104.572 104.7 104.867 105.071 105.039 105.318 105.539 105.757 105.976 106.193 106.409 106.623 106.835 107.046 107.256 107.466 107.675 107.884 108.095 108.306 108.517 108.715 108.854 108.958 109.063 -9999 -9999 -9999 -9999 -9999 -9999 -9999 -9999 -9999 -9999 -9999 -9999 -9999 -9999
104.927 105.031 -9999 -9999 -9999 -9999 -9999 -9999 -9999 -9999 -9999 -9999 -9999 104.229 -9999 -9999 -9999 -9999 -9999 103.416 103.293 -9999 -9999 -9999 -9999 -9999 -9999 -9999 -9999 -9999 -9999 -9999 -9999 104.548 104.645 104.67 104.506 104.752 105.013 105.098 105.261 105.475 105.692 105.912 106.13 106.346 106.559 106.769 106.978 107.186 107.393 107.599 107.806 108.013 108.221 108.426 108.616 108.766 108.868 108.97 109.039 -9999 -9999 -9999 -9999 -9999 -9999 -9999 -9999 -9999 -9999 -9999 -9999 -9999
104.944 -9999 105.016 105.064 105.105 105.166 -9999 -9999 -9999 -9999 -9999 -9999 -9999 104.249 -9999 -9999 -9999 -9999 -9999 -9999 -9999 -9999 -9999 -9999 -9999 -9999 -9999 -9999 -9999 -9999 -9999 -9999 104.426 104.521 104.614 104.582 104.651 104.866 104.937 105.03 105.198 105.406 105.624 105.846 106.061 106.271 106.479 106.685 106.891 107.096 107.299 107.489 107.678 107.865 108.052 108.234 108.403 108.547 108.664 108.775 108.892 109.007 -9999 -9999 -9999 -9999 -9999 -9999 -9999 -9999 -9999 -9999 -9999 -9999
104.694 104.773 104.932 105.012 105.165 105.191 -9999 -9999 -9999 -9999 -9999 -9999 -9999 -9999 -9999 -9999 -9999 -9999 -9999 -9999 -9999 -9999 -9999 -9999 -9999 -9999 -9999 -9999 -9999 -9999 -9999 104.026 104.25 104.377 104.569 104.648 104.72 104.791 104.86 104.959 105.128 105.331 105.542 105.754 105.963 106.168 106.37 106.568 106.752 106.927 107.102 107.275 107.45 107.629 107.807 107.982 108.147 108.29 108.415 108.535 108.658 108.79 -9999 -9999 -9999 -9999 -9999 -9999 -9999 -9999 -9999 -9999 -9999 -9999
104.234 104.395 104.652 104.847 -9999 105.177 105.003 -9999 -9999 -9999 -9999 -9999 -9999 -9999 -9999 -9999 -9999 -9999 -9999 -9999 -9999 -9999 -9999 -9999 -9999 -9999 -9999 -9999 -9999 -9999 -9999 104.087 104.267 104.41 104.491 104.567 104.639 104.701 104.762 104.865 105.045 105.248 105.452 105.655 105.857 106.049 106.218 106.378 106.534 106.693 106.856 107.021 107.186 107.356 107.526 107.693 107.855 108.009 108.153 108.291 108.422 108.547 108.657 108.75 -9999 -9999 -9999 -9999 -9999 -9999 -9999 -9999 -9999 -9999
104.171 104.359 104.567 104.849 -9999 -9999 104.886 -9999 -9999 -9999 -9999 -9999 -9999 -9999 -9999 -9999 -9999 -9999 -9999 -9999 -9999 -9999 -9999 -9999 -9999 -9999 -9999 -9999 -9999 -9999 -9999 104.026 104.227 104.318 104.398 104.466 104.528 104.589 104.651 104.764 104.954 105.159 105.358 105.548 105.714 105.862 106.008 106.156 106.305 106.457 106.612 106.767 106.926 107.087 107.247 107.406 107.561 107.714 107.864 108.015 108.167 108.295 108.401 108.498 108.608 108.743 108.818 -9999 -9999 -9999 -9999 -9999 -9999 -9999
104.169 104.337 104.567 104.851 105.144 -9999 104.944 -9999 -9999 -9999 -9999 -9999 -9999 -9999 -9999 -9999 -9999 -9999 -9999 -9999 -9999 -9999 -9999 -9999 -9999 -9999 -9999 -9999 -9999 -9999 103.552 103.908 104.12 104.204 104.276 104.343 104.408 104.472 104.536 104.656 104.853 105.055 105.233 105.375 105.513 105.652 105.793 105.934 106.078 106.223 106.37 106.52 106.669 106.821 106.974 107.126 107.277 107.427 107.577 107.729 107.871 108.004 108.126 108.243 108.357 108.48 108.613 108.753 108.54 -9999 -9999 -9999 -9999 -9999
103.793 104.224 104.967 105.118 -9999 105.069 -9999 -9999 -9999 -9999 -9999 -9999 -9999 -9999 -9999 -9999 -9999 -9999 -9999 -9999 -9999 -9999 -9999 -9999 -9999 -9999 -9999 -9999 -9999 -9999 -9999 103.75 103.982 104.067 104.144 104.216 104.284 104.35 104.415 104.539 104.731 104.897 105.036 105.172 105.307 105.441 105.577 105.713 105.85 105.989 106.129 106.27 106.414 106.559 106.705 106.852 106.999 107.147 107.296 107.439 107.573 107.701 107.834 107.976 108.12 108.254 108.386 108.526 108.666 108.477 -9999 -9999 -9999 -9999
104.215 104.747 105.082 105.048 105.011 104.974 -9999 -9999 -9999 -9999 -9999 -9999 -9999 -9999 -9999 -9999 -9999 -9999 -9999 -9999 -9999 -9999 -9999 -9999 -9999 -9999 -9999 -9999 -9999 -9999 -9999 -9999 103.817 103.919 104.007 104.082 104.154 104.222 104.289 104.4 104.538 104.686 104.827 104.963 105.096 105.227 105.358 105.489 105.621 105.754 105.888 106.024 106.159 106.298 106.439 106.581 106.725 106.871 107.015 107.154 107.289 107.422 107.561 107.707 107.86 108.021 108.169 108.311 108.453 108.593 108.381 -9999 -9999 -9999
104.866 105.039 105.0 104.961 104.92 -9999 -9999 -9999 -9999 -9999 -9999 -9999 -9999 -9999 -9999 -9999 -9999 -9999 -9999 -9999 -9999 -9999 -9999 -9999 -9999 -9999 -9999 -9999 -9999 -9999 -9999 -9999 103.646 103.755 103.853 103.941 104.017 104.085 104.132 104.181 104.314 104.468 104.611 104.748 104.88 105.008 105.136 105.262 105.389 105.516 105.645 105.774 105.905 106.038 106.174 106.313 106.455 106.604 106.747 106.883 107.02 107.159 107.301 107.449 107.602 107.762 107.929 108.089 108.234 108.375 108.502 108.267 -9999 -9999
105.0 104.959 104.916 104.873 104.823 -9999 -9999 -9999 -9999 -9999 -9999 -9999 -9999 -9999 -9999 -9999 -9999 -9999 -9999 -9999 -9999 -9999 -9999 -9999 -9999 -9999 -9999 -9999 -9999 -9999 -9999 -9999 -9999 103.583 103.688 103.783 103.866 103.915 103.905 103.951 104.081 104.241 104.388 104.526 104.657 104.784 104.909 105.031 105.153 105.276 105.399 105.522 105.648 105.777 105.909 106.053 106.202 106.345 106.486 106.623 106.761 106.902 107.047 107.196 107.349 107.508 107.673 107.843 108.008 108.155 108.284 108.388 -9999 -9999
104.922 -9999 -9999 -9999 -9999 -9999 -9999 -9999 -9999 -9999 -9999 -9999 -9999 -9999 -9999 -9999 -9999 -9999 -9999 -9999 -9999 -9999 -9999 -9999 -9999 -9999 -9999 -9999 -9999 -9999 -9999 -9999 -9999 103.405 103.515 103.614 103.687 103.7 103.674 103.715 103.837 104.004 104.156 104.296 104.428 104.554 104.676 104.796 104.914 105.031 105.15 105.268 105.39 105.519 105.662 105.807 105.951 106.092 106.229 106.368 106.508 106.651 106.797 106.946 107.1 107.258 107.42 107.588 107.761 107.93 108.061 108.165 108.267 -9999
104.842 -9999 -9999 -9999 -9999 -9999 -9999 -9999 -9999 -9999 -9999 -9999 -9999 -9999 -9999 -9999 -9999 -9999 -9999 -9999 -9999 -9999 -9999 -9999 -9999 -9999 -9999 -9999 -9999 -9999 -9999 -9999 -9999 -9999 103.338 103.421 103.437 103.424 103.437 103.472 103.583 103.758 103.915 104.058 104.191 104.317 104.437 104.554 104.669 104.783 104.896 105.011 105.138 105.278 105.42 105.562 105.702 105.839 105.977 106.117 106.259 106.404 106.551 106.701 106.854 107.011 107.172 107.337 107.508 107.682 107.831 107.938 108.039 -9999
104.759 -9999 -9999 -9999 -9999 -9999 -9999 -9999 -9999 -9999 -9999 -9999 -9999 -9999 -9999 -9999 -9999 -9999 -9999 -9999 -9999 -9999 -9999 -9999 -9999 -9999 -9999 -9999 -9999 -9999 -9999 -9999 -9999 -9999 103.088 -9999 103.176 103.193 103.197 103.219 -9999 103.5 103.664 103.811 103.947 104.073 104.192 104.307 104.419 104.529 104.638 104.763 104.899 105.038 105.178 105.315 105.451 105.589 105.729 105.87 106.014 106.16 106.308 106.459 106.612 106.769 106.928 107.092 107.261 107.426 107.582 107.708 107.816 107.924
-9999 -9999 -9999 -9999 -9999 -9999 -9999 -9999 -9999 -9999 -9999 -9999 -9999 -9999 -9999 -9999 -9999 -9999 -9999 -9999 -9999 -9999 -9999 -9999 -9999 -9999 -9999 -9999 -9999 -9999 -9999 -9999 -9999 -9999 -9999 102.936 102.932 -9999 -9999 -9999 -9999 103.23 103.403 103.555 103.694 103.821 103.94 104.054 104.162 104.269 104.382 104.525 104.66 104.797 104.933 105.072 105.214 105.357 105.501 105.646 105.792 105.939 106.087 106.237 106.388 106.542 106.697 106.856 107.02 107.176 107.323 107.468 107.593 107.703
-9999 -9999 -9999 -9999 -9999 -9999 -9999 -9999 -9999 -9999 -9999 -9999 -9999 -9999 -9999 -9999 -9999 -9999 -9999 -9999 -9999 -9999 -9999 -9999 -9999 -9999 -9999 -9999 -9999 -9999 -9999 -9999 -9999 -9999 -9999 102.729 102.685 -9999 -9999 -9999 -9999 102.939 103.12 103.278 103.419 103.549 103.669 103.784 103.894 104.008 104.151 104.292 104.435 104.576 104.716 104.858 105.002 105.147 105.293 105.44 105.588 105.736 105.885 106.035 106.185 106.336 106.49 106.645 106.799 106.945 107.079 107.218 107.364 107.486
-9999 -9999 -9999 -9999 -9999 -9999 -9999 -9999 -9999 -9999 -9999 -9999 -9999 -9999 -9999 -9999 -9999 -9999 -9999 -9999 -9999 -9999 -9999 -9999 -9999 -9999 -9999 -9999 -9999 -9999 -9999 -9999 -9999 -9999 -9999 102.639 -9999 -9999 -9999 -9999 102.532 102.647 102.83 102.992 103.136 103.266 103.387 103.499 103.612 103.76 103.92 104.076 104.229 104.373 104.515 104.657 104.801 104.947 105.095 105.244 105.393 105.542 105.692 105.842 105.992 106.143 106.295 106.449 106.595 106.731 106.862 106.996 107.135 107.27
-9999 -9999 -9999 -9999 -9999 -9999 -9999 -9999 -9999 -9999 -9999 -9999 -9999 -9999 -9999 -9999 -9999 -9999 -9999 -9999 -9999 -9999 -9999 -9999 -9999 -9999 -9999 -9999 -9999 -9999 -9999 -9999 -9999 -9999 -9999 -9999 -9999 -9999 -9999 -9999 102.287 102.375 102.543 102.707 102.853 102.983 103.102 103.222 103.384 103.558 103.719 103.871 104.017 104.164 104.311 104.458 104.605 104.753 104.903 105.053 105.205 105.355 105.506 105.656 105.807 105.957 106.109 106.258 106.398 106.528 106.658 106.79 106.927 107.07
-9999 -9999 -9999 -9999 -9999 -9999 -9999 -9999 -9999 -9999 -9999 -9999 -9999 -9999 -9999 -9999 -9999 -9999 -9999 -9999 -9999 -9999 -9999 -9999 -9999 -9999 -9999 -9999 -9999 -9999 -9999 -9999 -9999 -9999 -9999 -9999 -9999 -9999 -9999 -9999 102.07 102.134 102.26 102.426 102.573 102.709 102.853 103.023 103.208 103.375 103.528 103.672 103.809 103.948 104.093 104.246 104.404 104.562 104.716 104.87 105.023 105.176 105.328 105.479 105.63 105.78 105.932 106.074 106.207 106.336 106.465 106.596 106.73 106.869
-9999 -9999 -9999 -9999 -9999 -9999 -9999 -9999 -9999 -9999 -9999 -9999 -9999 -9999 -9999 -9999 -9999 -9999 -9999 -9999 -9999 -9999 -9999 -9999 -9999 -9999 -9999 -9999 -9999 -9999 -9999 -9999 -9999 -9999 -9999 -9999 -9999 -9999 -9999 101.876 101.882 101.907 101.989 102.155 102.316 102.49 102.662 102.863 103.042 103.202 103.349 103.482 103.612 103.743 103.881 104.032 104.193 104.362 104.533 104.694 104.85 105.004 105.157 105.309 105.461 105.612 105.758 105.896 106.026 106.155 106.283 106.412 106.543 106.68
-9999 -9999 -9999 -9999 -9999 -9999 -9999 -9999 -9999 -9999 -9999 -9999 -9999 -9999 -9999 -9999 -9999 -9999 -9999 -9999 -9999 -9999 -9999 -9999 -9999 -9999 -9999 -9999 -9999 -9999 -9999 -9999 -9999 -9999 -9999 -9999 -9999 -9999 -9999 101.699 101.708 101.711 101.779 101.924 102.122 102.304 102.513 102.711 102.885 103.041 103.181 103.31 103.428 103.547 103.678 103.828 103.993 104.164 104.339 104.515 104.682 104.841 104.995 105.148 105.3 105.449 105.591 105.725 105.855 105.983 106.111 106.238 106.368 106.501
-9999 -9999 -9999 -9999 -9999 -9999 -9999 -9999 -9999 -9999 -9999 -9999 -9999 -9999 -9999 -9999 -9999 -9999 -9999 -9999 -9999 -9999 -9999 -9999 -9999 -9999 -9999 -9999 -9999 -9999 -9999 -9999 -9999 -9999 -9999 -9999 -9999 -9999 101.521 101.539 101.548 101.558 101.622 101.747 101.942 102.147 102.372 102.567 102.739 102.891 103.027 103.148 103.26 103.364 103.485 103.639 103.81 103.983 104.157 104.332 104.509 104.681 104.841 104.995 105.147 105.292 105.431 105.564 105.694 105.822 105.949 106.075 106.202 106.332
-9999 -9999 -9999 -9999 -9999 -9999 -9999 -9999 -9999 -9999 -9999 -9999 -9999 -9999 -9999 -9999 -9999 -9999 -9999 -9999 -9999 -9999 -9999 -9999 -9999 -9999 -9999 -9999 -9999 -9999 -9999 -9999 -9999 -9999 -9999 -9999 -9999 -9999 101.371 101.389 101.408 101.462 101.523 101.626 101.779 102.016 102.237 102.431 102.601 102.752 102.886 103.006 103.115 103.217 103.331 103.48 103.651 103.822 103.993 104.164 104.338 104.514 104.69 104.85 104.999 105.142 105.279 105.412 105.542 105.67 105.796 105.921 106.047 106.174
-9999 -9999 -9999 -9999 -9999 -9999 -9999 -9999 -9999 -9999 -9999 -9999 -9999 -9999 -9999 -9999 -9999 -9999 -9999 -9999 -9999 -9999 -9999 -9999 -9999 -9999 -9999 -9999 -9999 -9999 -9999 -9999 -9999 -9999 -9999 -9999 -9999 -9999 101.229 101.258 101.323 101.396 101.455 101.522 101.659 101.888 102.108 102.302 102.472 102.622 102.757 102.879 102.992 103.102 103.219 103.358 103.516 103.678 103.843 104.01 104.179 104.352 104.528 104.703 104.857 104.998 105.136 105.27 105.401 105.528 105.654 105.778 105.901 106.024
-9999 -9999 -9999 -9999 -9999 -9999 -9999 -9999 -9999 -9999 -9999 -9999 -9999 -9999 -9999 -9999 -9999 -9999 -9999 -9999 -9999 -9999 -9999 -9999 -9999 -9999 -9999 -9999 -9999 -9999 -9999 -9999 -9999 -9999 -9999 -9999 -9999 -9999 -9999 101.209 101.263 101.335 101.393 101.454 101.59 101.764 101.983 102.177 102.348 102.501 102.637 102.763 102.881 102.997 103.118 103.251 103.396 103.549 103.706 103.867 104.032 104.2 104.371 104.544 104.714 104.863 105.002 105.137 105.268 105.396 105.521 105.643 -9999 105.884
