Validation/Results/ReClimate_12_2023_1_Temperature-Actualsweatherlogisticsltd.asc
NCOLS 192
NROWS 249
XLLCENTER -225160.85627316462
YLLCENTER 29788.11610251502
CELLSIZE 5000.0
NODATA_VALUE -9999
[rows 102 to 135 of 249, columns 77 to 153 of 192]
3.4 3.379 5.21 5.962 -9999 -9999 5.025 -9999 -9999 4.741 2.516 2.147 3.539 2.841 1.074 2.546 1.627 1.537 1.667 2.129 3.681 3.009 2.196 1.344 1.764 2.577 2.02 2.288 3.317 4.037 4.392 4.29 3.868 3.266 4.088 4.345 4.463 4.696 4.737 4.917 -9999 -9999 -9999 -9999 -9999 -9999 -9999 -9999 -9999 -9999 -9999 -9999 -9999 -9999 -9999 -9999 -9999 -9999 -9999 -9999 -9999 -9999 -9999 -9999 -9999 -9999 -9999 -9999 -9999 -9999 -9999 -9999 -9999 -9999 -9999 -9999 -9999
3.714 4.918 -9999 -9999 -9999 5.611 4.508 4.715 4.221 3.997 3.021 4.35 3.952 2.643 2.704 3.086 3.098 2.979 2.874 3.018 2.293 2.996 2.224 2.391 2.156 1.871 2.453 3.115 3.831 4.299 4.409 4.203 3.673 4.269 4.757 -9999 -9999 5.029 -9999 -9999 -9999 -9999 -9999 -9999 -9999 -9999 -9999 -9999 -9999 -9999 -9999 -9999 -9999 -9999 -9999 -9999 -9999 -9999 -9999 -9999 -9999 -9999 -9999 -9999 -9999 -9999 -9999 -9999 -9999 -9999 -9999 -9999 -9999 -9999 -9999 -9999 -9999
-9999 5.183 -9999 -9999 -9999 5.324 4.342 4.048 3.932 4.166 4.528 3.688 2.65 2.567 3.127 3.488 3.063 2.591 3.092 2.719 3.823 3.031 2.751 3.385 3.749 3.965 3.835 4.181 4.398 4.38 4.49 4.511 4.465 4.849 -9999 4.728 4.854 4.893 4.954 -9999 -9999 -9999 -9999 -9999 -9999 -9999 -9999 -9999 -9999 -9999 -9999 -9999 -9999 -9999 -9999 -9999 -9999 -9999 -9999 -9999 -9999 -9999 -9999 -9999 -9999 -9999 -9999 -9999 -9999 -9999 -9999 -9999 -9999 -9999 -9999 -9999 -9999
-9999 -9999 -9999 5.793 5.347 4.472 4.259 3.804 4.098 3.833 2.944 2.443 2.377 3.34 3.307 3.848 2.615 3.535 2.29 3.618 2.634 1.835 3.416 4.007 3.819 4.066 4.452 4.427 4.629 4.698 4.728 4.808 -9999 4.854 4.76 4.806 4.724 4.898 4.934 -9999 -9999 -9999 -9999 -9999 -9999 -9999 -9999 -9999 -9999 -9999 -9999 -9999 -9999 -9999 -9999 -9999 -9999 -9999 -9999 -9999 -9999 -9999 -9999 -9999 -9999 -9999 -9999 -9999 -9999 -9999 -9999 -9999 -9999 -9999 -9999 -9999 -9999
-9999 -9999 -9999 5.635 5.742 5.095 4.052 4.082 4.375 3.338 3.999 3.809 3.383 2.727 4.065 4.161 3.277 2.522 3.116 3.099 1.997 2.805 2.78 2.585 3.475 3.955 4.115 4.379 4.344 4.109 4.074 4.01 4.272 4.773 4.935 4.624 4.381 4.595 4.706 5.098 -9999 -9999 -9999 -9999 -9999 -9999 -9999 -9999 -9999 -9999 -9999 -9999 -9999 -9999 -9999 -9999 -9999 -9999 -9999 -9999 -9999 -9999 -9999 -9999 -9999 -9999 -9999 -9999 -9999 -9999 -9999 -9999 -9999 -9999 -9999 -9999 -9999
-9999 -9999 5.799 -9999 -9999 4.933 4.136 4.641 3.79 4.135 -9999 -9999 3.132 3.033 3.848 4.263 3.309 3.363 3.503 3.135 3.251 3.684 3.303 3.597 3.937 4.239 3.906 3.368 2.914 3.148 3.353 3.828 4.239 4.418 4.758 4.276 4.335 4.341 4.664 5.097 5.402 -9999 -9999 -9999 -9999 -9999 -9999 -9999 -9999 -9999 -9999 -9999 -9999 -9999 -9999 -9999 -9999 -9999 -9999 -9999 -9999 -9999 -9999 -9999 -9999 -9999 -9999 -9999 -9999 -9999 -9999 -9999 -9999 -9999 -9999 -9999 -9999
-9999 -9999 5.859 -9999 5.565 4.919 4.882 3.884 3.945 5.031 5.116 3.676 3.069 3.872 5.481 3.791 2.639 4.231 4.063 3.619 3.984 4.216 4.298 4.498 4.396 3.45 2.569 2.572 3.075 3.464 3.954 4.165 4.146 4.425 4.546 4.651 4.991 5.284 5.451 5.674 -9999 -9999 -9999 -9999 -9999 -9999 -9999 -9999 -9999 -9999 -9999 -9999 -9999 -9999 -9999 -9999 -9999 -9999 -9999 -9999 -9999 -9999 -9999 -9999 -9999 -9999 -9999 -9999 -9999 -9999 -9999 -9999 -9999 -9999 -9999 -9999 -9999
-9999 -9999 5.918 -9999 5.543 5.518 4.815 4.583 5.087 -9999 3.807 4.103 -9999 4.161 4.182 3.853 4.584 3.458 4.291 4.542 4.838 4.887 5.026 5.05 4.61 3.746 4.174 4.402 4.37 4.163 4.016 4.241 4.325 4.736 4.973 5.291 -9999 -9999 -9999 -9999 -9999 -9999 -9999 -9999 -9999 -9999 -9999 -9999 -9999 -9999 -9999 -9999 -9999 -9999 -9999 -9999 -9999 -9999 -9999 -9999 -9999 -9999 -9999 -9999 -9999 -9999 -9999 -9999 -9999 -9999 -9999 -9999 -9999 -9999 -9999 -9999 -9999
5.956 5.882 -9999 -9999 5.893 5.445 5.012 5.325 5.228 3.617 3.926 3.137 -9999 4.863 4.091 4.536 4.582 4.434 4.423 4.767 4.635 4.458 4.319 4.432 4.802 5.21 5.163 5.0 4.642 4.268 4.195 4.379 4.579 4.821 5.259 -9999 -9999 -9999 -9999 -9999 -9999 -9999 -9999 -9999 -9999 -9999 -9999 -9999 -9999 -9999 -9999 -9999 -9999 -9999 -9999 -9999 -9999 -9999 -9999 -9999 -9999 -9999 -9999 -9999 -9999 -9999 -9999 -9999 -9999 -9999 -9999 -9999 -9999 -9999 -9999 -9999 -9999
6.078 6.034 -9999 6.094 4.892 4.828 5.529 -9999 4.132 4.217 3.239 3.385 -9999 4.59 3.779 4.648 5.37 5.169 5.189 4.862 4.49 4.078 3.507 3.894 4.741 5.154 -9999 5.299 5.005 4.834 4.792 4.766 4.636 5.01 -9999 -9999 -9999 -9999 -9999 -9999 -9999 -9999 -9999 -9999 -9999 -9999 -9999 -9999 -9999 -9999 -9999 -9999 -9999 -9999 -9999 -9999 -9999 -9999 -9999 -9999 -9999 -9999 -9999 -9999 -9999 -9999 -9999 -9999 -9999 -9999 -9999 -9999 -9999 -9999 -9999 -9999 -9999
6.336 -9999 -9999 5.63 4.487 5.311 -9999 5.004 4.537 4.157 3.67 4.32 -9999 5.307 5.024 5.255 5.406 5.227 4.975 4.607 3.16 2.975 3.148 3.69 4.609 5.293 5.492 5.592 -9999 -9999 5.324 5.22 -9999 -9999 -9999 -9999 -9999 -9999 5.687 5.756 5.88 -9999 -9999 -9999 -9999 -9999 -9999 -9999 -9999 -9999 -9999 -9999 -9999 -9999 -9999 -9999 -9999 -9999 -9999 -9999 -9999 -9999 -9999 -9999 -9999 -9999 -9999 -9999 -9999 -9999 -9999 -9999 -9999 -9999 -9999 -9999 -9999
-9999 -9999 5.488 5.034 5.641 5.212 -9999 5.125 4.401 4.782 4.865 4.126 -9999 -9999 -9999 5.561 5.098 4.491 4.362 4.159 4.121 4.333 4.262 4.467 4.6 4.774 5.05 5.36 5.452 5.252 5.123 5.373 -9999 -9999 -9999 -9999 -9999 5.458 5.589 5.508 5.709 5.785 -9999 -9999 -9999 -9999 -9999 -9999 -9999 -9999 -9999 -9999 -9999 -9999 -9999 -9999 -9999 -9999 -9999 -9999 -9999 -9999 -9999 -9999 -9999 -9999 -9999 -9999 -9999 -9999 -9999 -9999 -9999 -9999 -9999 -9999 -9999
-9999 -9999 -9999 6.067 4.948 5.42 -9999 5.131 -9999 5.301 4.471 5.344 -9999 5.74 5.079 4.879 -9999 4.887 5.117 5.028 5.075 4.868 4.801 4.556 4.375 4.373 4.63 4.855 4.6 4.599 5.022 5.255 5.387 5.439 5.592 -9999 5.51 5.361 5.284 5.344 5.03 4.805 4.869 5.759 -9999 -9999 -9999 -9999 -9999 -9999 -9999 -9999 -9999 -9999 -9999 -9999 -9999 -9999 -9999 -9999 -9999 -9999 -9999 -9999 -9999 -9999 -9999 -9999 -9999 -9999 -9999 -9999 -9999 -9999 -9999 -9999 -9999
-9999 -9999 -9999 5.276 4.515 5.542 -9999 6.017 -9999 5.575 5.829 -9999 5.685 4.772 4.254 4.815 5.209 5.37 5.343 5.498 5.344 4.88 4.828 4.558 4.182 4.131 4.263 4.473 4.572 4.621 4.809 4.852 4.835 4.828 5.266 5.358 5.015 4.988 4.92 4.775 4.25 4.004 3.911 4.371 5.28 5.578 5.432 -9999 -9999 -9999 -9999 -9999 -9999 -9999 -9999 -9999 -9999 -9999 -9999 -9999 -9999 -9999 -9999 -9999 -9999 -9999 -9999 -9999 -9999 -9999 -9999 -9999 -9999 -9999 -9999 -9999 -9999
-9999 -9999 -9999 5.261 5.528 5.362 5.402 -9999 -9999 6.388 6.226 -9999 5.731 4.367 3.908 4.615 4.954 5.346 5.508 5.489 5.337 5.401 5.119 4.753 4.384 3.922 3.997 4.284 4.458 4.349 4.116 3.972 3.817 4.448 5.075 4.944 4.677 4.531 4.206 3.348 3.24 3.581 3.608 4.023 4.195 4.923 5.412 5.367 -9999 -9999 -9999 -9999 -9999 -9999 -9999 -9999 -9999 -9999 -9999 -9999 -9999 -9999 -9999 -9999 -9999 -9999 -9999 -9999 -9999 -9999 -9999 -9999 -9999 -9999 -9999 -9999 -9999
-9999 -9999 -9999 5.801 5.588 5.073 6.194 -9999 -9999 6.569 6.607 -9999 -9999 4.411 4.254 4.833 4.743 4.652 4.939 5.071 5.156 4.868 5.114 5.087 4.589 4.203 3.902 3.862 3.707 3.704 3.353 3.331 3.827 4.228 4.366 4.314 4.092 3.775 3.263 3.16 3.145 3.468 3.723 4.057 4.601 4.814 4.834 5.213 -9999 -9999 -9999 -9999 -9999 -9999 -9999 -9999 -9999 -9999 -9999 -9999 -9999 -9999 -9999 -9999 -9999 -9999 -9999 -9999 -9999 -9999 -9999 -9999 -9999 -9999 -9999 -9999 -9999
-9999 -9999 -9999 6.088 5.378 5.616 -9999 -9999 -9999 -9999 6.779 -9999 5.92 4.662 4.979 5.078 4.516 4.302 4.275 4.61 4.596 4.619 4.695 4.855 4.801 4.116 3.694 3.627 3.673 3.427 3.266 3.64 3.85 3.797 3.749 3.323 3.399 3.563 3.681 3.592 3.475 3.699 3.948 4.348 4.777 4.823 4.928 5.273 5.348 -9999 -9999 -9999 -9999 -9999 -9999 -9999 -9999 -9999 -9999 -9999 -9999 -9999 -9999 -9999 -9999 -9999 -9999 -9999 -9999 -9999 -9999 -9999 -9999 -9999 -9999 -9999 -9999
-9999 5.725 5.633 5.393 5.623 -9999 -9999 5.347 -9999 -9999 -9999 -9999 6.105 5.443 5.422 5.156 4.799 4.381 4.151 4.098 3.955 3.941 4.243 4.472 4.523 4.416 3.795 3.732 3.652 3.721 4.006 3.964 3.545 3.546 2.76 2.473 2.983 3.432 3.708 3.947 3.909 4.1 4.145 4.46 4.873 4.985 5.075 5.193 5.304 -9999 -9999 -9999 -9999 -9999 -9999 -9999 -9999 -9999 -9999 -9999 -9999 -9999 -9999 -9999 -9999 -9999 -9999 -9999 -9999 -9999 -9999 -9999 -9999 -9999 -9999 -9999 -9999
-9999 -9999 5.259 5.281 5.871 -9999 5.305 4.631 5.321 -9999 -9999 -9999 -9999 6.195 5.862 5.652 5.288 4.892 4.531 4.092 3.941 4.063 4.245 4.31 4.431 4.073 4.109 3.928 3.815 3.803 3.893 3.528 4.014 3.507 3.339 3.195 2.847 3.148 3.86 4.071 4.357 4.458 4.485 4.728 4.967 5.059 5.087 4.958 5.023 5.306 -9999 -9999 -9999 -9999 -9999 -9999 -9999 -9999 -9999 -9999 -9999 -9999 -9999 -9999 -9999 -9999 -9999 -9999 -9999 -9999 -9999 -9999 -9999 -9999 -9999 -9999 -9999
-9999 -9999 5.622 5.359 5.613 -9999 5.661 4.661 5.507 -9999 -9999 -9999 -9999 -9999 6.165 5.942 5.67 5.478 5.092 4.759 4.458 4.035 3.65 3.76 4.001 4.236 4.283 4.033 3.897 4.008 3.846 3.898 4.103 3.824 3.71 3.728 4.072 4.135 4.367 4.413 4.626 4.535 4.714 5.008 5.101 5.186 5.114 4.988 4.734 5.033 5.441 -9999 -9999 -9999 -9999 -9999 -9999 -9999 -9999 -9999 -9999 -9999 -9999 -9999 -9999 -9999 -9999 -9999 -9999 -9999 -9999 -9999 -9999 -9999 -9999 -9999 -9999
-9999 -9999 5.532 5.163 -9999 -9999 6.112 5.19 5.021 5.982 -9999 -9999 -9999 -9999 -9999 6.06 5.594 5.223 5.065 4.482 3.913 3.59 3.277 3.348 3.666 4.052 3.862 4.007 3.962 3.765 3.722 4.004 2.803 3.435 3.275 3.893 3.497 3.983 4.527 4.428 4.602 4.854 4.99 4.851 4.692 4.753 4.948 4.858 5.138 4.785 5.196 5.582 6.05 -9999 -9999 -9999 -9999 -9999 -9999 -9999 -9999 -9999 -9999 -9999 -9999 -9999 -9999 -9999 -9999 -9999 -9999 -9999 -9999 -9999 -9999 -9999 -9999
-9999 -9999 5.354 6.023 -9999 -9999 5.717 4.745 4.951 -9999 -9999 -9999 -9999 -9999 -9999 6.063 5.525 5.199 4.921 4.421 4.153 4.043 3.742 3.622 3.556 3.648 3.685 3.704 3.083 2.65 3.473 2.661 2.201 2.512 3.472 3.371 3.851 4.519 4.251 4.381 4.646 4.658 4.713 4.765 4.68 4.744 4.373 4.314 4.991 4.959 4.804 5.334 5.816 -9999 -9999 -9999 -9999 -9999 -9999 -9999 -9999 -9999 -9999 -9999 -9999 -9999 -9999 -9999 -9999 -9999 -9999 -9999 -9999 -9999 -9999 -9999 -9999
-9999 -9999 5.801 6.618 -9999 -9999 -9999 5.925 5.726 5.96 -9999 -9999 -9999 -9999 -9999 6.067 5.581 5.251 5.002 4.688 4.514 3.946 3.273 3.017 3.417 3.4 3.751 3.575 3.175 3.075 3.478 2.248 2.678 3.228 3.006 3.391 4.2 4.013 4.312 4.316 4.462 4.744 4.628 4.478 4.547 4.279 3.286 3.65 4.286 4.959 4.842 5.0 5.537 -9999 -9999 -9999 -9999 -9999 -9999 -9999 -9999 -9999 -9999 -9999 -9999 -9999 -9999 -9999 -9999 -9999 -9999 -9999 -9999 -9999 -9999 -9999 -9999
-9999 5.473 5.799 6.537 -9999 -9999 -9999 -9999 -9999 -9999 -9999 -9999 -9999 -9999 -9999 5.709 5.241 5.044 4.822 4.591 4.381 3.721 3.329 3.248 3.467 3.587 3.272 3.376 2.798 2.977 2.445 2.125 2.666 3.28 3.072 3.431 3.611 4.049 4.084 4.39 4.371 4.315 4.505 4.303 4.225 3.362 3.223 3.171 4.259 5.036 5.111 5.065 5.39 6.23 -9999 -9999 -9999 -9999 -9999 -9999 -9999 -9999 -9999 -9999 -9999 -9999 -9999 -9999 -9999 -9999 -9999 -9999 -9999 -9999 -9999 -9999 -9999
5.52 5.522 5.562 6.661 -9999 -9999 -9999 -9999 -9999 -9999 -9999 -9999 -9999 6.127 5.872 5.424 4.898 4.432 4.14 4.262 4.248 4.1 3.889 4.165 3.741 3.017 3.09 3.134 3.171 3.472 3.036 2.262 3.421 3.324 3.336 3.47 3.818 4.123 4.423 3.963 4.031 4.281 4.258 4.075 3.502 3.372 3.354 3.491 4.185 5.094 5.224 5.088 5.391 5.944 -9999 -9999 -9999 -9999 -9999 -9999 -9999 -9999 -9999 -9999 -9999 -9999 -9999 -9999 -9999 -9999 -9999 -9999 -9999 -9999 -9999 -9999 -9999
5.519 5.957 6.685 -9999 -9999 -9999 -9999 -9999 -9999 -9999 -9999 -9999 -9999 6.046 5.813 5.246 4.506 4.092 4.133 3.626 3.317 3.37 3.347 3.647 3.728 3.823 3.633 3.221 3.517 3.906 3.581 3.298 2.783 3.231 3.106 3.671 3.976 4.484 4.122 3.947 4.065 4.048 3.737 3.265 3.064 3.453 3.784 4.119 4.61 4.61 4.57 4.848 5.288 5.843 -9999 -9999 -9999 -9999 -9999 -9999 -9999 -9999 -9999 -9999 -9999 -9999 -9999 -9999 -9999 -9999 -9999 -9999 -9999 -9999 -9999 -9999 -9999
-9999 -9999 -9999 -9999 -9999 -9999 -9999 -9999 -9999 -9999 -9999 -9999 -9999 5.909 5.5 4.56 4.329 4.107 3.896 3.173 3.115 2.615 2.992 3.366 3.763 3.937 3.592 2.52 3.013 4.088 4.115 3.064 3.043 3.305 3.417 3.412 4.028 3.663 3.49 3.703 3.393 3.178 2.913 3.602 3.739 3.803 3.911 4.125 4.808 4.92 4.717 4.837 5.412 5.94 -9999 -9999 -9999 -9999 -9999 -9999 -9999 -9999 -9999 -9999 -9999 -9999 -9999 -9999 -9999 -9999 -9999 -9999 -9999 -9999 -9999 -9999 -9999
-9999 -9999 -9999 -9999 -9999 -9999 -9999 -9999 -9999 -9999 -9999 -9999 5.857 5.215 4.383 4.274 3.844 3.99 3.912 3.8 2.944 2.969 2.936 3.323 3.668 4.5 4.044 3.5 3.671 4.094 4.251 3.902 3.716 3.622 3.492 3.529 3.175 3.771 3.947 3.694 3.419 2.553 3.309 3.271 3.68 4.089 3.97 4.154 4.128 4.734 5.0 5.186 5.54 5.968 -9999 -9999 -9999 -9999 -9999 -9999 -9999 -9999 -9999 -9999 -9999 -9999 -9999 -9999 -9999 -9999 -9999 -9999 -9999 -9999 -9999 -9999 -9999
-9999 -9999 -9999 -9999 -9999 -9999 -9999 -9999 -9999 -9999 -9999 -9999 5.322 4.765 4.262 3.422 3.623 4.054 4.012 3.364 3.858 3.444 3.374 3.769 4.272 5.093 4.866 4.308 4.013 4.089 4.733 4.434 4.236 4.125 4.025 3.367 4.148 3.686 3.972 3.913 2.743 3.692 3.351 3.52 3.916 3.856 4.294 4.253 3.991 4.419 4.895 5.173 5.575 5.998 -9999 -9999 -9999 -9999 -9999 -9999 -9999 -9999 -9999 -9999 -9999 -9999 -9999 -9999 -9999 -9999 -9999 -9999 -9999 -9999 -9999 -9999 -9999
-9999 -9999 -9999 -9999 -9999 -9999 -9999 -9999 -9999 -9999 -9999 5.639 4.888 4.735 3.808 3.97 3.701 2.996 3.441 3.892 4.101 3.765 4.008 4.234 4.371 4.693 4.712 4.424 4.418 5.094 5.077 4.714 4.247 4.169 3.555 4.371 4.112 3.728 4.316 3.401 3.28 3.853 4.086 4.269 3.886 3.971 4.166 4.046 4.358 4.657 5.026 5.304 5.602 5.95 6.309 -9999 -9999 -9999 -9999 -9999 -9999 -9999 -9999 -9999 -9999 -9999 -9999 -9999 -9999 -9999 -9999 -9999 -9999 -9999 -9999 -9999 -9999
-9999 -9999 -9999 -9999 -9999 -9999 -9999 -9999 -9999 -9999 5.669 5.243 4.868 4.723 4.532 4.332 3.739 3.789 3.694 3.43 4.466 4.485 4.426 4.28 4.334 4.565 4.824 5.16 5.323 5.088 5.28 4.939 4.513 4.203 4.424 4.689 4.402 4.374 4.538 3.612 3.363 3.672 3.839 3.972 4.061 4.356 4.366 4.198 4.604 4.804 5.007 5.245 5.596 5.913 6.307 -9999 -9999 -9999 -9999 -9999 -9999 -9999 -9999 -9999 -9999 -9999 -9999 -9999 -9999 -9999 -9999 -9999 -9999 -9999 -9999 -9999 -9999
-9999 -9999 -9999 -9999 -9999 -9999 -9999 -9999 -9999 -9999 5.512 4.22 4.667 4.738 4.75 4.847 4.29 3.284 3.45 4.399 4.654 4.864 4.721 4.565 4.43 4.308 5.275 5.606 5.469 5.472 5.107 5.083 4.661 4.744 4.732 4.94 4.713 4.73 4.333 4.081 3.747 3.652 3.839 3.919 4.395 4.715 4.609 4.588 4.597 4.747 5.06 5.413 5.544 5.786 6.165 -9999 -9999 -9999 -9999 -9999 -9999 -9999 -9999 -9999 -9999 -9999 -9999 -9999 -9999 -9999 -9999 -9999 -9999 -9999 -9999 -9999 -9999
-9999 -9999 -9999 -9999 -9999 -9999 -9999 -9999 -9999 5.851 4.591 4.587 4.576 4.67 4.931 5.06 4.343 3.927 4.255 4.334 4.749 4.905 4.986 4.669 4.386 4.988 5.223 5.504 5.918 5.511 5.425 5.21 5.198 5.075 5.12 5.239 5.15 4.735 4.857 4.442 3.822 3.973 3.971 4.128 4.254 4.674 4.82 5.134 4.875 4.87 5.127 5.481 5.7 5.753 5.995 6.52 -9999 -9999 -9999 -9999 -9999 -9999 -9999 -9999 -9999 -9999 -9999 -9999 -9999 -9999 -9999 -9999 -9999 -9999 -9999 -9999 -9999
-9999 -9999 -9999 -9999 -9999 -9999 -9999 -9999 6.053 -9999 5.213 4.699 4.641 4.732 5.095 5.43 5.086 5.054 4.602 4.129 4.622 5.052 5.158 5.119 5.137 5.221 5.29 5.549 5.763 5.607 5.778 5.694 5.554 5.438 5.533 5.631 5.55 5.38 5.103 4.729 4.672 4.384 4.321 4.341 4.619 4.965 5.472 5.041 4.791 5.065 5.277 5.484 5.702 5.867 6.003 6.322 -9999 -9999 -9999 -9999 -9999 -9999 -9999 -9999 -9999 -9999 -9999 -9999 -9999 -9999 -9999 -9999 -9999 -9999 -9999 -9999 -9999
