Validation/Results/ReClimate_07_2024_2_Precipitation-Actualsweatherlogisticsltd.asc
NCOLS 192
NROWS 249
XLLCENTER -225160.85627316462
YLLCENTER 29788.11610251502
CELLSIZE 5000.0
NODATA_VALUE -9999
[rows 66 to 98 of 249, columns 74 to 147 of 192]
-9999 -9999 -9999 -9999 -9999 -9999 -9999 -9999 -9999 -9999 -9999 122.438 -9999 138.407 166.731 188.372 179.739 195.612 168.619 156.044 129.758 112.188 89.152 94.06 107.465 104.855 99.531 96.35 91.854 94.396 82.814 77.113 -9999 -9999 -9999 -9999 -9999 -9999 -9999 -9999 -9999 -9999 -9999 -9999 -9999 -9999 -9999 -9999 -9999 -9999 -9999 -9999 -9999 -9999 -9999 -9999 -9999 -9999 -9999 -9999 -9999 -9999 -9999 -9999 -9999 -9999 -9999 -9999 -9999 -9999 -9999 -9999 -9999 -9999
-9999 -9999 -9999 -9999 -9999 -9999 -9999 -9999 -9999 -9999 -9999 -9999 128.273 164.79 170.591 172.438 170.205 164.543 159.015 150.053 128.315 108.084 97.198 91.291 92.627 89.833 92.812 93.114 93.627 81.52 -9999 -9999 -9999 -9999 -9999 -9999 -9999 -9999 -9999 -9999 -9999 -9999 -9999 -9999 -9999 -9999 -9999 -9999 -9999 -9999 -9999 -9999 -9999 -9999 -9999 -9999 -9999 -9999 -9999 -9999 -9999 -9999 -9999 -9999 -9999 -9999 -9999 -9999 -9999 -9999 -9999 -9999 -9999 -9999
-9999 -9999 -9999 -9999 -9999 -9999 -9999 -9999 -9999 -9999 -9999 -9999 138.21 165.444 158.36 143.686 152.176 154.111 129.769 110.006 106.537 97.272 92.835 88.31 92.911 91.51 83.793 86.303 77.635 65.743 -9999 -9999 -9999 -9999 -9999 -9999 -9999 -9999 -9999 -9999 -9999 -9999 -9999 -9999 -9999 -9999 -9999 -9999 -9999 -9999 -9999 -9999 -9999 -9999 -9999 -9999 -9999 -9999 -9999 -9999 -9999 -9999 -9999 -9999 -9999 -9999 -9999 -9999 -9999 -9999 -9999 -9999 -9999 -9999
-9999 -9999 -9999 -9999 -9999 -9999 -9999 -9999 -9999 -9999 -9999 -9999 -9999 -9999 140.155 145.635 149.783 131.797 113.631 104.465 107.472 100.293 85.019 83.756 93.64 87.206 81.041 66.655 -9999 -9999 -9999 -9999 -9999 -9999 -9999 -9999 -9999 -9999 -9999 -9999 -9999 -9999 -9999 -9999 -9999 -9999 -9999 -9999 -9999 -9999 -9999 -9999 -9999 -9999 -9999 -9999 -9999 -9999 -9999 -9999 -9999 -9999 -9999 -9999 -9999 -9999 -9999 -9999 -9999 -9999 -9999 -9999 -9999 -9999
-9999 -9999 -9999 -9999 -9999 -9999 -9999 -9999 126.972 -9999 -9999 119.844 128.071 144.176 139.408 159.493 147.164 138.37 127.93 125.624 121.643 110.625 77.643 79.372 81.282 86.478 73.961 66.221 -9999 -9999 -9999 -9999 -9999 -9999 -9999 -9999 -9999 -9999 -9999 -9999 -9999 -9999 -9999 -9999 -9999 -9999 -9999 -9999 -9999 -9999 -9999 -9999 -9999 -9999 -9999 -9999 -9999 -9999 -9999 -9999 -9999 -9999 -9999 -9999 -9999 -9999 -9999 -9999 -9999 -9999 -9999 -9999 -9999 -9999
-9999 -9999 -9999 -9999 -9999 -9999 126.233 125.829 133.098 137.853 145.44 132.972 151.777 172.434 170.41 138.854 156.428 156.291 144.894 131.196 122.558 115.993 101.636 73.299 71.462 67.495 62.7 57.526 -9999 -9999 -9999 -9999 -9999 -9999 -9999 -9999 -9999 -9999 -9999 -9999 -9999 -9999 -9999 -9999 -9999 -9999 -9999 -9999 -9999 -9999 -9999 -9999 -9999 -9999 -9999 -9999 -9999 -9999 -9999 -9999 -9999 -9999 -9999 -9999 -9999 -9999 -9999 -9999 -9999 -9999 -9999 -9999 -9999 -9999
-9999 -9999 -9999 -9999 -9999 -9999 128.418 138.07 -9999 155.997 167.46 169.036 176.305 198.614 151.597 155.154 164.977 171.455 169.456 136.968 128.518 122.761 96.276 85.006 85.923 69.9 63.517 -9999 53.929 -9999 -9999 -9999 -9999 -9999 -9999 -9999 -9999 -9999 -9999 -9999 -9999 -9999 -9999 -9999 -9999 -9999 -9999 -9999 -9999 -9999 -9999 -9999 -9999 -9999 -9999 -9999 -9999 -9999 -9999 -9999 -9999 -9999 -9999 -9999 -9999 -9999 -9999 -9999 -9999 -9999 -9999 -9999 -9999 -9999
-9999 -9999 -9999 -9999 -9999 -9999 -9999 156.397 159.961 167.379 187.607 180.533 202.274 172.071 156.154 150.913 156.377 162.151 150.008 123.416 116.02 110.992 89.553 88.737 79.313 69.65 61.194 51.809 51.724 -9999 -9999 -9999 -9999 -9999 -9999 -9999 -9999 -9999 -9999 -9999 -9999 -9999 -9999 -9999 -9999 -9999 -9999 -9999 -9999 -9999 -9999 -9999 -9999 -9999 -9999 -9999 -9999 -9999 -9999 -9999 -9999 -9999 -9999 -9999 -9999 -9999 -9999 -9999 -9999 -9999 -9999 -9999 -9999 -9999
128.624 -9999 -9999 -9999 -9999 -9999 -9999 -9999 156.436 171.133 184.606 221.684 205.996 192.146 170.63 176.518 181.104 148.927 118.786 109.281 120.831 108.988 93.412 87.475 69.913 62.972 51.301 53.286 60.384 -9999 -9999 -9999 -9999 -9999 -9999 -9999 -9999 -9999 -9999 -9999 -9999 -9999 -9999 -9999 -9999 -9999 -9999 -9999 -9999 -9999 -9999 -9999 -9999 -9999 -9999 -9999 -9999 -9999 -9999 -9999 -9999 -9999 -9999 -9999 -9999 -9999 -9999 -9999 -9999 -9999 -9999 -9999 -9999 -9999
148.057 -9999 -9999 -9999 -9999 -9999 161.772 162.331 183.481 188.601 197.807 194.803 212.494 194.943 186.496 184.325 158.024 132.887 124.177 105.987 114.242 127.373 97.89 71.883 58.588 54.895 -9999 59.369 -9999 -9999 -9999 -9999 -9999 -9999 64.191 59.094 58.959 -9999 -9999 -9999 -9999 -9999 -9999 -9999 -9999 -9999 -9999 -9999 -9999 -9999 -9999 -9999 -9999 -9999 -9999 -9999 -9999 -9999 -9999 -9999 -9999 -9999 -9999 -9999 -9999 -9999 -9999 -9999 -9999 -9999 -9999 -9999 -9999 -9999
156.285 141.582 -9999 -9999 -9999 -9999 -9999 182.174 199.891 206.93 196.511 207.287 188.337 187.07 176.901 173.307 142.373 123.157 99.637 106.325 125.542 104.647 79.171 65.714 65.924 66.738 60.969 -9999 -9999 -9999 -9999 58.038 56.514 57.972 62.741 61.34 59.199 62.151 63.324 67.277 75.496 76.786 67.009 59.924 59.867 64.842 69.942 69.214 63.409 57.074 55.217 59.631 62.075 -9999 -9999 -9999 -9999 -9999 -9999 -9999 -9999 -9999 -9999 -9999 -9999 -9999 -9999 -9999 -9999 -9999 -9999 -9999 -9999 -9999
187.758 186.767 -9999 -9999 -9999 167.185 -9999 178.889 184.677 205.143 237.85 220.399 193.368 170.443 169.93 148.44 141.256 121.754 112.419 95.227 83.592 81.371 71.428 67.43 73.2 66.551 -9999 -9999 -9999 -9999 61.084 61.291 60.413 65.32 70.749 61.438 62.891 70.544 69.282 77.435 82.836 85.02 70.74 63.656 64.435 65.647 66.933 67.16 64.426 56.449 52.582 66.589 61.324 -9999 -9999 -9999 -9999 -9999 -9999 -9999 -9999 -9999 -9999 -9999 -9999 -9999 -9999 -9999 -9999 -9999 -9999 -9999 -9999 -9999
199.049 195.937 -9999 -9999 -9999 173.341 176.938 174.706 207.351 246.541 244.317 238.099 192.808 185.932 166.29 144.753 126.054 117.68 119.01 99.184 93.586 74.499 64.008 69.275 61.408 -9999 -9999 58.942 59.042 60.944 64.338 66.029 67.625 75.443 76.649 76.447 79.847 76.363 72.21 73.456 77.294 71.592 70.247 72.172 64.701 64.705 68.604 70.116 65.44 62.666 68.137 62.599 61.027 58.654 -9999 -9999 -9999 -9999 -9999 -9999 -9999 -9999 -9999 -9999 -9999 -9999 -9999 -9999 -9999 -9999 -9999 -9999 -9999 -9999
190.954 190.85 -9999 173.822 -9999 159.098 162.408 209.14 244.267 230.039 255.053 233.613 213.824 197.906 172.612 158.753 134.629 129.344 118.409 110.737 87.006 71.747 55.495 53.879 56.819 -9999 68.52 69.49 69.352 65.087 66.284 67.093 76.768 81.019 80.44 85.216 81.522 75.461 75.431 76.88 76.187 72.143 69.206 65.486 67.135 68.57 70.402 69.637 68.033 65.221 64.03 61.563 57.69 57.836 -9999 -9999 -9999 -9999 -9999 -9999 -9999 -9999 -9999 -9999 -9999 -9999 -9999 -9999 -9999 -9999 -9999 -9999 -9999 -9999
193.767 -9999 179.435 -9999 -9999 -9999 209.871 270.955 238.161 231.263 208.673 209.991 200.457 185.503 177.308 159.337 159.433 146.666 130.423 103.16 83.758 65.49 61.64 74.024 65.551 68.09 79.069 85.733 86.875 78.247 72.189 80.656 84.697 87.833 84.59 71.027 70.419 69.759 69.403 75.891 72.258 69.882 66.457 63.847 66.114 73.67 72.267 68.622 69.019 71.995 70.871 64.987 60.136 59.181 -9999 -9999 -9999 -9999 -9999 -9999 -9999 -9999 -9999 -9999 -9999 -9999 -9999 -9999 -9999 -9999 -9999 -9999 -9999 -9999
203.074 188.263 -9999 -9999 -9999 -9999 226.02 223.224 204.63 -9999 190.913 202.95 202.962 180.716 168.941 162.39 134.538 126.142 122.871 107.836 96.352 83.744 85.805 85.205 65.675 75.333 78.76 92.212 101.309 90.076 75.29 73.771 85.859 89.269 71.744 66.44 76.309 71.121 85.421 79.364 71.106 72.914 65.676 64.781 72.433 68.685 66.202 64.353 68.501 67.374 70.217 66.614 59.193 57.413 -9999 -9999 -9999 -9999 -9999 -9999 -9999 -9999 -9999 -9999 -9999 -9999 -9999 -9999 -9999 -9999 -9999 -9999 -9999 -9999
232.134 232.618 -9999 -9999 -9999 198.925 -9999 -9999 174.864 173.725 198.265 223.776 220.754 199.102 193.167 162.772 146.624 115.825 100.526 92.225 89.916 88.061 92.477 67.006 75.319 74.49 92.823 90.325 89.821 93.117 76.529 74.199 77.866 72.379 69.78 80.622 74.911 77.755 79.264 75.513 80.031 72.814 66.246 72.129 65.584 62.571 63.088 66.791 60.575 60.545 59.863 61.996 56.948 -9999 -9999 -9999 -9999 -9999 -9999 -9999 -9999 -9999 -9999 -9999 -9999 -9999 -9999 -9999 -9999 -9999 -9999 -9999 -9999 -9999
275.657 281.412 238.847 208.326 -9999 -9999 -9999 201.264 174.55 -9999 201.236 206.91 207.12 207.76 194.033 186.751 145.611 106.639 99.333 96.269 94.171 89.725 74.146 82.655 74.682 84.022 87.627 79.358 86.543 84.503 69.129 67.695 64.836 69.444 86.299 77.317 78.616 91.217 79.829 75.464 70.599 66.832 67.589 65.893 61.079 58.383 62.178 58.641 57.905 55.171 55.383 55.458 -9999 -9999 -9999 -9999 -9999 -9999 -9999 -9999 -9999 -9999 -9999 -9999 -9999 -9999 -9999 -9999 -9999 -9999 -9999 -9999 -9999 -9999
291.255 285.553 247.303 225.834 -9999 211.392 209.423 210.544 206.549 226.551 223.232 219.699 231.049 229.39 196.483 158.262 143.094 126.162 123.844 116.519 105.266 88.565 83.157 88.553 101.913 101.121 83.092 78.737 78.287 61.874 61.762 67.035 71.369 79.282 67.882 67.781 76.334 84.92 89.72 83.339 84.374 71.214 80.85 70.695 69.731 75.281 60.655 56.429 59.933 59.664 55.254 53.274 -9999 -9999 -9999 -9999 -9999 -9999 -9999 -9999 -9999 -9999 -9999 -9999 -9999 -9999 -9999 -9999 -9999 -9999 -9999 -9999 -9999 -9999
267.999 262.658 236.787 224.471 225.164 214.568 230.553 -9999 218.927 241.155 265.563 280.466 258.376 231.375 188.774 190.04 160.025 139.741 122.422 106.899 97.038 84.523 85.091 107.26 114.883 91.761 82.724 87.485 71.557 73.414 62.084 64.79 65.971 67.661 74.407 72.459 79.767 92.524 83.08 77.261 73.56 69.538 63.836 57.334 63.164 60.079 54.203 56.44 58.328 56.764 54.561 -9999 -9999 -9999 -9999 -9999 -9999 -9999 -9999 -9999 -9999 -9999 -9999 -9999 -9999 -9999 -9999 -9999 -9999 -9999 -9999 -9999 -9999 -9999
265.469 -9999 -9999 -9999 207.495 226.285 -9999 226.087 249.989 290.789 307.25 280.499 281.092 247.494 223.069 189.794 149.202 124.052 124.085 123.382 97.916 95.484 108.016 124.82 122.112 112.122 111.466 88.789 91.398 74.438 66.916 80.709 74.239 87.188 83.536 82.846 86.846 80.023 66.513 73.395 77.09 71.844 66.593 56.361 60.052 57.377 55.346 56.183 57.342 55.929 51.635 -9999 -9999 -9999 -9999 -9999 -9999 -9999 -9999 -9999 -9999 -9999 -9999 -9999 -9999 -9999 -9999 -9999 -9999 -9999 -9999 -9999 -9999 -9999
-9999 -9999 -9999 182.911 220.975 -9999 215.253 234.16 -9999 279.323 267.457 292.613 282.239 270.837 222.776 183.808 169.206 151.516 127.701 109.062 120.545 116.524 120.925 139.543 140.659 130.595 109.006 86.527 71.392 63.059 75.288 80.989 92.362 93.832 85.394 77.28 80.219 72.192 72.341 71.71 71.056 70.268 59.793 61.568 63.791 63.45 59.591 54.593 58.043 57.405 50.087 -9999 -9999 -9999 -9999 -9999 -9999 -9999 -9999 -9999 -9999 -9999 -9999 -9999 -9999 -9999 -9999 -9999 -9999 -9999 -9999 -9999 -9999 -9999
-9999 -9999 -9999 180.589 -9999 -9999 223.346 242.093 268.162 259.784 287.186 287.776 257.43 232.537 203.339 169.971 144.425 127.67 129.032 148.862 153.043 145.358 147.071 150.181 140.464 113.774 78.907 66.704 73.744 91.867 103.247 131.56 129.338 107.844 94.744 92.87 79.337 73.373 66.239 64.259 58.881 58.053 59.175 58.232 67.815 77.031 62.929 54.992 54.985 53.236 49.909 -9999 -9999 -9999 -9999 -9999 -9999 -9999 -9999 -9999 -9999 -9999 -9999 -9999 -9999 -9999 -9999 -9999 -9999 -9999 -9999 -9999 -9999 -9999
-9999 -9999 -9999 -9999 -9999 -9999 -9999 261.872 264.724 254.278 290.122 281.133 247.752 244.5 216.008 186.459 174.692 172.172 176.842 170.434 164.381 141.29 131.318 129.286 121.12 91.854 71.011 75.772 87.808 106.177 133.354 124.672 121.357 107.093 100.938 87.23 77.068 73.622 67.067 54.662 50.351 53.642 52.313 56.4 68.167 62.195 54.136 54.208 58.53 57.792 -9999 -9999 -9999 -9999 -9999 -9999 -9999 -9999 -9999 -9999 -9999 -9999 -9999 -9999 -9999 -9999 -9999 -9999 -9999 -9999 -9999 -9999 -9999 -9999
-9999 -9999 -9999 -9999 -9999 195.881 219.105 -9999 268.601 278.403 319.432 280.133 240.604 224.13 214.634 225.322 219.01 195.412 169.471 164.164 148.44 137.511 114.378 106.603 95.694 84.095 89.91 88.708 99.417 118.215 115.672 113.54 86.046 86.16 81.162 62.961 63.575 70.717 74.525 71.803 66.431 65.817 72.857 68.484 54.719 58.681 65.627 67.52 63.84 56.766 -9999 -9999 -9999 -9999 -9999 -9999 -9999 -9999 -9999 -9999 -9999 -9999 -9999 -9999 -9999 -9999 -9999 -9999 -9999 -9999 -9999 -9999 -9999 -9999
-9999 -9999 -9999 -9999 196.836 193.765 235.592 258.152 294.705 323.628 316.939 283.52 233.796 204.386 206.341 195.517 194.396 203.632 190.641 187.074 174.39 115.401 111.217 100.182 94.716 94.899 102.851 97.929 105.69 103.285 106.419 91.031 81.548 81.632 88.999 85.307 88.218 83.328 76.829 90.185 96.677 91.907 85.727 72.324 71.754 72.845 72.781 65.068 57.901 -9999 -9999 -9999 -9999 -9999 -9999 -9999 -9999 -9999 -9999 -9999 -9999 -9999 -9999 -9999 -9999 -9999 -9999 -9999 -9999 -9999 -9999 -9999 -9999 -9999
-9999 -9999 -9999 -9999 194.717 -9999 227.36 247.046 280.927 317.615 303.571 230.772 212.311 216.169 182.435 177.8 180.199 177.04 181.393 167.84 129.429 130.343 139.025 119.61 104.481 131.212 123.246 122.875 117.366 117.99 112.906 104.056 95.921 105.4 104.671 108.16 110.095 82.773 93.922 97.072 80.021 84.268 89.93 80.305 75.717 73.527 62.637 59.232 54.929 -9999 -9999 -9999 -9999 -9999 -9999 -9999 -9999 -9999 -9999 -9999 -9999 -9999 -9999 -9999 -9999 -9999 -9999 -9999 -9999 -9999 -9999 -9999 -9999 -9999
-9999 -9999 -9999 -9999 -9999 -9999 254.757 273.04 270.458 288.31 245.932 197.467 195.91 175.747 166.772 167.178 166.275 176.277 153.28 156.844 151.951 163.76 141.992 113.415 126.903 139.884 129.129 126.38 114.413 123.348 113.966 106.925 124.823 122.108 118.311 130.702 121.619 118.366 114.773 100.459 90.003 84.111 76.891 77.555 78.212 65.5 57.87 56.108 52.194 -9999 -9999 -9999 -9999 -9999 -9999 -9999 -9999 -9999 -9999 -9999 -9999 -9999 -9999 -9999 -9999 -9999 -9999 -9999 -9999 -9999 -9999 -9999 -9999 -9999
-9999 -9999 -9999 -9999 219.873 234.078 260.539 260.738 259.867 277.068 234.77 233.481 225.795 -9999 200.791 242.175 235.295 208.71 192.508 196.728 187.669 176.935 158.574 141.661 133.938 123.155 115.858 101.369 99.391 114.092 108.554 121.921 110.834 109.231 103.77 115.499 123.685 113.344 95.352 99.35 93.329 78.599 81.499 71.686 65.581 67.167 68.086 59.374 46.8 -9999 -9999 -9999 -9999 -9999 -9999 -9999 -9999 -9999 -9999 -9999 -9999 -9999 -9999 -9999 -9999 -9999 -9999 -9999 -9999 -9999 -9999 -9999 -9999 -9999
212.01 179.249 192.227 211.799 -9999 224.215 246.55 259.701 271.733 269.985 263.318 254.259 -9999 237.202 265.344 261.298 267.504 231.494 207.819 185.413 189.495 176.803 164.012 143.285 121.473 107.413 99.669 82.258 91.061 92.383 107.688 106.361 104.367 97.661 91.305 99.398 101.062 91.415 93.108 93.868 87.414 80.367 62.383 56.878 55.548 63.728 64.117 50.023 -9999 -9999 -9999 -9999 -9999 -9999 -9999 -9999 -9999 -9999 -9999 -9999 -9999 -9999 -9999 -9999 -9999 -9999 -9999 -9999 -9999 -9999 -9999 -9999 -9999 -9999
181.221 184.97 201.073 224.68 228.129 -9999 238.143 249.034 250.95 265.592 254.114 234.736 228.978 253.925 257.778 252.534 260.611 234.042 209.849 186.398 170.559 146.771 137.517 119.114 109.366 111.8 86.58 84.373 79.451 83.846 90.695 102.533 91.67 80.437 86.829 97.674 90.132 87.124 80.25 85.485 75.647 60.321 55.152 53.205 54.175 55.352 -9999 -9999 -9999 -9999 -9999 -9999 -9999 -9999 -9999 -9999 -9999 -9999 -9999 -9999 -9999 -9999 -9999 -9999 -9999 -9999 -9999 -9999 -9999 -9999 -9999 -9999 -9999 -9999
-9999 -9999 -9999 220.075 -9999 240.958 248.255 254.541 280.643 274.755 -9999 -9999 257.902 251.703 252.397 302.631 291.463 226.85 195.884 179.974 131.876 115.629 103.764 98.209 97.903 92.258 94.501 80.139 83.626 78.822 84.081 88.522 83.355 79.226 85.856 88.183 86.415 77.595 76.002 70.705 61.032 54.66 51.523 53.969 51.003 -9999 -9999 -9999 -9999 -9999 -9999 -9999 -9999 -9999 -9999 -9999 -9999 -9999 -9999 -9999 -9999 -9999 -9999 -9999 -9999 -9999 -9999 -9999 -9999 -9999 -9999 -9999 -9999 -9999
191.113 202.005 -9999 223.018 247.929 235.497 247.903 270.501 281.612 -9999 -9999 239.803 285.431 286.512 301.128 290.168 253.849 222.005 189.877 158.92 139.906 129.456 129.848 115.631 119.847 135.775 110.587 89.635 84.451 73.31 74.589 72.511 81.127 82.533 80.066 78.242 74.903 65.517 61.862 57.495 54.507 50.467 51.609 52.207 52.542 49.251 -9999 -9999 -9999 -9999 -9999 -9999 -9999 -9999 -9999 -9999 -9999 -9999 -9999 -9999 -9999 -9999 -9999 -9999 -9999 -9999 -9999 -9999 -9999 -9999 -9999 -9999 -9999 -9999
