Validation/Results/ReClimate_09_2024_1_Temperatureweatherlogisticsltd.asc
NCOLS 192
NROWS 249
XLLCENTER -225160.85627316462
YLLCENTER 29788.11610251502
CELLSIZE 5000.0
NODATA_VALUE -9999
[rows 102 to 135 of 249, columns 75 to 149 of 192]
-1.047 -1.052 -1.054 -1.057 -1.055 -1.064 -9999 -9999 -1.073 -9999 -9999 -1.081 -1.088 -1.099 -1.095 -1.091 -1.098 -1.105 -1.101 -1.096 -1.084 -1.068 -1.07 -1.071 -1.08 -1.092 -1.077 -1.059 -1.063 -1.067 -1.05 -1.03 -1.029 -1.028 -1.018 -1.007 -1.001 -0.994 -0.985 -0.976 -0.961 -0.945 -9999 -9999 -9999 -9999 -9999 -9999 -9999 -9999 -9999 -9999 -9999 -9999 -9999 -9999 -9999 -9999 -9999 -9999 -9999 -9999 -9999 -9999 -9999 -9999 -9999 -9999 -9999 -9999 -9999 -9999 -9999 -9999 -9999
-1.048 -1.05 -1.053 -1.055 -9999 -9999 -9999 -1.061 -1.065 -1.078 -1.08 -1.079 -1.085 -1.088 -1.082 -1.076 -1.08 -1.082 -1.078 -1.075 -1.065 -1.06 -1.065 -1.076 -1.083 -1.084 -1.075 -1.07 -1.067 -1.051 -1.04 -1.038 -1.037 -1.035 -1.023 -1.004 -0.994 -9999 -9999 -0.957 -9999 -9999 -9999 -9999 -9999 -9999 -9999 -9999 -9999 -9999 -9999 -9999 -9999 -9999 -9999 -9999 -9999 -9999 -9999 -9999 -9999 -9999 -9999 -9999 -9999 -9999 -9999 -9999 -9999 -9999 -9999 -9999 -9999 -9999 -9999
-1.043 -1.045 -9999 -1.049 -9999 -9999 -9999 -1.051 -1.061 -1.071 -1.073 -1.073 -1.076 -1.08 -1.074 -1.065 -1.067 -1.069 -1.066 -1.063 -1.059 -1.053 -1.063 -1.075 -1.076 -1.077 -1.074 -1.07 -1.057 -1.041 -1.039 -1.038 -1.036 -1.034 -1.018 -0.999 -9999 -0.968 -0.956 -0.945 -0.942 -9999 -9999 -9999 -9999 -9999 -9999 -9999 -9999 -9999 -9999 -9999 -9999 -9999 -9999 -9999 -9999 -9999 -9999 -9999 -9999 -9999 -9999 -9999 -9999 -9999 -9999 -9999 -9999 -9999 -9999 -9999 -9999 -9999 -9999
-1.025 -9999 -9999 -9999 -9999 -1.049 -1.053 -1.059 -1.064 -1.062 -1.066 -1.072 -1.074 -1.069 -1.068 -1.071 -1.068 -1.057 -1.059 -1.066 -1.063 -1.057 -1.058 -1.044 -1.047 -1.057 -1.055 -1.058 -1.044 -1.028 -1.03 -1.038 -1.032 -1.019 -9999 -0.992 -0.987 -0.997 -0.978 -0.939 -0.943 -9999 -9999 -9999 -9999 -9999 -9999 -9999 -9999 -9999 -9999 -9999 -9999 -9999 -9999 -9999 -9999 -9999 -9999 -9999 -9999 -9999 -9999 -9999 -9999 -9999 -9999 -9999 -9999 -9999 -9999 -9999 -9999 -9999 -9999
-9999 -9999 -9999 -9999 -9999 -1.048 -1.051 -1.057 -1.055 -1.052 -1.06 -1.067 -1.064 -1.06 -1.064 -1.069 -1.062 -1.052 -1.058 -1.065 -1.061 -1.055 -1.043 -1.028 -1.036 -1.045 -1.048 -1.05 -1.037 -1.021 -1.027 -1.035 -1.023 -1.01 -0.999 -0.987 -0.995 -1.006 -0.975 -0.94 -0.942 -0.946 -9999 -9999 -9999 -9999 -9999 -9999 -9999 -9999 -9999 -9999 -9999 -9999 -9999 -9999 -9999 -9999 -9999 -9999 -9999 -9999 -9999 -9999 -9999 -9999 -9999 -9999 -9999 -9999 -9999 -9999 -9999 -9999 -9999
-9999 -9999 -9999 -9999 -1.036 -9999 -9999 -1.052 -1.049 -1.041 -1.046 -1.044 -9999 -9999 -1.06 -1.061 -1.059 -1.061 -1.064 -1.056 -1.05 -1.046 -1.032 -1.017 -1.022 -1.028 -1.029 -1.028 -1.018 -1.012 -1.018 -1.023 -1.011 -0.993 -0.987 -0.991 -0.992 -0.981 -0.962 -0.961 -0.969 -0.987 -1.004 -9999 -9999 -9999 -9999 -9999 -9999 -9999 -9999 -9999 -9999 -9999 -9999 -9999 -9999 -9999 -9999 -9999 -9999 -9999 -9999 -9999 -9999 -9999 -9999 -9999 -9999 -9999 -9999 -9999 -9999 -9999 -9999
-9999 -9999 -9999 -9999 -1.03 -9999 -1.041 -1.046 -1.039 -1.031 -1.032 -1.03 -1.039 -1.051 -1.053 -1.054 -1.058 -1.062 -1.058 -1.051 -1.047 -1.042 -1.028 -1.013 -1.017 -1.022 -1.021 -1.02 -1.015 -1.009 -1.014 -1.019 -1.005 -0.988 -0.99 -0.994 -0.984 -0.973 -0.972 -0.972 -0.986 -1.004 -9999 -9999 -9999 -9999 -9999 -9999 -9999 -9999 -9999 -9999 -9999 -9999 -9999 -9999 -9999 -9999 -9999 -9999 -9999 -9999 -9999 -9999 -9999 -9999 -9999 -9999 -9999 -9999 -9999 -9999 -9999 -9999 -9999
-9999 -9999 -9999 -9999 -1.024 -9999 -1.056 -1.083 -1.065 -1.02 -1.024 -9999 -1.041 -1.047 -9999 -1.08 -1.084 -1.081 -1.085 -1.092 -1.092 -1.086 -1.066 -1.026 -1.024 -1.011 -1.005 -0.991 -0.987 -0.989 -0.995 -1.007 -0.999 -1.0 -1.006 -1.018 -1.015 -1.018 -9999 -9999 -9999 -9999 -9999 -9999 -9999 -9999 -9999 -9999 -9999 -9999 -9999 -9999 -9999 -9999 -9999 -9999 -9999 -9999 -9999 -9999 -9999 -9999 -9999 -9999 -9999 -9999 -9999 -9999 -9999 -9999 -9999 -9999 -9999 -9999 -9999
-9999 -9999 -1.006 -1.013 -9999 -9999 -1.075 -1.091 -1.055 -1.012 -1.02 -1.03 -1.035 -1.041 -9999 -1.086 -1.086 -1.085 -1.095 -1.105 -1.105 -1.102 -1.07 -1.031 -1.02 -1.007 -0.995 -0.981 -0.982 -0.983 -0.992 -1.003 -1.004 -1.006 -1.016 -1.028 -1.034 -9999 -9999 -9999 -9999 -9999 -9999 -9999 -9999 -9999 -9999 -9999 -9999 -9999 -9999 -9999 -9999 -9999 -9999 -9999 -9999 -9999 -9999 -9999 -9999 -9999 -9999 -9999 -9999 -9999 -9999 -9999 -9999 -9999 -9999 -9999 -9999 -9999 -9999
-9999 -0.986 -0.996 -1.006 -9999 -1.043 -1.057 -1.041 -1.018 -9999 -1.02 -1.016 -1.024 -1.043 -9999 -1.092 -1.093 -1.091 -1.1 -1.107 -1.094 -1.056 -1.038 -1.04 -1.032 -1.024 -1.014 -1.003 -9999 -1.003 -1.017 -1.041 -1.043 -1.042 -1.046 -1.037 -9999 -9999 -9999 -9999 -9999 -9999 -9999 -9999 -9999 -9999 -9999 -9999 -9999 -9999 -9999 -9999 -9999 -9999 -9999 -9999 -9999 -9999 -9999 -9999 -9999 -9999 -9999 -9999 -9999 -9999 -9999 -9999 -9999 -9999 -9999 -9999 -9999 -9999 -9999
-9999 -0.976 -0.986 -9999 -9999 -1.03 -1.022 -1.015 -9999 -1.014 -1.012 -1.007 -1.022 -1.039 -9999 -1.089 -1.09 -1.09 -1.097 -1.103 -1.074 -1.036 -1.041 -1.044 -1.038 -1.031 -1.022 -1.012 -1.012 -1.012 -9999 -9999 -1.056 -1.056 -9999 -9999 -9999 -9999 -9999 -9999 -1.022 -1.027 -1.022 -9999 -9999 -9999 -9999 -9999 -9999 -9999 -9999 -9999 -9999 -9999 -9999 -9999 -9999 -9999 -9999 -9999 -9999 -9999 -9999 -9999 -9999 -9999 -9999 -9999 -9999 -9999 -9999 -9999 -9999 -9999 -9999
-0.96 -0.973 -9999 -9999 -0.995 -1.004 -1.002 -1.003 -9999 -1.012 -1.01 -1.001 -1.013 -1.024 -9999 -9999 -9999 -1.057 -1.061 -1.063 -1.041 -1.027 -1.031 -1.033 -1.038 -1.063 -1.051 -1.025 -1.025 -1.024 -1.038 -1.045 -1.044 -1.043 -9999 -9999 -9999 -9999 -9999 -1.024 -1.03 -1.025 -1.027 -1.042 -9999 -9999 -9999 -9999 -9999 -9999 -9999 -9999 -9999 -9999 -9999 -9999 -9999 -9999 -9999 -9999 -9999 -9999 -9999 -9999 -9999 -9999 -9999 -9999 -9999 -9999 -9999 -9999 -9999 -9999 -9999
-0.955 -0.968 -9999 -9999 -9999 -0.991 -0.993 -0.994 -9999 -1.008 -9999 -0.996 -1.005 -1.015 -9999 -1.097 -1.072 -1.041 -9999 -1.045 -1.035 -1.022 -1.026 -1.028 -1.05 -1.075 -1.055 -1.031 -1.03 -1.029 -1.035 -1.042 -1.042 -1.041 -1.045 -1.049 -1.047 -9999 -1.039 -1.032 -1.029 -1.028 -1.04 -1.054 -1.039 -1.027 -9999 -9999 -9999 -9999 -9999 -9999 -9999 -9999 -9999 -9999 -9999 -9999 -9999 -9999 -9999 -9999 -9999 -9999 -9999 -9999 -9999 -9999 -9999 -9999 -9999 -9999 -9999 -9999 -9999
-0.959 -9999 -9999 -9999 -9999 -0.984 -0.982 -0.972 -9999 -0.992 -9999 -1.031 -1.032 -9999 -1.04 -1.079 -1.052 -1.017 -1.023 -1.039 -1.034 -1.032 -1.034 -1.03 -1.052 -1.075 -1.057 -1.035 -1.036 -1.04 -1.054 -1.081 -1.083 -1.081 -1.08 -1.063 -1.063 -1.06 -1.059 -1.062 -1.063 -1.065 -1.07 -1.06 -1.046 -1.029 -1.018 -1.003 -0.991 -9999 -9999 -9999 -9999 -9999 -9999 -9999 -9999 -9999 -9999 -9999 -9999 -9999 -9999 -9999 -9999 -9999 -9999 -9999 -9999 -9999 -9999 -9999 -9999 -9999 -9999
-0.952 -9999 -9999 -9999 -9999 -0.976 -0.968 -0.959 -0.97 -9999 -9999 -1.041 -1.027 -9999 -1.035 -1.069 -1.041 -1.006 -1.019 -1.035 -1.036 -1.035 -1.033 -1.03 -1.051 -1.074 -1.058 -1.039 -1.043 -1.048 -1.071 -1.098 -1.099 -1.1 -1.088 -1.073 -1.072 -1.07 -1.074 -1.077 -1.079 -1.081 -1.074 -1.065 -1.053 -1.038 -1.028 -1.016 -0.995 -1.013 -9999 -9999 -9999 -9999 -9999 -9999 -9999 -9999 -9999 -9999 -9999 -9999 -9999 -9999 -9999 -9999 -9999 -9999 -9999 -9999 -9999 -9999 -9999 -9999 -9999
-9999 -9999 -9999 -9999 -9999 -0.958 -0.955 -0.966 -0.975 -9999 -9999 -1.011 -0.997 -9999 -9999 -1.03 -1.01 -1.003 -1.013 -1.019 -1.021 -1.028 -1.031 -1.044 -1.063 -1.078 -1.065 -1.047 -1.047 -1.039 -1.066 -1.108 -1.107 -1.101 -1.084 -1.054 -1.062 -1.089 -1.091 -1.089 -1.088 -1.081 -1.074 -1.065 -1.055 -1.046 -1.033 -1.011 -1.007 -1.021 -9999 -9999 -9999 -9999 -9999 -9999 -9999 -9999 -9999 -9999 -9999 -9999 -9999 -9999 -9999 -9999 -9999 -9999 -9999 -9999 -9999 -9999 -9999 -9999 -9999
-9999 -9999 -9999 -9999 -9999 -0.943 -0.953 -0.963 -9999 -9999 -9999 -9999 -0.993 -9999 -1.005 -1.012 -1.008 -1.002 -1.007 -1.013 -1.018 -1.024 -1.035 -1.048 -1.065 -1.081 -1.07 -1.054 -1.047 -1.039 -1.073 -1.113 -1.11 -1.104 -1.08 -1.051 -1.073 -1.098 -1.098 -1.096 -1.091 -1.083 -1.077 -1.068 -1.061 -1.052 -1.036 -1.017 -1.028 -1.041 -1.027 -9999 -9999 -9999 -9999 -9999 -9999 -9999 -9999 -9999 -9999 -9999 -9999 -9999 -9999 -9999 -9999 -9999 -9999 -9999 -9999 -9999 -9999 -9999 -9999
-9999 -9999 -9999 -0.932 -0.935 -0.939 -0.945 -9999 -9999 -0.973 -9999 -9999 -9999 -9999 -1.004 -1.006 -1.002 -0.998 -1.007 -1.022 -1.028 -1.033 -1.043 -1.051 -1.06 -1.059 -1.058 -1.071 -1.071 -1.076 -1.101 -1.115 -1.106 -1.083 -1.075 -1.094 -1.11 -1.115 -1.115 -1.114 -1.106 -1.091 -1.085 -1.075 -1.071 -1.068 -1.054 -1.038 -1.046 -1.049 -1.041 -9999 -9999 -9999 -9999 -9999 -9999 -9999 -9999 -9999 -9999 -9999 -9999 -9999 -9999 -9999 -9999 -9999 -9999 -9999 -9999 -9999 -9999 -9999 -9999
-9999 -9999 -9999 -9999 -0.926 -0.931 -0.934 -9999 -0.955 -0.971 -0.98 -9999 -9999 -9999 -9999 -1.002 -1.0 -0.997 -1.01 -1.026 -1.032 -1.039 -1.047 -1.054 -1.054 -1.053 -1.068 -1.082 -1.087 -1.093 -1.105 -1.118 -1.101 -1.079 -1.095 -1.113 -1.118 -1.123 -1.123 -1.123 -1.112 -1.098 -1.091 -1.083 -1.081 -1.079 -1.066 -1.051 -1.054 -1.057 -1.049 -1.02 -9999 -9999 -9999 -9999 -9999 -9999 -9999 -9999 -9999 -9999 -9999 -9999 -9999 -9999 -9999 -9999 -9999 -9999 -9999 -9999 -9999 -9999 -9999
-9999 -9999 -9999 -9999 -0.913 -0.919 -0.925 -9999 -0.948 -0.953 -0.961 -9999 -9999 -9999 -9999 -9999 -0.998 -0.993 -1.006 -1.018 -1.026 -1.039 -1.045 -1.048 -1.051 -1.057 -1.066 -1.063 -1.076 -1.106 -1.116 -1.124 -1.117 -1.122 -1.126 -1.109 -1.115 -1.124 -1.109 -1.066 -1.069 -1.104 -1.102 -1.107 -1.108 -1.109 -1.098 -1.082 -1.08 -1.068 -1.066 -1.039 -0.998 -9999 -9999 -9999 -9999 -9999 -9999 -9999 -9999 -9999 -9999 -9999 -9999 -9999 -9999 -9999 -9999 -9999 -9999 -9999 -9999 -9999 -9999
-9999 -9999 -9999 -9999 -0.898 -0.907 -9999 -9999 -0.953 -0.941 -0.954 -0.976 -9999 -9999 -9999 -9999 -9999 -0.992 -1.003 -1.017 -1.029 -1.041 -1.045 -1.049 -1.055 -1.062 -1.064 -1.061 -1.086 -1.115 -1.122 -1.13 -1.136 -1.142 -1.128 -1.111 -1.119 -1.127 -1.092 -1.049 -1.076 -1.109 -1.114 -1.12 -1.122 -1.124 -1.112 -1.097 -1.089 -1.077 -1.075 -1.065 -1.007 -0.973 -0.961 -9999 -9999 -9999 -9999 -9999 -9999 -9999 -9999 -9999 -9999 -9999 -9999 -9999 -9999 -9999 -9999 -9999 -9999 -9999 -9999
-9999 -9999 -9999 -9999 -0.884 -0.891 -9999 -9999 -0.974 -0.984 -0.996 -9999 -9999 -9999 -9999 -9999 -9999 -0.997 -1.019 -1.057 -1.057 -1.03 -1.037 -1.052 -1.067 -1.097 -1.101 -1.098 -1.117 -1.126 -1.134 -1.141 -1.147 -1.154 -1.144 -1.134 -1.136 -1.129 -1.105 -1.094 -1.113 -1.12 -1.126 -1.134 -1.131 -1.118 -1.116 -1.129 -1.123 -1.111 -1.087 -1.067 -1.021 -0.967 -0.951 -9999 -9999 -9999 -9999 -9999 -9999 -9999 -9999 -9999 -9999 -9999 -9999 -9999 -9999 -9999 -9999 -9999 -9999 -9999 -9999
-9999 -9999 -9999 -9999 -0.867 -0.879 -9999 -9999 -9999 -0.996 -1.002 -0.995 -9999 -9999 -9999 -9999 -9999 -1.001 -1.036 -1.075 -1.055 -1.029 -1.042 -1.056 -1.083 -1.113 -1.117 -1.116 -1.125 -1.134 -1.141 -1.148 -1.154 -1.161 -1.154 -1.145 -1.14 -1.133 -1.125 -1.115 -1.121 -1.128 -1.134 -1.142 -1.131 -1.119 -1.13 -1.144 -1.136 -1.118 -1.091 -1.061 -1.016 -0.963 -0.946 -9999 -9999 -9999 -9999 -9999 -9999 -9999 -9999 -9999 -9999 -9999 -9999 -9999 -9999 -9999 -9999 -9999 -9999 -9999 -9999
-9999 -9999 -9999 -0.844 -0.851 -0.878 -9999 -9999 -9999 -9999 -9999 -9999 -9999 -9999 -9999 -9999 -9999 -0.997 -1.027 -1.049 -1.039 -1.041 -1.052 -1.061 -1.089 -1.123 -1.125 -1.12 -1.126 -1.126 -1.136 -1.152 -1.158 -1.165 -1.158 -1.149 -1.146 -1.145 -1.139 -1.136 -1.138 -1.133 -1.137 -1.139 -1.132 -1.132 -1.137 -1.128 -1.116 -1.11 -1.084 -1.055 -1.045 -1.016 -0.968 -0.943 -9999 -9999 -9999 -9999 -9999 -9999 -9999 -9999 -9999 -9999 -9999 -9999 -9999 -9999 -9999 -9999 -9999 -9999 -9999
-9999 -9999 -0.828 -0.828 -0.845 -0.87 -9999 -9999 -9999 -9999 -9999 -9999 -9999 -9999 -9999 -0.986 -0.987 -0.997 -1.019 -1.042 -1.046 -1.049 -1.058 -1.067 -1.097 -1.13 -1.13 -1.125 -1.128 -1.127 -1.141 -1.156 -1.162 -1.169 -1.162 -1.153 -1.153 -1.152 -1.15 -1.147 -1.143 -1.138 -1.139 -1.14 -1.14 -1.139 -1.132 -1.115 -1.108 -1.101 -1.077 -1.048 -1.038 -1.03 -0.986 -0.934 -9999 -9999 -9999 -9999 -9999 -9999 -9999 -9999 -9999 -9999 -9999 -9999 -9999 -9999 -9999 -9999 -9999 -9999 -9999
-9999 -9999 -0.822 -0.841 -0.851 -9999 -9999 -9999 -9999 -9999 -9999 -9999 -9999 -9999 -9999 -0.984 -0.993 -1.005 -1.029 -1.052 -1.059 -1.063 -1.075 -1.091 -1.118 -1.141 -1.141 -1.136 -1.141 -1.149 -1.156 -1.154 -1.162 -1.175 -1.161 -1.131 -1.132 -1.137 -1.142 -1.164 -1.159 -1.149 -1.15 -1.149 -1.152 -1.156 -1.141 -1.117 -1.107 -1.09 -1.072 -1.062 -1.042 -1.027 -1.003 -0.937 -9999 -9999 -9999 -9999 -9999 -9999 -9999 -9999 -9999 -9999 -9999 -9999 -9999 -9999 -9999 -9999 -9999 -9999 -9999
-9999 -9999 -9999 -9999 -9999 -9999 -9999 -9999 -9999 -9999 -9999 -9999 -9999 -9999 -9999 -0.984 -0.998 -1.009 -1.032 -1.057 -1.065 -1.072 -1.088 -1.104 -1.126 -1.149 -1.148 -1.144 -1.154 -1.16 -1.158 -1.156 -1.167 -1.179 -1.155 -1.126 -1.129 -1.134 -1.151 -1.173 -1.165 -1.156 -1.156 -1.155 -1.159 -1.158 -1.137 -1.113 -1.098 -1.081 -1.072 -1.062 -1.043 -1.021 -0.998 -0.948 -9999 -9999 -9999 -9999 -9999 -9999 -9999 -9999 -9999 -9999 -9999 -9999 -9999 -9999 -9999 -9999 -9999 -9999 -9999
-9999 -9999 -9999 -9999 -9999 -9999 -9999 -9999 -9999 -9999 -9999 -9999 -9999 -9999 -0.971 -0.996 -1.007 -1.012 -1.033 -1.048 -1.063 -1.087 -1.101 -1.105 -1.122 -1.134 -1.143 -1.171 -1.184 -1.198 -1.196 -1.189 -1.187 -1.161 -1.14 -1.124 -1.133 -1.152 -1.164 -1.169 -1.164 -1.161 -1.161 -1.161 -1.163 -1.161 -1.138 -1.106 -1.093 -1.086 -1.071 -1.058 -1.035 -1.012 -0.999 -0.964 -9999 -9999 -9999 -9999 -9999 -9999 -9999 -9999 -9999 -9999 -9999 -9999 -9999 -9999 -9999 -9999 -9999 -9999 -9999
-9999 -9999 -9999 -9999 -9999 -9999 -9999 -9999 -9999 -9999 -9999 -9999 -9999 -9999 -0.977 -0.999 -1.008 -1.014 -1.03 -1.046 -1.069 -1.094 -1.102 -1.108 -1.121 -1.133 -1.159 -1.186 -1.202 -1.215 -1.21 -1.204 -1.182 -1.156 -1.143 -1.127 -1.143 -1.161 -1.166 -1.17 -1.168 -1.166 -1.166 -1.163 -1.16 -1.158 -1.13 -1.099 -1.091 -1.083 -1.069 -1.053 -1.03 -1.004 -0.992 -0.972 -9999 -9999 -9999 -9999 -9999 -9999 -9999 -9999 -9999 -9999 -9999 -9999 -9999 -9999 -9999 -9999 -9999 -9999 -9999
-9999 -9999 -9999 -9999 -9999 -9999 -9999 -9999 -9999 -9999 -9999 -9999 -9999 -0.954 -0.979 -0.992 -1.009 -1.038 -1.051 -1.053 -1.075 -1.094 -1.108 -1.132 -1.144 -1.149 -1.169 -1.174 -1.188 -1.203 -1.197 -1.193 -1.178 -1.171 -1.165 -1.166 -1.174 -1.166 -1.166 -1.159 -1.16 -1.169 -1.17 -1.165 -1.156 -1.138 -1.113 -1.091 -1.083 -1.079 -1.063 -1.046 -1.032 -1.011 -0.984 -0.965 -0.938 -9999 -9999 -9999 -9999 -9999 -9999 -9999 -9999 -9999 -9999 -9999 -9999 -9999 -9999 -9999 -9999 -9999 -9999
-9999 -9999 -9999 -9999 -9999 -9999 -9999 -9999 -9999 -9999 -9999 -9999 -0.936 -0.956 -0.974 -0.989 -1.019 -1.049 -1.055 -1.057 -1.077 -1.095 -1.118 -1.142 -1.151 -1.157 -1.167 -1.173 -1.188 -1.202 -1.197 -1.192 -1.187 -1.18 -1.182 -1.185 -1.178 -1.171 -1.165 -1.158 -1.164 -1.172 -1.172 -1.163 -1.145 -1.127 -1.106 -1.085 -1.078 -1.073 -1.056 -1.039 -1.024 -1.008 -0.982 -0.952 -0.936 -9999 -9999 -9999 -9999 -9999 -9999 -9999 -9999 -9999 -9999 -9999 -9999 -9999 -9999 -9999 -9999 -9999 -9999
-9999 -9999 -9999 -9999 -9999 -9999 -9999 -9999 -9999 -9999 -9999 -9999 -0.925 -0.936 -0.961 -1.0 -1.026 -1.042 -1.054 -1.072 -1.089 -1.099 -1.117 -1.129 -1.145 -1.174 -1.186 -1.19 -1.202 -1.207 -1.207 -1.213 -1.205 -1.187 -1.186 -1.184 -1.179 -1.176 -1.17 -1.163 -1.168 -1.169 -1.163 -1.16 -1.14 -1.115 -1.094 -1.074 -1.069 -1.068 -1.052 -1.034 -1.017 -1.0 -0.989 -0.968 -0.941 -9999 -9999 -9999 -9999 -9999 -9999 -9999 -9999 -9999 -9999 -9999 -9999 -9999 -9999 -9999 -9999 -9999 -9999
-9999 -9999 -9999 -9999 -9999 -9999 -9999 -9999 -9999 -9999 -9999 -0.893 -0.908 -0.927 -0.964 -1.003 -1.024 -1.041 -1.06 -1.079 -1.091 -1.102 -1.115 -1.127 -1.154 -1.183 -1.194 -1.197 -1.203 -1.208 -1.214 -1.221 -1.208 -1.191 -1.189 -1.187 -1.185 -1.182 -1.176 -1.169 -1.171 -1.167 -1.16 -1.155 -1.131 -1.105 -1.085 -1.065 -1.061 -1.059 -1.043 -1.027 -1.01 -0.992 -0.981 -0.969 -0.944 -0.914 -9999 -9999 -9999 -9999 -9999 -9999 -9999 -9999 -9999 -9999 -9999 -9999 -9999 -9999 -9999 -9999 -9999
-9999 -9999 -9999 -9999 -9999 -9999 -9999 -9999 -9999 -9999 -0.863 -9999 -0.9 -0.934 -0.967 -0.996 -1.027 -1.075 -1.085 -1.07 -1.088 -1.116 -1.139 -1.178 -1.205 -1.225 -1.218 -1.164 -1.167 -1.173 -1.17 -1.158 -1.161 -1.199 -1.193 -1.178 -1.178 -1.182 -1.177 -1.169 -1.168 -1.158 -1.148 -1.137 -1.11 -1.081 -1.064 -1.054 -1.051 -1.054 -1.041 -1.025 -1.017 -1.004 -0.984 -0.969 -0.935 -0.912 -9999 -9999 -9999 -9999 -9999 -9999 -9999 -9999 -9999 -9999 -9999 -9999 -9999 -9999 -9999 -9999 -9999
