Validation/Results/ReClimate_06_2024_1_Precipitation-Actuals.asc
NCOLS 192
NROWS 249
XLLCENTER -225160.85627316462
YLLCENTER 29788.11610251502
CELLSIZE 5000.0
NODATA_VALUE -9999
[rows 99 to 131 of 249, columns 74 to 147 of 192]
149.77 145.355 148.094 147.838 157.181 164.943 164.27 170.183 -9999 -9999 113.315 191.971 219.731 241.081 238.234 227.433 209.077 170.048 159.881 147.132 144.868 137.226 122.641 107.251 102.477 106.908 97.827 99.383 102.899 102.072 100.47 100.0 102.6 104.457 98.718 97.069 93.157 84.957 83.27 84.969 85.331 84.185 86.698 87.912 82.714 -9999 -9999 -9999 -9999 -9999 -9999 -9999 -9999 -9999 -9999 -9999 -9999 -9999 -9999 -9999 -9999 -9999 -9999 -9999 -9999 -9999 -9999 -9999 -9999 -9999 -9999 -9999 -9999 -9999
137.139 156.809 141.148 -9999 -9999 151.596 161.158 -9999 -9999 -9999 125.166 185.167 245.438 253.232 273.994 220.563 173.942 167.135 179.63 170.743 142.55 134.234 117.504 117.663 123.64 108.859 90.55 114.408 124.437 118.138 101.439 100.436 100.855 99.292 89.762 93.324 92.078 97.998 108.366 103.256 95.613 91.023 91.159 85.276 80.321 -9999 -9999 -9999 -9999 -9999 -9999 -9999 -9999 -9999 -9999 -9999 -9999 -9999 -9999 -9999 -9999 -9999 -9999 -9999 -9999 -9999 -9999 -9999 -9999 -9999 -9999 -9999 -9999 -9999
138.881 -9999 144.817 154.866 177.106 -9999 -9999 -9999 -9999 141.97 145.771 197.547 215.47 227.178 230.397 201.911 189.348 199.05 214.51 176.155 170.652 128.281 131.38 141.049 112.645 88.093 122.47 147.005 136.916 105.635 104.212 102.027 100.475 89.877 90.35 92.684 99.63 117.104 104.033 97.711 90.183 90.82 86.989 81.774 -9999 -9999 -9999 -9999 -9999 -9999 -9999 -9999 -9999 -9999 -9999 -9999 -9999 -9999 -9999 -9999 -9999 -9999 -9999 -9999 -9999 -9999 -9999 -9999 -9999 -9999 -9999 -9999 -9999 -9999
145.516 182.422 216.681 261.092 273.067 183.091 142.983 -9999 -9999 142.154 -9999 -9999 167.993 239.001 223.73 182.937 199.028 235.609 200.489 203.216 185.296 157.776 141.121 121.348 120.372 134.964 156.364 141.213 116.79 131.072 121.343 100.92 89.488 86.474 91.0 97.223 110.801 100.603 98.971 83.804 85.488 86.323 83.59 -9999 -9999 -9999 -9999 -9999 -9999 -9999 -9999 -9999 -9999 -9999 -9999 -9999 -9999 -9999 -9999 -9999 -9999 -9999 -9999 -9999 -9999 -9999 -9999 -9999 -9999 -9999 -9999 -9999 -9999 -9999
164.361 183.822 225.255 285.799 241.413 -9999 -9999 -9999 149.142 159.505 158.205 164.745 188.335 207.933 175.387 161.932 205.724 205.587 184.133 164.61 156.558 147.994 140.815 142.069 120.384 137.571 134.006 131.686 141.073 121.062 109.396 95.186 90.123 90.802 89.935 95.312 87.93 85.097 -9999 -9999 81.674 -9999 -9999 -9999 -9999 -9999 -9999 -9999 -9999 -9999 -9999 -9999 -9999 -9999 -9999 -9999 -9999 -9999 -9999 -9999 -9999 -9999 -9999 -9999 -9999 -9999 -9999 -9999 -9999 -9999 -9999 -9999 -9999 -9999
154.755 175.382 217.845 -9999 203.198 -9999 -9999 -9999 159.82 171.963 171.75 168.26 163.58 177.31 180.553 205.759 215.7 197.213 176.963 174.975 174.541 149.962 141.74 115.116 125.299 129.29 118.838 112.755 97.595 102.003 93.124 87.073 91.381 87.49 83.205 83.211 74.199 -9999 84.057 78.713 79.94 80.08 -9999 -9999 -9999 -9999 -9999 -9999 -9999 -9999 -9999 -9999 -9999 -9999 -9999 -9999 -9999 -9999 -9999 -9999 -9999 -9999 -9999 -9999 -9999 -9999 -9999 -9999 -9999 -9999 -9999 -9999 -9999 -9999
-9999 154.552 -9999 -9999 -9999 -9999 172.67 172.538 183.669 181.298 176.854 168.597 180.646 202.941 206.172 212.903 202.949 209.448 182.75 190.732 157.418 166.479 136.249 149.576 165.55 130.851 113.817 116.586 106.59 94.605 89.679 85.711 86.841 84.575 84.017 -9999 78.54 83.266 78.137 77.574 73.941 80.2 -9999 -9999 -9999 -9999 -9999 -9999 -9999 -9999 -9999 -9999 -9999 -9999 -9999 -9999 -9999 -9999 -9999 -9999 -9999 -9999 -9999 -9999 -9999 -9999 -9999 -9999 -9999 -9999 -9999 -9999 -9999 -9999
-9999 -9999 -9999 -9999 -9999 -9999 164.871 166.974 174.559 177.148 170.611 158.976 191.05 176.967 178.711 192.335 230.32 211.515 188.878 182.63 184.542 152.408 143.685 166.603 147.968 150.81 159.493 125.563 109.416 101.666 89.566 99.151 102.793 99.246 97.763 89.29 80.269 77.892 83.629 89.362 84.984 83.607 81.274 -9999 -9999 -9999 -9999 -9999 -9999 -9999 -9999 -9999 -9999 -9999 -9999 -9999 -9999 -9999 -9999 -9999 -9999 -9999 -9999 -9999 -9999 -9999 -9999 -9999 -9999 -9999 -9999 -9999 -9999 -9999
-9999 -9999 -9999 -9999 -9999 157.454 -9999 -9999 161.577 174.891 164.635 183.639 178.553 -9999 -9999 207.513 242.817 244.397 182.978 174.399 166.557 148.05 147.52 145.355 140.018 145.339 129.734 118.247 113.386 106.474 125.62 133.366 118.884 109.122 97.045 89.666 90.384 82.927 91.071 89.508 94.526 91.444 85.127 77.523 -9999 -9999 -9999 -9999 -9999 -9999 -9999 -9999 -9999 -9999 -9999 -9999 -9999 -9999 -9999 -9999 -9999 -9999 -9999 -9999 -9999 -9999 -9999 -9999 -9999 -9999 -9999 -9999 -9999 -9999
-9999 -9999 -9999 -9999 -9999 147.838 -9999 146.356 159.389 163.387 186.262 194.363 161.361 155.006 185.769 211.99 220.85 177.614 178.791 194.092 150.184 139.56 143.015 134.329 120.649 114.718 106.973 110.152 121.318 147.477 147.711 132.561 116.13 100.684 93.804 93.881 88.207 88.335 86.406 83.615 81.759 86.05 83.86 -9999 -9999 -9999 -9999 -9999 -9999 -9999 -9999 -9999 -9999 -9999 -9999 -9999 -9999 -9999 -9999 -9999 -9999 -9999 -9999 -9999 -9999 -9999 -9999 -9999 -9999 -9999 -9999 -9999 -9999 -9999
-9999 -9999 -9999 -9999 -9999 138.223 -9999 144.779 146.468 160.104 170.177 153.871 -9999 174.588 175.515 -9999 188.192 187.952 181.371 156.21 166.048 142.345 124.468 107.936 95.432 88.363 100.219 103.255 122.213 114.567 107.869 105.678 108.546 106.122 94.191 88.59 86.113 84.471 81.495 -9999 -9999 -9999 -9999 -9999 -9999 -9999 -9999 -9999 -9999 -9999 -9999 -9999 -9999 -9999 -9999 -9999 -9999 -9999 -9999 -9999 -9999 -9999 -9999 -9999 -9999 -9999 -9999 -9999 -9999 -9999 -9999 -9999 -9999 -9999
-9999 -9999 -9999 129.432 132.637 -9999 -9999 137.929 143.474 157.607 149.854 139.358 184.794 171.699 189.833 -9999 136.657 140.076 154.673 148.024 144.335 137.645 115.885 109.23 101.166 111.902 106.733 94.698 91.916 91.513 94.056 100.946 106.425 107.266 94.858 89.526 89.516 84.633 -9999 -9999 -9999 -9999 -9999 -9999 -9999 -9999 -9999 -9999 -9999 -9999 -9999 -9999 -9999 -9999 -9999 -9999 -9999 -9999 -9999 -9999 -9999 -9999 -9999 -9999 -9999 -9999 -9999 -9999 -9999 -9999 -9999 -9999 -9999 -9999
-9999 -9999 112.891 119.766 122.498 -9999 132.049 149.308 156.837 148.125 -9999 177.851 175.53 186.879 188.012 -9999 135.371 157.415 141.704 119.352 119.171 109.427 111.519 115.98 118.756 129.216 116.388 104.059 92.136 -9999 87.111 91.46 98.561 101.351 95.786 99.713 91.808 -9999 -9999 -9999 -9999 -9999 -9999 -9999 -9999 -9999 -9999 -9999 -9999 -9999 -9999 -9999 -9999 -9999 -9999 -9999 -9999 -9999 -9999 -9999 -9999 -9999 -9999 -9999 -9999 -9999 -9999 -9999 -9999 -9999 -9999 -9999 -9999 -9999
-9999 -9999 103.231 105.335 -9999 -9999 137.93 155.017 143.315 -9999 156.065 174.28 177.67 182.26 172.176 -9999 130.855 125.104 117.954 111.383 114.533 112.835 117.973 150.951 153.866 144.753 133.019 105.724 88.415 82.493 78.053 -9999 -9999 88.825 92.84 -9999 -9999 -9999 -9999 -9999 -9999 76.101 77.74 77.104 -9999 -9999 -9999 -9999 -9999 -9999 -9999 -9999 -9999 -9999 -9999 -9999 -9999 -9999 -9999 -9999 -9999 -9999 -9999 -9999 -9999 -9999 -9999 -9999 -9999 -9999 -9999 -9999 -9999 -9999
-9999 105.973 111.007 -9999 -9999 127.23 139.345 129.665 142.927 -9999 152.245 171.701 160.54 156.59 167.434 -9999 -9999 -9999 117.372 115.771 115.905 121.416 132.284 133.185 127.63 125.275 116.036 101.298 93.441 87.898 85.796 79.716 82.712 87.085 77.223 -9999 -9999 -9999 -9999 -9999 77.918 77.728 82.433 78.615 76.974 -9999 -9999 -9999 -9999 -9999 -9999 -9999 -9999 -9999 -9999 -9999 -9999 -9999 -9999 -9999 -9999 -9999 -9999 -9999 -9999 -9999 -9999 -9999 -9999 -9999 -9999 -9999 -9999 -9999
116.379 116.77 114.207 -9999 -9999 -9999 113.717 136.174 132.79 -9999 141.742 -9999 141.646 154.259 141.756 -9999 119.957 126.739 121.167 -9999 110.828 104.232 109.499 108.411 108.104 112.462 112.22 107.479 101.984 95.898 88.082 88.521 89.181 81.077 75.806 76.971 84.744 82.098 -9999 76.976 79.545 83.028 82.67 88.411 92.237 94.817 76.504 -9999 -9999 -9999 -9999 -9999 -9999 -9999 -9999 -9999 -9999 -9999 -9999 -9999 -9999 -9999 -9999 -9999 -9999 -9999 -9999 -9999 -9999 -9999 -9999 -9999 -9999 -9999
114.541 124.098 -9999 -9999 -9999 -9999 128.774 146.527 124.761 -9999 122.137 -9999 128.746 126.804 -9999 138.097 149.606 156.328 136.824 106.557 92.519 90.375 93.411 95.459 101.177 99.966 99.84 103.315 101.257 98.557 91.67 91.77 93.119 85.856 88.246 89.934 94.341 84.526 84.567 82.336 81.747 82.377 85.388 97.601 99.771 102.99 95.178 87.47 79.801 82.268 -9999 -9999 -9999 -9999 -9999 -9999 -9999 -9999 -9999 -9999 -9999 -9999 -9999 -9999 -9999 -9999 -9999 -9999 -9999 -9999 -9999 -9999 -9999 -9999
-9999 111.281 -9999 -9999 -9999 -9999 131.218 128.198 130.558 128.654 -9999 -9999 108.487 116.735 -9999 131.721 157.741 177.478 136.909 113.086 97.36 89.363 87.364 87.606 85.577 85.251 90.933 100.271 108.225 105.802 96.455 91.733 97.752 99.358 99.549 107.801 98.289 81.978 82.218 87.19 85.355 91.791 108.202 110.135 103.48 101.371 96.912 103.684 91.712 82.394 83.421 -9999 -9999 -9999 -9999 -9999 -9999 -9999 -9999 -9999 -9999 -9999 -9999 -9999 -9999 -9999 -9999 -9999 -9999 -9999 -9999 -9999 -9999 -9999
113.942 -9999 -9999 -9999 -9999 -9999 110.886 116.105 131.28 114.178 -9999 -9999 107.066 109.513 -9999 -9999 159.418 153.931 129.974 120.679 117.737 101.925 94.643 92.167 93.368 85.568 89.837 102.151 108.172 111.373 107.275 114.571 110.513 113.08 113.862 106.173 93.35 93.047 97.388 98.952 101.26 110.202 110.495 111.627 104.054 99.195 95.869 93.827 87.236 88.217 85.298 -9999 -9999 -9999 -9999 -9999 -9999 -9999 -9999 -9999 -9999 -9999 -9999 -9999 -9999 -9999 -9999 -9999 -9999 -9999 -9999 -9999 -9999 -9999
107.161 -9999 -9999 -9999 -9999 -9999 101.803 116.893 120.391 -9999 -9999 -9999 -9999 103.841 -9999 113.769 141.481 134.863 121.954 127.275 126.369 121.284 111.468 106.772 96.95 93.026 91.176 92.096 101.744 108.682 114.645 112.838 114.306 115.879 106.925 102.192 103.859 104.181 114.268 105.554 99.432 98.008 96.275 95.514 97.027 95.333 88.875 81.624 85.767 87.68 85.658 82.597 -9999 -9999 -9999 -9999 -9999 -9999 -9999 -9999 -9999 -9999 -9999 -9999 -9999 -9999 -9999 -9999 -9999 -9999 -9999 -9999 -9999 -9999
101.277 -9999 -9999 -9999 108.078 109.022 112.576 116.019 -9999 -9999 132.92 -9999 -9999 -9999 -9999 110.735 123.544 119.845 117.976 122.161 126.603 130.457 128.909 120.471 111.896 100.258 94.21 88.197 88.524 103.791 103.597 101.235 107.131 100.868 103.0 114.728 111.177 128.288 128.827 110.78 99.26 89.73 74.655 91.133 90.781 93.357 87.878 83.029 86.959 84.849 80.263 77.215 -9999 -9999 -9999 -9999 -9999 -9999 -9999 -9999 -9999 -9999 -9999 -9999 -9999 -9999 -9999 -9999 -9999 -9999 -9999 -9999 -9999 -9999
-9999 -9999 -9999 -9999 -9999 117.467 121.66 123.986 -9999 122.756 145.536 142.527 -9999 -9999 -9999 -9999 101.565 103.516 107.002 113.607 120.012 123.875 128.236 123.865 117.786 103.342 94.821 88.056 96.489 94.409 95.61 105.364 111.022 107.915 114.412 102.449 113.982 116.892 117.989 116.254 105.65 85.171 89.294 88.901 83.978 83.987 83.015 79.499 80.932 81.903 82.413 78.481 77.322 -9999 -9999 -9999 -9999 -9999 -9999 -9999 -9999 -9999 -9999 -9999 -9999 -9999 -9999 -9999 -9999 -9999 -9999 -9999 -9999 -9999
-9999 -9999 -9999 -9999 -9999 124.068 135.109 139.732 -9999 116.4 146.414 145.508 -9999 -9999 -9999 -9999 -9999 94.648 98.666 104.048 106.868 115.387 118.25 121.983 120.47 123.071 115.451 104.199 94.65 94.489 99.761 114.923 122.675 104.74 106.763 104.865 102.326 110.282 109.78 94.232 89.552 86.382 94.298 88.67 84.288 83.395 77.397 79.491 79.563 79.876 81.648 86.224 78.349 76.555 -9999 -9999 -9999 -9999 -9999 -9999 -9999 -9999 -9999 -9999 -9999 -9999 -9999 -9999 -9999 -9999 -9999 -9999 -9999 -9999
-9999 -9999 -9999 -9999 -9999 131.105 146.435 -9999 -9999 106.432 133.628 146.048 120.166 -9999 -9999 -9999 -9999 -9999 94.077 102.195 108.226 111.388 123.74 128.355 132.503 133.963 125.993 113.501 101.456 103.963 104.97 115.028 109.961 116.601 112.258 129.26 116.59 128.775 101.849 104.311 96.982 90.069 90.973 85.07 81.306 80.862 84.534 88.27 91.266 82.055 82.614 79.597 87.857 77.873 75.844 70.236 -9999 -9999 -9999 -9999 -9999 -9999 -9999 -9999 -9999 -9999 -9999 -9999 -9999 -9999 -9999 -9999 -9999 -9999
-9999 -9999 -9999 -9999 -9999 143.063 122.079 -9999 -9999 117.046 137.42 132.975 -9999 -9999 -9999 -9999 -9999 -9999 91.831 100.181 102.346 111.732 116.76 119.547 122.06 126.533 128.088 121.017 110.327 109.071 111.971 123.638 139.438 127.127 139.651 142.822 136.318 105.799 102.184 91.379 88.613 92.252 86.183 84.365 86.643 87.21 84.908 90.104 97.297 101.94 97.132 84.782 86.104 87.841 78.341 73.445 -9999 -9999 -9999 -9999 -9999 -9999 -9999 -9999 -9999 -9999 -9999 -9999 -9999 -9999 -9999 -9999 -9999 -9999
-9999 -9999 -9999 -9999 -9999 133.453 103.432 -9999 -9999 -9999 113.617 113.629 112.813 -9999 -9999 -9999 -9999 -9999 88.397 94.104 98.865 101.747 104.148 108.835 122.8 137.489 139.063 118.964 112.602 103.315 107.792 120.643 128.59 127.073 151.236 138.499 116.744 118.054 109.292 99.037 100.319 90.054 92.551 93.331 87.308 89.025 91.866 98.791 107.532 121.707 111.86 95.495 83.105 83.973 82.667 76.24 -9999 -9999 -9999 -9999 -9999 -9999 -9999 -9999 -9999 -9999 -9999 -9999 -9999 -9999 -9999 -9999 -9999 -9999
-9999 -9999 -9999 -9999 149.818 128.986 112.05 -9999 -9999 -9999 -9999 -9999 -9999 -9999 -9999 -9999 -9999 -9999 95.074 99.865 100.842 100.676 101.273 105.916 117.632 128.073 131.087 124.848 118.62 126.148 122.619 133.184 139.031 153.252 157.864 152.996 145.077 133.288 121.139 115.159 101.331 97.287 92.953 94.585 96.555 91.909 99.694 108.101 122.304 117.026 118.122 96.664 80.609 80.094 80.304 78.51 68.854 -9999 -9999 -9999 -9999 -9999 -9999 -9999 -9999 -9999 -9999 -9999 -9999 -9999 -9999 -9999 -9999 -9999
-9999 -9999 -9999 151.292 149.607 139.096 120.159 -9999 -9999 -9999 -9999 -9999 -9999 -9999 -9999 -9999 99.59 97.63 101.579 108.516 117.179 115.504 108.158 102.209 102.72 112.501 106.881 124.624 144.113 142.177 141.528 138.668 136.781 143.804 167.993 153.567 147.9 133.885 122.819 111.715 100.243 91.983 99.008 94.896 89.531 93.016 101.897 116.814 109.011 105.319 108.993 92.96 77.782 78.13 82.57 78.883 72.585 -9999 -9999 -9999 -9999 -9999 -9999 -9999 -9999 -9999 -9999 -9999 -9999 -9999 -9999 -9999 -9999 -9999
-9999 -9999 -9999 147.745 131.803 110.966 -9999 -9999 -9999 -9999 -9999 -9999 -9999 -9999 -9999 -9999 101.369 101.802 105.667 117.018 120.471 117.709 128.815 133.463 129.481 121.717 120.42 120.999 131.732 146.861 149.405 135.597 127.699 141.771 156.031 170.193 151.498 140.732 125.74 114.411 96.392 105.2 103.941 98.641 93.074 103.793 118.496 116.522 101.489 96.229 89.915 84.133 89.003 91.069 84.668 80.324 74.917 -9999 -9999 -9999 -9999 -9999 -9999 -9999 -9999 -9999 -9999 -9999 -9999 -9999 -9999 -9999 -9999 -9999
-9999 -9999 -9999 -9999 -9999 -9999 -9999 -9999 -9999 -9999 -9999 -9999 -9999 -9999 -9999 -9999 106.059 109.232 119.358 118.819 123.27 127.711 150.981 157.117 170.426 142.368 120.196 119.119 133.337 149.942 173.697 155.385 123.588 124.469 153.745 169.206 155.783 144.041 143.119 124.096 129.77 129.658 121.097 118.712 121.958 127.691 109.341 104.944 96.238 94.525 94.506 81.404 80.644 85.859 82.422 73.218 72.974 -9999 -9999 -9999 -9999 -9999 -9999 -9999 -9999 -9999 -9999 -9999 -9999 -9999 -9999 -9999 -9999 -9999
-9999 -9999 -9999 -9999 -9999 -9999 -9999 -9999 -9999 -9999 -9999 -9999 -9999 -9999 -9999 110.532 122.028 130.561 124.589 129.158 123.434 130.463 141.734 170.917 159.201 141.275 125.273 122.502 114.011 131.947 146.904 146.463 131.6 123.175 144.262 159.532 158.033 150.309 148.656 151.25 133.847 133.036 127.9 125.981 140.064 116.904 115.838 102.98 91.06 99.077 96.294 92.337 80.649 76.218 75.446 74.073 69.337 -9999 -9999 -9999 -9999 -9999 -9999 -9999 -9999 -9999 -9999 -9999 -9999 -9999 -9999 -9999 -9999 -9999
-9999 -9999 -9999 -9999 -9999 -9999 -9999 -9999 -9999 -9999 -9999 -9999 -9999 -9999 -9999 123.313 131.408 138.478 154.783 149.133 132.46 130.164 154.727 140.808 139.302 131.831 126.883 114.329 101.681 113.499 136.98 148.045 140.299 118.123 132.605 145.069 144.37 145.722 158.508 133.633 145.96 138.639 128.967 145.602 122.271 118.575 110.946 97.452 99.824 94.634 89.32 93.48 85.931 79.192 79.01 78.078 72.654 -9999 -9999 -9999 -9999 -9999 -9999 -9999 -9999 -9999 -9999 -9999 -9999 -9999 -9999 -9999 -9999 -9999
-9999 -9999 -9999 -9999 -9999 -9999 -9999 -9999 -9999 -9999 -9999 -9999 -9999 -9999 117.356 130.716 133.982 159.19 166.307 167.325 168.868 167.821 157.47 128.325 124.076 125.481 123.641 115.609 109.186 116.419 132.06 135.214 113.33 111.569 123.48 142.441 143.936 157.619 138.937 140.162 150.775 135.094 145.844 139.712 116.7 107.715 100.913 106.906 103.475 96.507 94.742 89.272 82.728 78.545 81.156 79.88 74.779 71.263 -9999 -9999 -9999 -9999 -9999 -9999 -9999 -9999 -9999 -9999 -9999 -9999 -9999 -9999 -9999 -9999
