Validation/Results/ReClimate_05_2024_2.asc
NCOLS 192
NROWS 249
XLLCENTER -225160.85627316462
YLLCENTER 29788.11610251502
CELLSIZE 5000.0
NODATA_VALUE -9999
[rows 198 to 230 of 249, columns 75 to 149 of 192]
-9999 -9999 -9999 -9999 -9999 -9999 -9999 -9999 -9999 -9999 -9999 -9999 -9999 -9999 -9999 -9999 -9999 93.544 93.491 93.431 93.381 93.336 93.297 93.26 93.227 93.195 93.161 93.12 93.076 93.035 92.996 92.962 92.907 92.816 92.73 92.649 92.571 92.494 92.416 92.336 92.247 92.159 92.069 91.978 91.884 91.794 91.682 91.499 91.309 91.123 90.941 90.765 90.585 90.402 90.215 90.029 89.856 89.695 89.531 89.364 89.212 89.083 88.961 88.842 88.73 88.617 88.502 88.382 88.29 88.235 88.219 88.217 88.29 88.439 88.581
-9999 -9999 -9999 -9999 -9999 -9999 -9999 -9999 -9999 -9999 -9999 -9999 -9999 -9999 93.65 93.574 93.498 93.428 93.367 93.313 93.266 93.224 93.187 93.153 93.119 93.081 93.036 92.993 92.953 92.914 92.878 92.84 92.769 92.683 92.603 92.527 92.451 92.377 92.306 92.231 92.154 92.067 91.976 91.883 91.786 91.68 91.513 91.313 91.107 90.908 90.723 90.541 90.356 90.167 89.975 89.787 89.611 89.445 89.275 89.11 88.955 88.823 88.704 88.588 88.471 88.352 88.23 88.114 88.043 88.019 88.008 87.998 88.036 88.16 88.298
-9999 -9999 -9999 -9999 -9999 -9999 -9999 -9999 -9999 -9999 -9999 -9999 93.551 93.567 93.492 93.422 93.354 93.294 93.24 93.191 93.148 93.11 93.075 93.04 92.996 92.951 92.908 92.868 92.83 92.794 92.761 92.72 92.648 92.566 92.489 92.413 92.337 92.263 92.193 92.125 92.052 91.975 91.887 91.792 91.688 91.539 91.322 91.109 90.893 90.686 90.494 90.309 90.121 89.928 89.731 89.541 89.368 89.206 89.044 88.879 88.716 88.574 88.451 88.33 88.208 88.088 87.97 87.887 87.839 87.822 87.811 87.783 87.781 87.874 88.004
-9999 -9999 -9999 -9999 -9999 -9999 -9999 -9999 93.615 93.334 93.384 93.433 93.464 93.4 93.332 93.267 93.208 93.154 93.107 93.065 93.027 92.992 92.956 92.907 92.862 92.82 92.781 92.744 92.71 92.68 92.654 92.613 92.537 92.458 92.382 92.309 92.236 92.163 92.092 92.021 91.951 91.876 91.792 91.684 91.546 91.344 91.126 90.91 90.692 90.48 90.28 90.089 89.895 89.699 89.501 89.318 89.151 88.989 88.827 88.662 88.495 88.337 88.209 88.09 87.971 87.851 87.753 87.688 87.66 87.638 87.609 87.562 87.521 87.566 87.676
-9999 -9999 -9999 -9999 -9999 -9999 -9999 93.615 93.435 93.266 93.221 93.346 93.295 93.233 93.171 93.113 93.06 93.011 92.97 92.934 92.901 92.864 92.814 92.77 92.728 92.69 92.656 92.626 92.6 92.576 92.554 92.509 92.43 92.353 92.28 92.21 92.141 92.071 92.001 91.93 91.856 91.775 91.67 91.551 91.387 91.164 90.948 90.733 90.515 90.301 90.1 89.911 89.718 89.521 89.325 89.142 88.976 88.811 88.645 88.477 88.307 88.133 87.99 87.87 87.749 87.635 87.558 87.513 87.483 87.448 87.389 87.315 87.256 87.264 87.346
-9999 -9999 -9999 -9999 -9999 -9999 93.556 93.448 93.294 93.22 93.221 93.17 93.119 93.064 93.009 92.959 92.911 92.867 92.795 92.704 92.762 92.714 92.672 92.635 92.602 92.571 92.544 92.519 92.496 92.474 92.453 92.403 92.325 92.252 92.181 92.114 92.048 91.981 91.91 91.832 91.748 91.645 91.541 91.42 91.234 91.008 90.795 90.581 90.365 90.148 89.943 89.754 89.562 89.366 89.174 88.993 88.824 88.652 88.479 88.306 88.132 87.955 87.789 87.659 87.535 87.447 87.385 87.339 87.29 87.232 87.157 87.064 86.993 86.977 87.031
-9999 -9999 -9999 -9999 93.493 -9999 93.365 93.263 93.181 93.114 93.058 93.01 92.963 92.911 92.862 92.816 92.774 92.734 92.649 92.661 92.617 92.578 92.544 92.513 92.485 92.459 92.435 92.413 92.392 92.373 92.351 92.299 92.224 92.153 92.085 92.019 91.953 91.88 91.804 91.718 91.616 91.517 91.415 91.284 91.081 90.866 90.654 90.441 90.226 90.007 89.797 89.606 89.413 89.216 89.028 88.853 88.68 88.504 88.325 88.144 87.962 87.779 87.601 87.452 87.353 87.278 87.22 87.159 87.094 87.013 86.921 86.821 86.743 86.719 86.739
-9999 -9999 -9999 -9999 -9999 -9999 -9999 -9999 93.013 92.953 92.903 92.86 92.816 92.77 92.727 92.687 92.65 92.615 92.577 92.525 92.48 92.448 92.419 92.393 92.369 92.346 92.326 92.307 92.289 92.273 92.25 92.197 92.125 92.057 91.99 91.921 91.846 91.771 91.684 91.584 91.485 91.387 91.284 91.139 90.931 90.724 90.518 90.306 90.092 89.873 89.662 89.462 89.269 89.074 88.89 88.718 88.543 88.363 88.179 87.992 87.804 87.617 87.425 87.288 87.191 87.118 87.051 86.978 86.899 86.805 86.695 86.587 86.503 86.473 86.474
-9999 -9999 -9999 -9999 -9999 -9999 -9999 -9999 92.846 92.794 92.75 92.711 92.672 92.633 92.595 92.561 92.53 92.496 92.444 92.393 92.351 92.316 92.293 92.272 92.252 92.233 92.216 92.2 92.186 92.172 92.149 92.097 92.028 91.96 91.887 91.812 91.737 91.65 91.55 91.452 91.354 91.255 91.148 90.985 90.78 90.583 90.384 90.174 89.961 89.744 89.527 89.321 89.127 88.94 88.761 88.589 88.412 88.229 88.039 87.845 87.651 87.463 87.297 87.159 87.067 86.98 86.898 86.818 86.727 86.621 86.503 86.382 86.294 86.262 86.261
-9999 -9999 -9999 -9999 -9999 -9999 91.87 91.853 92.031 92.636 -9999 92.562 92.529 92.496 92.465 92.436 92.407 -9999 92.314 92.268 92.227 92.193 92.166 92.149 92.134 92.12 92.106 92.093 92.082 92.07 92.049 91.998 91.929 91.854 91.778 91.703 91.619 91.517 91.419 91.321 91.224 91.124 91.007 90.831 90.632 90.444 90.248 90.045 89.833 89.617 89.396 89.184 88.99 88.809 88.638 88.465 88.287 88.101 87.909 87.707 87.505 87.342 87.191 87.058 86.955 86.86 86.766 86.677 86.576 86.459 86.337 86.211 86.114 86.077 86.071
-9999 -9999 -9999 -9999 -9999 -9999 91.602 -9999 -9999 -9999 92.444 92.414 92.385 -9999 -9999 -9999 -9999 -9999 92.188 92.145 92.108 92.075 92.049 92.027 92.014 92.004 91.995 91.985 91.976 91.968 91.949 91.899 91.821 91.744 91.671 91.59 91.488 91.388 91.291 91.193 91.095 90.994 90.867 90.684 90.492 90.306 90.116 89.917 89.708 89.493 89.273 89.052 88.861 88.687 88.519 88.346 88.167 87.982 87.789 87.592 87.417 87.254 87.11 86.966 86.851 86.75 86.646 86.544 86.434 86.309 86.181 86.05 85.955 85.912 85.896
-9999 -9999 -9999 -9999 -9999 -9999 -9999 -9999 91.305 91.606 91.765 92.265 92.241 -9999 -9999 -9999 -9999 -9999 -9999 -9999 -9999 91.963 91.936 91.915 91.898 91.887 91.881 91.876 91.87 91.864 91.846 91.789 91.711 91.637 91.56 91.46 91.36 91.262 91.165 91.067 90.968 90.866 90.73 90.543 90.357 90.173 89.985 89.789 89.584 89.37 89.152 88.93 88.736 88.569 88.402 88.23 88.053 87.869 87.689 87.522 87.353 87.197 87.039 86.883 86.756 86.65 86.539 86.42 86.297 86.166 86.032 85.896 85.805 85.767 85.738
-9999 -9999 -9999 -9999 -9999 -9999 -9999 -9999 -9999 91.19 -9999 -9999 -9999 -9999 -9999 -9999 -9999 -9999 -9999 91.9 91.874 91.851 91.829 91.809 91.791 91.778 91.768 91.764 91.762 91.757 91.733 91.677 91.602 91.528 91.435 91.334 91.236 91.139 91.041 90.943 90.842 90.739 -9999 90.409 90.228 90.045 89.856 89.662 89.461 89.249 89.031 88.82 88.622 88.453 88.287 88.117 87.942 87.78 87.623 87.463 87.303 87.139 86.974 86.807 86.668 86.556 86.438 86.308 86.168 86.029 85.889 85.753 85.665 85.63 85.608
-9999 -9999 -9999 -9999 -9999 -9999 -9999 -9999 -9999 -9999 -9999 -9999 -9999 -9999 -9999 -9999 -9999 -9999 -9999 91.778 91.757 91.738 91.721 -9999 -9999 -9999 91.667 91.658 91.65 91.64 91.616 91.567 91.494 91.412 91.31 91.211 91.114 91.016 90.919 90.819 90.717 -9999 90.466 90.284 90.104 89.921 89.733 89.541 89.339 89.128 88.914 88.717 88.52 88.339 88.173 88.018 87.869 87.718 87.571 87.413 87.247 87.08 86.91 86.736 86.587 86.468 86.344 86.205 86.05 85.899 85.751 85.62 85.546 85.525 85.508
-9999 -9999 -9999 -9999 -9999 -9999 -9999 -9999 -9999 -9999 -9999 -9999 -9999 -9999 -9999 -9999 -9999 -9999 -9999 -9999 -9999 -9999 -9999 -9999 -9999 -9999 91.573 91.562 91.55 91.525 91.501 91.457 91.383 91.287 91.188 91.09 90.993 90.895 90.796 -9999 -9999 90.484 90.339 90.162 89.983 89.801 89.615 89.423 89.223 89.016 88.817 88.621 88.428 88.246 88.094 87.951 87.813 87.673 87.52 87.357 87.189 87.02 86.847 86.668 86.511 86.385 86.256 86.109 85.942 85.782 85.633 85.517 85.456 85.441 85.43
-9999 -9999 -9999 -9999 -9999 -9999 -9999 -9999 -9999 -9999 -9999 -9999 -9999 -9999 -9999 -9999 -9999 -9999 -9999 -9999 -9999 -9999 -9999 -9999 -9999 -9999 91.482 91.469 91.446 91.422 91.4 91.355 91.27 91.165 91.068 90.972 -9999 -9999 -9999 -9999 -9999 90.357 90.22 90.044 89.865 89.684 89.498 89.307 89.11 88.914 88.732 88.562 88.384 88.205 88.044 87.904 87.768 87.621 87.464 87.298 87.13 86.959 86.783 86.6 86.44 86.312 86.182 86.035 85.869 85.7 85.543 85.43 85.387 85.376 85.365
-9999 -9999 -9999 -9999 -9999 -9999 -9999 -9999 -9999 -9999 -9999 -9999 -9999 -9999 -9999 -9999 -9999 -9999 -9999 -9999 -9999 -9999 -9999 -9999 -9999 -9999 -9999 -9999 91.348 91.325 91.304 91.259 91.167 91.063 90.963 -9999 -9999 -9999 -9999 90.441 90.335 90.234 90.104 89.927 89.749 89.569 89.389 89.206 89.026 88.862 88.699 88.532 88.364 88.195 88.024 87.872 87.731 87.579 87.417 87.252 87.084 86.913 86.736 86.553 86.391 86.261 86.129 85.981 85.814 85.642 85.491 85.391 85.347 85.33 85.314
-9999 -9999 -9999 -9999 -9999 -9999 -9999 -9999 -9999 -9999 -9999 -9999 -9999 -9999 -9999 -9999 -9999 -9999 -9999 -9999 -9999 -9999 -9999 -9999 -9999 -9999 -9999 -9999 -9999 91.227 91.209 91.162 91.071 90.966 -9999 -9999 -9999 -9999 90.449 90.336 90.232 90.144 90.016 89.841 89.667 89.493 89.318 89.146 88.992 88.836 88.677 88.515 88.352 88.187 88.02 87.852 87.696 87.54 87.378 87.214 87.047 86.875 86.698 86.513 86.352 86.222 86.088 85.937 85.769 85.596 85.457 85.374 85.331 85.301 85.275
-9999 -9999 -9999 -9999 -9999 -9999 -9999 -9999 -9999 -9999 -9999 -9999 -9999 -9999 -9999 -9999 -9999 -9999 -9999 -9999 -9999 -9999 -9999 -9999 -9999 -9999 -9999 -9999 -9999 -9999 -9999 -9999 -9999 -9999 -9999 -9999 -9999 90.46 90.35 90.245 90.154 90.069 89.944 89.775 89.604 89.432 89.266 89.116 88.965 88.813 88.659 88.5 88.34 88.18 88.017 87.846 87.665 87.499 87.339 87.176 87.009 86.838 86.66 86.475 86.315 86.184 86.048 85.896 85.728 85.558 85.433 85.365 85.319 85.28 85.244
-9999 -9999 -9999 -9999 -9999 -9999 -9999 -9999 -9999 -9999 -9999 -9999 -9999 -9999 -9999 -9999 -9999 -9999 -9999 -9999 -9999 -9999 -9999 -9999 -9999 -9999 -9999 -9999 -9999 -9999 -9999 -9999 -9999 -9999 -9999 -9999 90.466 90.362 90.258 90.164 90.08 89.996 89.875 89.713 89.545 89.383 89.236 89.089 88.941 88.792 88.64 88.486 88.33 88.173 88.014 87.841 87.653 87.464 87.298 87.137 86.971 86.799 86.62 86.438 86.279 86.148 86.01 85.857 85.687 85.537 85.42 85.356 85.306 85.26 85.216
-9999 -9999 -9999 -9999 -9999 -9999 -9999 -9999 -9999 -9999 -9999 -9999 -9999 -9999 -9999 -9999 -9999 -9999 -9999 -9999 -9999 -9999 -9999 -9999 -9999 -9999 -9999 -9999 -9999 -9999 -9999 -9999 -9999 -9999 -9999 -9999 90.369 90.267 90.171 90.089 90.007 89.923 89.808 89.657 89.501 89.355 89.209 89.064 88.919 88.773 88.624 88.473 88.32 88.166 88.007 87.833 87.645 87.454 87.265 87.096 86.93 86.758 86.578 86.399 86.243 86.11 85.972 85.817 85.648 85.516 85.418 85.347 85.292 85.24 85.189
-9999 -9999 -9999 -9999 -9999 -9999 -9999 -9999 -9999 -9999 -9999 -9999 -9999 -9999 -9999 -9999 -9999 -9999 -9999 -9999 -9999 -9999 -9999 90.728 90.757 90.795 90.806 -9999 90.804 -9999 -9999 -9999 -9999 -9999 -9999 -9999 -9999 90.176 90.096 90.015 89.933 89.85 89.748 89.62 89.474 89.329 89.186 89.042 88.899 88.755 88.61 88.461 88.311 88.16 87.998 87.823 87.637 87.449 87.257 87.063 86.888 86.715 86.533 86.358 86.207 86.071 85.93 85.774 85.627 85.506 85.416 85.338 85.277 85.22 85.162
-9999 -9999 -9999 -9999 -9999 -9999 -9999 -9999 -9999 -9999 -9999 -9999 -9999 -9999 -9999 -9999 -9999 -9999 -9999 -9999 90.383 90.452 90.526 90.6 90.652 90.684 90.694 90.696 90.695 90.68 90.641 -9999 -9999 90.469 90.379 90.277 90.181 90.101 90.021 89.94 89.862 89.791 89.711 89.596 89.45 89.307 89.165 89.023 88.881 88.739 88.596 88.45 88.302 88.154 87.99 87.812 87.629 87.444 87.255 87.06 86.858 86.671 86.485 86.314 86.168 86.03 85.885 85.737 85.608 85.506 85.412 85.328 85.26 85.197 85.133
-9999 -9999 -9999 -9999 -9999 -9999 -9999 -9999 -9999 -9999 -9999 -9999 -9999 -9999 -9999 -9999 -9999 -9999 -9999 90.134 90.207 90.27 90.358 90.439 90.5 90.54 90.567 90.573 90.574 90.558 90.515 90.465 90.414 90.355 90.279 90.185 90.106 90.026 89.949 89.879 89.813 89.749 89.678 89.575 89.431 89.288 89.146 89.006 88.865 88.725 88.583 88.439 88.294 88.144 87.98 87.801 87.622 87.439 87.253 87.06 86.859 86.647 86.438 86.266 86.125 85.984 85.835 85.711 85.6 85.504 85.406 85.315 85.24 85.172 85.103
-9999 -9999 -9999 -9999 -9999 -9999 -9999 -9999 -9999 -9999 -9999 -9999 -9999 -9999 -9999 -9999 -9999 -9999 -9999 89.959 90.004 90.075 90.174 90.26 90.327 90.38 90.417 90.439 90.444 90.426 90.381 90.333 90.283 90.233 90.175 90.112 90.038 89.968 89.902 89.836 89.771 89.707 89.643 89.546 89.414 89.272 89.131 88.991 88.852 88.712 88.572 88.429 88.286 88.134 87.967 87.791 87.614 87.434 87.249 87.058 86.858 86.646 86.43 86.235 86.081 85.932 85.804 85.695 85.6 85.499 85.397 85.3 85.218 85.144 85.069
-9999 -9999 -9999 -9999 -9999 -9999 -9999 -9999 -9999 -9999 -9999 -9999 -9999 -9999 -9999 -9999 -9999 -9999 -9999 89.759 89.805 89.881 89.984 90.074 90.145 90.204 90.254 90.287 90.303 90.283 90.24 90.194 90.154 90.129 90.101 90.058 89.996 89.929 89.862 89.797 89.731 89.667 89.604 89.519 89.402 89.26 89.119 88.979 88.84 88.701 88.561 88.42 88.278 88.124 87.955 87.781 87.606 87.428 87.245 87.055 86.854 86.641 86.434 86.244 86.066 85.905 85.782 85.691 85.596 85.49 85.383 85.28 85.192 85.113 85.032
-9999 -9999 -9999 -9999 -9999 -9999 -9999 -9999 -9999 -9999 -9999 -9999 -9999 -9999 -9999 89.339 89.4 -9999 89.511 89.558 89.614 89.712 89.813 89.902 89.973 90.036 90.092 90.138 90.166 90.153 90.118 90.092 90.077 90.06 90.04 90.007 89.96 89.892 89.826 89.76 89.694 89.63 89.567 89.496 89.394 89.251 89.109 88.969 88.83 88.691 88.552 88.411 88.27 88.114 87.943 87.77 87.596 87.421 87.24 87.05 86.848 86.633 86.434 86.254 86.085 85.939 85.812 85.702 85.591 85.478 85.365 85.257 85.163 85.078 84.992
-9999 -9999 -9999 -9999 -9999 -9999 -9999 -9999 -9999 -9999 -9999 -9999 -9999 -9999 -9999 89.173 89.242 89.303 89.36 89.413 89.478 89.555 89.653 89.744 89.819 89.886 89.947 90.001 90.039 90.05 90.037 90.026 90.011 89.995 89.976 89.953 89.914 89.859 89.792 89.726 89.66 89.596 89.533 89.47 89.374 89.246 89.103 88.961 88.821 88.683 88.543 88.402 88.261 88.104 87.93 87.758 87.586 87.412 87.233 87.043 86.838 86.63 86.434 86.268 86.123 85.994 85.877 85.758 85.633 85.498 85.362 85.233 85.129 85.039 84.946
-9999 -9999 -9999 -9999 -9999 -9999 -9999 -9999 -9999 -9999 -9999 -9999 -9999 -9999 88.902 89.004 89.084 89.157 89.222 89.284 89.343 89.413 89.491 89.578 89.66 89.733 89.802 89.873 89.939 89.971 89.97 89.959 89.945 89.929 89.911 89.89 89.862 89.82 89.761 89.694 89.629 89.564 89.5 89.436 89.355 89.245 89.1 88.957 88.816 88.676 88.536 88.394 88.251 88.091 87.917 87.745 87.572 87.4 87.224 87.031 86.82 86.62 86.446 86.304 86.175 86.057 85.938 85.818 85.696 85.559 85.412 85.27 85.146 85.037 84.926
-9999 -9999 -9999 -9999 -9999 -9999 -9999 -9999 -9999 -9999 -9999 -9999 -9999 -9999 -9999 88.821 88.915 88.998 89.073 89.143 89.208 89.271 89.34 89.411 89.5 89.596 89.688 89.775 89.849 89.891 89.901 89.891 89.878 89.862 89.845 89.825 89.802 89.77 89.726 89.664 89.598 89.533 89.468 89.403 89.333 89.234 89.101 88.955 88.812 88.671 88.528 88.386 88.241 88.079 87.903 87.728 87.554 87.379 87.199 -9999 86.8 86.621 86.48 86.353 86.235 86.117 85.997 85.876 85.753 85.621 85.472 85.329 85.202 85.083 84.963
-9999 -9999 -9999 -9999 -9999 -9999 -9999 -9999 -9999 -9999 -9999 -9999 -9999 -9999 88.543 88.622 88.729 88.824 88.915 89.001 89.083 89.162 89.237 89.315 89.395 89.483 89.583 89.674 89.753 89.805 89.821 89.819 89.807 89.793 89.776 89.757 89.735 89.711 89.677 89.632 89.568 89.502 89.436 89.37 89.302 89.217 89.106 88.957 88.811 88.667 88.522 88.379 88.231 88.066 87.887 87.709 87.53 87.348 87.161 86.962 -9999 86.649 -9999 86.41 -9999 86.174 -9999 85.932 85.808 85.679 85.532 85.388 85.26 85.139 -9999
-9999 -9999 -9999 -9999 -9999 -9999 -9999 -9999 -9999 -9999 -9999 -9999 -9999 -9999 88.355 88.493 88.61 88.718 88.82 88.916 89.007 89.095 89.178 89.252 89.321 89.397 89.474 89.565 89.65 89.708 89.735 89.744 89.733 89.72 89.704 89.686 89.665 89.642 89.617 89.58 89.535 89.471 89.404 89.336 89.268 89.196 89.094 88.964 88.814 88.666 88.518 88.371 88.221 88.052 87.868 87.684 87.499 87.31 87.121 86.955 -9999 -9999 86.581 86.465 -9999 -9999 86.109 85.986 85.861 -9999 -9999 -9999 -9999 -9999 -9999
-9999 -9999 -9999 -9999 -9999 -9999 -9999 -9999 -9999 -9999 -9999 -9999 -9999 88.093 88.254 88.393 88.519 88.635 88.742 88.843 88.939 89.03 89.116 89.193 89.261 89.326 89.396 89.466 89.537 89.604 89.64 89.657 89.653 89.642 89.627 89.61 89.591 89.569 89.544 89.517 89.48 89.434 89.371 89.301 89.232 89.161 89.077 88.968 88.82 88.667 88.514 88.363 88.209 88.035 87.845 87.655 87.461 -9999 -9999 -9999 86.858 -9999 -9999 -9999 -9999 -9999 -9999 86.034 -9999 -9999 -9999 -9999 -9999 -9999 -9999
