Validation/Results/ReClimate_10_2024_1_Temperatureweatherlogisticsltd.asc
NCOLS 192
NROWS 249
XLLCENTER -225160.85627316462
YLLCENTER 29788.11610251502
CELLSIZE 5000.0
NODATA_VALUE -9999
[rows 204 to 237 of 249, columns 77 to 153 of 192]
-9999 -9999 0.291 -9999 0.301 0.308 0.312 0.315 0.319 0.323 0.329 0.336 0.34 0.343 0.352 0.362 0.366 0.368 0.363 0.357 0.363 0.371 0.371 0.371 0.37 0.369 0.368 0.367 0.363 0.358 0.354 0.35 0.354 0.36 0.364 0.367 0.363 0.359 0.361 0.362 0.363 0.363 0.376 0.39 0.388 0.385 0.411 0.442 0.429 0.41 0.409 0.406 0.407 0.406 0.41 0.415 0.418 0.421 0.413 0.403 0.399 0.393 0.398 0.404 0.413 0.427 0.418 0.407 0.404 0.4 0.4 0.402 0.413 0.426 0.417 0.407 0.404
-9999 -9999 -9999 -9999 -9999 -9999 0.314 0.323 0.326 0.324 0.329 0.334 0.335 0.329 0.338 0.35 0.36 0.383 0.377 0.363 0.368 0.372 0.371 0.369 0.366 0.359 0.357 0.353 0.354 0.366 0.364 0.366 0.367 0.358 0.362 0.371 0.369 0.368 0.366 0.36 0.363 0.372 0.38 0.38 0.379 0.383 0.402 0.416 0.408 0.412 0.413 0.412 0.409 0.407 0.413 0.419 0.418 0.418 0.412 0.403 0.4 0.393 0.399 0.405 0.402 0.408 0.41 0.406 0.411 0.413 0.413 0.416 0.412 0.417 0.412 0.404 0.408
-9999 -9999 -9999 -9999 -9999 -9999 0.318 0.327 0.327 0.325 0.329 0.334 0.331 0.325 0.336 0.347 0.367 0.39 0.381 0.368 0.371 0.375 0.373 0.371 0.365 0.358 0.355 0.351 0.36 0.372 0.374 0.377 0.37 0.361 0.368 0.377 0.376 0.375 0.369 0.362 0.37 0.379 0.379 0.378 0.382 0.386 0.396 0.408 0.411 0.415 0.417 0.417 0.414 0.41 0.416 0.423 0.422 0.419 0.413 0.406 0.402 0.395 0.4 0.407 0.405 0.403 0.405 0.408 0.412 0.419 0.42 0.422 0.419 0.415 0.411 0.406 0.409
-9999 -9999 -9999 -9999 0.294 0.3 0.312 0.332 -9999 0.332 0.335 0.339 0.331 0.312 0.319 -9999 0.337 0.346 0.345 0.361 0.365 0.37 0.371 0.378 0.373 0.368 0.369 0.375 0.38 0.373 0.375 0.378 0.374 0.374 0.379 0.38 0.376 0.368 0.366 0.371 0.374 0.37 0.371 0.377 0.38 0.384 0.392 0.397 0.402 0.406 0.413 0.416 0.415 0.412 0.409 0.412 0.415 0.415 0.423 0.423 0.407 0.394 0.402 0.411 0.418 0.422 0.421 0.423 0.413 0.411 0.41 0.411 0.413 0.412 0.408 0.403 0.411
-9999 -9999 -9999 -9999 0.296 -9999 -9999 -9999 0.336 0.335 0.338 -9999 -9999 -9999 -9999 -9999 0.325 0.331 0.344 0.359 0.365 0.37 0.377 0.384 0.38 0.377 0.382 0.389 0.384 0.377 0.379 0.382 0.383 0.383 0.384 0.384 0.377 0.369 0.373 0.379 0.374 0.37 0.374 0.379 0.383 0.387 0.391 0.396 0.4 0.406 0.411 0.418 0.417 0.416 0.413 0.41 0.413 0.417 0.422 0.43 0.415 0.395 0.403 0.414 0.421 0.431 0.43 0.43 0.421 0.411 0.409 0.409 0.41 0.413 0.409 0.405 0.413
-9999 -9999 -9999 -9999 -9999 -9999 0.311 0.323 0.323 0.325 0.329 -9999 -9999 -9999 -9999 -9999 -9999 -9999 -9999 0.359 0.363 0.362 0.371 0.385 0.381 0.376 0.385 0.405 0.396 0.376 0.377 0.377 0.375 0.369 0.367 0.365 0.367 0.387 0.387 0.378 0.376 0.38 0.38 0.374 0.379 0.389 0.391 0.391 0.403 0.413 0.417 0.422 0.418 0.415 0.408 0.402 0.405 0.407 0.402 0.402 0.394 0.379 0.395 0.41 0.406 0.409 0.412 0.412 0.414 0.41 0.407 0.406 0.413 0.419 0.406 0.397 0.404
-9999 -9999 -9999 -9999 -9999 -9999 -9999 0.321 -9999 -9999 -9999 -9999 -9999 -9999 -9999 -9999 -9999 0.356 0.36 0.36 0.361 0.361 0.373 0.387 0.384 0.38 0.396 0.415 0.399 0.379 0.38 0.38 0.374 0.367 0.365 0.362 0.378 0.398 0.391 0.382 -9999 0.388 0.382 0.376 0.384 0.393 0.393 0.392 0.404 0.418 0.422 0.426 0.422 0.417 0.411 0.401 0.403 0.405 0.4 0.394 0.385 0.375 0.39 0.409 0.406 0.403 0.405 0.408 0.409 0.412 0.409 0.408 0.414 0.424 0.412 0.397 0.405
-9999 -9999 -9999 -9999 -9999 -9999 -9999 -9999 -9999 -9999 -9999 -9999 -9999 -9999 -9999 -9999 -9999 0.349 0.352 0.358 0.364 -9999 -9999 -9999 0.391 0.398 0.407 0.401 0.39 0.389 0.389 0.388 0.385 0.386 0.384 0.378 0.39 0.398 0.395 -9999 0.398 0.389 0.385 0.381 0.388 0.394 0.4 0.419 0.426 0.421 0.418 0.419 0.424 0.423 0.41 0.397 0.399 0.402 0.398 0.393 0.393 0.388 0.387 0.397 0.402 0.403 0.402 0.403 0.407 0.411 0.408 0.406 0.415 0.426 0.424 0.417 0.409
-9999 -9999 -9999 -9999 -9999 -9999 -9999 -9999 -9999 -9999 -9999 -9999 -9999 -9999 -9999 -9999 -9999 -9999 -9999 -9999 -9999 -9999 -9999 -9999 0.396 0.406 0.402 0.398 0.398 0.397 0.396 0.395 0.396 0.398 0.394 0.389 0.394 -9999 -9999 0.41 0.403 0.394 0.391 0.387 0.392 0.398 0.414 0.433 0.43 0.425 0.422 0.418 0.421 0.426 0.412 0.397 0.398 0.402 0.398 0.395 0.394 0.395 0.394 0.394 0.398 0.405 0.404 0.404 0.407 0.413 0.411 0.409 0.417 0.429 0.427 0.426 0.419
-9999 -9999 -9999 -9999 -9999 -9999 -9999 -9999 -9999 -9999 -9999 -9999 -9999 -9999 -9999 -9999 -9999 -9999 -9999 -9999 -9999 -9999 -9999 -9999 0.395 0.401 0.398 0.395 0.395 0.393 0.4 0.423 0.419 0.403 -9999 -9999 -9999 -9999 -9999 0.4 0.393 0.388 0.388 0.394 0.394 0.387 0.4 0.415 0.417 0.434 0.431 0.428 0.426 0.428 0.418 0.405 0.409 0.414 0.409 0.406 0.4 0.397 0.381 0.372 0.393 0.409 0.408 0.408 0.412 0.418 0.415 0.412 0.416 0.425 0.423 0.422 0.414
-9999 -9999 -9999 -9999 -9999 -9999 -9999 -9999 -9999 -9999 -9999 -9999 -9999 -9999 -9999 -9999 -9999 -9999 -9999 -9999 -9999 -9999 -9999 -9999 -9999 -9999 0.396 0.396 0.395 0.393 0.412 0.435 0.418 -9999 -9999 -9999 -9999 0.411 0.406 0.4 0.395 0.391 0.395 0.4 0.394 0.385 0.396 0.408 0.421 0.438 0.435 0.431 0.43 0.429 0.42 0.409 0.413 0.42 0.416 0.411 0.406 0.4 0.385 0.367 0.386 0.412 0.411 0.411 0.415 0.421 0.419 0.415 0.419 0.426 0.424 0.423 0.415
-9999 -9999 -9999 -9999 -9999 -9999 -9999 -9999 -9999 -9999 -9999 -9999 -9999 -9999 -9999 -9999 -9999 -9999 -9999 -9999 -9999 -9999 -9999 -9999 -9999 -9999 -9999 0.39 0.393 0.399 0.414 0.421 -9999 -9999 -9999 -9999 0.419 0.409 0.408 0.413 0.406 0.391 0.396 0.405 0.402 0.402 0.403 0.389 0.402 0.422 0.424 0.422 0.414 0.408 0.414 0.413 0.408 0.408 0.404 0.399 0.403 0.402 0.401 0.391 0.381 0.389 0.403 0.412 0.412 0.416 0.414 0.411 0.41 0.412 0.409 0.407 0.41
-9999 -9999 -9999 -9999 -9999 -9999 -9999 -9999 -9999 -9999 -9999 -9999 -9999 -9999 -9999 -9999 -9999 -9999 -9999 -9999 -9999 -9999 -9999 -9999 -9999 -9999 -9999 -9999 -9999 -9999 -9999 -9999 -9999 -9999 -9999 0.426 0.42 0.41 0.414 0.419 0.407 0.392 0.399 0.409 0.409 0.409 0.397 0.382 0.397 0.417 0.418 0.42 0.411 0.402 0.407 0.415 0.41 0.405 0.401 0.396 0.4 0.405 0.403 0.402 0.393 0.383 0.396 0.413 0.414 0.415 0.414 0.412 0.41 0.409 0.407 0.405 0.406
-9999 -9999 -9999 -9999 -9999 -9999 -9999 -9999 -9999 -9999 -9999 -9999 -9999 -9999 -9999 -9999 -9999 -9999 -9999 -9999 -9999 -9999 -9999 -9999 -9999 -9999 -9999 -9999 -9999 -9999 -9999 -9999 -9999 -9999 0.417 0.42 0.413 0.408 0.413 0.422 0.413 0.406 0.414 0.422 0.419 0.409 0.399 0.39 0.403 0.414 0.415 0.417 0.405 0.394 0.394 0.398 0.393 0.387 0.391 0.39 0.396 0.402 0.393 0.387 0.386 0.379 0.398 0.419 0.407 0.401 0.401 0.4 0.404 0.405 0.406 0.406 0.408
-9999 -9999 -9999 -9999 -9999 -9999 -9999 -9999 -9999 -9999 -9999 -9999 -9999 -9999 -9999 -9999 -9999 -9999 -9999 -9999 -9999 -9999 -9999 -9999 -9999 -9999 -9999 -9999 -9999 -9999 -9999 -9999 -9999 -9999 0.423 0.419 0.414 0.408 0.416 0.425 0.42 0.414 0.42 0.428 0.42 0.411 0.403 0.395 0.403 0.413 0.414 0.416 0.405 0.392 0.392 0.392 0.388 0.382 0.385 0.39 0.395 0.403 0.394 0.384 0.382 0.38 0.398 0.423 0.411 0.397 0.398 0.399 0.402 0.406 0.407 0.41 0.412
-9999 -9999 -9999 -9999 -9999 -9999 -9999 -9999 -9999 -9999 -9999 -9999 -9999 -9999 -9999 -9999 -9999 -9999 -9999 -9999 -9999 0.396 0.399 0.405 0.408 -9999 0.404 -9999 -9999 -9999 -9999 -9999 -9999 -9999 -9999 0.415 0.41 0.407 0.412 0.418 0.413 0.41 0.412 0.407 0.405 0.419 0.409 0.393 0.388 0.391 0.402 0.41 0.408 0.402 0.395 0.391 0.389 0.385 0.384 0.386 0.397 0.408 0.407 0.401 0.396 0.393 0.394 0.408 0.409 0.402 0.399 0.397 0.392 0.392 0.399 0.405 0.411
-9999 -9999 -9999 -9999 -9999 -9999 -9999 -9999 -9999 -9999 -9999 -9999 -9999 -9999 -9999 -9999 -9999 -9999 0.406 0.413 0.407 0.397 0.402 0.408 0.409 0.408 0.408 0.406 0.404 -9999 -9999 0.434 0.437 0.438 0.429 0.415 0.412 0.408 0.412 0.416 0.413 0.41 0.404 0.399 0.409 0.423 0.409 0.394 0.389 0.384 0.394 0.408 0.407 0.406 0.399 0.392 0.389 0.387 0.386 0.387 0.397 0.411 0.41 0.409 0.404 0.4 0.402 0.405 0.405 0.406 0.403 0.399 0.395 0.39 0.396 0.406 0.412
-9999 -9999 -9999 -9999 -9999 -9999 -9999 -9999 -9999 -9999 -9999 -9999 -9999 -9999 -9999 -9999 -9999 0.403 0.41 0.405 0.397 0.385 0.395 0.415 0.418 0.422 0.418 0.406 0.405 0.406 0.422 0.44 0.442 0.44 0.425 0.401 0.399 0.402 0.403 0.403 0.401 0.403 0.401 0.403 0.412 0.422 0.412 0.407 0.405 0.406 0.407 0.416 0.407 0.402 0.4 0.395 0.394 0.392 0.39 0.389 0.391 0.4 0.401 0.401 0.41 0.414 0.407 0.405 0.403 0.403 0.403 0.402 0.398 0.393 0.396 0.403 0.405
-9999 -9999 -9999 -9999 -9999 -9999 -9999 -9999 -9999 -9999 -9999 -9999 -9999 -9999 -9999 -9999 -9999 0.408 0.397 0.402 0.392 0.381 0.399 0.419 0.424 0.428 0.42 0.409 0.41 0.412 0.426 0.443 0.443 0.441 0.421 0.397 0.398 0.4 0.399 0.399 0.4 0.402 0.403 0.406 0.413 0.422 0.418 0.414 0.414 0.415 0.416 0.419 0.411 0.401 0.399 0.397 0.396 0.395 0.393 0.391 0.393 0.397 0.398 0.4 0.408 0.42 0.414 0.407 0.405 0.404 0.404 0.405 0.402 0.398 0.4 0.405 0.407
-9999 -9999 -9999 -9999 -9999 -9999 -9999 -9999 -9999 -9999 -9999 -9999 -9999 -9999 -9999 -9999 -9999 0.398 0.396 0.375 0.37 0.377 0.393 0.409 0.418 0.435 0.431 0.427 0.431 0.439 0.446 0.437 0.435 0.434 0.42 0.413 0.411 0.402 0.401 0.399 0.399 0.396 0.397 0.4 0.402 0.398 0.399 0.413 0.411 0.406 0.398 0.395 0.401 0.399 0.396 0.393 0.396 0.398 0.394 0.391 0.392 0.394 0.391 0.391 0.398 0.408 0.408 0.404 0.39 0.381 0.388 0.393 0.407 0.413 0.408 0.409 0.419
-9999 -9999 -9999 -9999 -9999 -9999 -9999 -9999 -9999 -9999 -9999 -9999 -9999 0.397 0.4 -9999 0.401 0.39 0.378 0.365 0.369 0.376 0.39 0.406 0.421 0.439 0.438 0.435 0.442 0.45 0.443 0.434 0.433 0.432 0.427 0.421 0.413 0.405 0.403 0.401 0.398 0.395 0.396 0.399 0.395 0.39 0.401 0.414 0.409 0.403 0.396 0.388 0.392 0.398 0.395 0.392 0.395 0.4 0.396 0.392 0.392 0.394 0.391 0.389 0.396 0.405 0.405 0.405 0.392 0.376 0.382 0.392 0.404 0.421 0.417 0.414 0.423
-9999 -9999 -9999 -9999 -9999 -9999 -9999 -9999 -9999 -9999 -9999 -9999 -9999 0.402 0.403 0.398 0.396 0.398 0.389 0.377 0.38 0.381 0.393 0.405 0.42 0.437 0.439 0.439 0.443 0.441 0.439 0.447 0.446 0.44 0.435 0.427 0.42 0.411 0.409 0.409 0.407 0.405 0.404 0.398 0.397 0.401 0.408 0.41 0.407 0.407 0.39 0.376 0.387 0.397 0.398 0.397 0.396 0.398 0.393 0.388 0.388 0.388 0.386 0.384 0.385 0.39 0.383 0.379 0.38 0.372 0.377 0.385 0.394 0.408 0.421 0.427 0.417
-9999 -9999 -9999 -9999 -9999 -9999 -9999 -9999 -9999 -9999 -9999 -9999 0.39 0.402 0.4 0.397 0.4 0.402 0.394 0.383 0.383 0.383 0.394 0.405 0.42 0.436 0.439 0.44 0.439 0.437 0.444 0.453 0.448 0.443 0.437 0.43 0.423 0.414 0.413 0.413 0.412 0.411 0.405 0.399 0.402 0.406 0.407 0.409 0.409 0.41 0.393 0.373 0.384 0.398 0.398 0.4 0.398 0.398 0.393 0.387 0.387 0.388 0.386 0.384 0.385 0.387 0.38 0.372 0.372 0.374 0.379 0.386 0.395 0.406 0.418 0.435 0.426
-9999 -9999 -9999 -9999 -9999 -9999 -9999 -9999 -9999 -9999 -9999 -9999 -9999 0.401 0.398 0.389 0.393 0.4 0.392 0.383 0.382 0.382 0.39 0.396 0.406 0.413 0.418 0.43 0.428 0.421 0.425 0.428 0.427 0.434 0.429 0.426 0.419 0.413 0.414 0.419 0.42 0.424 0.418 0.411 0.411 0.406 0.405 0.402 0.396 0.392 0.389 0.377 0.379 0.387 0.386 0.386 0.381 -9999 0.378 0.374 0.38 0.383 0.388 0.391 0.386 0.384 0.386 0.383 0.372 0.366 0.38 0.394 0.392 0.398 0.4 0.409 0.416
-9999 -9999 -9999 -9999 -9999 -9999 -9999 -9999 -9999 -9999 -9999 -9999 0.391 0.401 0.394 0.386 0.392 0.399 0.392 0.383 0.382 0.382 0.387 0.392 0.397 0.402 0.414 0.426 0.421 0.414 0.416 0.418 0.424 0.43 0.428 0.425 0.419 0.413 0.417 0.422 0.425 0.429 0.423 0.416 0.411 0.406 0.404 0.401 0.395 0.387 0.384 0.381 0.382 0.384 0.383 0.383 0.377 0.373 -9999 0.372 -9999 0.384 -9999 0.395 -9999 0.386 0.387 0.389 0.379 0.367 0.38 0.399 -9999 -9999 -9999 0.402 0.408
-9999 -9999 -9999 -9999 -9999 -9999 -9999 -9999 -9999 -9999 -9999 -9999 0.389 0.402 0.398 0.394 0.401 0.41 0.402 0.386 0.384 0.381 0.383 0.382 0.387 0.395 0.403 0.402 0.397 0.39 0.396 0.414 0.416 0.415 0.414 0.416 0.414 0.417 0.418 0.414 0.419 0.429 0.424 0.42 0.412 0.397 0.393 0.39 0.386 0.387 0.38 0.375 0.381 0.386 0.384 0.384 0.392 0.395 -9999 -9999 0.39 0.398 -9999 -9999 0.38 0.378 0.374 -9999 -9999 -9999 -9999 -9999 -9999 -9999 -9999 -9999 -9999
-9999 -9999 -9999 -9999 -9999 -9999 -9999 -9999 -9999 -9999 -9999 0.375 0.386 0.4 0.398 0.395 0.404 0.413 0.401 0.386 0.383 0.38 0.38 0.378 0.384 0.392 0.393 0.392 0.388 0.381 0.395 0.412 0.411 0.41 0.411 0.413 0.416 0.419 0.416 0.412 0.42 0.429 0.426 0.422 0.409 0.393 0.39 0.386 0.387 0.388 0.381 0.374 0.379 0.388 0.386 -9999 -9999 -9999 0.404 -9999 -9999 -9999 -9999 -9999 -9999 0.377 -9999 -9999 -9999 -9999 -9999 -9999 -9999 -9999 -9999 -9999 -9999
-9999 -9999 -9999 -9999 -9999 -9999 -9999 -9999 -9999 -9999 0.366 0.371 0.382 0.39 0.391 0.394 0.397 0.389 0.384 0.391 0.39 0.39 0.391 0.393 0.398 0.403 0.403 0.396 0.397 0.404 0.414 0.417 0.415 -9999 -9999 -9999 -9999 -9999 0.423 0.42 0.428 0.436 0.43 0.414 0.399 0.381 0.381 0.389 -9999 0.392 -9999 -9999 -9999 -9999 -9999 0.404 0.408 0.402 0.4 0.399 0.397 -9999 -9999 -9999 -9999 -9999 -9999 -9999 -9999 -9999 -9999 -9999 -9999 -9999 -9999 -9999 -9999
-9999 -9999 -9999 -9999 -9999 -9999 -9999 -9999 -9999 0.359 0.363 0.367 0.376 0.384 0.388 0.392 0.386 0.378 0.385 0.392 0.392 0.393 0.396 0.398 0.403 0.407 0.405 0.399 0.406 0.414 -9999 -9999 -9999 -9999 -9999 -9999 -9999 -9999 -9999 -9999 0.435 0.439 0.427 0.411 0.396 0.378 0.383 0.39 0.393 -9999 -9999 -9999 -9999 -9999 -9999 -9999 0.406 0.402 0.4 0.4 -9999 -9999 -9999 -9999 -9999 -9999 -9999 -9999 -9999 -9999 -9999 -9999 -9999 -9999 -9999 -9999 -9999
-9999 -9999 -9999 -9999 -9999 -9999 -9999 0.366 0.362 0.364 0.365 0.362 0.367 0.364 0.37 0.381 0.378 0.379 0.387 0.4 0.398 0.39 0.392 0.393 0.395 0.393 0.394 0.406 -9999 -9999 -9999 -9999 -9999 -9999 -9999 -9999 -9999 -9999 -9999 -9999 -9999 0.429 -9999 -9999 -9999 -9999 -9999 0.399 0.398 -9999 -9999 -9999 -9999 -9999 -9999 -9999 -9999 -9999 0.405 0.407 -9999 -9999 -9999 -9999 -9999 -9999 -9999 -9999 -9999 -9999 -9999 -9999 -9999 -9999 -9999 -9999 -9999
-9999 -9999 -9999 -9999 -9999 -9999 0.373 -9999 0.368 0.364 0.36 0.357 0.356 0.354 0.364 0.374 0.377 0.378 0.389 0.402 0.395 0.387 0.39 0.391 0.39 0.387 0.397 0.41 -9999 -9999 -9999 -9999 -9999 -9999 -9999 -9999 -9999 -9999 -9999 -9999 -9999 -9999 0.416 -9999 -9999 -9999 -9999 -9999 -9999 -9999 -9999 -9999 -9999 -9999 -9999 -9999 -9999 -9999 -9999 -9999 -9999 -9999 -9999 -9999 -9999 -9999 -9999 -9999 -9999 -9999 -9999 -9999 -9999 -9999 -9999 -9999 -9999
-9999 -9999 -9999 -9999 -9999 0.379 0.376 0.388 0.384 0.373 0.371 0.37 0.37 0.37 0.377 0.376 0.375 -9999 0.375 0.384 0.382 0.392 0.395 0.397 0.397 0.393 0.404 -9999 -9999 -9999 -9999 -9999 -9999 -9999 -9999 -9999 -9999 -9999 -9999 -9999 -9999 -9999 -9999 -9999 -9999 -9999 -9999 -9999 -9999 -9999 -9999 -9999 -9999 -9999 -9999 -9999 -9999 -9999 -9999 -9999 -9999 -9999 -9999 -9999 -9999 -9999 -9999 -9999 -9999 -9999 -9999 -9999 -9999 -9999 -9999 -9999 -9999
-9999 -9999 -9999 -9999 -9999 0.383 0.389 0.393 0.385 0.375 0.374 0.373 0.373 0.373 0.375 0.374 0.368 0.358 0.366 0.375 0.383 0.392 0.396 0.399 0.399 0.396 0.406 -9999 -9999 -9999 -9999 -9999 -9999 -9999 -9999 -9999 -9999 -9999 -9999 -9999 -9999 -9999 -9999 -9999 -9999 -9999 -9999 -9999 -9999 -9999 -9999 -9999 -9999 -9999 -9999 -9999 -9999 -9999 -9999 -9999 -9999 -9999 -9999 -9999 -9999 -9999 -9999 -9999 -9999 -9999 -9999 -9999 -9999 -9999 -9999 -9999 -9999
-9999 -9999 -9999 -9999 0.383 0.378 0.378 0.37 0.364 0.361 0.362 0.368 0.364 0.354 0.358 0.369 0.37 0.382 0.387 0.382 0.389 0.393 0.397 0.402 0.402 0.4 -9999 -9999 -9999 -9999 -9999 -9999 -9999 -9999 -9999 -9999 -9999 -9999 -9999 -9999 -9999 -9999 -9999 -9999 -9999 -9999 -9999 -9999 -9999 -9999 -9999 -9999 -9999 -9999 -9999 -9999 -9999 -9999 -9999 -9999 -9999 -9999 -9999 -9999 -9999 -9999 -9999 -9999 -9999 -9999 -9999 -9999 -9999 -9999 -9999 -9999 -9999
