Validation/Results/ReClimate_11_2023_2_Temperature-Actuals.asc
NCOLS 192
NROWS 249
XLLCENTER -225160.85627316462
YLLCENTER 29788.11610251502
CELLSIZE 5000.0
NODATA_VALUE -9999
[rows 102 to 135 of 249, columns 77 to 153 of 192]
3.061 3.052 4.892 5.629 -9999 -9999 4.642 -9999 -9999 4.396 2.207 1.879 3.277 2.585 0.828 2.309 1.397 1.313 1.412 1.835 3.356 2.644 1.876 1.076 1.499 2.314 1.726 1.954 2.97 3.671 4.018 3.904 3.504 2.927 3.754 4.013 4.128 4.354 4.399 4.576 -9999 -9999 -9999 -9999 -9999 -9999 -9999 -9999 -9999 -9999 -9999 -9999 -9999 -9999 -9999 -9999 -9999 -9999 -9999 -9999 -9999 -9999 -9999 -9999 -9999 -9999 -9999 -9999 -9999 -9999 -9999 -9999 -9999 -9999 -9999 -9999 -9999
3.408 4.597 -9999 -9999 -9999 5.225 4.128 4.367 3.883 3.657 2.704 4.04 3.656 2.377 2.448 2.841 2.85 2.705 2.583 2.731 1.985 2.669 1.921 2.072 1.832 1.536 2.096 2.752 3.466 3.945 4.047 3.825 3.316 3.93 4.421 -9999 -9999 4.659 -9999 -9999 -9999 -9999 -9999 -9999 -9999 -9999 -9999 -9999 -9999 -9999 -9999 -9999 -9999 -9999 -9999 -9999 -9999 -9999 -9999 -9999 -9999 -9999 -9999 -9999 -9999 -9999 -9999 -9999 -9999 -9999 -9999 -9999 -9999 -9999 -9999 -9999 -9999
-9999 4.859 -9999 -9999 -9999 4.941 3.979 3.707 3.59 3.823 4.19 3.356 2.342 2.288 2.858 3.23 2.786 2.289 2.795 2.425 3.52 2.712 2.42 3.037 3.393 3.595 3.462 3.801 4.03 4.025 4.124 4.131 4.101 4.505 -9999 4.376 4.488 4.507 4.59 -9999 -9999 -9999 -9999 -9999 -9999 -9999 -9999 -9999 -9999 -9999 -9999 -9999 -9999 -9999 -9999 -9999 -9999 -9999 -9999 -9999 -9999 -9999 -9999 -9999 -9999 -9999 -9999 -9999 -9999 -9999 -9999 -9999 -9999 -9999 -9999 -9999 -9999
-9999 -9999 -9999 5.457 5.0 4.125 3.931 3.489 3.788 3.528 2.649 2.155 2.109 3.079 3.045 3.563 2.319 3.236 1.995 3.322 2.327 1.511 3.077 3.643 3.456 3.717 4.096 4.049 4.261 4.335 4.355 4.42 -9999 4.491 4.393 4.429 4.348 4.544 4.57 -9999 -9999 -9999 -9999 -9999 -9999 -9999 -9999 -9999 -9999 -9999 -9999 -9999 -9999 -9999 -9999 -9999 -9999 -9999 -9999 -9999 -9999 -9999 -9999 -9999 -9999 -9999 -9999 -9999 -9999 -9999 -9999 -9999 -9999 -9999 -9999 -9999 -9999
-9999 -9999 -9999 5.297 5.396 4.755 3.726 3.77 4.071 3.042 3.712 3.531 3.113 2.465 3.786 3.858 2.975 2.217 2.811 2.793 1.68 2.471 2.428 2.209 3.113 3.607 3.752 3.995 3.966 3.736 3.691 3.613 3.885 4.396 4.553 4.232 4.011 4.249 4.366 4.754 -9999 -9999 -9999 -9999 -9999 -9999 -9999 -9999 -9999 -9999 -9999 -9999 -9999 -9999 -9999 -9999 -9999 -9999 -9999 -9999 -9999 -9999 -9999 -9999 -9999 -9999 -9999 -9999 -9999 -9999 -9999 -9999 -9999 -9999 -9999 -9999 -9999
-9999 -9999 5.455 -9999 -9999 4.587 3.807 4.333 3.487 3.832 -9999 -9999 2.824 2.721 3.532 3.971 3.0 3.002 3.141 2.776 2.881 3.303 2.914 3.217 3.568 3.877 3.54 3.013 2.564 2.797 2.997 3.47 3.889 4.068 4.408 3.926 3.989 3.96 4.28 4.697 4.993 -9999 -9999 -9999 -9999 -9999 -9999 -9999 -9999 -9999 -9999 -9999 -9999 -9999 -9999 -9999 -9999 -9999 -9999 -9999 -9999 -9999 -9999 -9999 -9999 -9999 -9999 -9999 -9999 -9999 -9999 -9999 -9999 -9999 -9999 -9999 -9999
-9999 -9999 5.505 -9999 5.202 4.565 4.548 3.571 3.632 4.718 4.796 3.347 2.737 3.534 5.164 3.496 2.303 3.843 3.677 3.235 3.591 3.813 3.903 4.112 4.017 3.077 2.209 2.223 2.727 3.116 3.607 3.817 3.801 4.081 4.206 4.313 4.627 4.886 5.042 5.25 -9999 -9999 -9999 -9999 -9999 -9999 -9999 -9999 -9999 -9999 -9999 -9999 -9999 -9999 -9999 -9999 -9999 -9999 -9999 -9999 -9999 -9999 -9999 -9999 -9999 -9999 -9999 -9999 -9999 -9999 -9999 -9999 -9999 -9999 -9999 -9999 -9999
-9999 -9999 5.554 -9999 5.178 5.168 4.491 4.294 4.797 -9999 3.495 3.775 -9999 3.793 3.827 3.504 4.212 3.092 3.92 4.149 4.445 4.506 4.651 4.67 4.237 3.378 3.814 4.041 4.012 3.812 3.67 3.904 3.984 4.372 4.605 4.9 -9999 -9999 -9999 -9999 -9999 -9999 -9999 -9999 -9999 -9999 -9999 -9999 -9999 -9999 -9999 -9999 -9999 -9999 -9999 -9999 -9999 -9999 -9999 -9999 -9999 -9999 -9999 -9999 -9999 -9999 -9999 -9999 -9999 -9999 -9999 -9999 -9999 -9999 -9999 -9999 -9999
5.567 5.504 -9999 -9999 5.543 5.09 4.69 5.038 4.933 3.31 3.608 2.804 -9999 4.479 3.713 4.161 4.214 4.072 4.043 4.366 4.246 4.082 3.94 4.05 4.426 4.839 4.793 4.629 4.278 3.91 3.847 4.041 4.225 4.446 4.865 -9999 -9999 -9999 -9999 -9999 -9999 -9999 -9999 -9999 -9999 -9999 -9999 -9999 -9999 -9999 -9999 -9999 -9999 -9999 -9999 -9999 -9999 -9999 -9999 -9999 -9999 -9999 -9999 -9999 -9999 -9999 -9999 -9999 -9999 -9999 -9999 -9999 -9999 -9999 -9999 -9999 -9999
5.691 5.662 -9999 5.753 4.56 4.507 5.225 -9999 3.836 3.921 2.931 3.054 -9999 4.22 3.406 4.258 4.986 4.795 4.807 4.487 4.132 3.742 3.168 3.541 4.387 4.78 -9999 4.936 4.644 4.464 4.42 4.372 4.237 4.624 -9999 -9999 -9999 -9999 -9999 -9999 -9999 -9999 -9999 -9999 -9999 -9999 -9999 -9999 -9999 -9999 -9999 -9999 -9999 -9999 -9999 -9999 -9999 -9999 -9999 -9999 -9999 -9999 -9999 -9999 -9999 -9999 -9999 -9999 -9999 -9999 -9999 -9999 -9999 -9999 -9999 -9999 -9999
5.959 -9999 -9999 5.311 4.174 5.0 -9999 4.701 4.237 3.858 3.356 3.984 -9999 4.938 4.642 4.855 5.015 4.844 4.599 4.239 2.812 2.649 2.814 3.344 4.249 4.914 5.121 5.228 -9999 -9999 4.927 4.801 -9999 -9999 -9999 -9999 -9999 -9999 5.315 5.396 5.513 -9999 -9999 -9999 -9999 -9999 -9999 -9999 -9999 -9999 -9999 -9999 -9999 -9999 -9999 -9999 -9999 -9999 -9999 -9999 -9999 -9999 -9999 -9999 -9999 -9999 -9999 -9999 -9999 -9999 -9999 -9999 -9999 -9999 -9999 -9999 -9999
-9999 -9999 5.171 4.742 5.351 4.911 -9999 4.825 4.104 4.481 4.554 3.803 -9999 -9999 -9999 5.179 4.726 4.131 4.003 3.79 3.761 3.967 3.881 4.057 4.192 4.402 4.685 4.999 5.093 4.909 4.772 5.017 -9999 -9999 -9999 -9999 -9999 5.067 5.217 5.134 5.347 5.458 -9999 -9999 -9999 -9999 -9999 -9999 -9999 -9999 -9999 -9999 -9999 -9999 -9999 -9999 -9999 -9999 -9999 -9999 -9999 -9999 -9999 -9999 -9999 -9999 -9999 -9999 -9999 -9999 -9999 -9999 -9999 -9999 -9999 -9999 -9999
-9999 -9999 -9999 5.777 4.654 5.12 -9999 4.826 -9999 4.993 4.157 5.021 -9999 5.366 4.704 4.5 -9999 4.53 4.753 4.655 4.696 4.483 4.393 4.119 3.967 3.999 4.261 4.491 4.25 4.264 4.687 4.917 5.021 5.031 5.207 -9999 5.131 4.968 4.893 4.956 4.669 4.476 4.529 5.412 -9999 -9999 -9999 -9999 -9999 -9999 -9999 -9999 -9999 -9999 -9999 -9999 -9999 -9999 -9999 -9999 -9999 -9999 -9999 -9999 -9999 -9999 -9999 -9999 -9999 -9999 -9999 -9999 -9999 -9999 -9999 -9999 -9999
-9999 -9999 -9999 4.966 4.197 5.206 -9999 5.682 -9999 5.219 5.475 -9999 5.348 4.417 3.904 4.472 4.863 4.994 4.963 5.121 4.972 4.528 4.452 4.142 3.797 3.78 3.911 4.106 4.216 4.273 4.455 4.481 4.455 4.465 4.918 4.999 4.647 4.607 4.542 4.394 3.881 3.625 3.522 3.971 4.892 5.17 4.988 -9999 -9999 -9999 -9999 -9999 -9999 -9999 -9999 -9999 -9999 -9999 -9999 -9999 -9999 -9999 -9999 -9999 -9999 -9999 -9999 -9999 -9999 -9999 -9999 -9999 -9999 -9999 -9999 -9999 -9999
-9999 -9999 -9999 4.937 5.19 5.005 5.05 -9999 -9999 6.008 5.862 -9999 5.381 4.015 3.565 4.28 4.597 4.959 5.124 5.107 4.974 5.058 4.747 4.344 4.003 3.573 3.637 3.909 4.091 3.989 3.744 3.583 3.446 4.098 4.719 4.58 4.305 4.145 3.819 2.959 2.843 3.172 3.192 3.6 3.773 4.503 4.976 4.915 -9999 -9999 -9999 -9999 -9999 -9999 -9999 -9999 -9999 -9999 -9999 -9999 -9999 -9999 -9999 -9999 -9999 -9999 -9999 -9999 -9999 -9999 -9999 -9999 -9999 -9999 -9999 -9999 -9999
-9999 -9999 -9999 5.456 5.237 4.732 5.851 -9999 -9999 6.198 6.252 -9999 -9999 4.087 3.927 4.477 4.38 4.305 4.588 4.696 4.801 4.537 4.756 4.695 4.221 3.86 3.558 3.53 3.376 3.354 2.988 2.933 3.449 3.88 4.006 3.925 3.7 3.395 2.878 2.762 2.737 3.047 3.291 3.604 4.152 4.376 4.39 4.757 -9999 -9999 -9999 -9999 -9999 -9999 -9999 -9999 -9999 -9999 -9999 -9999 -9999 -9999 -9999 -9999 -9999 -9999 -9999 -9999 -9999 -9999 -9999 -9999 -9999 -9999 -9999 -9999 -9999
-9999 -9999 -9999 5.73 5.027 5.274 -9999 -9999 -9999 -9999 6.41 -9999 5.575 4.343 4.637 4.708 4.162 3.965 3.921 4.234 4.242 4.288 4.337 4.464 4.43 3.769 3.359 3.304 3.338 3.076 2.891 3.233 3.468 3.442 3.372 2.914 3.0 3.175 3.283 3.181 3.053 3.264 3.496 3.874 4.313 4.369 4.466 4.8 4.882 -9999 -9999 -9999 -9999 -9999 -9999 -9999 -9999 -9999 -9999 -9999 -9999 -9999 -9999 -9999 -9999 -9999 -9999 -9999 -9999 -9999 -9999 -9999 -9999 -9999 -9999 -9999 -9999
-9999 5.332 5.242 5.01 5.253 -9999 -9999 4.978 -9999 -9999 -9999 -9999 5.744 5.126 5.088 4.81 4.468 4.06 3.816 3.745 3.621 3.622 3.903 4.109 4.173 4.07 3.462 3.415 3.317 3.347 3.615 3.562 3.168 3.198 2.396 2.103 2.609 3.027 3.295 3.531 3.477 3.637 3.679 4.017 4.431 4.527 4.606 4.708 4.803 -9999 -9999 -9999 -9999 -9999 -9999 -9999 -9999 -9999 -9999 -9999 -9999 -9999 -9999 -9999 -9999 -9999 -9999 -9999 -9999 -9999 -9999 -9999 -9999 -9999 -9999 -9999 -9999
-9999 -9999 4.857 4.886 5.489 -9999 4.937 4.252 4.924 -9999 -9999 -9999 -9999 5.872 5.531 5.311 4.957 4.572 4.199 3.742 3.604 3.74 3.906 3.95 4.075 3.72 3.772 3.608 3.464 3.415 3.498 3.123 3.633 3.151 2.979 2.83 2.458 2.728 3.437 3.644 3.904 3.975 4.021 4.287 4.513 4.588 4.603 4.458 4.508 4.797 -9999 -9999 -9999 -9999 -9999 -9999 -9999 -9999 -9999 -9999 -9999 -9999 -9999 -9999 -9999 -9999 -9999 -9999 -9999 -9999 -9999 -9999 -9999 -9999 -9999 -9999 -9999
-9999 -9999 5.269 5.004 5.258 -9999 5.271 4.267 5.105 -9999 -9999 -9999 -9999 -9999 5.833 5.603 5.344 5.171 4.772 4.42 4.136 3.736 3.338 3.433 3.661 3.848 3.898 3.637 3.486 3.609 3.449 3.511 3.731 3.457 3.332 3.325 3.654 3.72 3.945 3.972 4.168 4.066 4.26 4.562 4.638 4.692 4.611 4.48 4.224 4.499 4.931 -9999 -9999 -9999 -9999 -9999 -9999 -9999 -9999 -9999 -9999 -9999 -9999 -9999 -9999 -9999 -9999 -9999 -9999 -9999 -9999 -9999 -9999 -9999 -9999 -9999 -9999
-9999 -9999 5.183 4.819 -9999 -9999 5.717 4.79 4.618 5.574 -9999 -9999 -9999 -9999 -9999 5.717 5.268 4.913 4.741 4.141 3.592 3.291 2.969 3.027 3.306 3.644 3.444 3.576 3.542 3.357 3.324 3.613 2.417 3.054 2.873 3.465 3.072 3.561 4.09 3.974 4.139 4.381 4.523 4.391 4.209 4.24 4.432 4.338 4.615 4.257 4.684 5.076 5.567 -9999 -9999 -9999 -9999 -9999 -9999 -9999 -9999 -9999 -9999 -9999 -9999 -9999 -9999 -9999 -9999 -9999 -9999 -9999 -9999 -9999 -9999 -9999 -9999
-9999 -9999 5.004 5.679 -9999 -9999 5.327 4.351 4.557 -9999 -9999 -9999 -9999 -9999 -9999 5.705 5.178 4.862 4.578 4.086 3.83 3.718 3.406 3.269 3.172 3.238 3.265 3.271 2.677 2.3 3.121 2.285 1.829 2.138 3.075 2.937 3.405 4.035 3.756 3.887 4.145 4.154 4.214 4.274 4.17 4.218 3.841 3.776 4.459 4.428 4.283 4.832 5.313 -9999 -9999 -9999 -9999 -9999 -9999 -9999 -9999 -9999 -9999 -9999 -9999 -9999 -9999 -9999 -9999 -9999 -9999 -9999 -9999 -9999 -9999 -9999 -9999
-9999 -9999 5.454 6.274 -9999 -9999 -9999 5.529 5.333 5.565 -9999 -9999 -9999 -9999 -9999 5.696 5.217 4.896 4.655 4.347 4.174 3.604 2.918 2.646 3.025 2.983 3.324 3.136 2.784 2.737 3.122 1.869 2.299 2.847 2.597 2.947 3.724 3.498 3.795 3.798 3.941 4.22 4.109 3.966 4.022 3.738 2.737 3.093 3.734 4.414 4.308 4.479 5.02 -9999 -9999 -9999 -9999 -9999 -9999 -9999 -9999 -9999 -9999 -9999 -9999 -9999 -9999 -9999 -9999 -9999 -9999 -9999 -9999 -9999 -9999 -9999 -9999
-9999 5.133 5.46 6.216 -9999 -9999 -9999 -9999 -9999 -9999 -9999 -9999 -9999 -9999 -9999 5.373 4.911 4.712 4.492 4.251 4.039 3.371 2.968 2.878 3.075 3.161 2.839 2.938 2.388 2.568 2.031 1.733 2.257 2.82 2.596 2.967 3.125 3.552 3.581 3.873 3.851 3.792 3.978 3.752 3.667 2.807 2.658 2.592 3.677 4.456 4.523 4.48 4.837 5.695 -9999 -9999 -9999 -9999 -9999 -9999 -9999 -9999 -9999 -9999 -9999 -9999 -9999 -9999 -9999 -9999 -9999 -9999 -9999 -9999 -9999 -9999 -9999
5.174 5.186 5.235 6.344 -9999 -9999 -9999 -9999 -9999 -9999 -9999 -9999 -9999 5.76 5.529 5.096 4.569 4.101 3.802 3.915 3.895 3.739 3.522 3.789 3.339 2.584 2.652 2.691 2.729 3.029 2.61 1.857 2.975 2.828 2.848 2.991 3.33 3.625 3.914 3.44 3.504 3.751 3.708 3.501 2.93 2.801 2.77 2.894 3.585 4.492 4.615 4.473 4.807 5.391 -9999 -9999 -9999 -9999 -9999 -9999 -9999 -9999 -9999 -9999 -9999 -9999 -9999 -9999 -9999 -9999 -9999 -9999 -9999 -9999 -9999 -9999 -9999
5.183 5.636 6.363 -9999 -9999 -9999 -9999 -9999 -9999 -9999 -9999 -9999 -9999 5.673 5.461 4.907 4.167 3.754 3.794 3.299 2.992 3.056 3.013 3.255 3.309 3.373 3.196 2.821 3.106 3.458 3.138 2.841 2.3 2.748 2.619 3.158 3.452 3.947 3.58 3.415 3.529 3.506 3.178 2.69 2.487 2.87 3.19 3.519 4.003 3.987 3.96 4.245 4.66 5.273 -9999 -9999 -9999 -9999 -9999 -9999 -9999 -9999 -9999 -9999 -9999 -9999 -9999 -9999 -9999 -9999 -9999 -9999 -9999 -9999 -9999 -9999 -9999
-9999 -9999 -9999 -9999 -9999 -9999 -9999 -9999 -9999 -9999 -9999 -9999 -9999 5.541 5.137 4.21 3.98 3.759 3.558 2.846 2.799 2.311 2.642 2.96 3.333 3.477 3.165 2.128 2.592 3.631 3.645 2.58 2.559 2.822 2.911 2.88 3.484 3.104 2.938 3.161 2.845 2.623 2.345 3.018 3.148 3.206 3.307 3.515 4.185 4.284 4.094 4.232 4.784 5.329 -9999 -9999 -9999 -9999 -9999 -9999 -9999 -9999 -9999 -9999 -9999 -9999 -9999 -9999 -9999 -9999 -9999 -9999 -9999 -9999 -9999 -9999 -9999
-9999 -9999 -9999 -9999 -9999 -9999 -9999 -9999 -9999 -9999 -9999 -9999 5.486 4.833 4.025 3.964 3.531 3.658 3.575 3.429 2.589 2.647 2.578 2.934 3.245 4.012 3.575 3.036 3.194 3.64 3.776 3.387 3.202 3.106 2.966 3.011 2.638 3.205 3.391 3.158 2.875 1.992 2.733 2.67 3.074 3.483 3.352 3.515 3.513 4.129 4.39 4.584 4.923 5.308 -9999 -9999 -9999 -9999 -9999 -9999 -9999 -9999 -9999 -9999 -9999 -9999 -9999 -9999 -9999 -9999 -9999 -9999 -9999 -9999 -9999 -9999 -9999
-9999 -9999 -9999 -9999 -9999 -9999 -9999 -9999 -9999 -9999 -9999 -9999 4.942 4.375 3.913 3.121 3.308 3.72 3.652 2.971 3.49 3.108 3.015 3.381 3.832 4.59 4.365 3.808 3.531 3.629 4.24 3.902 3.702 3.589 3.494 2.845 3.601 3.109 3.411 3.371 2.188 3.121 2.759 2.906 3.299 3.243 3.661 3.599 3.361 3.819 4.292 4.566 4.955 5.356 -9999 -9999 -9999 -9999 -9999 -9999 -9999 -9999 -9999 -9999 -9999 -9999 -9999 -9999 -9999 -9999 -9999 -9999 -9999 -9999 -9999 -9999 -9999
-9999 -9999 -9999 -9999 -9999 -9999 -9999 -9999 -9999 -9999 -9999 5.271 4.509 4.348 3.441 3.595 3.316 2.616 3.047 3.511 3.724 3.357 3.577 3.786 3.904 4.262 4.272 3.947 3.953 4.63 4.595 4.232 3.759 3.659 3.038 3.82 3.54 3.139 3.736 2.827 2.694 3.263 3.478 3.649 3.258 3.327 3.511 3.394 3.716 4.037 4.392 4.66 4.954 5.296 5.639 -9999 -9999 -9999 -9999 -9999 -9999 -9999 -9999 -9999 -9999 -9999 -9999 -9999 -9999 -9999 -9999 -9999 -9999 -9999 -9999 -9999 -9999
-9999 -9999 -9999 -9999 -9999 -9999 -9999 -9999 -9999 -9999 5.307 4.874 4.489 4.333 4.132 3.922 3.331 3.384 3.299 3.047 4.057 4.043 3.969 3.804 3.89 4.154 4.382 4.684 4.848 4.614 4.807 4.468 4.025 3.694 3.887 4.12 3.818 3.773 3.939 3.017 2.763 3.065 3.22 3.342 3.414 3.694 3.707 3.542 3.959 4.172 4.362 4.584 4.93 5.243 5.636 -9999 -9999 -9999 -9999 -9999 -9999 -9999 -9999 -9999 -9999 -9999 -9999 -9999 -9999 -9999 -9999 -9999 -9999 -9999 -9999 -9999 -9999
-9999 -9999 -9999 -9999 -9999 -9999 -9999 -9999 -9999 -9999 5.161 3.859 4.292 4.339 4.342 4.433 3.879 2.878 3.042 3.97 4.201 4.396 4.26 4.148 4.032 3.898 4.829 5.108 4.97 4.974 4.613 4.601 4.161 4.218 4.19 4.397 4.16 4.163 3.768 3.511 3.169 3.058 3.237 3.311 3.781 4.1 3.987 3.935 3.952 4.114 4.417 4.756 4.867 5.095 5.49 -9999 -9999 -9999 -9999 -9999 -9999 -9999 -9999 -9999 -9999 -9999 -9999 -9999 -9999 -9999 -9999 -9999 -9999 -9999 -9999 -9999 -9999
-9999 -9999 -9999 -9999 -9999 -9999 -9999 -9999 -9999 5.518 4.25 4.224 4.194 4.264 4.517 4.639 3.926 3.516 3.825 3.882 4.282 4.422 4.541 4.27 3.981 4.571 4.761 4.99 5.403 4.997 4.919 4.715 4.682 4.534 4.579 4.698 4.6 4.173 4.292 3.873 3.239 3.379 3.371 3.525 3.652 4.075 4.195 4.479 4.228 4.233 4.481 4.823 5.023 5.054 5.31 5.845 -9999 -9999 -9999 -9999 -9999 -9999 -9999 -9999 -9999 -9999 -9999 -9999 -9999 -9999 -9999 -9999 -9999 -9999 -9999 -9999 -9999
-9999 -9999 -9999 -9999 -9999 -9999 -9999 -9999 5.744 -9999 4.897 4.334 4.266 4.359 4.706 5.004 4.663 4.638 4.174 3.698 4.176 4.581 4.705 4.657 4.672 4.763 4.815 5.103 5.308 5.116 5.278 5.157 4.995 4.858 4.958 5.076 4.984 4.802 4.526 4.163 4.103 3.824 3.757 3.764 4.037 4.359 4.844 4.391 4.118 4.385 4.622 4.838 5.047 5.196 5.323 5.651 -9999 -9999 -9999 -9999 -9999 -9999 -9999 -9999 -9999 -9999 -9999 -9999 -9999 -9999 -9999 -9999 -9999 -9999 -9999 -9999 -9999
