Validation/Results/ReClimate_06_2024_1.asc
NCOLS 192
NROWS 249
XLLCENTER -225160.85627316462
YLLCENTER 29788.11610251502
CELLSIZE 5000.0
NODATA_VALUE -9999
[rows 66 to 98 of 249, columns 75 to 149 of 192]
-9999 -9999 -9999 -9999 -9999 -9999 -9999 -9999 -9999 -9999 98.725 -9999 98.689 98.671 98.654 98.639 98.629 98.627 98.625 98.623 98.621 98.618 98.616 98.612 98.609 98.605 98.601 98.596 98.591 98.587 98.585 -9999 -9999 -9999 -9999 -9999 -9999 -9999 -9999 -9999 -9999 -9999 -9999 -9999 -9999 -9999 -9999 -9999 -9999 -9999 -9999 -9999 -9999 -9999 -9999 -9999 -9999 -9999 -9999 -9999 -9999 -9999 -9999 -9999 -9999 -9999 -9999 -9999 -9999 -9999 -9999 -9999 -9999 -9999 -9999
-9999 -9999 -9999 -9999 -9999 -9999 -9999 -9999 -9999 -9999 -9999 98.705 98.687 98.669 98.654 98.647 98.645 98.644 98.642 98.64 98.638 98.636 98.633 98.63 98.627 98.623 98.619 98.615 98.61 -9999 -9999 -9999 -9999 -9999 -9999 -9999 -9999 -9999 -9999 -9999 -9999 -9999 -9999 -9999 -9999 -9999 -9999 -9999 -9999 -9999 -9999 -9999 -9999 -9999 -9999 -9999 -9999 -9999 -9999 -9999 -9999 -9999 -9999 -9999 -9999 -9999 -9999 -9999 -9999 -9999 -9999 -9999 -9999 -9999 -9999
-9999 -9999 -9999 -9999 -9999 -9999 -9999 -9999 -9999 -9999 -9999 98.704 98.686 98.669 98.664 98.663 98.662 98.661 98.659 98.657 98.655 98.652 98.649 98.646 98.643 98.64 98.636 98.632 98.628 -9999 -9999 -9999 -9999 -9999 -9999 -9999 -9999 -9999 -9999 -9999 -9999 -9999 -9999 -9999 -9999 -9999 -9999 -9999 -9999 -9999 -9999 -9999 -9999 -9999 -9999 -9999 -9999 -9999 -9999 -9999 -9999 -9999 -9999 -9999 -9999 -9999 -9999 -9999 -9999 -9999 -9999 -9999 -9999 -9999 -9999
-9999 -9999 -9999 -9999 -9999 -9999 -9999 -9999 -9999 -9999 -9999 -9999 -9999 98.681 98.681 98.679 98.678 98.676 98.674 98.672 98.67 98.668 98.665 98.662 98.659 98.656 98.653 -9999 -9999 -9999 -9999 -9999 -9999 -9999 -9999 -9999 -9999 -9999 -9999 -9999 -9999 -9999 -9999 -9999 -9999 -9999 -9999 -9999 -9999 -9999 -9999 -9999 -9999 -9999 -9999 -9999 -9999 -9999 -9999 -9999 -9999 -9999 -9999 -9999 -9999 -9999 -9999 -9999 -9999 -9999 -9999 -9999 -9999 -9999 -9999
-9999 -9999 -9999 -9999 -9999 -9999 -9999 98.756 -9999 -9999 98.72 98.705 98.698 98.697 98.696 98.695 98.693 98.692 98.69 98.688 98.685 98.683 98.68 98.677 98.675 98.672 98.668 -9999 -9999 -9999 -9999 -9999 -9999 -9999 -9999 -9999 -9999 -9999 -9999 -9999 -9999 -9999 -9999 -9999 -9999 -9999 -9999 -9999 -9999 -9999 -9999 -9999 -9999 -9999 -9999 -9999 -9999 -9999 -9999 -9999 -9999 -9999 -9999 -9999 -9999 -9999 -9999 -9999 -9999 -9999 -9999 -9999 -9999 -9999 -9999
-9999 -9999 -9999 -9999 -9999 98.76 98.75 98.752 98.741 98.73 98.718 98.715 98.714 98.713 98.712 98.71 98.708 98.706 98.704 98.702 98.7 98.697 98.695 98.692 98.689 98.686 98.683 -9999 -9999 -9999 -9999 -9999 -9999 -9999 -9999 -9999 -9999 -9999 -9999 -9999 -9999 -9999 -9999 -9999 -9999 -9999 -9999 -9999 -9999 -9999 -9999 -9999 -9999 -9999 -9999 -9999 -9999 -9999 -9999 -9999 -9999 -9999 -9999 -9999 -9999 -9999 -9999 -9999 -9999 -9999 -9999 -9999 -9999 -9999 -9999
-9999 -9999 -9999 -9999 -9999 98.73 98.741 -9999 98.727 98.718 98.719 98.726 98.728 98.728 98.727 98.725 98.723 98.721 98.719 98.717 98.714 98.712 98.709 98.706 98.704 98.701 -9999 98.695 -9999 -9999 -9999 -9999 -9999 -9999 -9999 -9999 -9999 -9999 -9999 -9999 -9999 -9999 -9999 -9999 -9999 -9999 -9999 -9999 -9999 -9999 -9999 -9999 -9999 -9999 -9999 -9999 -9999 -9999 -9999 -9999 -9999 -9999 -9999 -9999 -9999 -9999 -9999 -9999 -9999 -9999 -9999 -9999 -9999 -9999 -9999
-9999 -9999 -9999 -9999 -9999 -9999 98.717 98.706 98.696 98.695 98.708 98.717 98.724 98.726 98.729 98.732 98.734 98.736 98.734 98.731 98.729 98.726 98.723 98.721 98.718 98.715 98.712 98.71 -9999 -9999 -9999 -9999 -9999 -9999 -9999 -9999 -9999 -9999 -9999 -9999 -9999 -9999 -9999 -9999 -9999 -9999 -9999 -9999 -9999 -9999 -9999 -9999 -9999 -9999 -9999 -9999 -9999 -9999 -9999 -9999 -9999 -9999 -9999 -9999 -9999 -9999 -9999 -9999 -9999 -9999 -9999 -9999 -9999 -9999 -9999
-9999 -9999 -9999 -9999 -9999 -9999 -9999 98.668 98.663 98.675 98.689 98.702 98.711 98.717 98.722 98.728 98.733 98.736 98.74 98.742 98.743 98.741 98.738 98.735 98.732 98.729 98.726 98.725 -9999 -9999 -9999 -9999 -9999 -9999 -9999 -9999 -9999 -9999 -9999 -9999 -9999 -9999 -9999 -9999 -9999 -9999 -9999 -9999 -9999 -9999 -9999 -9999 -9999 -9999 -9999 -9999 -9999 -9999 -9999 -9999 -9999 -9999 -9999 -9999 -9999 -9999 -9999 -9999 -9999 -9999 -9999 -9999 -9999 -9999 -9999
-9999 -9999 -9999 -9999 -9999 98.652 98.642 98.633 98.641 98.656 98.671 98.686 98.698 98.707 98.714 98.72 98.726 98.732 98.738 98.743 98.747 98.751 98.752 98.749 98.746 -9999 98.74 -9999 -9999 -9999 -9999 -9999 -9999 98.76 98.764 98.769 -9999 -9999 -9999 -9999 -9999 -9999 -9999 -9999 -9999 -9999 -9999 -9999 -9999 -9999 -9999 -9999 -9999 -9999 -9999 -9999 -9999 -9999 -9999 -9999 -9999 -9999 -9999 -9999 -9999 -9999 -9999 -9999 -9999 -9999 -9999 -9999 -9999 -9999 -9999
98.663 -9999 -9999 -9999 -9999 -9999 98.604 98.603 98.621 98.638 98.654 98.669 98.684 98.695 98.705 98.712 98.719 98.726 98.733 98.74 98.747 98.753 98.757 98.761 98.761 98.758 -9999 -9999 -9999 -9999 98.764 98.768 98.773 98.779 98.784 98.788 98.792 98.795 98.798 98.8 98.801 98.802 98.803 98.802 98.802 98.8 98.8 98.796 98.792 98.786 98.783 98.801 -9999 -9999 -9999 -9999 -9999 -9999 -9999 -9999 -9999 -9999 -9999 -9999 -9999 -9999 -9999 -9999 -9999 -9999 -9999 -9999 -9999 -9999 -9999
98.623 -9999 -9999 -9999 98.588 -9999 98.569 98.582 98.602 98.62 98.637 98.653 98.669 98.683 98.695 98.705 98.713 98.721 98.729 98.736 98.744 98.751 98.759 98.765 98.77 -9999 -9999 -9999 -9999 98.784 98.784 98.791 98.798 98.804 98.81 98.815 98.819 98.822 98.826 98.828 98.83 98.831 98.832 98.833 98.833 98.832 98.831 98.829 98.826 98.822 98.819 98.818 -9999 -9999 -9999 -9999 -9999 -9999 -9999 -9999 -9999 -9999 -9999 -9999 -9999 -9999 -9999 -9999 -9999 -9999 -9999 -9999 -9999 -9999 -9999
98.585 -9999 -9999 -9999 98.551 98.543 98.544 98.563 98.583 98.601 98.62 98.637 98.654 98.67 98.684 98.697 98.706 98.715 98.724 98.733 98.742 98.75 98.758 98.766 -9999 -9999 98.792 98.797 98.8 98.803 98.811 98.819 98.826 98.832 98.838 98.843 98.848 98.852 98.855 98.858 98.861 98.863 98.865 98.866 98.867 98.868 98.868 98.868 98.867 98.866 98.866 98.863 98.862 -9999 -9999 -9999 -9999 -9999 -9999 -9999 -9999 -9999 -9999 -9999 -9999 -9999 -9999 -9999 -9999 -9999 -9999 -9999 -9999 -9999 -9999
98.55 -9999 98.533 -9999 98.518 98.513 98.525 98.545 98.564 98.584 98.602 98.621 98.639 98.656 98.672 98.687 98.7 98.71 98.72 98.73 98.74 98.749 98.758 98.768 -9999 98.794 98.807 98.819 98.827 98.833 98.84 98.847 98.854 98.861 98.867 98.872 98.877 98.881 98.885 98.888 98.891 98.893 98.896 98.898 98.9 98.902 98.903 98.905 98.907 98.908 98.911 98.913 98.915 -9999 -9999 -9999 -9999 -9999 -9999 -9999 -9999 -9999 -9999 -9999 -9999 -9999 -9999 -9999 -9999 -9999 -9999 -9999 -9999 -9999 -9999
-9999 98.509 -9999 -9999 -9999 98.488 98.506 98.527 98.547 98.566 98.585 98.604 98.623 98.641 98.659 98.675 98.691 98.705 98.716 98.727 98.738 98.749 98.76 98.776 98.793 98.809 98.824 98.839 98.852 98.864 98.87 98.876 98.883 98.889 98.895 98.9 98.905 98.91 98.914 98.917 98.92 98.924 98.926 98.929 98.932 98.935 98.938 98.941 98.945 98.948 98.953 98.96 98.967 -9999 -9999 -9999 -9999 -9999 -9999 -9999 -9999 -9999 -9999 -9999 -9999 -9999 -9999 -9999 -9999 -9999 -9999 -9999 -9999 -9999 -9999
98.486 -9999 -9999 -9999 -9999 98.466 98.488 98.509 -9999 98.549 98.569 98.588 98.607 98.626 98.645 98.663 98.68 98.696 98.711 98.724 98.737 98.751 98.77 98.788 98.806 98.823 98.84 98.857 98.873 98.888 98.9 98.906 98.912 98.918 98.924 98.929 98.934 98.938 98.942 98.946 98.95 98.953 98.957 98.96 98.964 98.967 98.972 98.976 98.982 98.988 98.995 99.005 99.013 -9999 -9999 -9999 -9999 -9999 -9999 -9999 -9999 -9999 -9999 -9999 -9999 -9999 -9999 -9999 -9999 -9999 -9999 -9999 -9999 -9999 -9999
98.457 -9999 -9999 -9999 98.433 -9999 -9999 98.492 98.512 98.532 98.552 98.572 98.591 98.611 98.631 98.65 98.669 98.687 98.704 98.721 98.739 98.76 98.781 98.801 98.82 98.838 98.856 98.873 98.891 98.909 98.924 98.936 98.942 98.948 98.953 98.958 98.963 98.967 98.971 98.975 98.979 98.983 98.986 98.99 98.995 98.999 99.005 99.011 99.018 99.026 99.037 99.048 -9999 -9999 -9999 -9999 -9999 -9999 -9999 -9999 -9999 -9999 -9999 -9999 -9999 -9999 -9999 -9999 -9999 -9999 -9999 -9999 -9999 -9999 -9999
98.428 98.422 98.415 -9999 -9999 -9999 98.452 98.474 -9999 98.515 98.535 98.555 98.575 98.596 98.616 98.637 98.657 98.676 98.696 98.719 98.746 98.77 98.793 98.813 98.833 98.852 98.871 98.889 98.908 98.927 98.946 98.961 98.972 98.977 98.983 98.987 98.992 98.996 99.0 99.004 99.008 99.012 99.016 99.02 99.025 99.031 99.037 99.045 99.054 99.064 99.078 -9999 -9999 -9999 -9999 -9999 -9999 -9999 -9999 -9999 -9999 -9999 -9999 -9999 -9999 -9999 -9999 -9999 -9999 -9999 -9999 -9999 -9999 -9999 -9999
98.401 98.395 98.389 -9999 98.388 98.411 98.434 98.456 98.477 98.498 98.518 98.539 98.559 98.58 98.601 98.623 98.644 98.665 98.691 98.721 98.75 98.777 98.803 98.826 98.846 98.866 98.886 98.905 98.925 98.945 98.965 98.984 98.999 99.007 99.012 99.017 99.021 99.025 99.029 99.032 99.036 99.041 99.045 99.05 99.056 99.063 99.07 99.079 99.089 99.102 99.117 -9999 -9999 -9999 -9999 -9999 -9999 -9999 -9999 -9999 -9999 -9999 -9999 -9999 -9999 -9999 -9999 -9999 -9999 -9999 -9999 -9999 -9999 -9999 -9999
98.374 98.368 98.363 98.358 98.367 98.392 -9999 98.437 98.459 98.48 98.501 98.522 98.543 98.564 98.586 98.608 98.631 98.658 98.69 98.722 98.753 98.782 98.809 98.835 98.859 98.88 98.901 98.921 98.941 98.962 98.983 99.003 99.022 99.036 99.042 99.046 99.05 99.053 99.057 99.061 99.065 99.069 99.074 99.08 99.086 99.094 99.103 99.113 99.125 99.14 -9999 -9999 -9999 -9999 -9999 -9999 -9999 -9999 -9999 -9999 -9999 -9999 -9999 -9999 -9999 -9999 -9999 -9999 -9999 -9999 -9999 -9999 -9999 -9999 -9999
-9999 -9999 -9999 98.334 98.347 -9999 98.395 98.418 98.44 98.461 98.483 98.504 98.525 98.547 98.57 98.592 98.619 98.655 98.689 98.723 98.754 98.784 98.812 98.84 98.866 98.89 98.914 98.936 98.958 98.979 99.0 99.022 99.043 99.06 99.072 99.075 99.079 99.082 99.086 99.089 99.094 99.098 99.104 99.11 99.117 99.125 99.135 99.147 99.161 99.174 -9999 -9999 -9999 -9999 -9999 -9999 -9999 -9999 -9999 -9999 -9999 -9999 -9999 -9999 -9999 -9999 -9999 -9999 -9999 -9999 -9999 -9999 -9999 -9999 -9999
-9999 -9999 98.312 98.311 -9999 98.351 98.375 -9999 98.42 98.442 98.464 98.486 98.508 98.53 98.553 98.578 98.614 98.652 98.688 98.721 98.753 98.783 98.811 98.839 98.867 98.893 98.919 98.944 98.97 98.995 99.018 99.04 99.062 99.083 99.098 99.105 99.108 99.111 99.114 99.118 99.122 99.127 99.133 99.14 99.148 99.157 99.167 99.176 99.187 99.192 -9999 -9999 -9999 -9999 -9999 -9999 -9999 -9999 -9999 -9999 -9999 -9999 -9999 -9999 -9999 -9999 -9999 -9999 -9999 -9999 -9999 -9999 -9999 -9999 -9999
-9999 -9999 98.287 -9999 -9999 98.33 98.354 98.377 98.4 98.423 98.446 98.468 98.491 98.513 98.538 98.571 98.611 98.649 98.685 98.719 98.75 98.78 98.809 98.837 98.865 98.892 98.919 98.946 98.973 99.0 99.027 99.053 99.079 99.103 99.122 99.134 99.137 99.139 99.142 99.146 99.151 99.156 99.161 99.166 99.172 99.179 99.186 99.193 99.201 99.211 -9999 -9999 -9999 -9999 -9999 -9999 -9999 -9999 -9999 -9999 -9999 -9999 -9999 -9999 -9999 -9999 -9999 -9999 -9999 -9999 -9999 -9999 -9999 -9999 -9999
-9999 -9999 -9999 -9999 -9999 -9999 98.333 98.357 98.382 98.405 98.428 98.451 98.474 98.497 98.528 98.569 98.608 98.646 98.682 98.715 98.747 98.777 98.806 98.834 98.862 98.89 98.917 98.945 98.972 99.0 99.029 99.057 99.085 99.112 99.136 99.151 99.157 99.159 99.162 99.165 99.169 99.173 99.177 99.182 99.187 99.193 99.2 99.207 99.215 -9999 -9999 -9999 -9999 -9999 -9999 -9999 -9999 -9999 -9999 -9999 -9999 -9999 -9999 -9999 -9999 -9999 -9999 -9999 -9999 -9999 -9999 -9999 -9999 -9999 -9999
-9999 -9999 -9999 -9999 98.261 98.286 -9999 98.339 98.364 98.387 98.411 98.435 98.46 98.489 98.527 98.566 98.605 98.642 98.678 98.712 98.743 98.773 98.803 98.831 98.859 98.887 98.915 98.942 98.97 98.998 99.027 99.056 99.086 99.115 99.139 99.159 99.172 99.174 99.176 99.179 99.182 99.186 99.19 99.195 99.2 99.206 99.213 99.221 99.229 -9999 -9999 -9999 -9999 -9999 -9999 -9999 -9999 -9999 -9999 -9999 -9999 -9999 -9999 -9999 -9999 -9999 -9999 -9999 -9999 -9999 -9999 -9999 -9999 -9999 -9999
-9999 -9999 -9999 98.22 98.241 98.268 98.295 98.321 98.347 98.373 98.399 98.425 98.451 98.483 98.524 98.563 98.6 98.637 98.673 98.707 98.739 98.769 98.799 98.828 98.856 98.884 98.911 98.939 98.967 98.995 99.024 99.053 99.082 99.111 99.136 99.16 99.177 99.186 99.189 99.192 99.195 99.199 99.203 99.208 99.213 99.219 99.226 99.234 -9999 -9999 -9999 -9999 -9999 -9999 -9999 -9999 -9999 -9999 -9999 -9999 -9999 -9999 -9999 -9999 -9999 -9999 -9999 -9999 -9999 -9999 -9999 -9999 -9999 -9999 -9999
-9999 -9999 -9999 98.201 -9999 98.255 98.283 98.311 98.338 98.364 98.39 98.415 98.443 98.481 98.52 98.558 98.596 98.632 98.667 98.702 98.734 98.765 98.794 98.823 98.852 98.88 98.908 98.935 98.963 98.991 99.02 99.048 99.076 99.104 99.129 99.156 99.178 99.192 99.199 99.204 99.207 99.211 99.216 99.221 99.226 99.232 99.24 99.248 -9999 -9999 -9999 -9999 -9999 -9999 -9999 -9999 -9999 -9999 -9999 -9999 -9999 -9999 -9999 -9999 -9999 -9999 -9999 -9999 -9999 -9999 -9999 -9999 -9999 -9999 -9999
-9999 -9999 -9999 -9999 -9999 98.248 98.276 98.303 98.329 98.355 98.38 98.405 98.436 98.477 98.516 98.554 98.59 98.626 98.662 98.696 98.729 98.76 98.79 98.819 98.847 98.875 98.903 98.931 98.959 98.987 99.014 99.042 99.069 99.096 99.123 99.15 99.176 99.195 99.204 99.212 99.219 99.223 99.228 99.233 99.239 99.245 99.253 99.261 -9999 -9999 -9999 -9999 -9999 -9999 -9999 -9999 -9999 -9999 -9999 -9999 -9999 -9999 -9999 -9999 -9999 -9999 -9999 -9999 -9999 -9999 -9999 -9999 -9999 -9999 -9999
-9999 -9999 -9999 98.197 98.213 98.242 98.269 98.295 98.32 98.345 98.37 98.396 -9999 98.472 98.51 98.548 98.585 98.62 98.656 98.69 98.723 98.754 98.784 98.814 98.842 98.871 98.898 98.926 98.954 98.981 99.009 99.036 99.063 99.09 99.117 99.144 99.172 99.194 99.206 99.217 99.227 99.235 99.24 99.245 99.251 99.258 99.266 99.272 -9999 -9999 -9999 -9999 -9999 -9999 -9999 -9999 -9999 -9999 -9999 -9999 -9999 -9999 -9999 -9999 -9999 -9999 -9999 -9999 -9999 -9999 -9999 -9999 -9999 -9999 -9999
98.23 98.209 98.201 -9999 98.209 98.235 98.261 98.286 98.31 98.334 98.359 -9999 98.426 98.466 98.505 98.542 98.578 98.614 98.649 98.684 98.717 98.749 98.779 98.808 98.837 98.865 98.893 98.921 98.948 98.976 99.003 99.03 99.057 99.084 99.111 99.139 99.168 99.192 99.208 99.219 99.231 99.242 99.252 99.258 99.264 99.271 99.279 -9999 -9999 -9999 -9999 -9999 -9999 -9999 -9999 -9999 -9999 -9999 -9999 -9999 -9999 -9999 -9999 -9999 -9999 -9999 -9999 -9999 -9999 -9999 -9999 -9999 -9999 -9999 -9999
98.22 98.212 98.204 98.198 -9999 98.227 98.251 98.276 98.3 98.323 98.348 98.379 98.42 98.46 98.498 98.536 98.572 98.608 98.643 98.678 98.711 98.743 98.773 98.803 98.832 98.86 98.888 98.916 98.943 98.97 98.997 99.024 99.051 99.078 99.106 99.134 99.164 99.191 99.21 99.221 99.234 99.247 99.259 99.27 99.277 -9999 -9999 -9999 -9999 -9999 -9999 -9999 -9999 -9999 -9999 -9999 -9999 -9999 -9999 -9999 -9999 -9999 -9999 -9999 -9999 -9999 -9999 -9999 -9999 -9999 -9999 -9999 -9999 -9999 -9999
-9999 -9999 98.207 -9999 98.204 98.221 98.242 98.265 98.288 -9999 -9999 98.373 98.414 98.453 98.491 98.529 98.565 98.601 98.636 98.671 98.705 98.737 98.767 98.797 98.826 98.855 98.883 98.91 98.938 98.965 98.992 99.019 99.046 99.074 99.102 99.13 99.161 99.19 99.211 99.223 99.236 99.25 99.265 99.278 -9999 -9999 -9999 -9999 -9999 -9999 -9999 -9999 -9999 -9999 -9999 -9999 -9999 -9999 -9999 -9999 -9999 -9999 -9999 -9999 -9999 -9999 -9999 -9999 -9999 -9999 -9999 -9999 -9999 -9999 -9999
98.226 -9999 98.209 98.201 98.202 98.214 98.233 98.253 -9999 -9999 98.328 98.365 98.406 98.446 98.484 98.522 98.559 98.595 98.63 98.665 98.699 98.731 98.761 98.791 98.82 98.849 98.877 98.905 98.932 98.96 98.987 99.014 99.042 99.07 99.098 99.127 99.158 99.19 99.213 99.225 99.238 99.252 99.268 99.285 99.298 -9999 -9999 -9999 -9999 -9999 -9999 -9999 -9999 -9999 -9999 -9999 -9999 -9999 -9999 -9999 -9999 -9999 -9999 -9999 -9999 -9999 -9999 -9999 -9999 -9999 -9999 -9999 -9999 -9999 -9999
