Validation/Results/ReClimate_06_2024_1_Temperature-Actualsweatherlogisticsltd.asc
NCOLS 192
NROWS 249
XLLCENTER -225160.85627316462
YLLCENTER 29788.11610251502
CELLSIZE 5000.0
NODATA_VALUE -9999
[rows 204 to 237 of 249, columns 75 to 149 of 192]
-9999 -9999 -9999 -9999 15.5 -9999 15.632 15.697 15.677 15.366 15.305 15.18 15.33 15.455 15.48 15.597 15.345 15.839 15.666 15.783 15.956 16.12 16.012 16.116 15.678 15.212 13.967 13.367 14.918 14.668 14.774 14.334 15.034 16.11 15.377 13.963 15.646 16.018 15.933 15.994 16.699 17.254 17.144 16.858 17.001 17.431 17.628 17.752 17.751 17.651 16.854 16.314 16.257 16.647 16.901 17.077 16.96 16.607 16.713 16.926 17.125 17.212 17.233 17.177 17.045 17.098 17.235 17.267 17.385 17.46 17.457 17.639 17.584 17.582 17.74
-9999 -9999 -9999 -9999 -9999 -9999 -9999 -9999 15.448 15.73 15.629 15.567 15.711 15.807 15.896 15.858 16.224 16.08 16.039 16.118 16.01 16.088 15.772 15.795 15.21 14.411 13.532 13.838 13.742 14.124 13.421 13.667 15.476 15.479 15.253 16.267 15.619 15.922 16.479 16.787 17.167 16.893 16.636 16.269 16.815 17.44 17.633 17.773 17.874 17.248 16.417 16.242 16.292 16.747 16.837 17.02 16.907 16.988 17.027 17.246 17.434 17.49 17.382 17.24 17.191 17.238 17.4 17.501 17.424 17.31 17.205 17.319 17.558 17.486 17.648
-9999 -9999 -9999 -9999 -9999 -9999 -9999 -9999 15.699 15.785 15.817 15.866 15.555 15.431 15.376 15.825 16.118 16.1 16.215 15.851 15.721 15.961 16.111 16.218 15.648 15.423 15.258 14.983 14.679 14.476 13.857 14.307 14.183 14.969 15.597 15.23 14.968 16.55 16.818 17.024 16.643 16.64 16.093 16.391 16.847 17.458 17.579 17.454 16.677 16.257 16.326 16.511 16.44 16.637 16.821 16.941 17.128 17.031 17.32 17.533 17.74 17.758 17.493 17.243 17.144 17.262 17.494 17.554 17.406 17.012 17.088 17.168 17.216 17.434 17.581
-9999 -9999 -9999 -9999 -9999 -9999 15.75 15.768 15.774 15.94 -9999 15.969 15.857 15.68 15.898 15.987 16.144 -9999 16.182 15.945 16.137 15.819 16.449 15.627 15.721 15.575 15.359 15.301 15.653 15.245 14.886 14.812 14.869 15.199 15.565 14.539 15.607 16.7 16.669 17.005 16.867 16.329 16.412 16.676 17.121 17.362 17.328 16.679 16.627 16.321 16.451 16.411 16.657 16.786 16.879 17.083 17.297 17.36 17.48 17.515 17.824 17.805 17.635 17.415 17.369 17.378 17.448 17.381 17.091 16.962 16.925 17.209 17.267 17.371 17.549
-9999 -9999 -9999 -9999 -9999 -9999 15.779 -9999 -9999 -9999 16.185 16.082 15.932 -9999 -9999 -9999 -9999 -9999 16.207 16.189 15.983 16.861 16.573 16.368 16.234 15.968 16.091 16.049 14.364 14.488 15.6 15.663 15.66 15.577 15.084 15.165 16.422 16.544 16.952 16.992 16.315 16.52 16.643 17.164 17.251 17.349 17.04 16.684 16.729 16.473 16.659 16.786 16.814 16.95 17.135 17.261 17.415 17.454 17.525 17.54 17.648 17.793 17.479 17.416 17.363 17.356 17.19 17.148 17.048 16.887 17.018 17.339 17.446 17.562 17.58
-9999 -9999 -9999 -9999 -9999 -9999 -9999 -9999 15.827 15.903 15.858 16.049 15.801 -9999 -9999 -9999 -9999 -9999 -9999 -9999 -9999 17.235 17.091 16.987 17.01 16.572 16.181 14.488 13.974 14.239 14.81 15.401 15.623 15.709 15.833 15.848 16.229 16.934 17.048 16.156 16.373 16.507 17.385 17.386 17.346 17.365 16.693 16.648 16.536 16.628 16.833 16.98 17.025 17.092 17.153 17.26 17.217 17.293 17.45 17.649 17.678 17.668 17.443 17.294 17.073 16.979 17.2 17.029 17.004 17.114 17.284 17.473 17.76 17.804 17.78
-9999 -9999 -9999 -9999 -9999 -9999 -9999 -9999 -9999 15.782 -9999 -9999 -9999 -9999 -9999 -9999 -9999 -9999 -9999 16.165 16.645 16.8 16.762 17.146 17.174 16.85 16.073 15.199 14.32 14.374 15.14 16.163 16.015 15.671 15.971 16.325 17.109 17.455 17.166 16.772 16.808 17.239 -9999 17.39 17.328 17.029 16.239 16.166 16.453 16.698 16.945 17.006 17.098 17.072 17.1 17.093 17.197 17.218 17.382 17.536 17.6 17.412 17.27 17.067 16.749 16.755 16.903 17.339 17.253 17.272 17.508 17.587 17.734 17.894 17.912
-9999 -9999 -9999 -9999 -9999 -9999 -9999 -9999 -9999 -9999 -9999 -9999 -9999 -9999 -9999 -9999 -9999 -9999 -9999 16.098 16.385 16.685 16.691 -9999 -9999 -9999 16.713 15.661 15.845 15.689 16.272 16.342 15.852 16.134 16.949 17.261 17.366 17.55 17.371 17.37 17.362 -9999 17.414 17.169 17.227 16.619 16.108 16.403 16.6 16.864 16.939 16.923 17.04 17.106 17.097 17.085 16.94 16.932 17.054 17.103 17.268 17.327 17.054 16.695 16.745 16.792 17.069 17.436 17.603 17.487 17.698 17.964 18.056 18.185 18.238
-9999 -9999 -9999 -9999 -9999 -9999 -9999 -9999 -9999 -9999 -9999 -9999 -9999 -9999 -9999 -9999 -9999 -9999 -9999 -9999 -9999 -9999 -9999 -9999 -9999 -9999 17.292 16.784 16.167 16.345 16.744 16.84 16.767 17.144 17.429 17.459 17.383 17.334 17.37 -9999 -9999 17.588 17.446 17.366 17.205 16.606 16.356 16.551 16.713 16.973 17.138 16.945 17.003 17.082 16.854 16.62 16.543 16.478 16.36 16.577 16.716 16.934 17.015 16.852 16.83 17.107 17.101 17.398 17.76 17.76 17.864 18.046 18.299 18.418 18.466
-9999 -9999 -9999 -9999 -9999 -9999 -9999 -9999 -9999 -9999 -9999 -9999 -9999 -9999 -9999 -9999 -9999 -9999 -9999 -9999 -9999 -9999 -9999 -9999 -9999 -9999 17.071 16.825 16.597 16.661 16.77 16.968 17.286 17.468 17.51 17.504 -9999 -9999 -9999 -9999 -9999 17.63 17.478 17.508 17.24 16.684 16.452 16.595 16.671 16.992 17.193 16.987 16.684 16.764 16.489 16.295 16.23 16.374 16.385 16.33 16.593 16.676 17.091 17.331 17.242 17.511 17.503 17.57 17.798 17.919 18.167 18.439 18.432 18.39 18.51
-9999 -9999 -9999 -9999 -9999 -9999 -9999 -9999 -9999 -9999 -9999 -9999 -9999 -9999 -9999 -9999 -9999 -9999 -9999 -9999 -9999 -9999 -9999 -9999 -9999 -9999 -9999 -9999 16.683 16.43 16.698 17.017 17.078 17.257 17.4 -9999 -9999 -9999 -9999 17.062 16.99 17.007 17.516 17.544 17.247 16.548 16.468 16.478 16.595 16.895 17.038 16.696 16.275 16.117 16.256 16.207 16.344 16.38 16.68 16.697 16.715 16.96 17.112 17.5 17.752 17.707 17.676 17.646 17.677 17.684 18.007 18.407 18.531 18.479 18.421
-9999 -9999 -9999 -9999 -9999 -9999 -9999 -9999 -9999 -9999 -9999 -9999 -9999 -9999 -9999 -9999 -9999 -9999 -9999 -9999 -9999 -9999 -9999 -9999 -9999 -9999 -9999 -9999 -9999 16.729 16.806 16.871 16.912 17.158 -9999 -9999 -9999 -9999 17.166 17.153 16.904 16.916 17.127 17.334 17.233 16.901 16.948 16.618 16.68 16.801 16.602 16.474 16.318 15.996 16.123 16.336 16.571 16.721 16.86 17.012 16.986 16.991 17.198 17.475 17.595 17.583 17.399 17.486 17.593 17.582 17.711 18.108 18.359 18.44 18.477
-9999 -9999 -9999 -9999 -9999 -9999 -9999 -9999 -9999 -9999 -9999 -9999 -9999 -9999 -9999 -9999 -9999 -9999 -9999 -9999 -9999 -9999 -9999 -9999 -9999 -9999 -9999 -9999 -9999 -9999 -9999 -9999 -9999 -9999 -9999 -9999 -9999 17.303 17.384 17.384 17.014 16.821 17.181 17.204 16.96 17.077 16.971 17.035 17.236 16.95 16.679 16.545 16.518 16.452 16.259 16.367 16.535 16.418 16.654 16.795 16.908 16.95 17.003 17.277 17.406 17.32 17.223 17.186 17.435 17.588 17.66 17.801 18.031 18.093 18.15
-9999 -9999 -9999 -9999 -9999 -9999 -9999 -9999 -9999 -9999 -9999 -9999 -9999 -9999 -9999 -9999 -9999 -9999 -9999 -9999 -9999 -9999 -9999 -9999 -9999 -9999 -9999 -9999 -9999 -9999 -9999 -9999 -9999 -9999 -9999 -9999 17.703 17.576 17.227 16.791 15.802 16.509 17.085 16.949 16.901 16.923 17.054 17.485 17.414 17.162 16.883 16.727 16.884 16.667 16.424 16.138 16.285 16.405 16.103 16.432 16.664 16.888 17.063 17.226 17.354 17.337 17.327 17.418 17.36 17.452 17.597 17.66 17.704 17.7 17.445
-9999 -9999 -9999 -9999 -9999 -9999 -9999 -9999 -9999 -9999 -9999 -9999 -9999 -9999 -9999 -9999 -9999 -9999 -9999 -9999 -9999 -9999 -9999 -9999 -9999 -9999 -9999 -9999 -9999 -9999 -9999 -9999 -9999 -9999 -9999 -9999 17.655 17.399 17.257 16.521 16.153 16.046 16.395 16.683 16.824 16.741 17.227 17.356 17.205 16.687 16.419 16.42 16.698 16.808 16.619 16.515 16.3 16.38 16.479 16.449 16.647 16.794 17.014 17.253 17.378 17.408 17.373 17.434 17.44 17.364 17.443 17.418 17.137 17.137 17.06
-9999 -9999 -9999 -9999 -9999 -9999 -9999 -9999 -9999 -9999 -9999 -9999 -9999 -9999 -9999 -9999 -9999 -9999 -9999 -9999 -9999 -9999 -9999 14.043 13.877 14.047 14.544 -9999 15.363 -9999 -9999 -9999 -9999 -9999 -9999 -9999 -9999 17.415 17.269 16.998 16.738 16.545 16.343 16.387 16.509 16.856 16.989 16.978 16.511 16.213 16.477 16.535 16.69 16.726 16.69 16.802 16.887 16.885 16.764 16.825 16.745 16.666 16.592 16.861 17.167 17.209 17.16 17.245 17.23 17.206 17.359 17.281 16.951 16.886 17.164
-9999 -9999 -9999 -9999 -9999 -9999 -9999 -9999 -9999 -9999 -9999 -9999 -9999 -9999 -9999 -9999 -9999 -9999 -9999 -9999 15.538 15.242 14.572 13.775 13.373 13.674 14.106 14.368 15.175 16.272 16.885 -9999 -9999 16.345 16.93 17.228 17.449 17.462 17.36 17.371 17.223 17.028 16.735 16.415 16.537 16.756 16.724 16.225 16.332 16.451 16.369 16.68 16.876 16.962 16.865 16.877 16.993 17.022 17.123 17.032 16.877 16.707 16.695 16.589 16.702 16.969 17.072 17.185 17.368 17.168 17.278 16.817 16.693 16.824 17.145
-9999 -9999 -9999 -9999 -9999 -9999 -9999 -9999 -9999 -9999 -9999 -9999 -9999 -9999 -9999 -9999 -9999 -9999 -9999 15.46 15.508 15.788 15.21 14.241 13.633 13.77 14.114 14.485 15.026 15.633 16.234 16.361 16.25 16.363 16.536 17.211 17.409 17.484 17.311 17.147 17.325 17.142 16.62 16.55 16.632 16.542 16.002 16.368 16.146 16.136 16.362 16.7 16.997 17.014 16.799 16.894 16.951 17.047 17.026 17.08 16.954 16.799 16.579 16.425 16.679 16.94 17.095 16.816 17.0 17.267 17.202 17.26 16.848 17.002 17.139
-9999 -9999 -9999 -9999 -9999 -9999 -9999 -9999 -9999 -9999 -9999 -9999 -9999 -9999 -9999 -9999 -9999 -9999 -9999 15.426 16.21 16.621 15.98 14.885 14.651 14.535 14.325 14.72 15.205 15.871 15.685 15.528 16.024 16.403 16.679 16.653 17.213 17.44 17.275 17.296 17.078 16.882 16.914 16.837 16.71 16.368 16.409 16.384 16.114 16.247 16.344 16.638 16.878 16.903 16.722 16.661 17.048 17.119 17.074 17.206 17.215 17.078 16.859 16.488 16.413 16.9 17.093 16.978 16.77 17.047 17.272 17.332 17.352 17.292 17.026
-9999 -9999 -9999 -9999 -9999 -9999 -9999 -9999 -9999 -9999 -9999 -9999 -9999 -9999 -9999 -9999 -9999 -9999 -9999 15.84 16.737 16.535 16.244 15.709 15.812 15.5 15.536 15.506 15.714 15.912 15.495 15.704 16.454 16.755 16.818 17.024 17.312 17.42 17.351 17.101 16.89 17.001 16.952 16.823 16.648 16.705 16.686 16.676 16.556 16.463 16.261 16.405 16.792 17.079 17.025 17.017 17.115 17.064 17.126 17.393 17.192 16.994 16.993 16.574 16.189 16.693 17.156 17.136 17.077 17.142 17.222 17.303 17.261 17.163 17.051
-9999 -9999 -9999 -9999 -9999 -9999 -9999 -9999 -9999 -9999 -9999 -9999 -9999 -9999 -9999 15.593 15.232 -9999 15.587 16.345 16.22 16.075 16.13 16.32 16.242 16.174 15.808 15.595 15.769 16.041 16.069 16.329 16.683 16.992 17.033 17.009 17.052 17.174 17.301 17.148 17.091 17.03 16.91 16.592 16.842 16.838 16.768 16.576 16.399 16.37 16.151 16.277 16.655 17.053 17.126 17.15 17.175 17.31 17.174 17.189 17.201 16.815 16.955 16.817 16.735 16.784 17.215 17.305 17.186 17.128 17.151 17.216 17.314 17.329 17.256
-9999 -9999 -9999 -9999 -9999 -9999 -9999 -9999 -9999 -9999 -9999 -9999 -9999 -9999 -9999 15.506 15.341 15.533 15.766 16.012 15.959 16.106 15.764 15.796 16.065 15.72 15.718 15.733 15.898 16.228 16.157 16.275 16.565 16.253 16.058 16.377 16.769 17.137 17.262 17.102 16.956 16.826 16.734 16.646 16.876 16.744 16.833 16.669 16.372 16.29 16.437 16.506 16.781 16.927 17.03 17.116 17.414 17.47 17.522 17.517 17.367 17.111 16.976 16.785 16.492 16.606 16.503 16.913 17.184 17.192 17.233 17.212 17.261 17.364 17.358
-9999 -9999 -9999 -9999 -9999 -9999 -9999 -9999 -9999 -9999 -9999 -9999 -9999 -9999 15.669 15.415 15.574 15.614 15.684 15.878 15.981 15.879 15.727 15.967 16.095 15.836 15.881 15.866 16.205 16.436 16.683 16.746 16.321 15.678 15.871 16.083 16.359 16.954 17.032 17.028 17.018 16.862 16.777 16.733 16.792 16.867 16.95 16.768 16.445 16.714 16.764 16.851 16.879 16.934 16.95 16.972 17.386 17.807 17.949 17.751 17.708 17.472 17.337 17.119 16.82 16.728 16.637 16.586 16.791 16.524 16.958 16.721 16.756 17.214 17.355
-9999 -9999 -9999 -9999 -9999 -9999 -9999 -9999 -9999 -9999 -9999 -9999 -9999 -9999 -9999 15.759 15.677 15.674 15.865 16.015 16.125 16.117 16.113 16.166 16.155 16.09 16.048 16.384 16.614 16.852 16.751 16.815 16.144 15.835 15.946 15.837 16.313 16.722 16.698 16.805 16.874 16.764 16.597 16.691 16.732 16.763 16.722 16.553 16.933 16.843 16.937 16.995 17.007 16.957 16.94 17.092 17.312 17.707 17.896 -9999 17.605 17.6 17.412 17.426 17.398 17.368 17.294 17.156 17.151 16.908 16.756 16.853 16.623 16.796 17.004
-9999 -9999 -9999 -9999 -9999 -9999 -9999 -9999 -9999 -9999 -9999 -9999 -9999 -9999 15.718 15.962 15.713 15.653 15.762 15.849 16.083 16.226 16.185 16.104 15.958 16.116 16.441 16.676 16.755 16.797 16.873 16.653 16.45 16.462 16.335 16.12 16.705 16.845 16.266 16.481 16.459 15.886 16.106 16.103 16.132 16.348 16.412 16.645 16.906 17.116 17.13 17.19 17.137 17.077 16.997 17.069 17.229 17.356 17.566 17.677 -9999 17.651 -9999 17.76 -9999 17.603 -9999 17.434 17.38 17.221 16.95 16.874 16.949 17.146 -9999
-9999 -9999 -9999 -9999 -9999 -9999 -9999 -9999 -9999 -9999 -9999 -9999 -9999 -9999 15.903 15.755 15.527 15.595 15.609 15.665 15.646 15.903 15.758 15.714 15.83 16.197 16.563 16.749 16.904 16.961 16.92 16.812 16.607 16.506 16.226 16.529 16.935 16.224 16.264 16.736 16.324 16.096 16.077 15.991 16.262 16.579 16.613 16.855 17.035 17.056 17.285 17.291 17.181 17.103 16.989 16.928 17.086 17.21 17.421 17.585 -9999 -9999 17.887 17.904 -9999 -9999 17.394 17.319 17.261 -9999 -9999 -9999 -9999 -9999 -9999
-9999 -9999 -9999 -9999 -9999 -9999 -9999 -9999 -9999 -9999 -9999 -9999 -9999 15.447 15.649 15.649 15.612 15.829 15.891 15.709 15.754 15.543 15.047 15.128 15.557 15.936 16.213 16.458 16.824 16.959 16.865 16.745 16.497 16.025 15.969 16.294 16.216 16.305 16.947 16.785 16.39 16.072 15.957 16.489 16.856 16.765 16.87 16.933 17.094 17.365 17.516 17.195 17.248 17.133 17.073 16.904 16.943 -9999 -9999 -9999 17.635 -9999 -9999 -9999 -9999 -9999 -9999 17.064 -9999 -9999 -9999 -9999 -9999 -9999 -9999
-9999 -9999 -9999 -9999 -9999 -9999 -9999 -9999 -9999 -9999 -9999 -9999 15.555 15.083 15.231 15.58 16.136 16.294 16.212 16.1 15.854 14.97 14.128 14.393 15.482 15.733 15.705 16.464 16.47 16.939 16.896 16.532 16.579 16.591 16.62 -9999 -9999 -9999 -9999 -9999 16.751 16.337 16.226 16.552 16.818 16.889 16.821 16.97 17.148 17.431 -9999 17.072 -9999 -9999 -9999 -9999 -9999 16.817 16.983 17.166 17.222 17.302 17.538 -9999 -9999 -9999 -9999 -9999 -9999 -9999 -9999 -9999 -9999 -9999 -9999
-9999 -9999 -9999 -9999 -9999 -9999 -9999 -9999 -9999 -9999 -9999 16.196 15.245 14.782 15.035 15.595 15.988 16.282 16.454 16.02 15.467 14.374 13.77 14.172 14.875 15.34 16.142 15.954 16.607 16.81 16.705 16.859 -9999 -9999 -9999 -9999 -9999 -9999 -9999 -9999 -9999 -9999 16.774 16.91 17.102 16.727 16.417 16.395 16.814 16.636 16.887 -9999 -9999 -9999 -9999 -9999 -9999 -9999 16.892 16.807 17.065 17.043 -9999 -9999 -9999 -9999 -9999 -9999 -9999 -9999 -9999 -9999 -9999 -9999 -9999
-9999 -9999 -9999 -9999 -9999 -9999 -9999 -9999 -9999 16.478 16.496 15.994 15.332 14.897 14.729 14.941 15.65 16.361 16.173 15.786 15.274 14.601 14.038 14.541 15.068 15.71 15.897 16.878 16.407 16.397 -9999 -9999 -9999 -9999 -9999 -9999 -9999 -9999 -9999 -9999 -9999 -9999 -9999 17.115 -9999 -9999 -9999 -9999 -9999 16.768 16.458 -9999 -9999 -9999 -9999 -9999 -9999 -9999 -9999 -9999 16.557 16.473 -9999 -9999 -9999 -9999 -9999 -9999 -9999 -9999 -9999 -9999 -9999 -9999 -9999
-9999 -9999 -9999 -9999 -9999 -9999 -9999 -9999 16.463 -9999 16.333 16.161 15.531 14.961 14.746 14.885 15.588 15.919 15.831 16.212 16.014 15.122 14.703 14.935 15.701 16.048 16.501 16.842 16.94 17.146 -9999 -9999 -9999 -9999 -9999 -9999 -9999 -9999 -9999 -9999 -9999 -9999 -9999 -9999 17.041 -9999 -9999 -9999 -9999 -9999 -9999 -9999 -9999 -9999 -9999 -9999 -9999 -9999 -9999 -9999 -9999 -9999 -9999 -9999 -9999 -9999 -9999 -9999 -9999 -9999 -9999 -9999 -9999 -9999 -9999
-9999 -9999 -9999 -9999 -9999 -9999 -9999 16.467 16.492 16.025 16.348 16.282 15.72 15.514 15.348 15.443 15.834 15.822 16.09 -9999 16.325 15.567 14.952 14.528 15.187 16.289 16.592 17.062 17.236 -9999 -9999 -9999 -9999 -9999 -9999 -9999 -9999 -9999 -9999 -9999 -9999 -9999 -9999 -9999 -9999 -9999 -9999 -9999 -9999 -9999 -9999 -9999 -9999 -9999 -9999 -9999 -9999 -9999 -9999 -9999 -9999 -9999 -9999 -9999 -9999 -9999 -9999 -9999 -9999 -9999 -9999 -9999 -9999 -9999 -9999
-9999 -9999 -9999 -9999 -9999 -9999 -9999 16.497 16.267 16.12 16.052 16.022 15.894 15.869 15.717 16.003 16.206 16.252 16.821 16.801 16.628 16.076 15.017 14.724 15.638 16.095 16.667 16.927 16.881 -9999 -9999 -9999 -9999 -9999 -9999 -9999 -9999 -9999 -9999 -9999 -9999 -9999 -9999 -9999 -9999 -9999 -9999 -9999 -9999 -9999 -9999 -9999 -9999 -9999 -9999 -9999 -9999 -9999 -9999 -9999 -9999 -9999 -9999 -9999 -9999 -9999 -9999 -9999 -9999 -9999 -9999 -9999 -9999 -9999 -9999
-9999 -9999 -9999 -9999 -9999 -9999 16.443 16.502 16.188 15.806 15.723 15.886 15.989 16.076 16.077 16.183 15.94 16.421 16.79 16.86 16.648 16.392 15.889 15.775 16.091 16.493 16.653 16.696 -9999 -9999 -9999 -9999 -9999 -9999 -9999 -9999 -9999 -9999 -9999 -9999 -9999 -9999 -9999 -9999 -9999 -9999 -9999 -9999 -9999 -9999 -9999 -9999 -9999 -9999 -9999 -9999 -9999 -9999 -9999 -9999 -9999 -9999 -9999 -9999 -9999 -9999 -9999 -9999 -9999 -9999 -9999 -9999 -9999 -9999 -9999
