Validation/Results/ReClimate_06_2024_2_Temperature-Actualsweatherlogisticsltd.asc
NCOLS 192
NROWS 249
XLLCENTER -225160.85627316462
YLLCENTER 29788.11610251502
CELLSIZE 5000.0
NODATA_VALUE -9999
[rows 136 to 169 of 249, columns 75 to 149 of 192]
14.312 -9999 -9999 -9999 -9999 -9999 -9999 -9999 -9999 -9999 14.208 -9999 14.028 13.611 13.682 13.736 14.016 14.16 14.086 13.795 12.704 13.023 13.169 13.297 13.906 13.915 13.854 13.975 13.526 13.386 -9999 -9999 -9999 -9999 -9999 -9999 14.726 14.869 14.838 14.635 14.586 14.511 14.04 13.808 14.158 14.286 14.398 14.911 14.65 14.545 15.084 15.494 15.852 15.862 16.254 16.513 16.487 16.184 16.251 -9999 -9999 -9999 -9999 -9999 -9999 -9999 -9999 -9999 -9999 -9999 -9999 -9999 -9999 -9999 -9999
13.727 15.165 -9999 -9999 -9999 -9999 -9999 -9999 -9999 -9999 14.119 14.045 14.112 14.21 13.957 13.925 14.02 14.108 14.312 13.929 13.493 12.86 13.106 13.436 13.974 13.82 13.707 14.05 13.664 14.085 -9999 -9999 -9999 -9999 14.531 14.621 14.735 14.883 14.97 14.924 14.765 14.078 13.365 13.504 13.844 13.589 14.423 14.391 14.187 14.829 14.852 15.289 15.994 16.133 15.786 16.241 16.405 16.139 16.345 -9999 -9999 -9999 -9999 -9999 -9999 -9999 -9999 -9999 -9999 -9999 -9999 -9999 -9999 -9999 -9999
14.6 14.684 14.905 -9999 -9999 -9999 -9999 -9999 -9999 -9999 13.975 14.175 14.105 -9999 -9999 14.054 14.011 14.142 14.221 -9999 14.147 13.943 13.915 13.966 14.135 13.677 13.971 14.247 -9999 -9999 -9999 -9999 -9999 14.464 14.551 14.624 14.736 14.784 14.823 14.869 14.514 13.854 12.844 12.74 13.415 13.234 13.955 13.517 13.866 14.316 14.36 15.186 15.448 15.65 15.705 15.966 16.213 16.036 16.256 -9999 -9999 -9999 -9999 -9999 -9999 -9999 -9999 -9999 -9999 -9999 -9999 -9999 -9999 -9999 -9999
14.185 14.007 14.749 -9999 -9999 -9999 -9999 -9999 -9999 -9999 -9999 14.203 14.38 -9999 -9999 -9999 14.282 14.073 14.166 14.28 -9999 -9999 14.264 14.3 14.199 13.613 13.665 -9999 -9999 -9999 -9999 -9999 14.216 14.309 14.426 14.558 14.591 14.549 14.651 14.414 14.276 14.032 13.042 12.92 12.316 13.126 12.758 12.72 13.277 13.771 13.805 14.341 15.157 15.375 15.387 15.878 16.201 15.94 15.913 -9999 -9999 -9999 -9999 -9999 -9999 -9999 -9999 -9999 -9999 -9999 -9999 -9999 -9999 -9999 -9999
14.205 14.983 -9999 -9999 -9999 -9999 -9999 -9999 -9999 -9999 -9999 -9999 14.354 -9999 -9999 -9999 -9999 14.253 13.936 13.984 -9999 -9999 -9999 14.279 14.306 -9999 -9999 -9999 -9999 -9999 -9999 -9999 14.281 14.49 14.446 14.169 13.946 14.099 14.263 14.277 14.543 14.28 13.616 12.634 12.632 12.768 12.027 12.348 12.855 13.546 13.535 13.819 14.623 15.248 15.658 15.96 16.128 15.879 15.85 -9999 -9999 -9999 -9999 -9999 -9999 -9999 -9999 -9999 -9999 -9999 -9999 -9999 -9999 -9999 -9999
15.431 -9999 -9999 -9999 -9999 -9999 -9999 -9999 -9999 -9999 -9999 -9999 14.048 -9999 -9999 -9999 -9999 -9999 14.152 13.982 -9999 -9999 -9999 -9999 -9999 -9999 -9999 -9999 -9999 -9999 -9999 -9999 14.474 14.149 13.836 13.587 13.411 13.681 13.95 14.233 14.466 14.31 13.864 12.821 11.847 11.373 11.845 12.373 13.577 13.947 14.184 14.568 14.795 14.915 15.538 16.002 16.0 15.799 15.856 16.219 -9999 -9999 -9999 -9999 -9999 -9999 -9999 -9999 -9999 -9999 -9999 -9999 -9999 -9999 -9999
-9999 15.375 15.253 15.204 15.367 -9999 -9999 -9999 -9999 -9999 -9999 -9999 14.008 -9999 -9999 -9999 -9999 -9999 -9999 -9999 -9999 -9999 -9999 -9999 -9999 -9999 -9999 -9999 -9999 -9999 -9999 14.449 14.187 14.122 14.097 13.697 12.734 13.37 13.616 13.781 14.281 14.272 14.461 13.059 11.576 11.191 12.223 12.819 12.305 12.462 13.414 14.132 15.233 15.426 15.492 15.683 15.782 15.893 15.95 16.27 16.707 -9999 -9999 -9999 -9999 -9999 -9999 -9999 -9999 -9999 -9999 -9999 -9999 -9999 -9999
15.697 15.138 15.186 15.273 15.279 -9999 -9999 -9999 -9999 -9999 -9999 -9999 -9999 -9999 -9999 -9999 -9999 -9999 -9999 -9999 -9999 -9999 -9999 -9999 -9999 -9999 -9999 -9999 -9999 -9999 14.462 14.43 14.151 14.128 13.889 13.351 11.438 12.26 13.603 13.981 14.248 14.684 14.434 13.872 12.523 11.461 12.187 12.418 12.753 13.227 13.35 13.856 14.587 15.514 15.726 15.877 15.885 15.954 16.153 16.552 16.937 -9999 -9999 -9999 -9999 -9999 -9999 -9999 -9999 -9999 -9999 -9999 -9999 -9999 -9999
15.198 15.25 15.438 -9999 15.425 15.372 -9999 -9999 -9999 -9999 -9999 -9999 -9999 -9999 -9999 -9999 -9999 -9999 -9999 -9999 -9999 -9999 -9999 -9999 -9999 -9999 -9999 -9999 -9999 -9999 13.953 14.053 14.192 13.063 12.688 12.946 13.236 13.036 13.023 13.676 14.031 14.24 14.525 14.481 13.506 12.884 11.928 12.694 13.239 13.626 13.953 14.473 14.952 15.35 15.527 15.852 15.934 16.053 16.19 16.601 17.112 17.278 17.193 -9999 -9999 -9999 -9999 -9999 -9999 -9999 -9999 -9999 -9999 -9999 -9999
14.934 15.191 15.427 -9999 -9999 15.326 -9999 -9999 -9999 -9999 -9999 -9999 -9999 -9999 -9999 -9999 -9999 -9999 -9999 -9999 -9999 -9999 -9999 -9999 -9999 -9999 -9999 -9999 -9999 -9999 14.097 14.076 13.53 12.501 13.805 13.799 12.892 12.472 13.372 13.443 13.189 14.084 14.035 14.548 14.634 13.742 13.299 13.026 13.446 13.865 14.49 14.854 15.284 15.618 15.922 15.977 16.182 16.093 16.324 16.627 17.011 16.757 16.749 16.715 16.797 16.304 -9999 -9999 -9999 -9999 -9999 -9999 -9999 -9999 -9999
14.959 15.031 15.338 15.506 -9999 15.228 -9999 -9999 -9999 -9999 -9999 -9999 -9999 -9999 -9999 -9999 -9999 -9999 -9999 -9999 -9999 -9999 -9999 -9999 -9999 -9999 -9999 -9999 -9999 14.885 14.292 13.905 12.855 12.172 12.014 12.835 13.216 13.34 13.121 12.55 13.579 12.859 13.686 14.252 14.561 14.44 14.367 13.997 13.449 13.837 14.451 14.921 15.256 15.586 15.923 16.243 16.31 16.352 16.487 16.714 16.86 16.783 15.961 15.98 16.121 16.093 16.262 16.012 -9999 -9999 -9999 -9999 -9999 -9999 -9999
14.979 15.242 15.384 -9999 15.172 -9999 -9999 -9999 -9999 -9999 -9999 -9999 -9999 -9999 -9999 -9999 -9999 -9999 -9999 -9999 -9999 -9999 -9999 -9999 -9999 -9999 -9999 -9999 -9999 -9999 14.866 14.129 12.812 12.474 12.845 11.32 12.365 13.552 13.076 13.571 12.296 12.593 13.614 14.15 14.23 14.424 14.214 12.577 13.034 13.297 13.401 13.887 14.846 15.289 15.727 16.187 16.405 16.469 16.598 16.823 16.961 16.857 16.258 15.958 16.254 16.237 16.014 15.975 16.018 -9999 -9999 -9999 -9999 -9999 -9999
15.326 15.463 15.418 15.178 14.979 -9999 -9999 -9999 -9999 -9999 -9999 -9999 -9999 -9999 -9999 -9999 -9999 -9999 -9999 -9999 -9999 -9999 -9999 -9999 -9999 -9999 -9999 -9999 -9999 -9999 -9999 14.699 14.189 14.217 12.659 12.62 13.209 14.424 14.772 13.3 13.203 13.638 13.89 13.657 13.767 14.177 13.222 12.951 12.847 12.386 12.99 13.842 14.244 15.081 15.618 16.174 16.444 16.503 16.635 16.81 16.183 15.994 15.451 14.875 15.236 15.603 16.066 15.872 15.949 16.408 -9999 -9999 -9999 -9999 -9999
15.246 15.506 15.448 15.136 -9999 -9999 -9999 -9999 -9999 -9999 -9999 -9999 -9999 -9999 -9999 -9999 -9999 -9999 -9999 -9999 -9999 -9999 -9999 -9999 -9999 -9999 -9999 -9999 -9999 -9999 -9999 15.179 14.864 14.471 13.707 12.994 12.702 14.405 13.971 14.309 14.62 14.613 14.338 13.849 12.856 13.908 13.184 12.561 13.09 14.029 14.321 14.371 14.658 15.011 15.817 16.353 16.555 16.602 16.49 16.134 15.803 15.418 15.645 15.469 15.38 15.275 15.384 15.7 15.834 16.207 16.93 -9999 -9999 -9999 -9999
15.161 15.21 15.152 15.064 -9999 -9999 -9999 -9999 -9999 -9999 -9999 -9999 -9999 -9999 -9999 -9999 -9999 -9999 -9999 -9999 -9999 -9999 -9999 -9999 -9999 -9999 -9999 -9999 -9999 -9999 -9999 -9999 14.344 13.905 13.783 13.139 14.118 14.027 14.611 14.945 15.053 14.909 14.637 14.074 14.218 12.809 13.222 13.505 13.51 14.05 14.217 14.195 15.08 15.372 16.007 16.401 16.667 16.71 16.43 16.041 15.847 15.698 15.608 15.681 15.732 15.661 15.594 15.674 16.12 16.318 16.728 -9999 -9999 -9999 -9999
-9999 -9999 -9999 -9999 -9999 -9999 -9999 -9999 -9999 -9999 -9999 -9999 -9999 -9999 -9999 -9999 -9999 -9999 -9999 -9999 -9999 -9999 -9999 -9999 -9999 -9999 -9999 -9999 -9999 -9999 -9999 -9999 15.125 13.517 14.15 14.955 14.52 14.84 14.913 15.294 15.265 14.785 14.827 14.866 12.897 13.571 13.289 13.298 13.265 14.261 14.446 14.755 15.043 15.607 15.95 16.436 16.696 16.776 16.634 15.972 15.602 15.809 16.055 16.09 16.155 16.114 16.138 15.964 16.0 16.527 16.53 17.048 -9999 -9999 -9999
-9999 -9999 -9999 -9999 -9999 -9999 -9999 -9999 -9999 -9999 -9999 -9999 -9999 -9999 -9999 -9999 -9999 -9999 -9999 -9999 -9999 -9999 -9999 -9999 -9999 -9999 -9999 -9999 -9999 -9999 -9999 -9999 -9999 14.867 15.472 15.24 14.991 15.182 15.121 15.47 15.311 15.06 15.18 14.365 13.391 12.905 12.927 12.602 13.24 13.39 13.824 14.475 14.633 15.17 15.842 16.353 16.649 16.631 16.561 16.463 15.619 15.621 16.337 16.779 16.699 16.732 16.775 16.833 16.779 16.962 17.104 16.968 -9999 -9999 -9999
-9999 -9999 -9999 -9999 -9999 -9999 -9999 -9999 -9999 -9999 -9999 -9999 -9999 -9999 -9999 -9999 -9999 -9999 -9999 -9999 -9999 -9999 -9999 -9999 -9999 -9999 -9999 -9999 -9999 -9999 -9999 -9999 -9999 15.296 -9999 15.279 15.613 15.352 15.371 -9999 15.53 15.256 15.204 14.463 13.348 13.379 13.374 12.918 13.349 13.404 12.844 13.823 14.307 14.711 15.274 16.09 16.507 16.546 16.521 16.578 16.599 16.326 16.696 17.008 16.938 16.814 16.887 17.037 17.186 17.237 16.836 16.558 16.637 -9999 -9999
-9999 -9999 -9999 -9999 -9999 -9999 -9999 -9999 -9999 -9999 -9999 -9999 -9999 -9999 -9999 -9999 -9999 -9999 -9999 -9999 -9999 -9999 -9999 -9999 -9999 -9999 -9999 -9999 -9999 -9999 -9999 -9999 -9999 -9999 15.686 15.521 -9999 -9999 -9999 -9999 15.798 15.597 15.632 15.036 14.644 13.745 13.64 13.504 13.428 14.299 13.94 13.385 14.286 14.589 15.276 15.88 16.436 16.664 16.745 16.78 16.828 16.789 16.661 16.84 16.759 16.745 16.929 17.02 16.909 16.918 17.033 16.768 16.579 16.533 16.724
-9999 -9999 -9999 -9999 -9999 -9999 -9999 -9999 -9999 -9999 -9999 -9999 -9999 -9999 -9999 -9999 -9999 -9999 -9999 -9999 -9999 -9999 -9999 -9999 -9999 -9999 -9999 -9999 -9999 -9999 -9999 -9999 -9999 -9999 15.647 15.732 -9999 -9999 -9999 -9999 15.954 15.566 15.82 15.441 14.711 14.934 14.809 14.017 13.988 14.256 14.533 13.546 14.221 14.605 15.039 15.69 16.416 16.79 16.907 16.975 16.978 16.967 16.886 16.791 16.799 16.836 16.957 16.927 16.762 16.57 16.605 16.77 16.88 16.88 16.973
-9999 -9999 -9999 -9999 -9999 -9999 -9999 -9999 -9999 -9999 -9999 -9999 -9999 -9999 -9999 -9999 -9999 -9999 -9999 -9999 -9999 -9999 -9999 -9999 -9999 -9999 -9999 -9999 -9999 -9999 -9999 -9999 -9999 -9999 15.712 -9999 -9999 -9999 -9999 16.126 15.784 15.476 14.836 14.525 14.601 14.698 14.87 14.375 13.949 14.623 14.72 14.719 14.255 14.832 15.201 15.718 16.202 16.707 16.841 16.98 17.096 17.125 17.118 17.081 17.09 16.905 16.541 16.62 16.669 16.747 16.81 16.948 17.076 17.141 -9999
-9999 -9999 -9999 -9999 -9999 -9999 -9999 -9999 -9999 -9999 -9999 -9999 -9999 -9999 -9999 -9999 -9999 -9999 -9999 -9999 -9999 -9999 -9999 -9999 -9999 -9999 -9999 -9999 -9999 -9999 -9999 -9999 -9999 -9999 -9999 -9999 -9999 -9999 -9999 15.878 15.423 14.559 13.78 13.496 14.106 14.839 14.864 15.091 15.045 15.259 15.16 15.013 14.809 14.888 15.41 15.796 16.118 16.538 16.782 16.937 17.139 17.237 17.26 17.226 17.178 17.105 16.415 16.07 16.679 16.93 17.151 17.201 17.264 17.223 -9999
-9999 -9999 -9999 -9999 -9999 -9999 -9999 -9999 -9999 -9999 -9999 -9999 -9999 -9999 -9999 -9999 -9999 -9999 -9999 -9999 -9999 -9999 -9999 -9999 -9999 -9999 -9999 -9999 -9999 -9999 -9999 -9999 -9999 -9999 -9999 -9999 -9999 -9999 -9999 15.699 15.399 14.752 13.97 14.026 14.63 14.86 15.295 15.346 15.401 15.507 15.489 15.733 15.268 15.282 15.431 15.756 16.076 16.493 16.856 16.953 17.124 17.29 17.323 17.305 17.226 17.185 16.863 16.317 16.583 17.034 17.243 17.367 17.361 17.305 -9999
-9999 -9999 -9999 -9999 -9999 -9999 -9999 -9999 -9999 -9999 -9999 -9999 -9999 -9999 -9999 -9999 -9999 -9999 -9999 -9999 -9999 -9999 -9999 -9999 -9999 -9999 -9999 -9999 -9999 -9999 -9999 -9999 -9999 -9999 -9999 -9999 -9999 -9999 15.777 15.649 15.294 14.495 14.025 13.851 14.596 14.71 15.621 15.396 15.49 15.268 15.331 15.261 16.038 16.026 16.246 16.251 16.53 16.547 16.82 16.998 17.052 17.188 17.336 17.303 17.222 17.135 17.115 16.748 16.731 17.057 17.305 17.429 17.442 17.382 17.32
-9999 -9999 -9999 -9999 -9999 -9999 -9999 -9999 -9999 -9999 -9999 -9999 -9999 -9999 -9999 -9999 -9999 -9999 -9999 -9999 -9999 -9999 -9999 -9999 -9999 -9999 -9999 -9999 -9999 -9999 -9999 -9999 -9999 -9999 -9999 -9999 -9999 -9999 15.811 15.817 15.59 15.15 14.468 15.275 15.186 15.811 15.29 14.911 15.063 14.778 15.008 15.664 15.516 16.069 16.168 16.24 16.382 16.67 16.779 16.982 17.103 17.178 17.265 17.221 17.083 17.043 17.1 17.129 16.883 17.023 17.299 17.467 17.545 17.477 17.402
-9999 -9999 -9999 -9999 -9999 -9999 -9999 -9999 -9999 -9999 -9999 -9999 -9999 -9999 -9999 -9999 -9999 -9999 -9999 -9999 -9999 -9999 -9999 -9999 -9999 -9999 -9999 -9999 -9999 -9999 -9999 -9999 -9999 -9999 -9999 -9999 -9999 15.856 15.886 15.891 16.003 15.553 15.593 15.576 15.863 15.802 15.193 15.21 14.99 14.648 14.947 15.471 16.397 16.115 16.628 16.664 16.631 16.568 16.784 16.919 17.066 17.181 17.229 17.162 17.017 16.974 17.077 17.182 17.095 16.925 17.217 17.611 17.789 17.697 17.545
-9999 -9999 -9999 -9999 -9999 -9999 -9999 -9999 -9999 -9999 -9999 -9999 -9999 -9999 -9999 -9999 -9999 -9999 -9999 -9999 -9999 -9999 -9999 -9999 -9999 -9999 -9999 -9999 -9999 -9999 -9999 -9999 -9999 -9999 -9999 -9999 -9999 15.932 15.762 15.884 15.969 15.875 15.825 15.88 15.735 15.501 15.696 15.509 14.852 13.927 14.365 14.929 15.788 16.43 16.43 16.908 17.128 16.977 16.762 16.925 17.094 17.196 17.261 17.224 17.108 17.076 17.169 17.302 17.202 17.015 17.322 17.865 18.083 18.02 17.742
-9999 -9999 -9999 -9999 -9999 -9999 -9999 -9999 -9999 -9999 -9999 -9999 -9999 -9999 -9999 -9999 -9999 -9999 -9999 -9999 -9999 -9999 -9999 -9999 -9999 -9999 -9999 -9999 -9999 -9999 -9999 -9999 -9999 -9999 -9999 -9999 -9999 15.903 15.881 15.994 16.093 16.081 16.047 15.793 15.591 15.534 15.223 14.662 13.96 14.028 14.423 14.851 15.566 16.24 16.291 16.41 16.975 17.296 17.231 17.13 17.233 17.285 17.295 17.322 17.27 17.245 17.321 17.409 17.496 17.381 17.526 18.0 18.216 18.123 17.897
-9999 -9999 -9999 -9999 -9999 -9999 -9999 -9999 -9999 -9999 -9999 -9999 -9999 -9999 -9999 -9999 -9999 -9999 -9999 -9999 -9999 -9999 -9999 -9999 -9999 -9999 -9999 -9999 -9999 -9999 -9999 -9999 -9999 -9999 -9999 -9999 -9999 -9999 15.956 16.031 16.135 16.114 15.71 15.305 15.115 15.041 15.042 14.834 14.394 14.688 14.774 15.346 16.29 16.583 16.657 16.462 16.935 17.286 17.199 17.166 17.295 17.335 17.345 17.395 17.416 17.41 17.452 17.519 17.542 17.634 17.696 -9999 18.075 -9999 17.88
-9999 -9999 -9999 -9999 -9999 -9999 -9999 -9999 -9999 -9999 -9999 -9999 -9999 -9999 -9999 -9999 -9999 -9999 -9999 -9999 -9999 -9999 -9999 -9999 -9999 -9999 -9999 -9999 -9999 -9999 -9999 -9999 -9999 -9999 -9999 -9999 -9999 16.031 16.016 16.074 16.172 16.013 15.435 14.711 14.703 14.967 14.618 14.58 14.843 14.61 14.367 14.924 15.758 16.83 16.745 16.795 17.148 17.312 17.225 17.193 17.244 17.366 17.396 17.444 17.476 17.491 17.533 17.399 17.456 17.588 17.495 17.538 17.724 17.796 -9999
-9999 -9999 -9999 -9999 -9999 -9999 -9999 -9999 -9999 -9999 -9999 -9999 -9999 -9999 -9999 -9999 -9999 -9999 -9999 -9999 -9999 -9999 -9999 -9999 -9999 -9999 -9999 -9999 -9999 -9999 -9999 -9999 -9999 -9999 -9999 -9999 -9999 16.091 16.087 16.153 16.088 15.754 15.477 15.118 14.944 15.174 15.22 15.333 15.544 15.0 14.597 15.028 15.76 16.247 16.325 16.472 16.834 17.09 17.055 17.094 17.234 17.372 17.501 17.533 17.539 17.529 17.586 17.643 17.434 17.55 17.57 17.371 17.486 17.648 17.751
-9999 -9999 -9999 -9999 -9999 -9999 -9999 -9999 -9999 -9999 -9999 -9999 -9999 -9999 -9999 -9999 -9999 -9999 -9999 -9999 -9999 -9999 -9999 -9999 -9999 -9999 -9999 -9999 -9999 -9999 -9999 -9999 -9999 -9999 -9999 -9999 16.064 16.098 16.032 15.947 15.869 15.963 15.915 15.493 15.737 15.885 15.957 16.095 15.944 15.265 14.367 14.227 14.995 15.62 15.627 16.132 16.729 16.936 17.124 17.079 17.23 17.42 17.569 17.617 17.612 17.581 17.619 17.683 17.643 17.548 17.586 17.339 17.293 17.492 17.679
-9999 -9999 -9999 -9999 -9999 -9999 -9999 -9999 -9999 -9999 -9999 -9999 -9999 -9999 -9999 -9999 -9999 -9999 -9999 -9999 -9999 -9999 -9999 -9999 -9999 -9999 -9999 -9999 -9999 -9999 -9999 -9999 -9999 -9999 -9999 -9999 16.082 16.156 16.111 16.101 15.998 15.905 16.202 16.206 16.281 16.325 16.394 16.446 16.247 15.717 15.048 13.998 13.738 14.763 15.109 15.631 16.431 16.668 17.165 17.351 17.244 17.423 17.629 17.699 17.679 17.623 17.631 17.689 17.636 17.606 17.61 17.568 17.119 17.282 17.548
-9999 -9999 -9999 -9999 -9999 -9999 -9999 -9999 -9999 -9999 -9999 -9999 -9999 -9999 -9999 -9999 -9999 -9999 -9999 -9999 -9999 -9999 -9999 -9999 -9999 -9999 -9999 -9999 -9999 -9999 -9999 -9999 -9999 -9999 -9999 -9999 -9999 16.354 16.365 16.425 16.276 16.423 16.443 16.509 16.595 16.651 16.853 16.871 16.643 16.227 15.405 14.491 13.587 13.51 14.491 15.286 16.059 16.704 16.821 17.177 17.194 17.302 17.577 17.688 17.663 17.603 17.614 17.629 17.596 17.585 17.625 17.562 17.273 17.105 17.35
