Validation/Results/ReClimate_09_2024_2_Precipitation-Actualsweatherlogisticsltd.asc
NCOLS 192
NROWS 249
XLLCENTER -225160.85627316462
YLLCENTER 29788.11610251502
CELLSIZE 5000.0
NODATA_VALUE -9999
[rows 132 to 164 of 249, columns 74 to 147 of 192]
-9999 -9999 -9999 -9999 -9999 -9999 -9999 -9999 -9999 -9999 -9999 -9999 -9999 186.68 195.053 208.029 223.467 229.539 227.707 264.497 287.788 308.892 299.842 228.666 198.988 199.524 207.097 188.131 173.732 170.462 160.331 149.465 142.791 129.156 142.244 157.134 168.186 166.232 158.013 166.161 166.212 156.556 170.63 170.089 160.77 149.886 138.248 129.591 112.176 107.415 108.849 105.197 98.041 92.179 99.827 92.233 87.164 84.65 -9999 -9999 -9999 -9999 -9999 -9999 -9999 -9999 -9999 -9999 -9999 -9999 -9999 -9999 -9999 -9999
148.886 -9999 -9999 -9999 -9999 -9999 -9999 -9999 -9999 -9999 -9999 -9999 -9999 191.355 221.783 213.138 215.089 208.585 207.493 245.441 313.547 325.488 277.605 242.213 206.429 203.674 196.144 189.227 193.404 160.343 148.055 144.884 134.461 135.514 136.045 154.581 154.081 144.884 138.752 143.176 142.945 149.907 155.988 158.585 156.225 147.652 141.086 122.85 111.055 105.547 97.777 96.815 96.571 89.704 87.192 90.317 84.373 83.258 -9999 -9999 -9999 -9999 -9999 -9999 -9999 -9999 -9999 -9999 -9999 -9999 -9999 -9999 -9999 -9999
153.948 -9999 -9999 -9999 -9999 -9999 -9999 -9999 -9999 -9999 -9999 -9999 183.181 212.46 207.713 210.43 215.338 207.873 195.842 239.146 274.964 271.549 287.104 248.949 217.519 191.893 185.463 193.103 172.021 158.196 145.103 131.469 136.458 125.08 128.592 136.686 135.095 126.679 122.772 122.794 130.069 130.631 142.87 153.556 145.548 138.249 131.986 123.043 109.839 101.651 94.348 84.769 88.046 88.713 86.028 85.252 85.819 83.8 80.35 -9999 -9999 -9999 -9999 -9999 -9999 -9999 -9999 -9999 -9999 -9999 -9999 -9999 -9999 -9999
145.204 -9999 -9999 -9999 -9999 -9999 -9999 -9999 -9999 -9999 -9999 165.188 -9999 183.507 199.14 202.403 203.683 186.437 172.666 193.603 209.622 257.651 287.432 245.85 203.256 177.134 171.048 167.362 163.352 157.762 151.664 142.364 137.271 118.341 115.512 118.987 115.089 108.657 103.592 108.823 113.187 119.189 122.598 121.767 124.36 123.201 117.634 108.446 98.404 87.068 89.357 94.386 85.521 84.942 82.784 83.426 83.694 83.749 81.322 -9999 -9999 -9999 -9999 -9999 -9999 -9999 -9999 -9999 -9999 -9999 -9999 -9999 -9999 -9999
151.856 135.978 -9999 -9999 -9999 -9999 -9999 -9999 -9999 -9999 -9999 155.636 -9999 166.833 175.542 174.099 175.726 169.35 163.388 164.953 183.433 232.679 243.96 221.666 190.63 169.437 158.241 147.836 161.289 171.434 175.261 -9999 -9999 -9999 -9999 -9999 -9999 100.336 97.195 99.73 103.851 103.858 103.283 115.455 124.315 115.006 109.253 109.209 93.583 92.551 98.664 90.181 82.462 80.685 84.084 77.582 77.161 79.46 81.091 78.52 -9999 -9999 -9999 -9999 -9999 -9999 -9999 -9999 -9999 -9999 -9999 -9999 -9999 -9999
159.303 139.198 114.866 -9999 -9999 -9999 -9999 -9999 -9999 -9999 -9999 149.567 149.718 147.56 148.413 157.617 162.575 163.361 156.86 153.757 171.614 203.229 225.664 207.342 190.045 168.981 153.75 162.949 152.485 161.074 151.238 -9999 -9999 -9999 -9999 103.402 102.277 98.312 95.28 93.634 98.315 102.15 113.998 134.191 140.005 127.825 129.093 109.41 100.041 103.641 96.451 89.119 85.269 84.559 81.109 88.289 87.306 81.638 80.714 75.613 -9999 -9999 -9999 -9999 -9999 -9999 -9999 -9999 -9999 -9999 -9999 -9999 -9999 -9999
148.532 129.823 121.959 111.995 -9999 -9999 -9999 -9999 -9999 -9999 -9999 143.786 136.557 135.596 -9999 -9999 156.526 157.257 149.289 150.15 -9999 167.935 181.707 182.194 179.019 158.606 159.973 154.447 143.65 -9999 -9999 -9999 -9999 -9999 103.139 101.466 102.199 95.549 96.303 94.736 96.84 107.329 127.93 158.927 171.266 156.591 149.418 126.182 121.191 105.953 101.777 99.97 88.283 92.089 86.544 82.74 85.225 85.512 79.99 76.658 -9999 -9999 -9999 -9999 -9999 -9999 -9999 -9999 -9999 -9999 -9999 -9999 -9999 -9999
127.356 136.061 131.309 114.882 -9999 -9999 -9999 -9999 -9999 -9999 -9999 -9999 133.263 125.876 -9999 -9999 -9999 141.004 138.944 143.04 140.927 -9999 -9999 151.889 146.323 144.65 157.468 155.612 -9999 -9999 -9999 -9999 -9999 119.44 108.996 110.405 109.549 106.488 103.849 101.607 104.022 113.481 125.537 158.825 166.859 181.151 162.491 159.476 149.858 137.549 119.943 114.861 106.339 92.358 87.483 87.459 83.171 85.656 84.829 82.007 -9999 -9999 -9999 -9999 -9999 -9999 -9999 -9999 -9999 -9999 -9999 -9999 -9999 -9999
120.235 122.527 118.065 -9999 -9999 -9999 -9999 -9999 -9999 -9999 -9999 -9999 -9999 122.495 -9999 -9999 -9999 -9999 128.958 139.828 140.74 -9999 -9999 -9999 140.142 139.897 -9999 -9999 -9999 -9999 -9999 -9999 -9999 118.47 117.955 127.384 126.033 130.675 126.384 117.906 108.125 109.693 129.299 136.008 156.035 167.555 175.688 185.444 177.299 160.124 137.141 126.379 119.811 100.49 89.127 82.482 81.769 81.442 87.767 83.554 -9999 -9999 -9999 -9999 -9999 -9999 -9999 -9999 -9999 -9999 -9999 -9999 -9999 -9999
120.92 115.021 -9999 -9999 -9999 -9999 -9999 -9999 -9999 -9999 -9999 -9999 -9999 129.76 -9999 -9999 -9999 -9999 -9999 136.078 136.437 -9999 -9999 -9999 -9999 -9999 -9999 -9999 -9999 -9999 -9999 -9999 -9999 123.562 139.285 144.543 159.412 164.904 160.337 136.712 113.907 116.88 116.966 137.588 168.967 198.566 211.392 205.096 186.169 152.374 133.37 115.034 105.313 101.316 96.34 89.117 80.227 81.293 87.838 91.084 80.667 -9999 -9999 -9999 -9999 -9999 -9999 -9999 -9999 -9999 -9999 -9999 -9999 -9999
114.576 -9999 105.893 104.648 101.963 96.088 -9999 -9999 -9999 -9999 -9999 -9999 -9999 128.051 -9999 -9999 -9999 -9999 -9999 -9999 -9999 -9999 -9999 -9999 -9999 -9999 -9999 -9999 -9999 -9999 -9999 -9999 131.397 140.708 149.281 157.287 167.397 203.913 206.115 176.297 146.468 121.61 122.611 116.168 148.795 187.87 204.657 216.888 180.659 185.921 167.889 130.965 112.71 92.032 89.434 86.959 84.799 84.984 86.09 91.51 88.027 79.137 -9999 -9999 -9999 -9999 -9999 -9999 -9999 -9999 -9999 -9999 -9999 -9999
106.424 104.517 105.344 102.236 95.477 94.533 -9999 -9999 -9999 -9999 -9999 -9999 -9999 -9999 -9999 -9999 -9999 -9999 -9999 -9999 -9999 -9999 -9999 -9999 -9999 -9999 -9999 -9999 -9999 -9999 -9999 139.075 139.448 155.338 169.966 187.036 221.182 272.663 250.625 202.528 154.967 138.955 111.08 110.656 132.841 171.864 225.781 200.381 186.59 175.746 155.287 134.152 116.217 102.417 85.476 81.143 75.646 79.861 78.119 81.539 80.58 75.69 -9999 -9999 -9999 -9999 -9999 -9999 -9999 -9999 -9999 -9999 -9999 -9999
105.315 105.723 102.296 97.273 -9999 90.484 90.59 -9999 -9999 -9999 -9999 -9999 -9999 -9999 -9999 -9999 -9999 -9999 -9999 -9999 -9999 -9999 -9999 -9999 -9999 -9999 -9999 -9999 -9999 -9999 -9999 152.76 153.665 178.979 225.586 250.859 256.967 244.619 261.5 245.774 198.251 168.521 137.185 124.19 127.814 156.494 179.878 199.241 178.761 163.671 136.659 118.732 98.16 90.825 83.416 79.131 75.414 75.033 74.75 74.324 78.11 72.73 70.606 72.618 -9999 -9999 -9999 -9999 -9999 -9999 -9999 -9999 -9999 -9999
107.406 107.059 101.222 93.813 -9999 -9999 90.533 -9999 -9999 -9999 -9999 -9999 -9999 -9999 -9999 -9999 -9999 -9999 -9999 -9999 -9999 -9999 -9999 -9999 -9999 -9999 -9999 -9999 -9999 -9999 -9999 166.491 173.63 204.808 238.501 289.356 300.275 309.867 315.446 271.125 249.863 233.318 178.91 153.469 135.014 114.374 140.527 148.084 133.889 143.718 127.891 105.693 92.218 82.77 75.634 70.478 73.13 71.062 72.188 72.529 72.787 75.713 84.505 82.784 85.095 82.025 92.147 -9999 -9999 -9999 -9999 -9999 -9999 -9999
105.538 105.86 100.608 89.274 88.077 -9999 89.822 -9999 -9999 -9999 -9999 -9999 -9999 -9999 -9999 -9999 -9999 -9999 -9999 -9999 -9999 -9999 -9999 -9999 -9999 -9999 -9999 -9999 -9999 -9999 133.552 173.836 199.486 244.737 332.05 390.301 406.936 349.745 338.712 323.471 324.617 274.152 237.799 195.584 145.945 122.001 130.925 114.273 128.044 138.73 125.715 106.149 95.019 82.125 77.481 74.698 71.62 70.385 68.647 69.364 73.793 78.18 89.279 106.308 101.968 104.187 99.647 95.254 96.015 -9999 -9999 -9999 -9999 -9999
116.508 110.177 96.086 95.214 -9999 90.429 -9999 -9999 -9999 -9999 -9999 -9999 -9999 -9999 -9999 -9999 -9999 -9999 -9999 -9999 -9999 -9999 -9999 -9999 -9999 -9999 -9999 -9999 -9999 -9999 -9999 141.062 183.853 245.997 316.818 384.612 424.764 437.064 348.767 338.183 307.494 308.116 270.16 211.224 170.54 150.341 140.819 142.99 171.567 152.384 142.006 139.14 123.603 98.363 84.619 80.081 73.323 70.847 70.4 72.128 72.905 79.162 91.446 108.126 104.402 107.061 109.154 104.787 101.37 95.838 -9999 -9999 -9999 -9999
124.364 107.598 97.125 95.026 93.128 94.532 -9999 -9999 -9999 -9999 -9999 -9999 -9999 -9999 -9999 -9999 -9999 -9999 -9999 -9999 -9999 -9999 -9999 -9999 -9999 -9999 -9999 -9999 -9999 -9999 -9999 -9999 146.099 196.263 250.342 317.287 382.202 387.063 318.054 269.038 275.319 275.128 237.647 213.589 196.989 182.224 172.813 193.457 188.078 181.349 182.387 159.862 133.802 117.308 96.409 84.4 74.621 71.199 72.39 73.798 76.312 93.292 98.757 123.445 137.501 125.198 128.803 110.352 106.817 100.204 94.507 -9999 -9999 -9999
120.915 108.609 98.666 90.728 91.664 -9999 -9999 -9999 -9999 -9999 -9999 -9999 -9999 -9999 -9999 -9999 -9999 -9999 -9999 -9999 -9999 -9999 -9999 -9999 -9999 -9999 -9999 -9999 -9999 -9999 -9999 -9999 132.077 174.579 225.103 269.311 337.682 333.206 262.887 239.353 229.919 218.152 206.58 180.986 186.823 219.049 212.425 219.512 216.61 193.138 157.736 146.241 131.102 117.888 103.104 82.643 73.939 72.853 72.792 77.39 84.274 97.799 114.982 118.272 125.183 124.882 130.953 127.718 115.124 110.52 100.28 92.124 -9999 -9999
108.425 115.226 102.874 96.148 95.72 -9999 -9999 -9999 -9999 -9999 -9999 -9999 -9999 -9999 -9999 -9999 -9999 -9999 -9999 -9999 -9999 -9999 -9999 -9999 -9999 -9999 -9999 -9999 -9999 -9999 -9999 -9999 -9999 158.406 203.146 240.307 280.757 249.227 233.401 207.647 195.841 189.649 165.884 165.64 192.377 205.517 228.81 218.774 210.699 183.909 169.029 151.647 141.01 113.652 99.034 81.839 77.017 76.571 70.356 79.114 91.526 97.383 112.464 122.469 125.194 119.612 119.933 120.549 119.373 111.741 108.876 97.904 -9999 -9999
140.199 -9999 -9999 -9999 -9999 -9999 -9999 -9999 -9999 -9999 -9999 -9999 -9999 -9999 -9999 -9999 -9999 -9999 -9999 -9999 -9999 -9999 -9999 -9999 -9999 -9999 -9999 -9999 -9999 -9999 -9999 -9999 -9999 151.698 183.92 215.982 205.181 209.655 185.545 194.671 188.011 159.46 161.944 171.07 194.105 233.082 227.113 222.357 212.143 198.541 165.613 147.043 129.74 115.306 97.223 85.231 74.909 71.148 73.729 74.129 89.273 99.228 102.035 106.293 106.048 102.355 107.291 109.221 114.532 109.362 98.316 94.94 85.81 -9999
167.32 -9999 -9999 -9999 -9999 -9999 -9999 -9999 -9999 -9999 -9999 -9999 -9999 -9999 -9999 -9999 -9999 -9999 -9999 -9999 -9999 -9999 -9999 -9999 -9999 -9999 -9999 -9999 -9999 -9999 -9999 -9999 -9999 -9999 174.888 171.793 178.995 185.722 178.988 170.608 148.657 145.738 149.292 160.384 181.79 211.997 234.439 232.619 229.251 210.482 194.933 180.88 153.386 135.009 113.979 92.687 77.484 68.013 65.605 69.149 74.459 89.875 96.608 90.74 84.921 82.924 80.341 85.529 88.802 97.663 89.68 84.951 80.224 -9999
131.056 -9999 -9999 -9999 -9999 -9999 -9999 -9999 -9999 -9999 -9999 -9999 -9999 -9999 -9999 -9999 -9999 -9999 -9999 -9999 -9999 -9999 -9999 -9999 -9999 -9999 -9999 -9999 -9999 -9999 -9999 -9999 -9999 -9999 151.092 -9999 153.654 153.474 148.439 142.466 -9999 135.866 151.395 153.899 164.053 207.079 224.484 224.154 226.473 212.527 203.331 210.522 183.446 148.44 127.809 107.986 84.428 71.186 65.204 63.21 68.922 76.323 81.777 79.353 76.351 73.137 72.001 72.555 76.142 82.444 84.599 86.268 88.926 81.742
-9999 -9999 -9999 -9999 -9999 -9999 -9999 -9999 -9999 -9999 -9999 -9999 -9999 -9999 -9999 -9999 -9999 -9999 -9999 -9999 -9999 -9999 -9999 -9999 -9999 -9999 -9999 -9999 -9999 -9999 -9999 -9999 -9999 -9999 -9999 139.341 139.985 -9999 -9999 -9999 -9999 124.133 134.307 136.499 150.239 167.223 177.03 188.852 202.414 203.861 193.267 191.128 199.366 167.215 137.516 113.408 93.596 78.99 70.014 65.0 65.799 72.472 76.935 79.923 76.212 75.761 72.466 70.773 74.801 83.148 85.989 83.017 87.711 87.112
-9999 -9999 -9999 -9999 -9999 -9999 -9999 -9999 -9999 -9999 -9999 -9999 -9999 -9999 -9999 -9999 -9999 -9999 -9999 -9999 -9999 -9999 -9999 -9999 -9999 -9999 -9999 -9999 -9999 -9999 -9999 -9999 -9999 -9999 -9999 130.273 131.301 -9999 -9999 -9999 -9999 120.802 133.229 126.575 138.162 145.553 157.916 153.143 161.827 188.687 182.045 170.753 181.168 166.052 145.562 119.648 98.171 79.239 70.096 65.235 63.069 64.848 69.024 73.307 75.685 75.797 74.614 74.269 76.518 85.123 91.648 88.584 86.823 82.426
-9999 -9999 -9999 -9999 -9999 -9999 -9999 -9999 -9999 -9999 -9999 -9999 -9999 -9999 -9999 -9999 -9999 -9999 -9999 -9999 -9999 -9999 -9999 -9999 -9999 -9999 -9999 -9999 -9999 -9999 -9999 -9999 -9999 -9999 -9999 125.115 -9999 -9999 -9999 -9999 117.332 126.684 136.195 156.844 167.732 180.472 167.571 142.93 166.844 177.382 154.907 156.204 151.434 147.991 135.8 118.692 96.613 81.463 71.23 67.074 63.825 61.833 63.748 67.689 71.113 74.064 80.435 87.531 87.717 87.676 88.266 84.706 79.757 78.171
-9999 -9999 -9999 -9999 -9999 -9999 -9999 -9999 -9999 -9999 -9999 -9999 -9999 -9999 -9999 -9999 -9999 -9999 -9999 -9999 -9999 -9999 -9999 -9999 -9999 -9999 -9999 -9999 -9999 -9999 -9999 -9999 -9999 -9999 -9999 -9999 -9999 -9999 -9999 -9999 119.523 140.8 151.283 186.783 210.287 209.838 174.054 154.261 145.818 143.889 137.057 139.025 142.198 135.767 128.422 116.662 97.472 84.44 76.225 68.395 63.693 61.407 62.425 63.921 67.395 73.73 79.6 92.878 98.713 86.411 82.216 76.321 73.259 71.419
-9999 -9999 -9999 -9999 -9999 -9999 -9999 -9999 -9999 -9999 -9999 -9999 -9999 -9999 -9999 -9999 -9999 -9999 -9999 -9999 -9999 -9999 -9999 -9999 -9999 -9999 -9999 -9999 -9999 -9999 -9999 -9999 -9999 -9999 -9999 -9999 -9999 -9999 -9999 -9999 121.742 127.223 158.003 193.774 220.139 201.298 173.29 142.615 137.625 131.579 123.232 121.864 114.693 121.641 114.545 107.38 95.005 82.169 73.961 68.237 66.56 63.456 62.707 62.354 62.783 69.155 76.606 84.199 90.962 84.693 77.807 78.792 73.013 69.531
-9999 -9999 -9999 -9999 -9999 -9999 -9999 -9999 -9999 -9999 -9999 -9999 -9999 -9999 -9999 -9999 -9999 -9999 -9999 -9999 -9999 -9999 -9999 -9999 -9999 -9999 -9999 -9999 -9999 -9999 -9999 -9999 -9999 -9999 -9999 -9999 -9999 -9999 -9999 109.112 113.734 123.319 153.421 194.138 210.1 184.518 166.865 134.864 130.93 127.827 121.532 119.42 118.374 107.486 102.273 91.31 85.423 73.542 69.746 65.302 62.94 64.274 61.588 60.878 60.645 63.325 70.383 76.04 81.363 79.082 74.792 71.644 72.172 70.943
-9999 -9999 -9999 -9999 -9999 -9999 -9999 -9999 -9999 -9999 -9999 -9999 -9999 -9999 -9999 -9999 -9999 -9999 -9999 -9999 -9999 -9999 -9999 -9999 -9999 -9999 -9999 -9999 -9999 -9999 -9999 -9999 -9999 -9999 -9999 -9999 -9999 -9999 -9999 110.491 109.027 123.323 144.012 169.337 156.216 157.297 136.155 136.793 151.72 135.208 127.033 123.425 114.528 108.999 97.059 91.606 88.723 81.368 69.528 66.275 62.769 61.051 60.604 59.73 59.781 62.512 65.308 68.576 70.104 73.698 73.371 71.516 67.951 68.101
-9999 -9999 -9999 -9999 -9999 -9999 -9999 -9999 -9999 -9999 -9999 -9999 -9999 -9999 -9999 -9999 -9999 -9999 -9999 -9999 -9999 -9999 -9999 -9999 -9999 -9999 -9999 -9999 -9999 -9999 -9999 -9999 -9999 -9999 -9999 -9999 -9999 -9999 106.079 104.468 108.206 115.444 129.645 133.639 135.747 132.669 127.536 138.177 140.098 132.888 133.613 132.861 119.868 98.408 95.309 86.305 81.801 79.151 75.142 67.216 64.325 61.971 60.047 60.083 60.437 62.144 63.708 66.081 68.811 71.013 74.403 76.747 72.428 66.341
-9999 -9999 -9999 -9999 -9999 -9999 -9999 -9999 -9999 -9999 -9999 -9999 -9999 -9999 -9999 -9999 -9999 -9999 -9999 -9999 -9999 -9999 -9999 -9999 -9999 -9999 -9999 -9999 -9999 -9999 -9999 -9999 -9999 -9999 -9999 -9999 -9999 -9999 99.258 101.712 103.81 108.435 115.29 117.915 119.982 127.062 129.643 128.227 132.812 135.828 156.337 150.89 131.569 110.363 93.864 89.724 77.889 70.339 70.6 70.127 64.682 61.572 60.576 59.709 61.144 60.984 60.336 60.541 65.781 70.82 74.294 73.643 72.121 67.162
-9999 -9999 -9999 -9999 -9999 -9999 -9999 -9999 -9999 -9999 -9999 -9999 -9999 -9999 -9999 -9999 -9999 -9999 -9999 -9999 -9999 -9999 -9999 -9999 -9999 -9999 -9999 -9999 -9999 -9999 -9999 -9999 -9999 -9999 -9999 -9999 -9999 -9999 97.603 97.751 98.585 102.433 109.482 110.594 116.804 126.425 126.736 132.902 142.279 158.258 165.03 151.191 130.606 109.86 94.21 87.172 81.295 71.202 67.368 64.364 62.522 60.144 59.53 59.694 62.762 62.532 59.651 58.272 60.139 65.423 69.141 70.871 69.554 66.565
-9999 -9999 -9999 -9999 -9999 -9999 -9999 -9999 -9999 -9999 -9999 -9999 -9999 -9999 -9999 -9999 -9999 -9999 -9999 -9999 -9999 -9999 -9999 -9999 -9999 -9999 -9999 -9999 -9999 -9999 -9999 -9999 -9999 -9999 -9999 -9999 -9999 -9999 -9999 94.342 94.972 99.749 101.218 115.207 132.011 141.48 146.439 148.654 151.038 163.085 158.951 148.243 125.616 100.544 91.284 78.598 76.091 70.308 66.11 64.535 60.371 58.675 59.385 60.951 60.053 61.142 59.417 57.824 55.648 60.587 64.772 65.447 -9999 63.067
