Validation/Results/ReClimate_12_2023_1_Precipitation-Actuals.asc
NCOLS 192
NROWS 249
XLLCENTER -225160.85627316462
YLLCENTER 29788.11610251502
CELLSIZE 5000.0
NODATA_VALUE -9999
[rows 66 to 98 of 249, columns 74 to 147 of 192]
-9999 -9999 -9999 -9999 -9999 -9999 -9999 -9999 -9999 -9999 -9999 176.887 -9999 191.018 237.684 287.57 288.964 309.97 266.497 258.459 218.029 181.921 142.491 159.379 176.031 161.234 157.346 158.858 157.247 156.869 124.807 103.199 -9999 -9999 -9999 -9999 -9999 -9999 -9999 -9999 -9999 -9999 -9999 -9999 -9999 -9999 -9999 -9999 -9999 -9999 -9999 -9999 -9999 -9999 -9999 -9999 -9999 -9999 -9999 -9999 -9999 -9999 -9999 -9999 -9999 -9999 -9999 -9999 -9999 -9999 -9999 -9999 -9999 -9999
-9999 -9999 -9999 -9999 -9999 -9999 -9999 -9999 -9999 -9999 -9999 -9999 177.604 233.942 241.959 259.992 268.118 259.54 255.902 245.915 214.074 185.662 169.599 162.985 152.77 137.353 143.115 149.105 152.724 128.797 -9999 -9999 -9999 -9999 -9999 -9999 -9999 -9999 -9999 -9999 -9999 -9999 -9999 -9999 -9999 -9999 -9999 -9999 -9999 -9999 -9999 -9999 -9999 -9999 -9999 -9999 -9999 -9999 -9999 -9999 -9999 -9999 -9999 -9999 -9999 -9999 -9999 -9999 -9999 -9999 -9999 -9999 -9999 -9999
-9999 -9999 -9999 -9999 -9999 -9999 -9999 -9999 -9999 -9999 -9999 -9999 226.396 246.26 233.476 220.016 240.49 253.095 227.087 204.122 191.917 174.537 165.777 152.84 149.681 140.199 125.508 129.145 115.696 92.154 -9999 -9999 -9999 -9999 -9999 -9999 -9999 -9999 -9999 -9999 -9999 -9999 -9999 -9999 -9999 -9999 -9999 -9999 -9999 -9999 -9999 -9999 -9999 -9999 -9999 -9999 -9999 -9999 -9999 -9999 -9999 -9999 -9999 -9999 -9999 -9999 -9999 -9999 -9999 -9999 -9999 -9999 -9999 -9999
-9999 -9999 -9999 -9999 -9999 -9999 -9999 -9999 -9999 -9999 -9999 -9999 -9999 -9999 209.088 220.864 239.593 223.163 207.037 204.74 197.95 179.507 154.337 146.025 147.881 129.147 113.25 92.051 -9999 -9999 -9999 -9999 -9999 -9999 -9999 -9999 -9999 -9999 -9999 -9999 -9999 -9999 -9999 -9999 -9999 -9999 -9999 -9999 -9999 -9999 -9999 -9999 -9999 -9999 -9999 -9999 -9999 -9999 -9999 -9999 -9999 -9999 -9999 -9999 -9999 -9999 -9999 -9999 -9999 -9999 -9999 -9999 -9999 -9999
-9999 -9999 -9999 -9999 -9999 -9999 -9999 -9999 203.428 -9999 -9999 239.17 257.69 230.189 218.454 257.767 245.185 236.78 234.76 228.202 200.352 168.635 132.298 132.134 127.031 126.109 102.659 93.944 -9999 -9999 -9999 -9999 -9999 -9999 -9999 -9999 -9999 -9999 -9999 -9999 -9999 -9999 -9999 -9999 -9999 -9999 -9999 -9999 -9999 -9999 -9999 -9999 -9999 -9999 -9999 -9999 -9999 -9999 -9999 -9999 -9999 -9999 -9999 -9999 -9999 -9999 -9999 -9999 -9999 -9999 -9999 -9999 -9999 -9999
-9999 -9999 -9999 -9999 -9999 -9999 215.286 207.329 213.446 210.43 236.427 264.051 287.837 285.988 285.143 236.084 268.659 277.347 269.432 243.095 200.441 183.174 173.27 125.973 117.417 103.284 90.2 78.384 -9999 -9999 -9999 -9999 -9999 -9999 -9999 -9999 -9999 -9999 -9999 -9999 -9999 -9999 -9999 -9999 -9999 -9999 -9999 -9999 -9999 -9999 -9999 -9999 -9999 -9999 -9999 -9999 -9999 -9999 -9999 -9999 -9999 -9999 -9999 -9999 -9999 -9999 -9999 -9999 -9999 -9999 -9999 -9999 -9999 -9999
-9999 -9999 -9999 -9999 -9999 -9999 214.646 222.509 -9999 240.432 275.432 299.611 302.275 342.809 272.225 282.559 299.537 311.42 321.432 270.91 244.521 242.094 186.857 156.109 146.13 111.101 91.383 -9999 66.965 -9999 -9999 -9999 -9999 -9999 -9999 -9999 -9999 -9999 -9999 -9999 -9999 -9999 -9999 -9999 -9999 -9999 -9999 -9999 -9999 -9999 -9999 -9999 -9999 -9999 -9999 -9999 -9999 -9999 -9999 -9999 -9999 -9999 -9999 -9999 -9999 -9999 -9999 -9999 -9999 -9999 -9999 -9999 -9999 -9999
-9999 -9999 -9999 -9999 -9999 -9999 -9999 241.092 255.386 270.759 310.762 304.698 350.817 315.864 296.764 282.64 276.514 292.906 294.619 248.154 239.296 233.374 181.099 160.688 129.557 107.077 91.292 69.475 65.181 -9999 -9999 -9999 -9999 -9999 -9999 -9999 -9999 -9999 -9999 -9999 -9999 -9999 -9999 -9999 -9999 -9999 -9999 -9999 -9999 -9999 -9999 -9999 -9999 -9999 -9999 -9999 -9999 -9999 -9999 -9999 -9999 -9999 -9999 -9999 -9999 -9999 -9999 -9999 -9999 -9999 -9999 -9999 -9999 -9999
236.146 -9999 -9999 -9999 -9999 -9999 -9999 -9999 258.806 284.278 307.241 377.444 364.676 357.531 328.324 325.779 326.608 287.045 233.15 212.653 235.736 211.786 182.362 156.075 113.786 96.857 75.405 69.842 71.187 -9999 -9999 -9999 -9999 -9999 -9999 -9999 -9999 -9999 -9999 -9999 -9999 -9999 -9999 -9999 -9999 -9999 -9999 -9999 -9999 -9999 -9999 -9999 -9999 -9999 -9999 -9999 -9999 -9999 -9999 -9999 -9999 -9999 -9999 -9999 -9999 -9999 -9999 -9999 -9999 -9999 -9999 -9999 -9999 -9999
256.346 -9999 -9999 -9999 -9999 -9999 248.861 260.373 297.755 314.334 333.482 338.521 385.138 364.695 346.672 341.001 298.127 261.88 242.868 206.814 212.084 229.562 180.541 123.841 93.566 76.477 -9999 75.798 -9999 -9999 -9999 -9999 -9999 -9999 65.321 62.264 60.702 -9999 -9999 -9999 -9999 -9999 -9999 -9999 -9999 -9999 -9999 -9999 -9999 -9999 -9999 -9999 -9999 -9999 -9999 -9999 -9999 -9999 -9999 -9999 -9999 -9999 -9999 -9999 -9999 -9999 -9999 -9999 -9999 -9999 -9999 -9999 -9999 -9999
258.785 243.443 -9999 -9999 -9999 -9999 -9999 284.531 308.426 339.002 341.146 380.669 356.272 349.023 328.742 328.004 280.853 240.516 194.341 199.475 224.57 187.278 140.807 109.641 94.135 85.111 78.023 -9999 -9999 -9999 -9999 56.928 57.93 58.847 61.433 62.879 60.653 59.78 59.467 66.817 72.678 73.664 67.403 63.486 67.638 74.664 81.065 82.527 80.431 76.857 74.659 76.958 80.755 -9999 -9999 -9999 -9999 -9999 -9999 -9999 -9999 -9999 -9999 -9999 -9999 -9999 -9999 -9999 -9999 -9999 -9999 -9999 -9999 -9999
306.985 307.621 -9999 -9999 -9999 256.644 -9999 272.697 284.766 338.157 400.532 378.73 351.539 313.375 319.452 288.591 272.728 237.843 220.465 189.035 161.642 147.04 119.511 100.674 99.009 83.745 -9999 -9999 -9999 -9999 63.496 60.962 61.582 63.592 68.018 61.253 63.165 66.03 66.852 82.403 80.363 78.36 70.603 67.982 73.963 74.904 76.638 79.857 81.935 77.882 78.242 87.222 80.203 -9999 -9999 -9999 -9999 -9999 -9999 -9999 -9999 -9999 -9999 -9999 -9999 -9999 -9999 -9999 -9999 -9999 -9999 -9999 -9999 -9999
312.752 308.718 -9999 -9999 -9999 261.627 264.78 267.702 344.129 410.095 399.76 405.628 344.442 342.855 314.475 285.997 252.398 234.965 235.144 195.886 177.558 134.442 102.178 102.35 84.057 -9999 -9999 68.384 65.393 66.358 67.528 69.313 69.56 73.677 78.784 83.251 87.814 82.156 80.105 79.615 77.645 76.144 76.414 83.496 75.205 73.997 77.034 83.384 83.321 86.002 94.915 84.827 79.422 82.587 -9999 -9999 -9999 -9999 -9999 -9999 -9999 -9999 -9999 -9999 -9999 -9999 -9999 -9999 -9999 -9999 -9999 -9999 -9999 -9999
293.622 295.335 -9999 266.843 -9999 238.256 245.112 334.322 406.031 381.897 425.455 404.49 384.127 362.143 339.566 331.742 284.505 265.037 236.741 216.002 167.486 132.764 93.348 79.77 76.901 -9999 85.587 83.307 74.404 69.979 69.023 72.094 85.379 90.314 93.114 103.823 98.314 87.73 87.572 88.313 87.887 82.884 80.871 77.981 81.508 77.793 80.151 85.504 90.739 96.711 90.855 84.09 77.318 79.113 -9999 -9999 -9999 -9999 -9999 -9999 -9999 -9999 -9999 -9999 -9999 -9999 -9999 -9999 -9999 -9999 -9999 -9999 -9999 -9999
292.28 -9999 273.71 -9999 -9999 -9999 327.644 445.071 383.699 373.127 319.759 345.472 350.64 345.186 361.203 337.052 330.711 297.516 266.762 212.231 167.781 120.566 100.511 106.569 90.63 89.638 100.507 104.774 106.834 93.882 82.131 94.375 101.1 109.124 108.418 92.646 88.417 82.803 82.116 91.999 84.972 79.382 73.073 77.479 82.545 85.898 83.739 87.361 87.863 82.953 83.056 82.336 81.526 81.735 -9999 -9999 -9999 -9999 -9999 -9999 -9999 -9999 -9999 -9999 -9999 -9999 -9999 -9999 -9999 -9999 -9999 -9999 -9999 -9999
307.88 292.974 -9999 -9999 -9999 -9999 353.058 351.652 330.574 -9999 324.501 348.529 357.244 344.315 343.918 339.143 291.587 263.874 253.344 218.561 184.871 150.037 140.946 129.812 92.978 102.007 100.677 118.609 133.993 116.873 93.184 86.447 108.039 119.631 99.597 90.609 99.681 87.516 100.968 98.148 86.333 84.246 75.454 83.123 96.835 85.891 86.075 84.664 85.155 80.013 81.773 85.607 79.392 79.588 -9999 -9999 -9999 -9999 -9999 -9999 -9999 -9999 -9999 -9999 -9999 -9999 -9999 -9999 -9999 -9999 -9999 -9999 -9999 -9999
379.032 378.274 -9999 -9999 -9999 287.064 -9999 -9999 271.83 286.195 331.486 385.592 396.869 378.544 380.781 341.95 314.822 254.855 217.608 192.695 179.634 164.706 158.563 98.238 101.845 103.889 127.782 126.948 130.225 132.345 99.223 95.682 103.766 98.792 92.57 105.228 102.838 104.252 107.073 102.032 109.928 97.942 91.994 98.737 88.878 84.73 86.4 92.456 85.683 80.675 82.814 84.481 77.648 -9999 -9999 -9999 -9999 -9999 -9999 -9999 -9999 -9999 -9999 -9999 -9999 -9999 -9999 -9999 -9999 -9999 -9999 -9999 -9999 -9999
441.398 442.991 365.771 301.005 -9999 -9999 -9999 306.204 264.079 -9999 336.381 357.019 374.637 390.15 376.108 375.449 307.286 222.12 205.365 195.826 191.254 174.792 134.348 129.325 117.754 133.587 131.323 127.165 136.872 122.722 95.273 95.987 89.873 92.082 114.46 106.951 115.491 131.957 110.356 110.36 113.359 95.122 87.115 87.389 86.689 80.746 87.381 88.589 89.082 83.209 83.303 80.944 -9999 -9999 -9999 -9999 -9999 -9999 -9999 -9999 -9999 -9999 -9999 -9999 -9999 -9999 -9999 -9999 -9999 -9999 -9999 -9999 -9999 -9999
434.971 431.723 375.033 323.632 -9999 301.688 316.059 317.031 324.455 372.789 376.606 384.629 417.566 424.241 373.578 313.042 283.352 252.922 241.627 230.969 206.169 167.917 145.459 144.946 168.892 166.751 142.755 138.053 126.502 86.464 87.164 95.39 95.841 103.926 91.943 101.31 118.287 123.582 126.78 134.01 132.133 101.587 103.478 97.054 100.501 108.574 90.749 87.256 93.496 98.419 90.473 75.529 -9999 -9999 -9999 -9999 -9999 -9999 -9999 -9999 -9999 -9999 -9999 -9999 -9999 -9999 -9999 -9999 -9999 -9999 -9999 -9999 -9999 -9999
386.341 386.409 348.859 313.19 302.966 296.955 327.629 -9999 327.182 391.944 451.569 495.726 464.009 424.505 357.279 363.094 319.141 284.427 242.605 209.929 191.61 151.821 144.046 181.233 202.534 172.49 163.598 164.776 124.571 123.323 97.946 92.172 85.404 87.855 104.707 106.436 124.349 135.996 126.522 123.149 114.333 98.538 87.201 78.199 92.507 88.581 81.546 84.877 90.157 88.468 76.109 -9999 -9999 -9999 -9999 -9999 -9999 -9999 -9999 -9999 -9999 -9999 -9999 -9999 -9999 -9999 -9999 -9999 -9999 -9999 -9999 -9999 -9999 -9999
375.437 -9999 -9999 -9999 279.38 303.888 -9999 313.128 376.137 472.5 532.978 504.494 515.982 465.089 428.204 375.16 298.682 268.347 254.461 243.299 185.768 168.594 190.431 231.362 236.927 226.139 220.32 172.382 172.627 139.785 121.177 136.959 117.734 140.58 136.04 139.352 137.306 122.052 101.177 104.93 100.457 101.503 94.494 84.962 91.401 88.61 84.776 83.602 87.204 85.361 79.297 -9999 -9999 -9999 -9999 -9999 -9999 -9999 -9999 -9999 -9999 -9999 -9999 -9999 -9999 -9999 -9999 -9999 -9999 -9999 -9999 -9999 -9999 -9999
-9999 -9999 -9999 285.866 280.219 -9999 275.085 316.947 -9999 456.719 457.148 514.518 513.444 504.668 434.993 355.685 334.514 307.373 255.486 212.636 222.748 217.144 246.313 285.124 283.409 264.343 222.678 174.757 135.277 115.928 134.92 146.015 164.068 172.068 161.49 142.022 134.101 114.601 111.005 99.521 100.465 103.084 89.716 93.822 100.001 93.921 89.438 83.535 90.901 92.239 80.91 -9999 -9999 -9999 -9999 -9999 -9999 -9999 -9999 -9999 -9999 -9999 -9999 -9999 -9999 -9999 -9999 -9999 -9999 -9999 -9999 -9999 -9999 -9999
-9999 -9999 -9999 269.922 -9999 -9999 278.949 324.886 397.899 421.317 498.974 518.502 469.096 433.704 391.88 333.006 282.851 256.0 250.045 277.0 283.512 288.928 309.094 311.171 288.022 237.901 163.877 127.115 133.157 170.921 201.481 241.299 243.338 215.046 192.276 178.162 145.454 122.302 106.829 100.419 87.741 87.681 90.68 96.9 107.324 122.755 101.204 91.16 88.567 87.131 79.39 -9999 -9999 -9999 -9999 -9999 -9999 -9999 -9999 -9999 -9999 -9999 -9999 -9999 -9999 -9999 -9999 -9999 -9999 -9999 -9999 -9999 -9999 -9999
-9999 -9999 -9999 -9999 -9999 -9999 -9999 349.969 373.14 388.775 498.724 498.249 448.088 444.802 400.618 346.204 331.005 335.538 340.603 321.514 321.411 289.969 270.401 261.579 244.183 187.544 134.579 134.429 162.483 204.77 251.545 238.195 235.224 215.928 201.321 175.615 147.509 127.796 114.953 97.643 85.917 93.03 87.818 93.522 113.81 103.763 96.946 91.252 92.675 88.573 -9999 -9999 -9999 -9999 -9999 -9999 -9999 -9999 -9999 -9999 -9999 -9999 -9999 -9999 -9999 -9999 -9999 -9999 -9999 -9999 -9999 -9999 -9999 -9999
-9999 -9999 -9999 -9999 -9999 244.722 280.73 -9999 371.457 422.171 531.748 483.443 425.672 397.152 379.832 399.876 406.13 372.801 308.203 313.777 303.587 283.524 237.646 213.139 183.661 163.243 181.727 187.433 205.772 240.38 230.02 215.833 165.969 170.579 159.334 129.294 124.432 124.383 136.557 127.866 117.201 115.139 122.829 119.543 103.112 115.665 120.205 110.281 99.813 88.952 -9999 -9999 -9999 -9999 -9999 -9999 -9999 -9999 -9999 -9999 -9999 -9999 -9999 -9999 -9999 -9999 -9999 -9999 -9999 -9999 -9999 -9999 -9999 -9999
-9999 -9999 -9999 -9999 236.172 236.744 313.194 364.676 427.803 504.148 521.379 485.298 409.775 359.517 368.442 364.723 354.456 360.504 342.631 358.643 352.373 258.791 246.099 206.745 198.724 203.407 229.626 231.45 235.004 223.958 221.388 180.106 159.697 157.751 171.673 168.172 163.527 153.423 149.873 170.788 182.034 171.371 158.456 143.575 148.753 146.759 127.046 104.04 95.099 -9999 -9999 -9999 -9999 -9999 -9999 -9999 -9999 -9999 -9999 -9999 -9999 -9999 -9999 -9999 -9999 -9999 -9999 -9999 -9999 -9999 -9999 -9999 -9999 -9999
-9999 -9999 -9999 -9999 228.194 -9999 319.641 366.138 417.145 497.824 498.825 391.411 362.131 371.665 317.471 294.833 308.885 318.564 343.301 332.297 268.022 270.28 270.706 245.3 228.203 272.277 267.653 270.012 258.521 254.998 238.49 213.159 191.414 201.811 204.077 210.822 209.714 169.077 192.2 200.044 167.665 169.003 171.582 156.874 149.649 137.11 110.303 103.594 90.188 -9999 -9999 -9999 -9999 -9999 -9999 -9999 -9999 -9999 -9999 -9999 -9999 -9999 -9999 -9999 -9999 -9999 -9999 -9999 -9999 -9999 -9999 -9999 -9999 -9999
-9999 -9999 -9999 -9999 -9999 -9999 352.776 394.144 411.149 461.323 405.562 333.751 331.493 301.704 271.055 280.673 302.614 343.468 320.717 325.034 304.99 311.612 275.636 241.463 260.872 285.893 276.906 271.072 243.65 251.148 225.227 215.765 244.467 237.943 237.667 260.375 242.863 238.134 235.421 206.653 185.971 171.415 148.293 144.147 143.221 116.828 99.41 95.24 82.048 -9999 -9999 -9999 -9999 -9999 -9999 -9999 -9999 -9999 -9999 -9999 -9999 -9999 -9999 -9999 -9999 -9999 -9999 -9999 -9999 -9999 -9999 -9999 -9999 -9999
-9999 -9999 -9999 -9999 279.639 297.353 333.943 357.294 382.684 423.706 372.817 381.811 383.874 -9999 338.448 418.907 436.585 411.15 391.975 391.455 369.016 346.89 322.164 292.521 271.163 257.964 241.685 209.894 205.615 215.209 196.061 231.418 221.3 219.742 213.179 240.718 251.317 231.366 198.322 197.155 183.899 156.203 155.946 129.269 114.021 100.793 93.489 93.169 60.633 -9999 -9999 -9999 -9999 -9999 -9999 -9999 -9999 -9999 -9999 -9999 -9999 -9999 -9999 -9999 -9999 -9999 -9999 -9999 -9999 -9999 -9999 -9999 -9999 -9999
264.747 235.741 237.369 272.74 -9999 301.656 333.723 349.738 350.447 387.247 401.075 397.953 -9999 396.048 456.659 470.239 506.257 441.811 404.256 366.711 375.316 350.139 329.775 289.133 251.918 227.658 198.744 164.669 177.282 167.359 197.91 201.171 204.799 195.357 188.653 203.662 204.975 186.597 184.828 176.555 159.772 149.631 118.618 105.861 95.674 90.467 97.673 68.267 -9999 -9999 -9999 -9999 -9999 -9999 -9999 -9999 -9999 -9999 -9999 -9999 -9999 -9999 -9999 -9999 -9999 -9999 -9999 -9999 -9999 -9999 -9999 -9999 -9999 -9999
230.488 234.296 258.435 306.096 322.649 -9999 345.911 359.666 385.95 392.841 379.722 355.724 361.27 424.574 444.294 449.561 471.852 435.938 397.822 362.901 334.73 285.593 270.499 246.122 234.898 242.274 175.353 171.384 150.783 157.815 169.025 188.291 174.403 157.784 167.489 187.785 177.339 171.503 153.024 154.035 131.659 106.95 98.153 95.543 89.773 87.14 -9999 -9999 -9999 -9999 -9999 -9999 -9999 -9999 -9999 -9999 -9999 -9999 -9999 -9999 -9999 -9999 -9999 -9999 -9999 -9999 -9999 -9999 -9999 -9999 -9999 -9999 -9999 -9999
-9999 -9999 -9999 298.716 -9999 348.84 372.081 403.087 436.014 426.454 -9999 -9999 424.496 430.411 437.868 483.525 460.105 439.703 386.371 347.488 263.834 234.025 217.824 214.278 238.948 224.966 197.434 162.751 158.266 151.389 161.141 166.389 161.877 149.821 160.893 163.097 158.001 140.44 134.357 120.729 103.07 84.198 81.98 90.37 83.71 -9999 -9999 -9999 -9999 -9999 -9999 -9999 -9999 -9999 -9999 -9999 -9999 -9999 -9999 -9999 -9999 -9999 -9999 -9999 -9999 -9999 -9999 -9999 -9999 -9999 -9999 -9999 -9999 -9999
249.416 259.536 -9999 307.615 359.653 362.25 389.771 423.716 441.934 -9999 -9999 411.693 475.738 496.063 507.583 466.71 467.887 427.195 373.198 310.7 274.822 257.934 268.445 264.446 280.076 278.997 231.041 193.201 179.146 157.031 148.731 144.621 156.004 154.636 146.668 139.193 126.673 108.295 102.769 94.398 87.217 78.825 78.664 82.318 79.513 78.063 -9999 -9999 -9999 -9999 -9999 -9999 -9999 -9999 -9999 -9999 -9999 -9999 -9999 -9999 -9999 -9999 -9999 -9999 -9999 -9999 -9999 -9999 -9999 -9999 -9999 -9999 -9999 -9999
