Validation/Results/ReClimate_06_2024_1_Temperature.asc
NCOLS 192
NROWS 249
XLLCENTER -225160.85627316462
YLLCENTER 29788.11610251502
CELLSIZE 5000.0
NODATA_VALUE -9999
[rows 204 to 237 of 249, columns 77 to 153 of 192]
-9999 -9999 0.447 -9999 0.514 0.555 0.57 0.581 0.588 0.592 0.601 0.61 0.639 0.667 0.682 0.694 0.703 0.711 0.72 0.727 0.738 0.747 0.758 0.767 0.779 0.791 0.801 0.81 0.816 0.821 0.832 0.843 0.836 0.824 0.852 0.884 0.885 0.885 0.882 0.876 0.884 0.892 0.906 0.921 0.92 0.916 0.914 0.91 0.913 0.916 0.926 0.937 0.944 0.949 0.947 0.943 0.954 0.966 0.966 0.965 0.973 0.982 0.985 0.984 0.994 1.004 0.999 0.989 0.991 0.994 0.994 0.993 0.997 1.001 0.997 0.993 0.985
-9999 -9999 -9999 -9999 -9999 -9999 0.57 0.598 0.605 0.606 0.617 0.634 0.652 0.648 0.666 0.692 0.701 0.71 0.726 0.753 0.761 0.76 0.763 0.749 0.757 0.758 0.777 0.816 0.815 0.798 0.806 0.81 0.813 0.835 0.859 0.881 0.886 0.894 0.891 0.884 0.89 0.89 0.904 0.914 0.915 0.915 0.917 0.922 0.924 0.923 0.931 0.941 0.947 0.951 0.956 0.956 0.96 0.967 0.974 0.976 0.969 0.968 0.977 0.978 0.983 0.989 0.998 0.998 0.996 0.995 0.994 0.993 1.003 1.011 0.985 0.966 0.972
-9999 -9999 -9999 -9999 -9999 -9999 0.578 0.606 0.611 0.612 0.627 0.645 0.645 0.641 0.666 0.692 0.702 0.711 0.736 0.763 0.766 0.766 0.757 0.743 0.746 0.746 0.78 0.819 0.807 0.79 0.795 0.798 0.818 0.839 0.858 0.879 0.888 0.896 0.893 0.886 0.888 0.889 0.9 0.91 0.914 0.915 0.92 0.926 0.926 0.925 0.933 0.941 0.946 0.95 0.955 0.96 0.964 0.967 0.973 0.979 0.972 0.96 0.966 0.971 0.976 0.979 0.988 0.996 0.995 0.992 0.992 0.989 0.999 1.011 0.987 0.955 0.959
-9999 -9999 -9999 -9999 0.489 0.522 0.553 0.598 -9999 0.633 0.645 0.653 0.652 0.649 0.668 -9999 0.691 0.707 0.736 0.776 0.771 0.746 0.745 0.757 0.762 0.766 0.802 0.847 0.841 0.836 0.843 0.843 0.855 0.844 0.866 0.894 0.904 0.914 0.911 0.903 0.903 0.898 0.907 0.909 0.914 0.919 0.923 0.92 0.916 0.912 0.932 0.946 0.947 0.949 0.952 0.954 0.957 0.96 0.965 0.968 0.97 0.963 0.968 0.973 0.976 0.979 0.982 0.987 0.993 0.994 0.984 0.976 0.985 0.997 0.986 0.962 0.959
-9999 -9999 -9999 -9999 0.494 -9999 -9999 -9999 0.618 0.642 0.649 -9999 -9999 -9999 -9999 -9999 0.691 0.707 0.742 0.781 0.763 0.739 0.752 0.764 0.77 0.775 0.813 0.858 0.857 0.855 0.859 0.862 0.856 0.847 0.871 0.899 0.909 0.92 0.916 0.909 0.905 0.9 0.905 0.907 0.914 0.92 0.92 0.917 0.913 0.907 0.925 0.946 0.947 0.946 0.949 0.951 0.954 0.956 0.959 0.961 0.961 0.96 0.965 0.97 0.973 0.974 0.978 0.98 0.985 0.99 0.981 0.967 0.977 0.988 0.977 0.962 0.959
-9999 -9999 -9999 -9999 -9999 -9999 0.537 0.568 0.594 0.63 0.637 -9999 -9999 -9999 -9999 -9999 -9999 -9999 -9999 0.756 0.744 0.739 0.748 0.748 0.763 0.797 0.82 0.815 0.819 0.834 0.84 0.851 0.85 0.858 0.876 0.882 0.89 0.896 0.896 0.906 0.905 0.907 0.912 0.914 0.921 0.923 0.922 0.915 0.911 0.905 0.916 0.932 0.94 0.944 0.942 0.942 0.949 0.953 0.958 0.96 0.965 0.968 0.959 0.956 0.97 0.979 0.979 0.98 0.981 0.983 0.978 0.967 0.969 0.975 0.97 0.959 0.955
-9999 -9999 -9999 -9999 -9999 -9999 -9999 0.557 -9999 -9999 -9999 -9999 -9999 -9999 -9999 -9999 -9999 0.71 0.727 0.746 0.744 0.74 0.743 0.743 0.773 0.806 0.804 0.799 0.812 0.825 0.836 0.847 0.855 0.863 0.869 0.875 0.88 0.885 0.894 0.903 -9999 0.909 0.913 0.915 0.92 0.923 0.92 0.914 0.91 0.904 0.914 0.925 0.933 0.941 0.94 0.936 0.943 0.948 0.952 0.955 0.96 0.966 0.958 0.947 0.961 0.976 0.978 0.977 0.978 0.977 0.972 0.963 0.965 0.966 0.961 0.953 0.95
-9999 -9999 -9999 -9999 -9999 -9999 -9999 -9999 -9999 -9999 -9999 -9999 -9999 -9999 -9999 -9999 -9999 0.715 0.729 0.739 0.746 -9999 -9999 -9999 0.786 0.806 0.806 0.808 0.823 0.842 0.851 0.854 0.867 0.887 0.885 0.866 0.871 0.876 0.884 -9999 0.904 0.924 0.927 0.922 0.93 0.942 0.94 0.93 0.929 0.925 0.926 0.932 0.934 0.938 0.936 0.932 0.933 0.935 0.951 0.961 0.962 0.964 0.968 0.964 0.97 0.981 0.973 0.968 0.963 0.959 0.96 0.955 0.945 0.938 0.936 0.929 0.942
-9999 -9999 -9999 -9999 -9999 -9999 -9999 -9999 -9999 -9999 -9999 -9999 -9999 -9999 -9999 -9999 -9999 -9999 -9999 -9999 -9999 -9999 -9999 -9999 0.786 0.806 0.81 0.811 0.829 0.848 0.854 0.857 0.876 0.896 0.881 0.862 0.868 -9999 -9999 0.891 0.909 0.928 0.927 0.923 0.935 0.948 0.944 0.936 0.935 0.931 0.932 0.932 0.933 0.934 0.932 0.927 0.928 0.927 0.941 0.959 0.96 0.959 0.963 0.966 0.973 0.978 0.972 0.961 0.957 0.949 0.949 0.947 0.937 0.924 0.921 0.917 0.929
-9999 -9999 -9999 -9999 -9999 -9999 -9999 -9999 -9999 -9999 -9999 -9999 -9999 -9999 -9999 -9999 -9999 -9999 -9999 -9999 -9999 -9999 -9999 -9999 0.795 0.804 0.811 0.825 0.84 0.85 0.857 0.865 0.881 0.889 -9999 -9999 -9999 -9999 -9999 0.887 0.906 0.937 0.933 0.92 0.928 0.929 0.925 0.918 0.918 0.922 0.935 0.941 0.937 0.934 0.934 0.929 0.935 0.938 0.94 0.95 0.949 0.948 0.952 0.956 0.956 0.957 0.959 0.954 0.95 0.943 0.952 0.955 0.925 0.901 0.906 0.906 0.915
-9999 -9999 -9999 -9999 -9999 -9999 -9999 -9999 -9999 -9999 -9999 -9999 -9999 -9999 -9999 -9999 -9999 -9999 -9999 -9999 -9999 -9999 -9999 -9999 -9999 -9999 0.813 0.83 0.839 0.849 0.858 0.866 0.874 -9999 -9999 -9999 -9999 0.872 0.877 0.883 0.908 0.937 0.929 0.917 0.919 0.919 0.915 0.907 0.912 0.916 0.927 0.94 0.937 0.931 0.93 0.926 0.931 0.937 0.94 0.942 0.941 0.938 0.943 0.947 0.947 0.945 0.946 0.945 0.942 0.935 0.944 0.952 0.924 0.888 0.892 0.898 0.907
-9999 -9999 -9999 -9999 -9999 -9999 -9999 -9999 -9999 -9999 -9999 -9999 -9999 -9999 -9999 -9999 -9999 -9999 -9999 -9999 -9999 -9999 -9999 -9999 -9999 -9999 -9999 0.823 0.83 0.836 0.844 0.856 -9999 -9999 -9999 -9999 0.869 0.898 0.905 0.908 0.923 0.921 0.918 0.92 0.924 0.927 0.924 0.917 0.925 0.934 0.94 0.951 0.945 0.939 0.939 0.937 0.935 0.936 0.941 0.945 0.949 0.95 0.937 0.932 0.941 0.945 0.945 0.945 0.943 0.937 0.942 0.949 0.921 0.886 0.89 0.895 0.898
-9999 -9999 -9999 -9999 -9999 -9999 -9999 -9999 -9999 -9999 -9999 -9999 -9999 -9999 -9999 -9999 -9999 -9999 -9999 -9999 -9999 -9999 -9999 -9999 -9999 -9999 -9999 -9999 -9999 -9999 -9999 -9999 -9999 -9999 -9999 0.867 0.885 0.907 0.911 0.915 0.913 0.911 0.915 0.918 0.924 0.926 0.924 0.918 0.928 0.937 0.944 0.951 0.946 0.937 0.937 0.936 0.934 0.931 0.935 0.94 0.945 0.949 0.937 0.921 0.93 0.939 0.94 0.939 0.937 0.931 0.936 0.94 0.915 0.881 0.884 0.889 0.892
-9999 -9999 -9999 -9999 -9999 -9999 -9999 -9999 -9999 -9999 -9999 -9999 -9999 -9999 -9999 -9999 -9999 -9999 -9999 -9999 -9999 -9999 -9999 -9999 -9999 -9999 -9999 -9999 -9999 -9999 -9999 -9999 -9999 -9999 0.901 0.902 0.917 0.918 0.919 0.911 0.908 0.903 0.911 0.927 0.929 0.925 0.925 0.928 0.934 0.932 0.926 0.925 0.932 0.931 0.93 0.927 0.935 0.938 0.937 0.939 0.942 0.945 0.942 0.932 0.928 0.93 0.929 0.927 0.926 0.922 0.928 0.933 0.917 0.891 0.885 0.884 0.887
-9999 -9999 -9999 -9999 -9999 -9999 -9999 -9999 -9999 -9999 -9999 -9999 -9999 -9999 -9999 -9999 -9999 -9999 -9999 -9999 -9999 -9999 -9999 -9999 -9999 -9999 -9999 -9999 -9999 -9999 -9999 -9999 -9999 -9999 0.903 0.914 0.918 0.919 0.914 0.907 0.902 0.896 0.91 0.925 0.923 0.92 0.924 0.928 0.928 0.925 0.92 0.911 0.918 0.924 0.922 0.92 0.926 0.934 0.935 0.933 0.936 0.938 0.935 0.93 0.927 0.921 0.92 0.916 0.915 0.912 0.918 0.924 0.909 0.889 0.883 0.877 0.88
-9999 -9999 -9999 -9999 -9999 -9999 -9999 -9999 -9999 -9999 -9999 -9999 -9999 -9999 -9999 -9999 -9999 -9999 -9999 -9999 -9999 0.771 0.78 0.792 0.807 -9999 0.83 -9999 -9999 -9999 -9999 -9999 -9999 -9999 -9999 0.924 0.923 0.911 0.911 0.917 0.912 0.902 0.912 0.914 0.913 0.91 0.913 0.912 0.927 0.933 0.93 0.924 0.927 0.932 0.938 0.94 0.932 0.931 0.936 0.937 0.926 0.92 0.927 0.927 0.929 0.926 0.922 0.918 0.931 0.937 0.916 0.907 0.913 0.906 0.901 0.896 0.891
-9999 -9999 -9999 -9999 -9999 -9999 -9999 -9999 -9999 -9999 -9999 -9999 -9999 -9999 -9999 -9999 -9999 -9999 0.736 0.751 0.761 0.769 0.782 0.794 0.81 0.827 0.834 0.841 0.857 -9999 -9999 0.88 0.884 0.89 0.906 0.923 0.916 0.905 0.911 0.916 0.908 0.899 0.903 0.905 0.904 0.902 0.902 0.901 0.916 0.931 0.929 0.924 0.928 0.929 0.936 0.942 0.935 0.925 0.929 0.932 0.922 0.908 0.914 0.921 0.922 0.922 0.918 0.912 0.924 0.939 0.92 0.895 0.9 0.905 0.902 0.897 0.892
-9999 -9999 -9999 -9999 -9999 -9999 -9999 -9999 -9999 -9999 -9999 -9999 -9999 -9999 -9999 -9999 -9999 0.722 0.736 0.769 0.783 0.795 0.806 0.8 0.816 0.822 0.833 0.846 0.865 0.885 0.89 0.892 0.894 0.883 0.896 0.905 0.903 0.91 0.914 0.913 0.907 0.902 0.904 0.902 0.904 0.908 0.908 0.903 0.915 0.923 0.928 0.927 0.929 0.931 0.932 0.936 0.932 0.923 0.927 0.931 0.923 0.911 0.912 0.915 0.911 0.908 0.913 0.912 0.928 0.944 0.934 0.916 0.893 0.883 0.872 0.861 0.865
-9999 -9999 -9999 -9999 -9999 -9999 -9999 -9999 -9999 -9999 -9999 -9999 -9999 -9999 -9999 -9999 -9999 0.722 0.752 0.773 0.789 0.803 0.804 0.801 0.811 0.82 0.833 0.846 0.866 0.887 0.892 0.895 0.889 0.878 0.885 0.893 0.9 0.907 0.907 0.907 0.903 0.899 0.898 0.896 0.901 0.906 0.904 0.9 0.908 0.914 0.919 0.923 0.925 0.925 0.927 0.928 0.924 0.917 0.921 0.925 0.917 0.906 0.907 0.907 0.903 0.896 0.901 0.906 0.921 0.938 0.929 0.916 0.896 0.868 0.857 0.843 0.845
-9999 -9999 -9999 -9999 -9999 -9999 -9999 -9999 -9999 -9999 -9999 -9999 -9999 -9999 -9999 -9999 -9999 0.725 0.749 0.779 0.794 0.806 0.809 0.812 0.825 0.837 0.851 0.861 0.88 0.896 0.899 0.894 0.889 0.885 0.892 0.896 0.902 0.902 0.9 0.891 0.894 0.909 0.91 0.909 0.911 0.904 0.908 0.919 0.924 0.918 0.926 0.931 0.929 0.927 0.921 0.917 0.919 0.915 0.912 0.912 0.91 0.903 0.911 0.915 0.904 0.893 0.904 0.912 0.911 0.918 0.914 0.904 0.904 0.89 0.867 0.848 0.839
-9999 -9999 -9999 -9999 -9999 -9999 -9999 -9999 -9999 -9999 -9999 -9999 -9999 0.649 0.671 -9999 0.71 0.729 0.751 0.777 0.791 0.803 0.81 0.814 0.828 0.842 0.854 0.865 0.88 0.894 0.893 0.888 0.886 0.883 0.888 0.893 0.895 0.896 0.889 0.88 0.893 0.909 0.908 0.908 0.905 0.899 0.91 0.922 0.92 0.914 0.922 0.928 0.926 0.922 0.916 0.908 0.909 0.909 0.906 0.902 0.9 0.896 0.904 0.913 0.902 0.886 0.897 0.908 0.907 0.904 0.9 0.893 0.892 0.89 0.87 0.843 0.834
-9999 -9999 -9999 -9999 -9999 -9999 -9999 -9999 -9999 -9999 -9999 -9999 -9999 0.663 0.681 0.686 0.703 0.718 0.737 0.754 0.772 0.798 0.809 0.826 0.839 0.844 0.856 0.863 0.873 0.875 0.874 0.873 0.874 0.882 0.887 0.89 0.887 0.872 0.871 0.878 0.888 0.892 0.895 0.905 0.903 0.899 0.909 0.917 0.918 0.922 0.921 0.924 0.923 0.921 0.914 0.905 0.908 0.91 0.914 0.914 0.89 0.873 0.879 0.885 0.899 0.898 0.9 0.906 0.884 0.868 0.875 0.873 0.862 0.853 0.849 0.832 0.828
-9999 -9999 -9999 -9999 -9999 -9999 -9999 -9999 -9999 -9999 -9999 -9999 0.626 0.664 0.673 0.679 0.695 0.711 0.726 0.741 0.765 0.79 0.809 0.827 0.835 0.839 0.849 0.856 0.86 0.863 0.863 0.862 0.87 0.878 0.881 0.884 0.873 0.859 0.866 0.873 0.878 0.881 0.889 0.898 0.897 0.893 0.902 0.91 0.915 0.918 0.918 0.916 0.916 0.914 0.908 0.898 0.901 0.903 0.908 0.912 0.89 0.86 0.865 0.87 0.882 0.897 0.899 0.9 0.879 0.851 0.855 0.86 0.848 0.833 0.828 0.822 0.817
-9999 -9999 -9999 -9999 -9999 -9999 -9999 -9999 -9999 -9999 -9999 -9999 -9999 0.663 0.668 0.661 0.681 0.708 0.724 0.741 0.765 0.79 0.805 0.814 0.821 0.826 0.837 0.849 0.858 0.868 0.87 0.87 0.877 0.876 0.879 0.876 0.866 0.853 0.857 0.855 0.863 0.881 0.887 0.894 0.895 0.899 0.905 0.903 0.899 0.896 0.907 0.912 0.904 0.899 0.904 0.902 0.88 -9999 0.88 0.889 0.883 0.863 0.877 0.887 0.873 0.871 0.87 0.868 0.862 0.844 0.839 0.839 0.837 0.828 0.812 0.799 0.817
-9999 -9999 -9999 -9999 -9999 -9999 -9999 -9999 -9999 -9999 -9999 -9999 0.633 0.658 0.656 0.651 0.676 0.703 0.72 0.736 0.76 0.783 0.792 0.8 0.808 0.814 0.827 0.841 0.854 0.866 0.868 0.869 0.871 0.871 0.871 0.868 0.859 0.846 0.846 0.844 0.859 0.876 0.882 0.888 0.891 0.895 0.896 0.895 0.89 0.881 0.892 0.903 0.897 0.887 0.892 0.897 0.877 0.849 -9999 0.875 -9999 0.859 -9999 0.888 -9999 0.857 0.855 0.851 0.845 0.836 0.832 0.826 -9999 -9999 -9999 0.786 0.802
-9999 -9999 -9999 -9999 -9999 -9999 -9999 -9999 -9999 -9999 -9999 -9999 0.624 0.638 0.64 0.639 0.666 0.7 0.711 0.708 0.733 0.766 0.774 0.779 0.788 0.804 0.815 0.822 0.833 0.838 0.842 0.851 0.856 0.866 0.865 0.86 0.851 0.842 0.839 0.831 0.848 0.873 0.875 0.869 0.875 0.889 0.891 0.892 0.89 0.888 0.89 0.897 0.897 0.891 0.886 0.883 0.88 0.865 -9999 -9999 0.87 0.861 -9999 -9999 0.854 0.839 0.833 -9999 -9999 -9999 -9999 -9999 -9999 -9999 -9999 -9999 -9999
-9999 -9999 -9999 -9999 -9999 -9999 -9999 -9999 -9999 -9999 -9999 0.588 0.606 0.622 0.627 0.628 0.658 0.691 0.693 0.69 0.721 0.753 0.76 0.764 0.779 0.794 0.801 0.808 0.816 0.821 0.831 0.839 0.849 0.859 0.856 0.852 0.845 0.837 0.831 0.823 0.843 0.867 0.864 0.858 0.868 0.88 0.884 0.885 0.886 0.885 0.888 0.889 0.888 0.886 0.881 -9999 -9999 -9999 0.873 -9999 -9999 -9999 -9999 -9999 -9999 0.823 -9999 -9999 -9999 -9999 -9999 -9999 -9999 -9999 -9999 -9999 -9999
-9999 -9999 -9999 -9999 -9999 -9999 -9999 -9999 -9999 -9999 0.564 0.578 0.592 0.593 0.605 0.626 0.656 0.686 0.69 0.691 0.709 0.702 0.719 0.762 0.778 0.796 0.803 0.81 0.819 0.822 0.83 0.83 0.839 -9999 -9999 -9999 -9999 -9999 0.842 0.84 0.852 0.854 0.851 0.846 0.855 0.865 0.871 0.882 -9999 0.873 -9999 -9999 -9999 -9999 -9999 0.852 0.852 0.858 0.868 0.875 0.866 -9999 -9999 -9999 -9999 -9999 -9999 -9999 -9999 -9999 -9999 -9999 -9999 -9999 -9999 -9999 -9999
-9999 -9999 -9999 -9999 -9999 -9999 -9999 -9999 -9999 0.545 0.558 0.564 0.571 0.573 0.595 0.618 0.646 0.676 0.682 0.685 0.682 0.675 0.713 0.755 0.773 0.791 0.798 0.806 0.812 0.817 -9999 -9999 -9999 -9999 -9999 -9999 -9999 -9999 -9999 -9999 0.841 0.844 0.841 0.837 0.845 0.854 0.864 0.873 0.868 -9999 -9999 -9999 -9999 -9999 -9999 -9999 0.845 0.851 0.86 0.864 -9999 -9999 -9999 -9999 -9999 -9999 -9999 -9999 -9999 -9999 -9999 -9999 -9999 -9999 -9999 -9999 -9999
-9999 -9999 -9999 -9999 -9999 -9999 -9999 0.509 0.522 0.511 0.516 0.534 0.546 0.561 0.584 0.602 0.627 0.644 0.662 0.704 0.702 0.691 0.725 0.751 0.768 0.782 0.79 0.798 -9999 -9999 -9999 -9999 -9999 -9999 -9999 -9999 -9999 -9999 -9999 -9999 -9999 0.849 -9999 -9999 -9999 -9999 -9999 0.86 0.855 -9999 -9999 -9999 -9999 -9999 -9999 -9999 -9999 -9999 0.834 0.832 -9999 -9999 -9999 -9999 -9999 -9999 -9999 -9999 -9999 -9999 -9999 -9999 -9999 -9999 -9999 -9999 -9999
-9999 -9999 -9999 -9999 -9999 -9999 0.505 -9999 0.495 0.493 0.497 0.51 0.529 0.546 0.567 0.586 0.604 0.622 0.66 0.703 0.699 0.69 0.716 0.743 0.758 0.772 0.781 0.79 -9999 -9999 -9999 -9999 -9999 -9999 -9999 -9999 -9999 -9999 -9999 -9999 -9999 -9999 0.834 -9999 -9999 -9999 -9999 -9999 -9999 -9999 -9999 -9999 -9999 -9999 -9999 -9999 -9999 -9999 -9999 -9999 -9999 -9999 -9999 -9999 -9999 -9999 -9999 -9999 -9999 -9999 -9999 -9999 -9999 -9999 -9999 -9999 -9999
-9999 -9999 -9999 -9999 -9999 0.514 0.505 0.508 0.501 0.482 0.484 0.496 0.512 0.536 0.561 0.587 0.613 -9999 0.675 0.691 0.689 0.68 0.709 0.742 0.761 0.782 0.789 -9999 -9999 -9999 -9999 -9999 -9999 -9999 -9999 -9999 -9999 -9999 -9999 -9999 -9999 -9999 -9999 -9999 -9999 -9999 -9999 -9999 -9999 -9999 -9999 -9999 -9999 -9999 -9999 -9999 -9999 -9999 -9999 -9999 -9999 -9999 -9999 -9999 -9999 -9999 -9999 -9999 -9999 -9999 -9999 -9999 -9999 -9999 -9999 -9999 -9999
-9999 -9999 -9999 -9999 -9999 0.514 0.514 0.511 0.496 0.478 0.481 0.487 0.498 0.518 0.547 0.574 0.607 0.639 0.658 0.675 0.674 0.667 0.7 0.734 0.756 0.778 0.781 -9999 -9999 -9999 -9999 -9999 -9999 -9999 -9999 -9999 -9999 -9999 -9999 -9999 -9999 -9999 -9999 -9999 -9999 -9999 -9999 -9999 -9999 -9999 -9999 -9999 -9999 -9999 -9999 -9999 -9999 -9999 -9999 -9999 -9999 -9999 -9999 -9999 -9999 -9999 -9999 -9999 -9999 -9999 -9999 -9999 -9999 -9999 -9999 -9999 -9999
-9999 -9999 -9999 -9999 0.518 0.518 0.516 0.515 0.501 0.485 0.486 0.484 0.49 0.501 0.525 0.562 0.593 0.619 0.639 0.658 0.663 0.673 0.703 0.724 0.745 0.765 -9999 -9999 -9999 -9999 -9999 -9999 -9999 -9999 -9999 -9999 -9999 -9999 -9999 -9999 -9999 -9999 -9999 -9999 -9999 -9999 -9999 -9999 -9999 -9999 -9999 -9999 -9999 -9999 -9999 -9999 -9999 -9999 -9999 -9999 -9999 -9999 -9999 -9999 -9999 -9999 -9999 -9999 -9999 -9999 -9999 -9999 -9999 -9999 -9999 -9999 -9999
