Validation/Results/ReClimate_12_2023_2_Temperature-Actualsweatherlogisticsltd.asc
NCOLS 192
NROWS 249
XLLCENTER -225160.85627316462
YLLCENTER 29788.11610251502
CELLSIZE 5000.0
NODATA_VALUE -9999
[rows 204 to 237 of 249, columns 77 to 153 of 192]
-9999 -9999 8.142 -9999 7.76 7.462 7.222 6.969 6.995 6.781 6.774 6.781 6.657 6.622 6.343 6.829 6.652 6.662 6.866 7.091 7.006 7.05 6.558 6.078 4.888 4.275 5.7 5.493 5.548 4.865 5.24 6.316 5.888 4.682 6.229 6.559 6.536 6.618 7.097 7.365 7.151 6.863 6.962 7.294 7.431 7.542 7.456 7.154 6.464 6.082 5.994 6.235 6.388 6.523 6.418 6.104 6.21 6.388 6.535 6.589 6.596 6.528 6.383 6.392 6.465 6.442 6.506 6.496 6.335 6.278 6.24 6.322 6.52 6.509 6.45 6.353 6.336
-9999 -9999 -9999 -9999 -9999 -9999 7.092 7.289 7.176 7.101 7.068 6.994 6.944 6.813 7.123 7.04 7.049 7.085 6.909 7.022 6.759 6.72 6.074 5.321 4.46 4.701 4.61 4.944 4.234 4.285 5.815 5.903 5.857 6.854 6.228 6.505 7.117 7.415 7.552 7.056 6.7 6.349 6.834 7.33 7.418 7.492 7.422 6.773 6.027 5.938 5.967 6.289 6.291 6.427 6.328 6.422 6.472 6.658 6.798 6.832 6.752 6.63 6.558 6.555 6.651 6.685 6.544 6.364 6.153 6.125 6.301 6.347 6.506 6.464 6.555 6.661 6.609
-9999 -9999 -9999 -9999 -9999 -9999 7.39 7.292 7.274 7.267 6.876 6.686 6.613 6.996 7.208 7.209 7.311 6.857 6.679 6.885 7.028 7.054 6.478 6.244 6.026 5.728 5.418 5.205 4.648 4.986 4.692 5.392 6.076 5.835 5.578 7.022 7.299 7.443 6.925 6.796 6.249 6.553 6.949 7.406 7.385 7.175 6.385 5.944 6.026 6.209 6.116 6.213 6.305 6.374 6.531 6.451 6.726 6.892 7.038 7.035 6.828 6.634 6.527 6.584 6.747 6.756 6.559 6.134 6.149 6.175 6.221 6.449 6.559 6.674 6.748 6.921 6.782
-9999 -9999 -9999 -9999 7.981 7.765 7.56 7.444 -9999 7.319 7.174 7.029 7.335 7.476 7.535 -9999 7.238 6.944 7.019 6.659 7.215 6.447 6.516 6.329 6.086 6.032 6.32 5.894 5.57 5.401 5.325 5.514 5.93 5.062 6.054 7.027 6.965 7.192 7.018 6.501 6.629 6.923 7.311 7.427 7.246 6.556 6.434 6.103 6.196 6.154 6.354 6.415 6.434 6.55 6.701 6.757 6.885 6.882 7.107 7.065 6.943 6.786 6.728 6.683 6.696 6.59 6.284 6.132 6.068 6.292 6.36 6.488 6.606 6.615 6.659 6.965 6.917
-9999 -9999 -9999 -9999 7.977 -9999 -9999 -9999 7.605 7.53 7.403 -9999 -9999 -9999 -9999 -9999 7.318 7.162 6.784 7.479 7.194 7.04 6.935 6.671 6.806 6.847 5.26 5.238 6.164 6.157 6.039 5.875 5.421 5.542 6.713 6.818 7.148 7.089 6.437 6.773 6.925 7.438 7.494 7.451 7.004 6.586 6.567 6.284 6.422 6.53 6.538 6.621 6.728 6.766 6.845 6.874 6.937 6.894 6.943 7.08 6.833 6.805 6.734 6.673 6.453 6.365 6.232 6.054 6.131 6.432 6.6 6.662 6.62 6.566 6.676 6.921 6.994
-9999 -9999 -9999 -9999 -9999 -9999 7.853 7.717 7.606 7.768 7.582 -9999 -9999 -9999 -9999 -9999 -9999 -9999 -9999 7.773 7.641 7.619 7.764 7.378 7.009 5.566 5.059 5.12 5.444 5.903 6.012 6.022 6.106 6.092 6.452 7.121 7.176 6.283 6.63 6.806 7.63 7.629 7.526 7.379 6.676 6.618 6.479 6.49 6.618 6.748 6.784 6.816 6.826 6.862 6.788 6.838 6.909 6.979 6.952 7.003 6.84 6.708 6.481 6.339 6.461 6.232 6.173 6.194 6.264 6.507 6.803 6.743 6.724 6.813 7.066 7.246 7.029
-9999 -9999 -9999 -9999 -9999 -9999 -9999 7.762 -9999 -9999 -9999 -9999 -9999 -9999 -9999 -9999 -9999 7.443 7.585 7.585 7.556 7.99 8.108 7.823 6.982 6.206 5.392 5.214 5.736 6.585 6.389 6.001 6.173 6.425 7.158 7.482 7.144 6.861 7.078 7.514 -9999 7.596 7.441 7.059 6.364 6.368 6.565 6.66 6.8 6.821 6.888 6.833 6.83 6.798 6.872 6.878 6.955 6.97 6.989 6.865 6.69 6.469 6.167 6.151 6.23 6.564 6.445 6.429 6.601 6.697 6.929 7.031 6.89 7.027 7.365 7.562 7.462
-9999 -9999 -9999 -9999 -9999 -9999 -9999 -9999 -9999 -9999 -9999 -9999 -9999 -9999 -9999 -9999 -9999 7.655 7.693 7.875 7.841 -9999 -9999 -9999 7.557 6.46 6.553 6.297 6.729 6.692 6.176 6.339 6.963 7.246 7.433 7.7 7.573 7.648 7.687 -9999 7.625 7.295 7.25 6.698 6.34 6.646 6.747 6.856 6.831 6.766 6.84 6.854 6.83 6.838 6.683 6.648 6.737 6.752 6.867 6.909 6.66 6.207 6.193 6.23 6.507 6.764 6.843 6.699 6.853 7.032 7.138 7.287 7.302 7.043 7.396 7.714 7.681
-9999 -9999 -9999 -9999 -9999 -9999 -9999 -9999 -9999 -9999 -9999 -9999 -9999 -9999 -9999 -9999 -9999 -9999 -9999 -9999 -9999 -9999 -9999 -9999 8.097 7.5 6.917 6.996 7.166 7.077 6.882 7.119 7.404 7.598 7.764 7.889 7.962 -9999 -9999 7.759 7.524 7.278 7.125 6.68 6.52 6.711 6.787 6.911 6.971 6.761 6.788 6.8 6.56 6.443 6.386 6.208 6.093 6.39 6.561 6.677 6.648 6.418 6.315 6.584 6.639 6.845 7.066 6.996 7.018 7.09 7.256 7.431 7.527 7.598 7.648 7.859 7.801
-9999 -9999 -9999 -9999 -9999 -9999 -9999 -9999 -9999 -9999 -9999 -9999 -9999 -9999 -9999 -9999 -9999 -9999 -9999 -9999 -9999 -9999 -9999 -9999 7.834 7.596 7.484 7.46 7.201 7.108 7.296 7.53 7.78 7.89 -9999 -9999 -9999 -9999 -9999 7.682 7.446 7.322 7.159 6.721 6.545 6.694 6.723 6.925 6.998 6.792 6.506 6.514 6.23 6.154 6.201 6.211 6.12 6.157 6.502 6.518 6.764 6.88 6.749 6.978 7.001 7.048 7.173 7.203 7.285 7.352 7.376 7.452 7.615 7.798 7.923 7.939 7.667
-9999 -9999 -9999 -9999 -9999 -9999 -9999 -9999 -9999 -9999 -9999 -9999 -9999 -9999 -9999 -9999 -9999 -9999 -9999 -9999 -9999 -9999 -9999 -9999 -9999 -9999 7.737 7.317 7.184 7.264 7.281 7.66 7.916 -9999 -9999 -9999 -9999 7.679 7.392 7.367 7.658 7.536 7.224 6.589 6.534 6.571 6.693 6.904 6.914 6.573 6.246 6.155 6.24 6.133 6.27 6.264 6.441 6.457 6.527 6.73 6.777 7.044 7.254 7.191 7.156 7.137 7.136 7.072 7.244 7.452 7.516 7.568 7.551 7.649 7.714 7.745 7.568
-9999 -9999 -9999 -9999 -9999 -9999 -9999 -9999 -9999 -9999 -9999 -9999 -9999 -9999 -9999 -9999 -9999 -9999 -9999 -9999 -9999 -9999 -9999 -9999 -9999 -9999 -9999 7.816 7.61 7.465 7.457 7.82 -9999 -9999 -9999 -9999 7.855 7.632 7.333 7.279 7.341 7.405 7.256 6.951 6.974 6.65 6.756 6.832 6.554 6.397 6.331 6.135 6.272 6.344 6.455 6.548 6.634 6.744 6.7 6.675 6.815 6.993 7.069 7.085 6.941 7.018 7.09 7.036 7.107 7.379 7.487 7.543 7.591 7.551 7.512 7.382 7.298
-9999 -9999 -9999 -9999 -9999 -9999 -9999 -9999 -9999 -9999 -9999 -9999 -9999 -9999 -9999 -9999 -9999 -9999 -9999 -9999 -9999 -9999 -9999 -9999 -9999 -9999 -9999 -9999 -9999 -9999 -9999 -9999 -9999 -9999 -9999 7.735 7.862 7.669 7.316 7.106 7.371 7.301 7.042 7.136 6.933 6.837 7.06 6.87 6.614 6.445 6.417 6.417 6.286 6.336 6.416 6.276 6.465 6.566 6.628 6.614 6.629 6.834 6.931 6.931 6.836 6.753 6.92 7.041 7.13 7.255 7.35 7.298 7.328 7.269 7.254 6.987 6.735
-9999 -9999 -9999 -9999 -9999 -9999 -9999 -9999 -9999 -9999 -9999 -9999 -9999 -9999 -9999 -9999 -9999 -9999 -9999 -9999 -9999 -9999 -9999 -9999 -9999 -9999 -9999 -9999 -9999 -9999 -9999 -9999 -9999 -9999 7.831 7.78 7.482 7.218 6.31 6.876 7.3 7.103 7.012 6.95 6.839 7.058 7.075 6.99 6.763 6.607 6.665 6.39 6.22 6.016 6.166 6.278 5.979 6.252 6.439 6.594 6.692 6.793 6.897 6.895 6.872 6.852 6.793 6.898 7.082 7.181 7.149 7.043 6.747 6.766 6.68 6.527 6.183
-9999 -9999 -9999 -9999 -9999 -9999 -9999 -9999 -9999 -9999 -9999 -9999 -9999 -9999 -9999 -9999 -9999 -9999 -9999 -9999 -9999 -9999 -9999 -9999 -9999 -9999 -9999 -9999 -9999 -9999 -9999 -9999 -9999 -9999 7.879 7.742 7.713 7.139 6.743 6.535 6.693 6.856 6.924 6.745 6.989 6.989 6.955 6.59 6.333 6.333 6.532 6.547 6.361 6.32 6.158 6.249 6.333 6.283 6.437 6.531 6.661 6.803 6.874 6.892 6.813 6.782 6.82 6.827 6.928 6.938 6.658 6.597 6.485 6.393 6.539 6.436 6.201
-9999 -9999 -9999 -9999 -9999 -9999 -9999 -9999 -9999 -9999 -9999 -9999 -9999 -9999 -9999 -9999 -9999 -9999 -9999 -9999 -9999 6.289 6.004 5.509 5.874 -9999 6.643 -9999 -9999 -9999 -9999 -9999 -9999 -9999 -9999 7.916 7.8 7.569 7.306 6.992 6.632 6.562 6.627 6.892 6.909 6.873 6.523 6.274 6.464 6.485 6.612 6.606 6.528 6.611 6.693 6.694 6.583 6.629 6.531 6.413 6.3 6.475 6.681 6.682 6.651 6.681 6.65 6.7 6.846 6.77 6.491 6.42 6.61 6.53 6.597 6.633 6.608
-9999 -9999 -9999 -9999 -9999 -9999 -9999 -9999 -9999 -9999 -9999 -9999 -9999 -9999 -9999 -9999 -9999 -9999 7.318 7.048 6.672 6.163 5.461 5.221 5.545 5.767 6.422 7.356 7.944 -9999 -9999 7.498 7.855 7.979 8.028 7.914 7.817 7.851 7.688 7.388 7.003 6.643 6.719 6.884 6.816 6.366 6.531 6.681 6.537 6.699 6.807 6.813 6.722 6.711 6.799 6.822 6.915 6.831 6.676 6.479 6.423 6.271 6.296 6.536 6.653 6.72 6.838 6.675 6.787 6.345 6.247 6.376 6.57 6.673 6.684 6.736 6.605
-9999 -9999 -9999 -9999 -9999 -9999 -9999 -9999 -9999 -9999 -9999 -9999 -9999 -9999 -9999 -9999 -9999 7.265 7.352 7.311 7.077 6.401 5.449 5.147 5.414 5.687 6.11 6.532 7.187 7.518 7.402 7.302 7.271 7.781 7.857 7.883 7.741 7.597 7.737 7.507 6.969 6.866 6.898 6.772 6.238 6.568 6.447 6.553 6.724 6.832 6.938 6.883 6.709 6.774 6.772 6.858 6.836 6.881 6.749 6.571 6.34 6.153 6.334 6.532 6.658 6.364 6.517 6.795 6.748 6.787 6.386 6.506 6.574 6.619 6.638 6.493 6.529
-9999 -9999 -9999 -9999 -9999 -9999 -9999 -9999 -9999 -9999 -9999 -9999 -9999 -9999 -9999 -9999 -9999 7.297 7.737 7.902 7.515 6.588 6.09 5.793 5.519 5.815 6.154 6.604 6.444 6.427 6.841 7.057 7.194 7.116 7.615 7.839 7.707 7.734 7.527 7.317 7.315 7.196 7.021 6.643 6.635 6.587 6.442 6.716 6.807 6.891 6.907 6.852 6.673 6.621 6.915 6.965 6.945 6.993 6.968 6.824 6.623 6.274 6.159 6.507 6.57 6.421 6.286 6.634 6.895 6.957 6.94 6.825 6.537 6.5 6.645 6.558 6.189
-9999 -9999 -9999 -9999 -9999 -9999 -9999 -9999 -9999 -9999 -9999 -9999 -9999 -9999 -9999 -9999 -9999 7.761 8.112 7.781 7.584 7.074 7.039 6.637 6.599 6.545 6.63 6.655 6.25 6.453 7.125 7.296 7.278 7.465 7.738 7.842 7.799 7.583 7.379 7.471 7.409 7.177 6.922 6.95 6.879 6.815 6.764 6.795 6.664 6.691 6.882 7.055 6.986 6.968 7.039 6.98 7.005 7.148 6.916 6.773 6.783 6.424 6.068 6.436 6.664 6.556 6.575 6.769 6.984 7.13 7.024 6.811 6.647 6.63 6.832 6.891 6.645
-9999 -9999 -9999 -9999 -9999 -9999 -9999 -9999 -9999 -9999 -9999 -9999 -9999 7.654 7.172 -9999 7.677 8.093 7.656 7.414 7.475 7.598 7.396 7.226 6.833 6.593 6.66 6.816 6.817 7.045 7.345 7.549 7.492 7.442 7.507 7.66 7.79 7.633 7.546 7.469 7.332 6.954 7.122 7.087 6.95 6.69 6.54 6.599 6.449 6.523 6.777 7.077 7.111 7.116 7.14 7.265 7.18 7.237 7.109 6.686 6.821 6.732 6.639 6.677 6.946 6.873 6.763 6.81 6.995 7.191 7.208 7.045 6.921 6.831 6.879 6.943 6.983
-9999 -9999 -9999 -9999 -9999 -9999 -9999 -9999 -9999 -9999 -9999 -9999 -9999 7.453 7.078 7.373 7.627 7.641 7.402 7.523 7.223 7.141 7.205 6.76 6.719 6.654 6.672 6.93 6.9 7.053 7.355 7.029 6.731 6.919 7.318 7.713 7.8 7.605 7.418 7.265 7.155 7.018 7.19 7.022 7.062 6.913 6.651 6.519 6.634 6.678 6.912 7.017 7.072 7.124 7.378 7.409 7.432 7.474 7.331 6.981 6.869 6.795 6.605 6.641 6.425 6.645 6.846 6.896 7.002 7.037 7.088 7.076 7.042 7.0 6.905 6.949 7.0
-9999 -9999 -9999 -9999 -9999 -9999 -9999 -9999 -9999 -9999 -9999 -9999 7.839 7.376 7.221 7.221 7.282 7.366 7.409 7.325 7.177 7.271 7.264 7.02 6.881 6.729 6.877 7.082 7.381 7.53 7.215 6.63 6.662 6.734 6.996 7.564 7.588 7.518 7.463 7.291 7.197 7.11 7.127 7.167 7.243 7.089 6.732 6.907 6.916 6.98 7.013 7.065 7.036 7.017 7.377 7.734 7.835 7.634 7.597 7.298 7.164 7.114 6.971 6.842 6.57 6.36 6.505 6.301 6.777 6.574 6.532 6.905 6.998 6.56 6.418 6.496 6.924
-9999 -9999 -9999 -9999 -9999 -9999 -9999 -9999 -9999 -9999 -9999 -9999 -9999 7.696 7.332 7.26 7.386 7.45 7.509 7.486 7.442 7.4 7.381 7.192 7.062 7.201 7.289 7.506 7.482 7.58 6.968 6.61 6.65 6.467 6.886 7.27 7.234 7.293 7.343 7.259 7.086 7.1 7.092 7.097 7.057 6.889 7.184 7.04 7.089 7.12 7.122 7.083 7.03 7.127 7.311 7.676 7.904 -9999 7.601 7.493 7.217 7.257 7.277 7.196 7.044 6.849 6.867 6.756 6.725 6.878 6.575 6.673 6.891 6.868 6.492 6.362 6.74
-9999 -9999 -9999 -9999 -9999 -9999 -9999 -9999 -9999 -9999 -9999 -9999 7.911 7.875 7.518 7.386 7.345 7.308 7.453 7.526 7.436 7.333 7.167 7.225 7.427 7.526 7.529 7.571 7.65 7.416 7.16 7.139 6.958 6.678 7.197 7.36 6.839 7.04 7.027 6.57 6.729 6.602 6.564 6.746 6.811 7.012 7.201 7.322 7.268 7.274 7.194 7.144 7.08 7.139 7.315 7.511 7.791 7.899 -9999 7.672 -9999 7.627 -9999 7.405 -9999 7.239 7.232 7.241 7.202 7.255 7.181 7.239 -9999 -9999 -9999 7.131 6.827
-9999 -9999 -9999 -9999 -9999 -9999 -9999 -9999 -9999 -9999 -9999 -9999 7.975 7.734 7.497 7.441 7.193 7.142 7.052 7.226 7.038 6.969 7.059 7.319 7.564 7.649 7.744 7.796 7.752 7.613 7.358 7.206 6.914 7.168 7.558 6.914 6.986 7.433 7.063 6.893 6.738 6.501 6.689 6.99 7.051 7.265 7.382 7.341 7.492 7.45 7.333 7.297 7.234 7.237 7.416 7.513 7.734 7.87 -9999 -9999 7.917 7.958 -9999 -9999 7.522 7.492 7.48 -9999 -9999 -9999 -9999 -9999 -9999 -9999 -9999 -9999 -9999
-9999 -9999 -9999 -9999 -9999 -9999 -9999 -9999 -9999 -9999 -9999 7.711 7.649 7.533 7.476 7.515 7.4 7.159 7.129 6.876 6.337 6.315 6.742 7.047 7.247 7.41 7.699 7.812 7.752 7.648 7.401 6.974 6.961 7.295 7.235 7.271 7.907 7.758 7.382 6.983 6.659 6.941 7.229 7.206 7.376 7.426 7.508 7.68 7.808 7.575 7.545 7.597 7.662 7.55 7.605 -9999 -9999 -9999 7.782 -9999 -9999 -9999 -9999 -9999 -9999 7.529 -9999 -9999 -9999 -9999 -9999 -9999 -9999 -9999 -9999 -9999 -9999
-9999 -9999 -9999 -9999 -9999 -9999 -9999 -9999 -9999 -9999 7.911 7.177 7.063 7.321 7.794 7.829 7.71 7.508 7.191 6.29 5.386 5.643 6.653 6.837 6.803 7.492 7.46 7.882 7.903 7.634 7.766 7.866 7.973 -9999 -9999 -9999 -9999 -9999 7.907 7.389 7.018 7.14 7.326 7.497 7.585 7.665 7.696 7.83 -9999 7.693 -9999 -9999 -9999 -9999 -9999 7.654 7.594 7.489 7.385 7.465 7.866 -9999 -9999 -9999 -9999 -9999 -9999 -9999 -9999 -9999 -9999 -9999 -9999 -9999 -9999 -9999 -9999
-9999 -9999 -9999 -9999 -9999 -9999 -9999 -9999 -9999 8.522 7.47 6.717 6.8 7.318 7.609 7.827 7.928 7.426 6.814 5.691 5.057 5.427 6.056 6.435 7.185 7.135 7.806 8.024 8.061 8.216 -9999 -9999 -9999 -9999 -9999 -9999 -9999 -9999 -9999 -9999 7.864 7.772 7.819 7.592 7.466 7.416 7.616 7.369 7.715 -9999 -9999 -9999 -9999 -9999 -9999 -9999 7.71 7.396 7.46 7.487 -9999 -9999 -9999 -9999 -9999 -9999 -9999 -9999 -9999 -9999 -9999 -9999 -9999 -9999 -9999 -9999 -9999
-9999 -9999 -9999 -9999 -9999 -9999 -9999 8.444 8.627 8.105 7.278 6.707 6.563 6.786 7.381 7.928 7.666 7.211 6.641 5.85 5.226 5.715 6.203 6.734 6.93 8.034 7.729 7.829 -9999 -9999 -9999 -9999 -9999 -9999 -9999 -9999 -9999 -9999 -9999 -9999 -9999 8.393 -9999 -9999 -9999 -9999 -9999 7.837 7.633 -9999 -9999 -9999 -9999 -9999 -9999 -9999 -9999 -9999 7.439 7.412 -9999 -9999 -9999 -9999 -9999 -9999 -9999 -9999 -9999 -9999 -9999 -9999 -9999 -9999 -9999 -9999 -9999
-9999 -9999 -9999 -9999 -9999 -9999 8.407 -9999 8.164 7.979 7.351 6.787 6.592 6.743 7.308 7.501 7.339 7.633 7.329 6.31 5.842 6.091 6.812 7.116 7.623 8.083 8.208 8.564 -9999 -9999 -9999 -9999 -9999 -9999 -9999 -9999 -9999 -9999 -9999 -9999 -9999 -9999 8.357 -9999 -9999 -9999 -9999 -9999 -9999 -9999 -9999 -9999 -9999 -9999 -9999 -9999 -9999 -9999 -9999 -9999 -9999 -9999 -9999 -9999 -9999 -9999 -9999 -9999 -9999 -9999 -9999 -9999 -9999 -9999 -9999 -9999 -9999
-9999 -9999 -9999 -9999 -9999 8.581 8.398 7.731 7.967 7.999 7.546 7.297 7.067 7.084 7.37 7.323 7.558 -9999 7.617 6.74 6.118 5.768 6.423 7.498 7.847 8.256 8.482 -9999 -9999 -9999 -9999 -9999 -9999 -9999 -9999 -9999 -9999 -9999 -9999 -9999 -9999 -9999 -9999 -9999 -9999 -9999 -9999 -9999 -9999 -9999 -9999 -9999 -9999 -9999 -9999 -9999 -9999 -9999 -9999 -9999 -9999 -9999 -9999 -9999 -9999 -9999 -9999 -9999 -9999 -9999 -9999 -9999 -9999 -9999 -9999 -9999 -9999
-9999 -9999 -9999 -9999 -9999 8.572 8.038 7.701 7.628 7.677 7.58 7.488 7.255 7.467 7.671 7.754 8.26 8.156 7.874 7.221 6.217 6.014 6.948 7.477 8.032 8.19 8.131 -9999 -9999 -9999 -9999 -9999 -9999 -9999 -9999 -9999 -9999 -9999 -9999 -9999 -9999 -9999 -9999 -9999 -9999 -9999 -9999 -9999 -9999 -9999 -9999 -9999 -9999 -9999 -9999 -9999 -9999 -9999 -9999 -9999 -9999 -9999 -9999 -9999 -9999 -9999 -9999 -9999 -9999 -9999 -9999 -9999 -9999 -9999 -9999 -9999 -9999
-9999 -9999 -9999 -9999 8.703 8.355 7.914 7.437 7.302 7.53 7.65 7.7 7.711 7.839 7.656 8.113 8.383 8.257 7.86 7.546 7.052 6.995 7.391 7.868 8.023 7.894 -9999 -9999 -9999 -9999 -9999 -9999 -9999 -9999 -9999 -9999 -9999 -9999 -9999 -9999 -9999 -9999 -9999 -9999 -9999 -9999 -9999 -9999 -9999 -9999 -9999 -9999 -9999 -9999 -9999 -9999 -9999 -9999 -9999 -9999 -9999 -9999 -9999 -9999 -9999 -9999 -9999 -9999 -9999 -9999 -9999 -9999 -9999 -9999 -9999 -9999 -9999
