Validation/Results/ReClimate_12_2023_2_Temperature-Actuals.asc
NCOLS 192
NROWS 249
XLLCENTER -225160.85627316462
YLLCENTER 29788.11610251502
CELLSIZE 5000.0
NODATA_VALUE -9999
[rows 102 to 135 of 249, columns 77 to 153 of 192]
2.584 2.499 4.468 5.265 -9999 -9999 4.282 -9999 -9999 4.439 2.064 1.826 3.374 2.372 0.208 1.869 0.844 0.819 1.065 1.602 3.101 2.132 1.287 0.481 1.114 2.131 1.472 1.718 2.879 3.677 4.073 3.957 3.495 2.846 3.79 4.083 4.218 4.475 4.508 4.65 -9999 -9999 -9999 -9999 -9999 -9999 -9999 -9999 -9999 -9999 -9999 -9999 -9999 -9999 -9999 -9999 -9999 -9999 -9999 -9999 -9999 -9999 -9999 -9999 -9999 -9999 -9999 -9999 -9999 -9999 -9999 -9999 -9999 -9999 -9999 -9999 -9999
2.933 4.197 -9999 -9999 -9999 4.936 3.773 4.196 3.847 3.744 2.827 4.555 3.992 2.232 2.062 2.434 2.472 2.392 2.27 2.162 1.129 2.081 1.403 1.703 1.52 1.215 1.87 2.641 3.441 3.961 4.053 3.796 3.198 3.916 4.52 -9999 -9999 4.771 -9999 -9999 -9999 -9999 -9999 -9999 -9999 -9999 -9999 -9999 -9999 -9999 -9999 -9999 -9999 -9999 -9999 -9999 -9999 -9999 -9999 -9999 -9999 -9999 -9999 -9999 -9999 -9999 -9999 -9999 -9999 -9999 -9999 -9999 -9999 -9999 -9999 -9999 -9999
-9999 4.39 -9999 -9999 -9999 4.65 3.682 3.491 3.514 4.008 4.563 3.732 2.455 2.085 2.519 2.882 2.424 1.95 2.508 1.969 3.155 2.329 2.098 2.864 3.304 3.557 3.449 3.877 4.101 4.058 4.16 4.146 4.085 4.54 -9999 4.445 4.57 4.567 4.631 -9999 -9999 -9999 -9999 -9999 -9999 -9999 -9999 -9999 -9999 -9999 -9999 -9999 -9999 -9999 -9999 -9999 -9999 -9999 -9999 -9999 -9999 -9999 -9999 -9999 -9999 -9999 -9999 -9999 -9999 -9999 -9999 -9999 -9999 -9999 -9999 -9999 -9999
-9999 -9999 -9999 5.13 4.663 3.758 3.64 3.168 3.607 3.347 2.564 2.063 1.918 2.868 2.703 3.253 1.888 3.033 1.673 3.136 1.999 1.153 2.967 3.59 3.37 3.673 4.181 4.221 4.384 4.439 4.508 4.531 -9999 4.408 4.335 4.487 4.415 4.633 4.547 -9999 -9999 -9999 -9999 -9999 -9999 -9999 -9999 -9999 -9999 -9999 -9999 -9999 -9999 -9999 -9999 -9999 -9999 -9999 -9999 -9999 -9999 -9999 -9999 -9999 -9999 -9999 -9999 -9999 -9999 -9999 -9999 -9999 -9999 -9999 -9999 -9999 -9999
-9999 -9999 -9999 4.946 5.152 4.505 3.399 3.469 3.798 2.716 3.575 3.407 2.888 2.053 3.452 3.506 2.58 1.835 2.58 2.586 1.408 2.431 2.33 1.992 2.971 3.499 3.687 3.96 3.995 3.766 3.718 3.563 3.722 4.174 4.47 4.31 4.101 4.326 4.316 4.586 -9999 -9999 -9999 -9999 -9999 -9999 -9999 -9999 -9999 -9999 -9999 -9999 -9999 -9999 -9999 -9999 -9999 -9999 -9999 -9999 -9999 -9999 -9999 -9999 -9999 -9999 -9999 -9999 -9999 -9999 -9999 -9999 -9999 -9999 -9999 -9999 -9999
-9999 -9999 5.043 -9999 -9999 4.298 3.485 4.122 3.155 3.606 -9999 -9999 2.451 2.241 3.07 3.575 2.571 2.694 2.945 2.599 2.89 3.643 2.93 3.182 3.514 3.809 3.366 2.796 2.331 2.629 2.853 3.374 3.738 3.868 4.383 3.918 4.009 3.932 4.178 4.504 4.769 -9999 -9999 -9999 -9999 -9999 -9999 -9999 -9999 -9999 -9999 -9999 -9999 -9999 -9999 -9999 -9999 -9999 -9999 -9999 -9999 -9999 -9999 -9999 -9999 -9999 -9999 -9999 -9999 -9999 -9999 -9999 -9999 -9999 -9999 -9999 -9999
-9999 -9999 5.097 -9999 4.903 4.246 4.334 3.242 3.332 4.639 4.748 3.052 2.304 3.137 4.948 3.053 1.769 3.633 3.581 3.145 3.745 3.949 4.023 4.192 4.04 2.923 1.897 1.921 2.52 2.971 3.546 3.784 3.697 3.964 4.131 4.244 4.591 4.845 4.942 5.079 -9999 -9999 -9999 -9999 -9999 -9999 -9999 -9999 -9999 -9999 -9999 -9999 -9999 -9999 -9999 -9999 -9999 -9999 -9999 -9999 -9999 -9999 -9999 -9999 -9999 -9999 -9999 -9999 -9999 -9999 -9999 -9999 -9999 -9999 -9999 -9999 -9999
-9999 -9999 5.15 -9999 4.836 4.905 4.218 4.045 4.666 -9999 3.267 3.521 -9999 3.39 3.41 3.081 3.919 2.701 3.802 4.142 4.528 4.634 4.778 4.786 4.265 3.258 3.767 4.027 3.997 3.745 3.585 3.867 3.898 4.281 4.509 4.81 -9999 -9999 -9999 -9999 -9999 -9999 -9999 -9999 -9999 -9999 -9999 -9999 -9999 -9999 -9999 -9999 -9999 -9999 -9999 -9999 -9999 -9999 -9999 -9999 -9999 -9999 -9999 -9999 -9999 -9999 -9999 -9999 -9999 -9999 -9999 -9999 -9999 -9999 -9999 -9999 -9999
5.103 5.042 -9999 -9999 5.233 4.813 4.405 4.889 4.823 3.01 3.362 2.431 -9999 4.162 3.289 3.827 3.857 3.729 3.838 4.305 4.214 4.058 3.9 4.064 4.535 4.945 4.891 4.68 4.25 3.806 3.752 3.981 4.161 4.412 4.814 -9999 -9999 -9999 -9999 -9999 -9999 -9999 -9999 -9999 -9999 -9999 -9999 -9999 -9999 -9999 -9999 -9999 -9999 -9999 -9999 -9999 -9999 -9999 -9999 -9999 -9999 -9999 -9999 -9999 -9999 -9999 -9999 -9999 -9999 -9999 -9999 -9999 -9999 -9999 -9999 -9999 -9999
5.251 5.248 -9999 5.409 4.106 4.097 4.948 -9999 3.511 3.662 2.524 2.595 -9999 3.861 2.953 3.948 4.761 4.575 4.663 4.38 4.024 3.623 2.975 3.447 4.4 4.831 -9999 4.925 4.575 4.385 4.349 4.253 4.043 4.506 -9999 -9999 -9999 -9999 -9999 -9999 -9999 -9999 -9999 -9999 -9999 -9999 -9999 -9999 -9999 -9999 -9999 -9999 -9999 -9999 -9999 -9999 -9999 -9999 -9999 -9999 -9999 -9999 -9999 -9999 -9999 -9999 -9999 -9999 -9999 -9999 -9999 -9999 -9999 -9999 -9999 -9999 -9999
5.603 -9999 -9999 4.893 3.638 4.579 -9999 4.343 3.909 3.554 2.95 3.62 -9999 4.631 4.364 4.651 4.822 4.647 4.426 4.047 2.465 2.357 2.568 3.191 4.215 4.925 5.107 5.178 -9999 -9999 4.882 4.658 -9999 -9999 -9999 -9999 -9999 -9999 5.112 5.166 5.304 -9999 -9999 -9999 -9999 -9999 -9999 -9999 -9999 -9999 -9999 -9999 -9999 -9999 -9999 -9999 -9999 -9999 -9999 -9999 -9999 -9999 -9999 -9999 -9999 -9999 -9999 -9999 -9999 -9999 -9999 -9999 -9999 -9999 -9999 -9999 -9999
-9999 -9999 4.723 4.258 4.972 4.463 -9999 4.422 3.72 4.23 4.275 3.354 -9999 -9999 -9999 5.0 4.514 3.863 3.729 3.487 3.522 3.855 3.807 4.066 4.211 4.372 4.607 4.929 5.027 4.818 4.661 4.88 -9999 -9999 -9999 -9999 -9999 4.871 4.998 4.933 5.185 5.291 -9999 -9999 -9999 -9999 -9999 -9999 -9999 -9999 -9999 -9999 -9999 -9999 -9999 -9999 -9999 -9999 -9999 -9999 -9999 -9999 -9999 -9999 -9999 -9999 -9999 -9999 -9999 -9999 -9999 -9999 -9999 -9999 -9999 -9999 -9999
-9999 -9999 -9999 5.507 4.257 4.722 -9999 4.397 -9999 4.728 3.736 4.69 -9999 5.035 4.395 4.247 -9999 4.347 4.613 4.528 4.642 4.465 4.413 4.156 3.953 3.906 4.14 4.354 4.048 4.085 4.558 4.799 4.936 4.946 5.071 -9999 4.912 4.757 4.726 4.811 4.496 4.246 4.287 5.242 -9999 -9999 -9999 -9999 -9999 -9999 -9999 -9999 -9999 -9999 -9999 -9999 -9999 -9999 -9999 -9999 -9999 -9999 -9999 -9999 -9999 -9999 -9999 -9999 -9999 -9999 -9999 -9999 -9999 -9999 -9999 -9999 -9999
-9999 -9999 -9999 4.603 3.823 4.96 -9999 5.394 -9999 4.879 5.173 -9999 4.999 3.978 3.514 4.261 4.743 4.911 4.898 5.142 4.957 4.529 4.489 4.145 3.686 3.641 3.738 3.802 3.887 4.167 4.293 4.261 4.281 4.302 4.778 4.825 4.37 4.359 4.354 4.227 3.634 3.366 3.271 3.765 4.733 5.003 4.827 -9999 -9999 -9999 -9999 -9999 -9999 -9999 -9999 -9999 -9999 -9999 -9999 -9999 -9999 -9999 -9999 -9999 -9999 -9999 -9999 -9999 -9999 -9999 -9999 -9999 -9999 -9999 -9999 -9999 -9999
-9999 -9999 -9999 4.578 5.011 4.764 4.673 -9999 -9999 5.672 5.531 -9999 4.982 3.5 3.162 4.081 4.472 4.885 5.125 5.109 4.923 5.08 4.809 4.337 3.904 3.408 3.398 3.494 3.71 3.667 3.437 3.242 3.133 3.887 4.555 4.386 4.035 3.874 3.575 2.633 2.512 2.942 3.013 3.483 3.628 4.369 4.813 4.763 -9999 -9999 -9999 -9999 -9999 -9999 -9999 -9999 -9999 -9999 -9999 -9999 -9999 -9999 -9999 -9999 -9999 -9999 -9999 -9999 -9999 -9999 -9999 -9999 -9999 -9999 -9999 -9999 -9999
-9999 -9999 -9999 5.153 5.023 4.348 5.435 -9999 -9999 5.807 5.86 -9999 -9999 3.631 3.627 4.325 4.247 4.155 4.503 4.625 4.741 4.466 4.755 4.654 4.118 3.729 3.314 3.176 2.991 3.023 2.636 2.621 3.245 3.705 3.82 3.706 3.433 3.105 2.571 2.472 2.471 2.873 3.19 3.557 4.137 4.324 4.289 4.624 -9999 -9999 -9999 -9999 -9999 -9999 -9999 -9999 -9999 -9999 -9999 -9999 -9999 -9999 -9999 -9999 -9999 -9999 -9999 -9999 -9999 -9999 -9999 -9999 -9999 -9999 -9999 -9999 -9999
-9999 -9999 -9999 5.443 4.657 4.842 -9999 -9999 -9999 -9999 5.973 -9999 5.181 3.961 4.482 4.61 4.016 3.792 3.752 4.121 4.101 4.158 4.224 4.367 4.353 3.631 3.161 3.097 3.125 2.8 2.604 3.035 3.307 3.234 3.136 2.609 2.7 2.915 3.082 2.999 2.88 3.146 3.421 3.859 4.308 4.327 4.447 4.788 4.783 -9999 -9999 -9999 -9999 -9999 -9999 -9999 -9999 -9999 -9999 -9999 -9999 -9999 -9999 -9999 -9999 -9999 -9999 -9999 -9999 -9999 -9999 -9999 -9999 -9999 -9999 -9999 -9999
-9999 4.914 4.837 4.602 4.88 -9999 -9999 4.441 -9999 -9999 -9999 -9999 5.316 4.8 4.924 4.697 4.347 3.898 3.633 3.548 3.391 3.406 3.732 3.979 4.091 4.009 3.347 3.315 3.217 3.214 3.478 3.414 2.959 2.979 2.065 1.73 2.297 2.775 3.108 3.393 3.357 3.559 3.613 3.99 4.351 4.464 4.624 4.775 4.886 -9999 -9999 -9999 -9999 -9999 -9999 -9999 -9999 -9999 -9999 -9999 -9999 -9999 -9999 -9999 -9999 -9999 -9999 -9999 -9999 -9999 -9999 -9999 -9999 -9999 -9999 -9999 -9999
-9999 -9999 4.41 4.468 5.161 -9999 4.449 3.69 4.476 -9999 -9999 -9999 -9999 5.552 5.329 5.193 4.859 4.453 4.039 3.523 3.369 3.541 3.734 3.8 3.978 3.623 3.701 3.511 3.385 3.297 3.339 2.899 3.477 2.93 2.756 2.591 2.139 2.428 3.245 3.503 3.837 3.934 3.984 4.2 4.406 4.514 4.626 4.567 4.708 4.886 -9999 -9999 -9999 -9999 -9999 -9999 -9999 -9999 -9999 -9999 -9999 -9999 -9999 -9999 -9999 -9999 -9999 -9999 -9999 -9999 -9999 -9999 -9999 -9999 -9999 -9999 -9999
-9999 -9999 4.85 4.576 4.861 -9999 4.914 3.864 4.799 -9999 -9999 -9999 -9999 -9999 5.57 5.449 5.255 5.093 4.657 4.255 3.924 3.517 3.077 3.206 3.493 3.706 3.698 3.45 3.348 3.456 3.242 3.3 3.552 3.283 3.164 3.145 3.499 3.558 3.805 3.849 4.118 4.003 4.211 4.554 4.608 4.657 4.613 4.549 4.288 4.559 4.995 -9999 -9999 -9999 -9999 -9999 -9999 -9999 -9999 -9999 -9999 -9999 -9999 -9999 -9999 -9999 -9999 -9999 -9999 -9999 -9999 -9999 -9999 -9999 -9999 -9999 -9999
-9999 -9999 4.734 4.298 -9999 -9999 5.437 4.514 4.283 5.247 -9999 -9999 -9999 -9999 -9999 5.488 5.098 4.778 4.609 3.915 3.294 2.981 2.645 2.743 3.085 3.447 3.204 3.421 3.409 3.15 3.075 3.393 2.045 2.815 2.618 3.298 2.859 3.41 3.973 3.861 4.086 4.36 4.528 4.386 4.152 4.153 4.363 4.261 4.519 4.022 4.559 5.078 5.492 -9999 -9999 -9999 -9999 -9999 -9999 -9999 -9999 -9999 -9999 -9999 -9999 -9999 -9999 -9999 -9999 -9999 -9999 -9999 -9999 -9999 -9999 -9999 -9999
-9999 -9999 4.495 5.181 -9999 -9999 4.927 3.914 4.123 -9999 -9999 -9999 -9999 -9999 -9999 5.45 4.955 4.678 4.404 3.861 3.582 3.483 3.149 3.026 2.95 3.041 3.129 3.237 2.454 1.91 2.811 1.855 1.36 1.752 2.828 2.67 3.247 3.986 3.65 3.798 4.11 4.122 4.193 4.254 4.114 4.133 3.671 3.525 4.144 4.028 3.939 4.725 5.277 -9999 -9999 -9999 -9999 -9999 -9999 -9999 -9999 -9999 -9999 -9999 -9999 -9999 -9999 -9999 -9999 -9999 -9999 -9999 -9999 -9999 -9999 -9999 -9999
-9999 -9999 4.928 5.762 -9999 -9999 -9999 5.121 4.882 5.089 -9999 -9999 -9999 -9999 -9999 5.489 5.051 4.713 4.492 4.183 4.001 3.372 2.607 2.334 2.81 2.775 3.275 3.167 2.51 2.392 2.835 1.4 1.917 2.574 2.278 2.675 3.613 3.388 3.709 3.712 3.884 4.204 4.062 3.886 3.936 3.591 2.421 2.729 3.287 3.976 3.937 4.282 4.916 -9999 -9999 -9999 -9999 -9999 -9999 -9999 -9999 -9999 -9999 -9999 -9999 -9999 -9999 -9999 -9999 -9999 -9999 -9999 -9999 -9999 -9999 -9999 -9999
-9999 4.588 4.927 5.624 -9999 -9999 -9999 -9999 -9999 -9999 -9999 -9999 -9999 -9999 -9999 5.166 4.715 4.531 4.33 4.089 3.857 3.108 2.672 2.611 2.885 3.013 2.761 2.791 2.106 2.286 1.666 1.303 1.91 2.574 2.306 2.731 2.942 3.433 3.475 3.836 3.831 3.731 3.894 3.615 3.519 2.561 2.373 2.204 3.322 4.133 4.272 4.322 4.698 5.587 -9999 -9999 -9999 -9999 -9999 -9999 -9999 -9999 -9999 -9999 -9999 -9999 -9999 -9999 -9999 -9999 -9999 -9999 -9999 -9999 -9999 -9999 -9999
4.613 4.617 4.626 5.77 -9999 -9999 -9999 -9999 -9999 -9999 -9999 -9999 -9999 5.476 5.274 4.897 4.377 3.864 3.554 3.703 3.683 3.524 3.302 3.644 3.187 2.362 2.447 2.476 2.51 2.86 2.373 1.485 2.765 2.611 2.62 2.772 3.161 3.507 3.867 3.379 3.488 3.667 3.533 3.299 2.679 2.559 2.507 2.601 3.335 4.324 4.502 4.377 4.688 5.236 -9999 -9999 -9999 -9999 -9999 -9999 -9999 -9999 -9999 -9999 -9999 -9999 -9999 -9999 -9999 -9999 -9999 -9999 -9999 -9999 -9999 -9999 -9999
4.641 5.126 5.908 -9999 -9999 -9999 -9999 -9999 -9999 -9999 -9999 -9999 -9999 5.401 5.275 4.751 3.971 3.531 3.583 3.001 2.645 2.725 2.694 3.007 3.12 3.225 3.022 2.59 2.932 3.381 3.016 2.649 2.023 2.529 2.364 2.973 3.3 3.872 3.476 3.317 3.376 3.283 2.872 2.35 2.158 2.625 2.977 3.307 3.832 3.831 3.832 4.155 4.539 5.09 -9999 -9999 -9999 -9999 -9999 -9999 -9999 -9999 -9999 -9999 -9999 -9999 -9999 -9999 -9999 -9999 -9999 -9999 -9999 -9999 -9999 -9999 -9999
-9999 -9999 -9999 -9999 -9999 -9999 -9999 -9999 -9999 -9999 -9999 -9999 -9999 5.3 4.978 4.016 3.823 3.592 3.346 2.499 2.43 1.872 2.256 2.636 3.096 3.301 2.963 1.782 2.351 3.588 3.6 2.353 2.323 2.616 2.71 2.666 3.337 2.899 2.726 2.969 2.584 2.272 1.946 2.734 2.903 2.992 3.092 3.299 4.07 4.204 4.016 4.172 4.701 5.179 -9999 -9999 -9999 -9999 -9999 -9999 -9999 -9999 -9999 -9999 -9999 -9999 -9999 -9999 -9999 -9999 -9999 -9999 -9999 -9999 -9999 -9999 -9999
-9999 -9999 -9999 -9999 -9999 -9999 -9999 -9999 -9999 -9999 -9999 -9999 5.193 4.566 3.766 3.796 3.35 3.491 3.378 3.201 2.23 2.275 2.183 2.577 2.939 3.849 3.388 2.805 3.026 3.566 3.71 3.252 3.046 2.942 2.773 2.809 2.366 3.016 3.238 2.955 2.636 1.63 2.468 2.395 2.849 3.318 3.175 3.339 3.33 4.043 4.361 4.557 4.846 5.175 -9999 -9999 -9999 -9999 -9999 -9999 -9999 -9999 -9999 -9999 -9999 -9999 -9999 -9999 -9999 -9999 -9999 -9999 -9999 -9999 -9999 -9999 -9999
-9999 -9999 -9999 -9999 -9999 -9999 -9999 -9999 -9999 -9999 -9999 -9999 4.631 4.112 3.696 2.857 3.084 3.535 3.44 2.667 3.26 2.804 2.673 3.056 3.551 4.446 4.245 3.661 3.375 3.497 4.189 3.809 3.597 3.469 3.355 2.608 3.47 2.916 3.254 3.205 1.889 2.967 2.544 2.713 3.192 3.156 3.564 3.465 3.195 3.702 4.209 4.462 4.83 5.21 -9999 -9999 -9999 -9999 -9999 -9999 -9999 -9999 -9999 -9999 -9999 -9999 -9999 -9999 -9999 -9999 -9999 -9999 -9999 -9999 -9999 -9999 -9999
-9999 -9999 -9999 -9999 -9999 -9999 -9999 -9999 -9999 -9999 -9999 4.976 4.225 4.208 3.241 3.448 3.114 2.275 2.747 3.275 3.525 3.094 3.327 3.527 3.626 4.041 4.116 3.805 3.82 4.569 4.527 4.124 3.61 3.533 2.82 3.7 3.389 2.951 3.624 2.592 2.466 3.119 3.357 3.578 3.175 3.236 3.399 3.265 3.659 4.02 4.357 4.572 4.821 5.149 5.439 -9999 -9999 -9999 -9999 -9999 -9999 -9999 -9999 -9999 -9999 -9999 -9999 -9999 -9999 -9999 -9999 -9999 -9999 -9999 -9999 -9999 -9999
-9999 -9999 -9999 -9999 -9999 -9999 -9999 -9999 -9999 -9999 4.987 4.588 4.314 4.255 4.077 3.863 3.166 3.177 3.034 2.739 3.899 3.878 3.785 3.568 3.627 3.933 4.251 4.639 4.806 4.501 4.719 4.347 3.891 3.559 3.773 4.03 3.711 3.681 3.858 2.782 2.481 2.814 3.002 3.179 3.291 3.612 3.614 3.441 3.946 4.195 4.36 4.521 4.842 5.109 5.442 -9999 -9999 -9999 -9999 -9999 -9999 -9999 -9999 -9999 -9999 -9999 -9999 -9999 -9999 -9999 -9999 -9999 -9999 -9999 -9999 -9999 -9999
-9999 -9999 -9999 -9999 -9999 -9999 -9999 -9999 -9999 -9999 4.83 3.516 4.139 4.267 4.331 4.461 3.804 2.596 2.733 3.793 4.056 4.276 4.116 3.955 3.801 3.656 4.765 5.127 4.933 4.893 4.481 4.485 4.032 4.119 4.083 4.319 4.078 4.113 3.634 3.284 2.86 2.757 2.983 3.092 3.642 3.979 3.849 3.83 3.877 4.07 4.382 4.707 4.798 5.002 5.322 -9999 -9999 -9999 -9999 -9999 -9999 -9999 -9999 -9999 -9999 -9999 -9999 -9999 -9999 -9999 -9999 -9999 -9999 -9999 -9999 -9999 -9999
-9999 -9999 -9999 -9999 -9999 -9999 -9999 -9999 -9999 5.151 3.84 3.953 4.007 4.161 4.503 4.655 3.809 3.294 3.628 3.692 4.138 4.291 4.427 4.098 3.747 4.421 4.683 4.94 5.3 4.876 4.805 4.599 4.611 4.475 4.521 4.64 4.552 4.096 4.195 3.634 2.897 3.107 3.119 3.317 3.46 3.911 4.045 4.36 4.06 4.095 4.372 4.729 4.944 4.965 5.17 5.627 -9999 -9999 -9999 -9999 -9999 -9999 -9999 -9999 -9999 -9999 -9999 -9999 -9999 -9999 -9999 -9999 -9999 -9999 -9999 -9999 -9999
-9999 -9999 -9999 -9999 -9999 -9999 -9999 -9999 5.411 -9999 4.645 4.093 4.07 4.211 4.635 4.967 4.556 4.493 3.986 3.464 3.994 4.441 4.593 4.533 4.511 4.636 4.73 4.982 5.196 4.971 5.162 5.072 4.984 4.896 4.987 5.047 4.925 4.717 4.379 3.934 3.869 3.583 3.521 3.526 3.867 4.259 4.78 4.181 3.828 4.159 4.464 4.712 4.913 5.068 5.214 5.46 -9999 -9999 -9999 -9999 -9999 -9999 -9999 -9999 -9999 -9999 -9999 -9999 -9999 -9999 -9999 -9999 -9999 -9999 -9999 -9999 -9999
