Validation/Results/ReClimate_07_2024_2.asc
NCOLS 192
NROWS 249
XLLCENTER -225160.85627316462
YLLCENTER 29788.11610251502
CELLSIZE 5000.0
NODATA_VALUE -9999
[rows 66 to 98 of 249, columns 74 to 147 of 192]
-9999 -9999 -9999 -9999 -9999 -9999 -9999 -9999 -9999 -9999 -9999 99.487 -9999 98.867 98.239 98.385 98.049 98.16 98.247 98.685 99.471 99.235 98.444 98.43 98.237 97.558 97.007 96.508 96.688 97.093 97.403 98.241 -9999 -9999 -9999 -9999 -9999 -9999 -9999 -9999 -9999 -9999 -9999 -9999 -9999 -9999 -9999 -9999 -9999 -9999 -9999 -9999 -9999 -9999 -9999 -9999 -9999 -9999 -9999 -9999 -9999 -9999 -9999 -9999 -9999 -9999 -9999 -9999 -9999 -9999 -9999 -9999 -9999 -9999
-9999 -9999 -9999 -9999 -9999 -9999 -9999 -9999 -9999 -9999 -9999 -9999 99.001 98.708 98.783 98.618 98.648 98.791 99.036 99.556 99.858 99.11 98.193 98.256 98.678 98.496 98.755 98.878 98.955 99.185 -9999 -9999 -9999 -9999 -9999 -9999 -9999 -9999 -9999 -9999 -9999 -9999 -9999 -9999 -9999 -9999 -9999 -9999 -9999 -9999 -9999 -9999 -9999 -9999 -9999 -9999 -9999 -9999 -9999 -9999 -9999 -9999 -9999 -9999 -9999 -9999 -9999 -9999 -9999 -9999 -9999 -9999 -9999 -9999
-9999 -9999 -9999 -9999 -9999 -9999 -9999 -9999 -9999 -9999 -9999 -9999 98.366 98.789 99.059 98.884 98.371 98.444 98.293 98.765 99.595 99.08 98.95 99.108 98.948 98.916 98.474 98.68 99.119 99.455 -9999 -9999 -9999 -9999 -9999 -9999 -9999 -9999 -9999 -9999 -9999 -9999 -9999 -9999 -9999 -9999 -9999 -9999 -9999 -9999 -9999 -9999 -9999 -9999 -9999 -9999 -9999 -9999 -9999 -9999 -9999 -9999 -9999 -9999 -9999 -9999 -9999 -9999 -9999 -9999 -9999 -9999 -9999 -9999
-9999 -9999 -9999 -9999 -9999 -9999 -9999 -9999 -9999 -9999 -9999 -9999 -9999 -9999 99.408 98.979 98.525 98.267 97.776 98.548 99.46 99.545 99.938 99.651 99.1 98.938 99.104 99.455 -9999 -9999 -9999 -9999 -9999 -9999 -9999 -9999 -9999 -9999 -9999 -9999 -9999 -9999 -9999 -9999 -9999 -9999 -9999 -9999 -9999 -9999 -9999 -9999 -9999 -9999 -9999 -9999 -9999 -9999 -9999 -9999 -9999 -9999 -9999 -9999 -9999 -9999 -9999 -9999 -9999 -9999 -9999 -9999 -9999 -9999
-9999 -9999 -9999 -9999 -9999 -9999 -9999 -9999 99.827 -9999 -9999 98.687 97.236 98.053 98.867 98.74 99.004 98.652 98.372 99.076 99.694 99.706 99.195 98.601 97.766 98.337 99.626 99.89 -9999 -9999 -9999 -9999 -9999 -9999 -9999 -9999 -9999 -9999 -9999 -9999 -9999 -9999 -9999 -9999 -9999 -9999 -9999 -9999 -9999 -9999 -9999 -9999 -9999 -9999 -9999 -9999 -9999 -9999 -9999 -9999 -9999 -9999 -9999 -9999 -9999 -9999 -9999 -9999 -9999 -9999 -9999 -9999 -9999 -9999
-9999 -9999 -9999 -9999 -9999 -9999 99.901 99.74 99.256 99.176 98.963 96.967 93.696 94.779 96.522 97.076 98.169 98.105 98.304 98.482 98.107 97.58 96.87 96.907 98.137 99.235 100.398 100.428 -9999 -9999 -9999 -9999 -9999 -9999 -9999 -9999 -9999 -9999 -9999 -9999 -9999 -9999 -9999 -9999 -9999 -9999 -9999 -9999 -9999 -9999 -9999 -9999 -9999 -9999 -9999 -9999 -9999 -9999 -9999 -9999 -9999 -9999 -9999 -9999 -9999 -9999 -9999 -9999 -9999 -9999 -9999 -9999 -9999 -9999
-9999 -9999 -9999 -9999 -9999 -9999 99.857 99.331 -9999 99.307 99.211 97.101 95.981 97.141 97.838 98.358 98.235 98.607 99.313 98.757 97.782 97.617 98.138 99.124 100.067 100.55 100.246 -9999 100.191 -9999 -9999 -9999 -9999 -9999 -9999 -9999 -9999 -9999 -9999 -9999 -9999 -9999 -9999 -9999 -9999 -9999 -9999 -9999 -9999 -9999 -9999 -9999 -9999 -9999 -9999 -9999 -9999 -9999 -9999 -9999 -9999 -9999 -9999 -9999 -9999 -9999 -9999 -9999 -9999 -9999 -9999 -9999 -9999 -9999
-9999 -9999 -9999 -9999 -9999 -9999 -9999 99.737 99.256 99.075 98.744 98.04 97.681 98.112 98.302 98.249 98.278 99.105 100.348 99.483 98.508 98.819 98.931 99.815 100.878 100.654 100.467 100.242 99.563 -9999 -9999 -9999 -9999 -9999 -9999 -9999 -9999 -9999 -9999 -9999 -9999 -9999 -9999 -9999 -9999 -9999 -9999 -9999 -9999 -9999 -9999 -9999 -9999 -9999 -9999 -9999 -9999 -9999 -9999 -9999 -9999 -9999 -9999 -9999 -9999 -9999 -9999 -9999 -9999 -9999 -9999 -9999 -9999 -9999
100.176 -9999 -9999 -9999 -9999 -9999 -9999 -9999 99.086 98.799 98.527 98.538 99.035 99.012 98.679 98.918 99.511 99.801 98.89 98.42 98.515 98.546 98.489 99.253 99.832 99.644 99.397 99.308 99.856 -9999 -9999 -9999 -9999 -9999 -9999 -9999 -9999 -9999 -9999 -9999 -9999 -9999 -9999 -9999 -9999 -9999 -9999 -9999 -9999 -9999 -9999 -9999 -9999 -9999 -9999 -9999 -9999 -9999 -9999 -9999 -9999 -9999 -9999 -9999 -9999 -9999 -9999 -9999 -9999 -9999 -9999 -9999 -9999 -9999
100.046 -9999 -9999 -9999 -9999 -9999 100.07 99.48 98.995 98.117 98.408 98.946 99.682 99.572 99.716 100.078 100.231 99.486 98.754 98.707 98.462 98.648 99.238 99.646 99.963 99.635 -9999 99.963 -9999 -9999 -9999 -9999 -9999 -9999 100.009 100.004 100.028 -9999 -9999 -9999 -9999 -9999 -9999 -9999 -9999 -9999 -9999 -9999 -9999 -9999 -9999 -9999 -9999 -9999 -9999 -9999 -9999 -9999 -9999 -9999 -9999 -9999 -9999 -9999 -9999 -9999 -9999 -9999 -9999 -9999 -9999 -9999 -9999 -9999
100.314 100.336 -9999 -9999 -9999 -9999 -9999 99.682 99.356 99.518 99.441 99.385 99.31 99.572 100.052 100.151 100.196 99.286 97.871 97.913 98.361 98.721 98.883 99.31 100.033 99.884 100.242 -9999 -9999 -9999 -9999 100.307 100.314 100.154 99.973 99.998 100.03 100.088 100.158 100.074 99.994 100.288 100.574 100.463 100.369 100.369 100.368 100.366 100.343 99.549 98.853 99.571 100.283 -9999 -9999 -9999 -9999 -9999 -9999 -9999 -9999 -9999 -9999 -9999 -9999 -9999 -9999 -9999 -9999 -9999 -9999 -9999 -9999 -9999
99.642 99.711 -9999 -9999 -9999 100.402 -9999 100.06 100.048 99.907 99.255 99.38 99.855 100.006 99.738 99.707 99.546 98.214 96.609 97.836 100.488 100.424 100.034 100.3 100.034 100.312 -9999 -9999 -9999 -9999 100.334 100.336 100.349 99.733 98.333 98.281 98.086 98.305 98.79 98.834 99.068 99.382 99.792 99.553 99.057 99.221 99.662 99.657 99.675 98.932 98.02 98.719 99.925 -9999 -9999 -9999 -9999 -9999 -9999 -9999 -9999 -9999 -9999 -9999 -9999 -9999 -9999 -9999 -9999 -9999 -9999 -9999 -9999 -9999
99.615 99.798 -9999 -9999 -9999 100.539 100.43 100.344 100.204 99.879 99.639 100.01 100.35 100.041 99.848 99.437 98.549 97.93 98.477 100.078 100.717 100.21 99.399 99.363 99.635 -9999 -9999 100.452 100.352 100.309 100.364 100.377 100.391 99.593 99.369 99.276 99.288 99.367 98.903 98.999 98.931 99.198 99.351 99.117 99.164 99.417 99.488 99.498 99.496 99.027 99.013 98.793 99.074 100.062 -9999 -9999 -9999 -9999 -9999 -9999 -9999 -9999 -9999 -9999 -9999 -9999 -9999 -9999 -9999 -9999 -9999 -9999 -9999 -9999
100.616 100.741 -9999 100.784 -9999 99.811 99.488 99.721 100.552 100.372 100.23 100.413 100.367 100.203 100.073 98.722 96.334 97.266 98.983 99.535 100.138 99.709 99.683 99.806 99.767 -9999 100.475 100.397 97.882 98.283 99.372 99.17 98.608 98.739 99.395 99.538 99.897 99.335 98.456 98.567 98.956 99.233 99.767 99.584 99.022 99.233 99.705 99.651 99.503 99.669 100.136 99.88 99.592 99.933 -9999 -9999 -9999 -9999 -9999 -9999 -9999 -9999 -9999 -9999 -9999 -9999 -9999 -9999 -9999 -9999 -9999 -9999 -9999 -9999
101.038 -9999 100.951 -9999 -9999 -9999 99.297 100.001 100.746 100.512 100.095 100.188 100.447 100.402 100.404 98.639 97.893 98.888 99.173 99.41 99.222 99.381 99.847 99.981 100.4 100.311 100.42 99.499 99.595 100.005 99.639 99.293 99.14 99.553 99.756 99.7 99.049 98.377 97.776 98.233 98.926 99.39 99.901 99.353 98.645 99.234 100.171 99.984 99.679 100.073 100.49 100.263 99.954 100.241 -9999 -9999 -9999 -9999 -9999 -9999 -9999 -9999 -9999 -9999 -9999 -9999 -9999 -9999 -9999 -9999 -9999 -9999 -9999 -9999
101.153 101.106 -9999 -9999 -9999 -9999 100.334 100.759 100.88 -9999 99.697 99.769 99.614 99.868 100.306 99.944 100.041 100.109 99.888 99.335 98.109 97.931 96.825 97.814 99.879 99.682 99.305 99.443 99.692 99.593 99.861 99.792 99.846 100.094 100.479 99.366 97.264 97.061 97.34 97.825 98.174 98.673 99.314 98.852 98.578 99.401 100.332 100.153 100.086 100.335 100.427 100.307 100.213 100.256 -9999 -9999 -9999 -9999 -9999 -9999 -9999 -9999 -9999 -9999 -9999 -9999 -9999 -9999 -9999 -9999 -9999 -9999 -9999 -9999
101.262 101.214 -9999 -9999 -9999 100.885 -9999 -9999 100.817 100.245 99.696 99.737 100.065 100.408 100.556 100.57 100.514 99.767 98.079 97.572 97.891 97.744 98.87 99.987 100.133 99.989 100.135 99.669 98.087 98.815 100.415 100.165 99.445 99.643 99.641 98.415 98.009 98.217 98.39 98.674 98.953 99.177 98.892 98.864 99.166 99.604 99.5 99.563 99.824 99.811 99.644 100.074 99.969 -9999 -9999 -9999 -9999 -9999 -9999 -9999 -9999 -9999 -9999 -9999 -9999 -9999 -9999 -9999 -9999 -9999 -9999 -9999 -9999 -9999
101.153 101.166 101.27 101.224 -9999 -9999 -9999 100.787 100.582 -9999 100.418 100.489 100.237 100.316 100.331 100.314 100.28 98.625 97.252 97.355 97.189 98.51 100.477 99.994 98.511 99.09 100.451 99.44 98.917 100.102 101.085 100.487 99.896 99.609 98.856 98.559 98.316 98.141 97.427 97.933 98.91 98.666 98.401 98.632 98.836 98.875 99.125 99.322 99.491 99.675 100.406 99.514 -9999 -9999 -9999 -9999 -9999 -9999 -9999 -9999 -9999 -9999 -9999 -9999 -9999 -9999 -9999 -9999 -9999 -9999 -9999 -9999 -9999 -9999
101.237 101.315 101.371 101.323 -9999 100.873 100.554 100.749 100.781 100.844 100.901 100.582 100.09 100.149 100.292 100.283 100.058 99.235 98.964 98.851 98.782 99.775 99.707 99.157 99.724 100.208 99.644 99.434 99.6 99.995 99.705 99.634 100.275 99.403 98.119 97.632 96.651 96.946 98.729 99.395 99.839 99.82 100.136 99.919 99.044 99.252 99.468 99.557 99.561 100.178 100.837 99.893 -9999 -9999 -9999 -9999 -9999 -9999 -9999 -9999 -9999 -9999 -9999 -9999 -9999 -9999 -9999 -9999 -9999 -9999 -9999 -9999 -9999 -9999
101.225 101.313 101.44 101.399 101.374 101.088 101.185 -9999 101.148 100.955 100.381 100.052 99.865 99.837 99.579 99.546 99.596 99.387 99.242 99.356 99.757 99.013 97.123 97.691 98.43 97.992 97.596 97.955 98.699 98.449 98.187 98.844 99.732 98.517 97.044 96.27 95.54 97.51 100.357 100.728 101.113 101.259 101.216 100.579 100.066 100.199 100.257 100.253 100.234 100.603 100.689 -9999 -9999 -9999 -9999 -9999 -9999 -9999 -9999 -9999 -9999 -9999 -9999 -9999 -9999 -9999 -9999 -9999 -9999 -9999 -9999 -9999 -9999 -9999
101.052 -9999 -9999 -9999 101.469 101.261 -9999 101.324 101.31 100.927 100.712 100.567 100.452 100.177 99.813 99.717 99.402 99.383 99.565 99.828 99.983 98.97 98.872 99.285 99.379 99.246 99.442 99.742 99.522 99.035 98.1 98.782 99.395 98.715 98.94 98.397 97.959 99.228 98.707 99.43 100.852 100.822 100.798 100.293 99.637 99.78 100.085 100.168 100.417 100.228 99.508 -9999 -9999 -9999 -9999 -9999 -9999 -9999 -9999 -9999 -9999 -9999 -9999 -9999 -9999 -9999 -9999 -9999 -9999 -9999 -9999 -9999 -9999 -9999
-9999 -9999 -9999 101.513 100.964 -9999 101.314 101.331 -9999 101.173 100.896 100.893 101.058 100.864 100.848 100.374 99.545 99.62 99.592 99.308 98.37 98.285 98.203 98.596 99.526 99.997 101.0 100.827 100.676 98.425 93.678 93.898 93.643 94.863 97.847 98.02 99.113 98.723 98.39 99.659 101.118 101.026 100.808 99.841 98.13 98.853 100.392 100.203 99.338 98.698 98.125 -9999 -9999 -9999 -9999 -9999 -9999 -9999 -9999 -9999 -9999 -9999 -9999 -9999 -9999 -9999 -9999 -9999 -9999 -9999 -9999 -9999 -9999 -9999
-9999 -9999 -9999 101.436 -9999 -9999 101.321 101.391 101.479 101.14 100.64 100.844 101.165 101.172 101.218 100.282 98.932 99.134 99.739 99.38 99.748 99.557 99.168 99.699 99.844 100.264 100.018 99.981 100.095 97.587 97.417 97.504 98.035 99.187 98.629 99.177 99.155 98.857 98.514 99.263 99.263 99.354 99.903 98.762 98.048 99.357 100.778 99.831 98.461 97.816 97.248 -9999 -9999 -9999 -9999 -9999 -9999 -9999 -9999 -9999 -9999 -9999 -9999 -9999 -9999 -9999 -9999 -9999 -9999 -9999 -9999 -9999 -9999 -9999
-9999 -9999 -9999 -9999 -9999 -9999 -9999 100.942 99.713 99.537 99.764 100.182 100.862 101.02 101.382 100.663 100.618 100.908 100.866 100.842 100.304 100.267 100.714 100.863 101.072 100.665 99.921 99.735 99.085 98.766 98.153 99.106 100.767 100.346 99.884 99.646 99.849 99.155 97.765 97.896 98.252 98.542 98.564 98.585 99.638 100.521 100.944 100.074 99.619 98.622 -9999 -9999 -9999 -9999 -9999 -9999 -9999 -9999 -9999 -9999 -9999 -9999 -9999 -9999 -9999 -9999 -9999 -9999 -9999 -9999 -9999 -9999 -9999 -9999
-9999 -9999 -9999 -9999 -9999 101.433 101.318 -9999 99.488 99.774 100.235 100.626 100.739 101.073 101.48 101.435 101.391 101.348 101.307 100.725 99.944 100.252 100.472 100.569 100.551 100.261 100.518 100.099 99.88 99.324 98.683 99.166 98.046 98.298 99.318 99.288 98.517 97.168 98.628 99.062 99.744 99.779 99.844 100.168 99.58 100.117 100.991 100.687 100.496 98.743 -9999 -9999 -9999 -9999 -9999 -9999 -9999 -9999 -9999 -9999 -9999 -9999 -9999 -9999 -9999 -9999 -9999 -9999 -9999 -9999 -9999 -9999 -9999 -9999
-9999 -9999 -9999 -9999 101.814 101.591 101.416 100.929 100.843 101.063 101.037 101.06 100.985 101.287 101.539 101.494 101.45 101.322 101.054 100.63 100.606 100.282 99.127 99.215 99.485 99.428 98.929 98.904 99.148 99.029 99.603 98.669 97.711 98.132 97.641 96.684 93.981 95.647 97.67 96.45 95.853 96.627 98.64 98.171 97.718 98.773 100.424 100.447 100.776 -9999 -9999 -9999 -9999 -9999 -9999 -9999 -9999 -9999 -9999 -9999 -9999 -9999 -9999 -9999 -9999 -9999 -9999 -9999 -9999 -9999 -9999 -9999 -9999 -9999
-9999 -9999 -9999 -9999 101.972 -9999 101.667 101.45 101.023 101.058 101.208 101.075 100.836 101.136 101.594 101.548 101.505 101.276 101.049 100.973 100.828 100.163 99.999 99.964 99.506 99.361 99.671 99.765 99.689 99.957 99.888 99.37 99.31 98.897 98.463 97.569 98.081 99.153 97.888 96.752 94.526 96.434 98.806 98.592 98.644 99.607 99.922 100.23 100.609 -9999 -9999 -9999 -9999 -9999 -9999 -9999 -9999 -9999 -9999 -9999 -9999 -9999 -9999 -9999 -9999 -9999 -9999 -9999 -9999 -9999 -9999 -9999 -9999 -9999
-9999 -9999 -9999 -9999 -9999 -9999 101.929 101.562 101.196 101.373 101.654 101.411 101.107 101.106 100.473 100.533 100.769 100.846 101.38 101.197 100.93 100.595 99.949 99.478 98.857 99.342 100.226 100.204 100.257 100.29 100.483 100.052 98.978 98.808 98.955 99.18 99.072 98.527 97.871 97.145 97.775 98.207 99.964 100.023 100.109 100.357 100.592 100.793 100.808 -9999 -9999 -9999 -9999 -9999 -9999 -9999 -9999 -9999 -9999 -9999 -9999 -9999 -9999 -9999 -9999 -9999 -9999 -9999 -9999 -9999 -9999 -9999 -9999 -9999
-9999 -9999 -9999 -9999 101.596 101.966 102.032 101.681 101.274 101.535 101.859 101.657 101.547 -9999 100.182 100.527 101.136 101.439 101.526 101.336 101.215 100.693 100.214 99.794 99.538 99.871 99.55 99.377 98.847 99.378 100.55 99.618 98.604 98.548 98.194 98.247 98.539 97.875 97.011 98.312 99.51 100.271 99.909 99.937 99.893 100.284 101.019 100.753 100.249 -9999 -9999 -9999 -9999 -9999 -9999 -9999 -9999 -9999 -9999 -9999 -9999 -9999 -9999 -9999 -9999 -9999 -9999 -9999 -9999 -9999 -9999 -9999 -9999 -9999
101.832 101.874 101.928 101.571 -9999 101.358 101.777 101.525 101.434 101.681 101.907 101.79 -9999 100.713 99.296 99.914 100.737 100.781 100.792 100.849 101.184 100.906 100.848 100.626 100.396 100.247 100.301 99.933 99.69 100.381 100.622 100.046 99.909 99.671 99.524 99.859 100.364 99.674 99.027 100.263 100.93 100.731 100.799 100.9 100.647 101.059 101.152 99.601 -9999 -9999 -9999 -9999 -9999 -9999 -9999 -9999 -9999 -9999 -9999 -9999 -9999 -9999 -9999 -9999 -9999 -9999 -9999 -9999 -9999 -9999 -9999 -9999 -9999 -9999
101.852 101.875 101.793 101.498 101.269 -9999 101.564 101.494 101.433 101.656 101.953 101.734 101.361 100.549 100.356 100.742 100.653 100.736 100.958 101.095 101.012 100.731 100.079 99.951 99.937 99.956 99.945 99.885 100.072 100.074 99.751 99.772 100.026 99.84 99.548 99.919 100.223 99.711 99.238 99.943 100.941 100.974 101.211 101.012 100.856 99.965 -9999 -9999 -9999 -9999 -9999 -9999 -9999 -9999 -9999 -9999 -9999 -9999 -9999 -9999 -9999 -9999 -9999 -9999 -9999 -9999 -9999 -9999 -9999 -9999 -9999 -9999 -9999 -9999
-9999 -9999 -9999 101.086 -9999 101.293 101.19 101.12 100.985 101.335 -9999 -9999 100.324 100.357 100.731 100.661 100.614 100.81 101.044 101.108 101.409 100.938 100.599 100.405 99.914 99.805 99.538 99.812 100.3 100.297 100.748 100.867 100.841 100.54 100.138 100.448 100.868 100.614 100.594 101.097 101.086 101.143 101.13 101.038 100.988 -9999 -9999 -9999 -9999 -9999 -9999 -9999 -9999 -9999 -9999 -9999 -9999 -9999 -9999 -9999 -9999 -9999 -9999 -9999 -9999 -9999 -9999 -9999 -9999 -9999 -9999 -9999 -9999 -9999
101.172 100.664 -9999 101.275 101.441 101.366 101.281 101.243 101.296 -9999 -9999 101.669 101.029 101.186 101.107 100.936 100.561 100.561 100.252 100.707 101.521 101.281 101.13 100.765 100.475 100.407 100.604 100.799 100.657 100.987 101.261 101.218 101.144 100.776 100.346 100.746 101.247 101.229 101.217 101.199 101.189 101.178 101.166 101.154 101.081 99.781 -9999 -9999 -9999 -9999 -9999 -9999 -9999 -9999 -9999 -9999 -9999 -9999 -9999 -9999 -9999 -9999 -9999 -9999 -9999 -9999 -9999 -9999 -9999 -9999 -9999 -9999 -9999 -9999
