Validation/Results/ReClimate_06_2024_2_Temperature-Actuals.asc
NCOLS 192
NROWS 249
XLLCENTER -225160.85627316462
YLLCENTER 29788.11610251502
CELLSIZE 5000.0
NODATA_VALUE -9999
[rows 204 to 237 of 249, columns 75 to 149 of 192]
-9999 -9999 -9999 -9999 16.699 -9999 16.689 16.658 16.557 16.15 16.014 15.913 16.09 16.199 16.113 16.089 15.831 16.402 16.31 16.408 16.603 16.785 16.673 16.788 16.412 15.994 14.776 14.169 15.699 15.553 15.674 15.164 15.738 16.714 15.994 14.645 16.234 16.598 16.583 16.666 17.318 17.854 17.764 17.494 17.625 18.026 18.192 18.273 18.265 18.219 17.494 17.061 16.99 17.317 17.547 17.709 17.615 17.303 17.397 17.586 17.773 17.854 17.856 17.77 17.633 17.708 17.853 17.881 18.004 18.076 18.041 18.15 18.143 18.182 18.318
-9999 -9999 -9999 -9999 -9999 -9999 -9999 -9999 16.353 16.569 16.435 16.313 16.441 16.476 16.436 16.306 16.669 16.643 16.731 16.789 16.667 16.718 16.404 16.478 16.003 15.282 14.393 14.666 14.592 14.956 14.272 14.497 16.186 16.14 15.886 16.799 16.168 16.524 17.134 17.419 17.757 17.504 17.272 16.935 17.456 18.054 18.24 18.376 18.468 17.825 17.055 16.934 17.005 17.43 17.523 17.699 17.577 17.664 17.701 17.901 18.077 18.133 18.033 17.883 17.817 17.883 18.056 18.153 18.081 17.977 17.852 17.935 18.169 18.173 18.281
-9999 -9999 -9999 -9999 -9999 -9999 -9999 -9999 16.6 16.564 16.529 16.627 16.302 16.131 16.011 16.391 16.664 16.799 16.996 16.619 16.43 16.612 16.763 16.932 16.467 16.277 16.076 15.791 15.472 15.244 14.683 15.144 14.965 15.666 16.25 15.807 15.571 17.155 17.458 17.64 17.261 17.277 16.763 17.064 17.496 18.094 18.248 18.136 17.35 16.928 17.008 17.207 17.156 17.353 17.539 17.658 17.827 17.725 17.998 18.19 18.382 18.407 18.174 17.954 17.847 17.959 18.178 18.235 18.108 17.748 17.818 17.889 17.961 18.174 18.266
-9999 -9999 -9999 -9999 -9999 -9999 16.931 16.859 16.742 16.759 -9999 16.704 16.58 16.418 16.638 16.734 16.922 -9999 17.026 16.751 16.874 16.507 17.133 16.42 16.542 16.369 16.13 16.073 16.377 15.958 15.656 15.606 15.652 15.961 16.247 15.222 16.255 17.343 17.325 17.608 17.481 16.971 17.068 17.348 17.741 17.982 18.021 17.419 17.348 17.045 17.176 17.156 17.388 17.512 17.613 17.815 18.024 18.085 18.202 18.222 18.499 18.483 18.333 18.15 18.11 18.116 18.171 18.102 17.834 17.743 17.721 17.966 18.024 18.146 18.272
-9999 -9999 -9999 -9999 -9999 -9999 16.955 -9999 -9999 -9999 16.992 16.858 16.706 -9999 -9999 -9999 -9999 -9999 17.089 17.027 16.75 17.537 17.294 17.149 17.005 16.717 16.827 16.775 15.109 15.205 16.305 16.416 16.416 16.303 15.792 15.876 17.1 17.246 17.629 17.61 16.955 17.186 17.332 17.837 17.879 17.999 17.763 17.431 17.472 17.227 17.418 17.561 17.58 17.7 17.888 18.015 18.167 18.217 18.289 18.303 18.383 18.516 18.229 18.191 18.147 18.166 18.04 17.984 17.846 17.695 17.832 18.122 18.213 18.339 18.332
-9999 -9999 -9999 -9999 -9999 -9999 -9999 -9999 16.898 16.878 16.799 16.934 16.697 -9999 -9999 -9999 -9999 -9999 -9999 -9999 -9999 17.97 17.859 17.769 17.779 17.362 16.954 15.233 14.705 14.978 15.559 16.162 16.36 16.425 16.543 16.534 16.913 17.627 17.715 16.822 17.072 17.22 18.082 18.076 18.031 18.091 17.446 17.433 17.33 17.409 17.616 17.782 17.83 17.889 17.952 18.062 18.03 18.114 18.25 18.428 18.445 18.432 18.224 18.105 17.914 17.858 18.099 17.929 17.84 17.9 18.069 18.253 18.521 18.555 18.533
-9999 -9999 -9999 -9999 -9999 -9999 -9999 -9999 -9999 16.823 -9999 -9999 -9999 -9999 -9999 -9999 -9999 -9999 -9999 17.12 17.522 17.66 17.635 18.004 18.04 17.74 16.922 15.957 15.065 15.141 15.902 16.893 16.738 16.403 16.672 16.989 17.755 18.079 17.731 17.376 17.516 17.977 -9999 18.13 18.074 17.785 17.084 17.077 17.336 17.534 17.765 17.84 17.93 17.902 17.938 17.947 18.061 18.09 18.23 18.356 18.407 18.23 18.079 17.889 17.617 17.641 17.797 18.204 18.088 18.081 18.298 18.347 18.53 18.739 18.701
-9999 -9999 -9999 -9999 -9999 -9999 -9999 -9999 -9999 -9999 -9999 -9999 -9999 -9999 -9999 -9999 -9999 -9999 -9999 17.152 17.405 17.694 17.717 -9999 -9999 -9999 17.641 16.505 16.616 16.471 17.018 17.032 16.541 16.811 17.566 17.864 18.008 18.213 17.99 18.048 18.162 -9999 18.182 17.904 17.951 17.423 17.007 17.323 17.493 17.722 17.778 17.762 17.878 17.936 17.943 17.975 17.862 17.838 17.938 17.983 18.122 18.168 17.917 17.548 17.584 17.616 17.868 18.233 18.406 18.301 18.503 18.737 18.803 18.979 19.049
-9999 -9999 -9999 -9999 -9999 -9999 -9999 -9999 -9999 -9999 -9999 -9999 -9999 -9999 -9999 -9999 -9999 -9999 -9999 -9999 -9999 -9999 -9999 -9999 -9999 -9999 18.271 17.659 17.016 17.17 17.498 17.528 17.422 17.758 18.03 18.107 18.145 18.164 18.212 -9999 -9999 18.495 18.164 18.035 17.924 17.425 17.228 17.433 17.579 17.812 17.97 17.79 17.845 17.912 17.695 17.552 17.548 17.503 17.332 17.523 17.646 17.824 17.883 17.71 17.655 17.897 17.876 18.178 18.559 18.582 18.689 18.847 19.051 19.155 19.243
-9999 -9999 -9999 -9999 -9999 -9999 -9999 -9999 -9999 -9999 -9999 -9999 -9999 -9999 -9999 -9999 -9999 -9999 -9999 -9999 -9999 -9999 -9999 -9999 -9999 -9999 18.062 17.764 17.498 17.485 17.531 17.686 17.939 18.096 18.187 18.253 -9999 -9999 -9999 -9999 -9999 18.562 18.18 18.137 17.946 17.483 17.281 17.427 17.493 17.822 18.035 17.843 17.535 17.592 17.348 17.253 17.271 17.424 17.4 17.297 17.547 17.602 17.952 18.14 18.026 18.282 18.29 18.381 18.62 18.753 18.999 19.258 19.212 19.131 19.278
-9999 -9999 -9999 -9999 -9999 -9999 -9999 -9999 -9999 -9999 -9999 -9999 -9999 -9999 -9999 -9999 -9999 -9999 -9999 -9999 -9999 -9999 -9999 -9999 -9999 -9999 -9999 -9999 17.691 17.363 17.606 17.834 17.827 18.022 18.243 -9999 -9999 -9999 -9999 18.15 18.011 17.844 18.239 18.22 17.979 17.353 17.281 17.28 17.394 17.718 17.891 17.579 17.169 16.998 17.152 17.171 17.369 17.413 17.672 17.646 17.649 17.869 17.975 18.302 18.498 18.475 18.482 18.507 18.551 18.552 18.865 19.252 19.363 19.247 19.189
-9999 -9999 -9999 -9999 -9999 -9999 -9999 -9999 -9999 -9999 -9999 -9999 -9999 -9999 -9999 -9999 -9999 -9999 -9999 -9999 -9999 -9999 -9999 -9999 -9999 -9999 -9999 -9999 -9999 17.846 17.892 17.848 17.818 18.115 -9999 -9999 -9999 -9999 18.165 18.071 17.741 17.709 17.872 18.07 18.0 17.698 17.728 17.367 17.439 17.607 17.444 17.338 17.197 16.876 17.008 17.257 17.528 17.688 17.804 17.911 17.86 17.858 18.036 18.274 18.407 18.393 18.197 18.326 18.47 18.446 18.566 18.958 19.196 19.245 19.268
-9999 -9999 -9999 -9999 -9999 -9999 -9999 -9999 -9999 -9999 -9999 -9999 -9999 -9999 -9999 -9999 -9999 -9999 -9999 -9999 -9999 -9999 -9999 -9999 -9999 -9999 -9999 -9999 -9999 -9999 -9999 -9999 -9999 -9999 -9999 -9999 -9999 18.223 18.303 18.244 17.858 17.633 17.96 17.977 17.754 17.884 17.724 17.67 17.91 17.755 17.547 17.424 17.397 17.331 17.156 17.287 17.478 17.382 17.587 17.681 17.758 17.798 17.853 18.103 18.237 18.166 18.044 17.989 18.269 18.416 18.477 18.613 18.84 18.898 18.972
-9999 -9999 -9999 -9999 -9999 -9999 -9999 -9999 -9999 -9999 -9999 -9999 -9999 -9999 -9999 -9999 -9999 -9999 -9999 -9999 -9999 -9999 -9999 -9999 -9999 -9999 -9999 -9999 -9999 -9999 -9999 -9999 -9999 -9999 -9999 -9999 18.54 18.419 18.142 17.821 16.774 17.372 17.874 17.726 17.683 17.684 17.678 18.011 18.039 17.968 17.792 17.655 17.797 17.587 17.352 17.093 17.252 17.382 17.062 17.332 17.517 17.728 17.907 18.063 18.199 18.191 18.155 18.226 18.155 18.225 18.378 18.454 18.505 18.519 18.286
-9999 -9999 -9999 -9999 -9999 -9999 -9999 -9999 -9999 -9999 -9999 -9999 -9999 -9999 -9999 -9999 -9999 -9999 -9999 -9999 -9999 -9999 -9999 -9999 -9999 -9999 -9999 -9999 -9999 -9999 -9999 -9999 -9999 -9999 -9999 -9999 18.476 18.326 18.31 17.571 17.074 16.92 17.203 17.443 17.576 17.466 17.843 17.942 17.915 17.578 17.384 17.396 17.654 17.772 17.586 17.483 17.286 17.379 17.461 17.398 17.552 17.676 17.884 18.115 18.254 18.301 18.23 18.263 18.23 18.118 18.205 18.232 17.986 17.995 17.92
-9999 -9999 -9999 -9999 -9999 -9999 -9999 -9999 -9999 -9999 -9999 -9999 -9999 -9999 -9999 -9999 -9999 -9999 -9999 -9999 -9999 -9999 -9999 14.967 14.79 14.836 15.237 -9999 16.353 -9999 -9999 -9999 -9999 -9999 -9999 -9999 -9999 18.336 18.231 17.91 17.591 17.376 17.134 17.147 17.267 17.61 17.716 17.739 17.404 17.214 17.444 17.477 17.612 17.686 17.656 17.745 17.82 17.835 17.753 17.808 17.71 17.609 17.539 17.802 18.11 18.176 18.092 18.123 18.071 18.005 18.13 18.085 17.819 17.777 17.984
-9999 -9999 -9999 -9999 -9999 -9999 -9999 -9999 -9999 -9999 -9999 -9999 -9999 -9999 -9999 -9999 -9999 -9999 -9999 -9999 16.724 16.375 15.561 14.677 14.229 14.383 14.76 15.176 16.12 17.203 17.804 -9999 -9999 17.378 17.893 18.143 18.305 18.303 18.235 18.24 18.069 17.856 17.554 17.243 17.368 17.587 17.567 17.149 17.362 17.56 17.428 17.63 17.779 17.882 17.816 17.812 17.914 17.994 18.152 18.071 17.896 17.711 17.686 17.587 17.703 17.957 18.035 18.112 18.264 18.047 18.123 17.671 17.587 17.736 17.991
-9999 -9999 -9999 -9999 -9999 -9999 -9999 -9999 -9999 -9999 -9999 -9999 -9999 -9999 -9999 -9999 -9999 -9999 -9999 16.638 16.664 16.727 16.042 15.038 14.379 14.398 14.711 15.291 15.967 16.577 17.189 17.287 17.191 17.288 17.411 18.057 18.212 18.285 18.156 18.007 18.164 17.991 17.52 17.49 17.549 17.432 16.916 17.315 17.206 17.296 17.466 17.708 17.922 17.925 17.731 17.822 17.882 18.094 18.146 18.145 17.996 17.837 17.607 17.446 17.672 17.915 18.049 17.774 17.938 18.181 18.095 18.131 17.738 17.891 18.009
-9999 -9999 -9999 -9999 -9999 -9999 -9999 -9999 -9999 -9999 -9999 -9999 -9999 -9999 -9999 -9999 -9999 -9999 -9999 16.574 17.148 17.471 16.778 15.67 15.39 15.219 15.091 15.635 16.108 16.839 16.652 16.436 16.915 17.257 17.534 17.527 18.045 18.252 18.112 18.143 17.928 17.761 17.876 17.878 17.676 17.245 17.304 17.315 17.143 17.346 17.451 17.686 17.843 17.83 17.659 17.615 18.023 18.16 18.164 18.201 18.224 18.126 17.896 17.531 17.434 17.877 18.044 17.939 17.739 18.001 18.198 18.239 18.26 18.204 17.95
-9999 -9999 -9999 -9999 -9999 -9999 -9999 -9999 -9999 -9999 -9999 -9999 -9999 -9999 -9999 -9999 -9999 -9999 -9999 16.859 17.629 17.402 17.082 16.523 16.597 16.286 16.385 16.381 16.621 16.844 16.416 16.592 17.308 17.617 17.759 18.021 18.241 18.276 18.192 17.94 17.727 17.87 17.908 17.776 17.46 17.513 17.532 17.55 17.484 17.449 17.302 17.435 17.762 18.007 17.96 17.973 18.104 18.09 18.162 18.305 18.104 18.023 18.025 17.614 17.216 17.683 18.117 18.104 18.048 18.111 18.183 18.247 18.22 18.152 18.044
-9999 -9999 -9999 -9999 -9999 -9999 -9999 -9999 -9999 -9999 -9999 -9999 -9999 -9999 -9999 16.894 16.511 -9999 16.565 17.258 17.136 16.986 17.036 17.188 17.085 17.017 16.673 16.476 16.647 16.919 16.939 17.176 17.523 17.883 18.05 18.079 18.045 18.066 18.146 17.977 17.911 17.874 17.807 17.444 17.661 17.665 17.609 17.448 17.304 17.298 17.137 17.278 17.622 17.998 18.075 18.118 18.169 18.321 18.203 18.223 18.182 17.851 18.005 17.849 17.716 17.773 18.222 18.319 18.193 18.128 18.141 18.19 18.295 18.364 18.339
-9999 -9999 -9999 -9999 -9999 -9999 -9999 -9999 -9999 -9999 -9999 -9999 -9999 -9999 -9999 16.733 16.453 16.509 16.668 16.908 16.885 17.071 16.756 16.744 16.953 16.574 16.57 16.584 16.72 17.041 16.986 17.112 17.401 17.155 17.05 17.4 17.711 17.996 18.096 17.954 17.802 17.675 17.588 17.51 17.727 17.585 17.653 17.479 17.176 17.151 17.349 17.448 17.732 17.887 17.993 18.087 18.392 18.46 18.504 18.519 18.382 18.134 18.057 17.905 17.695 17.765 17.599 17.962 18.207 18.203 18.266 18.259 18.305 18.462 18.543
-9999 -9999 -9999 -9999 -9999 -9999 -9999 -9999 -9999 -9999 -9999 -9999 -9999 -9999 16.942 16.527 16.578 16.547 16.588 16.793 16.933 16.874 16.734 16.926 17.004 16.74 16.74 16.708 17.001 17.231 17.491 17.562 17.169 16.587 16.802 17.008 17.246 17.789 17.875 17.896 17.879 17.727 17.651 17.608 17.658 17.707 17.751 17.546 17.243 17.546 17.647 17.766 17.822 17.903 17.929 17.961 18.373 18.797 18.928 18.745 18.725 18.502 18.424 18.316 18.106 18.041 17.81 17.67 17.837 17.563 17.992 17.807 17.863 18.382 18.64
-9999 -9999 -9999 -9999 -9999 -9999 -9999 -9999 -9999 -9999 -9999 -9999 -9999 -9999 -9999 16.779 16.638 16.633 16.805 16.941 17.069 17.095 17.085 17.097 17.072 16.969 16.918 17.225 17.422 17.644 17.55 17.605 16.978 16.687 16.804 16.722 17.178 17.577 17.577 17.717 17.797 17.7 17.524 17.579 17.605 17.607 17.542 17.363 17.734 17.692 17.826 17.916 17.935 17.905 17.917 18.087 18.31 18.713 18.953 -9999 18.73 18.731 18.536 18.584 18.564 18.533 18.433 18.26 18.246 17.998 17.814 17.942 17.766 17.978 18.321
-9999 -9999 -9999 -9999 -9999 -9999 -9999 -9999 -9999 -9999 -9999 -9999 -9999 -9999 16.843 16.949 16.687 16.646 16.735 16.804 17.045 17.206 17.156 17.056 16.901 17.014 17.307 17.525 17.573 17.589 17.646 17.44 17.262 17.283 17.179 17.0 17.578 17.728 17.213 17.492 17.485 16.903 17.074 17.029 17.039 17.229 17.281 17.502 17.764 17.987 18.018 18.1 18.041 17.992 17.959 18.077 18.262 18.43 18.706 18.887 -9999 18.899 -9999 18.957 -9999 18.726 -9999 18.589 18.56 18.416 18.118 18.062 18.187 18.452 -9999
-9999 -9999 -9999 -9999 -9999 -9999 -9999 -9999 -9999 -9999 -9999 -9999 -9999 -9999 16.988 16.752 16.52 16.614 16.624 16.647 16.647 16.945 16.786 16.695 16.799 17.129 17.444 17.585 17.692 17.709 17.678 17.623 17.44 17.345 17.1 17.408 17.829 17.191 17.283 17.778 17.366 17.127 17.067 16.934 17.192 17.524 17.546 17.758 17.942 17.97 18.199 18.213 18.103 18.034 17.978 18.0 18.213 18.372 18.607 18.815 -9999 -9999 19.145 19.169 -9999 -9999 18.663 18.626 18.593 -9999 -9999 -9999 -9999 -9999 -9999
-9999 -9999 -9999 -9999 -9999 -9999 -9999 -9999 -9999 -9999 -9999 -9999 -9999 16.69 16.707 16.621 16.589 16.851 16.909 16.695 16.768 16.614 16.088 16.128 16.522 16.86 17.086 17.29 17.593 17.649 17.58 17.604 17.364 16.924 16.905 17.239 17.21 17.393 18.032 17.888 17.495 17.171 16.992 17.442 17.809 17.742 17.811 17.856 18.032 18.305 18.462 18.199 18.275 18.174 18.161 18.077 18.175 -9999 -9999 -9999 18.858 -9999 -9999 -9999 -9999 -9999 -9999 18.504 -9999 -9999 -9999 -9999 -9999 -9999 -9999
-9999 -9999 -9999 -9999 -9999 -9999 -9999 -9999 -9999 -9999 -9999 -9999 16.945 16.318 16.242 16.515 17.048 17.219 17.153 17.036 16.837 16.028 15.221 15.476 16.464 16.607 16.561 17.284 17.254 17.676 17.722 17.42 17.502 17.573 17.651 -9999 -9999 -9999 -9999 -9999 17.946 17.515 17.339 17.603 17.852 17.922 17.821 17.96 18.148 18.416 -9999 18.163 -9999 -9999 -9999 -9999 -9999 18.176 18.307 18.419 18.431 18.51 18.801 -9999 -9999 -9999 -9999 -9999 -9999 -9999 -9999 -9999 -9999 -9999 -9999
-9999 -9999 -9999 -9999 -9999 -9999 -9999 -9999 -9999 -9999 -9999 17.625 16.712 15.948 15.991 16.49 16.854 17.154 17.335 16.924 16.427 15.408 14.845 15.229 15.819 16.184 16.951 16.77 17.411 17.696 17.677 17.808 -9999 -9999 -9999 -9999 -9999 -9999 -9999 -9999 -9999 -9999 17.997 18.063 18.216 17.875 17.571 17.53 17.924 17.748 18.033 -9999 -9999 -9999 -9999 -9999 -9999 -9999 18.306 18.18 18.369 18.362 -9999 -9999 -9999 -9999 -9999 -9999 -9999 -9999 -9999 -9999 -9999 -9999 -9999
-9999 -9999 -9999 -9999 -9999 -9999 -9999 -9999 -9999 17.575 17.755 17.299 16.501 15.899 15.657 15.835 16.523 17.231 17.068 16.728 16.247 15.539 15.012 15.532 15.969 16.521 16.701 17.66 17.256 17.376 -9999 -9999 -9999 -9999 -9999 -9999 -9999 -9999 -9999 -9999 -9999 -9999 -9999 18.409 -9999 -9999 -9999 -9999 -9999 17.998 17.728 -9999 -9999 -9999 -9999 -9999 -9999 -9999 -9999 -9999 18.113 18.059 -9999 -9999 -9999 -9999 -9999 -9999 -9999 -9999 -9999 -9999 -9999 -9999 -9999
-9999 -9999 -9999 -9999 -9999 -9999 -9999 -9999 17.494 -9999 17.379 17.187 16.521 15.931 15.677 15.788 16.476 16.804 16.729 17.131 16.938 16.025 15.66 15.92 16.591 16.875 17.342 17.703 17.832 18.107 -9999 -9999 -9999 -9999 -9999 -9999 -9999 -9999 -9999 -9999 -9999 -9999 -9999 -9999 18.316 -9999 -9999 -9999 -9999 -9999 -9999 -9999 -9999 -9999 -9999 -9999 -9999 -9999 -9999 -9999 -9999 -9999 -9999 -9999 -9999 -9999 -9999 -9999 -9999 -9999 -9999 -9999 -9999 -9999 -9999
-9999 -9999 -9999 -9999 -9999 -9999 -9999 17.56 17.518 16.992 17.274 17.239 16.713 16.482 16.27 16.338 16.709 16.67 16.916 -9999 17.148 16.461 15.918 15.527 16.1 17.133 17.479 17.926 18.103 -9999 -9999 -9999 -9999 -9999 -9999 -9999 -9999 -9999 -9999 -9999 -9999 -9999 -9999 -9999 -9999 -9999 -9999 -9999 -9999 -9999 -9999 -9999 -9999 -9999 -9999 -9999 -9999 -9999 -9999 -9999 -9999 -9999 -9999 -9999 -9999 -9999 -9999 -9999 -9999 -9999 -9999 -9999 -9999 -9999 -9999
-9999 -9999 -9999 -9999 -9999 -9999 -9999 17.583 17.275 17.045 16.953 16.951 16.828 16.778 16.607 16.887 17.087 17.108 17.62 17.599 17.461 16.943 15.959 15.706 16.548 16.997 17.605 17.844 17.801 -9999 -9999 -9999 -9999 -9999 -9999 -9999 -9999 -9999 -9999 -9999 -9999 -9999 -9999 -9999 -9999 -9999 -9999 -9999 -9999 -9999 -9999 -9999 -9999 -9999 -9999 -9999 -9999 -9999 -9999 -9999 -9999 -9999 -9999 -9999 -9999 -9999 -9999 -9999 -9999 -9999 -9999 -9999 -9999 -9999 -9999
-9999 -9999 -9999 -9999 -9999 -9999 17.555 17.546 17.169 16.729 16.595 16.772 16.864 16.946 16.984 17.142 16.92 17.346 17.668 17.71 17.48 17.236 16.771 16.681 16.979 17.414 17.603 17.613 -9999 -9999 -9999 -9999 -9999 -9999 -9999 -9999 -9999 -9999 -9999 -9999 -9999 -9999 -9999 -9999 -9999 -9999 -9999 -9999 -9999 -9999 -9999 -9999 -9999 -9999 -9999 -9999 -9999 -9999 -9999 -9999 -9999 -9999 -9999 -9999 -9999 -9999 -9999 -9999 -9999 -9999 -9999 -9999 -9999 -9999 -9999
