Validation/Results/ReClimate_11_2023_1.asc
NCOLS 192
NROWS 249
XLLCENTER -225160.85627316462
YLLCENTER 29788.11610251502
CELLSIZE 5000.0
NODATA_VALUE -9999
[rows 99 to 131 of 249, columns 74 to 147 of 192]
110.839 110.747 110.94 111.159 111.508 111.358 111.075 111.166 -9999 -9999 110.852 110.694 110.632 110.425 110.037 109.804 109.869 109.771 109.377 109.049 108.723 108.677 108.754 108.622 108.509 108.633 108.924 108.641 108.188 108.077 107.865 107.725 107.816 107.851 108.057 107.911 107.546 107.471 107.391 107.323 107.269 107.21 107.142 107.064 106.983 -9999 -9999 -9999 -9999 -9999 -9999 -9999 -9999 -9999 -9999 -9999 -9999 -9999 -9999 -9999 -9999 -9999 -9999 -9999 -9999 -9999 -9999 -9999 -9999 -9999 -9999 -9999 -9999 -9999
110.644 110.803 111.122 -9999 -9999 111.238 111.129 -9999 -9999 -9999 110.824 110.823 110.91 110.515 110.063 110.101 110.169 109.894 109.755 109.493 109.291 109.221 109.034 108.877 108.648 108.815 108.9 108.615 108.482 108.303 108.129 108.179 108.2 108.16 107.774 107.654 107.849 107.778 107.702 107.635 107.579 107.52 107.452 107.374 107.294 -9999 -9999 -9999 -9999 -9999 -9999 -9999 -9999 -9999 -9999 -9999 -9999 -9999 -9999 -9999 -9999 -9999 -9999 -9999 -9999 -9999 -9999 -9999 -9999 -9999 -9999 -9999 -9999 -9999
111.034 -9999 110.406 110.232 109.682 -9999 -9999 -9999 -9999 111.101 110.879 111.163 111.653 111.307 111.076 110.822 110.108 109.925 109.681 109.494 109.319 109.209 109.274 109.406 110.126 109.761 108.669 108.645 108.782 108.549 108.182 108.304 108.621 108.291 107.952 107.895 107.481 107.592 108.007 107.944 107.893 107.84 107.78 107.713 -9999 -9999 -9999 -9999 -9999 -9999 -9999 -9999 -9999 -9999 -9999 -9999 -9999 -9999 -9999 -9999 -9999 -9999 -9999 -9999 -9999 -9999 -9999 -9999 -9999 -9999 -9999 -9999 -9999 -9999
111.233 111.006 111.195 111.015 111.294 111.466 110.924 -9999 -9999 111.05 -9999 -9999 110.349 110.538 111.301 110.741 110.294 110.115 110.025 110.021 110.297 110.117 109.652 110.22 110.759 109.966 109.377 109.372 109.189 109.01 109.061 109.101 108.787 108.549 108.396 108.158 108.11 108.316 108.303 108.244 108.195 108.148 108.087 -9999 -9999 -9999 -9999 -9999 -9999 -9999 -9999 -9999 -9999 -9999 -9999 -9999 -9999 -9999 -9999 -9999 -9999 -9999 -9999 -9999 -9999 -9999 -9999 -9999 -9999 -9999 -9999 -9999 -9999 -9999
111.02 111.308 111.807 112.032 112.239 -9999 -9999 -9999 111.281 111.133 110.667 110.213 109.871 110.57 111.334 110.959 110.57 110.523 110.573 110.774 110.986 110.532 110.021 110.184 109.897 109.691 109.982 109.865 109.828 109.968 110.299 109.85 109.096 108.969 108.859 108.918 109.163 109.001 -9999 -9999 108.489 -9999 -9999 -9999 -9999 -9999 -9999 -9999 -9999 -9999 -9999 -9999 -9999 -9999 -9999 -9999 -9999 -9999 -9999 -9999 -9999 -9999 -9999 -9999 -9999 -9999 -9999 -9999 -9999 -9999 -9999 -9999 -9999 -9999
111.176 111.44 111.445 -9999 111.643 -9999 -9999 -9999 111.293 111.087 111.056 110.893 110.905 111.269 111.167 111.019 111.125 111.06 110.829 110.969 111.071 110.683 110.424 110.131 109.771 109.94 110.016 109.833 109.414 109.445 109.089 108.812 109.139 109.051 108.989 109.101 109.077 -9999 108.88 108.823 108.776 108.711 -9999 -9999 -9999 -9999 -9999 -9999 -9999 -9999 -9999 -9999 -9999 -9999 -9999 -9999 -9999 -9999 -9999 -9999 -9999 -9999 -9999 -9999 -9999 -9999 -9999 -9999 -9999 -9999 -9999 -9999 -9999 -9999
-9999 111.576 -9999 -9999 -9999 -9999 111.367 111.308 111.284 111.275 111.276 111.161 110.806 110.895 111.29 111.294 111.148 111.064 111.144 111.19 111.144 110.823 110.389 110.153 110.051 110.058 109.998 109.653 109.332 109.155 109.199 109.228 108.87 108.713 108.392 -9999 108.809 108.88 109.066 109.039 109.068 108.97 -9999 -9999 -9999 -9999 -9999 -9999 -9999 -9999 -9999 -9999 -9999 -9999 -9999 -9999 -9999 -9999 -9999 -9999 -9999 -9999 -9999 -9999 -9999 -9999 -9999 -9999 -9999 -9999 -9999 -9999 -9999 -9999
-9999 -9999 -9999 -9999 -9999 -9999 111.487 111.38 111.334 111.443 111.643 111.421 111.287 111.355 111.013 110.99 111.16 111.196 111.168 111.171 111.209 110.864 110.537 110.449 110.387 110.311 110.218 110.128 110.364 110.307 110.118 109.923 109.92 109.737 109.712 109.731 109.351 109.315 108.962 109.048 109.308 109.231 109.142 -9999 -9999 -9999 -9999 -9999 -9999 -9999 -9999 -9999 -9999 -9999 -9999 -9999 -9999 -9999 -9999 -9999 -9999 -9999 -9999 -9999 -9999 -9999 -9999 -9999 -9999 -9999 -9999 -9999 -9999 -9999
-9999 -9999 -9999 -9999 -9999 111.546 -9999 -9999 111.503 111.797 112.208 112.127 112.058 -9999 -9999 111.198 111.539 111.418 111.139 111.14 111.086 110.975 111.122 110.991 110.713 111.092 112.246 111.963 110.878 110.348 109.204 109.335 109.715 109.853 110.297 109.806 109.045 108.862 108.89 109.018 109.042 109.076 109.3 109.178 -9999 -9999 -9999 -9999 -9999 -9999 -9999 -9999 -9999 -9999 -9999 -9999 -9999 -9999 -9999 -9999 -9999 -9999 -9999 -9999 -9999 -9999 -9999 -9999 -9999 -9999 -9999 -9999 -9999 -9999
-9999 -9999 -9999 -9999 -9999 111.598 -9999 111.582 111.583 111.859 111.936 111.946 111.986 111.603 111.506 111.614 111.437 111.265 111.2 111.15 111.108 111.226 111.338 111.104 110.862 111.38 111.169 110.643 110.748 110.219 110.411 110.56 110.453 110.54 110.175 109.707 109.528 109.523 109.483 109.211 108.461 108.623 108.777 -9999 -9999 -9999 -9999 -9999 -9999 -9999 -9999 -9999 -9999 -9999 -9999 -9999 -9999 -9999 -9999 -9999 -9999 -9999 -9999 -9999 -9999 -9999 -9999 -9999 -9999 -9999 -9999 -9999 -9999 -9999
-9999 -9999 -9999 -9999 -9999 111.65 -9999 111.638 111.66 111.795 111.986 112.02 -9999 111.848 111.926 -9999 111.8 111.782 111.83 111.776 111.706 111.649 111.351 111.282 111.442 111.126 110.578 110.667 110.773 111.241 112.258 111.944 111.259 110.881 110.383 110.254 110.169 110.146 110.155 -9999 -9999 -9999 -9999 -9999 -9999 -9999 -9999 -9999 -9999 -9999 -9999 -9999 -9999 -9999 -9999 -9999 -9999 -9999 -9999 -9999 -9999 -9999 -9999 -9999 -9999 -9999 -9999 -9999 -9999 -9999 -9999 -9999 -9999 -9999
-9999 -9999 -9999 111.701 111.694 -9999 -9999 111.649 111.724 111.839 111.855 111.956 112.249 112.302 112.365 -9999 111.749 111.845 112.043 111.868 111.507 111.349 111.351 111.458 111.532 111.339 111.6 111.456 110.935 111.317 110.939 110.556 110.493 110.3 110.488 110.476 110.576 110.559 -9999 -9999 -9999 -9999 -9999 -9999 -9999 -9999 -9999 -9999 -9999 -9999 -9999 -9999 -9999 -9999 -9999 -9999 -9999 -9999 -9999 -9999 -9999 -9999 -9999 -9999 -9999 -9999 -9999 -9999 -9999 -9999 -9999 -9999 -9999 -9999
-9999 -9999 111.719 111.715 111.694 -9999 111.63 111.645 111.768 111.789 -9999 112.199 112.689 112.714 112.631 -9999 112.502 112.64 112.737 112.504 112.388 112.166 111.57 111.382 110.781 111.114 111.663 111.312 111.111 -9999 111.011 110.998 111.068 111.129 111.044 111.029 110.861 -9999 -9999 -9999 -9999 -9999 -9999 -9999 -9999 -9999 -9999 -9999 -9999 -9999 -9999 -9999 -9999 -9999 -9999 -9999 -9999 -9999 -9999 -9999 -9999 -9999 -9999 -9999 -9999 -9999 -9999 -9999 -9999 -9999 -9999 -9999 -9999 -9999
-9999 -9999 111.733 111.715 -9999 -9999 111.595 111.683 111.826 -9999 111.869 112.24 112.452 112.489 112.622 -9999 112.67 112.608 112.31 112.288 112.393 111.974 111.679 111.546 112.044 112.302 112.249 111.908 111.288 111.249 111.056 -9999 -9999 110.489 110.55 -9999 -9999 -9999 -9999 -9999 -9999 110.186 110.325 110.258 -9999 -9999 -9999 -9999 -9999 -9999 -9999 -9999 -9999 -9999 -9999 -9999 -9999 -9999 -9999 -9999 -9999 -9999 -9999 -9999 -9999 -9999 -9999 -9999 -9999 -9999 -9999 -9999 -9999 -9999
-9999 111.717 111.713 -9999 -9999 111.757 111.754 111.845 112.002 -9999 112.171 112.44 112.764 112.913 113.053 -9999 -9999 -9999 112.196 112.27 112.319 112.079 111.84 112.069 112.006 112.249 113.007 112.352 111.471 111.148 110.559 110.308 110.23 110.407 110.818 -9999 -9999 -9999 -9999 -9999 110.15 110.45 109.631 109.67 109.874 -9999 -9999 -9999 -9999 -9999 -9999 -9999 -9999 -9999 -9999 -9999 -9999 -9999 -9999 -9999 -9999 -9999 -9999 -9999 -9999 -9999 -9999 -9999 -9999 -9999 -9999 -9999 -9999 -9999
111.687 111.701 111.727 -9999 -9999 -9999 111.845 111.974 112.18 -9999 112.099 -9999 112.393 112.557 112.731 -9999 112.67 112.575 112.76 -9999 112.228 112.087 112.033 111.97 111.904 112.234 112.086 111.625 111.638 111.312 111.275 111.21 111.167 111.305 111.077 110.947 110.832 111.065 -9999 110.824 110.415 110.135 110.24 110.403 110.57 110.483 110.393 -9999 -9999 -9999 -9999 -9999 -9999 -9999 -9999 -9999 -9999 -9999 -9999 -9999 -9999 -9999 -9999 -9999 -9999 -9999 -9999 -9999 -9999 -9999 -9999 -9999 -9999 -9999
111.709 111.735 -9999 -9999 -9999 -9999 111.574 111.808 112.143 -9999 112.407 -9999 112.487 112.618 -9999 112.242 112.089 112.328 112.636 112.401 112.34 112.305 112.262 112.184 112.086 112.112 112.413 112.207 111.653 111.57 111.415 111.483 111.72 111.3 110.467 110.214 109.716 109.963 110.274 110.097 110.308 110.321 110.216 110.413 110.729 110.72 110.835 110.801 110.731 110.659 -9999 -9999 -9999 -9999 -9999 -9999 -9999 -9999 -9999 -9999 -9999 -9999 -9999 -9999 -9999 -9999 -9999 -9999 -9999 -9999 -9999 -9999 -9999 -9999
-9999 111.762 -9999 -9999 -9999 -9999 111.468 111.751 112.039 112.195 -9999 -9999 112.259 112.249 -9999 112.249 111.702 112.158 112.893 112.817 112.626 112.564 112.421 112.336 112.265 112.231 111.729 111.48 111.609 111.647 111.958 112.061 112.005 111.521 111.377 111.176 111.301 111.126 110.212 110.473 110.875 110.975 111.421 111.508 111.311 111.296 111.098 111.028 110.963 110.904 110.788 -9999 -9999 -9999 -9999 -9999 -9999 -9999 -9999 -9999 -9999 -9999 -9999 -9999 -9999 -9999 -9999 -9999 -9999 -9999 -9999 -9999 -9999 -9999
111.755 -9999 -9999 -9999 -9999 -9999 111.774 111.998 112.053 112.139 -9999 -9999 112.302 112.31 -9999 -9999 112.28 112.912 113.564 113.251 112.62 112.417 111.984 111.903 111.796 111.666 112.042 112.074 111.971 112.092 111.985 111.946 111.916 111.814 111.735 111.873 112.028 111.01 109.515 109.968 110.669 111.203 112.055 111.894 111.747 111.623 111.572 111.474 111.302 111.18 110.994 -9999 -9999 -9999 -9999 -9999 -9999 -9999 -9999 -9999 -9999 -9999 -9999 -9999 -9999 -9999 -9999 -9999 -9999 -9999 -9999 -9999 -9999 -9999
111.808 -9999 -9999 -9999 -9999 -9999 111.995 112.021 112.062 -9999 -9999 -9999 -9999 112.568 -9999 112.532 112.29 112.751 113.082 112.753 112.724 112.546 112.605 112.596 112.679 112.812 112.614 112.442 112.118 112.073 112.105 112.134 112.252 112.201 112.163 112.254 112.262 111.602 111.922 112.132 111.739 112.122 111.982 111.917 111.966 111.949 111.977 111.782 111.522 111.364 111.187 110.989 -9999 -9999 -9999 -9999 -9999 -9999 -9999 -9999 -9999 -9999 -9999 -9999 -9999 -9999 -9999 -9999 -9999 -9999 -9999 -9999 -9999 -9999
111.738 -9999 -9999 -9999 111.533 111.525 111.558 111.716 -9999 -9999 112.368 -9999 -9999 -9999 -9999 112.615 112.662 112.827 112.807 112.799 112.809 112.853 112.857 112.933 112.97 112.882 112.854 112.703 112.735 112.855 113.139 113.144 112.988 112.853 112.511 112.363 111.927 112.201 112.53 112.199 111.877 111.94 112.337 112.387 112.467 112.422 112.294 112.029 111.68 111.53 111.362 111.211 -9999 -9999 -9999 -9999 -9999 -9999 -9999 -9999 -9999 -9999 -9999 -9999 -9999 -9999 -9999 -9999 -9999 -9999 -9999 -9999 -9999 -9999
-9999 -9999 -9999 -9999 -9999 112.022 111.916 112.171 -9999 112.358 112.439 112.537 -9999 -9999 -9999 -9999 112.75 112.772 112.86 112.87 112.879 112.891 112.931 113.004 113.108 113.115 113.116 113.155 113.147 113.264 113.15 113.134 113.293 113.161 113.231 112.962 112.841 112.886 112.572 112.502 112.807 112.895 112.626 112.552 112.273 112.169 112.082 111.878 111.824 111.679 111.521 111.39 111.188 -9999 -9999 -9999 -9999 -9999 -9999 -9999 -9999 -9999 -9999 -9999 -9999 -9999 -9999 -9999 -9999 -9999 -9999 -9999 -9999 -9999
-9999 -9999 -9999 -9999 -9999 111.829 111.921 112.225 -9999 112.813 112.455 112.598 -9999 -9999 -9999 -9999 -9999 112.859 112.944 112.953 112.97 113.008 113.031 113.127 113.215 113.051 112.566 112.77 113.278 113.098 112.744 112.989 113.402 113.446 113.425 113.316 113.229 113.049 113.039 113.149 113.051 112.886 112.853 112.609 112.357 112.268 112.164 112.085 111.956 111.816 111.67 111.547 111.384 111.154 -9999 -9999 -9999 -9999 -9999 -9999 -9999 -9999 -9999 -9999 -9999 -9999 -9999 -9999 -9999 -9999 -9999 -9999 -9999 -9999
-9999 -9999 -9999 -9999 -9999 111.863 112.312 -9999 -9999 112.835 112.455 112.591 112.612 -9999 -9999 -9999 -9999 -9999 113.035 113.052 113.107 113.111 113.061 113.169 113.313 113.159 113.406 113.664 113.593 113.422 113.443 113.691 113.732 113.668 113.469 113.386 113.313 113.311 113.347 113.231 113.077 113.046 113.032 112.785 112.486 112.397 112.321 112.203 112.077 111.942 111.804 111.686 111.528 111.32 111.114 110.892 -9999 -9999 -9999 -9999 -9999 -9999 -9999 -9999 -9999 -9999 -9999 -9999 -9999 -9999 -9999 -9999 -9999 -9999
-9999 -9999 -9999 -9999 -9999 112.137 112.232 -9999 -9999 112.554 112.523 112.602 -9999 -9999 -9999 -9999 -9999 -9999 113.105 113.168 113.26 113.266 113.326 113.441 113.527 113.675 113.705 113.575 113.264 113.362 113.583 113.557 113.391 113.358 113.567 113.465 113.32 113.322 113.3 113.382 113.853 113.65 113.135 112.88 112.627 112.45 112.092 112.057 112.158 112.033 111.917 111.738 111.561 111.362 111.162 110.958 -9999 -9999 -9999 -9999 -9999 -9999 -9999 -9999 -9999 -9999 -9999 -9999 -9999 -9999 -9999 -9999 -9999 -9999
-9999 -9999 -9999 -9999 -9999 112.105 112.09 -9999 -9999 -9999 112.577 112.667 112.739 -9999 -9999 -9999 -9999 -9999 113.087 113.225 113.421 113.484 113.547 113.563 113.461 113.574 113.817 113.767 114.013 114.062 113.829 113.726 113.628 113.707 113.662 113.568 113.545 113.495 113.412 113.777 114.133 113.712 113.315 113.061 112.746 112.567 112.607 112.55 112.267 112.137 111.953 111.754 111.558 111.363 111.168 110.97 -9999 -9999 -9999 -9999 -9999 -9999 -9999 -9999 -9999 -9999 -9999 -9999 -9999 -9999 -9999 -9999 -9999 -9999
-9999 -9999 -9999 -9999 111.99 112.097 111.82 -9999 -9999 -9999 -9999 -9999 -9999 -9999 -9999 -9999 -9999 -9999 113.34 113.229 112.506 112.862 113.721 113.617 113.455 113.75 114.188 114.243 113.977 113.583 112.819 112.994 113.543 113.585 113.803 113.738 113.618 113.574 113.594 113.768 113.762 113.471 113.263 112.925 112.468 112.502 112.562 112.338 112.193 112.158 111.943 111.747 111.554 111.362 111.171 110.978 110.73 -9999 -9999 -9999 -9999 -9999 -9999 -9999 -9999 -9999 -9999 -9999 -9999 -9999 -9999 -9999 -9999 -9999
-9999 -9999 -9999 111.845 112.066 112.065 112.355 -9999 -9999 -9999 -9999 -9999 -9999 -9999 -9999 -9999 113.177 113.352 113.527 113.33 113.676 114.076 113.907 113.937 114.226 114.359 114.077 114.107 114.494 114.078 113.985 114.202 114.023 114.091 114.007 113.868 113.68 113.707 113.775 113.722 113.61 113.529 113.632 113.266 112.936 112.892 112.707 112.527 112.371 112.14 111.934 111.739 111.548 111.358 111.17 110.98 110.748 -9999 -9999 -9999 -9999 -9999 -9999 -9999 -9999 -9999 -9999 -9999 -9999 -9999 -9999 -9999 -9999 -9999
-9999 -9999 -9999 111.659 112.084 112.229 -9999 -9999 -9999 -9999 -9999 -9999 -9999 -9999 -9999 -9999 113.259 113.475 112.882 113.25 113.633 113.545 113.405 113.69 114.034 113.81 113.564 113.982 114.542 114.547 114.602 114.416 114.223 114.2 114.303 114.15 114.023 113.964 113.728 113.58 113.358 113.387 113.346 113.0 112.544 112.398 112.412 112.585 112.347 112.123 111.925 111.731 111.54 111.352 111.166 110.979 110.757 -9999 -9999 -9999 -9999 -9999 -9999 -9999 -9999 -9999 -9999 -9999 -9999 -9999 -9999 -9999 -9999 -9999
-9999 -9999 -9999 -9999 -9999 -9999 -9999 -9999 -9999 -9999 -9999 -9999 -9999 -9999 -9999 -9999 113.412 113.33 113.592 113.932 114.229 114.236 114.316 114.539 114.573 114.442 114.442 114.691 114.544 114.688 114.861 114.613 114.273 114.22 113.978 113.946 114.066 113.914 113.86 113.774 113.882 113.772 113.555 113.296 113.26 113.046 112.8 112.562 112.327 112.114 111.915 111.721 111.531 111.344 111.159 110.974 110.76 -9999 -9999 -9999 -9999 -9999 -9999 -9999 -9999 -9999 -9999 -9999 -9999 -9999 -9999 -9999 -9999 -9999
-9999 -9999 -9999 -9999 -9999 -9999 -9999 -9999 -9999 -9999 -9999 -9999 -9999 -9999 -9999 113.287 113.099 113.233 113.158 113.544 114.114 114.313 114.621 114.719 114.827 114.804 114.737 114.679 114.701 114.798 114.667 114.447 114.397 114.225 114.152 114.177 114.101 114.024 113.911 113.903 113.751 113.64 113.669 113.618 113.489 113.022 112.78 112.54 112.311 112.105 111.906 111.711 111.521 111.334 111.149 110.966 110.757 -9999 -9999 -9999 -9999 -9999 -9999 -9999 -9999 -9999 -9999 -9999 -9999 -9999 -9999 -9999 -9999 -9999
-9999 -9999 -9999 -9999 -9999 -9999 -9999 -9999 -9999 -9999 -9999 -9999 -9999 -9999 -9999 112.974 113.479 113.57 113.852 114.261 114.493 114.771 115.04 115.04 114.769 114.788 114.817 114.848 114.859 114.77 114.634 114.558 114.491 114.365 114.179 114.107 114.051 113.983 113.982 113.835 113.673 113.694 113.734 113.681 113.458 113.006 112.763 112.523 112.304 112.097 111.897 111.701 111.509 111.322 111.137 110.954 110.749 -9999 -9999 -9999 -9999 -9999 -9999 -9999 -9999 -9999 -9999 -9999 -9999 -9999 -9999 -9999 -9999 -9999
-9999 -9999 -9999 -9999 -9999 -9999 -9999 -9999 -9999 -9999 -9999 -9999 -9999 -9999 113.149 113.217 113.557 113.889 114.322 114.468 114.491 114.718 114.906 114.842 114.978 115.03 115.021 115.072 115.01 114.89 114.749 114.647 114.541 114.384 114.278 114.212 114.148 114.096 113.981 113.867 113.809 113.796 113.726 113.626 113.243 112.994 112.749 112.513 112.299 112.09 111.888 111.689 111.496 111.308 111.118 110.922 110.721 110.505 -9999 -9999 -9999 -9999 -9999 -9999 -9999 -9999 -9999 -9999 -9999 -9999 -9999 -9999 -9999 -9999
