Validation/Results/ReClimate_06_2024_2_Temperature-Actualsweatherlogisticsltd.asc
NCOLS 192
NROWS 249
XLLCENTER -225160.85627316462
YLLCENTER 29788.11610251502
CELLSIZE 5000.0
NODATA_VALUE -9999
[rows 68 to 101 of 249, columns 75 to 149 of 192]
-9999 -9999 -9999 -9999 -9999 -9999 -9999 -9999 -9999 -9999 -9999 13.16 12.37 13.337 13.813 12.916 12.504 13.122 13.214 13.178 13.358 13.161 13.285 12.88 12.921 13.259 12.758 13.131 13.856 -9999 -9999 -9999 -9999 -9999 -9999 -9999 -9999 -9999 -9999 -9999 -9999 -9999 -9999 -9999 -9999 -9999 -9999 -9999 -9999 -9999 -9999 -9999 -9999 -9999 -9999 -9999 -9999 -9999 -9999 -9999 -9999 -9999 -9999 -9999 -9999 -9999 -9999 -9999 -9999 -9999 -9999 -9999 -9999 -9999 -9999
-9999 -9999 -9999 -9999 -9999 -9999 -9999 -9999 -9999 -9999 -9999 -9999 -9999 13.725 12.943 12.214 13.026 13.447 13.053 12.823 12.991 13.569 13.505 12.85 13.064 13.093 13.888 -9999 -9999 -9999 -9999 -9999 -9999 -9999 -9999 -9999 -9999 -9999 -9999 -9999 -9999 -9999 -9999 -9999 -9999 -9999 -9999 -9999 -9999 -9999 -9999 -9999 -9999 -9999 -9999 -9999 -9999 -9999 -9999 -9999 -9999 -9999 -9999 -9999 -9999 -9999 -9999 -9999 -9999 -9999 -9999 -9999 -9999 -9999 -9999
-9999 -9999 -9999 -9999 -9999 -9999 -9999 14.308 -9999 -9999 14.151 13.66 13.356 13.421 11.862 12.336 12.754 12.581 11.943 12.289 12.848 13.852 13.368 13.249 12.824 13.499 13.869 -9999 -9999 -9999 -9999 -9999 -9999 -9999 -9999 -9999 -9999 -9999 -9999 -9999 -9999 -9999 -9999 -9999 -9999 -9999 -9999 -9999 -9999 -9999 -9999 -9999 -9999 -9999 -9999 -9999 -9999 -9999 -9999 -9999 -9999 -9999 -9999 -9999 -9999 -9999 -9999 -9999 -9999 -9999 -9999 -9999 -9999 -9999 -9999
-9999 -9999 -9999 -9999 -9999 14.389 14.395 14.288 14.309 13.701 13.643 12.399 12.319 12.516 13.287 11.62 11.532 11.479 11.656 12.484 12.338 11.79 13.4 13.64 13.898 14.123 14.215 -9999 -9999 -9999 -9999 -9999 -9999 -9999 -9999 -9999 -9999 -9999 -9999 -9999 -9999 -9999 -9999 -9999 -9999 -9999 -9999 -9999 -9999 -9999 -9999 -9999 -9999 -9999 -9999 -9999 -9999 -9999 -9999 -9999 -9999 -9999 -9999 -9999 -9999 -9999 -9999 -9999 -9999 -9999 -9999 -9999 -9999 -9999 -9999
-9999 -9999 -9999 -9999 -9999 14.303 14.216 -9999 14.135 13.183 12.326 12.055 10.871 13.29 12.072 10.945 10.867 11.056 11.581 11.273 10.659 11.951 12.509 12.588 13.362 13.349 -9999 14.042 -9999 -9999 -9999 -9999 -9999 -9999 -9999 -9999 -9999 -9999 -9999 -9999 -9999 -9999 -9999 -9999 -9999 -9999 -9999 -9999 -9999 -9999 -9999 -9999 -9999 -9999 -9999 -9999 -9999 -9999 -9999 -9999 -9999 -9999 -9999 -9999 -9999 -9999 -9999 -9999 -9999 -9999 -9999 -9999 -9999 -9999 -9999
-9999 -9999 -9999 -9999 -9999 -9999 13.753 13.925 13.96 12.705 12.713 10.779 12.225 12.408 12.346 12.078 11.736 11.015 11.382 11.043 11.642 12.661 12.44 12.675 12.909 13.338 13.947 13.963 -9999 -9999 -9999 -9999 -9999 -9999 -9999 -9999 -9999 -9999 -9999 -9999 -9999 -9999 -9999 -9999 -9999 -9999 -9999 -9999 -9999 -9999 -9999 -9999 -9999 -9999 -9999 -9999 -9999 -9999 -9999 -9999 -9999 -9999 -9999 -9999 -9999 -9999 -9999 -9999 -9999 -9999 -9999 -9999 -9999 -9999 -9999
-9999 -9999 -9999 -9999 -9999 -9999 -9999 14.315 13.837 13.396 10.938 11.757 11.805 12.007 10.975 10.405 11.459 12.165 11.853 11.138 12.101 12.732 12.469 13.131 13.375 14.038 13.968 13.555 -9999 -9999 -9999 -9999 -9999 -9999 -9999 -9999 -9999 -9999 -9999 -9999 -9999 -9999 -9999 -9999 -9999 -9999 -9999 -9999 -9999 -9999 -9999 -9999 -9999 -9999 -9999 -9999 -9999 -9999 -9999 -9999 -9999 -9999 -9999 -9999 -9999 -9999 -9999 -9999 -9999 -9999 -9999 -9999 -9999 -9999 -9999
-9999 -9999 -9999 -9999 -9999 13.103 13.344 12.941 12.746 12.55 13.256 11.927 12.002 11.63 11.277 11.919 12.183 11.992 12.146 11.781 11.037 12.217 13.097 14.001 14.226 -9999 13.743 -9999 -9999 -9999 -9999 -9999 -9999 14.336 14.359 14.357 -9999 -9999 -9999 -9999 -9999 -9999 -9999 -9999 -9999 -9999 -9999 -9999 -9999 -9999 -9999 -9999 -9999 -9999 -9999 -9999 -9999 -9999 -9999 -9999 -9999 -9999 -9999 -9999 -9999 -9999 -9999 -9999 -9999 -9999 -9999 -9999 -9999 -9999 -9999
13.736 -9999 -9999 -9999 -9999 -9999 12.686 12.135 12.002 12.855 12.489 13.259 12.051 12.166 11.813 12.499 12.785 13.6 12.865 11.431 12.296 13.011 13.848 13.853 13.595 13.593 -9999 -9999 -9999 -9999 14.422 14.477 14.43 14.394 14.405 14.421 14.432 14.453 14.168 13.596 13.331 13.654 14.014 14.18 14.042 13.495 13.122 13.18 13.481 13.675 13.711 13.7 -9999 -9999 -9999 -9999 -9999 -9999 -9999 -9999 -9999 -9999 -9999 -9999 -9999 -9999 -9999 -9999 -9999 -9999 -9999 -9999 -9999 -9999 -9999
12.032 -9999 -9999 -9999 12.45 -9999 12.845 13.497 12.731 11.161 13.825 12.646 12.906 12.19 12.728 12.333 12.754 12.617 13.175 13.486 13.598 13.706 13.901 13.358 13.37 -9999 -9999 -9999 -9999 13.995 14.32 14.479 14.025 13.763 14.218 14.16 14.079 14.212 13.221 12.765 12.949 13.403 13.733 13.65 13.792 13.652 13.272 13.105 13.365 13.387 13.176 13.664 -9999 -9999 -9999 -9999 -9999 -9999 -9999 -9999 -9999 -9999 -9999 -9999 -9999 -9999 -9999 -9999 -9999 -9999 -9999 -9999 -9999 -9999 -9999
13.043 -9999 -9999 -9999 11.965 12.127 13.325 12.969 10.705 12.184 11.593 13.238 12.213 12.492 12.46 12.763 12.719 12.086 12.482 12.845 13.872 14.176 13.564 14.056 -9999 -9999 13.906 14.069 13.964 13.894 14.102 13.991 13.589 13.659 13.244 13.1 13.561 13.398 13.066 13.17 13.351 13.458 13.185 13.619 13.752 13.547 13.197 13.258 13.315 13.178 13.134 13.478 13.682 -9999 -9999 -9999 -9999 -9999 -9999 -9999 -9999 -9999 -9999 -9999 -9999 -9999 -9999 -9999 -9999 -9999 -9999 -9999 -9999 -9999 -9999
13.384 -9999 13.316 -9999 12.986 13.028 12.368 11.731 12.245 10.489 12.126 12.767 12.232 11.736 11.579 12.17 12.243 12.19 11.743 12.662 13.389 14.212 14.467 14.633 -9999 13.581 13.4 13.551 13.487 13.628 13.754 13.257 13.068 12.722 12.366 12.842 13.296 12.831 12.766 12.84 13.208 13.611 13.812 13.847 13.632 13.44 13.237 13.235 13.236 13.402 13.433 13.348 13.468 -9999 -9999 -9999 -9999 -9999 -9999 -9999 -9999 -9999 -9999 -9999 -9999 -9999 -9999 -9999 -9999 -9999 -9999 -9999 -9999 -9999 -9999
-9999 13.395 -9999 -9999 -9999 11.726 10.946 12.378 11.767 13.24 13.036 12.7 12.079 11.273 11.324 10.626 10.915 11.223 12.248 13.0 14.064 14.007 13.441 14.088 13.965 13.075 12.583 12.367 12.747 13.075 12.865 12.652 12.168 12.179 13.021 13.276 13.199 13.154 12.706 12.825 13.332 13.68 13.832 13.517 13.299 13.444 13.327 13.206 13.151 13.409 13.312 13.251 13.275 -9999 -9999 -9999 -9999 -9999 -9999 -9999 -9999 -9999 -9999 -9999 -9999 -9999 -9999 -9999 -9999 -9999 -9999 -9999 -9999 -9999 -9999
13.806 -9999 -9999 -9999 -9999 12.483 13.237 13.029 -9999 12.844 11.999 11.687 12.132 12.04 11.697 12.111 12.214 12.043 12.325 12.683 13.001 12.522 12.498 13.789 13.114 12.779 11.954 11.544 12.123 12.567 12.493 12.025 11.733 12.844 13.218 12.444 12.879 12.336 12.292 12.875 13.041 13.587 13.233 12.778 13.311 13.404 13.518 13.272 13.547 13.366 13.143 13.318 13.349 -9999 -9999 -9999 -9999 -9999 -9999 -9999 -9999 -9999 -9999 -9999 -9999 -9999 -9999 -9999 -9999 -9999 -9999 -9999 -9999 -9999 -9999
13.687 -9999 -9999 -9999 13.499 -9999 -9999 13.539 13.416 12.24 10.723 10.86 11.203 10.581 11.699 12.125 12.22 12.771 12.589 12.369 12.43 12.215 13.938 13.124 12.823 11.666 11.91 11.776 11.469 12.073 12.059 11.997 12.656 13.289 12.429 12.494 12.429 12.086 12.305 12.067 12.982 13.235 12.532 13.132 13.376 13.342 13.05 13.544 13.714 13.585 13.347 13.387 -9999 -9999 -9999 -9999 -9999 -9999 -9999 -9999 -9999 -9999 -9999 -9999 -9999 -9999 -9999 -9999 -9999 -9999 -9999 -9999 -9999 -9999 -9999
12.964 13.082 13.609 -9999 -9999 -9999 12.335 13.89 -9999 12.528 12.788 12.144 10.565 10.086 9.941 11.107 12.673 12.503 11.937 11.749 12.588 13.849 12.883 12.825 11.944 11.741 11.972 11.474 11.468 12.335 12.521 12.761 12.692 11.817 12.421 12.034 11.054 11.829 11.938 12.278 13.102 12.811 13.152 13.478 13.625 13.447 13.6 13.524 13.723 13.609 13.461 -9999 -9999 -9999 -9999 -9999 -9999 -9999 -9999 -9999 -9999 -9999 -9999 -9999 -9999 -9999 -9999 -9999 -9999 -9999 -9999 -9999 -9999 -9999 -9999
11.864 12.559 13.444 -9999 13.238 12.109 11.963 12.39 11.753 13.009 13.036 11.219 9.449 9.977 11.821 12.054 12.274 11.509 10.896 11.643 12.914 13.084 12.281 11.043 10.731 11.522 11.492 11.4 12.668 12.948 12.825 12.255 11.563 12.586 12.522 11.785 11.509 11.291 11.448 11.711 12.697 12.256 12.78 12.628 12.379 13.558 13.732 13.451 13.385 13.53 13.498 -9999 -9999 -9999 -9999 -9999 -9999 -9999 -9999 -9999 -9999 -9999 -9999 -9999 -9999 -9999 -9999 -9999 -9999 -9999 -9999 -9999 -9999 -9999 -9999
12.384 13.05 13.732 13.242 12.946 11.76 -9999 12.789 12.15 11.24 10.734 11.079 10.905 11.755 10.714 11.529 11.553 11.665 12.334 12.628 12.989 12.519 10.934 9.99 11.019 11.355 10.85 12.214 12.352 13.21 12.885 12.335 12.194 11.937 11.87 11.367 10.669 11.274 11.72 12.388 12.787 13.063 13.225 12.839 13.428 13.843 13.774 13.646 13.61 13.559 -9999 -9999 -9999 -9999 -9999 -9999 -9999 -9999 -9999 -9999 -9999 -9999 -9999 -9999 -9999 -9999 -9999 -9999 -9999 -9999 -9999 -9999 -9999 -9999 -9999
-9999 -9999 -9999 13.474 12.447 -9999 12.865 11.665 10.047 10.019 12.177 12.258 11.711 9.887 10.798 12.671 12.787 12.317 11.954 13.139 12.58 11.262 9.983 9.983 10.342 9.944 11.31 11.108 12.358 12.637 11.615 11.974 10.876 10.94 10.651 10.284 10.999 12.124 12.279 12.496 12.693 12.75 13.091 13.166 13.545 13.69 13.768 13.775 13.779 13.819 -9999 -9999 -9999 -9999 -9999 -9999 -9999 -9999 -9999 -9999 -9999 -9999 -9999 -9999 -9999 -9999 -9999 -9999 -9999 -9999 -9999 -9999 -9999 -9999 -9999
-9999 -9999 13.659 13.086 -9999 13.662 12.483 -9999 11.777 13.115 11.933 11.848 9.716 10.364 11.908 11.443 11.416 12.327 13.334 11.891 11.291 10.333 9.432 9.384 9.229 9.913 10.925 12.196 13.121 12.215 12.211 10.743 10.065 10.439 10.899 10.928 11.656 11.735 12.056 12.616 12.655 12.644 12.646 12.983 13.263 13.293 13.616 13.453 13.484 13.852 -9999 -9999 -9999 -9999 -9999 -9999 -9999 -9999 -9999 -9999 -9999 -9999 -9999 -9999 -9999 -9999 -9999 -9999 -9999 -9999 -9999 -9999 -9999 -9999 -9999
-9999 -9999 14.056 -9999 -9999 13.279 12.451 11.856 13.06 11.549 11.643 11.941 11.946 12.164 12.44 12.748 13.319 13.345 11.377 10.342 10.001 9.461 9.061 8.804 9.643 11.494 12.452 12.283 11.117 11.175 8.878 8.649 9.68 10.186 10.244 11.246 11.438 11.669 12.124 13.306 13.122 12.989 13.223 12.95 12.005 13.048 13.747 13.702 13.794 13.888 -9999 -9999 -9999 -9999 -9999 -9999 -9999 -9999 -9999 -9999 -9999 -9999 -9999 -9999 -9999 -9999 -9999 -9999 -9999 -9999 -9999 -9999 -9999 -9999 -9999
-9999 -9999 -9999 -9999 -9999 -9999 11.572 12.048 12.631 11.144 11.254 12.65 12.0 11.634 11.965 12.13 12.304 10.979 10.092 9.78 10.692 10.496 9.615 9.63 11.247 12.516 12.311 11.416 10.45 8.532 9.092 8.716 9.393 9.64 10.387 10.882 11.302 12.105 13.337 13.435 13.134 13.589 13.631 12.832 13.3 13.916 13.963 13.646 13.582 -9999 -9999 -9999 -9999 -9999 -9999 -9999 -9999 -9999 -9999 -9999 -9999 -9999 -9999 -9999 -9999 -9999 -9999 -9999 -9999 -9999 -9999 -9999 -9999 -9999 -9999
-9999 -9999 -9999 -9999 14.114 13.216 -9999 11.909 11.917 11.042 13.07 13.017 12.401 11.58 10.285 10.363 10.727 11.419 11.175 11.15 10.663 11.019 10.974 11.58 11.958 11.276 11.034 10.001 8.859 9.417 9.066 10.21 10.481 11.134 12.025 11.879 11.958 12.152 12.227 12.553 12.726 12.437 13.026 13.738 13.525 13.309 13.089 13.105 13.54 -9999 -9999 -9999 -9999 -9999 -9999 -9999 -9999 -9999 -9999 -9999 -9999 -9999 -9999 -9999 -9999 -9999 -9999 -9999 -9999 -9999 -9999 -9999 -9999 -9999 -9999
-9999 -9999 -9999 14.059 14.103 12.161 12.244 10.938 10.466 11.3 11.228 12.075 12.639 11.968 12.22 11.938 10.705 10.932 9.908 9.005 11.977 11.688 11.751 11.554 11.181 10.489 10.239 9.548 10.198 10.408 10.835 10.822 11.156 10.851 10.603 10.199 10.922 11.268 10.701 10.387 10.909 11.582 12.415 12.428 12.468 12.585 12.872 13.176 -9999 -9999 -9999 -9999 -9999 -9999 -9999 -9999 -9999 -9999 -9999 -9999 -9999 -9999 -9999 -9999 -9999 -9999 -9999 -9999 -9999 -9999 -9999 -9999 -9999 -9999 -9999
-9999 -9999 -9999 14.048 -9999 13.513 13.058 12.368 11.843 11.294 12.454 12.269 11.183 13.011 13.245 12.297 11.869 10.704 10.692 12.531 11.514 10.313 10.755 10.942 9.372 10.229 9.946 9.684 9.651 10.112 10.138 10.339 10.042 10.064 9.34 9.475 11.338 10.323 10.475 12.009 11.923 11.542 12.061 12.007 12.271 13.093 12.936 13.199 -9999 -9999 -9999 -9999 -9999 -9999 -9999 -9999 -9999 -9999 -9999 -9999 -9999 -9999 -9999 -9999 -9999 -9999 -9999 -9999 -9999 -9999 -9999 -9999 -9999 -9999 -9999
-9999 -9999 -9999 -9999 -9999 12.674 11.597 13.283 13.238 13.465 13.654 12.92 13.649 13.549 13.019 12.392 11.032 11.995 12.044 11.513 9.822 10.673 11.671 10.108 9.357 10.397 10.049 10.273 9.539 10.009 10.23 8.939 9.332 9.171 8.331 9.843 10.055 9.752 10.971 11.768 12.206 13.005 12.677 12.325 13.249 13.522 13.361 13.342 -9999 -9999 -9999 -9999 -9999 -9999 -9999 -9999 -9999 -9999 -9999 -9999 -9999 -9999 -9999 -9999 -9999 -9999 -9999 -9999 -9999 -9999 -9999 -9999 -9999 -9999 -9999
-9999 -9999 -9999 13.917 13.538 12.238 12.689 13.334 11.777 12.822 12.098 12.152 -9999 12.178 8.975 9.677 10.238 10.441 9.937 9.633 9.702 9.987 9.957 10.018 10.677 11.065 11.552 10.996 10.561 10.683 9.376 10.446 10.472 10.421 9.787 9.694 10.33 11.666 11.078 11.489 12.395 12.103 13.022 13.64 13.918 13.67 13.187 13.688 -9999 -9999 -9999 -9999 -9999 -9999 -9999 -9999 -9999 -9999 -9999 -9999 -9999 -9999 -9999 -9999 -9999 -9999 -9999 -9999 -9999 -9999 -9999 -9999 -9999 -9999 -9999
13.957 13.86 13.666 -9999 13.679 13.128 13.178 12.32 11.501 11.569 12.177 -9999 11.787 8.857 9.441 9.522 10.791 10.77 10.828 10.105 10.23 9.696 10.361 11.207 11.541 11.887 12.474 12.075 12.296 10.983 11.033 11.084 11.254 11.405 11.105 10.97 11.625 11.604 11.543 11.645 11.646 13.158 13.726 14.039 13.867 13.205 13.59 -9999 -9999 -9999 -9999 -9999 -9999 -9999 -9999 -9999 -9999 -9999 -9999 -9999 -9999 -9999 -9999 -9999 -9999 -9999 -9999 -9999 -9999 -9999 -9999 -9999 -9999 -9999 -9999
13.894 13.591 12.712 12.855 -9999 13.271 13.01 12.405 11.765 12.696 13.559 12.827 11.063 10.755 11.782 10.762 11.302 11.166 11.116 10.93 11.335 10.963 11.72 11.305 10.586 12.201 12.095 12.614 12.433 11.922 11.273 11.732 12.202 11.953 11.378 11.686 11.753 12.247 12.022 12.267 13.126 13.651 13.742 13.767 13.674 -9999 -9999 -9999 -9999 -9999 -9999 -9999 -9999 -9999 -9999 -9999 -9999 -9999 -9999 -9999 -9999 -9999 -9999 -9999 -9999 -9999 -9999 -9999 -9999 -9999 -9999 -9999 -9999 -9999 -9999
-9999 -9999 12.823 -9999 12.304 12.301 12.172 10.82 11.192 -9999 -9999 11.292 12.151 12.739 10.541 11.093 10.517 11.225 10.797 12.367 12.478 12.791 12.771 12.103 12.409 11.985 12.608 12.133 12.26 12.341 12.058 12.103 12.627 12.228 12.148 12.144 12.568 12.391 12.894 13.543 13.937 13.889 13.683 13.951 -9999 -9999 -9999 -9999 -9999 -9999 -9999 -9999 -9999 -9999 -9999 -9999 -9999 -9999 -9999 -9999 -9999 -9999 -9999 -9999 -9999 -9999 -9999 -9999 -9999 -9999 -9999 -9999 -9999 -9999 -9999
13.139 -9999 12.651 11.612 12.455 11.97 11.882 12.538 -9999 -9999 12.158 11.098 11.487 10.372 11.989 11.808 11.624 11.634 12.279 12.35 12.257 12.002 11.722 11.048 10.114 11.428 11.88 12.007 13.204 13.381 13.09 12.314 12.348 12.685 12.674 12.895 13.14 13.237 13.685 13.995 14.01 13.805 13.791 13.686 13.809 -9999 -9999 -9999 -9999 -9999 -9999 -9999 -9999 -9999 -9999 -9999 -9999 -9999 -9999 -9999 -9999 -9999 -9999 -9999 -9999 -9999 -9999 -9999 -9999 -9999 -9999 -9999 -9999 -9999 -9999
12.637 12.614 12.922 12.717 12.32 12.263 12.4 -9999 -9999 13.916 11.972 12.937 11.775 12.497 11.338 10.292 11.69 11.662 11.79 10.851 10.408 10.906 11.676 12.011 12.285 12.715 12.15 12.738 12.79 12.701 12.441 12.422 12.677 13.127 13.4 13.668 13.851 13.86 13.773 13.74 13.808 13.784 13.745 13.88 -9999 -9999 -9999 -9999 -9999 -9999 -9999 -9999 -9999 -9999 -9999 -9999 -9999 -9999 -9999 -9999 -9999 -9999 -9999 -9999 -9999 -9999 -9999 -9999 -9999 -9999 -9999 -9999 -9999 -9999 -9999
11.838 13.124 -9999 -9999 13.25 12.273 -9999 -9999 -9999 13.728 12.764 10.503 11.268 9.657 10.822 12.198 12.052 11.399 11.018 10.937 10.935 11.713 11.493 11.207 12.261 12.866 12.07 11.562 11.526 12.277 12.738 13.539 13.376 13.943 14.069 14.216 13.968 13.316 13.297 13.378 13.486 13.528 13.848 14.016 -9999 -9999 -9999 -9999 -9999 -9999 -9999 -9999 -9999 -9999 -9999 -9999 -9999 -9999 -9999 -9999 -9999 -9999 -9999 -9999 -9999 -9999 -9999 -9999 -9999 -9999 -9999 -9999 -9999 -9999 -9999
-9999 13.595 13.605 13.137 -9999 -9999 -9999 -9999 12.733 12.651 11.023 11.771 11.606 10.566 11.637 11.828 11.186 9.878 10.987 9.885 11.856 11.355 10.473 12.44 13.442 11.525 10.292 10.661 12.442 12.462 13.055 13.255 13.909 14.138 14.172 13.874 13.003 13.433 13.555 13.724 13.653 13.821 14.144 -9999 -9999 -9999 -9999 -9999 -9999 -9999 -9999 -9999 -9999 -9999 -9999 -9999 -9999 -9999 -9999 -9999 -9999 -9999 -9999 -9999 -9999 -9999 -9999 -9999 -9999 -9999 -9999 -9999 -9999 -9999 -9999
