Validation/Results/ReClimate_11_2023_1_Precipitation-Actualsweatherlogisticsltd.asc
NCOLS 192
NROWS 249
XLLCENTER -225160.85627316462
YLLCENTER 29788.11610251502
CELLSIZE 5000.0
NODATA_VALUE -9999
[rows 198 to 230 of 249, columns 74 to 147 of 192]
-9999 -9999 -9999 -9999 -9999 -9999 -9999 -9999 -9999 -9999 -9999 -9999 -9999 -9999 -9999 -9999 -9999 -9999 165.495 167.29 169.479 169.939 162.675 182.179 195.218 224.862 254.647 282.946 264.936 240.877 205.554 165.44 143.771 137.413 144.765 155.392 133.397 110.125 91.195 86.388 83.887 85.954 79.691 84.004 82.96 80.959 76.066 71.73 68.871 69.349 65.333 66.824 64.098 61.888 60.955 62.356 61.805 62.589 61.309 62.652 66.13 66.481 68.951 70.296 68.849 65.515 63.737 65.111 63.695 60.905 60.572 55.969 53.888 52.534
-9999 -9999 -9999 -9999 -9999 -9999 -9999 -9999 -9999 -9999 -9999 -9999 -9999 -9999 -9999 113.25 142.37 155.142 157.663 172.48 177.819 185.167 185.335 172.375 208.412 230.223 258.051 244.706 247.492 215.884 192.76 176.442 149.797 133.532 157.346 133.393 113.607 90.853 83.769 80.808 86.944 79.025 80.468 76.13 79.191 81.36 78.254 77.265 71.917 68.196 61.735 63.431 67.046 60.597 58.591 59.579 63.736 64.904 69.538 66.381 64.691 67.183 66.576 68.256 67.831 65.258 62.327 62.802 63.236 60.329 57.269 55.912 52.384 52.196
-9999 -9999 -9999 -9999 -9999 -9999 -9999 -9999 -9999 -9999 -9999 -9999 -9999 151.036 139.361 146.575 153.935 159.959 174.571 177.768 191.834 191.613 185.906 212.823 204.236 227.022 237.098 224.215 222.894 219.432 210.753 180.738 156.974 149.302 127.997 114.226 100.056 111.844 95.78 81.471 78.024 74.586 72.237 73.979 78.518 78.81 79.291 74.039 71.216 65.634 59.44 65.715 68.701 64.165 67.11 66.265 64.66 65.024 65.107 70.48 68.63 69.864 72.577 72.787 71.723 68.921 64.686 61.342 61.059 58.894 55.569 52.987 54.863 52.95
-9999 -9999 -9999 -9999 -9999 -9999 -9999 -9999 -9999 163.139 168.708 162.799 156.889 181.358 174.787 180.922 177.215 180.868 188.179 194.22 208.065 205.945 206.495 229.743 213.002 223.445 213.862 211.746 218.008 218.694 200.011 181.808 161.9 147.002 124.126 104.048 125.952 122.697 102.995 99.481 84.646 78.196 72.527 77.766 84.854 76.562 78.452 69.579 68.209 64.766 65.471 68.736 68.205 71.906 70.954 73.685 69.392 65.983 67.172 69.193 70.843 72.255 71.539 71.224 71.803 69.503 66.627 63.185 60.312 59.243 58.115 58.885 54.359 53.871
-9999 -9999 -9999 -9999 -9999 -9999 -9999 -9999 140.928 167.164 168.633 184.809 220.013 234.017 230.415 217.855 201.835 205.92 205.394 213.928 219.912 213.497 234.278 223.169 215.918 199.542 193.137 196.754 211.03 212.737 192.928 177.761 163.979 141.764 136.433 151.712 175.111 140.737 120.897 96.834 93.659 86.443 86.089 82.16 73.906 75.132 71.577 70.833 68.53 67.27 76.629 78.378 79.868 80.317 83.542 78.277 73.146 77.33 75.333 76.405 75.248 73.549 73.95 71.521 69.893 67.538 65.83 64.938 61.587 63.729 63.321 58.385 58.739 54.295
-9999 -9999 -9999 -9999 -9999 -9999 -9999 125.785 146.242 165.265 176.689 196.606 219.247 223.331 223.012 211.478 210.81 205.302 210.944 210.305 217.179 228.257 223.743 205.861 187.248 174.885 193.252 216.561 224.72 226.658 199.287 181.18 155.667 156.456 142.827 183.417 175.719 166.96 123.483 113.208 102.9 96.032 85.995 80.177 79.911 81.192 81.611 73.498 69.846 69.622 78.656 75.136 81.702 92.89 88.34 86.863 80.512 81.053 84.151 80.559 78.864 76.051 73.336 70.985 65.813 64.689 65.188 66.621 65.984 62.887 63.302 59.776 59.652 61.418
-9999 -9999 -9999 -9999 -9999 118.179 -9999 126.83 140.86 154.174 164.104 172.292 186.851 187.398 189.546 194.291 193.089 190.079 191.378 205.26 193.287 194.424 186.892 185.754 183.906 205.404 237.487 280.088 312.323 268.718 258.799 240.036 227.993 196.946 168.793 169.868 197.712 148.438 124.58 122.768 114.204 101.183 88.593 84.934 88.981 88.589 83.59 74.166 70.404 74.956 78.867 90.163 96.626 95.979 91.622 85.694 82.353 79.236 82.65 80.335 77.009 72.789 70.007 69.625 66.748 64.079 65.938 65.742 66.254 64.171 62.949 64.459 62.562 65.252
-9999 -9999 -9999 -9999 -9999 -9999 -9999 -9999 -9999 152.341 151.137 162.705 166.653 167.924 174.783 184.674 181.496 171.353 181.528 177.994 176.4 187.068 188.831 201.488 204.198 232.492 271.279 312.045 314.084 313.57 291.944 298.123 290.498 216.94 197.756 189.603 141.069 138.472 137.147 113.177 106.316 98.508 102.412 102.047 106.151 99.656 84.038 73.869 73.485 77.725 87.936 107.491 108.4 104.047 93.102 86.354 84.198 87.002 80.462 77.726 73.566 69.232 65.979 64.419 66.402 64.109 64.405 63.948 65.035 66.917 69.124 72.676 72.452 66.867
-9999 -9999 -9999 -9999 -9999 -9999 -9999 -9999 -9999 146.239 150.309 156.576 160.816 171.524 182.125 187.893 175.535 166.931 169.239 164.626 177.935 187.543 193.514 199.047 203.27 221.593 244.267 266.21 273.274 269.889 276.875 291.988 255.062 237.241 210.037 168.119 171.962 178.485 138.275 117.137 99.734 115.273 112.508 117.089 113.85 104.368 84.644 78.574 80.988 97.233 103.498 103.837 103.331 102.661 95.689 90.855 85.06 84.161 83.586 75.975 71.903 68.203 65.403 63.487 64.536 66.445 65.718 62.91 65.293 69.548 76.262 75.786 75.229 74.1
-9999 -9999 -9999 -9999 -9999 -9999 -9999 116.354 127.86 142.066 147.276 -9999 156.986 162.274 167.851 160.791 154.181 150.258 -9999 151.048 163.0 173.655 195.005 195.304 215.842 221.118 242.087 253.97 247.515 241.191 265.573 246.722 224.977 215.33 210.267 191.64 194.809 185.154 145.468 124.044 112.888 112.471 121.241 119.458 114.849 95.406 83.414 82.274 92.066 96.889 102.081 100.115 104.25 97.661 92.943 88.928 83.112 76.894 74.653 73.247 74.997 70.381 67.154 63.363 61.505 62.363 65.152 66.22 68.306 75.757 79.889 82.573 77.375 75.677
-9999 -9999 -9999 -9999 -9999 -9999 -9999 116.242 -9999 -9999 -9999 146.875 150.424 150.763 -9999 -9999 -9999 -9999 -9999 142.597 151.416 169.16 169.23 185.312 194.62 204.181 221.244 226.664 235.544 304.956 316.277 275.87 234.213 220.839 218.578 207.103 198.156 162.739 148.095 127.25 117.677 126.824 117.143 116.861 99.141 87.113 84.84 89.371 98.798 98.732 104.739 98.384 95.8 94.615 88.242 82.738 77.98 72.631 70.712 68.484 68.032 68.926 66.104 65.634 62.625 63.883 66.534 72.665 78.353 82.303 85.732 85.312 80.169 74.93
-9999 -9999 -9999 -9999 -9999 -9999 -9999 -9999 -9999 129.342 138.669 142.76 140.19 140.522 -9999 -9999 -9999 -9999 -9999 -9999 -9999 -9999 158.941 175.918 177.053 177.541 190.641 215.732 279.188 333.422 349.004 311.829 261.828 238.267 218.828 195.251 193.362 182.281 147.602 131.569 141.921 131.529 125.553 100.88 92.071 89.177 92.693 103.7 97.468 103.472 101.854 94.849 88.693 85.158 82.016 77.684 72.892 71.601 68.179 65.865 63.389 63.276 63.929 65.34 66.428 67.684 74.187 77.656 84.036 87.755 85.885 83.709 78.746 72.211
-9999 -9999 -9999 -9999 -9999 -9999 -9999 -9999 -9999 -9999 136.47 -9999 -9999 -9999 -9999 -9999 -9999 -9999 -9999 -9999 143.677 150.508 163.105 164.001 155.675 159.65 174.96 210.56 263.334 315.658 325.255 290.871 253.056 230.569 209.06 190.913 187.943 159.596 133.675 128.784 133.726 129.54 113.978 -9999 92.891 94.339 99.819 106.853 103.864 101.342 96.861 89.716 85.202 80.301 79.939 77.201 71.007 68.863 67.14 63.788 63.012 63.509 64.169 64.342 68.223 77.506 80.149 85.841 82.915 83.145 81.774 77.875 70.05 69.448
-9999 -9999 -9999 -9999 -9999 -9999 -9999 -9999 -9999 -9999 -9999 -9999 -9999 -9999 -9999 -9999 -9999 -9999 -9999 -9999 140.241 146.727 146.569 141.535 -9999 -9999 -9999 173.033 229.297 253.916 260.912 238.798 226.082 219.98 197.063 172.88 158.497 140.183 120.913 118.244 114.341 104.114 -9999 91.365 92.86 95.625 103.915 106.508 100.25 99.903 96.805 87.791 83.326 79.899 78.002 77.624 71.371 67.325 73.86 73.348 70.113 67.414 66.696 67.465 68.785 72.154 82.404 82.907 79.094 77.424 76.812 69.844 66.483 64.385
-9999 -9999 -9999 -9999 -9999 -9999 -9999 -9999 -9999 -9999 -9999 -9999 -9999 -9999 -9999 -9999 -9999 -9999 -9999 -9999 -9999 -9999 -9999 -9999 -9999 -9999 -9999 131.838 169.869 196.218 192.408 188.578 190.01 184.54 169.609 155.956 143.867 127.356 124.719 121.389 -9999 -9999 91.1 89.94 95.674 99.061 105.861 106.27 100.114 98.825 90.649 82.568 84.549 82.169 81.0 84.754 84.434 79.968 80.83 87.37 82.585 75.501 74.714 73.198 74.434 77.672 78.193 79.27 75.32 69.915 69.56 67.834 64.358 64.488
-9999 -9999 -9999 -9999 -9999 -9999 -9999 -9999 -9999 -9999 -9999 -9999 -9999 -9999 -9999 -9999 -9999 -9999 -9999 -9999 -9999 -9999 -9999 -9999 -9999 -9999 -9999 123.333 138.222 146.925 155.129 162.118 158.108 153.318 148.066 140.494 125.023 -9999 -9999 -9999 -9999 -9999 89.089 95.725 100.239 101.781 104.65 106.681 101.106 96.126 86.628 79.42 79.776 87.963 87.312 93.304 94.609 92.273 88.838 88.542 86.223 78.611 76.546 75.821 74.932 78.235 73.593 71.378 67.373 65.807 64.86 63.258 62.48 62.154
-9999 -9999 -9999 -9999 -9999 -9999 -9999 -9999 -9999 -9999 -9999 -9999 -9999 -9999 -9999 -9999 -9999 -9999 -9999 -9999 -9999 -9999 -9999 -9999 -9999 -9999 -9999 -9999 -9999 131.324 147.025 145.146 138.292 137.104 134.432 123.403 -9999 -9999 -9999 -9999 100.821 102.558 104.193 102.495 107.243 99.99 106.71 107.141 102.721 93.688 85.708 85.273 87.989 93.381 96.028 95.426 97.962 93.474 89.315 83.909 82.029 78.726 73.921 75.019 72.377 71.697 70.624 66.73 65.43 65.813 68.446 66.429 63.375 63.438
-9999 -9999 -9999 -9999 -9999 -9999 -9999 -9999 -9999 -9999 -9999 -9999 -9999 -9999 -9999 -9999 -9999 -9999 -9999 -9999 -9999 -9999 -9999 -9999 -9999 -9999 -9999 -9999 -9999 -9999 127.696 123.325 122.902 116.558 116.747 -9999 -9999 -9999 -9999 105.739 101.372 107.213 111.152 111.604 103.834 97.977 101.882 100.523 102.359 93.171 89.449 93.254 93.596 95.819 100.378 97.429 95.337 93.272 91.839 86.234 81.788 77.206 77.011 74.914 73.498 72.438 69.792 68.286 69.972 72.435 72.904 69.933 65.659 64.067
-9999 -9999 -9999 -9999 -9999 -9999 -9999 -9999 -9999 -9999 -9999 -9999 -9999 -9999 -9999 -9999 -9999 -9999 -9999 -9999 -9999 -9999 -9999 -9999 -9999 -9999 -9999 -9999 -9999 -9999 -9999 -9999 -9999 -9999 -9999 -9999 -9999 -9999 105.311 103.257 101.299 109.453 114.515 111.157 102.726 100.992 99.191 101.257 97.478 87.598 88.766 87.017 90.02 91.911 93.211 97.766 98.602 96.223 99.754 99.815 93.064 88.223 84.436 77.416 73.827 73.839 71.122 69.912 72.165 74.339 72.784 69.248 66.885 66.01
-9999 -9999 -9999 -9999 -9999 -9999 -9999 -9999 -9999 -9999 -9999 -9999 -9999 -9999 -9999 -9999 -9999 -9999 -9999 -9999 -9999 -9999 -9999 -9999 -9999 -9999 -9999 -9999 -9999 -9999 -9999 -9999 -9999 -9999 -9999 -9999 -9999 95.838 100.109 106.015 110.717 134.37 129.113 117.092 110.537 106.967 104.446 100.921 88.88 82.972 81.417 82.441 89.573 89.776 95.183 99.526 106.231 104.459 101.002 108.924 104.197 99.506 93.551 85.098 76.803 74.871 73.951 73.152 74.087 74.989 73.192 69.95 68.935 69.93
-9999 -9999 -9999 -9999 -9999 -9999 -9999 -9999 -9999 -9999 -9999 -9999 -9999 -9999 -9999 -9999 -9999 -9999 -9999 -9999 -9999 -9999 -9999 -9999 -9999 -9999 -9999 -9999 -9999 -9999 -9999 -9999 -9999 -9999 -9999 -9999 -9999 93.596 93.059 95.343 111.75 122.551 128.527 136.853 128.099 122.179 116.236 102.438 91.759 89.501 93.951 95.825 98.531 95.041 91.563 94.408 98.541 105.897 103.966 103.435 104.085 95.879 95.031 89.451 83.014 80.083 78.081 80.596 80.367 77.929 76.4 73.526 75.642 82.76
-9999 -9999 -9999 -9999 -9999 -9999 -9999 -9999 -9999 -9999 -9999 -9999 -9999 -9999 -9999 -9999 -9999 -9999 -9999 -9999 -9999 -9999 -9999 -9999 179.272 203.711 236.995 214.023 -9999 181.322 -9999 -9999 -9999 -9999 -9999 -9999 -9999 -9999 84.827 86.82 94.315 102.638 117.275 127.602 135.9 128.995 114.332 104.992 99.479 105.717 104.159 94.571 97.003 94.954 89.652 91.859 93.054 96.785 96.957 98.864 96.542 97.028 96.109 99.795 97.445 90.411 87.856 86.892 85.426 84.263 82.956 81.174 83.173 85.629
-9999 -9999 -9999 -9999 -9999 -9999 -9999 -9999 -9999 -9999 -9999 -9999 -9999 -9999 -9999 -9999 -9999 -9999 -9999 -9999 -9999 153.232 159.21 157.491 181.083 233.183 247.752 230.649 223.748 190.271 151.491 125.946 -9999 -9999 101.626 97.39 89.762 79.805 84.021 82.647 87.516 95.77 105.42 114.783 121.634 120.777 115.545 107.698 115.247 109.139 101.609 102.76 95.755 94.22 90.496 89.386 91.155 93.479 96.553 92.413 94.862 96.677 100.802 99.566 104.94 103.68 95.204 93.045 88.189 86.897 89.357 87.612 100.049 101.585
-9999 -9999 -9999 -9999 -9999 -9999 -9999 -9999 -9999 -9999 -9999 -9999 -9999 -9999 -9999 -9999 -9999 -9999 -9999 -9999 158.159 154.769 147.795 151.393 186.244 231.925 252.974 258.16 246.901 205.316 177.089 142.661 118.427 120.504 114.575 110.121 94.003 89.378 83.984 81.928 86.932 94.802 94.57 105.039 109.385 111.364 111.162 124.581 115.33 116.403 112.111 107.778 103.07 96.83 93.746 91.703 94.595 95.967 95.161 94.946 92.553 95.364 98.864 105.749 108.93 107.712 103.279 99.855 103.281 96.123 93.605 93.97 94.715 105.764
-9999 -9999 -9999 -9999 -9999 -9999 -9999 -9999 -9999 -9999 -9999 -9999 -9999 -9999 -9999 -9999 -9999 -9999 -9999 -9999 159.809 137.925 131.052 141.427 174.847 206.877 221.757 234.831 218.062 199.801 171.447 157.488 152.105 136.796 122.255 106.816 100.032 91.738 81.1 79.505 81.206 84.703 86.883 91.318 92.39 98.989 113.618 114.582 115.673 118.871 112.077 106.801 107.862 103.986 100.233 97.164 98.13 99.4 96.976 94.864 96.515 89.67 93.654 102.48 112.596 114.088 107.723 107.728 109.472 108.118 100.35 94.337 94.016 96.588
-9999 -9999 -9999 -9999 -9999 -9999 -9999 -9999 -9999 -9999 -9999 -9999 -9999 -9999 -9999 -9999 -9999 -9999 -9999 -9999 147.85 130.961 130.539 136.242 152.594 163.639 177.343 183.533 188.542 182.338 170.468 160.587 160.521 140.459 112.581 101.19 96.154 89.559 82.11 74.737 74.38 82.579 82.958 83.523 92.398 100.124 106.712 107.26 104.311 110.133 109.512 114.965 113.683 107.79 100.659 99.068 99.819 99.327 102.128 99.045 96.731 103.797 99.617 105.176 113.11 124.446 120.083 112.076 113.42 106.96 101.102 99.675 94.103 96.346
-9999 -9999 -9999 -9999 -9999 -9999 -9999 -9999 -9999 -9999 -9999 -9999 -9999 -9999 -9999 -9999 160.214 178.818 -9999 157.548 139.035 147.219 139.369 132.752 130.928 141.562 149.366 164.572 171.392 171.199 156.583 152.816 142.744 123.438 111.361 101.498 98.232 95.374 89.808 78.578 84.536 85.262 82.915 85.611 91.801 98.736 103.136 103.355 110.579 113.151 114.431 123.652 121.541 111.862 99.357 95.932 102.706 106.915 102.064 103.734 97.947 102.428 110.938 107.896 112.662 116.483 119.537 111.627 111.376 114.12 108.525 103.762 99.822 95.621
-9999 -9999 -9999 -9999 -9999 -9999 -9999 -9999 -9999 -9999 -9999 -9999 -9999 -9999 -9999 -9999 165.487 169.879 168.263 157.378 151.23 148.493 136.177 131.614 141.249 137.828 146.442 153.03 155.677 159.723 149.719 138.437 131.519 123.411 123.611 126.727 116.708 106.226 94.236 88.428 94.509 94.051 94.103 100.677 114.802 97.935 104.3 104.304 106.719 109.031 115.918 117.875 118.002 111.333 104.54 105.883 109.196 107.668 101.112 98.685 100.879 100.719 104.357 105.892 111.459 117.685 115.673 123.199 117.881 118.444 115.565 112.891 105.009 101.14
-9999 -9999 -9999 -9999 -9999 -9999 -9999 -9999 -9999 -9999 -9999 -9999 -9999 -9999 -9999 148.191 156.39 163.958 170.067 170.599 157.272 150.358 143.497 143.501 139.022 133.855 138.421 139.371 139.849 141.518 132.954 126.124 120.498 123.971 139.672 139.22 141.686 123.839 110.652 106.738 103.193 100.957 105.663 114.205 105.041 105.775 103.724 104.767 111.038 118.705 113.064 112.248 109.451 111.8 110.191 107.657 114.088 112.411 104.673 97.593 104.97 100.504 100.598 101.807 105.466 111.745 112.44 117.791 126.382 119.032 127.849 116.991 120.571 118.005
-9999 -9999 -9999 -9999 -9999 -9999 -9999 -9999 -9999 -9999 -9999 -9999 -9999 -9999 -9999 -9999 136.847 154.875 158.994 153.522 151.45 151.686 140.524 132.245 132.906 129.747 131.847 129.827 128.7 121.615 118.681 120.226 112.66 125.568 136.661 146.776 143.037 135.371 125.547 119.27 110.292 112.575 116.903 119.195 110.746 111.433 113.743 114.764 120.998 113.159 114.039 107.556 106.604 109.105 110.109 109.511 110.935 111.049 107.653 118.597 -9999 105.714 97.542 104.372 100.551 97.613 100.819 101.625 105.54 106.38 107.694 109.556 104.443 115.466
-9999 -9999 -9999 -9999 -9999 -9999 -9999 -9999 -9999 -9999 -9999 -9999 -9999 -9999 -9999 130.052 129.444 141.691 145.983 150.036 154.627 148.127 138.451 131.951 124.724 125.909 124.81 117.374 106.847 109.269 113.565 107.362 111.642 120.382 127.956 137.922 143.091 130.775 125.769 134.564 131.534 128.67 137.648 127.404 130.941 136.052 129.283 125.437 120.187 116.412 112.218 110.019 107.296 108.883 108.902 109.857 110.983 110.34 110.682 105.468 108.649 -9999 93.292 -9999 92.671 -9999 90.353 -9999 93.605 94.155 96.506 94.164 92.378 96.013
-9999 -9999 -9999 -9999 -9999 -9999 -9999 -9999 -9999 -9999 -9999 -9999 -9999 -9999 -9999 126.438 133.885 139.597 140.613 151.592 154.6 155.356 151.623 148.502 138.618 137.344 131.704 124.39 104.273 107.9 105.867 103.771 107.02 117.269 128.285 140.796 135.072 123.527 133.91 133.247 120.508 125.492 122.389 125.565 141.939 137.733 128.842 128.129 120.385 117.03 114.957 111.869 108.93 105.309 105.097 106.91 106.618 103.665 101.371 99.772 96.165 -9999 -9999 88.868 86.613 -9999 -9999 86.585 86.52 87.217 -9999 -9999 -9999 -9999
-9999 -9999 -9999 -9999 -9999 -9999 -9999 -9999 -9999 -9999 -9999 -9999 -9999 -9999 145.624 143.656 154.925 145.398 141.977 143.341 151.104 163.187 177.539 188.897 193.475 165.568 142.589 120.934 117.431 111.545 102.444 98.254 106.981 114.994 130.611 130.283 125.439 118.064 122.356 106.415 107.244 110.307 117.387 130.324 130.823 128.763 126.372 121.525 119.86 114.006 108.988 109.145 109.394 106.777 99.636 95.126 100.197 99.393 -9999 -9999 -9999 97.961 -9999 -9999 -9999 -9999 -9999 -9999 89.223 -9999 -9999 -9999 -9999 -9999
