Validation/Results/ReClimate_11_2023_2weatherlogisticsltd.asc
NCOLS 192
NROWS 249
XLLCENTER -225160.85627316462
YLLCENTER 29788.11610251502
CELLSIZE 5000.0
NODATA_VALUE -9999
[rows 198 to 230 of 249, columns 75 to 149 of 192]
-9999 -9999 -9999 -9999 -9999 -9999 -9999 -9999 -9999 -9999 -9999 -9999 -9999 -9999 -9999 -9999 -9999 99.852 99.84 99.79 99.8 99.824 99.765 99.72 99.718 99.702 99.631 99.452 99.617 99.79 99.721 99.529 99.585 99.781 99.783 99.79 99.8 99.809 99.819 99.828 99.835 99.842 99.846 99.849 99.851 99.848 99.845 99.839 99.834 99.852 99.898 99.956 100.017 100.081 100.149 100.222 100.298 100.375 100.455 100.543 100.624 100.699 100.778 100.864 100.956 101.058 101.171 101.297 101.425 101.547 101.66 101.774 101.897 102.027 102.153
-9999 -9999 -9999 -9999 -9999 -9999 -9999 -9999 -9999 -9999 -9999 -9999 -9999 -9999 99.854 99.852 99.843 99.832 99.809 99.8 99.766 99.651 99.664 99.66 99.594 99.446 99.471 99.668 99.769 99.765 99.536 99.159 99.39 99.767 99.772 99.778 99.789 99.8 99.811 99.818 99.825 99.841 99.849 99.856 99.86 99.863 99.863 99.857 99.85 99.864 99.906 99.959 100.018 100.08 100.147 100.218 100.293 100.374 100.457 100.541 100.625 100.7 100.774 100.855 100.945 101.044 101.154 101.275 101.388 101.493 101.601 101.709 101.812 101.925 102.046
-9999 -9999 -9999 -9999 -9999 -9999 -9999 -9999 -9999 -9999 -9999 -9999 99.805 99.814 99.819 99.82 99.816 99.808 99.8 99.793 99.71 99.685 99.666 99.594 99.428 99.543 99.579 99.319 99.415 99.745 99.549 99.554 99.765 99.751 99.757 99.765 99.776 99.789 99.797 99.794 99.813 99.84 99.849 99.856 99.862 99.864 99.86 99.855 99.852 99.867 99.904 99.954 100.008 100.068 100.133 100.202 100.276 100.353 100.437 100.525 100.615 100.693 100.766 100.845 100.932 101.023 101.12 101.216 101.31 101.4 101.499 101.603 101.704 101.815 101.932
-9999 -9999 -9999 -9999 -9999 -9999 -9999 -9999 99.828 99.799 99.797 99.796 99.776 99.776 99.782 99.786 99.785 99.782 99.776 99.77 99.747 99.737 99.721 99.653 99.75 99.914 99.679 99.379 99.609 99.821 99.801 99.73 99.724 99.734 99.71 99.657 99.744 99.773 99.783 99.797 99.822 99.836 99.846 99.85 99.851 99.847 99.842 99.839 99.837 99.848 99.884 99.936 99.991 100.048 100.11 100.176 100.246 100.32 100.399 100.484 100.576 100.664 100.738 100.813 100.891 100.975 101.058 101.139 101.216 101.3 101.388 101.48 101.567 101.669 101.794
-9999 -9999 -9999 -9999 -9999 -9999 -9999 99.844 99.808 99.788 99.766 99.745 99.733 99.736 99.743 99.749 99.752 99.753 99.75 99.746 99.742 99.737 99.728 99.721 99.702 99.434 99.306 99.351 99.478 99.561 99.542 99.591 99.648 99.715 99.676 99.723 99.742 99.755 99.772 99.79 99.806 99.82 99.829 99.834 99.832 99.825 99.82 99.816 99.813 99.819 99.848 99.899 99.952 100.008 100.065 100.127 100.193 100.263 100.337 100.417 100.503 100.598 100.678 100.751 100.829 100.91 100.984 101.053 101.123 101.199 101.274 101.351 101.429 101.511 101.622
-9999 -9999 -9999 -9999 -9999 -9999 99.843 99.803 99.769 99.741 99.718 99.698 99.689 99.695 99.704 99.712 99.717 99.721 99.722 99.72 99.715 99.706 99.698 99.692 99.25 98.398 98.132 97.382 97.975 99.611 99.617 99.587 99.579 99.465 99.492 99.713 99.714 99.702 99.727 99.765 99.781 99.795 99.806 99.811 99.807 99.799 99.793 99.789 99.785 99.786 99.808 99.856 99.907 99.959 100.015 100.073 100.134 100.199 100.269 100.344 100.425 100.513 100.603 100.678 100.752 100.824 100.895 100.963 101.028 101.093 101.158 101.225 101.295 101.362 101.454
-9999 -9999 -9999 -9999 99.826 -9999 99.795 99.757 99.725 99.699 99.677 99.658 99.65 99.657 99.667 99.676 99.683 99.689 99.693 99.693 99.684 99.677 99.67 99.666 99.129 98.841 98.627 99.308 100.078 99.656 99.644 99.668 99.613 99.572 99.695 99.694 99.664 99.598 99.648 99.735 99.75 99.766 99.779 99.782 99.777 99.771 99.765 99.76 99.756 99.753 99.768 99.813 99.861 99.912 99.965 100.02 100.079 100.14 100.205 100.274 100.35 100.432 100.52 100.602 100.67 100.733 100.793 100.856 100.924 100.986 101.045 101.105 101.168 101.229 101.298
-9999 -9999 -9999 -9999 -9999 -9999 -9999 -9999 99.683 99.659 99.639 99.621 99.613 99.621 99.633 99.643 99.652 99.659 99.663 99.659 99.654 99.648 99.643 99.639 99.465 99.308 99.694 99.857 99.632 99.633 99.578 99.406 99.385 99.166 99.362 99.774 99.713 99.644 99.74 99.89 99.86 99.732 99.742 99.746 99.743 99.74 99.736 99.731 99.727 99.724 99.736 99.768 99.815 99.864 99.915 99.969 100.025 100.084 100.145 100.21 100.28 100.356 100.441 100.517 100.583 100.638 100.692 100.749 100.809 100.871 100.933 100.99 101.046 101.102 101.158
-9999 -9999 -9999 -9999 -9999 -9999 -9999 -9999 99.642 99.62 99.601 99.584 99.577 99.585 99.599 99.61 99.62 99.627 99.627 99.625 99.622 99.619 99.615 99.612 99.514 99.397 99.491 99.607 99.607 99.609 99.47 99.421 99.325 99.426 99.678 99.727 99.68 99.654 99.762 99.853 99.761 99.693 99.702 99.706 99.706 99.706 99.705 99.701 99.698 99.695 99.7 99.723 99.769 99.817 99.867 99.919 99.972 100.028 100.087 100.148 100.214 100.286 100.361 100.431 100.489 100.546 100.596 100.648 100.701 100.755 100.812 100.874 100.93 100.981 101.032
-9999 -9999 -9999 -9999 -9999 -9999 99.662 99.626 99.601 99.581 -9999 99.547 99.54 99.549 99.564 99.577 99.587 -9999 99.59 99.59 99.589 99.588 99.587 99.585 99.527 99.501 99.562 99.582 99.582 99.584 99.536 99.546 99.572 99.554 99.522 99.323 99.365 99.606 99.662 99.681 99.647 99.656 99.662 99.666 99.668 99.671 99.671 99.67 99.667 99.665 99.663 99.679 99.722 99.769 99.818 99.868 99.92 99.974 100.03 100.089 100.151 100.215 100.281 100.345 100.4 100.453 100.505 100.552 100.599 100.647 100.697 100.753 100.812 100.865 100.914
-9999 -9999 -9999 -9999 -9999 -9999 99.622 -9999 -9999 -9999 99.526 99.511 99.504 -9999 -9999 -9999 -9999 -9999 99.554 99.555 99.555 99.556 99.556 99.556 99.545 99.523 99.532 99.556 99.557 99.558 99.561 99.565 99.54 99.519 99.419 99.413 99.569 99.579 99.596 99.606 99.614 99.62 99.626 99.627 99.63 99.634 99.637 99.638 99.637 99.635 99.633 99.639 99.674 99.72 99.769 99.818 99.868 99.921 99.975 100.031 100.086 100.144 100.204 100.263 100.316 100.364 100.415 100.461 100.503 100.545 100.59 100.639 100.692 100.749 100.801
-9999 -9999 -9999 -9999 -9999 -9999 -9999 -9999 99.525 99.504 99.489 99.475 99.466 -9999 -9999 -9999 -9999 -9999 -9999 -9999 -9999 99.523 99.525 99.526 99.52 99.516 99.529 99.529 99.53 99.532 99.534 99.533 99.519 99.521 99.516 99.515 99.524 99.557 99.566 99.573 99.58 99.587 99.591 99.592 99.595 99.598 99.602 99.605 99.606 99.604 99.603 99.602 99.626 99.671 99.718 99.767 99.816 99.867 99.918 99.969 100.022 100.074 100.129 100.186 100.236 100.28 100.327 100.373 100.412 100.449 100.488 100.532 100.58 100.633 100.69
-9999 -9999 -9999 -9999 -9999 -9999 -9999 -9999 -9999 99.466 -9999 -9999 -9999 -9999 -9999 -9999 -9999 -9999 -9999 99.484 99.487 99.49 99.492 99.495 99.497 99.499 99.501 99.502 99.504 99.504 99.502 99.499 99.5 99.501 99.469 99.399 99.451 99.525 99.533 99.54 99.547 99.553 -9999 99.559 99.563 99.566 99.568 99.571 99.573 99.573 99.572 99.573 99.582 99.62 99.667 99.715 99.763 99.81 99.859 99.907 99.956 100.006 100.058 100.112 100.16 100.201 100.243 100.287 100.325 100.358 100.392 100.431 100.475 100.524 100.579
-9999 -9999 -9999 -9999 -9999 -9999 -9999 -9999 -9999 -9999 -9999 -9999 -9999 -9999 -9999 -9999 -9999 -9999 -9999 99.448 99.452 99.456 99.46 -9999 -9999 -9999 99.472 99.474 99.476 99.473 99.468 99.465 99.465 99.467 99.43 99.442 99.485 99.492 99.5 99.508 99.514 -9999 99.524 99.528 99.532 99.535 99.538 99.541 99.542 99.541 99.541 99.543 99.546 99.57 99.614 99.66 99.706 99.752 99.798 99.844 99.892 99.94 99.989 100.04 100.086 100.125 100.164 100.203 100.241 100.272 100.301 100.335 100.376 100.425 100.487
-9999 -9999 -9999 -9999 -9999 -9999 -9999 -9999 -9999 -9999 -9999 -9999 -9999 -9999 -9999 -9999 -9999 -9999 -9999 -9999 -9999 -9999 -9999 -9999 -9999 -9999 99.442 99.445 99.445 99.439 99.434 99.431 99.431 99.432 99.436 99.444 99.452 99.46 99.456 -9999 -9999 99.487 99.492 99.498 99.502 99.506 99.509 99.512 99.514 99.514 99.514 99.515 99.517 99.524 99.558 99.603 99.647 99.692 99.737 99.782 99.828 99.875 99.922 99.971 100.015 100.051 100.088 100.124 100.16 100.191 100.217 100.247 100.286 100.334 99.917
-9999 -9999 -9999 -9999 -9999 -9999 -9999 -9999 -9999 -9999 -9999 -9999 -9999 -9999 -9999 -9999 -9999 -9999 -9999 -9999 -9999 -9999 -9999 -9999 -9999 -9999 99.412 99.414 99.41 99.405 99.401 99.397 99.397 99.398 99.402 99.411 -9999 -9999 -9999 -9999 -9999 99.455 99.462 99.467 99.472 99.477 99.48 99.484 99.487 99.489 99.49 99.491 99.492 99.493 99.507 99.545 99.588 99.632 99.676 99.721 99.765 99.81 99.856 99.902 99.945 99.981 100.016 100.051 100.085 100.117 100.141 100.166 100.205 100.254 100.305
-9999 -9999 -9999 -9999 -9999 -9999 -9999 -9999 -9999 -9999 -9999 -9999 -9999 -9999 -9999 -9999 -9999 -9999 -9999 -9999 -9999 -9999 -9999 -9999 -9999 -9999 -9999 -9999 99.377 99.372 99.368 99.365 99.365 99.367 99.373 -9999 -9999 -9999 -9999 99.361 99.352 99.424 99.431 99.437 99.443 99.448 99.452 99.455 99.46 99.465 99.467 99.468 99.469 99.47 99.471 99.494 99.534 99.577 99.62 99.663 99.707 99.75 99.795 99.84 99.881 99.915 99.949 99.983 100.017 100.049 100.076 100.103 100.138 100.184 100.232
-9999 -9999 -9999 -9999 -9999 -9999 -9999 -9999 -9999 -9999 -9999 -9999 -9999 -9999 -9999 -9999 -9999 -9999 -9999 -9999 -9999 -9999 -9999 -9999 -9999 -9999 -9999 -9999 -9999 99.339 99.335 99.333 99.335 99.339 -9999 -9999 -9999 -9999 99.372 99.344 99.384 99.393 99.401 99.407 99.413 99.418 99.422 99.427 99.434 99.44 99.444 99.445 99.447 99.448 99.45 99.452 99.482 99.525 99.567 99.609 99.651 99.694 99.737 99.781 99.82 99.853 99.886 99.919 99.952 99.985 100.017 100.047 100.073 100.114 100.165
-9999 -9999 -9999 -9999 -9999 -9999 -9999 -9999 -9999 -9999 -9999 -9999 -9999 -9999 -9999 -9999 -9999 -9999 -9999 -9999 -9999 -9999 -9999 -9999 -9999 -9999 -9999 -9999 -9999 -9999 -9999 -9999 -9999 -9999 -9999 -9999 -9999 99.335 99.34 99.346 99.354 99.362 99.37 99.376 99.382 99.388 99.394 99.402 99.409 99.416 99.421 99.423 99.425 99.427 99.429 99.431 99.438 99.472 99.514 99.556 99.597 99.638 99.68 99.722 99.76 99.793 99.825 99.857 99.89 99.923 99.958 99.993 100.02 100.051 100.101
-9999 -9999 -9999 -9999 -9999 -9999 -9999 -9999 -9999 -9999 -9999 -9999 -9999 -9999 -9999 -9999 -9999 -9999 -9999 -9999 -9999 -9999 -9999 -9999 -9999 -9999 -9999 -9999 -9999 -9999 -9999 -9999 -9999 -9999 -9999 -9999 99.297 99.303 99.308 99.315 99.324 99.332 99.339 99.346 99.353 99.36 99.368 99.377 99.384 99.392 99.397 99.401 99.403 99.406 99.408 99.412 99.416 99.427 99.461 99.502 99.542 99.583 99.623 99.664 99.7 99.732 99.764 99.796 99.828 99.863 99.339 99.028 99.626 99.962 100.027
-9999 -9999 -9999 -9999 -9999 -9999 -9999 -9999 -9999 -9999 -9999 -9999 -9999 -9999 -9999 -9999 -9999 -9999 -9999 -9999 -9999 -9999 -9999 -9999 -9999 -9999 -9999 -9999 -9999 -9999 -9999 -9999 -9999 -9999 -9999 -9999 99.265 99.271 99.277 99.286 99.294 99.302 99.309 99.316 99.325 99.334 99.343 99.352 99.36 99.368 99.374 99.378 99.381 99.384 99.388 99.392 99.398 99.403 99.414 99.447 99.487 99.526 99.566 99.605 99.64 99.671 99.702 99.734 99.767 99.804 99.846 99.96 99.779 99.942 99.965
-9999 -9999 -9999 -9999 -9999 -9999 -9999 -9999 -9999 -9999 -9999 -9999 -9999 -9999 -9999 -9999 -9999 -9999 -9999 -9999 -9999 -9999 -9999 99.171 99.183 99.201 99.205 -9999 99.199 -9999 -9999 -9999 -9999 -9999 -9999 -9999 -9999 99.239 99.248 99.256 99.263 99.271 99.279 99.289 99.299 99.309 99.319 99.328 99.336 99.345 99.352 99.356 99.36 99.363 99.368 99.373 99.38 99.386 99.392 99.4 99.431 99.47 99.508 99.546 99.579 99.61 99.64 99.671 99.707 99.746 99.789 99.457 99.606 99.285 99.689
-9999 -9999 -9999 -9999 -9999 -9999 -9999 -9999 -9999 -9999 -9999 -9999 -9999 -9999 -9999 -9999 -9999 -9999 -9999 -9999 99.07 99.089 99.111 99.133 99.152 99.168 99.168 99.162 99.164 99.165 99.169 -9999 -9999 99.181 99.187 99.193 99.2 99.209 99.218 99.225 99.233 99.242 99.253 99.263 99.274 99.284 99.294 99.304 99.313 99.322 99.329 99.334 99.338 99.342 99.348 99.354 99.361 99.368 99.375 99.381 99.387 99.414 99.45 99.485 99.517 99.547 99.577 99.609 99.646 99.688 99.731 99.552 99.352 99.354 99.473
-9999 -9999 -9999 -9999 -9999 -9999 -9999 -9999 -9999 -9999 -9999 -9999 -9999 -9999 -9999 -9999 -9999 -9999 -9999 99.01 99.022 99.038 99.064 99.087 99.108 99.124 99.124 99.123 99.126 99.127 99.133 99.139 99.143 99.147 99.152 99.16 99.17 99.179 99.187 99.197 99.206 99.216 99.227 99.237 99.249 99.26 99.27 99.28 99.289 99.298 99.306 99.312 99.316 99.321 99.328 99.336 99.343 99.351 99.358 99.365 99.371 99.377 99.394 99.423 99.454 99.483 99.512 99.547 99.587 99.63 99.673 99.659 99.585 99.713 99.619
-9999 -9999 -9999 -9999 -9999 -9999 -9999 -9999 -9999 -9999 -9999 -9999 -9999 -9999 -9999 -9999 -9999 -9999 -9999 98.962 98.965 98.983 99.012 99.036 99.031 98.971 98.998 99.059 99.065 99.086 99.094 99.101 99.106 99.11 99.118 99.128 99.14 99.151 99.161 99.171 99.18 99.19 99.2 99.212 99.223 99.235 99.246 99.256 99.266 99.275 99.283 99.289 99.294 99.3 99.308 99.317 99.325 99.333 99.341 99.348 99.355 99.361 99.367 99.372 99.39 99.416 99.448 99.485 99.527 99.57 99.613 99.134 99.377 99.72 99.729
-9999 -9999 -9999 -9999 -9999 -9999 -9999 -9999 -9999 -9999 -9999 -9999 -9999 -9999 -9999 -9999 -9999 -9999 -9999 98.9 98.906 98.926 98.956 98.981 98.976 99.033 99.065 99.065 99.067 99.042 99.052 99.06 99.068 99.079 99.09 99.101 99.114 99.126 99.136 99.145 99.154 99.163 99.174 99.186 99.198 99.21 99.222 99.232 99.242 99.252 99.26 99.266 99.271 99.278 99.288 99.297 99.307 99.316 99.325 99.332 99.339 99.346 99.35 99.352 99.353 99.361 99.386 99.424 99.466 99.509 99.551 98.92 98.671 99.46 99.648
-9999 -9999 -9999 -9999 -9999 -9999 -9999 -9999 -9999 -9999 -9999 -9999 -9999 -9999 -9999 98.838 98.838 -9999 98.839 98.84 98.845 98.873 98.904 98.928 98.937 98.86 98.887 98.922 98.934 99.0 99.013 99.027 99.042 99.054 99.066 99.077 99.088 99.1 99.111 99.12 99.128 99.137 99.148 99.161 99.173 99.186 99.197 99.208 99.218 99.228 99.236 99.242 99.248 99.256 99.267 99.278 99.288 99.299 99.308 99.316 99.324 99.33 99.334 99.335 99.337 99.345 99.357 99.377 99.406 99.445 99.487 99.082 98.744 99.153 99.38
-9999 -9999 -9999 -9999 -9999 -9999 -9999 -9999 -9999 -9999 -9999 -9999 -9999 -9999 -9999 98.804 98.805 98.805 98.804 98.804 98.81 98.824 98.851 98.876 98.845 98.866 98.893 98.906 98.946 98.962 98.982 99.001 99.016 99.03 99.042 99.052 99.063 99.074 99.086 99.096 99.105 99.114 99.125 99.137 99.149 99.161 99.173 99.184 99.194 99.203 99.211 99.217 99.224 99.233 99.245 99.257 99.269 99.281 99.292 99.3 99.307 99.313 99.316 99.319 99.327 99.338 99.353 99.368 99.384 99.406 99.434 99.462 99.221 99.42 99.444
-9999 -9999 -9999 -9999 -9999 -9999 -9999 -9999 -9999 -9999 -9999 -9999 -9999 -9999 98.766 98.775 98.777 98.779 98.779 98.78 98.78 98.787 98.8 98.821 98.841 98.858 98.874 98.89 98.908 98.93 98.953 98.973 98.99 99.004 99.017 99.028 99.038 99.049 99.06 99.071 99.081 99.092 99.103 99.114 99.125 99.136 99.148 99.159 99.169 99.178 99.185 99.191 99.198 99.208 99.221 99.235 99.249 99.263 99.275 99.284 99.29 99.294 99.299 99.307 99.319 99.333 99.348 99.364 99.38 99.399 99.421 99.442 99.461 99.481 99.502
-9999 -9999 -9999 -9999 -9999 -9999 -9999 -9999 -9999 -9999 -9999 -9999 -9999 -9999 -9999 98.744 98.748 98.75 98.753 98.754 98.742 98.711 98.738 98.768 98.785 98.809 98.831 98.851 98.871 98.895 98.922 98.943 98.961 98.977 98.991 99.003 99.013 99.023 99.033 99.045 99.057 99.068 99.079 99.09 99.1 99.111 99.122 99.133 99.143 99.151 99.158 99.163 99.17 99.181 99.196 99.211 99.226 99.241 99.255 -9999 99.27 99.277 99.287 99.299 99.313 99.328 99.344 99.36 99.376 99.395 99.417 99.438 99.456 99.473 99.49
-9999 -9999 -9999 -9999 -9999 -9999 -9999 -9999 -9999 -9999 -9999 -9999 -9999 -9999 98.704 98.71 98.715 98.72 98.724 98.729 98.708 98.704 98.731 98.743 98.75 98.763 98.788 98.809 98.83 98.856 98.886 98.91 98.931 98.948 98.963 98.976 98.988 98.998 99.008 99.018 99.03 99.042 99.053 99.064 99.075 99.085 99.095 99.106 99.115 99.124 99.129 99.133 99.139 99.152 99.168 99.185 99.202 99.217 99.23 99.241 -9999 99.264 -9999 99.293 -9999 99.323 -9999 99.356 99.372 99.391 99.413 99.434 99.452 99.469 -9999
-9999 -9999 -9999 -9999 -9999 -9999 -9999 -9999 -9999 -9999 -9999 -9999 -9999 -9999 98.678 98.693 98.7 98.706 98.713 98.718 98.68 98.593 98.632 98.732 98.731 98.735 98.743 98.763 98.785 98.813 98.846 98.874 98.896 98.916 98.933 98.947 98.96 98.971 98.989 99.025 99.028 99.014 99.026 99.037 99.047 99.057 99.067 99.077 99.087 99.095 99.1 99.103 99.108 99.121 99.14 99.158 99.175 99.19 99.206 99.223 -9999 -9999 99.27 99.286 -9999 -9999 99.335 99.351 99.369 -9999 -9999 -9999 -9999 -9999 -9999
-9999 -9999 -9999 -9999 -9999 -9999 -9999 -9999 -9999 -9999 -9999 -9999 -9999 98.637 98.676 98.685 98.692 98.699 98.706 98.712 98.664 98.661 98.717 98.726 98.723 98.719 98.721 98.725 98.734 98.764 98.801 98.833 98.858 98.88 98.899 98.915 98.93 98.942 98.965 98.973 98.968 98.983 98.995 99.007 99.017 99.027 99.037 99.046 99.056 99.065 99.07 99.074 99.08 99.092 99.111 99.129 99.146 -9999 -9999 -9999 99.228 -9999 -9999 -9999 -9999 -9999 -9999 99.345 -9999 -9999 -9999 -9999 -9999 -9999 -9999
