Validation/Results/ReClimate_10_2023_2_Temperature-Actuals.asc
NCOLS 192
NROWS 249
XLLCENTER -225160.85627316462
YLLCENTER 29788.11610251502
CELLSIZE 5000.0
NODATA_VALUE -9999
[rows 170 to 203 of 249, columns 77 to 153 of 192]
-9999 -9999 -9999 -9999 -9999 -9999 -9999 -9999 -9999 -9999 -9999 -9999 -9999 -9999 -9999 7.271 7.035 -9999 -9999 -9999 -9999 -9999 -9999 -9999 -9999 -9999 -9999 -9999 -9999 -9999 -9999 -9999 -9999 -9999 5.91 6.09 5.881 5.727 5.486 5.443 5.507 5.553 5.609 5.772 5.899 5.901 5.643 5.193 4.444 3.763 3.203 3.424 3.418 3.818 4.725 5.137 5.341 5.091 5.011 5.078 5.171 5.127 5.124 5.096 5.082 5.05 4.941 4.895 4.964 5.019 4.979 4.674 4.65 4.602 4.813 5.08 5.33
-9999 -9999 -9999 -9999 -9999 -9999 -9999 -9999 -9999 -9999 -9999 -9999 -9999 -9999 -9999 6.94 6.659 6.684 -9999 -9999 -9999 -9999 -9999 -9999 -9999 -9999 -9999 -9999 -9999 -9999 -9999 -9999 -9999 6.047 6.134 6.04 5.939 5.7 5.612 5.518 5.564 5.537 5.581 5.652 5.698 5.634 5.503 5.193 4.607 3.652 2.992 3.449 3.933 4.057 4.6 5.404 5.506 5.296 4.915 4.961 5.167 5.179 5.113 5.03 5.029 5.035 4.983 4.88 4.935 5.015 5.025 4.825 4.586 4.625 4.764 5.067 5.292
-9999 -9999 -9999 -9999 -9999 -9999 -9999 -9999 -9999 -9999 -9999 -9999 -9999 -9999 7.182 6.758 6.377 6.512 6.935 -9999 -9999 -9999 -9999 -9999 -9999 -9999 -9999 -9999 -9999 -9999 6.309 -9999 -9999 6.02 5.848 5.988 5.96 5.825 -9999 5.501 5.428 5.396 5.418 5.358 5.445 5.394 5.294 4.927 4.318 4.44 3.522 3.834 4.379 3.949 4.65 5.051 5.37 5.286 5.017 5.004 5.135 5.28 5.112 4.994 5.046 5.06 5.037 4.934 4.936 5.033 5.006 4.93 4.685 4.562 4.657 5.017 5.244
-9999 -9999 -9999 -9999 -9999 -9999 -9999 -9999 -9999 -9999 -9999 -9999 -9999 -9999 7.15 6.659 6.421 6.457 6.782 7.075 7.352 -9999 -9999 -9999 6.645 6.684 -9999 6.515 6.451 6.293 5.548 5.627 -9999 -9999 5.903 5.88 -9999 -9999 5.599 5.421 5.55 5.686 5.493 5.279 5.18 5.166 5.017 4.527 3.925 4.088 3.927 3.785 4.04 4.044 4.206 5.102 5.211 5.099 4.861 4.977 5.062 5.173 5.173 4.984 5.051 5.083 5.036 4.964 4.948 5.061 5.036 4.977 4.842 4.696 4.607 4.837 5.138
-9999 -9999 -9999 -9999 -9999 -9999 -9999 -9999 -9999 -9999 -9999 -9999 -9999 -9999 -9999 6.921 6.608 6.553 6.747 6.866 -9999 -9999 5.303 5.118 6.064 5.555 5.645 5.685 6.107 5.864 5.596 5.291 5.354 -9999 5.873 5.867 5.804 5.721 5.341 5.136 5.478 5.792 5.612 5.305 5.188 5.076 4.927 4.336 3.581 3.719 3.882 4.063 4.324 4.221 4.346 4.849 5.182 5.093 4.896 4.94 4.996 5.052 5.071 5.046 5.091 5.117 4.976 4.75 4.949 5.164 5.117 5.048 4.952 4.842 4.841 4.876 4.941
-9999 -9999 -9999 -9999 -9999 -9999 -9999 -9999 -9999 -9999 -9999 -9999 -9999 -9999 -9999 7.15 6.916 6.914 6.858 6.801 6.673 5.569 3.792 5.473 5.743 4.964 5.267 4.986 5.335 5.73 5.46 4.722 5.23 5.382 5.639 5.804 5.724 5.532 5.207 5.074 5.331 5.562 5.486 5.343 5.19 5.051 4.813 4.088 3.644 3.421 3.712 3.776 4.405 4.55 4.315 4.582 4.943 4.981 4.943 4.944 4.931 4.979 5.024 5.032 5.148 5.115 5.069 5.023 4.968 5.208 5.185 5.112 5.04 4.915 4.765 4.9 5.054
-9999 -9999 -9999 -9999 -9999 -9999 -9999 -9999 -9999 -9999 -9999 -9999 -9999 -9999 -9999 -9999 7.241 7.162 6.839 6.25 5.336 3.156 3.71 5.141 4.934 5.0 4.51 4.361 4.624 4.947 5.091 5.227 4.636 5.181 5.529 5.596 5.673 5.58 5.317 5.219 5.295 5.404 5.421 5.279 5.143 5.005 4.643 4.169 3.61 3.463 3.848 3.749 3.995 4.798 4.552 4.591 4.866 4.855 4.946 5.066 5.013 4.975 4.998 5.056 5.192 5.185 5.173 5.075 5.09 5.185 5.198 5.144 5.055 5.001 4.967 4.958 5.032
-9999 -9999 -9999 -9999 -9999 -9999 -9999 -9999 -9999 -9999 -9999 -9999 -9999 -9999 -9999 -9999 -9999 -9999 6.406 5.367 4.257 3.858 4.208 5.271 5.127 4.496 3.946 3.822 3.916 4.697 5.346 4.987 4.407 4.871 5.395 5.643 5.799 5.626 5.386 5.196 5.217 5.253 5.254 5.234 5.13 4.886 4.406 4.086 3.846 3.464 3.75 3.711 3.712 4.259 4.817 4.749 5.03 4.897 4.77 4.965 5.044 5.087 5.097 5.152 5.221 5.221 5.2 5.184 5.047 5.116 5.148 5.123 5.089 5.076 5.079 5.071 5.054
-9999 -9999 -9999 -9999 -9999 -9999 -9999 -9999 -9999 -9999 -9999 -9999 -9999 -9999 -9999 -9999 -9999 7.07 6.069 5.384 5.08 4.324 5.157 5.399 4.842 4.633 4.098 3.649 3.987 4.15 4.86 4.677 4.196 4.502 5.101 5.829 5.854 5.672 5.321 5.135 5.122 5.162 5.209 5.204 5.033 4.636 4.45 4.51 4.173 3.706 3.895 3.958 4.098 4.309 4.467 4.882 4.976 4.94 4.899 4.899 5.045 5.028 5.181 5.268 5.274 5.239 5.21 5.016 5.015 5.1 5.168 5.143 5.137 5.162 5.169 5.167 5.201
-9999 -9999 -9999 -9999 -9999 -9999 -9999 -9999 -9999 -9999 -9999 -9999 -9999 -9999 -9999 -9999 7.119 5.551 5.856 5.451 5.008 5.137 4.06 4.201 4.389 4.222 3.669 4.072 3.903 4.333 4.713 4.126 3.808 4.399 5.178 5.825 5.904 5.655 5.256 5.208 5.229 5.187 5.212 5.114 4.824 4.77 4.699 4.368 4.129 3.96 3.803 4.222 4.406 4.6 4.812 4.854 5.103 5.055 5.08 5.065 5.099 5.257 5.122 5.265 5.306 5.236 5.172 4.991 4.928 5.12 5.141 5.148 5.154 5.183 5.189 5.261 5.411
-9999 -9999 -9999 -9999 -9999 -9999 -9999 -9999 -9999 -9999 -9999 -9999 -9999 -9999 -9999 7.022 5.776 6.234 6.211 5.873 5.887 5.261 4.876 4.446 4.021 3.683 3.695 3.808 3.97 4.56 4.217 4.313 4.905 5.088 5.558 5.665 5.76 5.534 5.294 5.261 5.221 5.219 5.067 4.827 4.885 4.828 4.711 4.338 4.251 4.532 4.389 4.364 4.595 4.699 4.84 4.951 5.011 5.223 5.287 5.374 5.403 5.422 5.383 5.255 5.266 5.241 5.175 4.995 4.942 5.145 5.173 5.129 5.148 5.17 5.227 5.3 5.397
-9999 -9999 -9999 -9999 -9999 -9999 -9999 -9999 -9999 -9999 -9999 -9999 -9999 6.862 7.01 6.634 6.716 6.932 6.916 6.551 6.57 6.035 5.24 4.569 3.929 3.13 4.207 4.3 4.617 4.477 3.787 4.075 4.479 5.154 5.409 5.501 5.522 5.377 5.233 5.157 5.187 5.082 4.882 4.8 4.715 4.874 4.638 4.377 4.45 4.539 4.615 4.692 4.756 4.847 4.958 5.201 5.176 5.211 5.426 5.587 5.623 5.46 5.356 5.295 5.235 5.166 5.143 4.944 4.864 5.073 5.187 5.159 5.116 5.145 5.215 5.236 -9999
-9999 -9999 -9999 -9999 -9999 -9999 -9999 -9999 -9999 -9999 -9999 -9999 6.716 6.764 6.719 6.943 -9999 -9999 -9999 -9999 6.065 5.126 4.805 4.485 3.726 4.373 4.421 3.919 4.232 3.68 2.711 3.451 4.239 4.645 5.264 5.556 5.43 5.291 5.216 5.178 5.132 5.038 4.886 4.827 4.701 4.748 4.607 4.59 4.626 4.694 4.853 4.938 4.984 5.128 5.175 5.352 5.51 5.419 5.44 5.484 5.518 5.413 5.297 5.208 5.094 5.037 5.024 4.948 4.86 4.983 5.164 5.218 5.16 5.134 5.19 5.208 5.257
-9999 -9999 -9999 -9999 -9999 -9999 -9999 -9999 -9999 -9999 -9999 -9999 6.735 6.668 7.115 -9999 -9999 -9999 -9999 -9999 5.853 5.088 4.566 4.68 4.058 4.132 3.786 3.377 3.519 3.22 3.27 4.432 4.507 5.011 5.459 5.558 5.417 5.287 5.16 5.01 4.96 4.996 4.896 4.766 4.742 4.678 4.759 4.769 4.87 4.732 4.721 4.83 5.053 5.288 5.402 5.426 5.401 5.428 5.425 5.335 5.255 5.094 5.111 4.952 4.794 4.758 4.865 4.917 4.928 5.055 5.206 5.321 5.273 5.218 5.185 5.148 5.162
-9999 -9999 -9999 -9999 -9999 -9999 -9999 -9999 -9999 -9999 -9999 -9999 -9999 -9999 7.295 -9999 -9999 -9999 -9999 -9999 5.789 4.956 5.056 4.713 4.381 4.335 3.352 3.572 4.229 3.615 4.275 4.525 4.758 5.3 5.579 5.567 5.301 5.235 5.089 4.981 5.092 5.037 4.962 4.896 4.802 4.851 4.93 5.024 4.979 4.97 4.903 4.851 5.052 5.166 5.092 5.18 5.227 5.242 5.374 5.289 5.061 4.841 4.762 4.911 4.775 4.691 4.743 4.867 4.953 5.112 5.297 5.443 5.42 5.341 5.277 5.2 5.226
-9999 -9999 -9999 -9999 -9999 -9999 -9999 -9999 -9999 -9999 -9999 -9999 -9999 -9999 -9999 -9999 -9999 -9999 -9999 -9999 6.106 5.468 6.026 5.286 4.602 3.616 3.815 3.87 3.793 4.424 4.477 4.577 5.298 5.509 5.661 5.488 5.354 5.233 5.222 5.22 5.192 5.154 5.054 4.966 4.936 4.946 5.022 5.019 4.878 5.05 5.161 5.107 5.035 5.14 4.971 4.848 4.999 4.956 5.122 5.286 5.111 5.005 4.892 4.868 4.912 4.797 4.753 4.891 5.028 5.166 5.343 5.503 5.487 5.414 5.347 5.305 5.31
-9999 -9999 -9999 -9999 -9999 -9999 -9999 -9999 -9999 -9999 -9999 -9999 -9999 -9999 -9999 -9999 -9999 -9999 -9999 -9999 -9999 6.027 4.803 4.291 4.177 4.39 4.333 4.071 4.61 4.663 4.977 5.34 5.22 5.599 5.539 5.227 5.21 5.282 5.414 5.462 5.328 5.104 4.994 4.861 4.88 4.961 5.078 4.956 4.768 4.874 5.137 5.217 5.166 5.086 5.044 4.917 4.835 4.672 4.706 5.145 5.251 5.093 4.934 4.732 4.71 4.872 4.86 4.974 5.131 5.306 5.404 5.522 5.509 5.456 5.415 5.399 5.406
-9999 -9999 -9999 -9999 -9999 -9999 -9999 -9999 -9999 -9999 -9999 -9999 -9999 -9999 -9999 -9999 -9999 -9999 -9999 -9999 6.138 5.529 4.847 3.979 4.696 4.743 4.287 4.544 4.594 4.587 5.307 5.216 5.183 5.379 4.563 5.026 5.234 5.27 5.264 5.373 5.031 4.516 4.509 4.764 4.983 4.969 5.072 5.031 4.914 4.891 5.076 5.174 5.197 5.139 5.037 5.002 4.87 4.832 4.853 5.089 5.164 5.002 4.792 4.597 4.58 4.825 5.011 5.092 5.256 5.378 5.434 5.487 5.524 5.508 5.482 5.489 5.49
-9999 -9999 -9999 -9999 -9999 -9999 -9999 -9999 -9999 -9999 -9999 -9999 -9999 -9999 -9999 -9999 -9999 -9999 -9999 -9999 6.409 5.77 4.091 5.133 5.475 4.921 4.758 4.486 4.058 4.614 5.254 5.194 5.41 5.078 5.129 5.153 5.026 4.97 5.27 5.144 4.741 4.557 4.615 4.975 5.008 4.976 5.078 5.068 5.11 5.072 5.1 5.176 5.197 5.201 5.156 5.094 5.014 4.884 4.998 5.148 5.059 4.778 4.536 4.567 4.618 4.741 4.995 5.208 5.278 5.417 5.41 5.433 5.534 5.586 5.577 5.582 5.599
-9999 -9999 -9999 -9999 -9999 -9999 -9999 -9999 -9999 -9999 -9999 -9999 -9999 -9999 -9999 -9999 -9999 -9999 -9999 -9999 6.37 5.541 5.913 5.549 5.251 4.954 4.519 3.837 4.114 4.346 4.943 5.202 5.484 5.369 5.127 4.723 4.422 4.511 4.966 4.725 4.749 4.637 4.866 5.153 5.064 5.053 5.116 5.196 5.267 5.125 5.079 5.192 5.226 5.087 5.162 5.185 5.117 5.052 5.099 5.158 5.015 4.784 4.636 4.634 4.788 4.941 5.112 5.188 5.281 5.374 5.494 5.445 5.545 5.609 5.619 5.633 5.638
-9999 -9999 -9999 -9999 -9999 -9999 -9999 -9999 -9999 -9999 -9999 -9999 -9999 -9999 -9999 -9999 -9999 -9999 -9999 -9999 -9999 6.639 5.416 4.687 4.031 3.902 3.95 4.246 4.53 5.082 5.222 5.384 5.274 5.205 5.089 4.854 4.543 4.459 4.636 4.84 4.778 4.656 4.979 5.227 5.098 5.238 5.247 5.208 5.472 5.488 5.306 5.298 5.306 5.097 5.005 5.217 5.161 5.113 5.14 5.126 4.962 4.857 4.872 4.983 5.028 5.145 5.189 5.192 5.304 5.421 5.47 5.504 5.605 5.661 5.641 5.632 5.638
-9999 -9999 -9999 -9999 -9999 -9999 -9999 -9999 -9999 -9999 -9999 -9999 -9999 -9999 -9999 -9999 -9999 -9999 -9999 -9999 -9999 5.936 4.958 4.145 3.463 3.292 3.714 4.477 5.055 5.126 4.821 4.402 4.129 4.188 4.671 4.957 4.598 4.578 4.728 4.859 4.455 4.659 4.936 5.054 5.082 5.295 5.256 5.344 5.359 5.495 5.494 5.384 5.341 5.217 5.136 5.255 5.243 5.065 4.973 4.937 4.845 4.845 4.98 4.945 5.029 5.104 5.234 5.172 5.268 5.387 5.388 5.498 5.639 5.677 5.618 5.539 5.492
-9999 -9999 -9999 -9999 -9999 -9999 -9999 -9999 -9999 -9999 -9999 -9999 -9999 -9999 -9999 -9999 -9999 -9999 -9999 -9999 6.616 5.823 4.922 4.121 3.634 3.783 4.171 4.566 4.311 3.697 3.936 3.834 3.897 4.522 4.827 4.708 4.662 4.849 4.944 4.613 4.525 4.6 4.872 5.032 5.11 5.368 5.288 5.154 5.344 5.264 5.342 5.29 5.29 5.283 5.295 5.403 5.314 5.168 5.076 4.932 4.899 4.794 4.899 4.956 5.016 5.143 5.182 5.275 5.328 5.345 5.352 5.5 5.682 5.695 5.66 5.547 5.445
-9999 -9999 -9999 -9999 -9999 -9999 -9999 -9999 -9999 -9999 -9999 -9999 -9999 -9999 -9999 -9999 -9999 -9999 -9999 -9999 6.155 5.531 5.077 4.681 4.176 3.592 3.775 3.997 3.962 3.904 3.641 3.538 3.925 4.528 4.242 4.309 4.851 4.688 5.022 4.733 4.489 4.461 5.012 5.036 5.388 5.421 5.253 5.157 4.855 5.107 5.13 5.169 5.166 5.238 5.263 5.361 5.368 5.27 5.225 5.186 4.938 4.837 4.816 4.884 4.983 5.226 5.273 5.303 5.329 5.31 5.349 5.508 5.602 5.692 5.687 5.627 5.503
-9999 -9999 -9999 -9999 -9999 -9999 -9999 -9999 -9999 -9999 -9999 -9999 -9999 -9999 -9999 -9999 -9999 -9999 -9999 -9999 5.75 5.749 5.715 5.032 4.073 3.509 3.744 4.004 4.182 3.815 3.867 4.055 4.299 4.24 4.302 4.83 4.859 4.915 4.616 4.953 4.812 5.018 4.996 5.062 5.383 5.502 5.36 5.039 5.141 5.125 5.078 5.099 5.106 5.236 5.314 5.259 5.268 5.232 5.256 5.209 5.005 4.842 4.971 5.114 5.056 5.223 5.283 5.368 5.349 5.308 5.448 5.623 5.702 5.764 5.815 5.752 5.702
-9999 -9999 -9999 -9999 -9999 -9999 -9999 -9999 -9999 -9999 -9999 -9999 -9999 -9999 -9999 -9999 -9999 -9999 -9999 5.983 5.671 5.127 5.128 4.886 4.016 3.837 3.504 3.939 4.488 4.441 4.505 4.241 4.236 4.536 4.414 4.494 4.858 4.82 5.143 5.253 5.26 5.214 5.089 5.306 5.481 5.479 5.433 5.368 5.328 5.447 5.28 5.172 5.126 5.198 5.306 5.296 5.28 5.324 5.264 5.141 5.056 5.014 5.183 5.302 5.278 5.26 5.41 5.34 5.365 5.339 5.389 5.567 5.701 5.724 5.762 5.761 5.802
-9999 -9999 -9999 -9999 -9999 -9999 -9999 -9999 -9999 -9999 -9999 -9999 -9999 -9999 -9999 -9999 -9999 -9999 5.773 5.664 5.029 5.159 5.135 4.262 3.71 3.573 3.781 4.139 4.483 4.374 4.501 4.255 3.863 4.357 4.307 4.91 5.048 5.229 5.285 5.211 5.097 5.151 5.077 5.381 5.432 5.608 5.596 5.49 5.351 5.418 5.443 5.223 5.181 5.316 5.391 5.332 5.269 5.258 5.23 5.136 5.125 5.168 5.289 5.449 5.496 5.52 5.391 5.329 5.331 5.377 5.438 5.574 5.611 5.584 5.566 5.619 5.765
-9999 -9999 -9999 -9999 -9999 -9999 -9999 -9999 -9999 -9999 -9999 -9999 -9999 -9999 -9999 -9999 5.428 5.521 5.371 5.719 5.542 5.319 4.764 3.953 3.607 3.494 3.373 3.967 4.201 4.632 4.494 4.041 4.021 4.453 4.924 5.1 5.306 5.309 5.344 5.083 4.997 4.995 5.258 5.55 5.628 5.651 5.611 5.463 5.364 5.368 5.395 5.23 5.271 5.377 5.482 5.279 5.171 5.062 4.959 4.999 5.085 5.291 5.397 5.457 5.38 5.44 5.403 5.394 5.376 5.398 5.476 5.609 5.674 5.506 5.451 5.519 5.709
-9999 -9999 -9999 -9999 -9999 -9999 -9999 -9999 -9999 -9999 -9999 -9999 -9999 -9999 -9999 5.494 5.243 4.837 5.12 5.447 5.374 5.093 4.215 4.148 3.708 3.586 3.891 4.417 4.807 4.807 4.726 4.289 3.831 4.352 4.875 5.293 5.263 5.273 5.075 5.212 5.017 5.057 5.413 5.645 5.822 5.826 5.621 5.566 5.41 5.407 5.454 5.386 5.338 5.389 5.319 5.328 5.138 5.108 5.031 4.897 4.943 5.074 5.242 5.324 5.304 5.357 5.458 5.394 5.55 5.599 5.61 5.67 5.627 5.52 5.433 5.545 5.714
-9999 -9999 -9999 -9999 -9999 -9999 -9999 -9999 -9999 -9999 -9999 -9999 6.878 6.274 5.839 5.459 4.885 4.85 5.1 5.487 5.46 4.544 4.437 4.332 4.492 3.769 4.333 4.494 4.204 4.708 4.895 3.759 4.297 4.833 5.533 5.497 5.309 4.909 5.452 5.314 5.242 5.27 5.354 5.683 5.837 5.893 5.736 5.677 5.521 5.413 5.491 5.47 5.482 5.364 5.263 4.997 5.121 5.19 5.162 5.022 5.006 5.102 5.238 5.365 5.333 5.384 5.425 5.537 5.603 5.692 5.635 5.66 5.664 5.578 5.589 5.634 5.709
-9999 -9999 -9999 -9999 -9999 -9999 -9999 -9999 -9999 -9999 6.441 6.555 6.402 6.127 5.895 5.476 5.471 5.316 5.563 5.384 4.596 4.906 4.85 4.869 4.947 4.348 4.062 3.474 4.017 4.424 4.362 4.639 5.008 5.469 4.937 5.133 5.37 5.525 5.566 5.519 5.43 5.453 5.614 5.617 5.834 5.972 5.869 5.779 5.678 5.613 5.604 5.445 5.56 5.556 5.282 5.091 4.971 5.198 5.181 5.048 4.988 5.031 5.148 5.383 5.504 5.546 5.521 5.505 5.648 5.616 5.55 5.608 5.674 5.65 5.638 5.642 5.636
-9999 -9999 -9999 -9999 -9999 -9999 6.632 6.508 6.483 6.458 5.961 6.393 6.126 6.066 5.776 5.527 5.526 5.511 5.435 4.807 5.028 5.266 4.9 5.36 5.082 4.481 3.635 3.834 4.214 4.476 4.444 4.991 5.368 4.446 4.515 5.148 5.234 5.568 5.543 5.586 5.485 5.34 5.561 5.488 5.934 5.969 5.896 5.688 5.588 5.637 5.209 5.387 5.525 5.569 5.308 5.008 4.999 5.124 5.158 5.16 5.112 5.127 5.194 5.385 5.49 5.574 5.603 5.501 5.508 5.576 5.576 5.674 5.744 5.643 5.423 5.422 5.356
-9999 -9999 -9999 -9999 -9999 7.064 6.588 6.501 6.282 5.538 5.255 5.362 5.572 5.756 5.249 5.124 5.248 5.229 4.936 5.26 5.285 5.0 5.424 5.619 5.205 4.536 4.101 4.304 4.477 4.538 4.836 5.145 4.297 3.364 4.371 4.995 5.468 5.413 5.502 5.369 5.45 5.596 5.638 5.833 5.917 5.908 5.908 5.696 5.521 5.245 4.986 4.859 5.317 5.436 5.047 4.908 4.966 5.103 5.2 5.183 5.2 5.222 5.333 5.341 5.4 5.509 5.432 5.365 5.478 5.555 5.605 5.696 5.706 5.541 5.356 5.26 5.284
-9999 -9999 -9999 -9999 7.468 6.793 6.409 6.27 5.862 5.4 5.462 5.661 5.821 5.345 5.216 5.183 5.551 5.139 5.03 5.293 5.279 5.432 5.866 5.508 4.8 4.409 4.572 4.688 4.642 5.132 5.321 5.038 3.775 3.807 4.385 5.384 5.234 5.31 5.236 5.588 5.708 5.618 5.717 5.798 5.883 5.919 6.002 5.836 5.58 5.176 4.804 4.894 5.152 5.223 4.989 4.734 4.909 5.092 5.168 5.257 5.274 5.328 5.351 5.375 5.284 5.357 5.47 5.398 5.459 5.447 5.362 5.553 5.643 5.5 5.336 5.341 5.364
