Validation/Results/ReClimate_08_2024_2_Temperature-Actualsweatherlogisticsltd.asc
NCOLS 192
NROWS 249
XLLCENTER -225160.85627316462
YLLCENTER 29788.11610251502
CELLSIZE 5000.0
NODATA_VALUE -9999
[rows 204 to 237 of 249, columns 77 to 153 of 192]
-9999 -9999 12.019 -9999 11.569 11.219 10.955 10.661 10.61 10.424 10.433 10.412 10.242 10.146 9.881 10.404 10.315 10.396 10.553 10.717 10.665 10.768 10.382 9.974 8.837 8.248 9.571 9.402 9.473 8.829 9.163 10.095 9.607 8.426 9.81 10.038 9.883 9.872 10.471 11.008 10.945 10.696 10.801 11.147 11.313 11.456 11.475 11.359 10.676 10.276 10.186 10.447 10.64 10.79 10.688 10.391 10.465 10.624 10.79 10.879 10.905 10.837 10.708 10.76 10.885 10.914 11.015 11.052 10.956 10.955 10.953 11.017 11.17 11.15 11.088 11.003 11.025
-9999 -9999 -9999 -9999 -9999 -9999 10.875 11.012 10.86 10.753 10.731 10.639 10.492 10.28 10.575 10.56 10.649 10.693 10.601 10.7 10.474 10.503 9.981 9.288 8.443 8.639 8.533 8.851 8.172 8.223 9.653 9.684 9.552 10.413 9.802 9.972 10.335 10.503 10.848 10.693 10.505 10.206 10.676 11.184 11.329 11.461 11.524 10.973 10.251 10.118 10.162 10.522 10.586 10.738 10.625 10.698 10.721 10.888 11.036 11.099 11.032 10.915 10.857 10.907 11.025 11.09 11.041 10.937 10.792 10.822 10.998 11.03 11.142 11.091 11.176 11.282 11.251
-9999 -9999 -9999 -9999 -9999 -9999 11.179 11.045 10.98 10.969 10.602 10.392 10.23 10.522 10.723 10.796 10.926 10.56 10.387 10.586 10.748 10.835 10.352 10.15 9.919 9.612 9.301 9.077 8.537 8.882 8.638 9.276 9.832 9.476 9.214 10.51 10.666 10.795 10.488 10.523 10.066 10.369 10.76 11.256 11.337 11.2 10.504 10.119 10.174 10.338 10.285 10.446 10.593 10.685 10.827 10.741 10.971 11.123 11.279 11.303 11.126 10.958 10.872 10.969 11.135 11.152 11.039 10.718 10.76 10.821 10.881 11.064 11.15 11.267 11.349 11.52 11.425
-9999 -9999 -9999 -9999 11.855 11.603 11.355 11.182 -9999 11.023 10.904 10.794 11.031 11.108 11.204 -9999 11.011 10.685 10.742 10.425 10.971 10.283 10.38 10.212 9.942 9.839 10.091 9.708 9.408 9.273 9.24 9.538 9.793 8.835 9.719 10.627 10.59 10.88 10.772 10.3 10.411 10.689 11.047 11.237 11.183 10.565 10.471 10.198 10.299 10.265 10.483 10.596 10.668 10.822 10.986 11.038 11.125 11.116 11.344 11.325 11.237 11.127 11.105 11.099 11.135 11.047 10.78 10.679 10.646 10.87 10.931 11.042 11.157 11.206 11.254 11.534 11.531
-9999 -9999 -9999 -9999 11.841 -9999 -9999 -9999 11.277 11.231 11.173 -9999 -9999 -9999 -9999 -9999 11.146 10.954 10.59 11.271 11.021 10.89 10.803 10.549 10.607 10.532 9.022 9.057 9.948 9.939 9.922 9.825 9.325 9.344 10.41 10.515 10.888 10.925 10.339 10.574 10.719 11.175 11.219 11.268 10.926 10.558 10.575 10.357 10.517 10.631 10.659 10.777 10.926 11.013 11.12 11.153 11.171 11.109 11.18 11.336 11.145 11.191 11.17 11.155 11.0 10.925 10.771 10.601 10.703 10.984 11.095 11.174 11.175 11.181 11.304 11.53 11.617
-9999 -9999 -9999 -9999 -9999 -9999 11.634 11.435 11.336 11.528 11.422 -9999 -9999 -9999 -9999 -9999 -9999 -9999 -9999 11.616 11.518 11.512 11.635 11.243 10.789 9.238 8.733 8.865 9.223 9.661 9.831 9.896 9.944 9.9 10.224 10.864 10.974 10.199 10.486 10.655 11.419 11.412 11.32 11.231 10.596 10.583 10.478 10.533 10.703 10.842 10.896 10.958 10.998 11.073 11.024 11.077 11.129 11.184 11.17 11.249 11.15 11.138 10.993 10.884 11.052 10.868 10.758 10.752 10.837 11.048 11.289 11.247 11.27 11.418 11.677 11.832 11.663
-9999 -9999 -9999 -9999 -9999 -9999 -9999 11.513 -9999 -9999 -9999 -9999 -9999 -9999 -9999 -9999 -9999 11.274 11.446 11.527 11.527 11.932 12.037 11.742 10.849 9.913 9.049 8.983 9.521 10.319 10.174 9.855 10.025 10.267 10.97 11.3 11.022 10.773 10.985 11.399 -9999 11.476 11.313 10.945 10.33 10.352 10.544 10.678 10.863 10.92 11.006 10.986 11.007 11.003 11.098 11.128 11.203 11.206 11.219 11.119 11.01 10.871 10.689 10.692 10.789 11.134 10.997 10.956 11.114 11.164 11.35 11.472 11.422 11.633 11.989 12.149 12.072
-9999 -9999 -9999 -9999 -9999 -9999 -9999 -9999 -9999 -9999 -9999 -9999 -9999 -9999 -9999 -9999 -9999 11.558 11.671 11.889 11.933 -9999 -9999 -9999 11.581 10.358 10.34 10.132 10.528 10.485 10.009 10.191 10.797 11.085 11.297 11.57 11.473 11.589 11.68 -9999 11.593 11.247 11.159 10.636 10.303 10.6 10.709 10.877 10.914 10.89 10.992 11.048 11.042 11.058 10.957 10.987 11.049 10.989 11.07 11.144 10.959 10.576 10.612 10.668 10.888 11.183 11.297 11.179 11.339 11.52 11.585 11.727 11.826 11.694 12.061 12.33 12.279
-9999 -9999 -9999 -9999 -9999 -9999 -9999 -9999 -9999 -9999 -9999 -9999 -9999 -9999 -9999 -9999 -9999 -9999 -9999 -9999 -9999 -9999 -9999 -9999 12.246 11.478 10.811 10.866 11.022 10.927 10.738 10.976 11.27 11.493 11.68 11.829 11.945 -9999 -9999 11.91 11.522 11.254 11.091 10.651 10.494 10.673 10.776 10.973 11.103 10.929 10.982 11.05 10.845 10.705 10.664 10.562 10.45 10.603 10.69 10.858 10.918 10.763 10.681 10.912 10.912 11.159 11.456 11.454 11.529 11.634 11.782 11.893 12.024 12.261 12.291 12.456 12.396
-9999 -9999 -9999 -9999 -9999 -9999 -9999 -9999 -9999 -9999 -9999 -9999 -9999 -9999 -9999 -9999 -9999 -9999 -9999 -9999 -9999 -9999 -9999 -9999 12.118 11.725 11.437 11.316 11.085 11.021 11.166 11.357 11.619 11.85 -9999 -9999 -9999 -9999 -9999 11.862 11.43 11.301 11.14 10.729 10.545 10.657 10.711 10.997 11.165 10.975 10.711 10.776 10.536 10.432 10.438 10.495 10.434 10.39 10.618 10.669 10.984 11.147 11.039 11.267 11.268 11.336 11.531 11.639 11.81 11.975 11.948 11.895 12.037 12.312 12.542 12.523 12.276
-9999 -9999 -9999 -9999 -9999 -9999 -9999 -9999 -9999 -9999 -9999 -9999 -9999 -9999 -9999 -9999 -9999 -9999 -9999 -9999 -9999 -9999 -9999 -9999 -9999 -9999 11.77 11.288 11.195 11.266 11.244 11.563 11.943 -9999 -9999 -9999 -9999 11.828 11.535 11.308 11.558 11.485 11.225 10.645 10.557 10.539 10.654 10.934 11.046 10.742 10.383 10.246 10.359 10.34 10.499 10.516 10.708 10.706 10.722 10.923 11.02 11.313 11.475 11.455 11.453 11.446 11.477 11.487 11.738 12.029 12.124 12.041 11.982 12.162 12.303 12.371 12.189
-9999 -9999 -9999 -9999 -9999 -9999 -9999 -9999 -9999 -9999 -9999 -9999 -9999 -9999 -9999 -9999 -9999 -9999 -9999 -9999 -9999 -9999 -9999 -9999 -9999 -9999 -9999 11.89 11.723 11.587 11.565 11.939 -9999 -9999 -9999 -9999 11.705 11.553 11.243 11.16 11.245 11.373 11.279 11.005 10.988 10.628 10.709 10.847 10.658 10.537 10.412 10.135 10.232 10.425 10.646 10.778 10.878 10.985 10.945 10.935 11.095 11.313 11.425 11.36 11.231 11.336 11.424 11.412 11.527 11.854 12.049 12.102 12.099 12.113 12.148 12.063 11.929
-9999 -9999 -9999 -9999 -9999 -9999 -9999 -9999 -9999 -9999 -9999 -9999 -9999 -9999 -9999 -9999 -9999 -9999 -9999 -9999 -9999 -9999 -9999 -9999 -9999 -9999 -9999 -9999 -9999 -9999 -9999 -9999 -9999 -9999 -9999 11.695 11.564 11.484 11.206 11.022 11.301 11.297 11.089 11.192 10.968 10.814 11.039 10.907 10.69 10.579 10.569 10.522 10.358 10.462 10.622 10.53 10.718 10.815 10.889 10.909 10.947 11.17 11.274 11.173 11.037 11.049 11.259 11.38 11.469 11.607 11.794 11.831 11.882 11.874 11.896 11.736 11.447
-9999 -9999 -9999 -9999 -9999 -9999 -9999 -9999 -9999 -9999 -9999 -9999 -9999 -9999 -9999 -9999 -9999 -9999 -9999 -9999 -9999 -9999 -9999 -9999 -9999 -9999 -9999 -9999 -9999 -9999 -9999 -9999 -9999 -9999 12.08 11.774 11.332 11.093 10.262 10.805 11.234 11.079 11.019 10.98 10.829 11.021 11.064 10.98 10.749 10.682 10.864 10.676 10.478 10.259 10.421 10.546 10.26 10.505 10.686 10.861 10.995 11.124 11.22 11.178 11.11 11.164 11.103 11.157 11.349 11.471 11.513 11.486 11.265 11.399 11.409 11.271 10.926
-9999 -9999 -9999 -9999 -9999 -9999 -9999 -9999 -9999 -9999 -9999 -9999 -9999 -9999 -9999 -9999 -9999 -9999 -9999 -9999 -9999 -9999 -9999 -9999 -9999 -9999 -9999 -9999 -9999 -9999 -9999 -9999 -9999 -9999 12.04 11.728 11.586 11.031 10.676 10.492 10.657 10.826 10.914 10.756 10.969 10.985 10.951 10.563 10.298 10.387 10.731 10.843 10.674 10.605 10.446 10.545 10.62 10.565 10.713 10.821 10.984 11.17 11.263 11.273 11.165 11.16 11.132 11.048 11.16 11.245 11.025 11.002 10.918 10.936 11.191 11.144 10.859
-9999 -9999 -9999 -9999 -9999 -9999 -9999 -9999 -9999 -9999 -9999 -9999 -9999 -9999 -9999 -9999 -9999 -9999 -9999 -9999 -9999 9.782 9.547 9.269 9.514 -9999 10.458 -9999 -9999 -9999 -9999 -9999 -9999 -9999 -9999 11.803 11.627 11.427 11.194 10.912 10.596 10.551 10.621 10.875 10.895 10.871 10.53 10.277 10.443 10.534 10.772 10.837 10.783 10.871 10.954 10.973 10.885 10.934 10.846 10.749 10.66 10.865 11.099 11.121 11.042 11.039 10.996 10.976 11.113 11.101 10.855 10.786 10.994 10.939 11.05 11.181 11.144
-9999 -9999 -9999 -9999 -9999 -9999 -9999 -9999 -9999 -9999 -9999 -9999 -9999 -9999 -9999 -9999 -9999 -9999 11.269 10.927 10.252 9.547 8.979 8.838 9.078 9.408 10.152 11.027 11.646 -9999 -9999 11.444 11.811 11.917 11.916 11.767 11.647 11.691 11.542 11.285 10.956 10.636 10.718 10.877 10.815 10.397 10.553 10.695 10.579 10.782 10.969 11.038 10.96 10.975 11.083 11.122 11.228 11.166 11.024 10.849 10.801 10.679 10.734 10.916 10.986 11.061 11.205 11.042 11.136 10.747 10.666 10.784 10.986 11.138 11.13 11.238 11.147
-9999 -9999 -9999 -9999 -9999 -9999 -9999 -9999 -9999 -9999 -9999 -9999 -9999 -9999 -9999 -9999 -9999 11.156 11.236 11.068 10.528 9.718 8.928 8.674 8.871 9.363 9.923 10.384 11.034 11.266 11.165 11.143 11.138 11.603 11.668 11.698 11.555 11.426 11.557 11.379 10.909 10.848 10.892 10.774 10.276 10.596 10.483 10.583 10.761 10.93 11.098 11.095 10.928 11.025 11.071 11.171 11.171 11.226 11.113 10.955 10.739 10.571 10.736 10.913 11.045 10.82 10.958 11.186 11.127 11.178 10.83 10.964 11.064 11.152 11.203 11.108 11.153
-9999 -9999 -9999 -9999 -9999 -9999 -9999 -9999 -9999 -9999 -9999 -9999 -9999 -9999 -9999 -9999 -9999 11.121 11.474 11.609 11.026 10.053 9.638 9.328 9.171 9.682 10.07 10.588 10.405 10.266 10.658 10.88 11.046 10.98 11.451 11.65 11.52 11.549 11.354 11.183 11.228 11.18 11.026 10.663 10.66 10.63 10.495 10.754 10.847 10.982 11.06 11.042 10.887 10.857 11.194 11.276 11.305 11.315 11.313 11.213 11.013 10.685 10.57 10.923 11.068 11.001 10.817 11.048 11.246 11.306 11.336 11.297 11.096 11.145 11.304 11.239 10.878
-9999 -9999 -9999 -9999 -9999 -9999 -9999 -9999 -9999 -9999 -9999 -9999 -9999 -9999 -9999 -9999 -9999 11.381 11.806 11.478 11.16 10.623 10.605 10.237 10.32 10.365 10.5 10.56 10.13 10.289 10.903 11.137 11.218 11.432 11.64 11.677 11.609 11.393 11.193 11.288 11.257 11.135 10.916 10.924 10.862 10.826 10.799 10.858 10.73 10.776 11.003 11.201 11.158 11.169 11.282 11.261 11.308 11.424 11.172 11.129 11.15 10.801 10.459 10.838 11.166 11.146 11.103 11.169 11.258 11.338 11.333 11.293 11.232 11.286 11.521 11.578 11.344
-9999 -9999 -9999 -9999 -9999 -9999 -9999 -9999 -9999 -9999 -9999 -9999 -9999 11.469 10.954 -9999 11.166 11.611 11.284 11.024 11.006 11.119 10.979 10.861 10.555 10.384 10.459 10.605 10.593 10.799 11.092 11.38 11.47 11.464 11.456 11.507 11.594 11.446 11.371 11.307 11.198 10.891 11.078 11.035 10.92 10.717 10.614 10.685 10.536 10.619 10.894 11.212 11.276 11.316 11.374 11.519 11.423 11.457 11.335 11.02 11.176 11.063 10.97 11.014 11.351 11.387 11.262 11.216 11.257 11.323 11.425 11.513 11.543 11.497 11.569 11.666 11.706
-9999 -9999 -9999 -9999 -9999 -9999 -9999 -9999 -9999 -9999 -9999 -9999 -9999 11.23 10.786 10.899 11.058 11.134 10.949 10.999 10.673 10.65 10.81 10.458 10.441 10.401 10.411 10.635 10.606 10.74 11.005 10.756 10.597 10.88 11.183 11.456 11.558 11.443 11.294 11.139 11.037 10.94 11.118 10.972 11.024 10.9 10.659 10.561 10.689 10.772 11.022 11.154 11.25 11.341 11.63 11.721 11.786 11.798 11.617 11.323 11.239 11.122 10.924 10.977 10.823 11.12 11.31 11.306 11.382 11.389 11.453 11.641 11.756 11.684 11.579 11.708 11.767
-9999 -9999 -9999 -9999 -9999 -9999 -9999 -9999 -9999 -9999 -9999 -9999 11.614 11.086 10.855 10.771 10.801 10.917 10.943 10.803 10.64 10.803 10.88 10.646 10.584 10.457 10.588 10.768 11.047 11.171 10.836 10.29 10.44 10.599 10.798 11.268 11.358 11.403 11.363 11.198 11.104 11.041 11.074 11.116 11.185 11.04 10.714 10.911 10.967 11.07 11.127 11.2 11.223 11.262 11.659 12.082 12.255 12.104 12.018 11.715 11.595 11.51 11.334 11.235 11.025 10.899 11.031 10.799 11.231 11.061 11.111 11.646 11.933 11.47 11.229 11.324 11.743
-9999 -9999 -9999 -9999 -9999 -9999 -9999 -9999 -9999 -9999 -9999 -9999 -9999 11.315 10.923 10.841 10.957 11.032 11.075 11.052 11.019 11.023 10.99 10.827 10.728 10.888 10.97 11.176 11.158 11.246 10.678 10.392 10.461 10.359 10.75 11.086 11.089 11.214 11.263 11.174 11.011 11.051 11.062 11.06 11.003 10.824 11.114 11.046 11.141 11.211 11.247 11.234 11.222 11.376 11.613 12.039 12.319 -9999 12.165 12.099 11.807 11.807 11.832 11.781 11.644 11.493 11.505 11.359 11.309 11.481 11.28 11.488 11.885 11.925 11.512 11.379 11.691
-9999 -9999 -9999 -9999 -9999 -9999 -9999 -9999 -9999 -9999 -9999 -9999 11.552 11.455 11.066 10.966 10.951 10.932 11.079 11.178 11.125 11.05 10.865 10.879 11.076 11.193 11.208 11.255 11.334 11.134 10.939 10.924 10.802 10.622 11.13 11.276 10.818 11.015 10.984 10.512 10.67 10.603 10.59 10.749 10.77 10.935 11.141 11.321 11.319 11.365 11.315 11.299 11.277 11.397 11.63 11.901 12.246 12.436 -9999 12.478 -9999 12.35 -9999 12.141 -9999 11.991 12.026 11.995 11.878 11.93 12.008 12.236 -9999 -9999 -9999 12.254 11.99
-9999 -9999 -9999 -9999 -9999 -9999 -9999 -9999 -9999 -9999 -9999 -9999 11.603 11.284 11.017 11.009 10.867 10.822 10.726 10.911 10.779 10.76 10.81 11.017 11.231 11.297 11.414 11.492 11.435 11.329 11.135 11.033 10.813 11.111 11.56 11.071 11.126 11.475 11.052 10.82 10.713 10.542 10.743 11.019 11.028 11.197 11.329 11.326 11.52 11.564 11.47 11.454 11.45 11.549 11.784 11.939 12.236 12.471 -9999 -9999 12.742 12.782 -9999 -9999 12.339 12.327 12.374 -9999 -9999 -9999 -9999 -9999 -9999 -9999 -9999 -9999 -9999
-9999 -9999 -9999 -9999 -9999 -9999 -9999 -9999 -9999 -9999 -9999 11.368 11.261 11.071 11.009 11.148 11.126 10.882 10.83 10.615 10.15 10.134 10.501 10.762 10.921 11.068 11.416 11.564 11.418 11.374 11.206 10.864 10.9 11.259 11.345 11.646 12.178 11.923 11.452 11.029 10.735 11.03 11.315 11.264 11.353 11.381 11.488 11.682 11.865 11.789 11.814 11.823 11.921 11.925 12.05 -9999 -9999 -9999 12.47 -9999 -9999 -9999 -9999 -9999 -9999 12.489 -9999 -9999 -9999 -9999 -9999 -9999 -9999 -9999 -9999 -9999 -9999
-9999 -9999 -9999 -9999 -9999 -9999 -9999 -9999 -9999 -9999 11.528 10.782 10.634 10.825 11.271 11.38 11.31 11.15 10.882 10.101 9.263 9.463 10.357 10.494 10.44 11.091 11.149 11.576 11.607 11.399 11.592 11.758 11.916 -9999 -9999 -9999 -9999 -9999 12.145 11.589 11.232 11.309 11.468 11.579 11.561 11.655 11.731 11.906 -9999 11.958 -9999 -9999 -9999 -9999 -9999 12.245 12.235 12.14 12.055 12.157 12.586 -9999 -9999 -9999 -9999 -9999 -9999 -9999 -9999 -9999 -9999 -9999 -9999 -9999 -9999 -9999 -9999
-9999 -9999 -9999 -9999 -9999 -9999 -9999 -9999 -9999 12.082 11.005 10.312 10.378 10.809 11.074 11.31 11.407 10.933 10.465 9.52 8.941 9.245 9.768 10.097 10.792 10.683 11.358 11.691 11.784 12.028 -9999 -9999 -9999 -9999 -9999 -9999 -9999 -9999 -9999 -9999 12.141 12.017 12.062 11.795 11.602 11.538 11.763 11.56 11.929 -9999 -9999 -9999 -9999 -9999 -9999 -9999 12.441 12.164 12.204 12.258 -9999 -9999 -9999 -9999 -9999 -9999 -9999 -9999 -9999 -9999 -9999 -9999 -9999 -9999 -9999 -9999 -9999
-9999 -9999 -9999 -9999 -9999 -9999 -9999 12.119 12.235 11.668 10.875 10.365 10.171 10.283 10.83 11.317 10.957 10.537 10.287 9.643 9.099 9.513 9.897 10.404 10.577 11.534 11.295 11.534 -9999 -9999 -9999 -9999 -9999 -9999 -9999 -9999 -9999 -9999 -9999 -9999 -9999 12.687 -9999 -9999 -9999 -9999 -9999 12.079 11.906 -9999 -9999 -9999 -9999 -9999 -9999 -9999 -9999 -9999 12.39 12.407 -9999 -9999 -9999 -9999 -9999 -9999 -9999 -9999 -9999 -9999 -9999 -9999 -9999 -9999 -9999 -9999 -9999
-9999 -9999 -9999 -9999 -9999 -9999 12.126 -9999 11.818 11.613 11.062 10.526 10.221 10.262 10.765 10.878 10.605 11.023 10.957 10.093 9.687 9.862 10.478 10.758 11.242 11.669 11.838 12.268 -9999 -9999 -9999 -9999 -9999 -9999 -9999 -9999 -9999 -9999 -9999 -9999 -9999 -9999 12.601 -9999 -9999 -9999 -9999 -9999 -9999 -9999 -9999 -9999 -9999 -9999 -9999 -9999 -9999 -9999 -9999 -9999 -9999 -9999 -9999 -9999 -9999 -9999 -9999 -9999 -9999 -9999 -9999 -9999 -9999 -9999 -9999 -9999 -9999
-9999 -9999 -9999 -9999 -9999 12.314 12.135 11.459 11.627 11.651 11.249 11.005 10.711 10.692 10.918 10.77 10.941 -9999 11.184 10.469 9.908 9.548 10.077 11.042 11.417 11.894 12.165 -9999 -9999 -9999 -9999 -9999 -9999 -9999 -9999 -9999 -9999 -9999 -9999 -9999 -9999 -9999 -9999 -9999 -9999 -9999 -9999 -9999 -9999 -9999 -9999 -9999 -9999 -9999 -9999 -9999 -9999 -9999 -9999 -9999 -9999 -9999 -9999 -9999 -9999 -9999 -9999 -9999 -9999 -9999 -9999 -9999 -9999 -9999 -9999 -9999 -9999
-9999 -9999 -9999 -9999 -9999 12.322 11.833 11.428 11.301 11.328 11.247 11.165 10.946 11.164 11.31 11.282 11.708 11.658 11.478 10.925 9.986 9.755 10.514 10.93 11.545 11.88 12.008 -9999 -9999 -9999 -9999 -9999 -9999 -9999 -9999 -9999 -9999 -9999 -9999 -9999 -9999 -9999 -9999 -9999 -9999 -9999 -9999 -9999 -9999 -9999 -9999 -9999 -9999 -9999 -9999 -9999 -9999 -9999 -9999 -9999 -9999 -9999 -9999 -9999 -9999 -9999 -9999 -9999 -9999 -9999 -9999 -9999 -9999 -9999 -9999 -9999 -9999
-9999 -9999 -9999 -9999 12.397 12.039 11.542 11.089 11.004 11.211 11.297 11.331 11.393 11.596 11.4 11.73 11.947 11.892 11.584 11.292 10.789 10.673 10.934 11.335 11.551 11.712 -9999 -9999 -9999 -9999 -9999 -9999 -9999 -9999 -9999 -9999 -9999 -9999 -9999 -9999 -9999 -9999 -9999 -9999 -9999 -9999 -9999 -9999 -9999 -9999 -9999 -9999 -9999 -9999 -9999 -9999 -9999 -9999 -9999 -9999 -9999 -9999 -9999 -9999 -9999 -9999 -9999 -9999 -9999 -9999 -9999 -9999 -9999 -9999 -9999 -9999 -9999
