Validation/Results/ReClimate_09_2024_1_Temperature-Actuals.asc
NCOLS 192
NROWS 249
XLLCENTER -225160.85627316462
YLLCENTER 29788.11610251502
CELLSIZE 5000.0
NODATA_VALUE -9999
[rows 204 to 237 of 249, columns 77 to 153 of 192]
-9999 -9999 12.68 -9999 12.254 11.915 11.642 11.337 11.291 11.11 11.107 11.065 10.89 10.793 10.522 11.041 10.95 11.03 11.207 11.397 11.317 11.388 10.964 10.512 9.354 8.741 10.081 9.932 9.993 9.339 9.693 10.65 10.141 8.935 10.337 10.587 10.434 10.424 11.03 11.576 11.496 11.228 11.342 11.697 11.871 12.022 12.022 11.881 11.214 10.829 10.739 10.996 11.186 11.331 11.233 10.937 11.028 11.205 11.362 11.435 11.455 11.377 11.268 11.341 11.466 11.491 11.593 11.63 11.543 11.55 11.558 11.626 11.785 11.767 11.717 11.643 11.683
-9999 -9999 -9999 -9999 -9999 -9999 11.553 11.688 11.536 11.425 11.39 11.273 11.125 10.926 11.221 11.22 11.307 11.342 11.265 11.37 11.114 11.104 10.546 9.813 8.957 9.158 9.06 9.369 8.684 8.735 10.174 10.195 10.06 10.956 10.354 10.516 10.882 11.058 11.413 11.273 11.072 10.761 11.238 11.748 11.895 12.018 12.067 11.508 10.795 10.658 10.716 11.082 11.144 11.292 11.179 11.252 11.293 11.478 11.619 11.667 11.622 11.513 11.446 11.502 11.65 11.731 11.647 11.524 11.377 11.407 11.613 11.662 11.779 11.731 11.827 11.945 11.928
-9999 -9999 -9999 -9999 -9999 -9999 11.853 11.717 11.648 11.632 11.251 11.017 10.86 11.164 11.374 11.462 11.584 11.211 11.045 11.252 11.381 11.429 10.912 10.672 10.444 10.143 9.824 9.591 9.05 9.396 9.142 9.77 10.354 10.032 9.764 11.052 11.215 11.352 11.059 11.11 10.644 10.935 11.328 11.826 11.901 11.755 11.053 10.661 10.715 10.876 10.835 11.011 11.158 11.246 11.389 11.299 11.548 11.718 11.869 11.879 11.722 11.577 11.484 11.569 11.764 11.815 11.672 11.309 11.349 11.404 11.491 11.704 11.794 11.914 12.007 12.188 12.108
-9999 -9999 -9999 -9999 12.533 12.287 12.036 11.859 -9999 11.697 11.558 11.405 11.661 11.791 11.889 -9999 11.678 11.347 11.403 11.07 11.589 10.875 10.946 10.761 10.496 10.396 10.638 10.231 9.933 9.805 9.761 10.044 10.324 9.385 10.267 11.179 11.152 11.455 11.361 10.901 11.003 11.261 11.622 11.817 11.757 11.133 11.035 10.752 10.869 10.841 11.051 11.168 11.245 11.399 11.574 11.631 11.716 11.715 11.959 11.939 11.855 11.758 11.735 11.722 11.764 11.696 11.427 11.303 11.272 11.494 11.569 11.701 11.821 11.874 11.942 12.24 12.224
-9999 -9999 -9999 -9999 12.518 -9999 -9999 -9999 11.953 11.906 11.82 -9999 -9999 -9999 -9999 -9999 11.814 11.617 11.239 11.904 11.635 11.481 11.38 11.11 11.171 11.1 9.572 9.585 10.48 10.478 10.45 10.338 9.854 9.893 10.962 11.072 11.457 11.509 10.933 11.181 11.313 11.75 11.799 11.853 11.507 11.133 11.144 10.916 11.091 11.221 11.245 11.354 11.507 11.598 11.716 11.759 11.776 11.709 11.795 11.963 11.776 11.825 11.804 11.785 11.636 11.566 11.411 11.236 11.342 11.621 11.747 11.837 11.843 11.852 11.997 12.245 12.32
-9999 -9999 -9999 -9999 -9999 -9999 12.28 12.081 11.983 12.187 12.06 -9999 -9999 -9999 -9999 -9999 -9999 -9999 -9999 12.251 12.141 12.129 12.247 11.854 11.399 9.837 9.309 9.4 9.766 10.222 10.383 10.439 10.499 10.461 10.786 11.424 11.553 10.814 11.107 11.268 12.02 11.995 11.91 11.829 11.188 11.16 11.054 11.113 11.294 11.446 11.5 11.557 11.594 11.668 11.632 11.696 11.756 11.811 11.806 11.896 11.783 11.762 11.623 11.516 11.691 11.514 11.399 11.388 11.488 11.707 11.954 11.919 11.947 12.1 12.366 12.534 12.371
-9999 -9999 -9999 -9999 -9999 -9999 -9999 12.149 -9999 -9999 -9999 -9999 -9999 -9999 -9999 -9999 -9999 11.927 12.088 12.161 12.157 12.558 12.664 12.371 11.471 10.524 9.627 9.523 10.074 10.888 10.738 10.411 10.586 10.833 11.535 11.861 11.614 11.4 11.607 12.014 -9999 12.063 11.908 11.549 10.924 10.932 11.129 11.267 11.462 11.53 11.617 11.594 11.613 11.603 11.709 11.751 11.833 11.841 11.863 11.772 11.65 11.491 11.315 11.323 11.427 11.779 11.639 11.59 11.763 11.828 12.02 12.143 12.099 12.314 12.676 12.84 12.769
-9999 -9999 -9999 -9999 -9999 -9999 -9999 -9999 -9999 -9999 -9999 -9999 -9999 -9999 -9999 -9999 -9999 12.204 12.312 12.534 12.562 -9999 -9999 -9999 12.203 10.98 10.94 10.713 11.118 11.075 10.589 10.752 11.362 11.653 11.873 12.171 12.1 12.237 12.319 -9999 12.22 11.867 11.779 11.234 10.896 11.192 11.306 11.478 11.522 11.498 11.592 11.64 11.641 11.655 11.543 11.569 11.669 11.632 11.714 11.791 11.597 11.196 11.251 11.322 11.539 11.835 11.952 11.831 11.996 12.187 12.264 12.413 12.503 12.366 12.736 13.006 12.964
-9999 -9999 -9999 -9999 -9999 -9999 -9999 -9999 -9999 -9999 -9999 -9999 -9999 -9999 -9999 -9999 -9999 -9999 -9999 -9999 -9999 -9999 -9999 -9999 12.876 12.103 11.423 11.464 11.62 11.526 11.32 11.541 11.837 12.063 12.272 12.446 12.581 -9999 -9999 12.552 12.162 11.888 11.709 11.248 11.09 11.269 11.377 11.578 11.711 11.538 11.584 11.637 11.438 11.302 11.249 11.13 11.052 11.246 11.334 11.499 11.552 11.383 11.318 11.57 11.568 11.81 12.111 12.11 12.189 12.296 12.456 12.578 12.701 12.925 12.958 13.122 13.071
-9999 -9999 -9999 -9999 -9999 -9999 -9999 -9999 -9999 -9999 -9999 -9999 -9999 -9999 -9999 -9999 -9999 -9999 -9999 -9999 -9999 -9999 -9999 -9999 12.755 12.366 12.067 11.939 11.705 11.631 11.762 11.935 12.201 12.431 -9999 -9999 -9999 -9999 -9999 12.507 12.07 11.93 11.754 11.328 11.148 11.27 11.321 11.586 11.761 11.587 11.317 11.371 11.131 11.027 11.04 11.092 11.047 11.033 11.268 11.321 11.643 11.803 11.689 11.923 11.935 12.007 12.199 12.305 12.476 12.638 12.604 12.551 12.717 12.998 13.221 13.196 12.958
-9999 -9999 -9999 -9999 -9999 -9999 -9999 -9999 -9999 -9999 -9999 -9999 -9999 -9999 -9999 -9999 -9999 -9999 -9999 -9999 -9999 -9999 -9999 -9999 -9999 -9999 12.408 11.919 11.817 11.878 11.843 12.146 12.531 -9999 -9999 -9999 -9999 12.456 12.17 11.954 12.197 12.112 11.84 11.246 11.167 11.158 11.256 11.516 11.642 11.353 10.988 10.841 10.953 10.933 11.098 11.122 11.33 11.347 11.369 11.575 11.679 11.976 12.135 12.107 12.115 12.119 12.149 12.152 12.405 12.69 12.777 12.683 12.647 12.852 12.986 13.041 12.867
-9999 -9999 -9999 -9999 -9999 -9999 -9999 -9999 -9999 -9999 -9999 -9999 -9999 -9999 -9999 -9999 -9999 -9999 -9999 -9999 -9999 -9999 -9999 -9999 -9999 -9999 -9999 12.519 12.342 12.198 12.166 12.539 -9999 -9999 -9999 -9999 12.347 12.208 11.905 11.817 11.893 12.0 11.897 11.617 11.605 11.241 11.314 11.452 11.27 11.141 11.017 10.734 10.843 11.041 11.262 11.397 11.51 11.634 11.601 11.597 11.759 11.98 12.092 12.022 11.894 12.004 12.092 12.077 12.204 12.534 12.723 12.768 12.764 12.788 12.827 12.735 12.627
-9999 -9999 -9999 -9999 -9999 -9999 -9999 -9999 -9999 -9999 -9999 -9999 -9999 -9999 -9999 -9999 -9999 -9999 -9999 -9999 -9999 -9999 -9999 -9999 -9999 -9999 -9999 -9999 -9999 -9999 -9999 -9999 -9999 -9999 -9999 12.35 12.225 12.148 11.869 11.681 11.945 11.921 11.71 11.807 11.581 11.425 11.651 11.521 11.299 11.18 11.171 11.122 10.969 11.085 11.246 11.152 11.353 11.464 11.544 11.57 11.611 11.835 11.939 11.835 11.7 11.712 11.922 12.041 12.141 12.29 12.473 12.502 12.552 12.539 12.565 12.405 12.141
-9999 -9999 -9999 -9999 -9999 -9999 -9999 -9999 -9999 -9999 -9999 -9999 -9999 -9999 -9999 -9999 -9999 -9999 -9999 -9999 -9999 -9999 -9999 -9999 -9999 -9999 -9999 -9999 -9999 -9999 -9999 -9999 -9999 -9999 12.731 12.436 11.996 11.75 10.915 11.448 11.867 11.706 11.643 11.603 11.456 11.658 11.701 11.609 11.375 11.308 11.492 11.304 11.117 10.911 11.059 11.174 10.897 11.156 11.342 11.522 11.663 11.794 11.902 11.865 11.785 11.832 11.786 11.845 12.04 12.168 12.204 12.168 11.949 12.082 12.082 11.938 11.62
-9999 -9999 -9999 -9999 -9999 -9999 -9999 -9999 -9999 -9999 -9999 -9999 -9999 -9999 -9999 -9999 -9999 -9999 -9999 -9999 -9999 -9999 -9999 -9999 -9999 -9999 -9999 -9999 -9999 -9999 -9999 -9999 -9999 -9999 12.708 12.389 12.243 11.682 11.32 11.127 11.288 11.451 11.539 11.382 11.605 11.632 11.592 11.196 10.932 11.021 11.367 11.479 11.322 11.265 11.093 11.173 11.258 11.213 11.366 11.479 11.648 11.839 11.944 11.965 11.847 11.826 11.813 11.742 11.857 11.942 11.717 11.683 11.602 11.62 11.867 11.805 11.547
-9999 -9999 -9999 -9999 -9999 -9999 -9999 -9999 -9999 -9999 -9999 -9999 -9999 -9999 -9999 -9999 -9999 -9999 -9999 -9999 -9999 10.412 10.185 9.894 10.14 -9999 11.095 -9999 -9999 -9999 -9999 -9999 -9999 -9999 -9999 12.492 12.309 12.09 11.854 11.57 11.254 11.204 11.274 11.522 11.547 11.517 11.166 10.894 11.088 11.196 11.437 11.504 11.455 11.553 11.625 11.627 11.546 11.606 11.515 11.419 11.331 11.539 11.802 11.847 11.76 11.746 11.694 11.674 11.815 11.805 11.564 11.494 11.697 11.639 11.757 11.884 11.845
-9999 -9999 -9999 -9999 -9999 -9999 -9999 -9999 -9999 -9999 -9999 -9999 -9999 -9999 -9999 -9999 -9999 -9999 11.948 11.611 10.914 10.182 9.611 9.459 9.701 10.034 10.798 11.702 12.326 -9999 -9999 12.118 12.497 12.613 12.617 12.462 12.329 12.355 12.207 11.952 11.622 11.3 11.377 11.531 11.465 11.04 11.181 11.304 11.215 11.451 11.643 11.713 11.641 11.662 11.76 11.784 11.898 11.843 11.7 11.52 11.474 11.351 11.435 11.65 11.715 11.778 11.915 11.736 11.834 11.448 11.373 11.496 11.695 11.839 11.837 11.95 11.86
-9999 -9999 -9999 -9999 -9999 -9999 -9999 -9999 -9999 -9999 -9999 -9999 -9999 -9999 -9999 -9999 -9999 11.831 11.918 11.775 11.216 10.377 9.579 9.305 9.505 9.992 10.569 11.032 11.699 11.963 11.86 11.832 11.846 12.329 12.389 12.402 12.252 12.121 12.25 12.052 11.58 11.507 11.549 11.431 10.931 11.252 11.127 11.21 11.414 11.611 11.786 11.787 11.616 11.712 11.764 11.858 11.855 11.913 11.813 11.66 11.429 11.253 11.436 11.639 11.747 11.497 11.651 11.878 11.829 11.887 11.544 11.683 11.764 11.835 11.897 11.81 11.864
-9999 -9999 -9999 -9999 -9999 -9999 -9999 -9999 -9999 -9999 -9999 -9999 -9999 -9999 -9999 -9999 -9999 11.798 12.183 12.324 11.718 10.72 10.29 9.963 9.803 10.311 10.701 11.222 11.068 10.962 11.353 11.572 11.755 11.71 12.171 12.355 12.226 12.254 12.046 11.856 11.895 11.836 11.683 11.32 11.319 11.29 11.143 11.387 11.502 11.664 11.749 11.737 11.579 11.542 11.884 11.969 11.997 12.003 12.013 11.927 11.715 11.368 11.271 11.644 11.764 11.66 11.489 11.734 11.942 12.012 12.048 12.014 11.795 11.816 11.986 11.931 11.58
-9999 -9999 -9999 -9999 -9999 -9999 -9999 -9999 -9999 -9999 -9999 -9999 -9999 -9999 -9999 -9999 -9999 12.071 12.513 12.16 11.829 11.297 11.272 10.909 10.983 11.003 11.15 11.237 10.831 11.003 11.615 11.842 11.935 12.15 12.353 12.393 12.322 12.09 11.888 11.997 11.956 11.808 11.592 11.601 11.545 11.521 11.481 11.514 11.406 11.467 11.7 11.905 11.867 11.876 11.987 11.965 12.008 12.117 11.878 11.848 11.876 11.521 11.168 11.549 11.864 11.816 11.789 11.872 11.971 12.063 12.037 11.984 11.928 11.97 12.211 12.275 12.026
-9999 -9999 -9999 -9999 -9999 -9999 -9999 -9999 -9999 -9999 -9999 -9999 -9999 12.173 11.645 -9999 11.848 12.314 11.973 11.693 11.678 11.795 11.66 11.546 11.221 11.025 11.125 11.299 11.299 11.519 11.807 12.089 12.18 12.174 12.17 12.224 12.3 12.137 12.076 12.028 11.901 11.57 11.761 11.719 11.615 11.424 11.303 11.35 11.213 11.311 11.592 11.916 11.985 12.028 12.084 12.224 12.125 12.151 12.041 11.738 11.901 11.794 11.691 11.718 12.041 12.057 11.947 11.919 11.972 12.05 12.131 12.19 12.224 12.181 12.259 12.36 12.386
-9999 -9999 -9999 -9999 -9999 -9999 -9999 -9999 -9999 -9999 -9999 -9999 -9999 11.927 11.471 11.568 11.738 11.811 11.628 11.701 11.382 11.368 11.528 11.161 11.126 11.062 11.094 11.34 11.324 11.475 11.732 11.464 11.303 11.58 11.888 12.173 12.259 12.114 11.98 11.849 11.734 11.63 11.808 11.653 11.707 11.567 11.324 11.256 11.392 11.467 11.721 11.858 11.947 12.035 12.331 12.422 12.478 12.479 12.328 12.056 11.974 11.859 11.664 11.708 11.536 11.813 12.006 12.013 12.084 12.092 12.147 12.314 12.438 12.37 12.268 12.4 12.462
-9999 -9999 -9999 -9999 -9999 -9999 -9999 -9999 -9999 -9999 -9999 -9999 12.3 11.775 11.534 11.436 11.466 11.58 11.631 11.516 11.366 11.54 11.605 11.358 11.277 11.128 11.275 11.476 11.77 11.911 11.561 10.996 11.141 11.294 11.502 11.982 12.048 12.064 12.044 11.9 11.802 11.732 11.761 11.796 11.851 11.689 11.389 11.617 11.668 11.765 11.826 11.902 11.918 11.947 12.351 12.78 12.945 12.779 12.722 12.452 12.334 12.245 12.071 11.971 11.745 11.595 11.73 11.503 11.93 11.749 11.791 12.313 12.609 12.153 11.915 12.011 12.432
-9999 -9999 -9999 -9999 -9999 -9999 -9999 -9999 -9999 -9999 -9999 -9999 -9999 12.045 11.638 11.521 11.635 11.697 11.758 11.741 11.72 11.734 11.703 11.566 11.454 11.605 11.698 11.903 11.895 11.982 11.407 11.125 11.187 11.064 11.46 11.793 11.777 11.887 11.947 11.854 11.692 11.745 11.756 11.755 11.692 11.517 11.823 11.747 11.838 11.901 11.938 11.926 11.924 12.077 12.312 12.74 13.024 -9999 12.864 12.813 12.545 12.555 12.557 12.489 12.347 12.18 12.199 12.059 11.988 12.141 11.957 12.164 12.553 12.588 12.185 12.057 12.377
-9999 -9999 -9999 -9999 -9999 -9999 -9999 -9999 -9999 -9999 -9999 -9999 12.263 12.196 11.782 11.649 11.626 11.595 11.748 11.852 11.811 11.746 11.587 11.629 11.819 11.929 11.943 11.99 12.069 11.868 11.677 11.667 11.53 11.33 11.837 11.979 11.51 11.691 11.658 11.181 11.351 11.296 11.287 11.448 11.476 11.645 11.846 12.018 12.013 12.052 12.003 11.986 11.973 12.102 12.334 12.601 12.95 13.142 -9999 13.18 -9999 13.097 -9999 12.835 -9999 12.671 12.713 12.689 12.551 12.576 12.67 12.904 -9999 -9999 -9999 12.925 12.668
-9999 -9999 -9999 -9999 -9999 -9999 -9999 -9999 -9999 -9999 -9999 -9999 12.307 11.991 11.7 11.662 11.515 11.472 11.383 11.581 11.46 11.452 11.52 11.73 11.953 12.053 12.163 12.22 12.164 12.06 11.864 11.751 11.524 11.828 12.278 11.793 11.832 12.152 11.726 11.489 11.39 11.224 11.433 11.726 11.744 11.923 12.052 12.047 12.229 12.24 12.166 12.16 12.156 12.258 12.494 12.644 12.959 13.205 -9999 -9999 13.463 13.522 -9999 -9999 13.043 13.033 13.07 -9999 -9999 -9999 -9999 -9999 -9999 -9999 -9999 -9999 -9999
-9999 -9999 -9999 -9999 -9999 -9999 -9999 -9999 -9999 -9999 -9999 12.034 11.933 11.758 11.674 11.784 11.765 11.522 11.483 11.28 10.825 10.82 11.191 11.456 11.647 11.83 12.164 12.292 12.148 12.104 11.926 11.573 11.614 11.98 12.07 12.375 12.884 12.602 12.126 11.698 11.408 11.706 12.007 11.973 12.075 12.113 12.22 12.411 12.57 12.462 12.505 12.536 12.634 12.636 12.762 -9999 -9999 -9999 13.197 -9999 -9999 -9999 -9999 -9999 -9999 13.187 -9999 -9999 -9999 -9999 -9999 -9999 -9999 -9999 -9999 -9999 -9999
-9999 -9999 -9999 -9999 -9999 -9999 -9999 -9999 -9999 -9999 12.18 11.434 11.301 11.507 11.943 12.054 11.979 11.79 11.518 10.705 9.876 10.09 11.002 11.194 11.173 11.858 11.903 12.312 12.351 12.16 12.337 12.465 12.629 -9999 -9999 -9999 -9999 -9999 12.844 12.289 11.936 12.025 12.192 12.292 12.285 12.386 12.462 12.634 -9999 12.665 -9999 -9999 -9999 -9999 -9999 12.935 12.94 12.87 12.78 12.864 13.278 -9999 -9999 -9999 -9999 -9999 -9999 -9999 -9999 -9999 -9999 -9999 -9999 -9999 -9999 -9999 -9999
-9999 -9999 -9999 -9999 -9999 -9999 -9999 -9999 -9999 12.73 11.654 10.957 11.037 11.484 11.754 11.995 12.071 11.569 11.075 10.098 9.529 9.845 10.414 10.796 11.52 11.445 12.108 12.425 12.536 12.8 -9999 -9999 -9999 -9999 -9999 -9999 -9999 -9999 -9999 -9999 12.861 12.749 12.786 12.51 12.324 12.268 12.494 12.289 12.663 -9999 -9999 -9999 -9999 -9999 -9999 -9999 13.145 12.885 12.92 12.966 -9999 -9999 -9999 -9999 -9999 -9999 -9999 -9999 -9999 -9999 -9999 -9999 -9999 -9999 -9999 -9999 -9999
-9999 -9999 -9999 -9999 -9999 -9999 -9999 12.747 12.873 12.321 11.514 10.96 10.793 10.962 11.517 12.012 11.621 11.139 10.885 10.275 9.746 10.176 10.592 11.103 11.304 12.289 12.042 12.274 -9999 -9999 -9999 -9999 -9999 -9999 -9999 -9999 -9999 -9999 -9999 -9999 -9999 13.441 -9999 -9999 -9999 -9999 -9999 12.819 12.636 -9999 -9999 -9999 -9999 -9999 -9999 -9999 -9999 -9999 13.117 13.116 -9999 -9999 -9999 -9999 -9999 -9999 -9999 -9999 -9999 -9999 -9999 -9999 -9999 -9999 -9999 -9999 -9999
-9999 -9999 -9999 -9999 -9999 -9999 12.746 -9999 12.456 12.262 11.676 11.096 10.84 10.937 11.449 11.571 11.25 11.608 11.573 10.745 10.355 10.548 11.169 11.453 11.962 12.416 12.583 13.006 -9999 -9999 -9999 -9999 -9999 -9999 -9999 -9999 -9999 -9999 -9999 -9999 -9999 -9999 13.349 -9999 -9999 -9999 -9999 -9999 -9999 -9999 -9999 -9999 -9999 -9999 -9999 -9999 -9999 -9999 -9999 -9999 -9999 -9999 -9999 -9999 -9999 -9999 -9999 -9999 -9999 -9999 -9999 -9999 -9999 -9999 -9999 -9999 -9999
-9999 -9999 -9999 -9999 -9999 12.932 12.757 12.081 12.251 12.261 11.833 11.576 11.315 11.304 11.555 11.469 11.613 -9999 11.876 11.167 10.595 10.164 10.712 11.737 12.129 12.613 12.887 -9999 -9999 -9999 -9999 -9999 -9999 -9999 -9999 -9999 -9999 -9999 -9999 -9999 -9999 -9999 -9999 -9999 -9999 -9999 -9999 -9999 -9999 -9999 -9999 -9999 -9999 -9999 -9999 -9999 -9999 -9999 -9999 -9999 -9999 -9999 -9999 -9999 -9999 -9999 -9999 -9999 -9999 -9999 -9999 -9999 -9999 -9999 -9999 -9999 -9999
-9999 -9999 -9999 -9999 -9999 12.942 12.453 12.041 11.904 11.916 11.825 11.731 11.52 11.745 11.944 11.977 12.404 12.353 12.182 11.636 10.64 10.339 11.147 11.62 12.242 12.584 12.725 -9999 -9999 -9999 -9999 -9999 -9999 -9999 -9999 -9999 -9999 -9999 -9999 -9999 -9999 -9999 -9999 -9999 -9999 -9999 -9999 -9999 -9999 -9999 -9999 -9999 -9999 -9999 -9999 -9999 -9999 -9999 -9999 -9999 -9999 -9999 -9999 -9999 -9999 -9999 -9999 -9999 -9999 -9999 -9999 -9999 -9999 -9999 -9999 -9999 -9999
-9999 -9999 -9999 -9999 13.016 12.67 12.155 11.648 11.557 11.769 11.856 11.91 11.975 12.172 12.029 12.422 12.649 12.615 12.308 11.993 11.456 11.332 11.626 12.03 12.248 12.4 -9999 -9999 -9999 -9999 -9999 -9999 -9999 -9999 -9999 -9999 -9999 -9999 -9999 -9999 -9999 -9999 -9999 -9999 -9999 -9999 -9999 -9999 -9999 -9999 -9999 -9999 -9999 -9999 -9999 -9999 -9999 -9999 -9999 -9999 -9999 -9999 -9999 -9999 -9999 -9999 -9999 -9999 -9999 -9999 -9999 -9999 -9999 -9999 -9999 -9999 -9999
