Validation/Results/ReClimate_06_2024_1.asc
NCOLS 192
NROWS 249
XLLCENTER -225160.85627316462
YLLCENTER 29788.11610251502
CELLSIZE 5000.0
NODATA_VALUE -9999
[rows 165 to 197 of 249, columns 75 to 149 of 192]
-9999 -9999 -9999 -9999 -9999 -9999 -9999 -9999 -9999 -9999 -9999 -9999 -9999 -9999 -9999 -9999 -9999 -9999 -9999 -9999 -9999 -9999 -9999 -9999 -9999 -9999 -9999 -9999 -9999 -9999 -9999 -9999 -9999 -9999 -9999 -9999 -9999 99.674 99.601 99.528 99.461 99.398 99.315 99.194 99.08 98.976 98.883 98.796 98.713 98.632 98.554 98.477 98.402 98.327 98.251 98.175 98.096 98.016 97.932 97.844 97.76 97.676 97.593 97.506 97.419 97.353 97.291 97.228 97.162 97.094 97.023 96.946 96.866 96.788 -9999
-9999 -9999 -9999 -9999 -9999 -9999 -9999 -9999 -9999 -9999 -9999 -9999 -9999 -9999 -9999 -9999 -9999 -9999 -9999 -9999 -9999 -9999 -9999 -9999 -9999 -9999 -9999 -9999 -9999 -9999 -9999 -9999 -9999 -9999 -9999 -9999 -9999 99.625 99.55 99.48 99.414 99.349 99.25 99.131 99.019 98.914 98.819 98.733 98.65 98.569 98.489 98.41 98.333 98.255 98.177 98.097 98.016 97.932 97.845 97.761 97.677 97.594 97.506 97.415 97.317 97.226 97.153 97.084 97.013 96.938 96.86 96.784 96.709 96.63 96.55
-9999 -9999 -9999 -9999 -9999 -9999 -9999 -9999 -9999 -9999 -9999 -9999 -9999 -9999 -9999 -9999 -9999 -9999 -9999 -9999 -9999 -9999 -9999 -9999 -9999 -9999 -9999 -9999 -9999 -9999 -9999 -9999 -9999 -9999 -9999 -9999 99.661 99.578 99.505 99.437 99.373 99.299 99.19 99.074 98.965 98.86 98.762 98.674 98.59 98.507 98.425 98.344 98.263 98.183 98.102 98.019 97.934 97.85 97.767 97.683 97.599 97.511 97.419 97.322 97.219 97.109 97.014 96.935 96.858 96.781 96.707 96.625 96.539 96.448 96.351
-9999 -9999 -9999 -9999 -9999 -9999 -9999 -9999 -9999 -9999 -9999 -9999 -9999 -9999 -9999 -9999 -9999 -9999 -9999 -9999 -9999 -9999 -9999 -9999 -9999 -9999 -9999 -9999 -9999 -9999 -9999 -9999 -9999 -9999 -9999 -9999 99.615 99.535 99.466 99.401 99.339 99.256 99.139 99.026 98.917 98.811 98.713 98.62 98.532 98.447 98.363 98.278 98.194 98.11 98.026 97.941 97.858 97.777 97.694 97.609 97.521 97.428 97.33 97.228 97.118 97.002 96.878 96.786 96.703 96.613 96.524 96.434 96.338 96.235 96.126
-9999 -9999 -9999 -9999 -9999 -9999 -9999 -9999 -9999 -9999 -9999 -9999 -9999 -9999 -9999 -9999 -9999 -9999 -9999 -9999 -9999 -9999 -9999 -9999 -9999 -9999 -9999 -9999 -9999 -9999 -9999 -9999 -9999 -9999 -9999 -9999 -9999 99.498 99.431 99.368 99.306 99.215 99.097 98.985 98.878 98.774 98.672 98.574 98.48 98.388 98.3 98.211 98.124 98.037 97.953 97.872 97.79 97.708 97.623 97.534 97.44 97.342 97.239 97.13 97.017 96.899 96.763 96.626 96.525 96.427 96.328 96.227 96.122 96.013 95.894
-9999 -9999 -9999 -9999 -9999 -9999 -9999 -9999 -9999 -9999 -9999 -9999 -9999 -9999 -9999 -9999 -9999 99.689 99.714 -9999 -9999 -9999 -9999 -9999 -9999 -9999 -9999 -9999 -9999 -9999 -9999 -9999 -9999 -9999 -9999 -9999 99.535 99.464 99.4 99.339 99.274 99.177 99.062 98.952 98.846 98.743 98.643 98.542 98.44 98.338 98.237 98.144 98.055 97.971 97.888 97.806 97.725 97.641 97.551 97.457 97.36 97.26 97.155 97.045 96.917 96.777 96.631 96.47 96.338 96.23 96.125 96.017 95.907 95.79 95.663
-9999 -9999 -9999 -9999 -9999 -9999 -9999 -9999 -9999 -9999 -9999 -9999 -9999 -9999 -9999 -9999 -9999 99.671 99.702 99.731 -9999 -9999 -9999 -9999 -9999 -9999 -9999 -9999 -9999 -9999 -9999 -9999 -9999 -9999 -9999 99.577 99.501 99.433 99.371 99.311 99.242 99.142 99.03 98.922 98.819 98.718 98.618 98.516 98.407 98.297 98.194 98.096 98.005 97.919 97.835 97.751 97.669 97.582 97.489 97.391 97.29 97.186 97.07 96.939 96.8 96.648 96.488 96.321 96.156 96.031 95.92 95.806 95.689 95.565 95.43
-9999 -9999 -9999 -9999 -9999 -9999 -9999 -9999 -9999 -9999 -9999 -9999 -9999 -9999 -9999 -9999 99.649 99.672 99.701 99.728 99.753 -9999 -9999 -9999 -9999 -9999 -9999 -9999 -9999 -9999 -9999 -9999 99.754 -9999 -9999 99.54 99.47 99.405 99.344 99.286 -9999 99.111 99.0 98.894 98.792 98.692 98.595 98.491 98.382 98.273 98.167 98.062 97.964 97.873 97.785 97.698 97.612 97.523 97.427 97.326 97.222 97.1 96.966 96.823 96.671 96.512 96.346 96.17 95.984 95.832 95.711 95.593 95.47 95.339 95.194
-9999 -9999 -9999 -9999 -9999 -9999 -9999 -9999 -9999 -9999 -9999 -9999 -9999 -9999 -9999 -9999 99.651 99.672 99.699 99.725 99.749 99.772 99.793 -9999 -9999 -9999 99.851 99.848 -9999 99.813 99.795 99.78 99.749 99.675 -9999 -9999 99.451 99.387 -9999 -9999 99.193 99.089 98.98 98.875 98.773 98.674 98.573 98.466 98.358 98.252 98.145 98.039 97.934 97.831 97.735 97.643 97.552 97.458 97.36 97.253 97.13 96.996 96.85 96.698 96.541 96.376 96.202 96.018 95.823 95.637 95.499 95.375 95.247 95.109 94.955
-9999 -9999 -9999 -9999 -9999 -9999 -9999 -9999 -9999 -9999 -9999 -9999 -9999 -9999 -9999 -9999 -9999 99.672 99.698 99.722 99.745 99.767 -9999 -9999 99.826 99.84 99.853 99.849 99.834 99.816 99.8 99.785 99.741 99.657 99.579 -9999 99.439 99.375 99.315 99.257 99.18 99.075 98.967 98.862 98.76 98.657 98.551 98.443 98.336 98.227 98.121 98.015 97.908 97.802 97.696 97.591 97.49 97.39 97.283 97.159 97.024 96.878 96.728 96.572 96.41 96.239 96.058 95.866 95.66 95.447 95.282 95.154 95.022 94.876 94.711
-9999 -9999 -9999 -9999 -9999 -9999 -9999 -9999 -9999 -9999 -9999 -9999 -9999 -9999 -9999 -9999 -9999 99.671 99.696 99.72 99.742 99.762 99.782 99.801 99.819 99.837 99.849 99.85 99.837 99.82 99.805 99.785 99.724 99.642 99.565 99.491 99.423 99.36 99.3 99.242 99.166 99.061 98.954 98.85 98.747 98.642 98.535 98.427 98.319 98.208 98.098 97.989 97.881 97.773 97.665 97.555 97.444 97.326 97.193 97.052 96.906 96.757 96.603 96.444 96.277 96.101 95.914 95.714 95.498 95.265 95.068 94.931 94.794 94.639 94.457
-9999 -9999 -9999 -9999 -9999 -9999 -9999 -9999 -9999 -9999 -9999 -9999 -9999 -9999 -9999 -9999 -9999 -9999 99.694 99.717 99.738 99.758 99.777 99.795 99.813 99.83 99.845 99.851 99.841 99.824 99.81 99.779 99.704 99.62 99.542 99.47 99.404 99.342 99.284 99.228 99.152 99.05 98.945 98.841 98.737 98.631 98.524 98.417 98.308 98.196 98.082 97.971 97.859 97.745 97.633 97.521 97.402 97.265 97.117 96.96 96.804 96.644 96.48 96.313 96.142 95.962 95.771 95.565 95.342 95.102 94.874 94.712 94.564 94.402 94.208
-9999 -9999 -9999 -9999 -9999 -9999 -9999 -9999 -9999 -9999 -9999 -9999 -9999 -9999 -9999 -9999 -9999 -9999 -9999 -9999 99.734 99.753 99.772 99.789 99.807 99.823 99.839 99.848 99.845 99.826 99.804 99.758 99.676 99.595 99.521 99.452 99.387 99.327 99.27 99.215 99.142 99.042 98.938 98.834 98.73 98.624 98.517 98.41 98.301 98.189 98.074 97.958 97.845 97.729 97.61 97.486 97.347 97.198 97.041 96.883 96.722 96.559 96.392 96.219 96.042 95.856 95.659 95.45 95.226 94.988 94.745 94.562 94.415 94.249 94.04
-9999 -9999 -9999 -9999 -9999 -9999 -9999 -9999 -9999 -9999 -9999 -9999 -9999 -9999 -9999 -9999 -9999 -9999 -9999 99.71 99.73 99.749 99.766 99.784 99.8 99.816 99.832 99.843 99.834 99.811 99.788 99.737 99.652 99.574 99.503 99.436 99.374 99.315 99.259 99.205 99.134 99.038 98.934 98.831 98.727 98.62 98.513 98.406 98.297 98.185 98.069 97.949 97.833 97.713 97.588 97.442 97.281 97.111 96.947 96.787 96.626 96.463 96.298 96.129 95.954 95.77 95.577 95.371 95.151 94.915 94.661 94.456 94.302 94.121 93.898
-9999 -9999 -9999 -9999 -9999 -9999 -9999 -9999 -9999 -9999 -9999 -9999 -9999 -9999 -9999 -9999 -9999 -9999 99.687 99.706 99.725 99.744 99.761 99.778 99.794 99.808 99.816 99.818 99.811 99.795 99.771 99.713 99.631 99.557 99.488 99.423 99.363 99.305 99.25 99.196 99.128 99.037 98.934 98.831 98.727 98.619 98.512 98.405 98.296 98.183 98.064 97.932 97.804 97.679 97.538 97.381 97.209 97.033 96.856 96.685 96.521 96.359 96.196 96.03 95.858 95.678 95.489 95.287 95.072 94.84 94.588 94.361 94.193 93.992 93.749
-9999 -9999 -9999 -9999 -9999 -9999 -9999 -9999 -9999 -9999 -9999 -9999 -9999 -9999 -9999 -9999 -9999 99.669 99.681 99.701 99.72 99.738 99.755 99.772 99.785 99.787 99.788 99.79 99.788 99.777 99.754 99.693 99.614 99.542 99.475 99.413 99.354 99.297 99.243 99.19 99.126 99.039 98.937 98.835 98.73 98.622 98.514 98.406 98.291 98.167 98.037 97.904 97.769 97.632 97.48 97.311 97.137 96.96 96.781 96.6 96.421 96.255 96.095 95.931 95.761 95.584 95.396 95.197 94.983 94.751 94.498 94.258 94.064 93.853 93.595
-9999 -9999 -9999 -9999 -9999 -9999 -9999 -9999 -9999 -9999 -9999 -9999 -9999 -9999 -9999 99.652 99.659 99.666 99.678 99.696 99.715 99.733 99.749 99.76 99.76 99.761 99.762 99.764 99.764 99.759 99.735 99.677 99.6 99.53 99.464 99.404 99.346 99.291 99.238 99.186 99.126 99.045 98.944 98.841 98.735 98.626 98.512 98.391 98.265 98.137 98.007 97.874 97.737 97.583 97.419 97.245 97.069 96.89 96.709 96.526 96.343 96.16 95.993 95.832 95.665 95.489 95.302 95.103 94.888 94.654 94.397 94.144 93.925 93.698 93.435
-9999 -9999 -9999 -9999 -9999 -9999 -9999 -9999 -9999 -9999 -9999 -9999 -9999 -9999 99.744 99.653 99.659 99.665 -9999 -9999 -9999 -9999 99.729 99.735 99.735 99.736 99.738 99.739 99.741 99.739 99.717 99.661 99.588 99.52 99.456 99.396 99.34 99.286 99.234 99.184 99.129 99.054 98.954 98.85 98.739 98.616 98.49 98.365 98.238 98.11 97.98 97.846 97.699 97.534 97.359 97.184 97.006 96.825 96.641 96.454 96.269 96.089 95.906 95.735 95.568 95.393 95.206 95.005 94.788 94.55 94.288 94.022 93.781 93.538 93.269
-9999 -9999 -9999 -9999 -9999 -9999 -9999 -9999 -9999 -9999 -9999 -9999 -9999 -9999 99.661 99.653 99.659 -9999 -9999 -9999 -9999 -9999 99.704 99.711 99.712 99.713 99.714 99.716 99.719 99.718 99.699 99.645 99.577 99.511 99.448 99.39 99.334 99.282 99.231 99.182 99.133 99.062 98.965 98.851 98.721 98.592 98.466 98.34 98.213 98.085 97.954 97.82 97.663 97.485 97.304 97.128 96.949 96.767 96.58 96.388 96.199 96.022 95.845 95.655 95.473 95.295 95.106 94.902 94.681 94.438 94.168 93.885 93.627 93.373 93.132
-9999 -9999 -9999 -9999 -9999 -9999 -9999 -9999 -9999 -9999 -9999 -9999 -9999 -9999 -9999 -9999 99.631 -9999 -9999 -9999 -9999 -9999 99.682 99.689 99.689 99.69 99.691 99.689 99.686 99.684 99.664 99.612 99.546 99.484 99.425 99.368 99.316 99.266 99.219 99.174 99.129 99.066 98.962 98.83 98.698 98.569 98.443 98.317 98.19 98.061 97.93 97.788 97.625 97.44 97.255 97.077 96.898 96.716 96.529 96.339 96.149 95.969 95.792 95.601 95.391 95.188 94.987 94.773 94.542 94.291 94.013 93.714 93.442 93.202 93.002
-9999 -9999 -9999 -9999 -9999 -9999 -9999 -9999 -9999 -9999 -9999 -9999 -9999 -9999 -9999 -9999 -9999 -9999 -9999 -9999 -9999 -9999 99.646 99.665 99.659 99.652 99.646 99.64 99.636 99.634 99.617 99.57 99.508 99.449 99.394 99.342 99.291 99.243 99.198 99.155 99.109 99.035 98.929 98.8 98.672 98.547 98.421 98.295 98.168 98.039 97.908 97.757 97.584 97.399 97.211 97.031 96.853 96.672 96.487 96.3 96.114 95.925 95.73 95.522 95.299 95.059 94.836 94.616 94.378 94.12 93.835 93.527 93.264 93.056 92.887
-9999 -9999 -9999 -9999 -9999 -9999 -9999 -9999 -9999 -9999 -9999 -9999 -9999 -9999 -9999 -9999 -9999 -9999 -9999 -9999 -9999 -9999 -9999 99.618 99.608 99.599 99.593 99.588 99.585 99.583 99.571 99.531 99.472 99.416 99.363 99.313 99.266 99.219 99.174 99.126 99.06 98.983 98.885 98.763 98.64 98.519 98.397 98.273 98.146 98.018 97.885 97.725 97.545 97.36 97.172 96.988 96.811 96.631 96.449 96.254 96.052 95.85 95.642 95.424 95.193 94.945 94.684 94.447 94.204 93.941 93.653 93.361 93.107 92.936 92.794
-9999 -9999 -9999 -9999 -9999 -9999 -9999 -9999 -9999 -9999 -9999 -9999 -9999 -9999 -9999 -9999 -9999 -9999 -9999 -9999 -9999 -9999 99.56 99.565 99.556 99.549 99.544 99.54 99.537 99.536 99.527 99.494 99.439 99.384 99.333 99.285 99.239 99.194 99.146 99.079 99.005 98.929 98.836 98.726 98.607 98.489 98.37 98.248 98.124 97.997 97.855 97.691 97.509 97.324 97.135 96.949 96.771 96.58 96.379 96.177 95.967 95.756 95.541 95.318 95.083 94.831 94.557 94.282 94.026 93.766 93.491 93.209 92.985 92.834 92.712
-9999 -9999 -9999 -9999 -9999 -9999 -9999 -9999 -9999 -9999 -9999 -9999 -9999 -9999 -9999 -9999 -9999 -9999 -9999 -9999 -9999 -9999 99.511 99.515 99.508 99.502 99.498 99.494 99.492 99.49 99.485 99.458 99.406 99.355 99.305 99.258 99.212 99.165 99.1 99.025 98.951 98.874 98.79 98.692 98.575 98.46 98.343 98.224 98.101 97.976 97.828 97.656 97.474 97.289 97.1 96.904 96.703 96.501 96.292 96.081 95.87 95.656 95.437 95.21 94.971 94.714 94.436 94.134 93.863 93.607 93.337 93.068 92.875 92.749 92.634
-9999 -9999 -9999 -9999 -9999 -9999 -9999 -9999 -9999 -9999 -9999 -9999 -9999 -9999 -9999 -9999 -9999 -9999 -9999 -9999 -9999 -9999 99.465 99.468 99.462 99.457 99.453 99.45 99.448 99.447 99.445 99.422 99.375 99.327 99.278 99.231 99.184 99.122 99.047 98.973 98.898 98.822 98.743 98.651 98.546 98.432 98.317 98.2 98.08 97.955 97.802 97.623 97.44 97.254 97.047 96.829 96.615 96.404 96.193 95.982 95.769 95.553 95.331 95.099 94.855 94.598 94.326 94.031 93.724 93.456 93.185 92.95 92.783 92.672 92.559
-9999 -9999 -9999 -9999 -9999 -9999 -9999 -9999 -9999 -9999 -9999 -9999 -9999 -9999 -9999 -9999 -9999 -9999 -9999 -9999 -9999 -9999 -9999 99.423 99.418 99.414 99.411 99.408 99.406 99.405 99.404 99.384 99.345 99.298 99.252 99.205 99.149 99.072 98.996 98.922 98.847 98.771 98.695 98.613 98.519 98.407 98.293 98.177 98.059 97.932 97.775 97.595 97.405 97.192 96.97 96.737 96.515 96.303 96.092 95.879 95.665 95.445 95.22 94.99 94.751 94.496 94.225 93.934 93.613 93.308 93.042 92.839 92.708 92.599 92.488
-9999 -9999 -9999 -9999 -9999 -9999 -9999 -9999 -9999 -9999 -9999 -9999 -9999 -9999 -9999 -9999 -9999 -9999 -9999 -9999 -9999 -9999 -9999 99.385 99.377 99.373 99.37 99.368 99.365 99.363 99.362 99.348 99.315 99.27 99.225 99.175 99.1 99.023 98.948 98.873 98.798 98.723 98.649 98.573 98.484 98.384 98.271 98.157 98.039 97.909 97.748 97.56 97.346 97.117 96.875 96.638 96.413 96.201 95.988 95.777 95.563 95.347 95.124 94.893 94.653 94.4 94.128 93.834 93.511 93.176 92.918 92.747 92.637 92.529 92.419
-9999 -9999 -9999 -9999 -9999 -9999 -9999 -9999 -9999 -9999 -9999 -9999 -9999 -9999 -9999 -9999 -9999 -9999 -9999 -9999 -9999 -9999 99.333 99.343 99.336 99.333 99.331 99.328 99.325 99.323 99.321 99.312 99.286 99.242 99.196 99.132 99.054 98.977 98.901 98.826 98.751 98.679 98.606 98.531 98.45 98.358 98.253 98.139 98.023 97.89 97.722 97.506 97.278 97.037 96.791 96.546 96.319 96.108 95.896 95.684 95.471 95.254 95.03 94.799 94.557 94.301 94.026 93.729 93.406 93.077 92.82 92.671 92.569 92.462 92.353
-9999 -9999 -9999 -9999 -9999 -9999 -9999 -9999 -9999 -9999 -9999 -9999 -9999 -9999 -9999 -9999 -9999 -9999 -9999 -9999 -9999 -9999 99.295 99.291 99.285 99.281 99.279 99.279 99.279 99.28 99.279 99.276 99.255 99.214 99.162 99.085 99.008 98.932 98.856 98.781 98.709 98.638 98.565 98.49 98.413 98.328 98.236 98.125 98.009 97.871 97.678 97.442 97.204 96.964 96.719 96.469 96.233 96.019 95.807 95.595 95.38 95.16 94.935 94.701 94.456 94.196 93.918 93.62 93.318 93.002 92.745 92.603 92.503 92.398 92.29
-9999 -9999 -9999 -9999 -9999 -9999 -9999 -9999 -9999 -9999 -9999 -9999 -9999 -9999 -9999 -9999 -9999 -9999 -9999 -9999 -9999 -9999 99.243 99.236 99.23 99.226 99.223 99.221 99.223 99.225 99.227 99.23 99.219 99.185 99.117 99.039 98.963 98.888 98.813 98.739 98.668 98.597 98.525 98.45 98.373 98.297 98.21 98.112 97.995 97.837 97.606 97.371 97.135 96.895 96.65 96.4 96.155 95.931 95.716 95.502 95.285 95.063 94.835 94.598 94.35 94.086 93.808 93.529 93.237 92.934 92.678 92.538 92.441 92.337 92.229
-9999 -9999 -9999 -9999 -9999 -9999 -9999 -9999 -9999 -9999 -9999 -9999 -9999 -9999 -9999 -9999 -9999 -9999 -9999 -9999 -9999 99.19 99.188 99.181 99.176 99.171 99.167 99.163 99.162 99.165 99.169 99.174 99.172 99.144 99.068 98.989 98.911 98.836 98.763 98.692 98.622 98.551 98.479 98.406 98.329 98.253 98.176 98.087 97.969 97.769 97.539 97.304 97.067 96.826 96.581 96.33 96.084 95.846 95.622 95.405 95.186 94.961 94.73 94.49 94.237 93.977 93.715 93.445 93.164 92.883 92.636 92.482 92.381 92.277 92.172
-9999 -9999 -9999 -9999 -9999 -9999 -9999 -9999 -9999 -9999 -9999 -9999 -9999 -9999 -9999 -9999 -9999 -9999 -9999 -9999 99.138 99.14 99.132 99.126 99.122 99.117 99.113 99.108 99.106 99.105 99.107 99.108 99.107 99.07 99.002 98.928 98.856 98.783 98.713 98.644 98.575 98.505 98.434 98.361 98.285 98.209 98.134 98.045 97.896 97.701 97.472 97.238 97.0 96.758 96.512 96.259 96.012 95.773 95.53 95.304 95.082 94.854 94.619 94.375 94.13 93.884 93.63 93.368 93.085 92.829 92.61 92.44 92.323 92.221 92.14
-9999 -9999 -9999 -9999 -9999 -9999 -9999 -9999 -9999 -9999 -9999 -9999 -9999 -9999 -9999 -9999 -9999 -9999 99.093 99.095 99.09 99.083 99.077 99.072 99.067 99.063 99.059 99.055 99.05 99.043 99.037 99.034 99.027 98.989 98.934 98.864 98.797 98.732 98.666 98.598 98.53 98.461 98.391 98.318 98.242 98.166 98.086 97.97 97.815 97.63 97.408 97.173 96.934 96.689 96.438 96.184 95.937 95.697 95.45 95.207 94.978 94.748 94.512 94.279 94.041 93.8 93.55 93.284 93.011 92.776 92.583 92.399 92.277 92.204 92.136
