Validation/Results/ReClimate_04_2024_1.asc
NCOLS 192
NROWS 249
XLLCENTER -225160.85627316462
YLLCENTER 29788.11610251502
CELLSIZE 5000.0
NODATA_VALUE -9999
[rows 99 to 131 of 249, columns 75 to 149 of 192]
98.788 98.787 98.787 98.787 98.785 98.779 98.769 -9999 -9999 98.72 98.699 98.672 98.647 98.622 98.599 98.576 98.554 98.533 98.513 98.493 98.475 98.459 98.445 98.432 98.42 98.408 98.397 98.386 98.376 98.366 98.357 98.348 98.339 98.329 98.32 98.311 98.301 98.29 98.284 98.282 98.28 98.278 98.275 98.273 -9999 -9999 -9999 -9999 -9999 -9999 -9999 -9999 -9999 -9999 -9999 -9999 -9999 -9999 -9999 -9999 -9999 -9999 -9999 -9999 -9999 -9999 -9999 -9999 -9999 -9999 -9999 -9999 -9999 -9999 -9999
98.782 98.782 -9999 -9999 98.784 98.78 -9999 -9999 -9999 98.736 98.714 98.687 98.661 98.637 98.613 98.591 98.569 98.548 98.527 98.508 98.489 98.474 98.46 98.447 98.434 98.423 98.412 98.402 98.392 98.383 98.374 98.365 98.356 98.347 98.338 98.329 98.319 98.309 98.302 98.299 98.298 98.296 98.293 98.291 -9999 -9999 -9999 -9999 -9999 -9999 -9999 -9999 -9999 -9999 -9999 -9999 -9999 -9999 -9999 -9999 -9999 -9999 -9999 -9999 -9999 -9999 -9999 -9999 -9999 -9999 -9999 -9999 -9999 -9999 -9999
-9999 98.772 98.773 98.775 -9999 -9999 -9999 -9999 98.754 98.744 98.726 98.702 98.676 98.651 98.628 98.605 98.583 98.562 98.542 98.522 98.504 98.488 98.474 98.462 98.45 98.439 98.429 98.419 98.409 98.4 98.391 98.382 98.373 98.364 98.355 98.346 98.336 98.327 98.32 98.317 98.316 98.314 98.313 -9999 -9999 -9999 -9999 -9999 -9999 -9999 -9999 -9999 -9999 -9999 -9999 -9999 -9999 -9999 -9999 -9999 -9999 -9999 -9999 -9999 -9999 -9999 -9999 -9999 -9999 -9999 -9999 -9999 -9999 -9999 -9999
98.758 98.759 98.761 98.763 98.766 98.765 -9999 -9999 98.75 -9999 -9999 98.712 98.69 98.666 98.642 98.619 98.598 98.577 98.556 98.537 98.519 98.504 98.491 98.478 98.467 98.456 98.445 98.435 98.426 98.416 98.407 98.398 98.389 98.38 98.371 98.362 98.353 98.344 98.337 98.335 98.334 98.332 -9999 -9999 -9999 -9999 -9999 -9999 -9999 -9999 -9999 -9999 -9999 -9999 -9999 -9999 -9999 -9999 -9999 -9999 -9999 -9999 -9999 -9999 -9999 -9999 -9999 -9999 -9999 -9999 -9999 -9999 -9999 -9999 -9999
98.746 98.748 98.75 98.752 -9999 -9999 -9999 98.749 98.745 98.741 98.729 98.715 98.697 98.678 98.656 98.634 98.612 98.591 98.571 98.552 98.534 98.52 98.507 98.495 98.483 98.472 98.462 98.452 98.442 98.432 98.423 98.414 98.405 98.396 98.387 98.379 98.369 -9999 -9999 98.352 -9999 -9999 -9999 -9999 -9999 -9999 -9999 -9999 -9999 -9999 -9999 -9999 -9999 -9999 -9999 -9999 -9999 -9999 -9999 -9999 -9999 -9999 -9999 -9999 -9999 -9999 -9999 -9999 -9999 -9999 -9999 -9999 -9999 -9999 -9999
98.735 98.736 -9999 98.74 -9999 -9999 -9999 98.744 98.74 98.733 98.723 98.71 98.697 98.682 98.665 98.647 98.627 98.606 98.586 98.567 98.55 98.536 98.523 98.511 98.499 98.488 98.478 98.467 98.458 98.448 98.439 98.43 98.421 98.412 98.403 98.395 -9999 98.376 98.37 98.368 98.366 -9999 -9999 -9999 -9999 -9999 -9999 -9999 -9999 -9999 -9999 -9999 -9999 -9999 -9999 -9999 -9999 -9999 -9999 -9999 -9999 -9999 -9999 -9999 -9999 -9999 -9999 -9999 -9999 -9999 -9999 -9999 -9999 -9999 -9999
98.723 -9999 -9999 -9999 -9999 98.734 98.736 98.735 98.732 98.726 98.716 98.704 98.692 98.68 98.667 98.653 98.636 98.619 98.601 98.583 98.566 98.552 98.539 98.527 98.515 98.504 98.494 98.483 98.474 98.464 98.455 98.446 98.437 98.428 -9999 98.411 98.402 98.393 98.387 98.385 98.38 -9999 -9999 -9999 -9999 -9999 -9999 -9999 -9999 -9999 -9999 -9999 -9999 -9999 -9999 -9999 -9999 -9999 -9999 -9999 -9999 -9999 -9999 -9999 -9999 -9999 -9999 -9999 -9999 -9999 -9999 -9999 -9999 -9999 -9999
-9999 -9999 -9999 -9999 -9999 98.722 98.724 98.725 98.724 98.719 98.71 98.698 98.686 98.675 98.664 98.652 98.639 98.625 98.61 98.594 98.581 98.568 98.555 98.543 98.531 98.52 98.509 98.499 98.49 98.48 98.471 98.462 98.453 98.444 98.436 98.427 98.418 98.408 98.401 98.398 98.394 98.389 -9999 -9999 -9999 -9999 -9999 -9999 -9999 -9999 -9999 -9999 -9999 -9999 -9999 -9999 -9999 -9999 -9999 -9999 -9999 -9999 -9999 -9999 -9999 -9999 -9999 -9999 -9999 -9999 -9999 -9999 -9999 -9999 -9999
-9999 -9999 -9999 -9999 98.708 -9999 -9999 98.715 98.715 98.712 98.703 98.692 -9999 -9999 98.66 98.649 98.638 98.627 98.614 98.601 98.589 98.577 98.566 98.555 98.545 98.535 98.525 98.515 98.506 98.496 98.487 98.478 98.468 98.459 98.449 98.439 98.429 98.418 98.411 98.407 98.403 98.4 98.412 -9999 -9999 -9999 -9999 -9999 -9999 -9999 -9999 -9999 -9999 -9999 -9999 -9999 -9999 -9999 -9999 -9999 -9999 -9999 -9999 -9999 -9999 -9999 -9999 -9999 -9999 -9999 -9999 -9999 -9999 -9999 -9999
-9999 -9999 -9999 -9999 98.697 -9999 98.701 98.703 98.705 98.704 98.697 98.687 98.676 98.666 98.655 98.645 98.636 98.626 98.615 98.604 98.593 98.583 98.572 98.562 98.553 98.543 98.534 98.524 98.515 98.506 98.496 98.487 98.477 98.467 98.457 98.447 98.436 98.426 98.42 98.416 98.413 98.409 -9999 -9999 -9999 -9999 -9999 -9999 -9999 -9999 -9999 -9999 -9999 -9999 -9999 -9999 -9999 -9999 -9999 -9999 -9999 -9999 -9999 -9999 -9999 -9999 -9999 -9999 -9999 -9999 -9999 -9999 -9999 -9999 -9999
-9999 -9999 -9999 -9999 98.685 -9999 98.69 98.692 98.694 98.695 98.691 -9999 98.671 98.661 -9999 98.642 98.633 98.624 98.615 98.606 98.597 98.587 98.577 98.567 98.558 98.549 98.539 98.53 98.521 98.512 98.502 98.493 98.483 98.474 98.464 98.454 98.443 98.434 -9999 -9999 -9999 -9999 -9999 -9999 -9999 -9999 -9999 -9999 -9999 -9999 -9999 -9999 -9999 -9999 -9999 -9999 -9999 -9999 -9999 -9999 -9999 -9999 -9999 -9999 -9999 -9999 -9999 -9999 -9999 -9999 -9999 -9999 -9999 -9999 -9999
-9999 -9999 98.669 98.672 -9999 -9999 98.678 98.68 98.683 98.685 98.683 98.676 98.666 98.657 -9999 98.639 98.63 98.622 98.614 98.607 98.6 98.591 98.582 98.572 98.563 98.554 98.545 98.536 98.527 98.517 98.508 98.499 98.49 98.48 98.471 98.461 98.45 -9999 -9999 -9999 -9999 -9999 -9999 -9999 -9999 -9999 -9999 -9999 -9999 -9999 -9999 -9999 -9999 -9999 -9999 -9999 -9999 -9999 -9999 -9999 -9999 -9999 -9999 -9999 -9999 -9999 -9999 -9999 -9999 -9999 -9999 -9999 -9999 -9999 -9999
-9999 98.655 98.658 98.66 -9999 98.664 98.667 98.669 98.671 -9999 98.673 98.669 98.662 98.653 -9999 98.636 98.628 98.62 98.613 98.607 98.602 98.595 98.586 98.577 98.568 98.559 98.55 98.541 -9999 98.523 98.514 98.505 98.496 98.487 98.477 98.468 -9999 -9999 -9999 -9999 -9999 -9999 -9999 -9999 -9999 -9999 -9999 -9999 -9999 -9999 -9999 -9999 -9999 -9999 -9999 -9999 -9999 -9999 -9999 -9999 -9999 -9999 -9999 -9999 -9999 -9999 -9999 -9999 -9999 -9999 -9999 -9999 -9999 -9999 -9999
-9999 98.643 98.646 -9999 -9999 98.653 98.655 98.658 -9999 98.662 98.663 98.661 98.655 98.649 -9999 98.633 98.626 98.618 98.612 98.607 98.603 98.597 98.591 98.582 98.573 98.564 98.555 98.547 98.538 98.529 -9999 -9999 98.503 98.493 -9999 -9999 -9999 -9999 -9999 -9999 98.475 98.447 98.444 -9999 -9999 -9999 -9999 -9999 -9999 -9999 -9999 -9999 -9999 -9999 -9999 -9999 -9999 -9999 -9999 -9999 -9999 -9999 -9999 -9999 -9999 -9999 -9999 -9999 -9999 -9999 -9999 -9999 -9999 -9999 -9999
98.628 98.631 -9999 -9999 98.639 98.641 98.644 98.646 -9999 98.651 98.653 98.652 98.648 98.643 -9999 -9999 -9999 98.617 98.612 98.608 98.603 98.599 98.594 98.587 98.578 98.569 98.561 98.552 98.543 98.535 98.526 98.518 98.509 98.5 -9999 -9999 -9999 -9999 -9999 98.579 98.528 98.515 98.51 98.509 -9999 -9999 -9999 -9999 -9999 -9999 -9999 -9999 -9999 -9999 -9999 -9999 -9999 -9999 -9999 -9999 -9999 -9999 -9999 -9999 -9999 -9999 -9999 -9999 -9999 -9999 -9999 -9999 -9999 -9999 -9999
98.616 98.618 -9999 -9999 -9999 98.629 98.632 98.634 -9999 98.639 -9999 98.642 98.64 98.637 -9999 98.628 98.622 98.616 -9999 98.608 98.604 98.6 98.596 98.591 98.583 98.574 98.566 98.557 98.549 98.541 98.536 98.543 98.555 98.565 98.58 98.607 98.62 -9999 98.644 98.633 98.632 98.637 98.649 98.666 98.682 98.696 -9999 -9999 -9999 -9999 -9999 -9999 -9999 -9999 -9999 -9999 -9999 -9999 -9999 -9999 -9999 -9999 -9999 -9999 -9999 -9999 -9999 -9999 -9999 -9999 -9999 -9999 -9999 -9999 -9999
98.602 -9999 -9999 -9999 -9999 98.617 98.619 98.622 -9999 98.628 -9999 98.633 98.632 -9999 98.627 98.623 98.619 98.616 98.612 98.609 98.605 98.602 98.598 98.594 98.588 98.58 98.571 98.564 98.565 98.583 98.605 98.628 98.649 98.668 98.685 98.701 98.717 98.73 98.741 98.753 98.771 98.798 98.824 98.847 98.869 98.887 98.909 98.984 99.136 -9999 -9999 -9999 -9999 -9999 -9999 -9999 -9999 -9999 -9999 -9999 -9999 -9999 -9999 -9999 -9999 -9999 -9999 -9999 -9999 -9999 -9999 -9999 -9999 -9999 -9999
98.588 -9999 -9999 -9999 -9999 98.604 98.607 98.61 98.613 -9999 -9999 98.623 98.623 -9999 98.619 98.617 98.616 98.614 98.613 98.61 98.607 98.603 98.6 98.597 98.592 98.586 98.588 98.613 98.645 98.674 98.702 98.727 98.75 98.772 98.792 98.812 98.829 98.845 98.863 98.896 98.93 98.962 98.993 99.022 99.05 99.077 99.106 99.133 99.161 99.306 -9999 -9999 -9999 -9999 -9999 -9999 -9999 -9999 -9999 -9999 -9999 -9999 -9999 -9999 -9999 -9999 -9999 -9999 -9999 -9999 -9999 -9999 -9999 -9999 -9999
-9999 -9999 -9999 -9999 -9999 98.591 98.594 98.598 98.602 -9999 -9999 98.612 98.614 -9999 -9999 98.611 98.611 98.611 98.61 98.609 98.608 98.605 98.602 98.599 98.603 98.63 98.669 98.705 98.738 98.77 98.799 98.827 98.853 98.878 98.901 98.922 98.943 98.969 99.009 99.048 99.085 99.121 99.156 99.191 99.226 99.26 99.295 99.329 99.356 99.381 -9999 -9999 -9999 -9999 -9999 -9999 -9999 -9999 -9999 -9999 -9999 -9999 -9999 -9999 -9999 -9999 -9999 -9999 -9999 -9999 -9999 -9999 -9999 -9999 -9999
-9999 -9999 -9999 -9999 -9999 98.577 98.581 98.585 -9999 -9999 -9999 -9999 98.605 -9999 98.605 98.606 98.606 98.606 98.607 98.607 98.606 98.605 98.607 98.623 98.672 98.719 98.761 98.799 98.834 98.867 98.899 98.929 98.958 98.985 99.01 99.035 99.068 99.112 99.155 99.196 99.236 99.276 99.316 99.356 99.397 99.436 99.471 99.503 99.534 99.565 99.609 -9999 -9999 -9999 -9999 -9999 -9999 -9999 -9999 -9999 -9999 -9999 -9999 -9999 -9999 -9999 -9999 -9999 -9999 -9999 -9999 -9999 -9999 -9999 -9999
-9999 -9999 -9999 98.556 98.559 98.563 98.567 -9999 -9999 98.582 -9999 -9999 -9999 -9999 98.6 98.601 98.601 98.602 98.603 98.603 98.603 98.61 98.644 98.702 98.758 98.81 98.856 98.895 98.932 98.968 99.001 99.034 99.065 99.093 99.122 99.16 99.207 99.252 99.297 99.341 99.384 99.428 99.471 99.511 99.551 99.588 99.625 99.662 99.699 99.738 99.756 -9999 -9999 -9999 -9999 -9999 -9999 -9999 -9999 -9999 -9999 -9999 -9999 -9999 -9999 -9999 -9999 -9999 -9999 -9999 -9999 -9999 -9999 -9999 -9999
-9999 -9999 -9999 -9999 98.544 98.549 98.553 -9999 98.565 98.57 98.574 -9999 -9999 -9999 -9999 98.595 98.597 98.598 98.599 98.599 98.61 98.659 98.721 98.782 98.841 98.897 98.949 98.992 99.033 99.071 99.107 99.142 99.174 99.205 99.245 99.295 99.343 99.389 99.434 99.478 99.522 99.564 99.606 99.646 99.687 99.728 99.769 99.811 99.855 99.898 99.928 100.014 -9999 -9999 -9999 -9999 -9999 -9999 -9999 -9999 -9999 -9999 -9999 -9999 -9999 -9999 -9999 -9999 -9999 -9999 -9999 -9999 -9999 -9999 -9999
-9999 -9999 -9999 -9999 98.529 98.533 98.539 -9999 98.551 98.557 98.562 -9999 -9999 -9999 -9999 -9999 98.592 98.593 98.595 98.607 98.666 98.734 98.798 98.861 98.923 98.983 99.038 99.086 99.128 99.168 99.207 99.243 99.276 99.316 99.367 99.416 99.463 99.51 99.555 99.599 99.643 99.687 99.73 99.774 99.818 99.862 99.907 99.954 100.002 100.049 100.08 100.154 100.291 -9999 -9999 -9999 -9999 -9999 -9999 -9999 -9999 -9999 -9999 -9999 -9999 -9999 -9999 -9999 -9999 -9999 -9999 -9999 -9999 -9999 -9999
-9999 -9999 -9999 -9999 98.509 98.516 -9999 -9999 98.537 98.544 98.55 98.556 -9999 -9999 -9999 -9999 -9999 98.589 98.603 98.667 98.74 98.81 98.877 98.942 99.006 99.068 99.128 99.179 99.222 99.264 99.303 99.337 99.376 99.428 99.478 99.526 99.573 99.62 99.666 99.712 99.758 99.804 99.851 99.897 99.944 99.991 100.04 100.09 100.143 100.192 100.226 100.309 100.441 100.57 100.702 -9999 -9999 -9999 -9999 -9999 -9999 -9999 -9999 -9999 -9999 -9999 -9999 -9999 -9999 -9999 -9999 -9999 -9999 -9999 -9999
-9999 -9999 -9999 -9999 98.489 98.498 -9999 -9999 98.522 98.53 98.538 -9999 -9999 -9999 -9999 -9999 -9999 98.596 98.661 98.741 98.816 98.888 98.958 99.026 99.092 99.156 99.22 99.275 99.319 99.36 99.396 99.432 99.483 99.534 99.583 99.63 99.678 99.726 99.774 99.822 99.87 99.919 99.967 100.017 100.066 100.117 100.169 100.223 100.28 100.339 100.447 100.55 100.678 100.805 100.932 -9999 -9999 -9999 -9999 -9999 -9999 -9999 -9999 -9999 -9999 -9999 -9999 -9999 -9999 -9999 -9999 -9999 -9999 -9999 -9999
-9999 -9999 -9999 -9999 98.47 98.478 -9999 -9999 -9999 98.518 98.528 98.539 -9999 -9999 -9999 -9999 -9999 98.645 98.734 98.816 98.895 98.969 99.042 99.112 99.18 99.248 99.314 99.372 99.418 99.455 99.491 99.537 99.588 99.636 99.684 99.731 99.779 99.829 99.879 99.929 99.98 100.031 100.082 100.134 100.186 100.24 100.295 100.352 100.426 100.546 100.674 100.798 100.922 101.045 101.169 -9999 -9999 -9999 -9999 -9999 -9999 -9999 -9999 -9999 -9999 -9999 -9999 -9999 -9999 -9999 -9999 -9999 -9999 -9999 -9999
-9999 -9999 -9999 98.442 98.45 98.458 -9999 -9999 -9999 -9999 -9999 -9999 -9999 -9999 -9999 -9999 -9999 98.715 98.809 98.895 98.976 99.054 99.129 99.201 99.273 99.343 99.412 99.473 99.516 99.55 99.591 99.642 99.69 99.736 99.782 99.828 99.878 99.929 99.981 100.035 100.088 100.142 100.196 100.25 100.305 100.362 100.42 100.495 100.635 100.775 100.896 101.017 101.137 101.256 101.377 101.312 -9999 -9999 -9999 -9999 -9999 -9999 -9999 -9999 -9999 -9999 -9999 -9999 -9999 -9999 -9999 -9999 -9999 -9999 -9999
-9999 -9999 98.416 98.422 98.429 98.439 -9999 -9999 -9999 -9999 -9999 -9999 -9999 -9999 -9999 98.637 98.674 98.784 98.883 98.976 99.061 99.142 99.22 99.296 99.37 99.443 99.513 99.571 99.614 99.65 99.699 99.747 99.791 99.834 99.877 99.923 99.973 100.028 100.084 100.141 100.197 100.254 100.31 100.367 100.424 100.483 100.557 100.698 100.852 100.98 101.097 101.213 101.329 101.445 101.562 101.552 -9999 -9999 -9999 -9999 -9999 -9999 -9999 -9999 -9999 -9999 -9999 -9999 -9999 -9999 -9999 -9999 -9999 -9999 -9999
-9999 -9999 98.395 98.402 98.411 -9999 -9999 -9999 -9999 -9999 -9999 -9999 -9999 -9999 -9999 98.644 98.744 98.854 98.958 99.057 99.15 99.236 99.317 99.396 99.473 99.545 99.612 99.671 99.716 99.758 99.808 99.853 99.894 99.932 99.97 100.015 100.069 100.128 100.189 100.249 100.308 100.367 100.426 100.485 100.544 100.617 100.749 100.908 101.05 101.166 101.28 101.391 101.502 101.615 101.729 101.754 -9999 -9999 -9999 -9999 -9999 -9999 -9999 -9999 -9999 -9999 -9999 -9999 -9999 -9999 -9999 -9999 -9999 -9999 -9999
-9999 -9999 -9999 -9999 -9999 -9999 -9999 -9999 -9999 -9999 -9999 -9999 -9999 -9999 -9999 98.692 98.812 98.924 99.032 99.137 99.237 99.333 99.421 99.501 99.576 99.646 99.715 99.776 99.825 99.873 99.92 99.962 100.0 100.034 100.067 100.107 100.17 100.234 100.298 100.361 100.422 100.483 100.544 100.605 100.674 100.793 100.95 101.101 101.226 101.337 101.445 101.553 101.661 101.77 101.881 101.926 -9999 -9999 -9999 -9999 -9999 -9999 -9999 -9999 -9999 -9999 -9999 -9999 -9999 -9999 -9999 -9999 -9999 -9999 -9999
-9999 -9999 -9999 -9999 -9999 -9999 -9999 -9999 -9999 -9999 -9999 -9999 -9999 -9999 98.637 98.757 98.88 98.997 99.109 99.219 99.325 99.426 99.519 99.604 99.68 99.753 99.823 99.887 99.942 99.992 100.036 100.077 100.113 100.147 100.179 100.227 100.286 100.35 100.415 100.479 100.542 100.604 100.666 100.732 100.832 100.987 101.141 101.28 101.39 101.496 101.6 101.704 101.808 101.913 102.021 102.079 -9999 -9999 -9999 -9999 -9999 -9999 -9999 -9999 -9999 -9999 -9999 -9999 -9999 -9999 -9999 -9999 -9999 -9999 -9999
-9999 -9999 -9999 -9999 -9999 -9999 -9999 -9999 -9999 -9999 -9999 -9999 -9999 -9999 98.678 98.823 98.95 99.072 99.189 99.301 99.408 99.51 99.608 99.7 99.788 99.866 99.939 100.007 100.068 100.116 100.159 100.199 100.236 100.273 100.311 100.359 100.415 100.477 100.541 100.604 100.668 100.731 100.793 100.876 101.023 101.175 101.32 101.439 101.543 101.645 101.745 101.844 101.944 102.046 102.15 102.215 -9999 -9999 -9999 -9999 -9999 -9999 -9999 -9999 -9999 -9999 -9999 -9999 -9999 -9999 -9999 -9999 -9999 -9999 -9999
-9999 -9999 -9999 -9999 -9999 -9999 -9999 -9999 -9999 -9999 -9999 -9999 -9999 98.603 98.741 98.888 99.022 99.147 99.266 99.379 99.488 99.592 99.694 99.792 99.886 99.976 100.061 100.137 100.2 100.246 100.289 100.33 100.369 100.408 100.45 100.499 100.553 100.613 100.675 100.737 100.8 100.863 100.935 101.06 101.21 101.357 101.488 101.59 101.689 101.785 101.88 101.976 102.073 102.165 102.248 102.32 102.353 -9999 -9999 -9999 -9999 -9999 -9999 -9999 -9999 -9999 -9999 -9999 -9999 -9999 -9999 -9999 -9999 -9999 -9999
