Validation/Results/ReClimate_10_2024_2_Temperature-Actualsweatherlogisticsltd.asc
NCOLS 192
NROWS 249
XLLCENTER -225160.85627316462
YLLCENTER 29788.11610251431
CELLSIZE 5000.0
NODATA_VALUE -9999
[rows 170 to 203 of 249, columns 77 to 153 of 192]
-9999 -9999 -9999 -9999 -9999 -9999 -9999 -9999 -9999 -9999 -9999 -9999 -9999 -9999 -9999 7.57 7.307 -9999 -9999 -9999 -9999 -9999 -9999 -9999 -9999 -9999 -9999 -9999 -9999 -9999 -9999 -9999 -9999 -9999 5.834 6.005 5.793 5.636 5.392 5.349 5.415 5.463 5.522 5.688 5.82 5.828 5.576 5.13 4.388 3.714 3.158 3.382 3.384 3.79 4.705 5.126 5.34 5.101 5.031 5.108 5.21 5.175 5.183 5.167 5.166 5.148 5.051 5.016 5.095 5.158 5.122 4.82 4.806 4.766 4.985 5.256 5.51
-9999 -9999 -9999 -9999 -9999 -9999 -9999 -9999 -9999 -9999 -9999 -9999 -9999 -9999 -9999 7.248 6.941 6.939 -9999 -9999 -9999 -9999 -9999 -9999 -9999 -9999 -9999 -9999 -9999 -9999 -9999 -9999 -9999 5.996 6.074 5.977 5.871 5.625 5.533 5.439 5.485 5.458 5.503 5.576 5.624 5.565 5.44 5.136 4.557 3.606 2.953 3.414 3.903 4.032 4.582 5.394 5.507 5.309 4.938 4.993 5.212 5.234 5.18 5.109 5.122 5.143 5.107 5.017 5.078 5.165 5.181 4.984 4.75 4.793 4.935 5.242 5.474
-9999 -9999 -9999 -9999 -9999 -9999 -9999 -9999 -9999 -9999 -9999 -9999 -9999 -9999 7.52 7.067 6.661 6.771 7.176 -9999 -9999 -9999 -9999 -9999 -9999 -9999 -9999 -9999 -9999 -9999 6.317 -9999 -9999 5.986 5.809 5.943 5.906 5.764 -9999 5.435 5.361 5.329 5.351 5.291 5.379 5.33 5.236 4.873 4.27 4.396 3.484 3.803 4.353 3.927 4.635 5.045 5.374 5.301 5.043 5.039 5.182 5.34 5.183 5.077 5.144 5.174 5.168 5.08 5.089 5.19 5.169 5.094 4.853 4.729 4.827 5.19 5.425
-9999 -9999 -9999 -9999 -9999 -9999 -9999 -9999 -9999 -9999 -9999 -9999 -9999 -9999 7.495 6.982 6.717 6.724 7.027 7.295 7.556 -9999 -9999 -9999 6.782 6.798 -9999 6.588 6.505 6.327 5.563 5.627 -9999 -9999 5.875 5.844 -9999 -9999 5.548 5.366 5.495 5.626 5.433 5.222 5.122 5.111 4.965 4.478 3.881 4.048 3.893 3.757 4.018 4.028 4.197 5.101 5.222 5.122 4.899 5.026 5.121 5.243 5.252 5.074 5.157 5.207 5.178 5.124 5.114 5.229 5.207 5.15 5.014 4.866 4.783 5.017 5.325
-9999 -9999 -9999 -9999 -9999 -9999 -9999 -9999 -9999 -9999 -9999 -9999 -9999 -9999 -9999 7.25 6.908 6.825 6.995 7.089 -9999 -9999 5.483 5.28 6.208 5.678 5.75 5.771 6.171 5.907 5.619 5.297 5.35 -9999 5.852 5.839 5.771 5.685 5.301 5.092 5.431 5.74 5.562 5.257 5.139 5.028 4.881 4.29 3.54 3.681 3.851 4.039 4.306 4.209 4.343 4.854 5.199 5.121 4.939 4.997 5.062 5.128 5.156 5.141 5.203 5.248 5.125 4.915 5.12 5.336 5.29 5.221 5.125 5.013 5.018 5.057 5.13
-9999 -9999 -9999 -9999 -9999 -9999 -9999 -9999 -9999 -9999 -9999 -9999 -9999 -9999 -9999 7.477 7.215 7.192 7.112 7.033 6.888 5.763 3.973 5.645 5.898 5.101 5.385 5.08 5.407 5.782 5.494 4.745 5.241 5.384 5.637 5.798 5.712 5.509 5.18 5.048 5.301 5.529 5.453 5.309 5.155 5.016 4.777 4.049 3.608 3.389 3.687 3.759 4.397 4.552 4.319 4.592 4.963 5.012 4.987 5.002 5.005 5.065 5.12 5.137 5.268 5.253 5.222 5.189 5.142 5.382 5.359 5.285 5.214 5.089 4.943 5.082 5.243
-9999 -9999 -9999 -9999 -9999 -9999 -9999 -9999 -9999 -9999 -9999 -9999 -9999 -9999 -9999 -9999 7.547 7.444 7.099 6.488 5.554 3.354 3.898 5.32 5.098 5.147 4.635 4.463 4.705 5.009 5.142 5.268 4.666 5.202 5.545 5.609 5.677 5.572 5.306 5.207 5.28 5.387 5.402 5.259 5.122 4.984 4.619 4.139 3.581 3.438 3.829 3.737 3.993 4.806 4.564 4.607 4.891 4.891 4.995 5.128 5.09 5.067 5.1 5.167 5.318 5.325 5.326 5.239 5.26 5.358 5.37 5.315 5.228 5.176 5.146 5.139 5.22
-9999 -9999 -9999 -9999 -9999 -9999 -9999 -9999 -9999 -9999 -9999 -9999 -9999 -9999 -9999 -9999 -9999 -9999 6.676 5.613 4.484 4.064 4.407 5.465 5.305 4.652 4.083 3.935 4.012 4.778 5.417 5.047 4.456 4.909 5.427 5.671 5.819 5.637 5.393 5.197 5.216 5.249 5.248 5.228 5.122 4.877 4.396 4.078 3.838 3.454 3.745 3.712 3.719 4.274 4.838 4.776 5.064 4.94 4.825 5.033 5.126 5.183 5.207 5.274 5.353 5.363 5.35 5.342 5.212 5.283 5.317 5.292 5.262 5.251 5.258 5.253 5.24
-9999 -9999 -9999 -9999 -9999 -9999 -9999 -9999 -9999 -9999 -9999 -9999 -9999 -9999 -9999 -9999 -9999 7.369 6.345 5.637 5.313 4.537 5.365 5.603 5.027 4.798 4.246 3.776 4.098 4.247 4.946 4.752 4.259 4.553 5.146 5.87 5.886 5.696 5.339 5.147 5.131 5.168 5.214 5.209 5.036 4.638 4.454 4.518 4.179 3.709 3.902 3.97 4.117 4.333 4.496 4.917 5.017 4.989 4.96 4.972 5.13 5.127 5.293 5.394 5.408 5.379 5.357 5.169 5.175 5.263 5.333 5.311 5.308 5.336 5.348 5.35 5.386
-9999 -9999 -9999 -9999 -9999 -9999 -9999 -9999 -9999 -9999 -9999 -9999 -9999 -9999 -9999 -9999 7.441 5.85 6.134 5.711 5.251 5.367 4.28 4.401 4.573 4.394 3.826 4.215 4.031 4.45 4.816 4.211 3.883 4.467 5.239 5.879 5.948 5.691 5.285 5.233 5.252 5.207 5.23 5.125 4.834 4.781 4.712 4.38 4.141 3.975 3.824 4.25 4.439 4.638 4.854 4.9 5.157 5.117 5.15 5.145 5.192 5.363 5.24 5.395 5.442 5.374 5.317 5.142 5.087 5.284 5.306 5.315 5.326 5.359 5.368 5.442 5.593
-9999 -9999 -9999 -9999 -9999 -9999 -9999 -9999 -9999 -9999 -9999 -9999 -9999 -9999 -9999 7.368 6.103 6.537 6.496 6.14 6.141 5.502 5.098 4.651 4.214 3.864 3.865 3.964 4.114 4.692 4.332 4.41 4.995 5.171 5.633 5.732 5.816 5.58 5.334 5.297 5.254 5.25 5.093 4.846 4.905 4.849 4.732 4.358 4.275 4.56 4.421 4.402 4.638 4.747 4.892 5.008 5.075 5.294 5.365 5.46 5.5 5.532 5.503 5.384 5.399 5.376 5.316 5.141 5.096 5.305 5.337 5.294 5.318 5.346 5.405 5.479 5.576
-9999 -9999 -9999 -9999 -9999 -9999 -9999 -9999 -9999 -9999 -9999 -9999 -9999 7.244 7.376 6.987 7.051 7.249 7.215 6.834 6.838 6.285 5.475 4.79 4.137 3.322 4.389 4.471 4.774 4.614 3.91 4.186 4.582 5.252 5.498 5.582 5.591 5.434 5.283 5.203 5.23 5.124 4.918 4.831 4.748 4.913 4.677 4.416 4.491 4.582 4.66 4.741 4.811 4.907 5.025 5.273 5.256 5.3 5.521 5.686 5.73 5.577 5.478 5.421 5.364 5.297 5.28 5.086 5.013 5.228 5.348 5.322 5.284 5.319 5.391 5.411 -9999
-9999 -9999 -9999 -9999 -9999 -9999 -9999 -9999 -9999 -9999 -9999 -9999 7.097 7.149 7.09 7.301 -9999 -9999 -9999 -9999 6.345 5.386 5.051 4.718 3.945 4.576 4.615 4.102 4.398 3.827 2.847 3.575 4.355 4.756 5.365 5.649 5.511 5.359 5.276 5.231 5.183 5.088 4.931 4.867 4.747 4.801 4.659 4.641 4.679 4.749 4.909 4.996 5.047 5.197 5.251 5.433 5.601 5.519 5.545 5.594 5.633 5.532 5.419 5.329 5.218 5.163 5.156 5.085 5.005 5.134 5.32 5.377 5.324 5.303 5.361 5.378 5.427
-9999 -9999 -9999 -9999 -9999 -9999 -9999 -9999 -9999 -9999 -9999 -9999 7.127 7.055 7.489 -9999 -9999 -9999 -9999 -9999 6.144 5.365 4.827 4.922 4.286 4.351 3.993 3.567 3.694 3.385 3.425 4.579 4.644 5.136 5.576 5.667 5.513 5.368 5.232 5.076 5.024 5.058 4.953 4.816 4.799 4.743 4.822 4.829 4.932 4.796 4.787 4.898 5.127 5.369 5.491 5.523 5.504 5.538 5.541 5.454 5.376 5.218 5.236 5.076 4.921 4.887 4.998 5.054 5.07 5.203 5.36 5.48 5.434 5.381 5.35 5.315 5.33
-9999 -9999 -9999 -9999 -9999 -9999 -9999 -9999 -9999 -9999 -9999 -9999 -9999 -9999 7.673 -9999 -9999 -9999 -9999 -9999 6.094 5.245 5.327 4.963 4.62 4.565 3.566 3.77 4.417 3.793 4.444 4.687 4.908 5.437 5.709 5.689 5.408 5.327 5.171 5.057 5.163 5.107 5.028 4.956 4.868 4.926 5.002 5.093 5.05 5.043 4.978 4.928 5.133 5.254 5.189 5.284 5.338 5.359 5.495 5.412 5.186 4.965 4.885 5.034 4.902 4.82 4.877 5.004 5.096 5.259 5.451 5.6 5.579 5.5 5.437 5.361 5.388
-9999 -9999 -9999 -9999 -9999 -9999 -9999 -9999 -9999 -9999 -9999 -9999 -9999 -9999 -9999 -9999 -9999 -9999 -9999 -9999 6.422 5.772 6.31 5.548 4.853 3.853 4.037 4.078 3.992 4.618 4.661 4.75 5.46 5.665 5.807 5.621 5.473 5.34 5.319 5.308 5.276 5.237 5.133 5.041 5.015 5.023 5.096 5.091 4.955 5.13 5.246 5.195 5.124 5.233 5.072 4.955 5.113 5.075 5.246 5.412 5.239 5.134 5.018 4.991 5.043 4.934 4.894 5.035 5.178 5.322 5.504 5.667 5.65 5.577 5.509 5.468 5.472
-9999 -9999 -9999 -9999 -9999 -9999 -9999 -9999 -9999 -9999 -9999 -9999 -9999 -9999 -9999 -9999 -9999 -9999 -9999 -9999 -9999 6.339 5.095 4.561 4.433 4.633 4.562 4.286 4.819 4.868 5.17 5.522 5.394 5.768 5.696 5.372 5.343 5.403 5.524 5.564 5.424 5.199 5.085 4.949 4.965 5.044 5.159 5.035 4.851 4.961 5.228 5.313 5.262 5.184 5.148 5.028 4.951 4.792 4.83 5.271 5.38 5.224 5.063 4.856 4.841 5.012 5.005 5.123 5.286 5.465 5.568 5.688 5.673 5.618 5.578 5.563 5.569
-9999 -9999 -9999 -9999 -9999 -9999 -9999 -9999 -9999 -9999 -9999 -9999 -9999 -9999 -9999 -9999 -9999 -9999 -9999 -9999 6.456 5.838 5.138 4.258 4.962 4.996 4.528 4.773 4.816 4.802 5.511 5.409 5.369 5.556 4.729 5.181 5.379 5.403 5.388 5.489 5.142 4.624 4.613 4.865 5.081 5.063 5.164 5.119 5.008 4.989 5.177 5.277 5.302 5.246 5.149 5.12 4.991 4.954 4.978 5.215 5.292 5.131 4.924 4.728 4.713 4.963 5.154 5.238 5.41 5.536 5.596 5.651 5.689 5.672 5.648 5.656 5.656
-9999 -9999 -9999 -9999 -9999 -9999 -9999 -9999 -9999 -9999 -9999 -9999 -9999 -9999 -9999 -9999 -9999 -9999 -9999 -9999 6.733 6.08 4.389 5.419 5.748 5.182 5.007 4.724 4.288 4.837 5.467 5.397 5.603 5.264 5.304 5.318 5.181 5.115 5.407 5.274 4.864 4.675 4.73 5.086 5.116 5.079 5.179 5.167 5.213 5.179 5.209 5.287 5.309 5.315 5.275 5.218 5.139 5.008 5.125 5.275 5.188 4.908 4.668 4.702 4.756 4.88 5.138 5.354 5.431 5.574 5.57 5.595 5.696 5.749 5.743 5.75 5.765
-9999 -9999 -9999 -9999 -9999 -9999 -9999 -9999 -9999 -9999 -9999 -9999 -9999 -9999 -9999 -9999 -9999 -9999 -9999 -9999 6.705 5.863 6.222 5.839 5.529 5.219 4.772 4.076 4.345 4.571 5.161 5.413 5.686 5.559 5.305 4.885 4.575 4.654 5.102 4.859 4.877 4.763 4.988 5.276 5.185 5.175 5.234 5.306 5.38 5.241 5.198 5.314 5.349 5.212 5.29 5.316 5.247 5.179 5.229 5.288 5.147 4.916 4.772 4.773 4.928 5.081 5.258 5.34 5.438 5.535 5.656 5.607 5.709 5.775 5.786 5.802 5.806
-9999 -9999 -9999 -9999 -9999 -9999 -9999 -9999 -9999 -9999 -9999 -9999 -9999 -9999 -9999 -9999 -9999 -9999 -9999 -9999 -9999 6.968 5.729 4.983 4.314 4.172 4.207 4.489 4.766 5.312 5.446 5.603 5.483 5.402 5.271 5.021 4.7 4.607 4.78 4.981 4.915 4.791 5.112 5.359 5.23 5.371 5.375 5.328 5.594 5.612 5.433 5.43 5.438 5.229 5.138 5.352 5.295 5.244 5.272 5.259 5.096 4.993 5.011 5.126 5.171 5.287 5.336 5.347 5.464 5.584 5.632 5.666 5.769 5.827 5.808 5.801 5.805
-9999 -9999 -9999 -9999 -9999 -9999 -9999 -9999 -9999 -9999 -9999 -9999 -9999 -9999 -9999 -9999 -9999 -9999 -9999 -9999 -9999 6.266 5.273 4.444 3.75 3.568 3.979 4.734 5.304 5.363 5.05 4.619 4.335 4.384 4.856 5.14 4.771 4.743 4.886 5.009 4.601 4.8 5.073 5.19 5.22 5.436 5.392 5.477 5.487 5.623 5.625 5.518 5.477 5.352 5.268 5.385 5.376 5.197 5.11 5.076 4.985 4.986 5.123 5.091 5.175 5.249 5.384 5.33 5.43 5.552 5.552 5.661 5.803 5.844 5.783 5.703 5.655
-9999 -9999 -9999 -9999 -9999 -9999 -9999 -9999 -9999 -9999 -9999 -9999 -9999 -9999 -9999 -9999 -9999 -9999 -9999 -9999 6.954 6.151 5.238 4.424 3.927 4.065 4.445 4.831 4.565 3.94 4.166 4.052 4.106 4.722 5.023 4.901 4.847 5.025 5.112 4.773 4.679 4.748 5.016 5.174 5.254 5.516 5.433 5.292 5.478 5.399 5.478 5.427 5.428 5.42 5.428 5.533 5.446 5.303 5.215 5.076 5.043 4.938 5.046 5.105 5.166 5.294 5.338 5.438 5.494 5.512 5.517 5.665 5.847 5.86 5.824 5.709 5.607
-9999 -9999 -9999 -9999 -9999 -9999 -9999 -9999 -9999 -9999 -9999 -9999 -9999 -9999 -9999 -9999 -9999 -9999 -9999 -9999 6.492 5.866 5.402 4.995 4.48 3.883 4.056 4.267 4.221 4.157 3.883 3.77 4.147 4.739 4.449 4.51 5.046 4.881 5.208 4.909 4.658 4.621 5.167 5.19 5.544 5.579 5.405 5.3 4.997 5.252 5.274 5.312 5.305 5.374 5.393 5.485 5.498 5.404 5.363 5.328 5.085 4.987 4.97 5.042 5.143 5.388 5.437 5.47 5.496 5.477 5.515 5.673 5.768 5.858 5.851 5.79 5.667
-9999 -9999 -9999 -9999 -9999 -9999 -9999 -9999 -9999 -9999 -9999 -9999 -9999 -9999 -9999 -9999 -9999 -9999 -9999 -9999 6.091 6.085 6.042 5.349 4.381 3.805 4.029 4.278 4.448 4.074 4.115 4.291 4.524 4.455 4.512 5.037 5.065 5.121 4.813 5.141 4.99 5.186 5.161 5.225 5.546 5.667 5.518 5.186 5.289 5.276 5.227 5.245 5.249 5.374 5.445 5.383 5.398 5.371 5.398 5.356 5.157 4.999 5.133 5.28 5.224 5.394 5.454 5.539 5.519 5.476 5.616 5.789 5.869 5.931 5.981 5.916 5.866
-9999 -9999 -9999 -9999 -9999 -9999 -9999 -9999 -9999 -9999 -9999 -9999 -9999 -9999 -9999 -9999 -9999 -9999 -9999 6.329 6.011 5.457 5.45 5.199 4.321 4.133 3.789 4.211 4.752 4.698 4.751 4.477 4.462 4.753 4.625 4.696 5.056 5.015 5.333 5.448 5.443 5.38 5.253 5.477 5.651 5.651 5.596 5.524 5.483 5.596 5.427 5.317 5.269 5.338 5.447 5.436 5.423 5.472 5.416 5.297 5.216 5.178 5.351 5.475 5.454 5.437 5.589 5.518 5.543 5.515 5.564 5.741 5.873 5.896 5.932 5.928 5.968
-9999 -9999 -9999 -9999 -9999 -9999 -9999 -9999 -9999 -9999 -9999 -9999 -9999 -9999 -9999 -9999 -9999 -9999 6.127 6.01 5.366 5.485 5.452 4.571 4.012 3.867 4.063 4.41 4.747 4.631 4.748 4.491 4.09 4.576 4.516 5.11 5.244 5.421 5.48 5.411 5.281 5.317 5.246 5.558 5.607 5.783 5.765 5.652 5.508 5.567 5.591 5.37 5.327 5.462 5.538 5.482 5.423 5.415 5.391 5.301 5.293 5.339 5.464 5.628 5.678 5.704 5.576 5.513 5.514 5.558 5.618 5.753 5.787 5.758 5.738 5.788 5.932
-9999 -9999 -9999 -9999 -9999 -9999 -9999 -9999 -9999 -9999 -9999 -9999 -9999 -9999 -9999 -9999 5.796 5.883 5.725 6.06 5.872 5.642 5.079 4.26 3.907 3.788 3.656 4.24 4.466 4.89 4.742 4.28 4.251 4.674 5.137 5.307 5.508 5.502 5.538 5.275 5.177 5.171 5.439 5.736 5.81 5.825 5.781 5.634 5.529 5.529 5.556 5.392 5.426 5.53 5.64 5.443 5.331 5.221 5.121 5.165 5.261 5.473 5.581 5.645 5.571 5.632 5.597 5.586 5.564 5.583 5.658 5.79 5.854 5.683 5.628 5.695 5.882
-9999 -9999 -9999 -9999 -9999 -9999 -9999 -9999 -9999 -9999 -9999 -9999 -9999 -9999 -9999 5.874 5.613 5.197 5.468 5.784 5.703 5.414 4.528 4.453 4.007 3.878 4.173 4.689 5.071 5.064 4.975 4.529 4.062 4.576 5.093 5.505 5.466 5.467 5.267 5.402 5.204 5.241 5.601 5.838 6.006 6.003 5.799 5.745 5.585 5.577 5.626 5.56 5.506 5.55 5.486 5.503 5.31 5.275 5.201 5.069 5.123 5.265 5.436 5.521 5.503 5.558 5.658 5.591 5.743 5.785 5.793 5.853 5.808 5.7 5.613 5.726 5.894
-9999 -9999 -9999 -9999 -9999 -9999 -9999 -9999 -9999 -9999 -9999 -9999 7.305 6.686 6.235 5.84 5.255 5.21 5.45 5.83 5.795 4.87 4.754 4.633 4.787 4.058 4.614 4.767 4.47 4.966 5.145 4.002 4.534 5.065 5.759 5.72 5.525 5.12 5.658 5.511 5.435 5.457 5.542 5.869 6.021 6.085 5.928 5.867 5.709 5.599 5.669 5.645 5.656 5.534 5.433 5.172 5.299 5.365 5.34 5.202 5.194 5.299 5.438 5.567 5.536 5.588 5.627 5.733 5.792 5.873 5.816 5.843 5.85 5.765 5.775 5.82 5.891
-9999 -9999 -9999 -9999 -9999 -9999 -9999 -9999 -9999 -9999 6.87 6.98 6.817 6.532 6.289 5.856 5.839 5.675 5.914 5.728 4.932 5.233 5.162 5.166 5.239 4.636 4.342 3.747 4.282 4.682 4.613 4.884 5.247 5.704 5.167 5.36 5.592 5.744 5.776 5.721 5.626 5.645 5.802 5.805 6.028 6.175 6.071 5.98 5.878 5.812 5.795 5.627 5.741 5.737 5.463 5.272 5.153 5.382 5.368 5.237 5.185 5.236 5.356 5.592 5.713 5.753 5.724 5.702 5.837 5.797 5.731 5.794 5.862 5.842 5.83 5.834 5.824
-9999 -9999 -9999 -9999 -9999 -9999 7.092 6.954 6.924 6.894 6.39 6.813 6.537 6.469 6.17 5.908 5.896 5.874 5.788 5.146 5.358 5.587 5.209 5.662 5.376 4.763 3.91 4.101 4.477 4.736 4.7 5.246 5.616 4.686 4.749 5.371 5.456 5.793 5.76 5.792 5.686 5.535 5.755 5.687 6.138 6.177 6.103 5.895 5.79 5.835 5.4 5.57 5.708 5.752 5.493 5.194 5.19 5.319 5.354 5.357 5.31 5.33 5.399 5.592 5.7 5.782 5.814 5.711 5.707 5.768 5.762 5.86 5.931 5.833 5.61 5.608 5.549
-9999 -9999 -9999 -9999 -9999 7.537 7.046 6.948 6.72 5.972 5.68 5.774 5.976 6.153 5.637 5.503 5.618 5.593 5.285 5.595 5.611 5.317 5.733 5.921 5.496 4.814 4.372 4.569 4.739 4.799 5.095 5.402 4.547 3.606 4.604 5.216 5.692 5.641 5.722 5.58 5.656 5.797 5.84 6.04 6.126 6.121 6.12 5.909 5.728 5.445 5.18 5.045 5.503 5.623 5.235 5.098 5.161 5.304 5.402 5.385 5.405 5.428 5.541 5.549 5.609 5.718 5.644 5.581 5.686 5.754 5.801 5.889 5.899 5.734 5.547 5.448 5.479
-9999 -9999 -9999 -9999 7.948 7.26 6.864 6.716 6.3 5.827 5.88 6.072 6.223 5.734 5.598 5.557 5.919 5.496 5.374 5.624 5.601 5.746 6.172 5.804 5.085 4.687 4.844 4.955 4.906 5.386 5.571 5.283 4.013 4.04 4.611 5.605 5.455 5.528 5.45 5.801 5.919 5.83 5.929 6.009 6.097 6.135 6.217 6.046 5.786 5.374 5.0 5.084 5.339 5.41 5.178 4.926 5.104 5.292 5.372 5.463 5.484 5.539 5.564 5.588 5.498 5.57 5.679 5.608 5.667 5.651 5.565 5.756 5.843 5.699 5.535 5.538 5.562
