Validation/Results/ReClimate_07_2024_2weatherlogisticsltd.asc
NCOLS 192
NROWS 249
XLLCENTER -225160.85627316462
YLLCENTER 29788.11610251502
CELLSIZE 5000.0
NODATA_VALUE -9999
[rows 66 to 98 of 249, columns 74 to 147 of 192]
-9999 -9999 -9999 -9999 -9999 -9999 -9999 -9999 -9999 -9999 -9999 103.443 -9999 102.455 101.67 101.74 101.257 101.42 101.665 102.216 103.215 102.756 101.61 101.623 101.424 100.85 100.518 99.913 100.069 100.315 100.55 101.611 -9999 -9999 -9999 -9999 -9999 -9999 -9999 -9999 -9999 -9999 -9999 -9999 -9999 -9999 -9999 -9999 -9999 -9999 -9999 -9999 -9999 -9999 -9999 -9999 -9999 -9999 -9999 -9999 -9999 -9999 -9999 -9999 -9999 -9999 -9999 -9999 -9999 -9999 -9999 -9999 -9999 -9999
-9999 -9999 -9999 -9999 -9999 -9999 -9999 -9999 -9999 -9999 -9999 -9999 102.603 102.143 102.158 101.904 101.974 102.213 102.54 103.222 103.736 102.676 101.398 101.675 102.401 102.345 102.658 102.8 102.923 103.12 -9999 -9999 -9999 -9999 -9999 -9999 -9999 -9999 -9999 -9999 -9999 -9999 -9999 -9999 -9999 -9999 -9999 -9999 -9999 -9999 -9999 -9999 -9999 -9999 -9999 -9999 -9999 -9999 -9999 -9999 -9999 -9999 -9999 -9999 -9999 -9999 -9999 -9999 -9999 -9999 -9999 -9999 -9999 -9999
-9999 -9999 -9999 -9999 -9999 -9999 -9999 -9999 -9999 -9999 -9999 -9999 101.866 102.218 102.509 102.338 101.609 101.686 101.63 102.314 103.265 102.562 102.432 102.883 102.937 102.998 102.725 103.01 103.507 103.817 -9999 -9999 -9999 -9999 -9999 -9999 -9999 -9999 -9999 -9999 -9999 -9999 -9999 -9999 -9999 -9999 -9999 -9999 -9999 -9999 -9999 -9999 -9999 -9999 -9999 -9999 -9999 -9999 -9999 -9999 -9999 -9999 -9999 -9999 -9999 -9999 -9999 -9999 -9999 -9999 -9999 -9999 -9999 -9999
-9999 -9999 -9999 -9999 -9999 -9999 -9999 -9999 -9999 -9999 -9999 -9999 -9999 -9999 103.076 102.479 101.829 101.648 101.262 102.257 103.498 103.486 103.756 103.655 103.235 103.162 103.348 103.753 -9999 -9999 -9999 -9999 -9999 -9999 -9999 -9999 -9999 -9999 -9999 -9999 -9999 -9999 -9999 -9999 -9999 -9999 -9999 -9999 -9999 -9999 -9999 -9999 -9999 -9999 -9999 -9999 -9999 -9999 -9999 -9999 -9999 -9999 -9999 -9999 -9999 -9999 -9999 -9999 -9999 -9999 -9999 -9999 -9999 -9999
-9999 -9999 -9999 -9999 -9999 -9999 -9999 -9999 103.95 -9999 -9999 102.573 100.664 101.456 102.254 102.012 102.528 102.238 102.038 103.029 103.935 103.766 102.995 102.612 102.152 102.709 103.835 104.163 -9999 -9999 -9999 -9999 -9999 -9999 -9999 -9999 -9999 -9999 -9999 -9999 -9999 -9999 -9999 -9999 -9999 -9999 -9999 -9999 -9999 -9999 -9999 -9999 -9999 -9999 -9999 -9999 -9999 -9999 -9999 -9999 -9999 -9999 -9999 -9999 -9999 -9999 -9999 -9999 -9999 -9999 -9999 -9999 -9999 -9999
-9999 -9999 -9999 -9999 -9999 -9999 105.034 104.462 102.821 102.714 102.438 100.256 96.782 97.747 99.605 100.562 101.854 101.753 101.826 102.235 101.997 101.509 101.324 101.299 102.219 103.264 104.498 104.638 -9999 -9999 -9999 -9999 -9999 -9999 -9999 -9999 -9999 -9999 -9999 -9999 -9999 -9999 -9999 -9999 -9999 -9999 -9999 -9999 -9999 -9999 -9999 -9999 -9999 -9999 -9999 -9999 -9999 -9999 -9999 -9999 -9999 -9999 -9999 -9999 -9999 -9999 -9999 -9999 -9999 -9999 -9999 -9999 -9999 -9999
-9999 -9999 -9999 -9999 -9999 -9999 105.983 103.714 -9999 103.19 102.996 100.773 99.43 100.484 101.348 102.041 102.011 102.315 103.104 102.631 101.55 101.783 102.523 103.287 104.122 104.692 104.424 -9999 104.606 -9999 -9999 -9999 -9999 -9999 -9999 -9999 -9999 -9999 -9999 -9999 -9999 -9999 -9999 -9999 -9999 -9999 -9999 -9999 -9999 -9999 -9999 -9999 -9999 -9999 -9999 -9999 -9999 -9999 -9999 -9999 -9999 -9999 -9999 -9999 -9999 -9999 -9999 -9999 -9999 -9999 -9999 -9999 -9999 -9999
-9999 -9999 -9999 -9999 -9999 -9999 -9999 105.165 103.793 103.597 103.263 102.358 101.564 102.093 102.468 102.398 102.354 103.132 104.476 103.526 102.398 102.961 103.406 104.115 104.94 104.774 104.638 104.606 104.213 -9999 -9999 -9999 -9999 -9999 -9999 -9999 -9999 -9999 -9999 -9999 -9999 -9999 -9999 -9999 -9999 -9999 -9999 -9999 -9999 -9999 -9999 -9999 -9999 -9999 -9999 -9999 -9999 -9999 -9999 -9999 -9999 -9999 -9999 -9999 -9999 -9999 -9999 -9999 -9999 -9999 -9999 -9999 -9999 -9999
109.066 -9999 -9999 -9999 -9999 -9999 -9999 -9999 104.465 104.199 103.949 103.67 104.314 104.247 103.647 103.768 104.309 104.486 103.343 102.64 102.487 102.765 103.175 103.747 104.217 103.938 103.437 103.597 104.457 -9999 -9999 -9999 -9999 -9999 -9999 -9999 -9999 -9999 -9999 -9999 -9999 -9999 -9999 -9999 -9999 -9999 -9999 -9999 -9999 -9999 -9999 -9999 -9999 -9999 -9999 -9999 -9999 -9999 -9999 -9999 -9999 -9999 -9999 -9999 -9999 -9999 -9999 -9999 -9999 -9999 -9999 -9999 -9999 -9999
108.936 -9999 -9999 -9999 -9999 -9999 108.833 106.946 105.59 104.304 104.662 105.283 106.066 105.701 105.524 105.878 106.211 105.021 103.7 103.478 102.992 103.28 104.03 104.164 104.394 103.974 -9999 104.452 -9999 -9999 -9999 -9999 -9999 -9999 104.782 104.787 104.792 -9999 -9999 -9999 -9999 -9999 -9999 -9999 -9999 -9999 -9999 -9999 -9999 -9999 -9999 -9999 -9999 -9999 -9999 -9999 -9999 -9999 -9999 -9999 -9999 -9999 -9999 -9999 -9999 -9999 -9999 -9999 -9999 -9999 -9999 -9999 -9999 -9999
111.635 111.717 -9999 -9999 -9999 -9999 -9999 108.541 107.716 107.499 107.036 106.658 106.273 106.277 106.574 106.644 106.545 105.151 103.387 103.186 103.476 103.939 104.265 104.312 104.651 104.385 104.57 -9999 -9999 -9999 -9999 104.827 104.833 104.837 104.845 104.851 104.856 104.743 104.635 104.482 104.336 104.487 104.658 104.755 104.823 104.82 104.814 104.826 104.798 103.892 103.097 103.912 104.729 -9999 -9999 -9999 -9999 -9999 -9999 -9999 -9999 -9999 -9999 -9999 -9999 -9999 -9999 -9999 -9999 -9999 -9999 -9999 -9999 -9999
112.845 112.914 -9999 -9999 -9999 112.501 -9999 110.788 110.226 109.355 107.858 107.419 107.57 107.48 106.715 106.607 106.284 104.789 103.264 104.155 106.356 106.222 105.541 105.439 104.959 104.887 -9999 -9999 -9999 -9999 104.882 104.883 104.893 104.424 103.135 103.014 102.818 102.956 103.283 103.284 103.473 103.684 103.976 103.903 103.579 103.692 104.014 103.927 103.736 103.06 102.448 103.207 104.371 -9999 -9999 -9999 -9999 -9999 -9999 -9999 -9999 -9999 -9999 -9999 -9999 -9999 -9999 -9999 -9999 -9999 -9999 -9999 -9999 -9999
114.514 114.732 -9999 -9999 -9999 114.098 113.442 112.785 111.762 110.581 109.624 109.457 109.515 108.283 107.672 107.051 105.695 105.205 105.833 107.008 107.271 106.563 105.684 105.325 105.128 -9999 -9999 104.991 104.875 104.872 104.937 104.947 104.959 104.172 103.782 103.654 103.651 103.68 103.322 103.389 103.33 103.509 103.608 103.487 103.598 103.774 103.808 103.634 103.439 103.172 103.385 103.212 103.454 104.557 -9999 -9999 -9999 -9999 -9999 -9999 -9999 -9999 -9999 -9999 -9999 -9999 -9999 -9999 -9999 -9999 -9999 -9999 -9999 -9999
117.459 117.379 -9999 116.56 -9999 114.596 113.722 112.89 112.358 111.835 111.669 111.146 109.867 109.11 108.757 106.971 104.205 105.193 106.8 106.962 107.203 106.659 106.533 106.252 105.912 -9999 105.747 105.355 102.917 103.097 104.091 103.889 103.36 103.355 103.778 103.861 104.087 103.5 102.417 102.577 103.106 103.39 104.003 103.81 103.121 103.377 104.025 103.861 103.689 103.901 104.193 104.104 103.955 104.413 -9999 -9999 -9999 -9999 -9999 -9999 -9999 -9999 -9999 -9999 -9999 -9999 -9999 -9999 -9999 -9999 -9999 -9999 -9999 -9999
119.483 -9999 118.375 -9999 -9999 -9999 114.594 114.038 114.125 113.58 112.552 111.58 110.902 110.445 110.195 107.684 106.738 107.584 107.618 107.426 106.712 106.8 107.278 107.036 106.899 106.426 106.11 104.905 104.504 104.671 104.261 103.92 103.732 103.985 104.073 103.98 103.403 102.527 101.635 102.182 103.028 103.557 104.148 103.5 102.667 103.363 104.428 104.246 103.971 104.223 104.503 104.465 104.331 104.733 -9999 -9999 -9999 -9999 -9999 -9999 -9999 -9999 -9999 -9999 -9999 -9999 -9999 -9999 -9999 -9999 -9999 -9999 -9999 -9999
121.445 120.628 -9999 -9999 -9999 -9999 117.089 116.77 116.324 -9999 112.979 112.23 111.574 111.326 110.87 110.048 109.967 109.745 109.18 108.246 106.824 106.448 105.116 105.558 106.835 106.221 105.427 105.081 104.848 104.483 104.551 104.194 104.032 104.191 104.61 103.554 101.371 101.164 101.74 102.142 102.059 102.623 103.417 102.873 102.502 103.424 104.415 104.274 104.225 104.496 104.808 104.733 104.498 104.826 -9999 -9999 -9999 -9999 -9999 -9999 -9999 -9999 -9999 -9999 -9999 -9999 -9999 -9999 -9999 -9999 -9999 -9999 -9999 -9999
123.092 121.972 -9999 -9999 -9999 119.908 -9999 -9999 117.184 115.508 113.943 113.407 113.339 112.915 112.276 111.747 111.159 109.992 107.732 107.109 107.371 106.798 107.363 107.817 107.459 106.822 106.463 105.596 103.784 104.147 105.178 104.539 103.557 103.765 103.78 102.467 102.017 102.473 102.835 102.79 102.754 103.113 102.955 102.844 103.108 103.61 103.557 103.609 103.877 104.129 104.37 104.547 104.287 -9999 -9999 -9999 -9999 -9999 -9999 -9999 -9999 -9999 -9999 -9999 -9999 -9999 -9999 -9999 -9999 -9999 -9999 -9999 -9999 -9999
123.572 122.918 123.033 122.789 -9999 -9999 -9999 118.95 117.755 -9999 115.306 115.014 114.55 113.86 113.167 112.364 111.622 109.284 107.57 107.534 107.072 107.787 109.149 108.211 106.51 106.45 107.102 105.702 104.671 105.341 105.976 104.999 104.208 103.736 102.834 102.508 102.147 102.077 101.659 101.983 102.885 102.685 102.359 102.559 102.786 102.868 103.1 103.294 103.453 103.997 105.105 104.2 -9999 -9999 -9999 -9999 -9999 -9999 -9999 -9999 -9999 -9999 -9999 -9999 -9999 -9999 -9999 -9999 -9999 -9999 -9999 -9999 -9999 -9999
124.817 124.824 124.737 124.195 -9999 122.416 120.926 119.956 119.112 118.054 117.22 116.461 115.272 114.607 114.102 113.275 112.161 110.755 110.055 109.577 109.015 109.438 108.787 107.865 107.909 107.772 106.781 105.997 105.545 105.626 105.01 104.548 104.765 103.556 102.154 101.561 100.369 100.827 102.851 103.453 103.814 103.807 103.998 103.836 102.957 103.134 103.431 103.536 103.506 104.444 105.511 104.47 -9999 -9999 -9999 -9999 -9999 -9999 -9999 -9999 -9999 -9999 -9999 -9999 -9999 -9999 -9999 -9999 -9999 -9999 -9999 -9999 -9999 -9999
126.351 126.248 125.785 125.305 124.943 123.823 122.836 -9999 120.703 119.441 117.688 116.55 115.565 114.899 114.052 113.205 112.596 111.63 110.694 110.268 110.031 108.785 106.479 106.581 106.891 105.983 105.135 104.933 105.168 104.549 103.914 104.129 104.572 102.873 100.84 99.973 99.199 101.311 104.376 104.762 105.216 105.346 105.329 104.71 104.132 104.301 104.465 104.465 104.497 105.033 105.032 -9999 -9999 -9999 -9999 -9999 -9999 -9999 -9999 -9999 -9999 -9999 -9999 -9999 -9999 -9999 -9999 -9999 -9999 -9999 -9999 -9999 -9999 -9999
127.337 -9999 -9999 -9999 126.206 124.93 -9999 122.988 122.005 120.49 119.278 118.306 117.32 116.343 115.153 114.362 113.312 112.423 111.849 111.344 110.76 109.327 108.947 108.862 108.416 107.664 107.162 106.982 106.291 105.427 104.146 104.394 104.54 103.178 102.848 102.144 101.685 103.12 102.777 103.503 104.96 104.976 105.039 104.523 103.768 103.959 104.271 104.427 104.792 104.62 103.985 -9999 -9999 -9999 -9999 -9999 -9999 -9999 -9999 -9999 -9999 -9999 -9999 -9999 -9999 -9999 -9999 -9999 -9999 -9999 -9999 -9999 -9999 -9999
-9999 -9999 -9999 127.693 126.025 -9999 125.157 123.596 -9999 121.933 120.774 119.837 119.109 118.058 117.114 116.093 114.659 113.847 112.952 111.667 109.793 109.244 108.506 108.299 108.853 108.739 109.385 108.738 108.115 105.193 99.47 99.306 98.87 99.607 102.316 102.196 103.041 102.869 102.841 104.017 105.306 105.271 105.155 103.905 101.54 102.399 104.392 104.39 103.628 103.132 102.639 -9999 -9999 -9999 -9999 -9999 -9999 -9999 -9999 -9999 -9999 -9999 -9999 -9999 -9999 -9999 -9999 -9999 -9999 -9999 -9999 -9999 -9999 -9999
-9999 -9999 -9999 128.946 -9999 -9999 125.764 124.558 124.298 122.987 121.472 120.775 120.146 119.288 118.57 117.202 115.17 114.39 114.077 112.654 112.299 111.42 110.258 110.295 109.923 109.829 108.885 108.403 108.004 104.61 104.084 103.756 103.804 104.403 103.42 103.493 103.147 103.157 103.107 103.749 103.728 103.859 104.401 102.693 101.257 102.841 105.065 104.193 102.723 102.232 101.835 -9999 -9999 -9999 -9999 -9999 -9999 -9999 -9999 -9999 -9999 -9999 -9999 -9999 -9999 -9999 -9999 -9999 -9999 -9999 -9999 -9999 -9999 -9999
-9999 -9999 -9999 -9999 -9999 -9999 -9999 124.784 122.644 121.749 121.422 121.093 121.416 120.902 120.918 119.119 117.265 116.754 116.166 115.186 113.758 113.087 113.003 112.572 112.254 111.096 109.564 108.76 107.256 106.437 105.627 106.056 107.116 106.164 105.125 104.11 104.097 103.523 102.271 102.424 102.893 103.162 103.132 102.7 103.314 104.742 105.621 104.548 103.664 102.858 -9999 -9999 -9999 -9999 -9999 -9999 -9999 -9999 -9999 -9999 -9999 -9999 -9999 -9999 -9999 -9999 -9999 -9999 -9999 -9999 -9999 -9999 -9999 -9999
-9999 -9999 -9999 -9999 -9999 128.379 126.69 -9999 123.537 123.317 123.335 123.208 122.626 122.456 122.295 120.737 119.441 118.633 117.654 115.944 114.108 113.821 113.46 112.949 112.241 111.262 110.926 109.827 108.857 107.917 106.841 106.755 105.058 104.782 105.204 104.685 103.533 101.635 103.008 103.515 104.253 104.243 104.248 104.268 103.303 104.239 105.75 105.131 104.671 103.162 -9999 -9999 -9999 -9999 -9999 -9999 -9999 -9999 -9999 -9999 -9999 -9999 -9999 -9999 -9999 -9999 -9999 -9999 -9999 -9999 -9999 -9999 -9999 -9999
-9999 -9999 -9999 -9999 131.981 129.598 127.903 126.918 126.387 126.069 125.692 124.882 123.91 123.665 123.184 121.911 120.765 119.496 117.892 116.172 114.918 114.24 112.554 111.689 110.557 110.23 109.776 109.206 108.879 108.303 108.349 106.857 105.367 105.235 104.079 102.801 99.79 100.891 102.485 101.131 100.67 100.966 101.942 101.233 100.363 102.085 104.491 104.515 105.099 -9999 -9999 -9999 -9999 -9999 -9999 -9999 -9999 -9999 -9999 -9999 -9999 -9999 -9999 -9999 -9999 -9999 -9999 -9999 -9999 -9999 -9999 -9999 -9999 -9999
-9999 -9999 -9999 -9999 133.198 -9999 129.949 128.854 127.062 126.602 126.791 125.742 124.483 124.161 123.96 122.728 121.438 119.972 118.637 117.142 115.732 114.567 114.216 112.85 110.926 110.568 111.334 110.858 110.211 109.893 109.183 108.153 107.589 106.536 105.465 104.249 104.213 104.693 103.135 101.807 99.295 100.39 102.129 101.793 101.864 103.236 103.689 104.195 104.802 -9999 -9999 -9999 -9999 -9999 -9999 -9999 -9999 -9999 -9999 -9999 -9999 -9999 -9999 -9999 -9999 -9999 -9999 -9999 -9999 -9999 -9999 -9999 -9999 -9999
-9999 -9999 -9999 -9999 -9999 -9999 131.149 129.479 128.045 128.054 128.348 127.062 125.64 124.938 123.208 121.746 119.974 119.26 119.819 117.883 115.537 114.884 114.528 113.094 111.653 112.031 112.664 112.031 111.489 110.862 110.514 109.481 107.53 106.763 106.319 106.068 105.569 104.475 103.304 101.918 101.505 101.471 103.897 103.932 104.017 104.385 104.681 105.021 105.139 -9999 -9999 -9999 -9999 -9999 -9999 -9999 -9999 -9999 -9999 -9999 -9999 -9999 -9999 -9999 -9999 -9999 -9999 -9999 -9999 -9999 -9999 -9999 -9999 -9999
-9999 -9999 -9999 -9999 133.468 132.882 131.974 130.45 128.858 128.94 129.409 128.182 127.093 -9999 123.453 122.169 121.567 121.435 120.558 118.627 117.194 116.392 115.451 114.445 113.557 113.455 112.513 111.703 110.388 110.308 111.157 109.392 107.699 107.018 105.993 105.644 105.584 104.238 102.807 103.228 103.701 104.518 103.755 103.847 103.752 104.272 105.43 105.255 104.964 -9999 -9999 -9999 -9999 -9999 -9999 -9999 -9999 -9999 -9999 -9999 -9999 -9999 -9999 -9999 -9999 -9999 -9999 -9999 -9999 -9999 -9999 -9999 -9999 -9999
132.425 132.755 133.703 133.906 -9999 132.869 132.793 131.448 130.425 130.441 130.188 129.133 -9999 125.754 122.932 122.323 121.831 120.955 119.957 118.995 118.472 117.546 117.006 116.197 115.4 114.593 113.933 112.801 111.56 111.908 111.83 110.583 109.832 108.924 108.053 107.966 107.974 106.622 105.488 106.074 106.362 105.691 105.57 105.317 104.888 105.516 105.718 104.237 -9999 -9999 -9999 -9999 -9999 -9999 -9999 -9999 -9999 -9999 -9999 -9999 -9999 -9999 -9999 -9999 -9999 -9999 -9999 -9999 -9999 -9999 -9999 -9999 -9999 -9999
132.913 133.239 133.44 133.162 133.399 -9999 133.17 132.269 131.391 131.069 130.952 129.759 128.139 126.049 124.891 123.912 122.399 121.58 121.067 120.196 118.825 117.901 116.511 115.885 115.495 114.744 114.037 113.105 112.45 112.089 111.344 110.694 110.539 109.662 108.557 108.354 108.157 107.121 106.309 106.388 106.712 106.474 106.369 105.678 105.081 104.302 -9999 -9999 -9999 -9999 -9999 -9999 -9999 -9999 -9999 -9999 -9999 -9999 -9999 -9999 -9999 -9999 -9999 -9999 -9999 -9999 -9999 -9999 -9999 -9999 -9999 -9999 -9999 -9999
-9999 -9999 -9999 132.979 -9999 133.541 133.048 132.343 131.336 131.208 -9999 -9999 127.746 126.692 125.909 124.464 123.284 122.714 122.12 121.051 120.544 119.214 118.126 117.347 116.049 115.142 114.017 113.684 113.62 113.196 113.126 112.704 112.157 111.094 109.838 109.601 109.478 108.712 108.062 107.876 107.566 107.276 106.802 106.127 105.65 -9999 -9999 -9999 -9999 -9999 -9999 -9999 -9999 -9999 -9999 -9999 -9999 -9999 -9999 -9999 -9999 -9999 -9999 -9999 -9999 -9999 -9999 -9999 -9999 -9999 -9999 -9999 -9999 -9999
132.818 132.707 -9999 133.449 133.93 133.903 133.568 132.979 132.511 -9999 -9999 130.999 129.252 128.221 126.962 125.585 124.001 123.053 121.665 121.191 120.981 120.035 119.49 118.356 117.272 116.359 116.018 115.655 114.805 114.659 114.358 113.753 113.044 111.882 110.652 110.464 110.299 109.665 108.98 108.467 108.212 107.789 107.321 106.822 106.141 104.642 -9999 -9999 -9999 -9999 -9999 -9999 -9999 -9999 -9999 -9999 -9999 -9999 -9999 -9999 -9999 -9999 -9999 -9999 -9999 -9999 -9999 -9999 -9999 -9999 -9999 -9999 -9999 -9999
