Validation/Results/ReClimate_12_2023_2_Temperature-Actuals.asc
NCOLS 192
NROWS 249
XLLCENTER -225160.85627316462
YLLCENTER 29788.11610251502
CELLSIZE 5000.0
NODATA_VALUE -9999
[rows 136 to 169 of 249, columns 77 to 153 of 192]
-9999 -9999 -9999 -9999 -9999 -9999 -9999 -9999 5.322 -9999 4.9 4.528 4.597 4.651 4.929 5.072 5.075 4.977 3.979 4.129 4.11 4.144 4.694 4.672 4.612 4.749 4.34 4.273 -9999 -9999 -9999 -9999 -9999 -9999 5.181 5.307 5.244 4.97 4.805 4.546 3.911 3.582 3.834 3.88 3.963 4.415 4.053 3.821 4.242 4.522 4.775 4.778 5.173 5.331 5.385 5.437 5.689 -9999 -9999 -9999 -9999 -9999 -9999 -9999 -9999 -9999 -9999 -9999 -9999 -9999 -9999 -9999 -9999 -9999 -9999 -9999 -9999
-9999 -9999 -9999 -9999 -9999 -9999 -9999 -9999 5.183 5.122 5.177 5.276 5.023 4.951 4.992 5.066 5.37 5.157 4.759 4.028 4.065 4.199 4.664 4.522 4.484 4.885 4.588 5.114 -9999 -9999 -9999 -9999 5.178 5.091 5.145 5.284 5.332 5.227 4.946 4.094 3.247 3.272 3.511 3.195 3.932 3.807 3.504 4.045 3.955 4.22 4.746 4.841 4.571 4.979 5.222 5.249 5.746 -9999 -9999 -9999 -9999 -9999 -9999 -9999 -9999 -9999 -9999 -9999 -9999 -9999 -9999 -9999 -9999 -9999 -9999 -9999 -9999
5.979 -9999 -9999 -9999 -9999 -9999 -9999 -9999 5.146 5.401 5.345 -9999 -9999 5.266 5.121 5.191 5.317 -9999 5.424 5.123 4.866 4.682 4.789 4.504 4.925 5.28 -9999 -9999 -9999 -9999 -9999 5.359 5.206 5.089 5.121 5.137 5.148 5.131 4.653 3.858 2.746 2.53 3.092 2.82 3.391 2.84 3.081 3.446 3.399 4.072 4.167 4.329 4.476 4.796 5.056 5.107 5.535 -9999 -9999 -9999 -9999 -9999 -9999 -9999 -9999 -9999 -9999 -9999 -9999 -9999 -9999 -9999 -9999 -9999 -9999 -9999 -9999
5.597 -9999 -9999 -9999 -9999 -9999 -9999 -9999 -9999 5.494 5.689 -9999 -9999 -9999 5.556 5.232 5.303 5.501 -9999 -9999 5.336 5.166 5.107 4.781 4.915 -9999 -9999 -9999 -9999 -9999 5.227 5.185 5.048 5.02 4.981 4.888 4.959 4.669 4.407 4.028 2.938 2.684 1.99 2.643 2.146 1.976 2.41 2.798 2.812 3.286 4.009 4.207 4.232 4.696 5.004 4.864 5.049 -9999 -9999 -9999 -9999 -9999 -9999 -9999 -9999 -9999 -9999 -9999 -9999 -9999 -9999 -9999 -9999 -9999 -9999 -9999 -9999
-9999 -9999 -9999 -9999 -9999 -9999 -9999 -9999 -9999 -9999 5.711 -9999 -9999 -9999 -9999 5.524 5.16 5.314 -9999 -9999 -9999 5.448 5.637 -9999 -9999 -9999 -9999 -9999 -9999 -9999 5.239 5.181 4.941 4.621 4.346 4.45 4.581 4.515 4.632 4.242 3.47 2.382 2.231 2.218 1.383 1.569 1.939 2.515 2.481 2.771 3.54 4.164 4.551 4.755 4.87 4.662 4.789 -9999 -9999 -9999 -9999 -9999 -9999 -9999 -9999 -9999 -9999 -9999 -9999 -9999 -9999 -9999 -9999 -9999 -9999 -9999 -9999
-9999 -9999 -9999 -9999 -9999 -9999 -9999 -9999 -9999 -9999 5.422 -9999 -9999 -9999 -9999 -9999 5.526 5.44 -9999 -9999 -9999 -9999 -9999 -9999 -9999 -9999 -9999 -9999 -9999 -9999 5.269 4.729 4.313 4.049 3.863 4.078 4.27 4.421 4.504 4.26 3.727 2.547 1.445 0.854 1.183 1.601 2.645 2.909 3.084 3.433 3.605 3.719 4.351 4.786 4.725 4.508 4.635 5.161 -9999 -9999 -9999 -9999 -9999 -9999 -9999 -9999 -9999 -9999 -9999 -9999 -9999 -9999 -9999 -9999 -9999 -9999 -9999
5.874 5.921 6.197 -9999 -9999 -9999 -9999 -9999 -9999 -9999 5.396 -9999 -9999 -9999 -9999 -9999 -9999 -9999 -9999 -9999 -9999 -9999 -9999 -9999 -9999 -9999 -9999 -9999 -9999 5.302 4.96 4.686 4.596 4.249 3.318 3.846 3.947 3.942 4.299 4.195 4.29 2.784 1.204 0.698 1.504 2.035 1.528 1.525 2.352 2.966 3.91 3.984 4.08 4.349 4.46 4.53 4.595 5.042 5.641 -9999 -9999 -9999 -9999 -9999 -9999 -9999 -9999 -9999 -9999 -9999 -9999 -9999 -9999 -9999 -9999 -9999 -9999
5.731 5.875 6.031 -9999 -9999 -9999 -9999 -9999 -9999 -9999 -9999 -9999 -9999 -9999 -9999 -9999 -9999 -9999 -9999 -9999 -9999 -9999 -9999 -9999 -9999 -9999 -9999 -9999 5.134 5.137 4.897 4.687 4.472 3.994 2.122 2.837 3.955 4.094 4.205 4.575 4.279 3.593 2.136 0.897 1.435 1.651 1.967 2.294 2.303 2.686 3.274 4.016 4.174 4.419 4.497 4.563 4.733 5.164 5.646 -9999 -9999 -9999 -9999 -9999 -9999 -9999 -9999 -9999 -9999 -9999 -9999 -9999 -9999 -9999 -9999 -9999 -9999
5.891 -9999 6.126 6.304 -9999 -9999 -9999 -9999 -9999 -9999 -9999 -9999 -9999 -9999 -9999 -9999 -9999 -9999 -9999 -9999 -9999 -9999 -9999 -9999 -9999 -9999 -9999 -9999 4.862 4.862 4.795 3.647 3.329 3.583 3.832 3.568 3.362 3.791 4.02 4.208 4.406 4.199 3.126 2.385 1.296 1.939 2.382 2.649 2.849 3.254 3.63 3.911 4.014 4.366 4.522 4.665 4.765 5.113 5.61 5.849 5.847 -9999 -9999 -9999 -9999 -9999 -9999 -9999 -9999 -9999 -9999 -9999 -9999 -9999 -9999 -9999 -9999
5.899 -9999 -9999 6.257 -9999 -9999 -9999 -9999 -9999 -9999 -9999 -9999 -9999 -9999 -9999 -9999 -9999 -9999 -9999 -9999 -9999 -9999 -9999 -9999 -9999 -9999 -9999 -9999 5.031 4.882 4.157 3.074 4.32 4.297 3.404 2.912 3.626 3.568 3.298 4.147 3.984 4.314 4.267 3.29 2.68 2.237 2.531 2.824 3.321 3.56 3.908 4.198 4.452 4.522 4.769 4.715 4.89 5.077 5.344 5.08 5.11 5.072 5.323 4.827 -9999 -9999 -9999 -9999 -9999 -9999 -9999 -9999 -9999 -9999 -9999 -9999 -9999
5.86 6.106 -9999 6.277 -9999 -9999 -9999 -9999 -9999 -9999 -9999 -9999 -9999 -9999 -9999 -9999 -9999 -9999 -9999 -9999 -9999 -9999 -9999 -9999 -9999 -9999 -9999 5.742 5.014 4.55 3.385 2.663 2.492 3.258 3.566 3.571 3.261 2.691 3.726 3.016 3.678 4.049 4.18 3.942 3.669 3.137 2.502 2.776 3.272 3.608 3.87 4.168 4.472 4.781 4.87 4.918 4.994 5.088 5.091 4.909 4.075 4.028 4.089 4.183 4.66 4.411 -9999 -9999 -9999 -9999 -9999 -9999 -9999 -9999 -9999 -9999 -9999
5.933 -9999 6.143 -9999 -9999 -9999 -9999 -9999 -9999 -9999 -9999 -9999 -9999 -9999 -9999 -9999 -9999 -9999 -9999 -9999 -9999 -9999 -9999 -9999 -9999 -9999 -9999 -9999 5.58 4.682 3.209 2.834 3.217 1.745 2.631 3.573 3.044 3.559 2.423 2.738 3.594 3.898 3.808 3.849 3.487 1.784 2.123 2.29 2.278 2.631 3.483 3.892 4.289 4.712 4.909 4.948 5.02 5.13 5.127 4.927 4.282 3.918 4.113 4.104 4.055 4.243 4.287 -9999 -9999 -9999 -9999 -9999 -9999 -9999 -9999 -9999 -9999
6.042 6.023 6.008 -9999 -9999 -9999 -9999 -9999 -9999 -9999 -9999 -9999 -9999 -9999 -9999 -9999 -9999 -9999 -9999 -9999 -9999 -9999 -9999 -9999 -9999 -9999 -9999 -9999 -9999 5.233 4.529 4.477 3.03 3.019 3.427 4.356 4.597 3.189 3.155 3.565 3.697 3.321 3.292 3.575 2.554 2.181 1.981 1.444 1.911 2.622 2.932 3.697 4.172 4.667 4.877 4.896 4.987 5.08 4.359 4.086 3.513 2.907 3.194 3.515 4.012 3.927 4.121 4.676 -9999 -9999 -9999 -9999 -9999 -9999 -9999 -9999 -9999
6.187 6.013 -9999 -9999 -9999 -9999 -9999 -9999 -9999 -9999 -9999 -9999 -9999 -9999 -9999 -9999 -9999 -9999 -9999 -9999 -9999 -9999 -9999 -9999 -9999 -9999 -9999 -9999 -9999 5.818 5.335 4.78 4.03 3.368 2.973 4.52 3.964 4.162 4.399 4.326 3.98 3.417 2.368 3.303 2.54 1.836 2.232 3.035 3.219 3.157 3.351 3.627 4.327 4.762 4.889 4.901 4.762 4.379 4.0 3.558 3.726 3.512 3.382 3.253 3.369 3.671 3.823 4.366 5.267 -9999 -9999 -9999 -9999 -9999 -9999 -9999 -9999
6.12 6.196 -9999 -9999 -9999 -9999 -9999 -9999 -9999 -9999 -9999 -9999 -9999 -9999 -9999 -9999 -9999 -9999 -9999 -9999 -9999 -9999 -9999 -9999 -9999 -9999 -9999 -9999 -9999 -9999 4.956 4.3 4.056 3.403 4.36 4.244 4.655 4.791 4.761 4.522 4.179 3.562 3.624 2.245 2.636 2.813 2.639 3.027 3.111 2.981 3.737 3.939 4.449 4.724 4.904 4.91 4.623 4.222 4.006 3.823 3.699 3.725 3.72 3.598 3.532 3.607 3.973 4.276 4.955 -9999 -9999 -9999 -9999 -9999 -9999 -9999 -9999
-9999 -9999 -9999 -9999 -9999 -9999 -9999 -9999 -9999 -9999 -9999 -9999 -9999 -9999 -9999 -9999 -9999 -9999 -9999 -9999 -9999 -9999 -9999 -9999 -9999 -9999 -9999 -9999 -9999 -9999 5.672 3.962 4.325 5.01 4.623 4.926 4.896 5.13 4.962 4.366 4.313 4.272 2.324 3.005 2.781 2.691 2.463 3.222 3.32 3.528 3.694 4.138 4.367 4.736 4.906 4.946 4.799 4.147 3.76 3.932 4.14 4.13 4.124 3.994 3.955 3.775 3.753 4.303 4.515 5.38 -9999 -9999 -9999 -9999 -9999 -9999 -9999
-9999 -9999 -9999 -9999 -9999 -9999 -9999 -9999 -9999 -9999 -9999 -9999 -9999 -9999 -9999 -9999 -9999 -9999 -9999 -9999 -9999 -9999 -9999 -9999 -9999 -9999 -9999 -9999 -9999 -9999 -9999 5.197 5.464 5.095 4.857 5.091 5.028 5.302 5.028 4.629 4.636 3.775 2.79 2.349 2.416 2.028 2.426 2.4 2.714 3.249 3.302 3.717 4.272 4.675 4.893 4.834 4.728 4.604 3.782 3.777 4.445 4.813 4.66 4.605 4.566 4.561 4.471 4.642 4.929 5.073 -9999 -9999 -9999 -9999 -9999 -9999 -9999
-9999 -9999 -9999 -9999 -9999 -9999 -9999 -9999 -9999 -9999 -9999 -9999 -9999 -9999 -9999 -9999 -9999 -9999 -9999 -9999 -9999 -9999 -9999 -9999 -9999 -9999 -9999 -9999 -9999 -9999 -9999 5.655 -9999 5.018 5.323 5.216 5.307 -9999 5.244 4.828 4.652 3.866 2.726 2.73 2.721 2.189 2.444 2.376 1.734 2.574 2.975 3.292 3.751 4.461 4.797 4.787 4.711 4.714 4.718 4.472 4.821 5.061 4.922 4.742 4.741 4.772 4.822 4.867 4.59 4.568 4.95 -9999 -9999 -9999 -9999 -9999 -9999
-9999 -9999 -9999 -9999 -9999 -9999 -9999 -9999 -9999 -9999 -9999 -9999 -9999 -9999 -9999 -9999 -9999 -9999 -9999 -9999 -9999 -9999 -9999 -9999 -9999 -9999 -9999 -9999 -9999 -9999 -9999 -9999 5.606 5.258 -9999 -9999 -9999 -9999 5.45 5.086 5.001 4.365 3.891 2.963 2.82 2.596 2.417 3.176 2.742 2.113 2.917 3.17 3.77 4.28 4.729 4.867 4.885 4.884 4.899 4.867 4.752 4.879 4.737 4.66 4.741 4.655 4.428 4.475 4.697 4.6 4.651 4.839 5.163 -9999 -9999 -9999 -9999
-9999 -9999 -9999 -9999 -9999 -9999 -9999 -9999 -9999 -9999 -9999 -9999 -9999 -9999 -9999 -9999 -9999 -9999 -9999 -9999 -9999 -9999 -9999 -9999 -9999 -9999 -9999 -9999 -9999 -9999 -9999 -9999 5.733 5.608 -9999 -9999 -9999 -9999 5.537 4.99 5.143 4.693 3.918 4.085 3.903 3.043 2.946 3.134 3.285 2.234 2.836 3.188 3.563 4.135 4.734 4.975 5.018 5.044 5.001 4.963 4.883 4.769 4.738 4.71 4.687 4.49 4.219 4.084 4.248 4.514 4.804 5.054 5.29 -9999 -9999 -9999 -9999
-9999 -9999 -9999 -9999 -9999 -9999 -9999 -9999 -9999 -9999 -9999 -9999 -9999 -9999 -9999 -9999 -9999 -9999 -9999 -9999 -9999 -9999 -9999 -9999 -9999 -9999 -9999 -9999 -9999 -9999 -9999 -9999 5.771 -9999 -9999 -9999 -9999 5.679 5.334 4.947 4.187 3.814 3.842 3.88 3.969 3.406 2.923 3.491 3.459 3.333 2.848 3.395 3.734 4.214 4.632 4.98 4.979 5.026 5.064 5.046 5.02 4.963 4.954 4.735 4.275 4.201 4.175 4.284 4.438 4.657 4.91 5.234 -9999 -9999 -9999 -9999 -9999
-9999 -9999 -9999 -9999 -9999 -9999 -9999 -9999 -9999 -9999 -9999 -9999 -9999 -9999 -9999 -9999 -9999 -9999 -9999 -9999 -9999 -9999 -9999 -9999 -9999 -9999 -9999 -9999 -9999 -9999 -9999 -9999 -9999 -9999 -9999 -9999 -9999 5.716 5.146 4.072 3.178 2.835 3.37 4.014 3.972 4.12 3.98 4.097 3.89 3.646 3.394 3.451 3.934 4.313 4.613 4.909 4.98 5.012 5.113 5.135 5.117 5.067 5.013 4.921 4.186 3.76 4.302 4.555 4.815 4.912 5.082 5.227 -9999 -9999 -9999 -9999 -9999
-9999 -9999 -9999 -9999 -9999 -9999 -9999 -9999 -9999 -9999 -9999 -9999 -9999 -9999 -9999 -9999 -9999 -9999 -9999 -9999 -9999 -9999 -9999 -9999 -9999 -9999 -9999 -9999 -9999 -9999 -9999 -9999 -9999 -9999 -9999 -9999 -9999 5.623 5.112 4.292 3.391 3.36 3.879 4.036 4.389 4.361 4.326 4.345 4.225 4.361 3.855 3.835 3.94 4.24 4.535 4.841 5.052 5.039 5.117 5.168 5.192 5.163 5.064 5.004 4.646 4.058 4.287 4.725 4.943 5.064 5.12 5.179 -9999 -9999 -9999 -9999 -9999
-9999 -9999 -9999 -9999 -9999 -9999 -9999 -9999 -9999 -9999 -9999 -9999 -9999 -9999 -9999 -9999 -9999 -9999 -9999 -9999 -9999 -9999 -9999 -9999 -9999 -9999 -9999 -9999 -9999 -9999 -9999 -9999 -9999 -9999 -9999 -9999 5.723 5.56 5.099 4.113 3.485 3.23 3.892 3.934 4.737 4.448 4.457 4.138 4.087 3.919 4.605 4.557 4.717 4.661 4.894 4.827 4.947 5.039 5.062 5.139 5.205 5.184 5.105 5.013 4.944 4.529 4.489 4.814 5.067 5.162 5.158 5.145 5.206 -9999 -9999 -9999 -9999
-9999 -9999 -9999 -9999 -9999 -9999 -9999 -9999 -9999 -9999 -9999 -9999 -9999 -9999 -9999 -9999 -9999 -9999 -9999 -9999 -9999 -9999 -9999 -9999 -9999 -9999 -9999 -9999 -9999 -9999 -9999 -9999 -9999 -9999 -9999 -9999 5.598 5.567 5.24 4.692 3.943 4.647 4.514 5.032 4.432 3.984 4.068 3.761 3.857 4.29 4.069 4.561 4.598 4.594 4.675 4.876 4.857 4.965 5.072 5.128 5.163 5.145 5.07 5.028 5.001 4.934 4.655 4.798 5.086 5.217 5.205 5.136 5.162 -9999 -9999 -9999 -9999
-9999 -9999 -9999 -9999 -9999 -9999 -9999 -9999 -9999 -9999 -9999 -9999 -9999 -9999 -9999 -9999 -9999 -9999 -9999 -9999 -9999 -9999 -9999 -9999 -9999 -9999 -9999 -9999 -9999 -9999 -9999 -9999 -9999 -9999 -9999 5.634 5.538 5.555 5.589 5.102 5.059 4.96 5.182 5.026 4.326 4.261 4.031 3.732 3.818 4.055 4.863 4.588 5.016 4.971 4.869 4.736 4.86 4.928 5.021 5.112 5.13 5.109 5.061 5.027 5.027 5.015 4.879 4.703 4.97 5.284 5.343 5.182 5.116 5.212 -9999 -9999 -9999
-9999 -9999 -9999 -9999 -9999 -9999 -9999 -9999 -9999 -9999 -9999 -9999 -9999 -9999 -9999 -9999 -9999 -9999 -9999 -9999 -9999 -9999 -9999 -9999 -9999 -9999 -9999 -9999 -9999 -9999 -9999 -9999 -9999 -9999 -9999 5.474 5.451 5.553 5.576 5.456 5.294 5.229 5.016 4.692 4.786 4.538 3.905 2.959 3.208 3.521 4.249 4.888 4.841 5.214 5.349 5.13 4.865 4.973 5.081 5.12 5.152 5.142 5.119 5.101 5.126 5.154 5.01 4.808 5.025 5.445 5.567 5.437 5.196 5.165 -9999 -9999 -9999
-9999 -9999 -9999 -9999 -9999 -9999 -9999 -9999 -9999 -9999 -9999 -9999 -9999 -9999 -9999 -9999 -9999 -9999 -9999 -9999 -9999 -9999 -9999 -9999 -9999 -9999 -9999 -9999 -9999 -9999 -9999 -9999 -9999 -9999 -9999 5.541 5.517 5.607 5.708 5.633 5.476 5.113 4.826 4.68 4.31 3.727 3.006 2.979 3.247 3.504 4.08 4.719 4.772 4.822 5.224 5.444 5.361 5.244 5.266 5.238 5.207 5.227 5.224 5.218 5.252 5.28 5.302 5.157 5.235 5.598 5.726 5.589 5.365 5.181 5.191 -9999 -9999
-9999 -9999 -9999 -9999 -9999 -9999 -9999 -9999 -9999 -9999 -9999 -9999 -9999 -9999 -9999 -9999 -9999 -9999 -9999 -9999 -9999 -9999 -9999 -9999 -9999 -9999 -9999 -9999 -9999 -9999 -9999 -9999 -9999 -9999 -9999 -9999 5.515 5.581 5.669 5.582 5.102 4.607 4.351 4.195 4.135 3.9 3.415 3.584 3.564 4.014 4.831 5.041 5.103 4.848 5.085 5.339 5.355 5.357 5.396 5.332 5.284 5.3 5.318 5.311 5.319 5.338 5.312 5.375 5.407 -9999 5.669 -9999 5.425 5.289 5.195 5.347 -9999
-9999 -9999 -9999 -9999 -9999 -9999 -9999 -9999 -9999 -9999 -9999 -9999 -9999 -9999 -9999 -9999 -9999 -9999 -9999 -9999 -9999 -9999 -9999 -9999 -9999 -9999 -9999 -9999 -9999 -9999 -9999 -9999 -9999 -9999 -9999 5.667 5.558 5.591 5.656 5.436 4.801 4.008 3.938 4.145 3.735 3.677 3.875 3.54 3.198 3.635 4.372 5.286 5.13 5.119 5.263 5.347 5.335 5.374 5.381 5.405 5.366 5.362 5.359 5.355 5.338 5.15 5.171 5.301 5.224 5.248 5.426 5.468 -9999 5.421 5.381 5.237 5.406
-9999 -9999 -9999 -9999 -9999 -9999 -9999 -9999 -9999 -9999 -9999 -9999 -9999 -9999 -9999 -9999 -9999 -9999 -9999 -9999 -9999 -9999 -9999 -9999 -9999 -9999 -9999 -9999 -9999 -9999 -9999 -9999 -9999 -9999 -9999 5.71 5.627 5.691 5.576 5.162 4.803 4.351 4.163 4.451 4.375 4.444 4.574 3.934 3.431 3.746 4.342 4.725 4.724 4.834 5.051 5.197 5.179 5.199 5.328 5.397 5.452 5.422 5.389 5.353 5.345 5.308 5.078 5.224 5.271 5.022 5.125 5.307 5.413 -9999 -9999 -9999 -9999
-9999 -9999 -9999 -9999 -9999 -9999 -9999 -9999 -9999 -9999 -9999 -9999 -9999 -9999 -9999 -9999 -9999 -9999 -9999 -9999 -9999 -9999 -9999 -9999 -9999 -9999 -9999 -9999 -9999 -9999 -9999 -9999 -9999 -9999 5.775 5.761 5.668 5.541 5.387 5.355 5.211 4.725 5.001 5.086 5.117 5.208 4.989 4.223 3.247 3.033 3.685 4.166 4.072 4.508 5.015 5.122 5.27 5.183 5.285 5.412 5.473 5.444 5.41 5.36 5.357 5.352 5.291 5.207 5.248 4.96 4.847 5.037 5.267 5.387 5.439 -9999 -9999
-9999 -9999 -9999 -9999 -9999 -9999 -9999 -9999 -9999 -9999 -9999 -9999 -9999 -9999 -9999 -9999 -9999 -9999 -9999 -9999 -9999 -9999 -9999 -9999 -9999 -9999 -9999 -9999 -9999 -9999 -9999 -9999 -9999 -9999 5.82 5.651 5.686 5.623 5.403 5.196 5.431 5.409 5.472 5.495 5.576 5.628 5.335 4.675 3.914 2.828 2.53 3.422 3.624 4.036 4.738 4.891 5.303 5.428 5.272 5.372 5.473 5.451 5.415 5.371 5.353 5.366 5.288 5.257 5.24 5.152 4.665 4.754 5.007 5.239 5.373 5.434 -9999
-9999 -9999 -9999 -9999 -9999 -9999 -9999 -9999 -9999 -9999 -9999 -9999 -9999 -9999 -9999 -9999 -9999 -9999 -9999 -9999 -9999 -9999 -9999 -9999 -9999 -9999 -9999 -9999 -9999 -9999 -9999 -9999 -9999 -9999 -9999 5.749 5.754 5.716 5.449 5.547 5.556 5.636 5.736 5.827 6.073 6.081 5.746 5.192 4.278 3.288 2.377 2.243 3.066 3.712 4.381 4.922 4.961 5.252 5.208 5.244 5.413 5.425 5.409 5.378 5.339 5.288 5.23 5.205 5.222 5.118 4.799 4.58 4.768 4.977 5.213 5.361 5.294
