Validation/Results/ReClimate_01_2024_2_Temperature.asc
NCOLS 192
NROWS 249
XLLCENTER -225160.85627316462
YLLCENTER 29788.11610251502
CELLSIZE 5000.0
NODATA_VALUE -9999
[rows 102 to 135 of 249, columns 77 to 153 of 192]
-0.208 -0.209 -0.202 -0.197 -9999 -9999 -0.18 -9999 -9999 -0.164 -0.157 -0.151 -0.147 -0.144 -0.135 -0.128 -0.124 -0.121 -0.092 -0.059 -0.057 -0.058 -0.065 -0.077 -0.059 -0.04 -0.045 -0.053 -0.039 -0.023 -0.014 -0.004 -0.01 -0.02 -0.021 -0.025 -0.018 -0.013 -0.016 -0.024 -9999 -9999 -9999 -9999 -9999 -9999 -9999 -9999 -9999 -9999 -9999 -9999 -9999 -9999 -9999 -9999 -9999 -9999 -9999 -9999 -9999 -9999 -9999 -9999 -9999 -9999 -9999 -9999 -9999 -9999 -9999 -9999 -9999 -9999 -9999 -9999 -9999
-0.212 -0.219 -9999 -9999 -9999 -0.188 -0.178 -0.164 -0.153 -0.133 -0.126 -0.124 -0.122 -0.129 -0.114 -0.09 -0.088 -0.097 -0.076 -0.072 -0.07 -0.069 -0.069 -0.057 -0.049 -0.059 -0.054 -0.03 -0.016 -0.005 0.006 0.015 0.008 -0.007 -0.01 -9999 -9999 -0.023 -9999 -9999 -9999 -9999 -9999 -9999 -9999 -9999 -9999 -9999 -9999 -9999 -9999 -9999 -9999 -9999 -9999 -9999 -9999 -9999 -9999 -9999 -9999 -9999 -9999 -9999 -9999 -9999 -9999 -9999 -9999 -9999 -9999 -9999 -9999 -9999 -9999 -9999 -9999
-9999 -0.224 -9999 -9999 -9999 -0.185 -0.175 -0.163 -0.144 -0.124 -0.119 -0.116 -0.118 -0.124 -0.102 -0.076 -0.079 -0.086 -0.079 -0.076 -0.074 -0.073 -0.061 -0.049 -0.056 -0.067 -0.045 -0.021 -0.01 0.001 0.011 0.021 0.011 -0.003 -9999 -0.018 -0.021 -0.028 -0.022 -9999 -9999 -9999 -9999 -9999 -9999 -9999 -9999 -9999 -9999 -9999 -9999 -9999 -9999 -9999 -9999 -9999 -9999 -9999 -9999 -9999 -9999 -9999 -9999 -9999 -9999 -9999 -9999 -9999 -9999 -9999 -9999 -9999 -9999 -9999 -9999 -9999 -9999
-9999 -9999 -9999 -0.212 -0.206 -0.193 -0.176 -0.145 -0.132 -0.128 -0.123 -0.122 -0.123 -0.127 -0.105 -0.078 -0.075 -0.069 -0.062 -0.057 -0.052 -0.046 -0.04 -0.046 -0.049 -0.051 -0.028 -0.0 0.009 0.012 0.019 0.019 -9999 0.015 0.01 0.001 -0.001 -0.007 -0.016 -9999 -9999 -9999 -9999 -9999 -9999 -9999 -9999 -9999 -9999 -9999 -9999 -9999 -9999 -9999 -9999 -9999 -9999 -9999 -9999 -9999 -9999 -9999 -9999 -9999 -9999 -9999 -9999 -9999 -9999 -9999 -9999 -9999 -9999 -9999 -9999 -9999 -9999
-9999 -9999 -9999 -0.196 -0.204 -0.197 -0.171 -0.141 -0.136 -0.132 -0.128 -0.127 -0.127 -0.129 -0.104 -0.077 -0.069 -0.062 -0.054 -0.049 -0.042 -0.036 -0.038 -0.044 -0.043 -0.045 -0.02 0.007 0.012 0.016 0.018 0.018 0.021 0.022 0.017 0.008 0.006 0.0 0.001 -0.005 -9999 -9999 -9999 -9999 -9999 -9999 -9999 -9999 -9999 -9999 -9999 -9999 -9999 -9999 -9999 -9999 -9999 -9999 -9999 -9999 -9999 -9999 -9999 -9999 -9999 -9999 -9999 -9999 -9999 -9999 -9999 -9999 -9999 -9999 -9999 -9999 -9999
-9999 -9999 -0.207 -9999 -9999 -0.175 -0.159 -0.158 -0.15 -0.136 -9999 -9999 -0.12 -0.104 -0.084 -0.074 -0.062 -0.05 -0.044 -0.046 -0.037 -0.026 -0.031 -0.042 -0.037 -0.027 -0.011 -0.009 -0.001 0.014 0.018 0.024 0.027 0.026 0.024 0.023 0.022 0.017 0.014 -0.001 0.005 -9999 -9999 -9999 -9999 -9999 -9999 -9999 -9999 -9999 -9999 -9999 -9999 -9999 -9999 -9999 -9999 -9999 -9999 -9999 -9999 -9999 -9999 -9999 -9999 -9999 -9999 -9999 -9999 -9999 -9999 -9999 -9999 -9999 -9999 -9999 -9999
-9999 -9999 -0.205 -9999 -0.179 -0.168 -0.167 -0.167 -0.154 -0.14 -0.134 -0.128 -0.111 -0.095 -0.083 -0.073 -0.058 -0.044 -0.043 -0.045 -0.034 -0.023 -0.03 -0.041 -0.031 -0.02 -0.017 -0.016 -0.002 0.013 0.019 0.025 0.027 0.027 0.029 0.028 0.027 0.023 0.013 0.001 -9999 -9999 -9999 -9999 -9999 -9999 -9999 -9999 -9999 -9999 -9999 -9999 -9999 -9999 -9999 -9999 -9999 -9999 -9999 -9999 -9999 -9999 -9999 -9999 -9999 -9999 -9999 -9999 -9999 -9999 -9999 -9999 -9999 -9999 -9999 -9999 -9999
-9999 -9999 -0.202 -9999 -0.174 -0.155 -0.154 -0.158 -0.148 -9999 -0.13 -0.105 -9999 -0.097 -0.085 -0.071 -0.055 -0.038 -0.031 -0.017 -0.009 -0.01 -0.011 -0.009 -0.004 -0.011 -0.008 -0.006 0.008 0.023 0.026 0.019 0.024 0.033 0.031 0.017 -9999 -9999 -9999 -9999 -9999 -9999 -9999 -9999 -9999 -9999 -9999 -9999 -9999 -9999 -9999 -9999 -9999 -9999 -9999 -9999 -9999 -9999 -9999 -9999 -9999 -9999 -9999 -9999 -9999 -9999 -9999 -9999 -9999 -9999 -9999 -9999 -9999 -9999 -9999 -9999 -9999
-0.216 -0.21 -9999 -9999 -0.162 -0.152 -0.153 -0.156 -0.152 -0.147 -0.122 -0.097 -9999 -0.098 -0.084 -0.071 -0.053 -0.037 -0.021 -0.006 -0.004 -0.005 -0.0 0.003 -0.001 -0.008 -0.005 -0.002 0.012 0.026 0.023 0.016 0.026 0.036 0.019 -9999 -9999 -9999 -9999 -9999 -9999 -9999 -9999 -9999 -9999 -9999 -9999 -9999 -9999 -9999 -9999 -9999 -9999 -9999 -9999 -9999 -9999 -9999 -9999 -9999 -9999 -9999 -9999 -9999 -9999 -9999 -9999 -9999 -9999 -9999 -9999 -9999 -9999 -9999 -9999 -9999 -9999
-0.213 -0.2 -9999 -0.174 -0.162 -0.144 -0.144 -9999 -0.14 -0.151 -0.128 -0.103 -9999 -0.081 -0.068 -0.058 -0.039 -0.019 -0.009 -0.014 -0.009 -0.001 0.005 0.014 0.007 -0.009 -9999 -0.01 -0.001 0.003 0.005 0.02 0.023 0.012 -9999 -9999 -9999 -9999 -9999 -9999 -9999 -9999 -9999 -9999 -9999 -9999 -9999 -9999 -9999 -9999 -9999 -9999 -9999 -9999 -9999 -9999 -9999 -9999 -9999 -9999 -9999 -9999 -9999 -9999 -9999 -9999 -9999 -9999 -9999 -9999 -9999 -9999 -9999 -9999 -9999 -9999 -9999
-0.202 -9999 -9999 -0.171 -0.158 -0.148 -9999 -0.135 -0.143 -0.152 -0.13 -0.106 -9999 -0.074 -0.063 -0.053 -0.033 -0.013 -0.014 -0.018 -0.008 0.0 0.009 0.018 0.006 -0.01 -0.01 -0.013 -9999 -9999 0.008 0.022 -9999 -9999 -9999 -9999 -9999 -9999 0.009 0.003 0.005 -9999 -9999 -9999 -9999 -9999 -9999 -9999 -9999 -9999 -9999 -9999 -9999 -9999 -9999 -9999 -9999 -9999 -9999 -9999 -9999 -9999 -9999 -9999 -9999 -9999 -9999 -9999 -9999 -9999 -9999 -9999 -9999 -9999 -9999 -9999 -9999
-9999 -9999 -0.185 -0.174 -0.164 -0.162 -9999 -0.155 -0.151 -0.133 -0.116 -0.106 -9999 -9999 -9999 -0.058 -0.038 -0.018 -0.013 0.001 0.007 0.001 0.01 0.017 0.008 -0.0 -0.002 -0.008 -0.004 -0.002 0.007 0.008 -9999 -9999 -9999 -9999 -9999 0.031 0.018 0.038 0.039 0.027 -9999 -9999 -9999 -9999 -9999 -9999 -9999 -9999 -9999 -9999 -9999 -9999 -9999 -9999 -9999 -9999 -9999 -9999 -9999 -9999 -9999 -9999 -9999 -9999 -9999 -9999 -9999 -9999 -9999 -9999 -9999 -9999 -9999 -9999 -9999
-9999 -9999 -9999 -0.177 -0.173 -0.169 -9999 -0.162 -9999 -0.126 -0.115 -0.106 -9999 -0.077 -0.067 -0.06 -9999 -0.021 -0.007 0.006 0.006 0.001 0.009 0.016 0.011 0.004 0.001 -0.005 -0.001 0.002 0.004 0.005 0.012 0.014 0.025 -9999 0.04 0.04 0.049 0.056 0.049 0.04 0.038 0.038 -9999 -9999 -9999 -9999 -9999 -9999 -9999 -9999 -9999 -9999 -9999 -9999 -9999 -9999 -9999 -9999 -9999 -9999 -9999 -9999 -9999 -9999 -9999 -9999 -9999 -9999 -9999 -9999 -9999 -9999 -9999 -9999 -9999
-9999 -9999 -9999 -0.168 -0.166 -0.172 -9999 -0.139 -9999 -0.133 -0.118 -9999 -0.094 -0.084 -0.069 -0.047 -0.028 -0.011 -0.003 -0.007 -0.005 -0.002 0.008 0.017 0.017 0.021 0.02 0.019 0.02 0.01 0.014 0.02 0.026 0.03 0.037 0.034 0.044 0.056 0.06 0.056 0.05 0.042 0.05 0.073 0.052 0.065 0.083 -9999 -9999 -9999 -9999 -9999 -9999 -9999 -9999 -9999 -9999 -9999 -9999 -9999 -9999 -9999 -9999 -9999 -9999 -9999 -9999 -9999 -9999 -9999 -9999 -9999 -9999 -9999 -9999 -9999 -9999
-9999 -9999 -9999 -0.168 -0.17 -0.174 -0.153 -9999 -9999 -0.135 -0.115 -9999 -0.087 -0.086 -0.064 -0.043 -0.026 -0.009 -0.009 -0.013 -0.008 -0.003 0.008 0.018 0.024 0.03 0.031 0.031 0.025 0.016 0.022 0.028 0.035 0.038 0.038 0.036 0.049 0.066 0.064 0.061 0.056 0.049 0.071 0.096 0.091 0.077 0.086 0.102 -9999 -9999 -9999 -9999 -9999 -9999 -9999 -9999 -9999 -9999 -9999 -9999 -9999 -9999 -9999 -9999 -9999 -9999 -9999 -9999 -9999 -9999 -9999 -9999 -9999 -9999 -9999 -9999 -9999
-9999 -9999 -9999 -0.173 -0.171 -0.162 -0.147 -9999 -9999 -0.131 -0.111 -9999 -9999 -0.061 -0.04 -0.019 -0.008 -0.009 -0.006 -0.001 0.005 0.007 0.023 0.043 0.048 0.045 0.047 0.045 0.043 0.045 0.05 0.047 0.052 0.05 0.048 0.041 0.055 0.069 0.072 0.082 0.081 0.082 0.097 0.097 0.094 0.092 0.102 0.107 -9999 -9999 -9999 -9999 -9999 -9999 -9999 -9999 -9999 -9999 -9999 -9999 -9999 -9999 -9999 -9999 -9999 -9999 -9999 -9999 -9999 -9999 -9999 -9999 -9999 -9999 -9999 -9999 -9999
-9999 -9999 -9999 -0.177 -0.17 -0.159 -9999 -9999 -9999 -9999 -0.107 -9999 -0.069 -0.053 -0.033 -0.012 -0.01 -0.011 -0.004 0.003 0.008 0.012 0.033 0.054 0.055 0.053 0.054 0.053 0.056 0.059 0.059 0.057 0.058 0.057 0.053 0.049 0.061 0.074 0.084 0.094 0.097 0.1 0.102 0.102 0.103 0.103 0.108 0.114 0.126 -9999 -9999 -9999 -9999 -9999 -9999 -9999 -9999 -9999 -9999 -9999 -9999 -9999 -9999 -9999 -9999 -9999 -9999 -9999 -9999 -9999 -9999 -9999 -9999 -9999 -9999 -9999 -9999
-9999 -0.197 -0.193 -0.185 -0.173 -9999 -9999 -0.146 -9999 -9999 -9999 -9999 -0.075 -0.047 -0.03 -0.019 -0.015 -0.009 -0.005 -0.008 0.002 0.019 0.039 0.057 0.062 0.066 0.066 0.059 0.063 0.064 0.066 0.066 0.07 0.078 0.074 0.064 0.08 0.101 0.113 0.127 0.128 0.12 0.115 0.093 0.104 0.132 0.137 0.132 0.14 -9999 -9999 -9999 -9999 -9999 -9999 -9999 -9999 -9999 -9999 -9999 -9999 -9999 -9999 -9999 -9999 -9999 -9999 -9999 -9999 -9999 -9999 -9999 -9999 -9999 -9999 -9999 -9999
-9999 -9999 -0.198 -0.19 -0.175 -9999 -0.148 -0.147 -0.127 -9999 -9999 -9999 -9999 -0.046 -0.034 -0.024 -0.016 -0.01 -0.01 -0.011 0.006 0.023 0.041 0.059 0.068 0.073 0.071 0.065 0.068 0.069 0.073 0.072 0.08 0.09 0.084 0.075 0.093 0.115 0.128 0.142 0.137 0.13 0.114 0.093 0.118 0.147 0.146 0.143 0.155 0.154 -9999 -9999 -9999 -9999 -9999 -9999 -9999 -9999 -9999 -9999 -9999 -9999 -9999 -9999 -9999 -9999 -9999 -9999 -9999 -9999 -9999 -9999 -9999 -9999 -9999 -9999 -9999
-9999 -9999 -0.174 -0.171 -0.154 -9999 -0.135 -0.139 -0.112 -9999 -9999 -9999 -9999 -9999 -0.033 -0.021 -0.012 -0.001 0.004 0.01 0.024 0.03 0.04 0.036 0.05 0.076 0.078 0.087 0.09 0.088 0.088 0.081 0.089 0.095 0.1 0.121 0.136 0.14 0.15 0.155 0.152 0.147 0.142 0.146 0.159 0.147 0.155 0.177 0.181 0.172 0.166 -9999 -9999 -9999 -9999 -9999 -9999 -9999 -9999 -9999 -9999 -9999 -9999 -9999 -9999 -9999 -9999 -9999 -9999 -9999 -9999 -9999 -9999 -9999 -9999 -9999 -9999
-9999 -9999 -0.172 -0.165 -9999 -9999 -0.126 -0.136 -0.106 -0.096 -9999 -9999 -9999 -9999 -9999 -0.021 -0.009 0.003 0.012 0.019 0.027 0.034 0.033 0.029 0.054 0.079 0.088 0.098 0.099 0.096 0.092 0.087 0.093 0.099 0.119 0.14 0.146 0.151 0.156 0.161 0.159 0.156 0.162 0.169 0.161 0.149 0.17 0.193 0.196 0.194 0.18 0.176 0.182 -9999 -9999 -9999 -9999 -9999 -9999 -9999 -9999 -9999 -9999 -9999 -9999 -9999 -9999 -9999 -9999 -9999 -9999 -9999 -9999 -9999 -9999 -9999 -9999
-9999 -9999 -0.171 -0.14 -9999 -9999 -0.12 -0.116 -0.1 -9999 -9999 -9999 -9999 -9999 -9999 -0.024 -0.01 0.004 0.012 0.016 0.025 0.035 0.037 0.042 0.065 0.083 0.09 0.09 0.088 0.086 0.081 0.071 0.08 0.098 0.117 0.137 0.147 0.164 0.169 0.171 0.172 0.174 0.178 0.172 0.165 0.153 0.168 0.176 0.19 0.196 0.196 0.192 0.183 -9999 -9999 -9999 -9999 -9999 -9999 -9999 -9999 -9999 -9999 -9999 -9999 -9999 -9999 -9999 -9999 -9999 -9999 -9999 -9999 -9999 -9999 -9999 -9999
-9999 -9999 -0.147 -0.133 -9999 -9999 -9999 -0.112 -0.116 -0.124 -9999 -9999 -9999 -9999 -9999 -0.024 -0.009 0.005 0.012 0.017 0.027 0.036 0.044 0.049 0.069 0.088 0.089 0.087 0.086 0.085 0.078 0.068 0.083 0.1 0.118 0.138 0.153 0.17 0.174 0.176 0.18 0.183 0.18 0.175 0.168 0.157 0.164 0.167 0.179 0.193 0.193 0.192 0.186 -9999 -9999 -9999 -9999 -9999 -9999 -9999 -9999 -9999 -9999 -9999 -9999 -9999 -9999 -9999 -9999 -9999 -9999 -9999 -9999 -9999 -9999 -9999 -9999
-9999 -0.168 -0.149 -0.141 -9999 -9999 -9999 -9999 -9999 -9999 -9999 -9999 -9999 -9999 -9999 -0.017 -0.001 0.013 0.024 0.036 0.046 0.05 0.059 0.066 0.077 0.067 0.069 0.075 0.08 0.096 0.091 0.085 0.105 0.134 0.149 0.157 0.169 0.175 0.175 0.166 0.169 0.171 0.174 0.186 0.179 0.164 0.168 0.17 0.183 0.198 0.198 0.197 0.194 0.174 -9999 -9999 -9999 -9999 -9999 -9999 -9999 -9999 -9999 -9999 -9999 -9999 -9999 -9999 -9999 -9999 -9999 -9999 -9999 -9999 -9999 -9999 -9999
-0.172 -0.162 -0.157 -0.147 -9999 -9999 -9999 -9999 -9999 -9999 -9999 -9999 -9999 -0.048 -0.033 -0.014 0.003 0.018 0.032 0.045 0.053 0.058 0.068 0.076 0.071 0.059 0.066 0.072 0.086 0.102 0.099 0.094 0.12 0.149 0.157 0.165 0.171 0.177 0.171 0.163 0.166 0.168 0.179 0.192 0.182 0.165 0.168 0.169 0.181 0.196 0.196 0.195 0.192 0.165 -9999 -9999 -9999 -9999 -9999 -9999 -9999 -9999 -9999 -9999 -9999 -9999 -9999 -9999 -9999 -9999 -9999 -9999 -9999 -9999 -9999 -9999 -9999
-0.173 -0.168 -0.16 -9999 -9999 -9999 -9999 -9999 -9999 -9999 -9999 -9999 -9999 -0.047 -0.029 0.0 0.016 0.026 0.038 0.042 0.048 0.052 0.069 0.099 0.095 0.088 0.092 0.086 0.105 0.135 0.132 0.12 0.142 0.158 0.163 0.164 0.17 0.177 0.176 0.181 0.178 0.161 0.172 0.183 0.178 0.18 0.18 0.172 0.184 0.198 0.189 0.183 0.192 0.176 -9999 -9999 -9999 -9999 -9999 -9999 -9999 -9999 -9999 -9999 -9999 -9999 -9999 -9999 -9999 -9999 -9999 -9999 -9999 -9999 -9999 -9999 -9999
-9999 -9999 -9999 -9999 -9999 -9999 -9999 -9999 -9999 -9999 -9999 -9999 -9999 -0.043 -0.019 0.006 0.019 0.03 0.038 0.043 0.049 0.052 0.078 0.107 0.106 0.101 0.098 0.093 0.119 0.148 0.142 0.132 0.146 0.162 0.164 0.164 0.171 0.178 0.183 0.188 0.176 0.16 0.17 0.178 0.181 0.184 0.179 0.171 0.182 0.195 0.187 0.175 0.183 0.175 -9999 -9999 -9999 -9999 -9999 -9999 -9999 -9999 -9999 -9999 -9999 -9999 -9999 -9999 -9999 -9999 -9999 -9999 -9999 -9999 -9999 -9999 -9999
-9999 -9999 -9999 -9999 -9999 -9999 -9999 -9999 -9999 -9999 -9999 -9999 -0.051 -0.025 -0.005 0.004 0.023 0.049 0.06 0.069 0.079 0.088 0.106 0.107 0.116 0.137 0.135 0.12 0.141 0.154 0.153 0.159 0.172 0.176 0.176 0.172 0.18 0.188 0.193 0.193 0.191 0.201 0.205 0.19 0.196 0.206 0.199 0.185 0.181 0.185 0.192 0.19 0.183 0.177 -9999 -9999 -9999 -9999 -9999 -9999 -9999 -9999 -9999 -9999 -9999 -9999 -9999 -9999 -9999 -9999 -9999 -9999 -9999 -9999 -9999 -9999 -9999
-9999 -9999 -9999 -9999 -9999 -9999 -9999 -9999 -9999 -9999 -9999 -9999 -0.033 -0.017 -0.005 0.005 0.03 0.056 0.067 0.076 0.089 0.1 0.106 0.108 0.13 0.152 0.145 0.132 0.144 0.156 0.164 0.17 0.176 0.181 0.179 0.175 0.184 0.193 0.195 0.195 0.206 0.217 0.206 0.193 0.202 0.211 0.201 0.188 0.184 0.179 0.185 0.192 0.185 0.168 -9999 -9999 -9999 -9999 -9999 -9999 -9999 -9999 -9999 -9999 -9999 -9999 -9999 -9999 -9999 -9999 -9999 -9999 -9999 -9999 -9999 -9999 -9999
-9999 -9999 -9999 -9999 -9999 -9999 -9999 -9999 -9999 -9999 -9999 -0.043 -0.022 0.011 0.022 0.026 0.049 0.066 0.078 0.09 0.103 0.112 0.12 0.124 0.143 0.154 0.155 0.163 0.174 0.18 0.185 0.18 0.188 0.196 0.196 0.194 0.197 0.187 0.19 0.195 0.205 0.209 0.199 0.19 0.2 0.212 0.203 0.191 0.193 0.191 0.192 0.196 0.187 0.171 0.158 -9999 -9999 -9999 -9999 -9999 -9999 -9999 -9999 -9999 -9999 -9999 -9999 -9999 -9999 -9999 -9999 -9999 -9999 -9999 -9999 -9999 -9999
-9999 -9999 -9999 -9999 -9999 -9999 -9999 -9999 -9999 -9999 -0.052 -0.03 -0.005 0.018 0.026 0.031 0.049 0.067 0.081 0.093 0.104 0.114 0.122 0.129 0.142 0.154 0.167 0.176 0.183 0.19 0.188 0.184 0.193 0.202 0.203 0.202 0.195 0.186 0.191 0.196 0.202 0.203 0.197 0.188 0.198 0.209 0.201 0.19 0.192 0.192 0.193 0.193 0.183 0.169 0.158 -9999 -9999 -9999 -9999 -9999 -9999 -9999 -9999 -9999 -9999 -9999 -9999 -9999 -9999 -9999 -9999 -9999 -9999 -9999 -9999 -9999 -9999
-9999 -9999 -9999 -9999 -9999 -9999 -9999 -9999 -9999 -9999 -0.047 -0.034 -0.01 0.018 0.03 0.044 0.061 0.072 0.089 0.111 0.12 0.122 0.131 0.136 0.148 0.157 0.172 0.19 0.199 0.205 0.202 0.191 0.2 0.208 0.21 0.213 0.207 0.198 0.201 0.195 0.196 0.192 0.186 0.179 0.189 0.201 0.201 0.215 0.203 0.195 0.188 0.182 0.176 0.164 0.158 -9999 -9999 -9999 -9999 -9999 -9999 -9999 -9999 -9999 -9999 -9999 -9999 -9999 -9999 -9999 -9999 -9999 -9999 -9999 -9999 -9999 -9999
-9999 -9999 -9999 -9999 -9999 -9999 -9999 -9999 -9999 -0.066 -0.053 -0.039 -0.013 0.015 0.031 0.046 0.06 0.071 0.093 0.115 0.12 0.123 0.131 0.137 0.147 0.156 0.175 0.192 0.201 0.208 0.202 0.193 0.202 0.21 0.214 0.218 0.212 0.204 0.202 0.195 0.191 0.188 0.182 0.174 0.183 0.194 0.206 0.219 0.207 0.192 0.184 0.174 0.168 0.159 0.153 0.145 -9999 -9999 -9999 -9999 -9999 -9999 -9999 -9999 -9999 -9999 -9999 -9999 -9999 -9999 -9999 -9999 -9999 -9999 -9999 -9999 -9999
-9999 -9999 -9999 -9999 -9999 -9999 -9999 -9999 -0.076 -9999 -0.038 -0.015 0.006 0.013 0.033 0.058 0.069 0.072 0.09 0.099 0.112 0.139 0.148 0.15 0.162 0.173 0.183 0.175 0.185 0.198 0.189 0.179 0.188 0.204 0.204 0.206 0.204 0.206 0.204 0.197 0.193 0.185 0.183 0.19 0.195 0.193 0.202 0.209 0.208 0.2 0.182 0.166 0.165 0.159 0.155 0.142 -9999 -9999 -9999 -9999 -9999 -9999 -9999 -9999 -9999 -9999 -9999 -9999 -9999 -9999 -9999 -9999 -9999 -9999 -9999 -9999 -9999
