Validation/Results/ReClimate_06_2024_2_Precipitation-Actualsweatherlogisticsltd.asc
NCOLS 192
NROWS 249
XLLCENTER -225160.85627316462
YLLCENTER 29788.11610251502
CELLSIZE 5000.0
NODATA_VALUE -9999
[rows 99 to 131 of 249, columns 74 to 147 of 192]
173.819 169.381 174.922 173.833 183.965 194.216 199.724 207.114 -9999 -9999 126.494 220.855 223.115 265.385 240.745 244.77 244.685 198.395 188.773 176.085 179.831 174.998 159.438 141.571 134.217 139.137 126.01 128.344 129.039 128.859 127.31 127.901 129.932 132.775 126.939 122.655 109.862 101.51 106.74 107.699 108.921 107.286 110.082 112.054 106.21 -9999 -9999 -9999 -9999 -9999 -9999 -9999 -9999 -9999 -9999 -9999 -9999 -9999 -9999 -9999 -9999 -9999 -9999 -9999 -9999 -9999 -9999 -9999 -9999 -9999 -9999 -9999 -9999 -9999
158.855 186.961 167.053 -9999 -9999 168.581 190.231 -9999 -9999 -9999 142.487 195.501 283.356 276.51 296.944 250.922 205.74 196.392 212.679 205.912 179.956 173.595 152.937 154.661 161.729 140.962 115.964 148.15 165.183 152.075 130.277 127.602 123.346 125.351 114.543 114.319 105.509 115.02 134.46 130.392 123.348 119.917 118.553 108.562 106.605 -9999 -9999 -9999 -9999 -9999 -9999 -9999 -9999 -9999 -9999 -9999 -9999 -9999 -9999 -9999 -9999 -9999 -9999 -9999 -9999 -9999 -9999 -9999 -9999 -9999 -9999 -9999 -9999 -9999
160.993 -9999 170.937 177.933 197.983 -9999 -9999 -9999 -9999 170.31 171.878 232.391 252.302 259.253 265.067 236.014 221.187 234.972 256.89 214.576 216.824 163.466 165.023 170.42 135.437 112.49 156.674 192.938 178.189 132.325 135.248 129.61 126.074 112.013 111.121 108.119 114.813 139.97 126.941 123.253 117.644 117.884 107.289 96.029 -9999 -9999 -9999 -9999 -9999 -9999 -9999 -9999 -9999 -9999 -9999 -9999 -9999 -9999 -9999 -9999 -9999 -9999 -9999 -9999 -9999 -9999 -9999 -9999 -9999 -9999 -9999 -9999 -9999 -9999
170.945 219.259 258.636 296.616 307.345 224.665 181.951 -9999 -9999 166.487 -9999 -9999 189.794 272.312 262.857 211.09 230.117 279.049 239.954 249.833 228.97 195.164 168.804 131.277 150.802 169.138 199.735 183.614 153.992 169.577 158.96 129.882 112.905 106.298 106.778 113.337 132.381 112.494 111.041 115.988 107.941 107.523 96.34 -9999 -9999 -9999 -9999 -9999 -9999 -9999 -9999 -9999 -9999 -9999 -9999 -9999 -9999 -9999 -9999 -9999 -9999 -9999 -9999 -9999 -9999 -9999 -9999 -9999 -9999 -9999 -9999 -9999 -9999 -9999
200.683 220.284 262.625 323.73 278.193 -9999 -9999 -9999 167.151 184.383 179.01 185.818 208.661 238.117 201.439 168.863 236.935 241.279 222.052 203.599 187.591 179.403 165.872 176.19 149.378 173.94 164.695 165.645 174.525 148.907 136.692 119.981 111.601 109.564 107.017 112.112 102.622 93.337 -9999 -9999 102.833 -9999 -9999 -9999 -9999 -9999 -9999 -9999 -9999 -9999 -9999 -9999 -9999 -9999 -9999 -9999 -9999 -9999 -9999 -9999 -9999 -9999 -9999 -9999 -9999 -9999 -9999 -9999 -9999 -9999 -9999 -9999 -9999 -9999
190.875 212.031 259.527 -9999 245.511 -9999 -9999 -9999 176.724 197.013 201.142 196.199 188.742 206.455 199.725 239.927 258.534 233.644 210.767 202.683 206.984 170.679 170.545 145.083 160.179 167.247 147.891 136.256 116.269 123.081 110.769 106.934 109.235 103.655 96.319 97.927 89.076 -9999 102.923 99.623 102.511 101.417 -9999 -9999 -9999 -9999 -9999 -9999 -9999 -9999 -9999 -9999 -9999 -9999 -9999 -9999 -9999 -9999 -9999 -9999 -9999 -9999 -9999 -9999 -9999 -9999 -9999 -9999 -9999 -9999 -9999 -9999 -9999 -9999
-9999 187.466 -9999 -9999 -9999 -9999 201.213 194.61 201.962 203.831 210.772 201.697 213.443 241.061 243.828 253.257 243.897 251.199 215.545 235.973 193.256 205.81 172.541 188.273 208.239 158.341 128.916 135.429 127.438 109.98 107.244 101.442 103.206 95.421 93.378 -9999 95.136 103.226 100.014 98.604 93.826 104.256 -9999 -9999 -9999 -9999 -9999 -9999 -9999 -9999 -9999 -9999 -9999 -9999 -9999 -9999 -9999 -9999 -9999 -9999 -9999 -9999 -9999 -9999 -9999 -9999 -9999 -9999 -9999 -9999 -9999 -9999 -9999 -9999
-9999 -9999 -9999 -9999 -9999 -9999 193.365 189.294 193.547 208.085 206.43 191.852 225.071 212.939 213.711 236.916 279.108 252.646 229.242 225.06 226.539 187.726 183.828 214.485 183.511 179.419 187.26 148.983 129.774 122.185 109.766 118.231 120.394 113.849 115.567 110.597 101.112 102.143 112.662 115.068 109.472 110.518 107.396 -9999 -9999 -9999 -9999 -9999 -9999 -9999 -9999 -9999 -9999 -9999 -9999 -9999 -9999 -9999 -9999 -9999 -9999 -9999 -9999 -9999 -9999 -9999 -9999 -9999 -9999 -9999 -9999 -9999 -9999 -9999
-9999 -9999 -9999 -9999 -9999 188.54 -9999 -9999 184.786 205.336 198.504 215.391 214.645 -9999 -9999 254.278 291.201 287.884 227.055 224.683 204.417 181.171 183.412 175.247 157.536 164.371 145.114 137.046 129.65 137.414 151.714 161.915 141.745 129.76 121.437 115.386 113.604 107.002 118.201 110.999 122.032 117.31 108.848 101.312 -9999 -9999 -9999 -9999 -9999 -9999 -9999 -9999 -9999 -9999 -9999 -9999 -9999 -9999 -9999 -9999 -9999 -9999 -9999 -9999 -9999 -9999 -9999 -9999 -9999 -9999 -9999 -9999 -9999 -9999
-9999 -9999 -9999 -9999 -9999 177.56 -9999 168.383 178.013 185.521 240.145 262.65 202.099 190.144 226.87 256.355 260.792 204.695 218.518 237.781 180.968 170.185 173.007 157.504 139.869 130.282 124.354 123.97 148.462 187.004 181.954 162.469 140.889 124.309 117.158 115.962 108.824 111.289 107.295 105.334 102.396 105.46 102.291 -9999 -9999 -9999 -9999 -9999 -9999 -9999 -9999 -9999 -9999 -9999 -9999 -9999 -9999 -9999 -9999 -9999 -9999 -9999 -9999 -9999 -9999 -9999 -9999 -9999 -9999 -9999 -9999 -9999 -9999 -9999
-9999 -9999 -9999 -9999 -9999 166.582 -9999 158.862 151.853 192.442 219.74 187.484 -9999 217.924 217.341 -9999 219.206 209.756 215.724 180.47 199.954 166.932 138.773 125.82 111.406 104.587 114.535 117.079 145.648 136.48 131.395 125.621 128.815 127.021 115.012 108.833 103.307 102.868 100.066 -9999 -9999 -9999 -9999 -9999 -9999 -9999 -9999 -9999 -9999 -9999 -9999 -9999 -9999 -9999 -9999 -9999 -9999 -9999 -9999 -9999 -9999 -9999 -9999 -9999 -9999 -9999 -9999 -9999 -9999 -9999 -9999 -9999 -9999 -9999
-9999 -9999 -9999 160.763 162.238 -9999 -9999 145.43 163.416 186.368 176.702 174.71 229.091 214.54 237.798 -9999 179.784 193.753 183.076 172.832 170.886 156.616 134.07 123.929 113.192 128.209 126.736 109.313 107.084 109.958 110.193 117.844 125.413 125.653 114.467 109.888 108.516 101.864 -9999 -9999 -9999 -9999 -9999 -9999 -9999 -9999 -9999 -9999 -9999 -9999 -9999 -9999 -9999 -9999 -9999 -9999 -9999 -9999 -9999 -9999 -9999 -9999 -9999 -9999 -9999 -9999 -9999 -9999 -9999 -9999 -9999 -9999 -9999 -9999
-9999 -9999 150.133 154.724 154.871 -9999 152.563 172.428 185.761 180.349 -9999 217.205 214.814 231.636 238.433 -9999 179.582 192.586 168.173 141.672 140.86 127.11 131.185 132.467 127.467 154.06 136.819 117.777 110.352 -9999 99.655 106.543 110.326 107.347 110.84 119.935 109.977 -9999 -9999 -9999 -9999 -9999 -9999 -9999 -9999 -9999 -9999 -9999 -9999 -9999 -9999 -9999 -9999 -9999 -9999 -9999 -9999 -9999 -9999 -9999 -9999 -9999 -9999 -9999 -9999 -9999 -9999 -9999 -9999 -9999 -9999 -9999 -9999 -9999
-9999 -9999 144.098 146.789 -9999 -9999 168.393 188.974 182.692 -9999 189.76 211.739 217.245 225.542 217.55 -9999 161.738 150.473 141.718 135.192 134.904 132.764 141.899 172.599 183.218 174.438 156.538 125.427 109.095 102.275 93.579 -9999 -9999 95.973 95.32 -9999 -9999 -9999 -9999 -9999 -9999 95.952 96.889 95.166 -9999 -9999 -9999 -9999 -9999 -9999 -9999 -9999 -9999 -9999 -9999 -9999 -9999 -9999 -9999 -9999 -9999 -9999 -9999 -9999 -9999 -9999 -9999 -9999 -9999 -9999 -9999 -9999 -9999 -9999
-9999 158.83 172.136 -9999 -9999 167.569 176.101 164.645 188.074 -9999 185.321 206.952 195.713 192.367 207.048 -9999 -9999 -9999 138.348 137.397 138.886 145.681 157.93 163.671 164.946 151.933 139.026 120.733 112.553 107.617 102.08 96.967 96.174 96.205 92.009 -9999 -9999 -9999 -9999 -9999 98.214 96.678 98.679 93.414 92.404 -9999 -9999 -9999 -9999 -9999 -9999 -9999 -9999 -9999 -9999 -9999 -9999 -9999 -9999 -9999 -9999 -9999 -9999 -9999 -9999 -9999 -9999 -9999 -9999 -9999 -9999 -9999 -9999 -9999
177.543 193.745 170.578 -9999 -9999 -9999 140.548 176.134 172.501 -9999 169.021 -9999 171.453 189.525 171.159 -9999 142.659 147.564 141.716 -9999 127.523 123.479 128.978 134.162 129.012 133.245 131.208 123.697 119.708 113.451 106.689 105.446 104.704 94.444 90.621 88.051 91.983 101.86 -9999 100.663 98.938 97.615 97.038 103.379 104.602 107.076 88.529 -9999 -9999 -9999 -9999 -9999 -9999 -9999 -9999 -9999 -9999 -9999 -9999 -9999 -9999 -9999 -9999 -9999 -9999 -9999 -9999 -9999 -9999 -9999 -9999 -9999 -9999 -9999
175.192 175.628 -9999 -9999 -9999 -9999 160.811 184.503 154.11 -9999 145.781 -9999 157.877 153.786 -9999 160.092 170.7 173.759 148.358 122.481 110.67 106.268 108.116 109.782 119.287 119.377 119.907 123.966 119.189 117.172 110.835 108.017 104.295 94.13 96.505 95.231 98.929 95.197 95.275 98.085 96.451 96.939 99.376 110.001 109.148 118.302 110.346 97.586 89.283 91.37 -9999 -9999 -9999 -9999 -9999 -9999 -9999 -9999 -9999 -9999 -9999 -9999 -9999 -9999 -9999 -9999 -9999 -9999 -9999 -9999 -9999 -9999 -9999 -9999
-9999 144.751 -9999 -9999 -9999 -9999 153.803 151.754 160.075 161.761 -9999 -9999 132.953 140.283 -9999 153.901 187.146 197.534 160.12 135.39 114.377 106.52 99.107 97.948 102.107 102.29 111.975 119.538 126.286 124.283 116.532 110.449 108.277 111.271 112.88 116.987 106.666 93.114 96.629 98.832 91.227 106.073 125.842 126.17 119.48 119.236 111.975 112.644 107.438 91.937 91.686 -9999 -9999 -9999 -9999 -9999 -9999 -9999 -9999 -9999 -9999 -9999 -9999 -9999 -9999 -9999 -9999 -9999 -9999 -9999 -9999 -9999 -9999 -9999
156.0 -9999 -9999 -9999 -9999 -9999 135.003 147.019 166.866 145.793 -9999 -9999 133.13 133.644 -9999 -9999 185.172 178.373 154.89 141.073 135.052 119.114 104.193 103.866 108.917 99.039 101.269 115.591 122.346 127.017 126.141 128.194 122.729 127.089 129.219 115.349 100.844 100.282 102.987 98.615 107.27 125.743 128.253 129.505 120.267 113.503 106.35 98.914 97.154 91.193 93.224 -9999 -9999 -9999 -9999 -9999 -9999 -9999 -9999 -9999 -9999 -9999 -9999 -9999 -9999 -9999 -9999 -9999 -9999 -9999 -9999 -9999 -9999 -9999
148.526 -9999 -9999 -9999 -9999 -9999 127.568 149.362 158.721 -9999 -9999 -9999 -9999 128.987 -9999 137.436 166.425 160.107 144.212 144.34 145.812 140.077 128.42 123.456 111.279 104.617 103.17 104.652 112.582 120.498 126.443 123.733 125.78 128.425 115.425 107.179 105.157 108.654 120.161 110.386 107.28 109.888 110.727 113.052 112.338 109.128 101.427 95.567 97.789 94.933 94.912 91.818 -9999 -9999 -9999 -9999 -9999 -9999 -9999 -9999 -9999 -9999 -9999 -9999 -9999 -9999 -9999 -9999 -9999 -9999 -9999 -9999 -9999 -9999
140.507 -9999 -9999 -9999 139.943 137.835 143.021 153.09 -9999 -9999 173.346 -9999 -9999 -9999 -9999 132.926 146.855 142.69 138.374 139.662 144.999 154.699 155.552 140.521 127.614 114.09 107.665 95.961 89.644 110.502 109.928 108.228 115.416 109.646 111.373 122.349 122.751 139.179 141.639 121.633 111.511 103.32 91.753 101.654 103.084 108.157 103.303 92.445 90.397 94.315 88.82 84.84 -9999 -9999 -9999 -9999 -9999 -9999 -9999 -9999 -9999 -9999 -9999 -9999 -9999 -9999 -9999 -9999 -9999 -9999 -9999 -9999 -9999 -9999
-9999 -9999 -9999 -9999 -9999 151.865 157.656 167.597 -9999 170.935 192.738 188.978 -9999 -9999 -9999 -9999 122.705 125.398 126.474 130.114 137.37 148.594 153.279 139.98 129.021 114.727 104.032 91.917 102.6 98.405 97.273 104.323 112.413 111.649 122.795 111.688 123.338 127.078 127.499 128.687 120.855 101.304 99.309 96.0 93.816 96.91 92.19 85.276 88.474 93.79 95.117 86.122 86.567 -9999 -9999 -9999 -9999 -9999 -9999 -9999 -9999 -9999 -9999 -9999 -9999 -9999 -9999 -9999 -9999 -9999 -9999 -9999 -9999 -9999
-9999 -9999 -9999 -9999 -9999 163.621 178.037 187.357 -9999 152.098 191.664 191.67 -9999 -9999 -9999 -9999 -9999 110.143 114.049 119.415 124.16 131.951 127.375 132.102 131.406 133.569 122.605 110.791 98.795 96.882 97.498 101.82 100.775 106.977 110.718 111.325 112.539 116.809 112.201 101.492 101.185 96.548 104.542 94.722 93.017 91.744 83.523 84.638 85.199 89.904 91.446 96.426 88.453 86.552 -9999 -9999 -9999 -9999 -9999 -9999 -9999 -9999 -9999 -9999 -9999 -9999 -9999 -9999 -9999 -9999 -9999 -9999 -9999 -9999
-9999 -9999 -9999 -9999 -9999 174.421 195.808 -9999 -9999 142.647 180.235 192.426 157.924 -9999 -9999 -9999 -9999 -9999 102.642 116.773 126.692 125.499 136.541 145.729 145.464 142.513 128.226 116.389 107.048 109.19 103.662 102.448 109.54 120.024 115.906 141.85 118.259 111.551 98.266 117.361 112.598 107.904 99.445 93.731 90.033 86.915 89.54 93.875 95.851 86.867 89.509 86.337 99.111 90.436 86.987 81.516 -9999 -9999 -9999 -9999 -9999 -9999 -9999 -9999 -9999 -9999 -9999 -9999 -9999 -9999 -9999 -9999 -9999 -9999
-9999 -9999 -9999 -9999 -9999 192.608 166.73 -9999 -9999 160.534 185.725 177.121 -9999 -9999 -9999 -9999 -9999 -9999 100.425 108.172 116.519 120.492 129.768 130.198 131.694 128.441 125.031 127.803 119.851 116.843 116.073 128.083 147.521 132.734 150.23 156.937 138.172 110.274 117.344 110.807 100.941 98.256 86.949 90.757 93.502 95.244 89.852 91.368 96.938 111.612 107.576 95.601 98.227 100.906 90.61 85.54 -9999 -9999 -9999 -9999 -9999 -9999 -9999 -9999 -9999 -9999 -9999 -9999 -9999 -9999 -9999 -9999 -9999 -9999
-9999 -9999 -9999 -9999 -9999 183.973 142.766 -9999 -9999 -9999 154.871 153.321 144.176 -9999 -9999 -9999 -9999 -9999 96.348 104.894 107.939 110.695 114.868 119.221 129.571 140.807 149.414 132.642 133.189 129.812 114.995 125.019 135.496 139.339 170.129 153.666 126.31 128.971 118.217 104.776 108.624 93.832 96.913 92.727 91.244 98.498 98.17 99.233 115.55 134.845 126.501 109.674 96.954 96.821 96.403 90.332 -9999 -9999 -9999 -9999 -9999 -9999 -9999 -9999 -9999 -9999 -9999 -9999 -9999 -9999 -9999 -9999 -9999 -9999
-9999 -9999 -9999 -9999 206.011 178.37 155.979 -9999 -9999 -9999 -9999 -9999 -9999 -9999 -9999 -9999 -9999 -9999 107.598 110.601 110.725 110.177 113.313 114.553 122.868 137.71 147.825 140.714 140.843 138.643 131.408 139.742 148.6 172.186 177.246 160.956 140.439 137.003 124.497 121.4 108.151 105.796 98.008 100.51 103.241 98.968 105.621 115.539 136.106 133.557 132.193 105.56 90.562 90.781 93.158 92.706 81.079 -9999 -9999 -9999 -9999 -9999 -9999 -9999 -9999 -9999 -9999 -9999 -9999 -9999 -9999 -9999 -9999 -9999
-9999 -9999 -9999 213.202 207.73 194.377 168.607 -9999 -9999 -9999 -9999 -9999 -9999 -9999 -9999 -9999 114.193 111.894 112.565 120.75 129.204 131.893 126.866 127.169 131.516 134.609 131.653 140.637 156.784 154.736 155.049 149.349 148.729 156.747 179.825 155.849 157.966 136.989 127.722 115.557 104.833 98.354 113.545 114.135 97.813 102.511 111.661 127.293 121.996 123.191 125.949 109.04 87.23 88.005 94.062 90.135 87.083 -9999 -9999 -9999 -9999 -9999 -9999 -9999 -9999 -9999 -9999 -9999 -9999 -9999 -9999 -9999 -9999 -9999
-9999 -9999 -9999 211.744 182.778 156.465 -9999 -9999 -9999 -9999 -9999 -9999 -9999 -9999 -9999 -9999 115.257 110.984 118.107 132.643 140.652 136.133 152.136 165.262 153.871 144.07 136.72 134.237 142.13 158.641 162.671 148.735 137.421 146.572 159.214 178.494 158.533 149.183 132.173 122.023 106.717 113.7 119.893 106.932 99.84 114.218 130.567 127.917 114.812 107.894 101.631 99.784 104.006 105.677 97.588 91.891 88.291 -9999 -9999 -9999 -9999 -9999 -9999 -9999 -9999 -9999 -9999 -9999 -9999 -9999 -9999 -9999 -9999 -9999
-9999 -9999 -9999 -9999 -9999 -9999 -9999 -9999 -9999 -9999 -9999 -9999 -9999 -9999 -9999 -9999 117.895 118.135 134.95 139.691 144.47 145.226 170.666 177.301 186.729 159.973 137.932 132.612 142.669 158.425 183.918 165.398 131.653 130.85 159.603 175.103 163.85 152.133 151.605 133.949 139.051 142.359 132.495 129.424 133.92 139.206 115.882 111.816 106.952 103.607 106.623 93.673 93.126 97.656 94.62 87.67 83.355 -9999 -9999 -9999 -9999 -9999 -9999 -9999 -9999 -9999 -9999 -9999 -9999 -9999 -9999 -9999 -9999 -9999
-9999 -9999 -9999 -9999 -9999 -9999 -9999 -9999 -9999 -9999 -9999 -9999 -9999 -9999 -9999 129.953 135.491 146.501 146.362 156.942 143.236 148.246 157.508 186.424 176.666 161.165 143.533 136.053 121.636 136.489 152.201 155.589 141.086 128.857 148.542 165.392 163.799 158.192 157.688 162.13 147.743 150.777 140.417 137.004 155.082 128.926 128.216 114.824 101.388 108.92 109.851 108.037 92.28 84.95 83.341 84.057 84.491 -9999 -9999 -9999 -9999 -9999 -9999 -9999 -9999 -9999 -9999 -9999 -9999 -9999 -9999 -9999 -9999 -9999
-9999 -9999 -9999 -9999 -9999 -9999 -9999 -9999 -9999 -9999 -9999 -9999 -9999 -9999 -9999 145.172 150.81 159.391 182.362 171.087 151.44 155.762 175.297 155.732 158.833 150.916 139.577 126.817 107.909 116.47 140.614 153.85 150.897 124.485 139.626 151.063 150.258 153.877 169.7 143.09 160.254 148.835 135.752 158.06 132.745 133.821 127.033 109.645 110.031 105.029 103.195 107.307 98.704 89.488 87.934 86.593 83.365 -9999 -9999 -9999 -9999 -9999 -9999 -9999 -9999 -9999 -9999 -9999 -9999 -9999 -9999 -9999 -9999 -9999
-9999 -9999 -9999 -9999 -9999 -9999 -9999 -9999 -9999 -9999 -9999 -9999 -9999 -9999 147.619 154.361 155.915 186.507 193.716 192.253 200.213 196.52 178.582 149.412 144.707 140.73 137.549 129.202 116.945 119.741 132.388 135.908 118.123 118.513 128.872 148.761 151.084 169.287 149.18 150.656 161.557 142.759 151.426 148.215 129.491 128.419 119.065 119.293 116.602 111.4 108.564 99.438 92.438 86.032 85.075 86.432 85.879 83.479 -9999 -9999 -9999 -9999 -9999 -9999 -9999 -9999 -9999 -9999 -9999 -9999 -9999 -9999 -9999 -9999
