Validation/Results/ReClimate_12_2023_1_Temperature-Actualsweatherlogisticsltd.asc
NCOLS 192
NROWS 249
XLLCENTER -225160.85627316462
YLLCENTER 29788.11610251502
CELLSIZE 5000.0
NODATA_VALUE -9999
[rows 204 to 237 of 249, columns 77 to 153 of 192]
-9999 -9999 8.671 -9999 8.146 7.75 7.434 7.094 6.985 6.796 6.791 6.748 6.508 6.335 6.065 6.534 6.436 6.486 6.677 6.911 6.871 6.882 6.371 5.902 4.865 4.344 5.619 5.495 5.592 5.143 5.551 6.359 5.848 4.758 6.077 6.303 6.198 6.219 6.693 7.041 6.888 6.621 6.72 7.045 7.191 7.307 7.203 6.899 6.311 6.001 5.898 6.072 6.185 6.309 6.248 6.007 6.086 6.234 6.388 6.46 6.472 6.416 6.279 6.283 6.346 6.331 6.419 6.456 6.368 6.393 6.328 6.37 6.532 6.505 6.437 6.336 6.321
-9999 -9999 -9999 -9999 -9999 -9999 7.396 7.487 7.298 7.129 7.063 6.921 6.718 6.472 6.733 6.716 6.783 6.804 6.725 6.897 6.69 6.577 5.88 5.176 4.456 4.713 4.659 4.975 4.384 4.517 5.861 5.877 5.822 6.685 6.101 6.254 6.673 6.897 7.095 6.762 6.504 6.226 6.666 7.125 7.233 7.295 7.201 6.587 5.925 5.817 5.841 6.102 6.087 6.224 6.175 6.295 6.339 6.503 6.646 6.691 6.619 6.512 6.443 6.434 6.507 6.537 6.445 6.331 6.197 6.222 6.388 6.376 6.499 6.445 6.534 6.633 6.564
-9999 -9999 -9999 -9999 -9999 -9999 7.707 7.528 7.402 7.36 6.947 6.71 6.521 6.748 6.911 6.959 7.041 6.649 6.53 6.77 6.888 6.806 6.194 5.966 5.825 5.625 5.371 5.181 4.684 4.995 4.717 5.322 5.977 5.8 5.542 6.724 6.907 7.038 6.645 6.579 6.135 6.43 6.777 7.208 7.216 7.019 6.283 5.863 5.898 6.032 5.957 6.053 6.128 6.2 6.369 6.336 6.588 6.75 6.902 6.907 6.712 6.536 6.432 6.474 6.599 6.597 6.453 6.118 6.161 6.208 6.241 6.446 6.536 6.623 6.711 6.886 6.741
-9999 -9999 -9999 -9999 8.384 8.122 7.882 7.643 -9999 7.419 7.276 7.151 7.351 7.381 7.415 -9999 7.101 6.787 6.854 6.546 7.0 6.252 6.26 6.099 5.936 5.931 6.186 5.789 5.485 5.329 5.238 5.468 5.85 5.091 5.942 6.757 6.703 6.955 6.85 6.404 6.517 6.766 7.066 7.178 7.036 6.376 6.27 5.982 6.058 6.02 6.192 6.256 6.28 6.399 6.529 6.595 6.736 6.769 7.002 6.968 6.839 6.687 6.625 6.581 6.584 6.488 6.234 6.116 6.063 6.288 6.358 6.473 6.595 6.606 6.644 6.925 6.864
-9999 -9999 -9999 -9999 8.361 -9999 -9999 -9999 7.711 7.665 7.607 -9999 -9999 -9999 -9999 -9999 7.29 7.082 6.698 7.269 6.986 6.818 6.726 6.508 6.65 6.728 5.345 5.276 6.03 5.99 5.895 5.768 5.379 5.487 6.508 6.599 6.913 6.904 6.346 6.704 6.826 7.243 7.248 7.235 6.852 6.403 6.388 6.132 6.247 6.364 6.384 6.459 6.564 6.612 6.68 6.707 6.777 6.757 6.84 6.981 6.751 6.71 6.636 6.59 6.41 6.338 6.227 6.074 6.147 6.425 6.585 6.624 6.603 6.593 6.701 6.89 6.918
-9999 -9999 -9999 -9999 -9999 -9999 8.167 7.953 7.844 8.038 7.94 -9999 -9999 -9999 -9999 -9999 -9999 -9999 -9999 7.55 7.427 7.443 7.605 7.253 6.919 5.676 5.229 5.213 5.402 5.754 5.844 5.862 5.928 5.92 6.249 6.874 6.94 6.171 6.577 6.767 7.472 7.448 7.371 7.313 6.595 6.477 6.331 6.314 6.415 6.542 6.608 6.649 6.649 6.69 6.629 6.679 6.764 6.831 6.824 6.909 6.773 6.64 6.436 6.335 6.456 6.265 6.207 6.258 6.35 6.516 6.702 6.605 6.616 6.787 7.067 7.208 6.945
-9999 -9999 -9999 -9999 -9999 -9999 -9999 8.051 -9999 -9999 -9999 -9999 -9999 -9999 -9999 -9999 -9999 7.55 7.537 7.458 7.476 7.904 8.024 7.751 6.952 6.248 5.525 5.284 5.653 6.356 6.177 5.837 5.974 6.188 6.858 7.165 6.843 6.654 6.971 7.406 -9999 7.453 7.332 6.964 6.291 6.259 6.415 6.484 6.608 6.631 6.716 6.69 6.677 6.642 6.725 6.759 6.847 6.859 6.876 6.797 6.669 6.481 6.216 6.21 6.281 6.567 6.458 6.446 6.61 6.686 6.824 6.868 6.762 6.976 7.344 7.529 7.405
-9999 -9999 -9999 -9999 -9999 -9999 -9999 -9999 -9999 -9999 -9999 -9999 -9999 -9999 -9999 -9999 -9999 7.835 7.73 7.861 7.881 -9999 -9999 -9999 7.515 6.46 6.471 6.201 6.537 6.478 6.018 6.131 6.666 6.926 7.13 7.387 7.283 7.441 7.585 -9999 7.511 7.178 7.098 6.564 6.219 6.484 6.568 6.676 6.667 6.634 6.712 6.745 6.7 6.669 6.573 6.639 6.716 6.674 6.769 6.839 6.635 6.244 6.247 6.275 6.476 6.7 6.786 6.664 6.801 6.946 7.019 7.131 7.174 6.99 7.365 7.667 7.635
-9999 -9999 -9999 -9999 -9999 -9999 -9999 -9999 -9999 -9999 -9999 -9999 -9999 -9999 -9999 -9999 -9999 -9999 -9999 -9999 -9999 -9999 -9999 -9999 8.067 7.391 6.79 6.817 6.926 6.816 6.627 6.824 7.11 7.339 7.546 7.714 7.831 -9999 -9999 7.766 7.405 7.125 6.958 6.54 6.388 6.557 6.631 6.752 6.821 6.657 6.697 6.732 6.51 6.3 6.227 6.169 6.135 6.348 6.481 6.623 6.62 6.43 6.342 6.555 6.551 6.737 6.967 6.929 6.951 7.01 7.15 7.295 7.415 7.581 7.646 7.834 7.781
-9999 -9999 -9999 -9999 -9999 -9999 -9999 -9999 -9999 -9999 -9999 -9999 -9999 -9999 -9999 -9999 -9999 -9999 -9999 -9999 -9999 -9999 -9999 -9999 7.919 7.597 7.393 7.262 6.931 6.824 7.004 7.241 7.546 7.716 -9999 -9999 -9999 -9999 -9999 7.716 7.32 7.141 6.994 6.611 6.445 6.563 6.583 6.735 6.816 6.67 6.443 6.482 6.225 6.042 5.968 6.061 6.096 6.162 6.443 6.475 6.7 6.805 6.677 6.872 6.88 6.925 7.058 7.105 7.198 7.266 7.293 7.314 7.469 7.701 7.884 7.912 7.678
-9999 -9999 -9999 -9999 -9999 -9999 -9999 -9999 -9999 -9999 -9999 -9999 -9999 -9999 -9999 -9999 -9999 -9999 -9999 -9999 -9999 -9999 -9999 -9999 -9999 -9999 7.652 7.117 6.818 6.975 7.104 7.472 7.775 -9999 -9999 -9999 -9999 7.783 7.5 7.346 7.531 7.38 7.094 6.534 6.463 6.476 6.561 6.721 6.745 6.477 6.203 6.151 6.216 6.065 6.092 6.093 6.351 6.43 6.495 6.675 6.718 6.948 7.109 7.054 7.041 7.026 7.028 6.998 7.177 7.382 7.454 7.502 7.455 7.582 7.671 7.721 7.577
-9999 -9999 -9999 -9999 -9999 -9999 -9999 -9999 -9999 -9999 -9999 -9999 -9999 -9999 -9999 -9999 -9999 -9999 -9999 -9999 -9999 -9999 -9999 -9999 -9999 -9999 -9999 7.517 7.229 7.287 7.461 7.746 -9999 -9999 -9999 -9999 7.748 7.55 7.273 7.196 7.233 7.302 7.162 6.884 6.875 6.558 6.636 6.689 6.457 6.327 6.271 6.122 6.253 6.295 6.355 6.431 6.532 6.665 6.64 6.631 6.754 6.91 6.956 6.977 6.899 6.96 7.0 6.984 7.065 7.314 7.439 7.497 7.53 7.511 7.493 7.367 7.294
-9999 -9999 -9999 -9999 -9999 -9999 -9999 -9999 -9999 -9999 -9999 -9999 -9999 -9999 -9999 -9999 -9999 -9999 -9999 -9999 -9999 -9999 -9999 -9999 -9999 -9999 -9999 -9999 -9999 -9999 -9999 -9999 -9999 -9999 -9999 7.563 7.619 7.465 7.188 7.008 7.26 7.22 6.99 7.069 6.841 6.674 6.875 6.728 6.521 6.374 6.334 6.343 6.246 6.301 6.365 6.244 6.419 6.511 6.573 6.58 6.6 6.778 6.864 6.82 6.778 6.761 6.896 7.013 7.104 7.21 7.308 7.278 7.301 7.269 7.268 6.983 6.752
-9999 -9999 -9999 -9999 -9999 -9999 -9999 -9999 -9999 -9999 -9999 -9999 -9999 -9999 -9999 -9999 -9999 -9999 -9999 -9999 -9999 -9999 -9999 -9999 -9999 -9999 -9999 -9999 -9999 -9999 -9999 -9999 -9999 -9999 7.675 7.571 7.279 7.132 6.347 6.812 7.177 6.982 6.909 6.874 6.682 6.811 6.866 6.858 6.68 6.5 6.495 6.23 6.117 5.984 6.134 6.243 5.989 6.227 6.376 6.523 6.648 6.755 6.828 6.805 6.782 6.805 6.812 6.938 7.077 7.144 7.126 7.022 6.773 6.844 6.809 6.649 6.286
-9999 -9999 -9999 -9999 -9999 -9999 -9999 -9999 -9999 -9999 -9999 -9999 -9999 -9999 -9999 -9999 -9999 -9999 -9999 -9999 -9999 -9999 -9999 -9999 -9999 -9999 -9999 -9999 -9999 -9999 -9999 -9999 -9999 -9999 7.776 7.597 7.583 7.117 6.737 6.524 6.615 6.719 6.8 6.655 6.811 6.793 6.812 6.546 6.316 6.278 6.398 6.381 6.236 6.248 6.133 6.227 6.308 6.266 6.391 6.473 6.623 6.786 6.838 6.83 6.762 6.752 6.839 6.908 6.971 6.926 6.667 6.6 6.493 6.472 6.659 6.57 6.324
-9999 -9999 -9999 -9999 -9999 -9999 -9999 -9999 -9999 -9999 -9999 -9999 -9999 -9999 -9999 -9999 -9999 -9999 -9999 -9999 -9999 6.306 6.054 5.648 5.986 -9999 6.563 -9999 -9999 -9999 -9999 -9999 -9999 -9999 -9999 7.796 7.669 7.459 7.207 6.904 6.54 6.456 6.535 6.782 6.78 6.743 6.481 6.306 6.429 6.409 6.513 6.489 6.412 6.503 6.605 6.626 6.543 6.593 6.501 6.4 6.311 6.487 6.663 6.644 6.612 6.655 6.668 6.768 6.892 6.788 6.509 6.417 6.59 6.536 6.625 6.688 6.688
-9999 -9999 -9999 -9999 -9999 -9999 -9999 -9999 -9999 -9999 -9999 -9999 -9999 -9999 -9999 -9999 -9999 -9999 7.532 7.224 6.724 6.16 5.546 5.361 5.661 5.826 6.346 7.138 7.758 -9999 -9999 7.615 7.946 8.042 8.008 7.809 7.683 7.701 7.542 7.247 6.889 6.575 6.656 6.812 6.743 6.356 6.553 6.728 6.543 6.611 6.702 6.7 6.601 6.612 6.717 6.758 6.851 6.788 6.641 6.47 6.433 6.31 6.326 6.493 6.581 6.677 6.835 6.734 6.83 6.428 6.321 6.406 6.563 6.658 6.68 6.79 6.733
-9999 -9999 -9999 -9999 -9999 -9999 -9999 -9999 -9999 -9999 -9999 -9999 -9999 -9999 -9999 -9999 -9999 7.464 7.529 7.313 6.958 6.298 5.459 5.217 5.477 5.738 6.089 6.437 7.107 7.551 7.451 7.363 7.333 7.771 7.79 7.766 7.619 7.485 7.582 7.372 6.915 6.841 6.864 6.731 6.258 6.584 6.524 6.626 6.717 6.763 6.816 6.759 6.579 6.669 6.709 6.792 6.779 6.827 6.699 6.545 6.365 6.221 6.391 6.554 6.675 6.453 6.596 6.849 6.822 6.859 6.472 6.54 6.586 6.622 6.646 6.639 6.743
-9999 -9999 -9999 -9999 -9999 -9999 -9999 -9999 -9999 -9999 -9999 -9999 -9999 -9999 -9999 -9999 -9999 7.459 7.711 7.785 7.346 6.486 6.036 5.782 5.579 5.891 6.196 6.496 6.409 6.504 6.887 7.063 7.194 7.146 7.569 7.733 7.603 7.613 7.405 7.217 7.259 7.212 7.011 6.619 6.623 6.607 6.489 6.708 6.773 6.829 6.814 6.733 6.562 6.533 6.838 6.906 6.92 6.947 6.892 6.772 6.622 6.349 6.275 6.62 6.729 6.628 6.473 6.748 7.004 7.09 7.038 6.873 6.593 6.525 6.556 6.53 6.394
-9999 -9999 -9999 -9999 -9999 -9999 -9999 -9999 -9999 -9999 -9999 -9999 -9999 -9999 -9999 -9999 -9999 7.777 8.015 7.691 7.473 6.994 6.945 6.593 6.563 6.53 6.56 6.544 6.236 6.478 7.095 7.286 7.318 7.492 7.701 7.761 7.696 7.47 7.251 7.302 7.273 7.161 6.883 6.871 6.811 6.756 6.714 6.766 6.647 6.662 6.82 6.951 6.877 6.867 6.959 6.938 6.973 7.089 6.866 6.76 6.781 6.49 6.185 6.525 6.827 6.788 6.765 6.92 7.163 7.342 7.232 6.969 6.771 6.712 6.766 6.763 6.683
-9999 -9999 -9999 -9999 -9999 -9999 -9999 -9999 -9999 -9999 -9999 -9999 -9999 7.901 7.429 -9999 7.666 7.988 7.599 7.401 7.456 7.538 7.338 7.177 6.798 6.548 6.584 6.713 6.744 6.986 7.297 7.549 7.551 7.506 7.533 7.632 7.714 7.535 7.414 7.303 7.203 6.896 7.054 7.0 6.862 6.617 6.507 6.617 6.483 6.537 6.758 7.015 7.037 7.045 7.084 7.22 7.164 7.228 7.092 6.736 6.851 6.776 6.702 6.719 7.014 7.032 6.928 6.995 7.237 7.44 7.453 7.255 7.106 7.049 7.05 7.009 7.045
-9999 -9999 -9999 -9999 -9999 -9999 -9999 -9999 -9999 -9999 -9999 -9999 -9999 7.642 7.17 7.342 7.516 7.521 7.344 7.509 7.271 7.186 7.209 6.794 6.714 6.601 6.556 6.781 6.808 7.0 7.3 7.045 6.82 7.026 7.356 7.686 7.743 7.521 7.33 7.164 7.057 6.963 7.114 6.965 7.005 6.913 6.726 6.605 6.679 6.697 6.894 6.985 7.03 7.075 7.348 7.426 7.468 7.513 7.364 7.038 6.917 6.836 6.694 6.723 6.544 6.791 6.942 7.001 7.23 7.38 7.353 7.279 7.249 7.275 7.215 7.2 7.195
-9999 -9999 -9999 -9999 -9999 -9999 -9999 -9999 -9999 -9999 -9999 -9999 8.009 7.535 7.244 7.167 7.202 7.29 7.37 7.345 7.241 7.305 7.232 6.952 6.875 6.652 6.69 6.892 7.226 7.43 7.166 6.66 6.724 6.818 7.057 7.573 7.579 7.49 7.434 7.262 7.149 7.074 7.087 7.124 7.228 7.142 6.829 6.97 6.946 6.985 7.009 7.052 7.027 7.01 7.375 7.768 7.882 7.73 7.682 7.379 7.229 7.171 7.059 6.949 6.7 6.536 6.631 6.42 6.87 6.766 6.774 7.112 7.268 6.927 6.802 6.855 7.192
-9999 -9999 -9999 -9999 -9999 -9999 -9999 -9999 -9999 -9999 -9999 -9999 -9999 7.856 7.386 7.259 7.371 7.427 7.485 7.478 7.442 7.38 7.303 7.168 7.04 7.104 7.11 7.29 7.35 7.473 6.935 6.626 6.685 6.553 6.929 7.297 7.285 7.346 7.381 7.272 7.093 7.094 7.082 7.094 7.074 6.929 7.184 7.056 7.086 7.1 7.122 7.097 7.058 7.149 7.345 7.747 7.999 -9999 7.77 7.652 7.373 7.378 7.406 7.328 7.158 6.986 6.986 6.879 6.898 7.051 6.772 6.883 7.223 7.253 6.834 6.699 7.069
-9999 -9999 -9999 -9999 -9999 -9999 -9999 -9999 -9999 -9999 -9999 -9999 8.114 8.002 7.538 7.405 7.409 7.368 7.456 7.5 7.42 7.34 7.185 7.22 7.396 7.47 7.439 7.486 7.576 7.362 7.123 7.099 6.96 6.726 7.184 7.369 6.966 7.165 7.132 6.675 6.8 6.688 6.652 6.806 6.837 6.992 7.16 7.289 7.245 7.244 7.195 7.178 7.132 7.195 7.388 7.649 7.963 8.101 -9999 7.943 -9999 7.829 -9999 7.604 -9999 7.413 7.394 7.416 7.448 7.521 7.444 7.548 -9999 -9999 -9999 7.451 7.296
-9999 -9999 -9999 -9999 -9999 -9999 -9999 -9999 -9999 -9999 -9999 -9999 8.133 7.765 7.422 7.409 7.372 7.288 7.096 7.191 7.045 7.055 7.128 7.328 7.552 7.646 7.734 7.769 7.699 7.553 7.319 7.21 6.969 7.196 7.588 7.11 7.197 7.595 7.205 6.97 6.831 6.635 6.803 7.068 7.087 7.247 7.354 7.321 7.466 7.492 7.397 7.39 7.375 7.407 7.576 7.704 7.944 8.103 -9999 -9999 8.232 8.261 -9999 -9999 7.815 7.786 7.775 -9999 -9999 -9999 -9999 -9999 -9999 -9999 -9999 -9999 -9999
-9999 -9999 -9999 -9999 -9999 -9999 -9999 -9999 -9999 -9999 -9999 7.844 7.743 7.528 7.424 7.631 7.67 7.338 7.147 6.858 6.421 6.408 6.828 7.108 7.304 7.488 7.769 7.853 7.723 7.619 7.437 7.121 7.133 7.444 7.473 7.627 8.175 8.004 7.576 7.15 6.835 7.06 7.321 7.325 7.468 7.5 7.541 7.666 7.809 7.747 7.752 7.799 7.904 7.836 7.883 -9999 -9999 -9999 8.077 -9999 -9999 -9999 -9999 -9999 -9999 7.895 -9999 -9999 -9999 -9999 -9999 -9999 -9999 -9999 -9999 -9999 -9999
-9999 -9999 -9999 -9999 -9999 -9999 -9999 -9999 -9999 -9999 7.953 7.21 7.098 7.29 7.709 7.855 7.783 7.526 7.151 6.343 5.525 5.806 6.735 6.909 6.904 7.556 7.56 7.899 7.91 7.711 7.897 8.058 8.192 -9999 -9999 -9999 -9999 -9999 8.189 7.65 7.256 7.312 7.479 7.662 7.774 7.861 7.837 7.907 -9999 7.987 -9999 -9999 -9999 -9999 -9999 8.015 7.928 7.791 7.692 7.838 8.301 -9999 -9999 -9999 -9999 -9999 -9999 -9999 -9999 -9999 -9999 -9999 -9999 -9999 -9999 -9999 -9999
-9999 -9999 -9999 -9999 -9999 -9999 -9999 -9999 -9999 8.445 7.41 6.739 6.818 7.255 7.52 7.758 7.846 7.364 6.809 5.837 5.297 5.666 6.232 6.552 7.224 7.232 7.841 8.048 8.126 8.339 -9999 -9999 -9999 -9999 -9999 -9999 -9999 -9999 -9999 -9999 8.151 8.013 8.057 7.883 7.82 7.793 7.902 7.663 8.038 -9999 -9999 -9999 -9999 -9999 -9999 -9999 8.127 7.802 7.808 7.893 -9999 -9999 -9999 -9999 -9999 -9999 -9999 -9999 -9999 -9999 -9999 -9999 -9999 -9999 -9999 -9999 -9999
-9999 -9999 -9999 -9999 -9999 -9999 -9999 8.566 8.61 8.072 7.29 6.768 6.604 6.747 7.281 7.796 7.569 7.183 6.686 6.014 5.496 5.93 6.358 6.798 6.982 8.022 7.816 8.015 -9999 -9999 -9999 -9999 -9999 -9999 -9999 -9999 -9999 -9999 -9999 -9999 -9999 8.717 -9999 -9999 -9999 -9999 -9999 8.221 8.077 -9999 -9999 -9999 -9999 -9999 -9999 -9999 -9999 -9999 7.945 7.921 -9999 -9999 -9999 -9999 -9999 -9999 -9999 -9999 -9999 -9999 -9999 -9999 -9999 -9999 -9999 -9999 -9999
-9999 -9999 -9999 -9999 -9999 -9999 8.611 -9999 8.231 7.994 7.402 6.871 6.634 6.707 7.228 7.426 7.287 7.546 7.289 6.427 6.029 6.26 6.908 7.173 7.678 8.155 8.364 8.779 -9999 -9999 -9999 -9999 -9999 -9999 -9999 -9999 -9999 -9999 -9999 -9999 -9999 -9999 8.705 -9999 -9999 -9999 -9999 -9999 -9999 -9999 -9999 -9999 -9999 -9999 -9999 -9999 -9999 -9999 -9999 -9999 -9999 -9999 -9999 -9999 -9999 -9999 -9999 -9999 -9999 -9999 -9999 -9999 -9999 -9999 -9999 -9999 -9999
-9999 -9999 -9999 -9999 -9999 8.805 8.599 7.89 8.015 7.996 7.559 7.324 7.092 7.12 7.386 7.305 7.477 -9999 7.487 6.786 6.248 5.965 6.594 7.617 8.016 8.415 8.685 -9999 -9999 -9999 -9999 -9999 -9999 -9999 -9999 -9999 -9999 -9999 -9999 -9999 -9999 -9999 -9999 -9999 -9999 -9999 -9999 -9999 -9999 -9999 -9999 -9999 -9999 -9999 -9999 -9999 -9999 -9999 -9999 -9999 -9999 -9999 -9999 -9999 -9999 -9999 -9999 -9999 -9999 -9999 -9999 -9999 -9999 -9999 -9999 -9999 -9999
-9999 -9999 -9999 -9999 -9999 8.794 8.235 7.828 7.719 7.732 7.625 7.53 7.342 7.573 7.744 7.766 8.148 8.04 7.795 7.244 6.352 6.199 7.091 7.66 8.284 8.485 8.431 -9999 -9999 -9999 -9999 -9999 -9999 -9999 -9999 -9999 -9999 -9999 -9999 -9999 -9999 -9999 -9999 -9999 -9999 -9999 -9999 -9999 -9999 -9999 -9999 -9999 -9999 -9999 -9999 -9999 -9999 -9999 -9999 -9999 -9999 -9999 -9999 -9999 -9999 -9999 -9999 -9999 -9999 -9999 -9999 -9999 -9999 -9999 -9999 -9999 -9999
-9999 -9999 -9999 -9999 8.931 8.516 8.035 7.583 7.457 7.672 7.773 7.792 7.83 8.007 7.846 8.207 8.416 8.29 7.931 7.621 7.144 7.108 7.503 8.008 8.227 8.169 -9999 -9999 -9999 -9999 -9999 -9999 -9999 -9999 -9999 -9999 -9999 -9999 -9999 -9999 -9999 -9999 -9999 -9999 -9999 -9999 -9999 -9999 -9999 -9999 -9999 -9999 -9999 -9999 -9999 -9999 -9999 -9999 -9999 -9999 -9999 -9999 -9999 -9999 -9999 -9999 -9999 -9999 -9999 -9999 -9999 -9999 -9999 -9999 -9999 -9999 -9999
