Validation/Results/ReClimate_06_2024_2_Precipitation-Actualsweatherlogisticsltd.asc
NCOLS 192
NROWS 249
XLLCENTER -225160.85627316462
YLLCENTER 29788.11610251502
CELLSIZE 5000.0
NODATA_VALUE -9999
[rows 66 to 98 of 249, columns 74 to 147 of 192]
-9999 -9999 -9999 -9999 -9999 -9999 -9999 -9999 -9999 -9999 -9999 105.074 -9999 116.853 142.577 162.537 154.391 169.617 131.029 124.838 105.016 98.164 78.419 86.178 96.698 90.069 91.413 94.805 94.949 101.089 89.051 81.49 -9999 -9999 -9999 -9999 -9999 -9999 -9999 -9999 -9999 -9999 -9999 -9999 -9999 -9999 -9999 -9999 -9999 -9999 -9999 -9999 -9999 -9999 -9999 -9999 -9999 -9999 -9999 -9999 -9999 -9999 -9999 -9999 -9999 -9999 -9999 -9999 -9999 -9999 -9999 -9999 -9999 -9999
-9999 -9999 -9999 -9999 -9999 -9999 -9999 -9999 -9999 -9999 -9999 -9999 109.618 145.517 142.09 143.432 142.897 135.104 131.063 129.586 113.75 98.232 91.518 87.094 85.813 82.218 88.077 92.381 96.59 85.523 -9999 -9999 -9999 -9999 -9999 -9999 -9999 -9999 -9999 -9999 -9999 -9999 -9999 -9999 -9999 -9999 -9999 -9999 -9999 -9999 -9999 -9999 -9999 -9999 -9999 -9999 -9999 -9999 -9999 -9999 -9999 -9999 -9999 -9999 -9999 -9999 -9999 -9999 -9999 -9999 -9999 -9999 -9999 -9999
-9999 -9999 -9999 -9999 -9999 -9999 -9999 -9999 -9999 -9999 -9999 -9999 129.282 152.798 139.164 124.404 134.036 136.602 119.517 110.568 100.79 89.719 89.624 85.914 89.797 88.748 82.561 90.09 83.293 69.429 -9999 -9999 -9999 -9999 -9999 -9999 -9999 -9999 -9999 -9999 -9999 -9999 -9999 -9999 -9999 -9999 -9999 -9999 -9999 -9999 -9999 -9999 -9999 -9999 -9999 -9999 -9999 -9999 -9999 -9999 -9999 -9999 -9999 -9999 -9999 -9999 -9999 -9999 -9999 -9999 -9999 -9999 -9999 -9999
-9999 -9999 -9999 -9999 -9999 -9999 -9999 -9999 -9999 -9999 -9999 -9999 -9999 -9999 126.054 135.715 138.692 118.474 110.812 111.347 108.402 95.488 80.697 80.591 95.491 89.305 82.584 68.143 -9999 -9999 -9999 -9999 -9999 -9999 -9999 -9999 -9999 -9999 -9999 -9999 -9999 -9999 -9999 -9999 -9999 -9999 -9999 -9999 -9999 -9999 -9999 -9999 -9999 -9999 -9999 -9999 -9999 -9999 -9999 -9999 -9999 -9999 -9999 -9999 -9999 -9999 -9999 -9999 -9999 -9999 -9999 -9999 -9999 -9999
-9999 -9999 -9999 -9999 -9999 -9999 -9999 -9999 107.779 -9999 -9999 115.156 126.095 128.004 124.798 149.529 133.944 124.633 123.755 123.99 108.342 92.078 71.216 84.942 89.391 96.088 79.641 70.82 -9999 -9999 -9999 -9999 -9999 -9999 -9999 -9999 -9999 -9999 -9999 -9999 -9999 -9999 -9999 -9999 -9999 -9999 -9999 -9999 -9999 -9999 -9999 -9999 -9999 -9999 -9999 -9999 -9999 -9999 -9999 -9999 -9999 -9999 -9999 -9999 -9999 -9999 -9999 -9999 -9999 -9999 -9999 -9999 -9999 -9999
-9999 -9999 -9999 -9999 -9999 -9999 108.24 105.395 112.394 114.92 128.734 128.84 149.666 159.979 156.178 121.037 145.644 145.497 134.024 119.964 101.734 103.166 110.932 82.939 81.671 76.424 70.531 62.768 -9999 -9999 -9999 -9999 -9999 -9999 -9999 -9999 -9999 -9999 -9999 -9999 -9999 -9999 -9999 -9999 -9999 -9999 -9999 -9999 -9999 -9999 -9999 -9999 -9999 -9999 -9999 -9999 -9999 -9999 -9999 -9999 -9999 -9999 -9999 -9999 -9999 -9999 -9999 -9999 -9999 -9999 -9999 -9999 -9999 -9999
-9999 -9999 -9999 -9999 -9999 -9999 105.686 116.404 -9999 130.748 147.673 157.656 162.076 186.446 130.431 140.278 159.293 162.058 154.66 124.169 122.823 129.996 103.104 93.644 97.02 79.77 77.004 -9999 66.439 -9999 -9999 -9999 -9999 -9999 -9999 -9999 -9999 -9999 -9999 -9999 -9999 -9999 -9999 -9999 -9999 -9999 -9999 -9999 -9999 -9999 -9999 -9999 -9999 -9999 -9999 -9999 -9999 -9999 -9999 -9999 -9999 -9999 -9999 -9999 -9999 -9999 -9999 -9999 -9999 -9999 -9999 -9999 -9999 -9999
-9999 -9999 -9999 -9999 -9999 -9999 -9999 135.649 138.945 143.803 167.198 162.524 190.687 154.067 138.972 137.568 139.379 144.221 141.057 119.49 118.844 111.791 89.506 95.982 92.47 83.948 78.853 65.134 70.467 -9999 -9999 -9999 -9999 -9999 -9999 -9999 -9999 -9999 -9999 -9999 -9999 -9999 -9999 -9999 -9999 -9999 -9999 -9999 -9999 -9999 -9999 -9999 -9999 -9999 -9999 -9999 -9999 -9999 -9999 -9999 -9999 -9999 -9999 -9999 -9999 -9999 -9999 -9999 -9999 -9999 -9999 -9999 -9999 -9999
118.013 -9999 -9999 -9999 -9999 -9999 -9999 -9999 136.77 149.702 162.71 209.449 188.196 173.938 155.551 165.359 168.439 135.714 112.015 110.319 126.202 110.854 93.248 96.646 85.41 81.378 69.898 72.459 80.473 -9999 -9999 -9999 -9999 -9999 -9999 -9999 -9999 -9999 -9999 -9999 -9999 -9999 -9999 -9999 -9999 -9999 -9999 -9999 -9999 -9999 -9999 -9999 -9999 -9999 -9999 -9999 -9999 -9999 -9999 -9999 -9999 -9999 -9999 -9999 -9999 -9999 -9999 -9999 -9999 -9999 -9999 -9999 -9999 -9999
126.665 -9999 -9999 -9999 -9999 -9999 146.149 149.803 168.754 172.706 178.266 169.119 192.168 176.246 172.766 170.772 142.893 124.909 122.886 107.791 120.735 136.746 101.156 80.953 71.622 74.421 -9999 79.39 -9999 -9999 -9999 -9999 -9999 -9999 84.165 86.171 86.91 -9999 -9999 -9999 -9999 -9999 -9999 -9999 -9999 -9999 -9999 -9999 -9999 -9999 -9999 -9999 -9999 -9999 -9999 -9999 -9999 -9999 -9999 -9999 -9999 -9999 -9999 -9999 -9999 -9999 -9999 -9999 -9999 -9999 -9999 -9999 -9999 -9999
125.039 106.087 -9999 -9999 -9999 -9999 -9999 170.845 186.413 191.622 173.206 182.427 162.383 171.756 161.544 161.97 132.982 117.403 96.081 111.36 140.581 114.623 87.924 74.742 81.612 85.269 78.396 -9999 -9999 -9999 -9999 113.192 92.958 81.245 85.776 89.409 91.398 91.968 92.567 94.941 105.364 110.79 97.301 86.444 84.804 90.925 99.974 99.804 90.13 79.903 75.718 77.608 80.018 -9999 -9999 -9999 -9999 -9999 -9999 -9999 -9999 -9999 -9999 -9999 -9999 -9999 -9999 -9999 -9999 -9999 -9999 -9999 -9999 -9999
167.076 161.114 -9999 -9999 -9999 156.715 -9999 163.977 158.356 174.133 221.411 191.501 172.459 147.759 153.672 137.036 134.545 120.26 118.202 104.262 95.827 93.062 82.552 82.033 92.501 84.429 -9999 -9999 -9999 -9999 97.166 114.39 86.002 95.318 101.252 94.47 96.783 102.751 102.214 115.543 126.022 123.952 99.06 93.579 96.578 97.961 99.517 99.372 94.762 86.032 85.375 90.736 80.896 -9999 -9999 -9999 -9999 -9999 -9999 -9999 -9999 -9999 -9999 -9999 -9999 -9999 -9999 -9999 -9999 -9999 -9999 -9999 -9999 -9999
171.98 157.452 -9999 -9999 -9999 168.12 170.758 154.903 177.7 230.237 226.347 225.217 166.807 163.121 149.489 134.922 117.743 116.272 124.55 110.992 109.328 85.66 77.948 89.949 80.964 -9999 -9999 79.749 82.885 86.421 98.383 95.599 100.108 106.262 104.576 112.777 116.015 109.584 109.163 114.946 117.415 106.259 106.501 110.647 101.836 103.096 103.689 104.337 96.682 94.515 95.535 90.232 83.453 81.193 -9999 -9999 -9999 -9999 -9999 -9999 -9999 -9999 -9999 -9999 -9999 -9999 -9999 -9999 -9999 -9999 -9999 -9999 -9999 -9999
155.46 149.609 -9999 143.173 -9999 149.302 153.669 192.987 221.22 206.382 241.275 211.817 189.36 177.387 159.081 146.982 132.042 128.553 123.512 133.814 122.241 91.446 70.431 71.423 74.725 -9999 87.658 93.485 99.726 88.541 95.903 99.096 111.517 115.888 116.822 125.971 118.167 110.044 117.507 120.804 117.97 111.326 105.791 98.734 99.337 105.182 106.682 104.207 100.485 95.999 89.659 84.661 83.376 83.129 -9999 -9999 -9999 -9999 -9999 -9999 -9999 -9999 -9999 -9999 -9999 -9999 -9999 -9999 -9999 -9999 -9999 -9999 -9999 -9999
156.264 -9999 141.287 -9999 -9999 -9999 202.932 267.132 207.797 203.451 177.17 186.339 181.818 169.451 160.884 148.722 159.72 150.018 138.641 122.714 100.951 79.182 79.842 97.372 85.653 87.505 101.401 117.063 118.554 113.032 109.712 116.452 125.224 130.378 127.521 108.255 106.566 110.738 113.951 121.211 113.92 108.016 102.734 98.949 106.231 106.439 98.486 104.583 104.964 103.179 84.388 88.322 89.086 88.225 -9999 -9999 -9999 -9999 -9999 -9999 -9999 -9999 -9999 -9999 -9999 -9999 -9999 -9999 -9999 -9999 -9999 -9999 -9999 -9999
165.252 141.008 -9999 -9999 -9999 -9999 213.617 200.996 178.175 -9999 179.916 193.91 191.675 162.537 143.138 138.86 127.455 121.881 125.622 119.001 114.749 108.179 114.889 113.682 86.71 104.544 109.274 129.481 142.262 130.502 110.496 112.077 131.059 137.253 111.621 104.801 124.823 117.149 131.509 125.35 113.259 114.21 103.461 109.753 120.348 102.126 102.463 102.808 107.086 91.978 91.005 98.376 92.655 90.082 -9999 -9999 -9999 -9999 -9999 -9999 -9999 -9999 -9999 -9999 -9999 -9999 -9999 -9999 -9999 -9999 -9999 -9999 -9999 -9999
194.956 172.378 -9999 -9999 -9999 162.712 -9999 -9999 152.069 158.91 187.952 215.785 207.371 180.873 172.57 143.064 126.793 115.003 103.175 103.229 110.149 113.204 118.536 80.936 98.336 112.226 133.67 128.872 131.695 138.465 116.51 116.161 124.422 116.085 111.284 130.978 124.28 125.196 127.211 120.874 130.45 115.86 107.985 122.65 108.986 101.717 105.559 111.442 100.043 93.076 95.934 97.515 94.155 -9999 -9999 -9999 -9999 -9999 -9999 -9999 -9999 -9999 -9999 -9999 -9999 -9999 -9999 -9999 -9999 -9999 -9999 -9999 -9999 -9999
230.105 216.829 180.481 153.915 -9999 -9999 -9999 178.169 150.646 -9999 193.45 184.478 183.052 190.097 179.455 172.201 138.509 103.515 106.541 109.612 115.665 109.065 82.533 105.027 112.19 128.725 129.065 124.402 133.021 131.757 108.625 108.56 108.394 116.797 143.603 128.051 131.572 152.681 132.065 127.227 125.117 108.635 112.653 108.208 103.853 100.256 107.5 105.243 105.319 97.386 93.442 93.001 -9999 -9999 -9999 -9999 -9999 -9999 -9999 -9999 -9999 -9999 -9999 -9999 -9999 -9999 -9999 -9999 -9999 -9999 -9999 -9999 -9999 -9999
247.396 233.78 191.275 163.779 -9999 161.865 177.706 181.639 184.795 208.579 191.166 184.847 204.329 212.464 179.203 136.121 131.441 126.267 127.535 127.355 125.907 105.826 102.609 118.562 145.456 143.818 123.661 120.783 122.023 91.901 99.954 110.95 123.429 139.657 116.165 114.943 134.347 146.166 148.705 142.873 138.994 112.635 120.138 116.062 119.869 129.418 106.761 103.62 109.874 108.645 98.153 93.426 -9999 -9999 -9999 -9999 -9999 -9999 -9999 -9999 -9999 -9999 -9999 -9999 -9999 -9999 -9999 -9999 -9999 -9999 -9999 -9999 -9999 -9999
224.762 214.454 185.152 166.179 170.156 170.845 197.259 -9999 186.854 204.443 226.379 239.21 223.569 202.767 161.319 173.607 149.212 133.85 117.268 113.99 114.383 102.53 110.112 148.129 160.605 124.525 114.293 134.449 107.059 115.749 102.25 112.455 119.213 122.959 127.153 125.038 143.277 162.235 141.902 131.153 122.428 109.77 106.205 99.282 111.405 104.337 97.192 104.083 107.806 103.958 95.295 -9999 -9999 -9999 -9999 -9999 -9999 -9999 -9999 -9999 -9999 -9999 -9999 -9999 -9999 -9999 -9999 -9999 -9999 -9999 -9999 -9999 -9999 -9999
217.632 -9999 -9999 -9999 168.904 192.206 -9999 188.801 214.325 251.417 258.292 224.236 226.155 206.146 204.312 171.902 125.574 108.858 123.912 136.656 107.525 114.657 140.519 166.479 162.039 148.36 159.337 132.29 141.808 117.026 112.413 138.722 132.194 151.131 143.033 147.949 158.479 146.465 117.944 117.311 119.102 122.324 114.658 100.635 107.742 103.957 102.617 105.761 107.809 105.166 101.179 -9999 -9999 -9999 -9999 -9999 -9999 -9999 -9999 -9999 -9999 -9999 -9999 -9999 -9999 -9999 -9999 -9999 -9999 -9999 -9999 -9999 -9999 -9999
-9999 -9999 -9999 166.103 182.289 -9999 170.639 194.467 -9999 226.792 208.01 235.323 224.576 239.187 199.688 157.867 157.716 153.994 135.913 115.334 142.268 142.906 150.435 180.123 186.603 181.752 158.665 132.898 111.728 102.904 131.561 145.371 166.093 167.405 150.714 140.34 144.732 128.838 124.646 115.707 118.106 121.726 110.258 114.883 116.709 113.147 111.966 108.355 119.487 116.974 104.378 -9999 -9999 -9999 -9999 -9999 -9999 -9999 -9999 -9999 -9999 -9999 -9999 -9999 -9999 -9999 -9999 -9999 -9999 -9999 -9999 -9999 -9999 -9999
-9999 -9999 -9999 160.021 -9999 -9999 176.33 197.685 222.888 204.963 233.149 231.966 219.22 191.162 173.874 153.751 135.875 123.829 129.359 168.294 182.578 174.993 182.369 194.876 192.217 161.176 115.351 100.341 118.125 162.075 176.709 219.64 213.506 177.77 161.81 161.368 137.253 130.734 121.43 116.26 104.429 107.237 111.83 111.39 125.022 145.544 118.436 106.911 108.582 109.143 103.951 -9999 -9999 -9999 -9999 -9999 -9999 -9999 -9999 -9999 -9999 -9999 -9999 -9999 -9999 -9999 -9999 -9999 -9999 -9999 -9999 -9999 -9999 -9999
-9999 -9999 -9999 -9999 -9999 -9999 -9999 222.087 235.085 217.764 242.498 238.216 192.351 199.817 189.684 168.718 162.986 162.339 183.585 190.696 191.759 165.851 163.885 174.8 167.712 126.668 103.104 116.36 146.493 181.31 227.26 203.972 198.338 177.82 172.553 151.549 136.834 135.656 126.763 104.398 94.041 97.58 100.819 105.616 126.919 117.825 102.486 102.95 113.426 113.759 -9999 -9999 -9999 -9999 -9999 -9999 -9999 -9999 -9999 -9999 -9999 -9999 -9999 -9999 -9999 -9999 -9999 -9999 -9999 -9999 -9999 -9999 -9999 -9999
-9999 -9999 -9999 -9999 -9999 153.522 177.666 -9999 241.929 242.76 274.881 227.792 189.874 185.599 189.662 214.038 211.043 191.693 169.688 172.265 165.117 166.366 145.302 143.515 130.168 116.24 132.637 137.019 160.832 195.668 190.231 189.36 147.946 147.582 137.742 109.771 117.347 134.734 143.484 139.449 122.822 120.103 129.285 116.483 100.572 110.911 121.174 124.562 123.178 112.247 -9999 -9999 -9999 -9999 -9999 -9999 -9999 -9999 -9999 -9999 -9999 -9999 -9999 -9999 -9999 -9999 -9999 -9999 -9999 -9999 -9999 -9999 -9999 -9999
-9999 -9999 -9999 -9999 150.604 151.548 199.12 220.728 257.323 279.851 269.777 238.991 194.274 171.095 183.173 178.731 181.329 202.356 193.278 202.202 206.705 134.988 139.956 129.067 123.686 129.564 147.771 147.837 163.237 159.013 163.986 147.0 138.811 137.193 155.317 155.513 171.774 163.511 151.98 174.956 186.767 172.948 156.54 134.747 137.752 140.217 134.244 120.838 112.169 -9999 -9999 -9999 -9999 -9999 -9999 -9999 -9999 -9999 -9999 -9999 -9999 -9999 -9999 -9999 -9999 -9999 -9999 -9999 -9999 -9999 -9999 -9999 -9999 -9999
-9999 -9999 -9999 -9999 148.631 -9999 185.072 205.992 233.3 260.507 253.705 192.116 181.939 195.538 159.167 157.859 168.796 170.047 185.346 177.997 135.383 151.553 169.531 148.731 135.925 179.948 163.392 166.974 169.807 174.815 169.672 165.308 158.181 179.482 179.502 193.75 199.514 148.03 171.372 178.183 145.212 154.391 167.419 151.789 147.476 142.337 122.287 116.227 107.358 -9999 -9999 -9999 -9999 -9999 -9999 -9999 -9999 -9999 -9999 -9999 -9999 -9999 -9999 -9999 -9999 -9999 -9999 -9999 -9999 -9999 -9999 -9999 -9999 -9999
-9999 -9999 -9999 -9999 -9999 -9999 211.704 231.654 213.494 223.375 192.901 160.364 168.679 154.996 150.296 151.813 153.189 171.389 146.641 152.408 158.261 189.348 162.596 128.211 162.811 184.578 163.719 171.155 162.376 181.299 166.541 163.36 206.261 202.546 198.958 225.973 208.356 207.536 206.964 178.414 159.022 151.483 136.742 142.798 147.437 127.211 110.613 107.693 100.879 -9999 -9999 -9999 -9999 -9999 -9999 -9999 -9999 -9999 -9999 -9999 -9999 -9999 -9999 -9999 -9999 -9999 -9999 -9999 -9999 -9999 -9999 -9999 -9999 -9999
-9999 -9999 -9999 -9999 170.887 186.268 218.132 213.61 205.032 227.203 190.513 196.398 198.087 -9999 185.744 250.002 224.828 195.151 181.622 188.552 189.573 195.063 180.163 166.454 164.795 152.481 149.114 134.987 145.563 167.091 156.006 191.358 174.748 174.439 171.499 194.828 214.323 200.827 167.434 179.948 170.629 144.198 155.059 135.767 121.699 111.41 111.82 113.971 92.04 -9999 -9999 -9999 -9999 -9999 -9999 -9999 -9999 -9999 -9999 -9999 -9999 -9999 -9999 -9999 -9999 -9999 -9999 -9999 -9999 -9999 -9999 -9999 -9999 -9999
166.409 139.898 148.757 166.136 -9999 173.71 196.65 205.319 211.331 221.139 221.344 214.577 -9999 217.065 278.857 259.428 250.691 208.988 190.365 166.141 186.532 192.497 187.565 163.826 138.608 130.041 125.571 107.821 133.359 135.245 164.975 164.803 161.502 153.492 147.322 165.251 173.906 160.651 166.484 169.633 165.149 158.407 121.405 113.536 108.799 114.774 126.36 100.355 -9999 -9999 -9999 -9999 -9999 -9999 -9999 -9999 -9999 -9999 -9999 -9999 -9999 -9999 -9999 -9999 -9999 -9999 -9999 -9999 -9999 -9999 -9999 -9999 -9999 -9999
138.412 141.652 159.041 181.939 180.834 -9999 187.849 196.914 209.375 219.926 208.781 193.321 199.374 237.346 242.878 227.041 243.127 210.208 193.274 176.646 178.441 158.631 155.129 131.039 127.537 149.849 118.382 119.52 115.436 126.912 143.795 163.659 144.799 127.495 139.957 164.414 157.005 154.801 144.688 158.876 147.212 119.456 109.831 112.15 114.921 117.173 -9999 -9999 -9999 -9999 -9999 -9999 -9999 -9999 -9999 -9999 -9999 -9999 -9999 -9999 -9999 -9999 -9999 -9999 -9999 -9999 -9999 -9999 -9999 -9999 -9999 -9999 -9999 -9999
-9999 -9999 -9999 177.04 -9999 196.479 202.21 210.611 236.789 231.717 -9999 -9999 224.789 219.882 212.206 253.114 218.498 212.124 186.851 182.329 134.144 123.133 113.51 106.205 118.21 119.234 129.062 108.329 120.991 122.816 133.376 140.709 131.444 123.758 140.477 150.485 149.926 135.527 141.349 135.577 113.612 100.328 103.764 113.889 106.454 -9999 -9999 -9999 -9999 -9999 -9999 -9999 -9999 -9999 -9999 -9999 -9999 -9999 -9999 -9999 -9999 -9999 -9999 -9999 -9999 -9999 -9999 -9999 -9999 -9999 -9999 -9999 -9999 -9999
144.787 156.24 -9999 179.887 209.085 199.702 208.396 221.928 228.676 -9999 -9999 204.963 268.626 268.273 265.13 220.087 212.369 196.621 176.208 151.224 140.591 136.58 139.775 130.619 145.664 178.868 145.993 122.31 123.186 109.81 113.217 117.049 132.531 136.545 134.509 136.051 132.186 120.781 119.969 113.938 101.025 99.662 106.551 109.717 109.264 107.835 -9999 -9999 -9999 -9999 -9999 -9999 -9999 -9999 -9999 -9999 -9999 -9999 -9999 -9999 -9999 -9999 -9999 -9999 -9999 -9999 -9999 -9999 -9999 -9999 -9999 -9999 -9999 -9999
