Validation/Results/ReClimate_11_2023_2_Precipitation-Actualsweatherlogisticsltd.asc
NCOLS 192
NROWS 249
XLLCENTER -225160.85627316462
YLLCENTER 29788.11610251502
CELLSIZE 5000.0
NODATA_VALUE -9999
[rows 165 to 197 of 249, columns 74 to 147 of 192]
-9999 -9999 -9999 -9999 -9999 -9999 -9999 -9999 -9999 -9999 -9999 -9999 -9999 -9999 -9999 -9999 -9999 -9999 -9999 -9999 -9999 -9999 -9999 -9999 -9999 -9999 -9999 -9999 -9999 -9999 -9999 -9999 -9999 -9999 -9999 -9999 -9999 -9999 83.675 86.089 92.249 91.691 103.075 119.416 145.85 161.667 173.868 174.395 166.236 167.301 161.44 159.853 153.021 122.91 94.472 85.128 74.479 66.909 61.404 58.635 55.034 54.62 53.857 52.99 52.712 53.223 54.301 54.103 55.201 56.093 60.481 63.352 63.385 60.241
-9999 -9999 -9999 -9999 -9999 -9999 -9999 -9999 -9999 -9999 -9999 -9999 -9999 -9999 -9999 -9999 -9999 -9999 -9999 -9999 -9999 -9999 -9999 -9999 -9999 -9999 -9999 -9999 -9999 -9999 -9999 -9999 -9999 -9999 -9999 -9999 -9999 -9999 82.074 88.233 90.456 95.197 105.16 121.066 137.175 148.766 151.63 147.201 148.55 139.64 144.024 153.381 150.352 134.369 111.098 88.868 76.131 72.07 65.537 61.466 60.258 55.591 54.248 51.905 52.103 51.978 51.897 53.522 53.483 57.993 60.169 58.437 60.834 62.597
-9999 -9999 -9999 -9999 -9999 -9999 -9999 -9999 -9999 -9999 -9999 -9999 -9999 -9999 -9999 -9999 -9999 -9999 -9999 -9999 -9999 -9999 -9999 -9999 -9999 -9999 -9999 -9999 -9999 -9999 -9999 -9999 -9999 -9999 -9999 -9999 -9999 79.733 82.402 87.263 93.406 98.246 102.341 112.464 127.822 127.38 125.169 124.365 122.488 121.911 133.61 154.232 163.967 152.249 133.083 116.598 90.102 70.437 65.485 60.931 60.469 57.692 53.265 51.596 50.229 50.44 51.051 52.65 54.46 55.613 60.063 62.73 60.307 60.615
-9999 -9999 -9999 -9999 -9999 -9999 -9999 -9999 -9999 -9999 -9999 -9999 -9999 -9999 -9999 -9999 -9999 -9999 -9999 -9999 -9999 -9999 -9999 -9999 -9999 -9999 -9999 -9999 -9999 -9999 -9999 -9999 -9999 -9999 -9999 -9999 -9999 80.767 80.76 87.576 91.783 94.228 101.399 103.588 108.213 105.781 106.257 107.544 104.724 109.728 122.033 138.793 167.026 183.5 160.655 135.756 112.655 85.795 71.354 61.392 55.467 56.702 54.39 51.369 50.467 49.859 50.64 51.369 55.449 57.434 57.664 60.802 62.745 64.503
-9999 -9999 -9999 -9999 -9999 -9999 -9999 -9999 -9999 -9999 -9999 -9999 -9999 -9999 -9999 -9999 -9999 -9999 -9999 -9999 -9999 -9999 -9999 -9999 -9999 -9999 -9999 -9999 -9999 -9999 -9999 -9999 -9999 -9999 -9999 -9999 -9999 -9999 80.902 86.324 86.602 93.203 94.636 92.95 90.063 88.885 91.992 90.386 91.745 95.174 107.616 124.085 143.54 178.047 187.561 165.922 131.585 101.485 77.582 68.543 58.095 57.118 56.922 54.369 50.751 51.998 51.592 51.772 53.006 57.21 57.426 58.646 61.769 60.063
-9999 -9999 -9999 -9999 -9999 -9999 -9999 -9999 -9999 -9999 -9999 -9999 -9999 -9999 -9999 -9999 -9999 -9999 109.83 101.656 -9999 -9999 -9999 -9999 -9999 -9999 -9999 -9999 -9999 -9999 -9999 -9999 -9999 -9999 -9999 -9999 -9999 74.633 70.443 84.755 87.601 89.277 85.931 83.349 79.226 80.469 82.375 84.658 85.059 90.554 102.728 125.985 152.801 172.241 169.881 163.919 148.354 103.126 81.861 65.262 63.462 62.753 59.654 55.938 54.018 49.125 53.344 52.55 53.302 56.262 57.665 57.16 60.302 61.381
-9999 -9999 -9999 -9999 -9999 -9999 -9999 -9999 -9999 -9999 -9999 -9999 -9999 -9999 -9999 -9999 -9999 -9999 111.153 104.669 103.061 -9999 -9999 -9999 -9999 -9999 -9999 -9999 -9999 -9999 -9999 -9999 -9999 -9999 -9999 -9999 69.342 61.762 74.914 82.616 85.177 79.893 78.79 75.398 74.598 76.485 80.307 80.919 82.983 87.545 98.643 113.021 142.357 177.87 168.861 143.699 132.889 112.391 83.581 71.813 60.099 64.198 62.08 56.471 54.136 51.38 51.66 56.119 54.531 54.988 57.506 57.374 60.694 62.819
-9999 -9999 -9999 -9999 -9999 -9999 -9999 -9999 -9999 -9999 -9999 -9999 -9999 -9999 -9999 -9999 -9999 108.46 114.311 110.66 107.53 105.008 -9999 -9999 -9999 -9999 -9999 -9999 -9999 -9999 -9999 -9999 -9999 75.642 -9999 -9999 65.222 72.122 76.379 75.963 74.02 -9999 75.593 75.086 77.06 80.852 78.358 77.545 80.183 84.232 91.381 112.278 122.827 150.566 149.251 125.624 120.495 104.885 94.548 79.435 65.547 62.778 61.717 57.974 55.448 53.746 52.537 52.368 53.766 53.455 56.414 58.114 57.872 62.245
-9999 -9999 -9999 -9999 -9999 -9999 -9999 -9999 -9999 -9999 -9999 -9999 -9999 -9999 -9999 -9999 -9999 98.169 102.584 111.11 112.61 111.206 99.942 104.798 -9999 -9999 -9999 109.337 90.635 -9999 81.672 76.903 73.492 83.201 74.269 -9999 -9999 69.385 69.919 -9999 -9999 71.234 72.117 71.544 75.932 76.311 75.159 77.944 79.517 87.008 99.582 130.385 132.62 136.945 128.508 120.639 114.78 102.482 84.779 77.846 70.758 67.238 61.939 58.624 56.174 54.997 54.752 53.994 53.566 54.334 56.51 58.351 56.879 58.957
-9999 -9999 -9999 -9999 -9999 -9999 -9999 -9999 -9999 -9999 -9999 -9999 -9999 -9999 -9999 -9999 -9999 -9999 100.699 112.794 118.44 113.202 107.316 -9999 -9999 172.417 171.082 122.522 113.848 105.087 98.649 82.055 81.016 71.426 73.495 77.053 -9999 66.783 63.809 65.519 66.649 69.986 72.395 75.303 75.648 75.172 74.836 74.476 84.31 89.29 102.854 138.08 148.51 136.962 125.228 109.295 109.011 98.143 86.223 75.886 70.074 66.303 61.347 58.877 57.17 56.48 55.346 53.742 53.284 55.342 58.507 59.412 57.287 57.547
-9999 -9999 -9999 -9999 -9999 -9999 -9999 -9999 -9999 -9999 -9999 -9999 -9999 -9999 -9999 -9999 -9999 -9999 101.281 111.675 108.767 109.512 123.573 159.845 194.39 234.662 195.578 163.746 132.758 116.923 112.834 97.755 79.256 80.94 88.295 80.508 80.362 69.504 63.179 63.618 63.924 67.087 73.138 74.53 74.311 74.733 70.145 74.228 81.252 88.359 114.093 131.898 143.46 140.132 131.455 111.453 101.213 97.981 90.143 80.795 74.709 70.584 63.174 62.465 59.604 56.362 56.42 53.318 53.646 57.337 59.282 59.681 56.839 56.641
-9999 -9999 -9999 -9999 -9999 -9999 -9999 -9999 -9999 -9999 -9999 -9999 -9999 -9999 -9999 -9999 -9999 -9999 -9999 116.629 115.14 131.308 184.457 232.293 286.271 292.356 255.422 199.011 171.659 148.436 138.362 120.137 105.751 95.49 84.146 93.672 79.666 73.647 73.067 64.377 63.636 65.123 68.182 68.927 68.378 65.887 68.762 72.42 77.473 91.888 110.807 126.31 125.109 125.632 123.888 120.154 95.185 95.859 93.03 83.976 81.562 75.659 69.768 64.802 61.237 58.563 56.879 53.517 55.017 54.492 58.337 58.935 56.299 54.973
-9999 -9999 -9999 -9999 -9999 -9999 -9999 -9999 -9999 -9999 -9999 -9999 -9999 -9999 -9999 -9999 -9999 -9999 -9999 -9999 -9999 167.133 231.888 296.393 361.718 340.729 271.238 205.046 173.61 177.514 161.117 146.832 124.739 105.731 87.816 87.921 92.993 86.08 72.774 64.801 61.45 62.003 65.811 65.923 65.211 64.774 67.83 70.281 74.818 90.451 106.769 109.532 128.486 130.059 123.579 119.289 108.006 94.367 94.902 85.85 82.468 76.949 70.955 68.007 62.674 58.632 57.945 53.661 53.216 54.943 54.772 58.811 55.963 54.322
-9999 -9999 -9999 -9999 -9999 -9999 -9999 -9999 -9999 -9999 -9999 -9999 -9999 -9999 -9999 -9999 -9999 -9999 -9999 -9999 152.27 202.838 258.495 340.678 408.955 344.314 256.317 207.891 187.043 183.506 169.895 145.59 136.253 104.022 99.906 115.068 105.237 92.528 74.11 67.818 62.47 64.1 67.039 66.853 66.693 67.346 67.683 70.876 80.526 90.775 93.769 100.269 113.464 120.858 124.82 112.954 104.471 105.053 91.73 80.742 78.864 75.552 72.049 66.93 65.656 59.416 56.898 53.824 52.944 53.023 58.016 57.6 55.69 53.483
-9999 -9999 -9999 -9999 -9999 -9999 -9999 -9999 -9999 -9999 -9999 -9999 -9999 -9999 -9999 -9999 -9999 -9999 -9999 143.443 206.391 222.898 281.449 341.621 328.501 333.803 288.387 241.57 230.628 212.306 169.129 143.875 120.517 112.339 126.256 129.814 114.761 98.131 79.618 67.833 63.067 67.748 66.065 66.077 67.407 66.104 67.793 76.136 81.758 84.614 93.074 97.814 105.663 116.244 107.383 106.565 94.007 91.389 90.003 74.646 72.524 72.774 70.989 67.504 61.659 58.947 52.894 52.356 52.358 51.742 53.917 57.295 53.574 54.577
-9999 -9999 -9999 -9999 -9999 -9999 -9999 -9999 -9999 -9999 -9999 -9999 -9999 -9999 -9999 -9999 -9999 -9999 128.227 162.785 150.155 198.936 221.612 225.2 243.432 259.789 254.857 257.783 250.394 230.267 198.333 159.089 130.171 131.93 127.361 112.981 109.234 93.893 81.714 68.021 64.223 67.986 65.944 67.454 69.286 69.724 74.336 77.675 81.608 87.236 89.921 95.339 89.333 94.825 97.232 91.053 87.143 83.135 79.737 73.202 67.33 68.508 66.994 63.622 61.475 56.749 50.301 49.923 51.268 51.107 51.968 56.236 53.08 54.069
-9999 -9999 -9999 -9999 -9999 -9999 -9999 -9999 -9999 -9999 -9999 -9999 -9999 -9999 -9999 -9999 116.177 118.171 124.978 122.113 132.272 144.107 160.246 160.703 186.514 221.029 244.168 254.713 261.083 214.253 179.545 155.84 145.088 156.166 148.672 135.548 114.689 103.785 84.879 67.686 67.581 69.838 70.085 69.974 71.547 75.017 76.455 80.151 79.5 81.934 89.762 91.798 89.122 84.653 81.012 79.675 77.538 76.371 72.668 68.771 66.162 62.257 60.348 56.307 56.299 54.416 49.801 48.881 53.037 54.44 56.583 57.345 54.914 52.547
-9999 -9999 -9999 -9999 -9999 -9999 -9999 -9999 -9999 -9999 -9999 -9999 -9999 -9999 -9999 118.852 118.178 115.333 120.819 -9999 -9999 -9999 -9999 158.952 198.014 244.317 253.397 259.331 229.81 214.411 211.052 188.131 187.58 206.931 179.396 143.47 121.199 105.914 81.396 72.272 71.254 70.44 68.996 70.122 70.883 73.078 72.557 75.255 73.823 77.338 81.785 82.175 80.571 77.525 74.824 74.303 67.882 65.066 64.346 61.612 61.348 59.465 55.573 55.201 55.858 55.102 52.946 54.748 56.552 58.698 59.583 58.581 56.566 54.577
-9999 -9999 -9999 -9999 -9999 -9999 -9999 -9999 -9999 -9999 -9999 -9999 -9999 -9999 -9999 118.894 120.523 113.867 -9999 -9999 -9999 -9999 -9999 158.039 205.286 257.394 242.612 255.245 259.39 257.778 255.676 227.118 207.611 199.985 143.538 112.015 112.59 92.062 82.267 81.667 70.121 69.116 71.404 70.023 71.933 70.915 70.196 69.155 73.224 71.2 73.884 76.084 74.288 73.59 73.894 70.439 65.316 60.582 60.791 61.9 58.605 57.836 51.428 53.409 58.93 58.531 60.448 62.118 63.583 62.431 61.921 61.851 57.533 55.234
-9999 -9999 -9999 -9999 -9999 -9999 -9999 -9999 -9999 -9999 -9999 -9999 -9999 -9999 -9999 -9999 -9999 111.612 -9999 -9999 -9999 -9999 -9999 156.624 202.988 204.197 220.061 251.082 255.626 288.875 276.88 220.204 214.146 175.67 135.42 121.538 101.959 87.285 78.59 70.946 64.31 66.641 64.822 64.522 66.683 64.095 65.43 70.875 69.459 68.589 71.802 72.661 71.493 68.2 69.519 67.744 64.888 66.044 65.201 62.76 60.304 58.047 58.228 53.605 60.189 61.552 59.937 62.818 64.604 63.139 61.697 61.951 60.321 56.064
-9999 -9999 -9999 -9999 -9999 -9999 -9999 -9999 -9999 -9999 -9999 -9999 -9999 -9999 -9999 -9999 -9999 -9999 -9999 -9999 -9999 -9999 -9999 157.451 169.442 180.727 234.762 250.921 288.544 291.967 283.713 246.296 194.839 157.05 131.659 106.293 95.319 75.97 71.18 65.717 67.245 62.739 62.379 63.823 60.704 60.669 65.146 67.565 68.843 69.641 69.859 75.225 70.048 64.959 64.28 65.007 62.984 64.299 66.016 65.203 66.656 66.308 62.077 59.32 55.176 56.546 59.129 60.647 63.213 65.272 61.223 59.529 58.281 56.486
-9999 -9999 -9999 -9999 -9999 -9999 -9999 -9999 -9999 -9999 -9999 -9999 -9999 -9999 -9999 -9999 -9999 -9999 -9999 -9999 -9999 -9999 -9999 -9999 178.664 249.925 299.435 297.38 287.055 267.885 244.581 203.485 173.323 140.347 109.15 106.557 84.382 74.14 73.635 69.535 63.99 61.242 62.421 63.379 61.306 62.735 70.073 70.513 69.733 67.632 68.479 71.817 71.075 61.205 60.968 61.236 60.351 62.971 64.916 65.554 72.164 74.218 66.674 60.809 59.311 58.217 61.702 65.742 65.763 65.222 62.268 59.778 57.499 55.137
-9999 -9999 -9999 -9999 -9999 -9999 -9999 -9999 -9999 -9999 -9999 -9999 -9999 -9999 -9999 -9999 -9999 -9999 -9999 -9999 -9999 -9999 -9999 165.401 199.002 264.345 289.972 279.097 246.083 228.215 207.927 196.577 171.844 129.88 112.911 103.494 86.027 94.864 75.508 68.498 66.129 66.67 64.337 65.816 70.783 72.609 72.717 68.071 67.578 66.603 67.821 68.268 67.749 64.504 60.562 60.342 58.432 58.175 62.039 63.061 65.451 69.86 64.576 61.048 61.453 62.68 65.803 69.267 69.479 66.314 62.004 59.187 59.967 56.808
-9999 -9999 -9999 -9999 -9999 -9999 -9999 -9999 -9999 -9999 -9999 -9999 -9999 -9999 -9999 -9999 -9999 -9999 -9999 -9999 -9999 -9999 -9999 150.589 190.696 251.256 240.102 219.054 200.01 198.277 204.567 191.805 155.143 122.166 112.879 96.678 93.32 85.499 84.514 88.853 79.748 73.492 67.511 66.472 70.472 75.677 69.684 67.952 68.719 69.664 71.377 70.54 68.696 68.756 65.419 61.744 58.685 58.408 59.97 63.064 65.238 67.89 62.837 60.658 62.374 67.226 65.776 69.087 70.194 65.434 63.128 56.824 52.916 56.259
-9999 -9999 -9999 -9999 -9999 -9999 -9999 -9999 -9999 -9999 -9999 -9999 -9999 -9999 -9999 -9999 -9999 -9999 -9999 -9999 -9999 -9999 -9999 138.877 172.142 182.01 199.204 193.864 193.855 203.194 205.496 174.563 149.532 117.215 107.174 92.348 89.329 88.756 95.826 96.761 99.407 85.418 78.767 72.343 74.8 74.309 68.356 68.293 67.892 68.539 71.524 72.594 73.105 71.438 67.65 62.624 63.85 63.105 62.286 63.298 61.454 61.971 61.277 60.75 63.304 65.174 67.721 64.737 62.896 61.382 61.907 62.523 52.027 47.936
-9999 -9999 -9999 -9999 -9999 -9999 -9999 -9999 -9999 -9999 -9999 -9999 -9999 -9999 -9999 -9999 -9999 -9999 -9999 -9999 -9999 -9999 -9999 -9999 148.452 184.108 211.481 235.332 245.569 220.752 193.599 157.278 117.394 112.422 104.947 95.273 89.575 87.957 93.894 99.985 100.889 89.094 76.406 70.485 80.661 77.736 69.917 71.031 67.988 69.867 70.964 71.071 69.242 70.669 67.232 64.796 65.922 68.225 64.923 63.163 60.231 57.712 59.858 60.398 61.4 62.91 63.159 63.755 62.1 59.14 61.526 59.741 57.756 51.947
-9999 -9999 -9999 -9999 -9999 -9999 -9999 -9999 -9999 -9999 -9999 -9999 -9999 -9999 -9999 -9999 -9999 -9999 -9999 -9999 -9999 -9999 -9999 -9999 149.404 180.544 224.0 284.608 303.045 248.263 199.635 142.184 121.917 125.425 121.412 117.045 109.23 99.835 91.328 99.983 96.193 87.375 83.912 90.28 84.717 78.283 77.547 74.336 71.14 70.518 72.351 74.031 71.977 71.589 71.311 68.201 68.277 68.781 66.432 65.003 65.942 64.176 64.19 64.084 61.744 62.116 64.435 64.417 65.464 62.021 63.332 62.107 57.813 55.999
-9999 -9999 -9999 -9999 -9999 -9999 -9999 -9999 -9999 -9999 -9999 -9999 -9999 -9999 -9999 -9999 -9999 -9999 -9999 -9999 -9999 -9999 -9999 140.933 130.469 176.636 234.788 284.032 274.029 242.538 185.127 165.473 166.478 147.297 138.697 126.612 108.047 101.108 103.07 101.635 88.814 90.439 95.228 90.026 89.209 82.272 75.354 74.213 70.388 73.407 78.246 78.635 80.114 76.196 72.463 69.611 70.571 69.515 76.629 71.179 65.299 64.253 66.632 66.759 66.704 65.416 67.681 64.623 64.466 65.21 64.709 60.598 59.553 61.455
-9999 -9999 -9999 -9999 -9999 -9999 -9999 -9999 -9999 -9999 -9999 -9999 -9999 -9999 -9999 -9999 -9999 -9999 -9999 -9999 -9999 -9999 -9999 128.898 145.287 176.157 205.776 251.283 273.603 236.383 196.912 167.403 158.018 157.187 146.216 133.089 123.193 123.078 110.184 94.726 96.892 90.305 89.264 87.357 92.225 73.793 75.394 71.222 65.954 73.35 76.673 87.659 83.184 81.472 75.877 77.446 73.473 67.662 62.366 68.814 62.04 61.996 63.334 67.738 65.332 68.84 71.387 69.632 63.468 62.094 60.717 59.637 58.086 61.072
-9999 -9999 -9999 -9999 -9999 -9999 -9999 -9999 -9999 -9999 -9999 -9999 -9999 -9999 -9999 -9999 -9999 -9999 -9999 -9999 -9999 -9999 -9999 139.741 147.592 160.768 202.731 245.996 267.308 247.802 194.03 163.044 164.144 154.565 138.313 134.962 143.739 127.38 106.794 103.381 92.069 98.568 84.638 87.27 77.206 73.651 74.309 67.594 67.015 66.726 76.175 77.016 81.609 80.205 76.868 73.869 73.476 67.389 63.685 61.899 62.12 62.139 64.229 63.337 68.322 67.09 67.652 68.354 66.095 63.338 60.942 59.78 59.778 58.176
-9999 -9999 -9999 -9999 -9999 -9999 -9999 -9999 -9999 -9999 -9999 -9999 -9999 -9999 -9999 -9999 -9999 -9999 -9999 -9999 -9999 -9999 147.936 143.68 161.29 171.894 194.732 237.017 249.346 238.254 189.215 156.848 143.143 135.259 132.569 145.462 130.184 118.632 115.02 97.435 91.48 83.296 77.264 75.784 75.846 77.032 68.933 66.652 67.089 65.498 67.864 71.814 72.621 75.656 73.218 70.818 68.882 65.556 61.775 59.314 59.174 60.622 64.987 67.319 67.055 68.025 65.835 65.018 65.48 61.197 61.546 60.711 59.857 60.089
-9999 -9999 -9999 -9999 -9999 -9999 -9999 -9999 -9999 -9999 -9999 -9999 -9999 -9999 -9999 -9999 -9999 -9999 -9999 -9999 -9999 151.809 147.399 149.679 164.21 174.481 210.884 241.143 258.734 248.791 216.556 166.31 153.978 135.618 135.675 145.145 124.534 118.461 98.89 90.724 84.223 78.494 74.439 82.942 85.105 79.291 74.547 73.521 65.549 64.324 67.59 68.27 68.717 69.215 69.712 67.361 67.581 64.713 61.262 60.926 60.957 60.778 64.362 65.856 67.452 65.808 63.08 62.515 61.406 61.332 63.961 64.284 61.181 61.332
-9999 -9999 -9999 -9999 -9999 -9999 -9999 -9999 -9999 -9999 -9999 -9999 -9999 -9999 -9999 -9999 -9999 -9999 -9999 160.584 158.123 157.294 159.652 152.105 172.585 187.745 227.226 260.287 273.337 258.928 209.016 168.226 132.336 134.412 139.033 141.851 123.973 107.699 100.5 87.675 83.219 75.729 79.415 83.982 79.055 80.067 78.793 70.894 68.814 66.823 68.203 66.937 65.982 65.312 63.053 59.491 59.49 59.932 61.084 63.515 67.366 68.447 66.088 66.685 65.096 63.464 63.416 66.835 63.848 62.013 60.311 64.356 62.391 60.323
