Validation/Results/ReClimate_11_2023_2_Temperatureweatherlogisticsltd.asc
NCOLS 192
NROWS 249
XLLCENTER -225160.85627316462
YLLCENTER 29788.11610251502
CELLSIZE 5000.0
NODATA_VALUE -9999
[rows 198 to 230 of 249, columns 76 to 151 of 192]
-9999 -9999 -9999 -9999 -9999 -9999 -9999 -9999 -9999 -9999 -9999 -9999 -9999 -9999 -9999 -9999 0.363 0.376 0.395 0.408 0.422 0.433 0.445 0.445 0.444 0.452 0.462 0.467 0.471 0.483 0.496 0.493 0.488 0.518 0.552 0.54 0.525 0.545 0.567 0.566 0.564 0.579 0.595 0.589 0.579 0.578 0.577 0.564 0.549 0.549 0.55 0.558 0.569 0.566 0.561 0.562 0.564 0.554 0.543 0.543 0.542 0.539 0.536 0.532 0.529 0.529 0.53 0.522 0.514 0.509 0.506 0.5 0.495 0.486 0.477 0.474
-9999 -9999 -9999 -9999 -9999 -9999 -9999 -9999 -9999 -9999 -9999 -9999 -9999 0.323 0.332 0.348 0.366 0.384 0.407 0.416 0.416 0.427 0.44 0.442 0.446 0.452 0.453 0.458 0.467 0.484 0.514 0.512 0.507 0.527 0.532 0.529 0.541 0.554 0.557 0.562 0.579 0.592 0.601 0.598 0.598 0.596 0.587 0.577 0.57 0.562 0.559 0.56 0.565 0.56 0.553 0.554 0.554 0.555 0.55 0.547 0.544 0.539 0.535 0.525 0.518 0.524 0.528 0.513 0.498 0.501 0.502 0.492 0.485 0.479 0.472 0.474
-9999 -9999 -9999 -9999 -9999 -9999 -9999 -9999 -9999 -9999 -9999 0.306 0.313 0.327 0.337 0.353 0.371 0.392 0.415 0.417 0.417 0.429 0.442 0.447 0.452 0.454 0.453 0.462 0.471 0.496 0.524 0.522 0.517 0.522 0.527 0.538 0.55 0.554 0.556 0.572 0.589 0.598 0.607 0.609 0.61 0.604 0.595 0.59 0.583 0.576 0.568 0.569 0.571 0.565 0.557 0.557 0.557 0.556 0.557 0.554 0.551 0.546 0.542 0.531 0.52 0.524 0.532 0.516 0.497 0.499 0.504 0.495 0.487 0.481 0.477 0.477
-9999 -9999 -9999 -9999 -9999 -9999 -9999 0.314 0.322 0.319 0.316 0.311 0.325 0.34 0.351 0.364 0.369 0.388 0.406 0.409 0.414 0.428 0.448 0.449 0.44 0.439 0.435 0.448 0.472 0.492 0.51 0.515 0.538 0.542 0.539 0.549 0.555 0.562 0.573 0.587 0.6 0.608 0.613 0.61 0.598 0.593 0.592 0.584 0.57 0.578 0.579 0.573 0.57 0.571 0.567 0.558 0.554 0.551 0.551 0.547 0.544 0.552 0.555 0.547 0.538 0.523 0.518 0.517 0.508 0.507 0.51 0.502 0.496 0.489 0.484 0.482
-9999 -9999 -9999 -9999 -9999 -9999 0.319 0.324 0.329 0.33 0.317 0.322 0.339 0.354 0.364 0.369 0.373 0.389 0.405 0.412 0.418 0.436 0.456 0.449 0.439 0.437 0.432 0.452 0.475 0.49 0.506 0.526 0.548 0.548 0.546 0.552 0.559 0.57 0.581 0.594 0.607 0.613 0.618 0.608 0.596 0.595 0.593 0.581 0.567 0.575 0.585 0.579 0.572 0.573 0.572 0.564 0.556 0.553 0.551 0.548 0.545 0.552 0.563 0.555 0.547 0.533 0.517 0.515 0.515 0.514 0.516 0.508 0.503 0.497 0.492 0.49
-9999 -9999 -9999 -9999 -9999 0.323 0.325 0.332 0.34 0.332 0.317 0.323 0.34 0.355 0.371 0.377 0.383 0.397 0.411 0.417 0.424 0.441 0.456 0.45 0.441 0.442 0.448 0.465 0.479 0.487 0.487 0.509 0.54 0.544 0.557 0.561 0.557 0.569 0.584 0.594 0.599 0.604 0.606 0.597 0.586 0.586 0.594 0.581 0.563 0.569 0.572 0.571 0.566 0.56 0.556 0.558 0.555 0.545 0.538 0.541 0.541 0.545 0.554 0.541 0.529 0.532 0.526 0.507 0.496 0.498 0.5 0.492 0.485 0.493 0.495 0.493
-9999 -9999 -9999 0.316 -9999 0.33 0.333 0.34 0.348 0.337 0.322 0.329 0.345 0.363 0.377 0.384 0.39 0.402 0.415 0.423 0.43 0.444 0.459 0.453 0.445 0.451 0.458 0.469 0.483 0.483 0.482 0.508 0.538 0.55 0.563 0.562 0.559 0.572 0.586 0.592 0.597 0.601 0.603 0.595 0.583 0.589 0.596 0.581 0.564 0.566 0.57 0.568 0.566 0.56 0.552 0.553 0.557 0.547 0.536 0.539 0.544 0.547 0.553 0.541 0.526 0.528 0.532 0.514 0.493 0.493 0.498 0.489 0.483 0.491 0.501 0.499
-9999 -9999 -9999 -9999 -9999 -9999 -9999 0.338 0.35 0.339 0.327 0.332 0.341 0.358 0.38 0.386 0.391 0.401 0.412 0.423 0.443 0.45 0.443 0.441 0.443 0.451 0.463 0.474 0.486 0.488 0.495 0.509 0.504 0.525 0.571 0.564 0.544 0.554 0.563 0.572 0.591 0.595 0.598 0.592 0.584 0.586 0.583 0.573 0.573 0.573 0.568 0.565 0.563 0.56 0.554 0.54 0.534 0.54 0.538 0.536 0.539 0.526 0.52 0.523 0.517 0.527 0.536 0.525 0.51 0.502 0.502 0.502 0.5 0.497 0.501 0.496
-9999 -9999 -9999 -9999 -9999 -9999 -9999 0.344 0.354 0.345 0.334 0.335 0.342 0.362 0.383 0.389 0.395 0.404 0.414 0.431 0.45 0.446 0.44 0.443 0.446 0.456 0.468 0.478 0.489 0.495 0.502 0.498 0.492 0.531 0.575 0.56 0.54 0.547 0.555 0.571 0.589 0.593 0.596 0.592 0.586 0.583 0.579 0.579 0.579 0.575 0.57 0.567 0.564 0.56 0.557 0.543 0.528 0.533 0.541 0.54 0.54 0.527 0.511 0.512 0.517 0.526 0.54 0.53 0.519 0.512 0.507 0.506 0.51 0.506 0.504 0.499
-9999 -9999 -9999 -9999 -9999 0.348 0.351 0.351 0.334 -9999 0.348 0.347 0.347 0.372 0.402 0.412 -9999 0.435 0.431 0.443 0.446 0.443 0.44 0.442 0.442 0.45 0.457 0.467 0.481 0.49 0.507 0.501 0.491 0.524 0.558 0.549 0.549 0.555 0.559 0.571 0.578 0.579 0.575 0.573 0.576 0.575 0.579 0.58 0.585 0.575 0.566 0.568 0.567 0.563 0.559 0.556 0.548 0.54 0.54 0.532 0.528 0.535 0.531 0.521 0.517 0.505 0.505 0.514 0.514 0.506 0.5 0.502 0.506 0.507 0.507 0.504
-9999 -9999 -9999 -9999 -9999 0.348 -9999 -9999 -9999 0.342 0.357 0.352 -9999 -9999 -9999 -9999 -9999 0.443 0.441 0.444 0.447 0.446 0.443 0.444 0.443 0.449 0.456 0.467 0.479 0.494 0.51 0.503 0.493 0.52 0.552 0.554 0.554 0.558 0.561 0.568 0.575 0.572 0.567 0.57 0.573 0.577 0.58 0.584 0.589 0.579 0.567 0.568 0.57 0.566 0.562 0.56 0.558 0.551 0.543 0.535 0.526 0.532 0.541 0.531 0.521 0.508 0.496 0.503 0.514 0.507 0.501 0.502 0.508 0.508 0.511 0.509
-9999 -9999 -9999 -9999 -9999 -9999 -9999 0.362 0.355 0.364 0.367 0.36 -9999 -9999 -9999 -9999 -9999 -9999 -9999 -9999 0.449 0.451 0.457 0.459 0.463 0.472 0.486 0.495 0.498 0.508 0.51 0.509 0.517 0.538 0.551 0.549 0.541 0.55 0.573 0.578 0.579 0.576 0.571 0.571 0.564 0.566 0.566 0.569 0.574 0.566 0.555 0.558 0.559 0.559 0.558 0.55 0.544 0.535 0.525 0.537 0.54 0.536 0.54 0.529 0.519 0.503 0.49 0.489 0.496 0.493 0.488 0.486 0.489 0.494 0.499 0.489
-9999 -9999 -9999 -9999 -9999 -9999 -9999 -9999 0.367 -9999 -9999 -9999 -9999 -9999 -9999 -9999 -9999 -9999 0.439 0.445 0.453 0.459 0.465 0.469 0.473 0.486 0.499 0.504 0.508 0.51 0.512 0.52 0.528 0.539 0.551 0.545 0.537 0.556 0.579 0.581 0.581 -9999 0.573 0.569 0.562 0.562 0.562 0.566 0.57 0.562 0.553 0.554 0.557 0.557 0.558 0.55 0.541 0.532 0.522 0.532 0.547 0.544 0.541 0.531 0.521 0.506 0.49 0.49 0.492 0.489 0.487 0.485 0.485 0.49 0.498 0.488
-9999 -9999 -9999 -9999 -9999 -9999 -9999 -9999 -9999 -9999 -9999 -9999 -9999 -9999 -9999 -9999 -9999 -9999 0.451 0.463 0.482 0.483 -9999 -9999 -9999 0.486 0.493 0.495 0.495 0.498 0.504 0.512 0.523 0.524 0.51 0.51 0.527 0.542 0.553 0.557 -9999 0.563 0.568 0.563 0.557 0.559 0.566 0.57 0.578 0.572 0.568 0.558 0.554 0.553 0.553 0.553 0.549 0.542 0.534 0.533 0.54 0.532 0.526 0.519 0.51 0.523 0.525 0.507 0.499 0.493 0.491 0.488 0.489 0.472 0.466 0.475
-9999 -9999 -9999 -9999 -9999 -9999 -9999 -9999 -9999 -9999 -9999 -9999 -9999 -9999 -9999 -9999 -9999 -9999 -9999 -9999 -9999 -9999 -9999 -9999 -9999 0.483 0.493 0.493 0.492 0.497 0.502 0.512 0.522 0.51 0.496 0.51 0.526 0.534 -9999 -9999 0.559 0.564 0.568 0.563 0.557 0.563 0.569 0.576 0.583 0.579 0.575 0.566 0.555 0.553 0.553 0.552 0.554 0.547 0.54 0.539 0.539 0.531 0.522 0.516 0.508 0.521 0.54 0.523 0.505 0.499 0.495 0.493 0.494 0.477 0.46 0.467
-9999 -9999 -9999 -9999 -9999 -9999 -9999 -9999 -9999 -9999 -9999 -9999 -9999 -9999 -9999 -9999 -9999 -9999 -9999 -9999 -9999 -9999 -9999 -9999 -9999 0.481 0.487 0.491 0.498 0.501 0.502 0.509 0.511 0.502 0.499 -9999 -9999 -9999 -9999 -9999 0.55 0.557 0.571 0.565 0.557 0.567 0.586 0.589 0.583 0.577 0.566 0.563 0.555 0.549 0.545 0.534 0.529 0.533 0.532 0.538 0.543 0.525 0.512 0.506 0.5 0.503 0.515 0.512 0.501 0.487 0.479 0.485 0.49 0.471 0.451 0.458
-9999 -9999 -9999 -9999 -9999 -9999 -9999 -9999 -9999 -9999 -9999 -9999 -9999 -9999 -9999 -9999 -9999 -9999 -9999 -9999 -9999 -9999 -9999 -9999 -9999 -9999 -9999 0.491 0.503 0.504 0.505 0.508 0.509 0.508 -9999 -9999 -9999 -9999 0.534 0.542 0.548 0.56 0.574 0.567 0.559 0.575 0.595 0.591 0.583 0.575 0.564 0.56 0.557 0.551 0.544 0.534 0.522 0.525 0.53 0.536 0.546 0.529 0.51 0.505 0.5 0.502 0.508 0.504 0.502 0.489 0.476 0.482 0.492 0.473 0.452 0.458
-9999 -9999 -9999 -9999 -9999 -9999 -9999 -9999 -9999 -9999 -9999 -9999 -9999 -9999 -9999 -9999 -9999 -9999 -9999 -9999 -9999 -9999 -9999 -9999 -9999 -9999 -9999 -9999 0.493 0.499 0.512 0.516 0.517 -9999 -9999 -9999 -9999 0.526 0.541 0.548 0.558 0.565 0.563 0.558 0.555 0.569 0.586 0.578 0.565 0.56 0.564 0.557 0.552 0.551 0.549 0.545 0.537 0.525 0.521 0.518 0.521 0.525 0.517 0.515 0.513 0.506 0.507 0.504 0.502 0.489 0.477 0.47 0.471 0.477 0.471 0.454
-9999 -9999 -9999 -9999 -9999 -9999 -9999 -9999 -9999 -9999 -9999 -9999 -9999 -9999 -9999 -9999 -9999 -9999 -9999 -9999 -9999 -9999 -9999 -9999 -9999 -9999 -9999 -9999 -9999 -9999 -9999 -9999 -9999 -9999 -9999 -9999 0.516 0.529 0.546 0.554 0.564 0.563 0.561 0.559 0.555 0.568 0.582 0.571 0.558 0.561 0.565 0.558 0.551 0.55 0.551 0.548 0.545 0.533 0.52 0.516 0.514 0.517 0.522 0.52 0.519 0.513 0.508 0.505 0.504 0.492 0.481 0.474 0.468 0.472 0.481 0.465
-9999 -9999 -9999 -9999 -9999 -9999 -9999 -9999 -9999 -9999 -9999 -9999 -9999 -9999 -9999 -9999 -9999 -9999 -9999 -9999 -9999 -9999 -9999 -9999 -9999 -9999 -9999 -9999 -9999 -9999 -9999 -9999 -9999 -9999 -9999 0.535 0.531 0.545 0.558 0.562 0.558 0.557 0.557 0.558 0.565 0.57 0.564 0.559 0.565 0.564 0.557 0.548 0.54 0.534 0.53 0.534 0.534 0.529 0.52 0.522 0.524 0.522 0.524 0.519 0.516 0.507 0.499 0.5 0.502 0.484 0.47 0.464 0.458 0.474 0.489 0.49
-9999 -9999 -9999 -9999 -9999 -9999 -9999 -9999 -9999 -9999 -9999 -9999 -9999 -9999 -9999 -9999 -9999 -9999 -9999 -9999 -9999 -9999 -9999 -9999 -9999 -9999 -9999 -9999 -9999 -9999 -9999 -9999 -9999 -9999 -9999 0.537 0.541 0.553 0.565 0.562 0.557 0.558 0.558 0.563 0.568 0.564 0.558 0.562 0.568 0.562 0.555 0.547 0.537 0.531 0.524 0.527 0.532 0.527 0.522 0.524 0.529 0.527 0.526 0.521 0.517 0.507 0.498 0.498 0.503 0.487 0.469 0.463 0.458 0.473 0.495 0.495
-9999 -9999 -9999 -9999 -9999 -9999 -9999 -9999 -9999 -9999 -9999 -9999 -9999 -9999 -9999 -9999 -9999 -9999 -9999 -9999 -9999 -9999 0.477 0.481 0.482 0.488 -9999 0.498 -9999 -9999 -9999 -9999 -9999 -9999 -9999 -9999 0.545 0.55 0.543 0.546 0.565 0.56 0.546 0.556 0.579 0.575 0.57 0.568 0.553 0.549 0.543 0.527 0.512 0.518 0.517 0.529 0.539 0.532 0.526 0.519 0.517 0.526 0.531 0.529 0.527 0.518 0.51 0.495 0.49 0.497 0.493 0.498 0.501 0.482 0.484 0.491
-9999 -9999 -9999 -9999 -9999 -9999 -9999 -9999 -9999 -9999 -9999 -9999 -9999 -9999 -9999 -9999 -9999 -9999 -9999 0.46 0.47 0.473 0.477 0.481 0.484 0.489 0.494 0.503 0.513 0.518 -9999 -9999 0.523 0.531 0.539 0.544 0.55 0.544 0.537 0.552 0.569 0.557 0.542 0.561 0.583 0.58 0.576 0.563 0.548 0.545 0.541 0.524 0.505 0.509 0.517 0.527 0.543 0.536 0.529 0.522 0.515 0.523 0.534 0.532 0.531 0.523 0.516 0.503 0.488 0.494 0.505 0.51 0.519 0.502 0.483 0.489
-9999 -9999 -9999 -9999 -9999 -9999 -9999 -9999 -9999 -9999 -9999 -9999 -9999 -9999 -9999 -9999 -9999 -9999 0.448 0.457 0.43 0.437 0.454 0.464 0.491 0.496 0.499 0.509 0.522 0.525 0.524 0.528 0.539 0.543 0.543 0.548 0.552 0.551 0.555 0.567 0.576 0.567 0.559 0.572 0.573 0.571 0.572 0.56 0.546 0.543 0.538 0.54 0.532 0.524 0.524 0.515 0.517 0.52 0.518 0.522 0.522 0.515 0.517 0.521 0.523 0.498 0.481 0.493 0.494 0.498 0.506 0.506 0.511 0.504 0.492 0.481
-9999 -9999 -9999 -9999 -9999 -9999 -9999 -9999 -9999 -9999 -9999 -9999 -9999 -9999 -9999 -9999 -9999 -9999 0.446 0.425 0.415 0.43 0.446 0.469 0.496 0.501 0.505 0.517 0.529 0.53 0.529 0.539 0.549 0.549 0.548 0.551 0.555 0.559 0.563 0.571 0.58 0.574 0.567 0.568 0.57 0.57 0.571 0.56 0.547 0.543 0.538 0.54 0.544 0.536 0.528 0.519 0.509 0.511 0.516 0.519 0.525 0.519 0.512 0.515 0.52 0.497 0.471 0.482 0.499 0.503 0.509 0.508 0.51 0.504 0.497 0.487
-9999 -9999 -9999 -9999 -9999 -9999 -9999 -9999 -9999 -9999 -9999 -9999 -9999 -9999 -9999 -9999 -9999 -9999 0.448 0.426 0.447 0.457 0.454 0.475 0.491 0.498 0.507 0.518 0.525 0.527 0.532 0.542 0.554 0.553 0.551 0.559 0.577 0.577 0.566 0.57 0.565 0.563 0.569 0.57 0.571 0.57 0.565 0.553 0.539 0.534 0.529 0.538 0.544 0.545 0.542 0.528 0.516 0.509 0.508 0.515 0.522 0.51 0.499 0.51 0.522 0.509 0.491 0.492 0.503 0.5 0.503 0.499 0.498 0.503 0.502 0.487
-9999 -9999 -9999 -9999 -9999 -9999 -9999 -9999 -9999 -9999 -9999 -9999 -9999 -9999 0.412 0.417 -9999 0.431 0.442 0.453 0.458 0.458 0.457 0.473 0.489 0.5 0.509 0.518 0.525 0.53 0.534 0.544 0.555 0.554 0.552 0.568 0.586 0.578 0.568 0.564 0.559 0.564 0.57 0.571 0.572 0.568 0.563 0.551 0.537 0.533 0.527 0.535 0.546 0.546 0.548 0.534 0.519 0.512 0.506 0.512 0.522 0.51 0.495 0.506 0.523 0.512 0.5 0.503 0.507 0.504 0.503 0.499 0.497 0.5 0.507 0.492
-9999 -9999 -9999 -9999 -9999 -9999 -9999 -9999 -9999 -9999 -9999 -9999 -9999 -9999 0.402 0.411 0.43 0.441 0.449 0.453 0.462 0.463 0.466 0.483 0.498 0.508 0.513 0.519 0.517 0.523 0.535 0.542 0.545 0.548 0.561 0.573 0.579 0.575 0.576 0.574 0.571 0.571 0.561 0.559 0.557 0.548 0.533 0.526 0.534 0.531 0.532 0.522 0.522 0.527 0.53 0.526 0.515 0.514 0.511 0.522 0.535 0.534 0.527 0.521 0.528 0.519 0.509 0.5 0.498 0.495 0.492 0.494 0.494 0.48 0.474 0.494
-9999 -9999 -9999 -9999 -9999 -9999 -9999 -9999 -9999 -9999 -9999 -9999 -9999 0.391 0.397 0.415 0.434 0.441 0.449 0.455 0.463 0.464 0.467 0.484 0.5 0.507 0.513 0.514 0.512 0.523 0.535 0.538 0.541 0.552 0.565 0.57 0.575 0.577 0.579 0.578 0.576 0.567 0.557 0.554 0.551 0.537 0.522 0.527 0.534 0.534 0.535 0.525 0.515 0.518 0.525 0.519 0.515 0.513 0.513 0.524 0.539 0.539 0.54 0.535 0.532 0.523 0.514 0.506 0.497 0.493 0.491 0.492 0.496 0.482 0.466 0.483
-9999 -9999 -9999 -9999 -9999 -9999 -9999 -9999 -9999 -9999 -9999 -9999 -9999 -9999 0.411 0.427 0.439 0.443 0.437 0.44 0.436 0.438 0.45 0.465 0.485 0.495 0.512 0.518 0.528 0.537 0.537 0.546 0.566 0.573 0.57 0.573 0.572 0.573 0.572 0.576 0.587 0.578 0.563 0.559 0.551 0.539 0.528 0.53 0.527 0.528 0.528 0.531 0.528 0.523 0.523 0.526 0.527 0.519 -9999 0.514 0.521 0.533 0.541 0.522 0.509 0.517 0.517 0.515 0.51 0.502 0.497 0.496 0.5 0.497 0.49 0.487
-9999 -9999 -9999 -9999 -9999 -9999 -9999 -9999 -9999 -9999 -9999 -9999 -9999 0.395 0.416 0.428 0.44 0.438 0.433 0.43 0.426 0.433 0.442 0.458 0.475 0.492 0.509 0.521 0.532 0.536 0.538 0.555 0.576 0.574 0.571 0.571 0.57 0.57 0.569 0.579 0.591 0.58 0.566 0.559 0.552 0.542 0.531 0.529 0.526 0.526 0.527 0.53 0.534 0.529 0.524 0.527 0.532 0.525 0.518 -9999 0.516 -9999 0.542 -9999 0.502 -9999 0.519 0.517 0.517 0.509 0.501 0.501 0.504 -9999 -9999 -9999
-9999 -9999 -9999 -9999 -9999 -9999 -9999 -9999 -9999 -9999 -9999 -9999 -9999 0.391 0.409 0.42 0.428 0.427 0.427 0.426 0.426 0.432 0.44 0.453 0.466 0.482 0.505 0.51 0.5 0.509 0.529 0.551 0.583 0.581 0.574 0.578 0.586 0.581 0.562 0.572 0.588 0.576 0.559 0.555 0.552 0.545 0.539 0.537 0.535 0.53 0.512 0.507 0.506 0.517 0.521 0.513 0.514 0.516 0.515 -9999 -9999 0.528 0.54 -9999 -9999 0.522 0.534 0.532 -9999 -9999 -9999 -9999 -9999 -9999 -9999 -9999
-9999 -9999 -9999 -9999 -9999 -9999 -9999 -9999 -9999 -9999 -9999 -9999 0.359 0.379 0.403 0.413 0.421 0.423 0.424 0.425 0.425 0.432 0.44 0.452 0.463 0.481 0.501 0.494 0.484 0.504 0.524 0.552 0.584 0.58 0.574 0.582 0.591 0.576 0.558 0.571 0.586 0.573 0.556 0.555 0.553 0.548 0.543 0.541 0.539 0.524 0.507 0.502 0.498 0.507 0.52 0.513 -9999 -9999 -9999 0.522 -9999 -9999 -9999 -9999 -9999 -9999 0.544 -9999 -9999 -9999 -9999 -9999 -9999 -9999 -9999 -9999
