Validation/Results/ReClimate_10_2023_1.asc
NCOLS 192
NROWS 249
XLLCENTER -225160.85627316462
YLLCENTER 29788.11610251502
CELLSIZE 5000.0
NODATA_VALUE -9999
[rows 165 to 197 of 249, columns 74 to 147 of 192]
-9999 -9999 -9999 -9999 -9999 -9999 -9999 -9999 -9999 -9999 -9999 -9999 -9999 -9999 -9999 -9999 -9999 -9999 -9999 -9999 -9999 -9999 -9999 -9999 -9999 -9999 -9999 -9999 -9999 -9999 -9999 -9999 -9999 -9999 -9999 -9999 -9999 -9999 106.813 106.849 106.874 106.9 106.925 106.945 106.956 106.962 106.957 106.94 106.92 106.903 106.888 106.874 106.86 106.846 106.83 106.812 106.791 106.769 106.744 106.718 106.691 106.665 106.64 106.616 106.592 106.567 106.544 106.521 106.498 106.476 106.453 106.43 106.407 106.384
-9999 -9999 -9999 -9999 -9999 -9999 -9999 -9999 -9999 -9999 -9999 -9999 -9999 -9999 -9999 -9999 -9999 -9999 -9999 -9999 -9999 -9999 -9999 -9999 -9999 -9999 -9999 -9999 -9999 -9999 -9999 -9999 -9999 -9999 -9999 -9999 -9999 -9999 106.763 106.798 106.825 106.851 106.875 106.891 106.903 106.914 106.917 106.908 106.889 106.872 106.858 106.844 106.831 106.817 106.802 106.785 106.766 106.745 106.722 106.697 106.673 106.649 106.626 106.602 106.577 106.552 106.527 106.504 106.48 106.457 106.434 106.41 106.388 106.367
-9999 -9999 -9999 -9999 -9999 -9999 -9999 -9999 -9999 -9999 -9999 -9999 -9999 -9999 -9999 -9999 -9999 -9999 -9999 -9999 -9999 -9999 -9999 -9999 -9999 -9999 -9999 -9999 -9999 -9999 -9999 -9999 -9999 -9999 -9999 -9999 -9999 106.649 106.693 106.733 106.771 106.805 106.827 106.84 106.852 106.864 106.874 106.872 106.857 106.841 106.827 106.815 106.802 106.789 106.774 106.759 106.741 106.721 106.7 106.679 106.657 106.635 106.611 106.587 106.562 106.537 106.51 106.485 106.461 106.437 106.414 106.392 106.372 106.353
-9999 -9999 -9999 -9999 -9999 -9999 -9999 -9999 -9999 -9999 -9999 -9999 -9999 -9999 -9999 -9999 -9999 -9999 -9999 -9999 -9999 -9999 -9999 -9999 -9999 -9999 -9999 -9999 -9999 -9999 -9999 -9999 -9999 -9999 -9999 -9999 -9999 106.574 106.619 106.664 106.707 106.744 106.775 106.794 106.805 106.816 106.828 106.831 106.823 106.81 106.797 106.785 106.773 106.761 106.747 106.733 106.717 106.701 106.683 106.663 106.642 106.62 106.596 106.571 106.546 106.519 106.492 106.465 106.44 106.418 106.398 106.379 106.36 106.343
-9999 -9999 -9999 -9999 -9999 -9999 -9999 -9999 -9999 -9999 -9999 -9999 -9999 -9999 -9999 -9999 -9999 -9999 -9999 -9999 -9999 -9999 -9999 -9999 -9999 -9999 -9999 -9999 -9999 -9999 -9999 -9999 -9999 -9999 -9999 -9999 -9999 -9999 106.55 106.596 106.639 106.681 106.714 106.738 106.759 106.772 106.783 106.788 106.784 106.777 106.767 106.756 106.744 106.733 106.72 106.709 106.697 106.684 106.668 106.649 106.627 106.604 106.579 106.554 106.527 106.501 106.475 106.449 106.425 106.404 106.385 106.367 106.349 106.332
-9999 -9999 -9999 -9999 -9999 -9999 -9999 -9999 -9999 -9999 -9999 -9999 -9999 -9999 -9999 -9999 -9999 -9999 104.687 104.802 -9999 -9999 -9999 -9999 -9999 -9999 -9999 -9999 -9999 -9999 -9999 -9999 -9999 -9999 -9999 -9999 -9999 106.439 106.487 106.533 106.576 106.617 106.651 106.68 106.704 106.725 106.741 106.747 106.746 106.741 106.735 106.727 106.716 106.706 106.698 106.688 106.68 106.669 106.654 106.634 106.611 106.587 106.562 106.537 106.511 106.486 106.461 106.436 106.412 106.391 106.372 106.354 106.337 106.321
-9999 -9999 -9999 -9999 -9999 -9999 -9999 -9999 -9999 -9999 -9999 -9999 -9999 -9999 -9999 -9999 -9999 -9999 104.694 104.796 104.89 -9999 -9999 -9999 -9999 -9999 -9999 -9999 -9999 -9999 -9999 -9999 -9999 -9999 -9999 -9999 106.331 106.377 106.427 106.473 106.517 106.558 106.591 106.62 106.648 106.673 106.694 106.707 106.707 106.704 106.702 106.698 106.695 106.686 106.679 106.671 106.664 106.656 106.642 106.62 106.596 106.571 106.546 106.521 106.496 106.472 106.448 106.424 106.4 106.377 106.357 106.34 106.324 106.308
-9999 -9999 -9999 -9999 -9999 -9999 -9999 -9999 -9999 -9999 -9999 -9999 -9999 -9999 -9999 -9999 -9999 104.612 104.704 104.8 104.888 104.97 -9999 -9999 -9999 -9999 -9999 -9999 -9999 -9999 -9999 -9999 -9999 106.077 -9999 -9999 106.266 106.319 106.37 106.417 106.462 -9999 106.535 106.565 106.593 106.62 106.646 106.665 106.676 106.675 106.675 106.674 106.673 106.669 106.662 106.654 106.646 106.636 106.623 106.603 106.578 106.553 106.529 106.506 106.482 106.459 106.435 106.411 106.387 106.362 106.341 106.325 106.309 106.295
-9999 -9999 -9999 -9999 -9999 -9999 -9999 -9999 -9999 -9999 -9999 -9999 -9999 -9999 -9999 -9999 -9999 104.625 104.711 104.801 104.885 104.964 105.039 105.111 -9999 -9999 -9999 105.416 105.514 -9999 105.741 105.852 105.952 106.039 106.106 -9999 -9999 106.276 106.325 -9999 -9999 106.455 106.489 106.52 106.549 106.577 106.605 106.63 106.646 106.653 106.652 106.65 106.648 106.645 106.641 106.634 106.625 106.614 106.599 106.58 106.558 106.535 106.512 106.49 106.467 106.444 106.421 106.397 106.373 106.348 106.325 106.308 106.293 106.28
-9999 -9999 -9999 -9999 -9999 -9999 -9999 -9999 -9999 -9999 -9999 -9999 -9999 -9999 -9999 -9999 -9999 -9999 104.715 104.801 104.882 104.958 105.03 -9999 -9999 105.229 105.303 105.374 105.476 105.591 105.703 105.81 105.91 105.996 106.068 106.13 -9999 106.239 106.288 106.334 106.378 106.416 106.449 106.48 106.51 106.539 106.568 106.596 106.616 106.625 106.63 106.627 106.623 106.619 106.614 106.609 106.601 106.59 106.575 106.556 106.536 106.515 106.494 106.473 106.451 106.429 106.406 106.382 106.358 106.333 106.308 106.29 106.277 106.265
-9999 -9999 -9999 -9999 -9999 -9999 -9999 -9999 -9999 -9999 -9999 -9999 -9999 -9999 -9999 -9999 -9999 -9999 104.715 104.8 104.878 104.951 105.021 105.088 105.153 105.216 105.277 105.348 105.438 105.549 105.661 105.766 105.864 105.95 106.024 106.091 106.15 106.2 106.248 106.293 106.335 106.373 106.405 106.436 106.466 106.496 106.525 106.553 106.573 106.588 106.598 106.602 106.599 106.593 106.587 106.579 106.571 106.56 106.547 106.532 106.515 106.495 106.475 106.455 106.434 106.412 106.39 106.368 106.344 106.319 106.292 106.272 106.26 106.251
-9999 -9999 -9999 -9999 -9999 -9999 -9999 -9999 -9999 -9999 -9999 -9999 -9999 -9999 -9999 -9999 -9999 -9999 -9999 104.796 104.873 104.944 105.011 105.077 105.14 105.201 105.261 105.324 105.403 105.508 105.619 105.723 105.819 105.902 105.976 106.044 106.105 106.16 106.207 106.251 106.293 106.33 106.363 106.394 106.423 106.453 106.482 106.508 106.528 106.543 106.557 106.568 106.567 106.563 106.559 106.551 106.54 106.528 106.516 106.502 106.487 106.471 106.453 106.435 106.416 106.396 106.375 106.353 106.33 106.306 106.281 106.259 106.247 106.238
-9999 -9999 -9999 -9999 -9999 -9999 -9999 -9999 -9999 -9999 -9999 -9999 -9999 -9999 -9999 -9999 -9999 -9999 -9999 -9999 -9999 104.935 105.001 105.065 105.126 105.187 105.246 105.304 105.375 105.466 105.576 105.68 105.773 105.854 105.927 105.996 106.059 106.117 106.168 106.212 106.254 106.291 106.324 106.354 106.384 106.412 106.441 106.466 106.484 106.498 106.513 106.525 106.531 106.527 106.522 106.516 106.508 106.498 106.485 106.472 106.457 106.442 106.426 106.409 106.392 106.374 106.356 106.336 106.315 106.292 106.269 106.247 106.232 106.222
-9999 -9999 -9999 -9999 -9999 -9999 -9999 -9999 -9999 -9999 -9999 -9999 -9999 -9999 -9999 -9999 -9999 -9999 -9999 -9999 104.857 104.925 104.989 105.052 105.112 105.171 105.23 105.287 105.349 105.432 105.536 105.638 105.729 105.808 105.881 105.95 106.014 106.074 106.128 106.176 106.217 106.255 106.288 106.318 106.347 106.375 106.403 106.426 106.442 106.456 106.469 106.483 106.494 106.492 106.483 106.473 106.463 106.454 106.443 106.429 106.413 106.398 106.383 106.368 106.353 106.339 106.324 106.309 106.294 106.275 106.254 106.232 106.216 106.205
-9999 -9999 -9999 -9999 -9999 -9999 -9999 -9999 -9999 -9999 -9999 -9999 -9999 -9999 -9999 -9999 -9999 -9999 -9999 104.779 104.847 104.913 104.976 105.038 105.097 105.155 105.214 105.273 105.334 105.409 105.498 105.597 105.686 105.764 105.838 105.906 105.97 106.031 106.088 106.139 106.183 106.221 106.254 106.284 106.312 106.34 106.366 106.388 106.402 106.415 106.427 106.439 106.445 106.445 106.434 106.422 106.41 106.4 106.389 106.377 106.364 106.349 106.334 106.32 106.307 106.295 106.282 106.269 106.256 106.243 106.228 106.213 106.199 106.188
-9999 -9999 -9999 -9999 -9999 -9999 -9999 -9999 -9999 -9999 -9999 -9999 -9999 -9999 -9999 -9999 -9999 -9999 104.703 104.765 104.834 104.899 104.962 105.022 105.081 105.14 105.203 105.264 105.324 105.388 105.468 105.556 105.644 105.722 105.796 105.864 105.929 105.99 106.048 106.101 106.149 106.189 106.223 106.252 106.28 106.307 106.332 106.352 106.363 106.372 106.379 106.383 106.388 106.391 106.383 106.37 106.358 106.346 106.334 106.321 106.31 106.298 106.285 106.273 106.261 106.25 106.238 106.227 106.215 106.202 106.189 106.176 106.166 106.162
-9999 -9999 -9999 -9999 -9999 -9999 -9999 -9999 -9999 -9999 -9999 -9999 -9999 -9999 -9999 -9999 104.566 104.634 104.692 104.753 104.819 104.884 104.945 105.016 105.109 105.163 105.194 105.269 105.368 105.414 105.44 105.522 105.602 105.681 105.755 105.824 105.889 105.95 106.009 106.064 106.115 106.159 106.193 106.223 106.25 106.275 106.299 106.312 106.317 106.321 106.324 106.328 106.331 106.335 106.333 106.321 106.308 106.295 106.281 106.268 106.254 106.243 106.235 106.226 106.216 106.206 106.196 106.185 106.173 106.161 106.149 106.135 106.123 106.121
-9999 -9999 -9999 -9999 -9999 -9999 -9999 -9999 -9999 -9999 -9999 -9999 -9999 -9999 -9999 104.507 104.567 104.627 104.682 -9999 -9999 -9999 -9999 105.005 105.107 105.146 105.184 105.273 105.355 105.381 105.42 105.492 105.566 105.64 105.714 105.784 105.849 105.912 105.971 106.027 106.081 106.127 106.166 106.195 106.221 106.244 106.259 106.264 106.266 106.269 106.272 106.274 106.277 106.28 106.282 106.275 106.261 106.247 106.232 106.216 106.201 106.189 106.181 106.177 106.171 106.163 106.154 106.144 106.133 106.121 106.108 106.093 106.08 106.077
-9999 -9999 -9999 -9999 -9999 -9999 -9999 -9999 -9999 -9999 -9999 -9999 -9999 -9999 -9999 104.523 104.558 104.616 -9999 -9999 -9999 -9999 -9999 104.987 105.062 105.112 105.172 105.243 105.299 105.341 105.401 105.466 105.535 105.603 105.673 105.744 105.81 105.873 105.933 105.991 106.045 106.096 106.138 106.168 106.189 106.203 106.213 106.215 106.217 106.219 106.221 106.223 106.224 106.228 106.233 106.229 106.216 106.201 106.185 106.169 106.151 106.136 106.13 106.128 106.126 106.121 106.112 106.102 106.092 106.079 106.066 106.051 106.037 106.034
-9999 -9999 -9999 -9999 -9999 -9999 -9999 -9999 -9999 -9999 -9999 -9999 -9999 -9999 -9999 -9999 -9999 104.619 -9999 -9999 -9999 -9999 -9999 104.975 105.039 105.1 105.159 105.216 105.273 105.329 105.385 105.446 105.512 105.576 105.64 105.705 105.772 105.835 105.895 105.953 106.009 106.063 106.108 106.136 106.148 106.16 106.166 106.167 106.168 106.17 106.171 106.172 106.174 106.178 106.183 106.184 106.173 106.158 106.142 106.125 106.108 106.094 106.086 106.083 106.081 106.078 106.072 106.063 106.053 106.041 106.027 106.012 105.998 105.995
-9999 -9999 -9999 -9999 -9999 -9999 -9999 -9999 -9999 -9999 -9999 -9999 -9999 -9999 -9999 -9999 -9999 -9999 -9999 -9999 -9999 -9999 -9999 104.969 105.027 105.09 105.151 105.21 105.266 105.341 105.449 105.487 105.492 105.553 105.613 105.673 105.733 105.796 105.856 105.914 105.97 106.022 106.063 106.088 106.104 106.114 106.118 106.119 106.12 106.121 106.122 106.122 106.125 106.13 106.135 106.139 106.131 106.116 106.101 106.086 106.07 106.057 106.048 106.044 106.041 106.038 106.034 106.027 106.016 106.005 105.991 105.975 105.962 105.968
-9999 -9999 -9999 -9999 -9999 -9999 -9999 -9999 -9999 -9999 -9999 -9999 -9999 -9999 -9999 -9999 -9999 -9999 -9999 -9999 -9999 -9999 -9999 -9999 105.026 105.089 105.149 105.206 105.261 105.35 105.42 105.438 105.474 105.532 105.59 105.646 105.703 105.758 105.817 105.874 105.927 105.971 106.007 106.035 106.056 106.065 106.068 106.07 106.072 106.073 106.073 106.074 106.077 106.083 106.088 106.094 106.089 106.076 106.061 106.047 106.034 106.023 106.015 106.009 106.005 106.001 105.996 105.991 105.981 105.969 105.955 105.941 105.937 105.949
-9999 -9999 -9999 -9999 -9999 -9999 -9999 -9999 -9999 -9999 -9999 -9999 -9999 -9999 -9999 -9999 -9999 -9999 -9999 -9999 -9999 -9999 -9999 104.94 105.007 105.073 105.145 105.214 105.306 105.379 105.46 105.476 105.459 105.512 105.569 105.623 105.676 105.729 105.78 105.831 105.876 105.916 105.952 105.982 106.004 106.013 106.016 106.019 106.022 106.023 106.024 106.026 106.03 106.036 106.042 106.047 106.047 106.035 106.022 106.01 105.999 105.99 105.982 105.975 105.97 105.965 105.96 105.954 105.946 105.934 105.924 105.918 105.92 105.938
-9999 -9999 -9999 -9999 -9999 -9999 -9999 -9999 -9999 -9999 -9999 -9999 -9999 -9999 -9999 -9999 -9999 -9999 -9999 -9999 -9999 -9999 -9999 104.927 104.981 105.057 105.139 105.213 105.265 105.348 105.445 105.442 105.445 105.494 105.547 105.601 105.653 105.702 105.75 105.791 105.827 105.863 105.898 105.929 105.951 105.961 105.965 105.969 105.971 105.973 105.974 105.978 105.983 105.989 105.995 106.001 106.003 105.996 105.985 105.975 105.965 105.956 105.949 105.942 105.935 105.929 105.923 105.917 105.911 105.907 105.903 105.901 105.908 105.929
-9999 -9999 -9999 -9999 -9999 -9999 -9999 -9999 -9999 -9999 -9999 -9999 -9999 -9999 -9999 -9999 -9999 -9999 -9999 -9999 -9999 -9999 -9999 104.963 105.008 105.079 105.132 105.181 105.223 105.302 105.361 105.388 105.434 105.48 105.527 105.579 105.63 105.678 105.719 105.753 105.786 105.818 105.847 105.875 105.896 105.909 105.914 105.918 105.921 105.923 105.924 105.928 105.935 105.942 105.949 105.956 105.962 105.958 105.948 105.939 105.93 105.922 105.914 105.907 105.9 105.894 105.889 105.887 105.887 105.887 105.887 105.886 105.896 105.919
-9999 -9999 -9999 -9999 -9999 -9999 -9999 -9999 -9999 -9999 -9999 -9999 -9999 -9999 -9999 -9999 -9999 -9999 -9999 -9999 -9999 -9999 -9999 -9999 105.019 105.072 105.124 105.176 105.245 105.294 105.328 105.377 105.424 105.468 105.512 105.558 105.608 105.652 105.688 105.721 105.752 105.78 105.807 105.829 105.845 105.856 105.863 105.867 105.87 105.872 105.874 105.879 105.887 105.894 105.903 105.912 105.921 105.92 105.911 105.903 105.894 105.886 105.879 105.872 105.868 105.867 105.865 105.866 105.868 105.871 105.872 105.872 105.884 105.91
-9999 -9999 -9999 -9999 -9999 -9999 -9999 -9999 -9999 -9999 -9999 -9999 -9999 -9999 -9999 -9999 -9999 -9999 -9999 -9999 -9999 -9999 -9999 -9999 105.017 105.071 105.14 105.197 105.243 105.281 105.318 105.368 105.415 105.459 105.5 105.543 105.585 105.624 105.658 105.69 105.72 105.748 105.771 105.788 105.803 105.815 105.821 105.822 105.823 105.822 105.824 105.83 105.838 105.848 105.858 105.869 105.88 105.88 105.873 105.865 105.859 105.855 105.851 105.848 105.846 105.846 105.846 105.848 105.85 105.853 105.856 105.858 105.873 105.901
-9999 -9999 -9999 -9999 -9999 -9999 -9999 -9999 -9999 -9999 -9999 -9999 -9999 -9999 -9999 -9999 -9999 -9999 -9999 -9999 -9999 -9999 -9999 104.987 105.018 105.083 105.162 105.2 105.23 105.271 105.309 105.36 105.408 105.452 105.492 105.53 105.565 105.596 105.63 105.661 105.69 105.716 105.735 105.752 105.767 105.779 105.785 105.785 105.785 105.784 105.785 105.79 105.8 105.811 105.822 105.834 105.846 105.849 105.844 105.838 105.834 105.831 105.829 105.827 105.827 105.827 105.828 105.829 105.831 105.834 105.838 105.845 105.862 105.892
-9999 -9999 -9999 -9999 -9999 -9999 -9999 -9999 -9999 -9999 -9999 -9999 -9999 -9999 -9999 -9999 -9999 -9999 -9999 -9999 -9999 -9999 -9999 104.99 105.025 105.087 105.144 105.186 105.267 105.298 105.303 105.353 105.401 105.446 105.486 105.521 105.548 105.575 105.604 105.634 105.662 105.683 105.702 105.718 105.732 105.745 105.752 105.753 105.753 105.751 105.752 105.76 105.772 105.784 105.795 105.807 105.819 105.824 105.82 105.816 105.812 105.81 105.808 105.807 105.806 105.807 105.808 105.81 105.812 105.816 105.82 105.831 105.852 105.882
-9999 -9999 -9999 -9999 -9999 -9999 -9999 -9999 -9999 -9999 -9999 -9999 -9999 -9999 -9999 -9999 -9999 -9999 -9999 -9999 -9999 -9999 -9999 104.999 105.036 105.08 105.115 105.182 105.264 105.282 105.302 105.351 105.398 105.441 105.481 105.511 105.536 105.56 105.633 105.742 105.608 105.658 105.759 105.768 105.763 105.782 105.786 105.721 105.721 105.72 105.723 105.735 105.747 105.759 105.771 105.783 105.795 105.8 105.796 105.793 105.79 105.787 105.786 105.785 105.785 105.786 105.787 105.789 105.792 105.797 105.802 105.816 105.841 105.872
-9999 -9999 -9999 -9999 -9999 -9999 -9999 -9999 -9999 -9999 -9999 -9999 -9999 -9999 -9999 -9999 -9999 -9999 -9999 -9999 -9999 -9999 104.977 105.012 105.05 105.085 105.12 105.205 105.327 105.332 105.304 105.351 105.397 105.493 105.683 105.759 105.915 105.885 105.827 105.735 105.673 105.758 105.839 105.827 105.792 105.821 105.812 105.781 105.687 105.704 105.765 105.758 105.723 105.735 105.747 105.759 105.771 105.776 105.772 105.768 105.766 105.764 105.762 105.762 105.762 105.763 105.765 105.768 105.772 105.777 105.785 105.802 105.829 105.86
-9999 -9999 -9999 -9999 -9999 -9999 -9999 -9999 -9999 -9999 -9999 -9999 -9999 -9999 -9999 -9999 -9999 -9999 -9999 -9999 -9999 104.944 104.988 105.029 105.067 105.103 105.14 105.233 105.31 105.301 105.31 105.442 105.734 105.749 105.471 105.641 105.871 105.799 105.782 105.747 105.739 105.781 105.782 105.773 105.793 105.846 105.943 105.856 105.742 105.764 105.742 105.725 105.724 105.725 105.723 105.735 105.746 105.751 105.746 105.742 105.74 105.738 105.737 105.737 105.738 105.739 105.742 105.746 105.75 105.756 105.768 105.788 105.816 105.847
-9999 -9999 -9999 -9999 -9999 -9999 -9999 -9999 -9999 -9999 -9999 -9999 -9999 -9999 -9999 -9999 -9999 -9999 -9999 104.859 104.907 104.959 105.005 105.046 105.085 105.122 105.16 105.221 105.29 105.432 105.685 105.864 105.917 105.687 105.42 105.649 105.933 105.927 105.925 105.896 105.818 105.786 105.692 105.731 105.816 105.883 105.91 105.829 105.765 105.736 105.689 105.7 105.792 105.755 105.704 105.71 105.717 105.72 105.715 105.711 105.707 105.706 105.706 105.707 105.71 105.714 105.718 105.723 105.728 105.735 105.75 105.775 105.801 105.836
