Validation/Results/ReClimate_12_2023_1_Temperature-Actualsweatherlogisticsltd.asc
NCOLS 192
NROWS 249
XLLCENTER -225160.85627316462
YLLCENTER 29788.11610251502
CELLSIZE 5000.0
NODATA_VALUE -9999
[rows 136 to 169 of 249, columns 77 to 153 of 192]
-9999 -9999 -9999 -9999 -9999 -9999 -9999 -9999 5.908 -9999 5.427 5.099 5.135 5.148 5.402 5.569 5.597 5.515 4.624 4.728 4.734 4.799 5.272 5.291 5.292 5.369 4.977 4.931 -9999 -9999 -9999 -9999 -9999 -9999 5.724 5.914 5.923 5.686 5.515 5.282 4.72 4.396 4.628 4.671 4.708 5.103 4.86 4.762 5.185 5.464 5.658 5.599 5.939 6.086 6.158 6.241 6.589 -9999 -9999 -9999 -9999 -9999 -9999 -9999 -9999 -9999 -9999 -9999 -9999 -9999 -9999 -9999 -9999 -9999 -9999 -9999 -9999
-9999 -9999 -9999 -9999 -9999 -9999 -9999 -9999 5.787 5.727 5.749 5.836 5.611 5.512 5.523 5.591 5.892 5.745 5.398 4.723 4.754 4.857 5.246 5.17 5.154 5.516 5.266 5.778 -9999 -9999 -9999 -9999 5.797 5.594 5.69 5.937 6.023 5.88 5.619 4.911 4.164 4.164 4.381 4.085 4.711 4.617 4.416 4.93 4.9 5.198 5.707 5.746 5.412 5.726 6.0 6.089 6.635 -9999 -9999 -9999 -9999 -9999 -9999 -9999 -9999 -9999 -9999 -9999 -9999 -9999 -9999 -9999 -9999 -9999 -9999 -9999 -9999
6.466 -9999 -9999 -9999 -9999 -9999 -9999 -9999 5.824 6.061 5.999 -9999 -9999 5.922 5.728 5.767 5.899 -9999 6.069 5.788 5.552 5.379 5.451 5.193 5.611 5.95 -9999 -9999 -9999 -9999 -9999 6.144 5.883 5.697 5.747 5.827 5.831 5.78 5.377 4.707 3.732 3.539 4.04 3.803 4.313 3.868 4.106 4.427 4.412 5.058 5.198 5.301 5.317 5.537 5.821 5.978 6.425 -9999 -9999 -9999 -9999 -9999 -9999 -9999 -9999 -9999 -9999 -9999 -9999 -9999 -9999 -9999 -9999 -9999 -9999 -9999 -9999
6.122 -9999 -9999 -9999 -9999 -9999 -9999 -9999 -9999 6.215 6.371 -9999 -9999 -9999 6.194 5.849 5.901 6.141 -9999 -9999 6.098 5.961 5.846 5.457 5.645 -9999 -9999 -9999 -9999 -9999 6.034 5.985 5.787 5.715 5.687 5.642 5.691 5.424 5.195 4.848 3.89 3.679 3.102 3.685 3.274 3.156 3.559 3.924 3.909 4.321 4.926 5.013 4.978 5.384 5.669 5.631 5.919 -9999 -9999 -9999 -9999 -9999 -9999 -9999 -9999 -9999 -9999 -9999 -9999 -9999 -9999 -9999 -9999 -9999 -9999 -9999 -9999
-9999 -9999 -9999 -9999 -9999 -9999 -9999 -9999 -9999 -9999 6.437 -9999 -9999 -9999 -9999 6.181 5.825 6.02 -9999 -9999 -9999 6.258 6.381 -9999 -9999 -9999 -9999 -9999 -9999 -9999 6.072 5.9 5.651 5.398 5.193 5.306 5.396 5.31 5.385 5.024 4.341 3.403 3.303 3.314 2.616 2.816 3.171 3.689 3.635 3.833 4.433 4.866 5.165 5.409 5.508 5.342 5.574 -9999 -9999 -9999 -9999 -9999 -9999 -9999 -9999 -9999 -9999 -9999 -9999 -9999 -9999 -9999 -9999 -9999 -9999 -9999 -9999
-9999 -9999 -9999 -9999 -9999 -9999 -9999 -9999 -9999 -9999 6.233 -9999 -9999 -9999 -9999 -9999 6.239 6.202 -9999 -9999 -9999 -9999 -9999 -9999 -9999 -9999 -9999 -9999 -9999 -9999 6.001 5.438 5.086 4.907 4.794 4.975 5.087 5.163 5.199 4.971 4.509 3.521 2.572 2.069 2.411 2.869 3.79 3.995 4.134 4.395 4.504 4.533 5.03 5.427 5.362 5.144 5.337 5.923 -9999 -9999 -9999 -9999 -9999 -9999 -9999 -9999 -9999 -9999 -9999 -9999 -9999 -9999 -9999 -9999 -9999 -9999 -9999
5.94 6.043 6.551 -9999 -9999 -9999 -9999 -9999 -9999 -9999 6.24 -9999 -9999 -9999 -9999 -9999 -9999 -9999 -9999 -9999 -9999 -9999 -9999 -9999 -9999 -9999 -9999 -9999 -9999 6.11 5.649 5.361 5.376 5.167 4.38 4.814 4.814 4.717 4.997 4.904 5.009 3.717 2.33 1.893 2.669 3.285 2.967 2.815 3.471 3.968 4.788 4.866 4.915 5.097 5.137 5.148 5.239 5.709 6.353 -9999 -9999 -9999 -9999 -9999 -9999 -9999 -9999 -9999 -9999 -9999 -9999 -9999 -9999 -9999 -9999 -9999 -9999
5.885 6.208 6.434 -9999 -9999 -9999 -9999 -9999 -9999 -9999 -9999 -9999 -9999 -9999 -9999 -9999 -9999 -9999 -9999 -9999 -9999 -9999 -9999 -9999 -9999 -9999 -9999 -9999 5.914 5.854 5.464 5.338 5.342 5.056 3.389 3.953 4.841 4.883 4.95 5.272 5.032 4.445 3.159 2.063 2.563 2.91 3.314 3.481 3.391 3.659 4.174 4.875 5.03 5.185 5.183 5.184 5.341 5.768 6.27 -9999 -9999 -9999 -9999 -9999 -9999 -9999 -9999 -9999 -9999 -9999 -9999 -9999 -9999 -9999 -9999 -9999 -9999
6.154 -9999 6.522 6.797 -9999 -9999 -9999 -9999 -9999 -9999 -9999 -9999 -9999 -9999 -9999 -9999 -9999 -9999 -9999 -9999 -9999 -9999 -9999 -9999 -9999 -9999 -9999 -9999 5.624 5.563 5.427 4.489 4.419 4.736 4.903 4.602 4.355 4.681 4.859 5.014 5.21 5.07 4.18 3.542 2.528 3.184 3.573 3.748 3.854 4.148 4.466 4.765 4.883 5.152 5.21 5.281 5.378 5.735 6.222 6.498 6.547 -9999 -9999 -9999 -9999 -9999 -9999 -9999 -9999 -9999 -9999 -9999 -9999 -9999 -9999 -9999 -9999
6.176 -9999 -9999 6.788 -9999 -9999 -9999 -9999 -9999 -9999 -9999 -9999 -9999 -9999 -9999 -9999 -9999 -9999 -9999 -9999 -9999 -9999 -9999 -9999 -9999 -9999 -9999 -9999 5.747 5.562 4.866 4.013 5.277 5.351 4.53 4.014 4.598 4.553 4.329 5.098 4.964 5.278 5.311 4.438 3.857 3.464 3.703 3.91 4.333 4.563 4.886 5.122 5.279 5.258 5.416 5.324 5.494 5.717 5.982 5.768 5.805 5.836 6.096 5.686 -9999 -9999 -9999 -9999 -9999 -9999 -9999 -9999 -9999 -9999 -9999 -9999 -9999
6.156 6.505 -9999 6.868 -9999 -9999 -9999 -9999 -9999 -9999 -9999 -9999 -9999 -9999 -9999 -9999 -9999 -9999 -9999 -9999 -9999 -9999 -9999 -9999 -9999 -9999 -9999 6.613 5.835 5.311 4.231 3.66 3.642 4.396 4.604 4.505 4.227 3.786 4.748 4.164 4.726 5.072 5.23 5.017 4.739 4.252 3.666 3.885 4.333 4.695 4.953 5.191 5.353 5.499 5.51 5.525 5.61 5.761 5.797 5.623 4.858 4.819 4.949 5.081 5.516 5.274 -9999 -9999 -9999 -9999 -9999 -9999 -9999 -9999 -9999 -9999 -9999
6.275 -9999 6.679 -9999 -9999 -9999 -9999 -9999 -9999 -9999 -9999 -9999 -9999 -9999 -9999 -9999 -9999 -9999 -9999 -9999 -9999 -9999 -9999 -9999 -9999 -9999 -9999 -9999 6.475 5.559 4.189 3.841 4.273 3.019 3.71 4.446 3.98 4.47 3.542 3.841 4.594 4.921 4.867 4.902 4.554 3.008 3.283 3.432 3.46 3.826 4.606 4.923 5.186 5.445 5.573 5.6 5.679 5.844 5.921 5.75 5.082 4.697 4.874 4.891 4.871 5.106 5.163 -9999 -9999 -9999 -9999 -9999 -9999 -9999 -9999 -9999 -9999
6.404 6.457 6.573 -9999 -9999 -9999 -9999 -9999 -9999 -9999 -9999 -9999 -9999 -9999 -9999 -9999 -9999 -9999 -9999 -9999 -9999 -9999 -9999 -9999 -9999 -9999 -9999 -9999 -9999 6.166 5.414 5.325 4.137 4.15 4.427 5.123 5.309 4.103 4.113 4.491 4.653 4.373 4.365 4.621 3.691 3.316 3.139 2.678 3.112 3.758 4.044 4.684 5.032 5.384 5.547 5.578 5.682 5.824 5.272 5.059 4.45 3.81 4.039 4.315 4.744 4.702 4.99 5.557 -9999 -9999 -9999 -9999 -9999 -9999 -9999 -9999 -9999
6.639 6.481 -9999 -9999 -9999 -9999 -9999 -9999 -9999 -9999 -9999 -9999 -9999 -9999 -9999 -9999 -9999 -9999 -9999 -9999 -9999 -9999 -9999 -9999 -9999 -9999 -9999 -9999 -9999 6.741 6.166 5.635 5.011 4.438 3.993 5.272 4.777 4.955 5.172 5.129 4.865 4.375 3.485 4.343 3.638 2.989 3.356 4.071 4.235 4.176 4.342 4.559 5.137 5.477 5.559 5.571 5.504 5.245 4.938 4.55 4.596 4.296 4.149 4.026 4.13 4.402 4.598 5.23 6.144 -9999 -9999 -9999 -9999 -9999 -9999 -9999 -9999
6.613 6.744 -9999 -9999 -9999 -9999 -9999 -9999 -9999 -9999 -9999 -9999 -9999 -9999 -9999 -9999 -9999 -9999 -9999 -9999 -9999 -9999 -9999 -9999 -9999 -9999 -9999 -9999 -9999 -9999 5.899 5.241 4.988 4.376 5.145 5.042 5.402 5.51 5.472 5.278 4.999 4.47 4.568 3.389 3.676 3.808 3.725 4.093 4.156 4.021 4.655 4.803 5.222 5.447 5.587 5.573 5.35 5.066 4.889 4.709 4.519 4.444 4.396 4.27 4.23 4.33 4.7 5.041 5.816 -9999 -9999 -9999 -9999 -9999 -9999 -9999 -9999
-9999 -9999 -9999 -9999 -9999 -9999 -9999 -9999 -9999 -9999 -9999 -9999 -9999 -9999 -9999 -9999 -9999 -9999 -9999 -9999 -9999 -9999 -9999 -9999 -9999 -9999 -9999 -9999 -9999 -9999 6.583 4.971 5.195 5.754 5.391 5.639 5.607 5.78 5.618 5.128 5.116 5.105 3.422 3.992 3.737 3.671 3.541 4.286 4.343 4.483 4.608 4.975 5.151 5.464 5.587 5.579 5.426 4.882 4.578 4.737 4.865 4.774 4.716 4.551 4.52 4.469 4.576 5.12 5.385 6.212 -9999 -9999 -9999 -9999 -9999 -9999 -9999
-9999 -9999 -9999 -9999 -9999 -9999 -9999 -9999 -9999 -9999 -9999 -9999 -9999 -9999 -9999 -9999 -9999 -9999 -9999 -9999 -9999 -9999 -9999 -9999 -9999 -9999 -9999 -9999 -9999 -9999 -9999 6.08 6.202 5.825 5.577 5.762 5.7 5.936 5.701 5.384 5.447 4.708 3.829 3.404 3.426 3.089 3.512 3.535 3.797 4.229 4.257 4.611 5.072 5.409 5.554 5.418 5.293 5.209 4.54 4.575 5.124 5.381 5.193 5.087 5.033 5.105 5.167 5.396 5.691 5.874 -9999 -9999 -9999 -9999 -9999 -9999 -9999
-9999 -9999 -9999 -9999 -9999 -9999 -9999 -9999 -9999 -9999 -9999 -9999 -9999 -9999 -9999 -9999 -9999 -9999 -9999 -9999 -9999 -9999 -9999 -9999 -9999 -9999 -9999 -9999 -9999 -9999 -9999 6.563 -9999 5.737 5.957 5.874 5.968 -9999 5.955 5.63 5.498 4.806 3.779 3.742 3.704 3.23 3.483 3.425 2.892 3.625 3.966 4.233 4.623 5.222 5.472 5.39 5.249 5.266 5.329 5.16 5.461 5.634 5.464 5.26 5.247 5.322 5.448 5.538 5.281 5.259 5.622 -9999 -9999 -9999 -9999 -9999 -9999
-9999 -9999 -9999 -9999 -9999 -9999 -9999 -9999 -9999 -9999 -9999 -9999 -9999 -9999 -9999 -9999 -9999 -9999 -9999 -9999 -9999 -9999 -9999 -9999 -9999 -9999 -9999 -9999 -9999 -9999 -9999 -9999 6.418 5.992 -9999 -9999 -9999 -9999 6.203 5.899 5.81 5.242 4.795 3.954 3.799 3.585 3.418 4.069 3.717 3.197 3.905 4.123 4.64 5.076 5.436 5.536 5.501 5.455 5.495 5.506 5.404 5.499 5.344 5.235 5.325 5.313 5.154 5.191 5.334 5.201 5.278 5.558 6.038 -9999 -9999 -9999 -9999
-9999 -9999 -9999 -9999 -9999 -9999 -9999 -9999 -9999 -9999 -9999 -9999 -9999 -9999 -9999 -9999 -9999 -9999 -9999 -9999 -9999 -9999 -9999 -9999 -9999 -9999 -9999 -9999 -9999 -9999 -9999 -9999 6.625 6.417 -9999 -9999 -9999 -9999 6.337 5.801 5.918 5.545 4.825 4.887 4.698 3.925 3.826 3.996 4.178 3.305 3.828 4.132 4.462 4.969 5.449 5.623 5.655 5.632 5.58 5.583 5.528 5.42 5.368 5.318 5.327 5.21 4.997 4.847 4.931 5.097 5.369 5.672 6.08 -9999 -9999 -9999 -9999
-9999 -9999 -9999 -9999 -9999 -9999 -9999 -9999 -9999 -9999 -9999 -9999 -9999 -9999 -9999 -9999 -9999 -9999 -9999 -9999 -9999 -9999 -9999 -9999 -9999 -9999 -9999 -9999 -9999 -9999 -9999 -9999 6.671 -9999 -9999 -9999 -9999 6.533 6.175 5.766 5.098 4.791 4.749 4.704 4.755 4.235 3.807 4.31 4.332 4.279 3.855 4.324 4.633 5.083 5.432 5.674 5.614 5.612 5.621 5.662 5.691 5.64 5.604 5.382 4.993 4.965 4.949 5.018 5.099 5.238 5.477 5.839 -9999 -9999 -9999 -9999 -9999
-9999 -9999 -9999 -9999 -9999 -9999 -9999 -9999 -9999 -9999 -9999 -9999 -9999 -9999 -9999 -9999 -9999 -9999 -9999 -9999 -9999 -9999 -9999 -9999 -9999 -9999 -9999 -9999 -9999 -9999 -9999 -9999 -9999 -9999 -9999 -9999 -9999 6.609 6.043 5.022 4.237 3.938 4.367 4.924 4.859 4.938 4.815 4.923 4.781 4.595 4.364 4.39 4.832 5.196 5.459 5.686 5.66 5.603 5.672 5.78 5.842 5.786 5.689 5.564 4.929 4.575 5.05 5.258 5.45 5.495 5.663 5.845 -9999 -9999 -9999 -9999 -9999
-9999 -9999 -9999 -9999 -9999 -9999 -9999 -9999 -9999 -9999 -9999 -9999 -9999 -9999 -9999 -9999 -9999 -9999 -9999 -9999 -9999 -9999 -9999 -9999 -9999 -9999 -9999 -9999 -9999 -9999 -9999 -9999 -9999 -9999 -9999 -9999 -9999 6.508 5.982 5.222 4.411 4.387 4.841 4.983 5.267 5.21 5.185 5.21 5.125 5.272 4.823 4.775 4.866 5.153 5.403 5.646 5.78 5.706 5.753 5.878 5.932 5.882 5.761 5.667 5.351 4.85 5.049 5.436 5.614 5.689 5.743 5.801 -9999 -9999 -9999 -9999 -9999
-9999 -9999 -9999 -9999 -9999 -9999 -9999 -9999 -9999 -9999 -9999 -9999 -9999 -9999 -9999 -9999 -9999 -9999 -9999 -9999 -9999 -9999 -9999 -9999 -9999 -9999 -9999 -9999 -9999 -9999 -9999 -9999 -9999 -9999 -9999 -9999 6.593 6.41 5.972 5.082 4.51 4.269 4.849 4.887 5.574 5.286 5.328 5.127 5.046 4.898 5.538 5.496 5.593 5.529 5.691 5.595 5.721 5.791 5.726 5.76 5.919 5.901 5.844 5.756 5.661 5.281 5.228 5.524 5.759 5.824 5.786 5.764 5.813 -9999 -9999 -9999 -9999
-9999 -9999 -9999 -9999 -9999 -9999 -9999 -9999 -9999 -9999 -9999 -9999 -9999 -9999 -9999 -9999 -9999 -9999 -9999 -9999 -9999 -9999 -9999 -9999 -9999 -9999 -9999 -9999 -9999 -9999 -9999 -9999 -9999 -9999 -9999 -9999 6.405 6.353 6.07 5.592 4.912 5.503 5.375 5.839 5.319 4.909 5.056 4.864 4.905 5.231 5.073 5.528 5.527 5.487 5.513 5.64 5.647 5.778 5.821 5.789 5.839 5.889 5.856 5.836 5.773 5.662 5.392 5.527 5.803 5.913 5.847 5.706 5.749 -9999 -9999 -9999 -9999
-9999 -9999 -9999 -9999 -9999 -9999 -9999 -9999 -9999 -9999 -9999 -9999 -9999 -9999 -9999 -9999 -9999 -9999 -9999 -9999 -9999 -9999 -9999 -9999 -9999 -9999 -9999 -9999 -9999 -9999 -9999 -9999 -9999 -9999 -9999 6.474 6.301 6.314 6.375 5.923 5.867 5.798 5.982 5.87 5.269 5.167 5.041 4.834 4.868 5.025 5.758 5.55 5.903 5.843 5.74 5.589 5.655 5.718 5.823 5.85 5.849 5.879 5.875 5.863 5.819 5.75 5.589 5.43 5.704 5.99 6.003 5.753 5.62 5.831 -9999 -9999 -9999
-9999 -9999 -9999 -9999 -9999 -9999 -9999 -9999 -9999 -9999 -9999 -9999 -9999 -9999 -9999 -9999 -9999 -9999 -9999 -9999 -9999 -9999 -9999 -9999 -9999 -9999 -9999 -9999 -9999 -9999 -9999 -9999 -9999 -9999 -9999 6.309 6.25 6.334 6.362 6.247 6.117 6.081 5.883 5.627 5.679 5.407 4.902 4.128 4.313 4.564 5.223 5.807 5.713 6.025 6.161 5.965 5.697 5.755 5.859 5.896 5.896 5.914 5.931 5.928 5.919 5.895 5.733 5.548 5.775 6.168 6.264 6.072 5.748 5.729 -9999 -9999 -9999
-9999 -9999 -9999 -9999 -9999 -9999 -9999 -9999 -9999 -9999 -9999 -9999 -9999 -9999 -9999 -9999 -9999 -9999 -9999 -9999 -9999 -9999 -9999 -9999 -9999 -9999 -9999 -9999 -9999 -9999 -9999 -9999 -9999 -9999 -9999 6.374 6.289 6.363 6.484 6.448 6.317 5.993 5.732 5.594 5.229 4.708 4.124 4.132 4.371 4.586 5.073 5.583 5.491 5.487 5.955 6.202 6.141 6.024 6.028 5.991 5.942 5.966 5.978 5.979 6.0 6.0 6.017 5.896 5.983 6.325 6.444 6.29 6.002 5.805 5.887 -9999 -9999
-9999 -9999 -9999 -9999 -9999 -9999 -9999 -9999 -9999 -9999 -9999 -9999 -9999 -9999 -9999 -9999 -9999 -9999 -9999 -9999 -9999 -9999 -9999 -9999 -9999 -9999 -9999 -9999 -9999 -9999 -9999 -9999 -9999 -9999 -9999 -9999 6.283 6.339 6.467 6.419 5.998 5.57 5.325 5.145 5.061 4.85 4.468 4.654 4.646 5.045 5.752 5.89 5.782 5.502 5.853 6.139 6.158 6.172 6.178 6.085 6.021 6.03 6.044 6.031 6.027 6.038 6.02 6.088 6.124 -9999 6.399 -9999 6.115 5.986 5.949 6.151 -9999
-9999 -9999 -9999 -9999 -9999 -9999 -9999 -9999 -9999 -9999 -9999 -9999 -9999 -9999 -9999 -9999 -9999 -9999 -9999 -9999 -9999 -9999 -9999 -9999 -9999 -9999 -9999 -9999 -9999 -9999 -9999 -9999 -9999 -9999 -9999 6.458 6.323 6.362 6.461 6.281 5.734 5.076 4.991 5.105 4.709 4.662 4.871 4.588 4.292 4.695 5.332 6.151 5.97 5.853 6.05 6.118 6.07 6.175 6.168 6.14 6.083 6.068 6.052 6.032 6.02 5.865 5.881 5.982 5.891 5.921 6.121 6.17 -9999 6.139 6.161 6.078 6.246
-9999 -9999 -9999 -9999 -9999 -9999 -9999 -9999 -9999 -9999 -9999 -9999 -9999 -9999 -9999 -9999 -9999 -9999 -9999 -9999 -9999 -9999 -9999 -9999 -9999 -9999 -9999 -9999 -9999 -9999 -9999 -9999 -9999 -9999 -9999 6.498 6.411 6.518 6.435 6.062 5.759 5.407 5.205 5.346 5.299 5.368 5.493 4.932 4.488 4.788 5.341 5.686 5.681 5.713 5.866 5.95 5.869 5.943 6.095 6.128 6.161 6.122 6.072 6.015 6.008 5.986 5.769 5.849 5.843 5.623 5.766 5.983 6.103 -9999 -9999 -9999 -9999
-9999 -9999 -9999 -9999 -9999 -9999 -9999 -9999 -9999 -9999 -9999 -9999 -9999 -9999 -9999 -9999 -9999 -9999 -9999 -9999 -9999 -9999 -9999 -9999 -9999 -9999 -9999 -9999 -9999 -9999 -9999 -9999 -9999 -9999 6.622 6.643 6.537 6.396 6.264 6.206 6.079 5.676 5.856 5.924 5.95 6.033 5.847 5.151 4.289 4.104 4.672 5.141 5.097 5.452 5.849 5.893 5.97 5.911 6.039 6.15 6.21 6.183 6.12 6.039 6.012 6.001 5.908 5.778 5.771 5.539 5.497 5.72 5.957 6.089 6.175 -9999 -9999
-9999 -9999 -9999 -9999 -9999 -9999 -9999 -9999 -9999 -9999 -9999 -9999 -9999 -9999 -9999 -9999 -9999 -9999 -9999 -9999 -9999 -9999 -9999 -9999 -9999 -9999 -9999 -9999 -9999 -9999 -9999 -9999 -9999 -9999 6.781 6.617 6.558 6.458 6.247 6.044 6.248 6.232 6.274 6.296 6.344 6.369 6.108 5.518 4.852 3.901 3.613 4.41 4.649 5.025 5.621 5.731 6.075 6.184 6.049 6.136 6.23 6.222 6.16 6.072 6.025 6.015 5.908 5.83 5.796 5.735 5.358 5.483 5.724 5.939 6.094 6.244 -9999
-9999 -9999 -9999 -9999 -9999 -9999 -9999 -9999 -9999 -9999 -9999 -9999 -9999 -9999 -9999 -9999 -9999 -9999 -9999 -9999 -9999 -9999 -9999 -9999 -9999 -9999 -9999 -9999 -9999 -9999 -9999 -9999 -9999 -9999 -9999 6.713 6.621 6.511 6.242 6.35 6.383 6.433 6.504 6.565 6.74 6.703 6.407 5.931 5.132 4.275 3.462 3.348 4.122 4.724 5.324 5.801 5.826 6.068 6.019 6.031 6.178 6.204 6.165 6.082 6.016 5.96 5.884 5.837 5.847 5.771 5.54 5.364 5.531 5.714 5.945 6.139 6.147
