Validation/Results/ReClimate_11_2023_2.asc
NCOLS 192
NROWS 249
XLLCENTER -225160.85627316462
YLLCENTER 29788.11610251502
CELLSIZE 5000.0
NODATA_VALUE -9999
[rows 165 to 197 of 249, columns 74 to 147 of 192]
-9999 -9999 -9999 -9999 -9999 -9999 -9999 -9999 -9999 -9999 -9999 -9999 -9999 -9999 -9999 -9999 -9999 -9999 -9999 -9999 -9999 -9999 -9999 -9999 -9999 -9999 -9999 -9999 -9999 -9999 -9999 -9999 -9999 -9999 -9999 -9999 -9999 -9999 106.913 106.908 106.899 106.874 106.849 106.825 106.801 106.765 106.72 106.663 106.61 106.56 106.512 106.468 106.425 106.384 106.344 106.306 106.268 106.23 106.191 106.152 106.112 106.076 106.042 106.011 105.979 105.95 105.937 105.929 105.921 105.914 105.907 105.901 105.894 105.887
-9999 -9999 -9999 -9999 -9999 -9999 -9999 -9999 -9999 -9999 -9999 -9999 -9999 -9999 -9999 -9999 -9999 -9999 -9999 -9999 -9999 -9999 -9999 -9999 -9999 -9999 -9999 -9999 -9999 -9999 -9999 -9999 -9999 -9999 -9999 -9999 -9999 -9999 106.917 106.917 106.904 106.89 106.869 106.845 106.821 106.741 106.606 106.714 106.66 106.609 106.562 106.517 106.474 106.433 106.393 106.355 106.317 106.28 106.243 106.205 106.173 106.142 106.114 106.085 106.056 106.025 106.0 105.99 105.984 105.979 105.974 105.97 105.963 105.952
-9999 -9999 -9999 -9999 -9999 -9999 -9999 -9999 -9999 -9999 -9999 -9999 -9999 -9999 -9999 -9999 -9999 -9999 -9999 -9999 -9999 -9999 -9999 -9999 -9999 -9999 -9999 -9999 -9999 -9999 -9999 -9999 -9999 -9999 -9999 -9999 -9999 106.894 106.898 106.899 106.899 106.893 106.88 106.864 106.842 106.738 106.793 106.758 106.71 106.659 106.611 106.566 106.523 106.482 106.442 106.404 106.366 106.33 106.295 106.265 106.236 106.21 106.184 106.157 106.13 106.102 106.072 106.054 106.048 106.045 106.039 106.031 106.029 106.028
-9999 -9999 -9999 -9999 -9999 -9999 -9999 -9999 -9999 -9999 -9999 -9999 -9999 -9999 -9999 -9999 -9999 -9999 -9999 -9999 -9999 -9999 -9999 -9999 -9999 -9999 -9999 -9999 -9999 -9999 -9999 -9999 -9999 -9999 -9999 -9999 -9999 106.869 106.874 106.878 106.882 106.881 106.879 106.869 106.854 106.838 106.819 106.791 106.755 106.71 106.662 106.616 106.572 106.531 106.491 106.452 106.415 106.383 106.354 106.327 106.302 106.277 106.253 106.228 106.202 106.177 106.15 106.122 106.109 106.109 106.115 106.12 106.124 106.131
-9999 -9999 -9999 -9999 -9999 -9999 -9999 -9999 -9999 -9999 -9999 -9999 -9999 -9999 -9999 -9999 -9999 -9999 -9999 -9999 -9999 -9999 -9999 -9999 -9999 -9999 -9999 -9999 -9999 -9999 -9999 -9999 -9999 -9999 -9999 -9999 -9999 -9999 106.852 106.858 106.862 106.865 106.866 106.863 106.857 106.845 106.83 106.813 106.788 106.755 106.713 106.667 106.622 106.58 106.54 106.504 106.472 106.442 106.415 106.391 106.367 106.343 106.32 106.297 106.274 106.248 106.221 106.202 106.191 106.195 106.207 106.219 106.232 106.244
-9999 -9999 -9999 -9999 -9999 -9999 -9999 -9999 -9999 -9999 -9999 -9999 -9999 -9999 -9999 -9999 -9999 -9999 106.178 106.249 -9999 -9999 -9999 -9999 -9999 -9999 -9999 -9999 -9999 -9999 -9999 -9999 -9999 -9999 -9999 -9999 -9999 106.825 106.833 106.84 106.845 106.849 106.851 106.851 106.849 106.844 106.835 106.82 106.801 106.777 106.748 106.715 106.672 106.633 106.597 106.563 106.532 106.503 106.477 106.453 106.43 106.406 106.383 106.359 106.334 106.318 106.306 106.294 106.285 106.29 106.305 106.322 106.338 106.356
-9999 -9999 -9999 -9999 -9999 -9999 -9999 -9999 -9999 -9999 -9999 -9999 -9999 -9999 -9999 -9999 -9999 -9999 106.18 106.244 106.303 -9999 -9999 -9999 -9999 -9999 -9999 -9999 -9999 -9999 -9999 -9999 -9999 -9999 -9999 -9999 106.799 106.806 106.816 106.824 106.83 106.835 106.837 106.839 106.839 106.837 106.832 106.823 106.805 106.786 106.766 106.742 106.718 106.681 106.648 106.615 106.584 106.555 106.528 106.505 106.482 106.459 106.436 106.418 106.407 106.399 106.395 106.392 106.388 106.387 106.402 106.422 106.443 106.466
-9999 -9999 -9999 -9999 -9999 -9999 -9999 -9999 -9999 -9999 -9999 -9999 -9999 -9999 -9999 -9999 -9999 106.129 106.19 106.249 106.304 106.355 -9999 -9999 -9999 -9999 -9999 -9999 -9999 -9999 -9999 -9999 -9999 106.739 -9999 -9999 106.778 106.79 106.8 106.809 106.817 -9999 106.826 106.828 106.829 106.828 106.827 106.823 106.814 106.797 106.781 106.766 106.75 106.726 106.695 106.663 106.632 106.603 106.576 106.552 106.529 106.507 106.495 106.489 106.486 106.486 106.487 106.487 106.487 106.487 106.499 106.522 106.548 106.575
-9999 -9999 -9999 -9999 -9999 -9999 -9999 -9999 -9999 -9999 -9999 -9999 -9999 -9999 -9999 -9999 -9999 106.14 106.196 106.252 106.304 106.216 105.879 106.061 -9999 -9999 -9999 106.602 106.632 -9999 106.681 106.707 106.718 106.734 106.744 -9999 -9999 106.786 106.797 -9999 -9999 106.819 106.824 106.827 106.829 106.83 106.831 106.831 106.825 106.815 106.799 106.783 106.767 106.752 106.734 106.709 106.68 106.651 106.624 106.6 106.58 106.57 106.565 106.567 106.57 106.573 106.576 106.58 106.584 106.588 106.598 106.622 106.652 106.685
-9999 -9999 -9999 -9999 -9999 -9999 -9999 -9999 -9999 -9999 -9999 -9999 -9999 -9999 -9999 -9999 -9999 -9999 106.2 106.254 106.304 106.028 105.739 -9999 -9999 106.521 106.56 106.596 106.626 106.664 106.696 106.709 106.716 106.728 106.734 106.758 -9999 106.79 106.801 106.81 106.819 106.826 106.831 106.835 106.838 106.839 106.84 106.84 106.836 106.828 106.817 106.8 106.784 106.769 106.753 106.738 106.72 106.698 106.674 106.653 106.644 106.641 106.644 106.648 106.652 106.658 106.664 106.671 106.679 106.688 106.698 106.722 106.757 106.795
-9999 -9999 -9999 -9999 -9999 -9999 -9999 -9999 -9999 -9999 -9999 -9999 -9999 -9999 -9999 -9999 -9999 -9999 106.201 106.254 106.302 106.097 105.935 106.069 105.875 106.058 106.499 106.549 106.62 106.654 106.677 106.524 106.075 106.257 106.746 106.77 106.786 106.801 106.814 106.825 106.834 106.842 106.847 106.851 106.854 106.855 106.856 106.855 106.851 106.844 106.834 106.82 106.802 106.786 106.77 106.755 106.74 106.726 106.715 106.714 106.715 106.718 106.723 106.729 106.735 106.743 106.752 106.762 106.774 106.786 106.801 106.825 106.864 106.909
-9999 -9999 -9999 -9999 -9999 -9999 -9999 -9999 -9999 -9999 -9999 -9999 -9999 -9999 -9999 -9999 -9999 -9999 -9999 106.252 106.3 106.23 106.259 106.184 106.247 106.506 106.566 106.613 106.614 106.641 106.665 106.487 106.643 106.87 106.76 106.782 106.801 106.818 106.831 106.843 106.853 106.861 106.866 106.87 106.873 106.874 106.874 106.873 106.869 106.862 106.854 106.843 106.825 106.806 106.788 106.772 106.757 106.747 106.747 106.756 106.769 106.781 106.794 106.807 106.818 106.829 106.841 106.854 106.87 106.887 106.906 106.933 106.975 107.027
-9999 -9999 -9999 -9999 -9999 -9999 -9999 -9999 -9999 -9999 -9999 -9999 -9999 -9999 -9999 -9999 -9999 -9999 -9999 -9999 -9999 105.989 105.075 105.287 105.773 106.011 106.578 106.591 106.606 106.48 106.069 106.152 106.132 106.261 106.773 106.795 106.816 106.833 106.849 106.861 106.871 106.879 106.885 106.889 106.892 106.893 106.893 106.892 106.886 106.88 106.873 106.863 106.851 106.832 106.812 106.793 106.777 106.774 106.782 106.795 106.809 106.824 106.84 106.857 106.874 106.891 106.909 106.927 106.947 106.968 106.991 107.018 107.059 107.109
-9999 -9999 -9999 -9999 -9999 -9999 -9999 -9999 -9999 -9999 -9999 -9999 -9999 -9999 -9999 -9999 -9999 -9999 -9999 -9999 106.291 105.755 105.597 105.949 106.2 106.51 106.525 106.554 106.6 106.372 106.307 106.309 106.329 106.652 106.785 106.808 106.829 106.848 106.864 106.878 106.889 106.898 106.904 106.908 106.911 106.912 106.912 106.91 106.904 106.897 106.89 106.883 106.874 106.857 106.838 106.818 106.809 106.81 106.819 106.831 106.845 106.86 106.877 106.895 106.913 106.933 106.955 106.977 107.001 107.026 107.053 107.083 107.123 107.175
-9999 -9999 -9999 -9999 -9999 -9999 -9999 -9999 -9999 -9999 -9999 -9999 -9999 -9999 -9999 -9999 -9999 -9999 -9999 106.242 106.285 106.189 106.141 106.523 107.204 107.005 106.415 106.015 104.811 105.066 105.849 106.081 106.687 106.733 106.648 106.71 106.841 106.861 106.879 106.895 106.908 106.917 106.924 106.928 106.93 106.931 106.931 106.928 106.922 106.914 106.907 106.9 106.892 106.879 106.86 106.847 106.844 106.851 106.858 106.867 106.879 106.894 106.911 106.93 106.95 106.971 106.994 107.019 107.045 107.075 107.106 107.142 107.186 107.24
-9999 -9999 -9999 -9999 -9999 -9999 -9999 -9999 -9999 -9999 -9999 -9999 -9999 -9999 -9999 -9999 -9999 -9999 106.194 106.234 106.277 106.006 105.304 105.602 105.414 105.333 105.977 105.404 105.571 106.097 106.379 106.72 106.754 106.715 106.718 106.807 106.853 106.874 106.893 106.911 106.925 106.936 106.943 106.948 106.95 106.95 106.95 106.946 106.939 106.931 106.922 106.914 106.905 106.896 106.883 106.878 106.882 106.889 106.897 106.905 106.915 106.927 106.944 106.964 106.985 107.008 107.033 107.059 107.089 107.121 107.156 107.196 107.245 107.311
-9999 -9999 -9999 -9999 -9999 -9999 -9999 -9999 -9999 -9999 -9999 -9999 -9999 -9999 -9999 -9999 106.101 106.148 106.187 106.144 105.957 105.686 105.952 105.782 105.574 105.95 106.022 106.13 106.168 106.467 106.86 106.543 105.58 105.905 106.804 106.84 106.863 106.885 106.906 106.925 106.942 106.955 106.964 106.968 106.97 106.97 106.968 106.962 106.953 106.944 106.935 106.926 106.918 106.91 106.909 106.911 106.917 106.925 106.933 106.942 106.952 106.964 106.978 106.997 107.019 107.044 107.071 107.1 107.132 107.167 107.206 107.25 107.302 107.376
-9999 -9999 -9999 -9999 -9999 -9999 -9999 -9999 -9999 -9999 -9999 -9999 -9999 -9999 -9999 106.081 106.101 106.142 106.18 -9999 -9999 -9999 -9999 106.046 105.85 105.99 106.255 106.178 105.89 106.324 106.935 106.365 106.174 106.7 106.824 106.849 106.873 106.896 106.918 106.939 106.958 106.974 106.984 106.989 106.99 106.988 106.984 106.975 106.965 106.956 106.947 106.938 106.93 106.928 106.935 106.944 106.951 106.959 106.967 106.976 106.987 106.999 107.014 107.031 107.054 107.08 107.11 107.141 107.176 107.214 107.257 107.305 107.361 107.443
-9999 -9999 -9999 -9999 -9999 -9999 -9999 -9999 -9999 -9999 -9999 -9999 -9999 -9999 -9999 106.064 106.095 106.135 -9999 -9999 -9999 -9999 -9999 105.766 105.68 105.997 106.474 106.277 106.139 106.496 106.57 106.541 106.721 106.803 106.832 106.858 106.883 106.906 106.929 106.952 106.972 106.991 107.004 107.009 107.008 107.003 106.997 106.987 106.977 106.967 106.958 106.95 106.942 106.946 106.962 106.976 106.984 106.992 107.0 107.01 107.02 107.033 107.049 107.069 107.09 107.117 107.149 107.183 107.221 107.262 107.309 107.361 107.425 107.514
-9999 -9999 -9999 -9999 -9999 -9999 -9999 -9999 -9999 -9999 -9999 -9999 -9999 -9999 -9999 -9999 -9999 106.116 -9999 -9999 -9999 -9999 -9999 106.182 105.54 105.906 106.204 106.171 106.269 106.392 106.621 106.73 106.753 106.784 106.814 106.842 106.869 106.895 106.922 106.948 106.974 107.0 107.02 107.027 107.022 107.016 107.008 106.997 106.987 106.978 106.969 106.961 106.958 106.966 106.987 107.005 107.015 107.023 107.033 107.043 107.054 107.068 107.085 107.106 107.13 107.157 107.192 107.231 107.274 107.321 107.373 107.431 107.503 107.599
-9999 -9999 -9999 -9999 -9999 -9999 -9999 -9999 -9999 -9999 -9999 -9999 -9999 -9999 -9999 -9999 -9999 -9999 -9999 -9999 -9999 -9999 -9999 106.306 106.175 106.349 106.385 106.394 106.267 106.464 106.669 106.696 106.722 106.754 106.785 106.816 106.846 106.874 106.902 106.93 106.959 106.987 107.008 107.018 107.021 107.022 107.017 107.007 106.997 106.988 106.98 106.972 106.975 106.989 107.011 107.032 107.045 107.054 107.064 107.075 107.088 107.103 107.123 107.149 107.178 107.211 107.247 107.29 107.337 107.388 107.445 107.507 107.587 107.684
-9999 -9999 -9999 -9999 -9999 -9999 -9999 -9999 -9999 -9999 -9999 -9999 -9999 -9999 -9999 -9999 -9999 -9999 -9999 -9999 -9999 -9999 -9999 -9999 106.414 106.447 106.481 106.425 106.448 106.561 106.565 106.612 106.69 106.723 106.755 106.788 106.819 106.85 106.879 106.907 106.935 106.96 106.981 106.995 107.005 107.009 107.008 107.008 107.006 106.998 106.99 106.983 106.992 107.012 107.034 107.057 107.074 107.084 107.095 107.108 107.125 107.147 107.171 107.2 107.232 107.268 107.308 107.352 107.402 107.457 107.517 107.584 107.663 107.761
-9999 -9999 -9999 -9999 -9999 -9999 -9999 -9999 -9999 -9999 -9999 -9999 -9999 -9999 -9999 -9999 -9999 -9999 -9999 -9999 -9999 -9999 -9999 106.184 106.264 106.33 106.453 106.503 106.602 106.604 106.596 106.647 106.658 106.693 106.726 106.759 106.791 106.823 106.854 106.883 106.908 106.931 106.952 106.969 106.982 106.987 106.991 106.996 106.997 107.0 106.999 106.999 107.011 107.033 107.057 107.081 107.101 107.114 107.129 107.148 107.169 107.194 107.222 107.253 107.287 107.325 107.368 107.415 107.467 107.526 107.587 107.652 107.733 107.829
-9999 -9999 -9999 -9999 -9999 -9999 -9999 -9999 -9999 -9999 -9999 -9999 -9999 -9999 -9999 -9999 -9999 -9999 -9999 -9999 -9999 -9999 -9999 106.137 106.144 106.261 106.4 106.437 106.387 106.396 106.424 106.484 106.626 106.662 106.697 106.73 106.763 106.795 106.826 106.854 106.88 106.904 106.925 106.943 106.957 106.964 106.97 106.976 106.982 106.99 106.994 107.011 107.031 107.054 107.079 107.104 107.129 107.15 107.169 107.192 107.216 107.243 107.273 107.305 107.341 107.382 107.426 107.476 107.531 107.588 107.65 107.715 107.798 107.892
-9999 -9999 -9999 -9999 -9999 -9999 -9999 -9999 -9999 -9999 -9999 -9999 -9999 -9999 -9999 -9999 -9999 -9999 -9999 -9999 -9999 -9999 -9999 106.274 106.255 106.343 106.375 106.288 106.11 106.216 106.465 106.557 106.594 106.632 106.668 106.702 106.735 106.767 106.797 106.825 106.851 106.875 106.898 106.918 106.931 106.941 106.949 106.956 106.964 106.972 106.982 107.008 107.046 107.075 107.101 107.131 107.164 107.189 107.212 107.236 107.263 107.291 107.322 107.356 107.394 107.437 107.482 107.531 107.586 107.645 107.708 107.776 107.857 107.952
-9999 -9999 -9999 -9999 -9999 -9999 -9999 -9999 -9999 -9999 -9999 -9999 -9999 -9999 -9999 -9999 -9999 -9999 -9999 -9999 -9999 -9999 -9999 -9999 106.286 106.317 106.349 106.279 106.342 106.48 106.489 106.526 106.564 106.602 106.638 106.674 106.707 106.738 106.767 106.795 106.821 106.846 106.87 106.889 106.905 106.918 106.928 106.937 106.946 106.955 106.968 106.998 107.041 107.087 107.127 107.163 107.201 107.231 107.254 107.28 107.308 107.337 107.37 107.406 107.444 107.485 107.53 107.58 107.635 107.697 107.764 107.833 107.914 108.006
-9999 -9999 -9999 -9999 -9999 -9999 -9999 -9999 -9999 -9999 -9999 -9999 -9999 -9999 -9999 -9999 -9999 -9999 -9999 -9999 -9999 -9999 -9999 -9999 106.257 106.275 106.275 106.28 106.194 106.269 106.458 106.469 106.43 106.495 106.609 106.645 106.679 106.71 106.739 106.766 106.793 106.818 106.841 106.859 106.877 106.892 106.905 106.916 106.927 106.938 106.955 106.989 107.035 107.087 107.145 107.196 107.239 107.271 107.296 107.322 107.35 107.38 107.412 107.448 107.486 107.528 107.574 107.625 107.682 107.747 107.818 107.887 107.966 108.057
-9999 -9999 -9999 -9999 -9999 -9999 -9999 -9999 -9999 -9999 -9999 -9999 -9999 -9999 -9999 -9999 -9999 -9999 -9999 -9999 -9999 -9999 -9999 106.195 106.227 106.228 106.23 106.153 106.06 106.234 106.428 106.44 106.519 106.583 106.581 106.617 106.651 106.682 106.711 106.739 106.766 106.79 106.811 106.831 106.849 106.866 106.88 106.893 106.905 106.918 106.938 106.976 107.031 107.088 107.149 107.213 107.269 107.305 107.331 107.357 107.386 107.416 107.449 107.485 107.524 107.567 107.615 107.668 107.728 107.794 107.865 107.937 108.015 108.105
-9999 -9999 -9999 -9999 -9999 -9999 -9999 -9999 -9999 -9999 -9999 -9999 -9999 -9999 -9999 -9999 -9999 -9999 -9999 -9999 -9999 -9999 -9999 106.167 106.191 106.201 106.227 106.183 106.203 106.337 106.404 106.464 106.499 106.513 106.544 106.582 106.623 106.655 106.685 106.713 106.739 106.762 106.783 106.803 106.822 106.84 106.856 106.869 106.883 106.896 106.92 106.966 107.026 107.087 107.149 107.214 107.281 107.332 107.361 107.388 107.417 107.449 107.483 107.52 107.561 107.606 107.655 107.71 107.771 107.837 107.908 107.981 108.06 108.15
-9999 -9999 -9999 -9999 -9999 -9999 -9999 -9999 -9999 -9999 -9999 -9999 -9999 -9999 -9999 -9999 -9999 -9999 -9999 -9999 -9999 -9999 -9999 106.132 106.155 106.179 106.204 106.207 106.199 106.281 106.395 106.427 106.447 106.477 106.493 106.54 106.595 106.628 106.659 106.687 106.711 106.734 106.755 106.775 106.795 106.814 106.832 106.846 106.86 106.875 106.905 106.962 107.023 107.084 107.147 107.213 107.282 107.346 107.387 107.417 107.448 107.48 107.515 107.554 107.596 107.642 107.693 107.75 107.81 107.875 107.946 108.023 108.102 108.191
-9999 -9999 -9999 -9999 -9999 -9999 -9999 -9999 -9999 -9999 -9999 -9999 -9999 -9999 -9999 -9999 -9999 -9999 -9999 -9999 -9999 -9999 106.072 106.098 106.124 106.148 106.175 106.181 106.219 106.298 106.34 106.371 106.413 106.416 106.382 106.456 106.563 106.594 106.624 106.651 106.675 106.698 106.719 106.74 106.76 106.78 106.798 106.815 106.831 106.852 106.896 106.957 107.019 107.081 107.146 107.212 107.282 107.347 107.405 107.445 107.477 107.51 107.547 107.586 107.63 107.678 107.73 107.785 107.845 107.91 107.982 108.059 108.14 108.229
-9999 -9999 -9999 -9999 -9999 -9999 -9999 -9999 -9999 -9999 -9999 -9999 -9999 -9999 -9999 -9999 -9999 -9999 -9999 -9999 -9999 106.003 106.04 106.067 106.094 106.121 106.15 106.182 106.217 106.255 106.294 106.345 106.415 106.339 106.162 106.303 106.521 106.556 106.584 106.611 106.636 106.66 106.682 106.703 106.724 106.744 106.763 106.78 106.8 106.831 106.879 106.943 107.009 107.077 107.143 107.211 107.281 107.347 107.406 107.465 107.505 107.539 107.577 107.618 107.663 107.71 107.761 107.816 107.876 107.943 108.014 108.091 108.173 108.262
-9999 -9999 -9999 -9999 -9999 -9999 -9999 -9999 -9999 -9999 -9999 -9999 -9999 -9999 -9999 -9999 -9999 -9999 -9999 105.899 105.939 105.977 106.008 106.037 106.065 106.093 106.123 106.151 106.166 106.213 106.345 106.383 106.381 106.294 106.303 106.438 106.475 106.51 106.542 106.572 106.598 106.623 106.646 106.668 106.689 106.709 106.728 106.746 106.774 106.809 106.857 106.922 106.99 107.058 107.128 107.2 107.271 107.335 107.393 107.456 107.512 107.553 107.592 107.636 107.683 107.735 107.788 107.845 107.906 107.973 108.045 108.121 108.203 108.288
