Validation/Results/ReClimate_12_2023_2_Temperature-Actualsweatherlogisticsltd.asc
NCOLS 192
NROWS 249
XLLCENTER -225160.85627316462
YLLCENTER 29788.11610251502
CELLSIZE 5000.0
NODATA_VALUE -9999
[rows 136 to 169 of 249, columns 77 to 153 of 192]
-9999 -9999 -9999 -9999 -9999 -9999 -9999 -9999 6.215 -9999 5.82 5.462 5.543 5.607 5.891 6.04 6.044 5.94 4.945 5.098 5.083 5.121 5.669 5.643 5.589 5.735 5.33 5.263 -9999 -9999 -9999 -9999 -9999 -9999 6.212 6.342 6.285 6.019 5.857 5.602 4.984 4.673 4.935 4.992 5.083 5.544 5.175 4.933 5.364 5.655 5.914 5.921 6.317 6.474 6.536 6.595 6.841 -9999 -9999 -9999 -9999 -9999 -9999 -9999 -9999 -9999 -9999 -9999 -9999 -9999 -9999 -9999 -9999 -9999 -9999 -9999 -9999
-9999 -9999 -9999 -9999 -9999 -9999 -9999 -9999 6.067 6.02 6.094 6.208 5.963 5.899 5.949 6.035 6.342 6.129 5.734 5.005 5.045 5.182 5.646 5.506 5.472 5.875 5.581 6.11 -9999 -9999 -9999 -9999 6.206 6.125 6.183 6.327 6.382 6.279 6.006 5.171 4.337 4.373 4.622 4.313 5.059 4.945 4.636 5.173 5.088 5.36 5.892 5.992 5.719 6.125 6.379 6.414 6.904 -9999 -9999 -9999 -9999 -9999 -9999 -9999 -9999 -9999 -9999 -9999 -9999 -9999 -9999 -9999 -9999 -9999 -9999 -9999 -9999
6.803 -9999 -9999 -9999 -9999 -9999 -9999 -9999 6.022 6.292 6.256 -9999 -9999 6.208 6.075 6.158 6.291 -9999 6.403 6.103 5.849 5.668 5.777 5.495 5.917 6.273 -9999 -9999 -9999 -9999 -9999 6.387 6.24 6.129 6.167 6.189 6.203 6.19 5.727 4.947 3.845 3.639 4.208 3.944 4.524 3.983 4.222 4.582 4.539 5.216 5.318 5.485 5.63 5.946 6.216 6.278 6.703 -9999 -9999 -9999 -9999 -9999 -9999 -9999 -9999 -9999 -9999 -9999 -9999 -9999 -9999 -9999 -9999 -9999 -9999 -9999 -9999
6.406 -9999 -9999 -9999 -9999 -9999 -9999 -9999 -9999 6.376 6.592 -9999 -9999 -9999 6.503 6.196 6.278 6.484 -9999 -9999 6.322 6.154 6.098 5.776 5.912 -9999 -9999 -9999 -9999 -9999 6.256 6.22 6.09 6.067 6.035 5.955 6.03 5.74 5.49 5.118 4.04 3.804 3.119 3.78 3.291 3.126 3.558 3.944 3.96 4.437 5.162 5.363 5.391 5.855 6.163 6.028 6.217 -9999 -9999 -9999 -9999 -9999 -9999 -9999 -9999 -9999 -9999 -9999 -9999 -9999 -9999 -9999 -9999 -9999 -9999 -9999 -9999
-9999 -9999 -9999 -9999 -9999 -9999 -9999 -9999 -9999 -9999 6.607 -9999 -9999 -9999 -9999 6.485 6.135 6.299 -9999 -9999 -9999 6.44 6.63 -9999 -9999 -9999 -9999 -9999 -9999 -9999 6.275 6.223 5.989 5.675 5.412 5.528 5.661 5.596 5.719 5.336 4.58 3.51 3.368 3.363 2.533 2.724 3.094 3.668 3.635 3.925 4.696 5.321 5.712 5.919 6.034 5.826 5.956 -9999 -9999 -9999 -9999 -9999 -9999 -9999 -9999 -9999 -9999 -9999 -9999 -9999 -9999 -9999 -9999 -9999 -9999 -9999 -9999
-9999 -9999 -9999 -9999 -9999 -9999 -9999 -9999 -9999 -9999 6.308 -9999 -9999 -9999 -9999 -9999 6.501 6.424 -9999 -9999 -9999 -9999 -9999 -9999 -9999 -9999 -9999 -9999 -9999 -9999 6.311 5.783 5.374 5.118 4.943 5.167 5.361 5.52 5.607 5.362 4.845 3.678 2.586 2.007 2.342 2.765 3.808 4.068 4.237 4.581 4.763 4.883 5.512 5.947 5.891 5.675 5.809 6.338 -9999 -9999 -9999 -9999 -9999 -9999 -9999 -9999 -9999 -9999 -9999 -9999 -9999 -9999 -9999 -9999 -9999 -9999 -9999
6.659 6.704 6.984 -9999 -9999 -9999 -9999 -9999 -9999 -9999 6.275 -9999 -9999 -9999 -9999 -9999 -9999 -9999 -9999 -9999 -9999 -9999 -9999 -9999 -9999 -9999 -9999 -9999 -9999 6.345 6.014 5.75 5.668 5.329 4.406 4.941 5.049 5.051 5.41 5.305 5.412 3.919 2.351 1.856 2.668 3.204 2.695 2.689 3.51 4.114 5.067 5.151 5.245 5.509 5.625 5.699 5.771 6.226 6.821 -9999 -9999 -9999 -9999 -9999 -9999 -9999 -9999 -9999 -9999 -9999 -9999 -9999 -9999 -9999 -9999 -9999 -9999
6.515 6.657 6.817 -9999 -9999 -9999 -9999 -9999 -9999 -9999 -9999 -9999 -9999 -9999 -9999 -9999 -9999 -9999 -9999 -9999 -9999 -9999 -9999 -9999 -9999 -9999 -9999 -9999 6.178 6.188 5.961 5.767 5.559 5.09 3.227 3.95 5.072 5.209 5.321 5.691 5.405 4.726 3.281 2.061 2.605 2.825 3.137 3.457 3.459 3.837 4.429 5.18 5.342 5.587 5.666 5.733 5.907 6.344 6.827 -9999 -9999 -9999 -9999 -9999 -9999 -9999 -9999 -9999 -9999 -9999 -9999 -9999 -9999 -9999 -9999 -9999 -9999
6.668 -9999 6.906 7.084 -9999 -9999 -9999 -9999 -9999 -9999 -9999 -9999 -9999 -9999 -9999 -9999 -9999 -9999 -9999 -9999 -9999 -9999 -9999 -9999 -9999 -9999 -9999 -9999 5.918 5.921 5.869 4.735 4.426 4.688 4.946 4.692 4.484 4.91 5.141 5.329 5.533 5.332 4.276 3.553 2.469 3.116 3.553 3.812 4.008 4.407 4.788 5.074 5.181 5.537 5.694 5.837 5.941 6.292 6.79 7.028 7.028 -9999 -9999 -9999 -9999 -9999 -9999 -9999 -9999 -9999 -9999 -9999 -9999 -9999 -9999 -9999 -9999
6.675 -9999 -9999 7.03 -9999 -9999 -9999 -9999 -9999 -9999 -9999 -9999 -9999 -9999 -9999 -9999 -9999 -9999 -9999 -9999 -9999 -9999 -9999 -9999 -9999 -9999 -9999 -9999 6.103 5.959 5.247 4.175 5.43 5.415 4.529 4.039 4.754 4.701 4.434 5.286 5.126 5.452 5.417 4.447 3.842 3.406 3.694 3.982 4.486 4.725 5.074 5.367 5.617 5.686 5.935 5.881 6.065 6.26 6.524 6.257 6.288 6.253 6.505 6.007 -9999 -9999 -9999 -9999 -9999 -9999 -9999 -9999 -9999 -9999 -9999 -9999 -9999
6.629 6.872 -9999 7.048 -9999 -9999 -9999 -9999 -9999 -9999 -9999 -9999 -9999 -9999 -9999 -9999 -9999 -9999 -9999 -9999 -9999 -9999 -9999 -9999 -9999 -9999 -9999 6.817 6.094 5.638 4.484 3.772 3.61 4.384 4.695 4.702 4.396 3.832 4.87 4.163 4.824 5.192 5.328 5.096 4.83 4.303 3.664 3.933 4.435 4.778 5.041 5.34 5.639 5.944 6.034 6.082 6.167 6.27 6.271 6.085 5.252 5.207 5.268 5.36 5.843 5.586 -9999 -9999 -9999 -9999 -9999 -9999 -9999 -9999 -9999 -9999 -9999
6.699 -9999 6.918 -9999 -9999 -9999 -9999 -9999 -9999 -9999 -9999 -9999 -9999 -9999 -9999 -9999 -9999 -9999 -9999 -9999 -9999 -9999 -9999 -9999 -9999 -9999 -9999 -9999 6.671 5.781 4.317 3.947 4.339 2.876 3.763 4.705 4.182 4.705 3.571 3.886 4.743 5.05 4.966 5.013 4.654 2.949 3.287 3.458 3.445 3.8 4.654 5.064 5.458 5.875 6.08 6.123 6.197 6.312 6.308 6.107 5.46 5.098 5.293 5.284 5.236 5.427 5.464 -9999 -9999 -9999 -9999 -9999 -9999 -9999 -9999 -9999 -9999
6.81 6.798 6.786 -9999 -9999 -9999 -9999 -9999 -9999 -9999 -9999 -9999 -9999 -9999 -9999 -9999 -9999 -9999 -9999 -9999 -9999 -9999 -9999 -9999 -9999 -9999 -9999 -9999 -9999 6.339 5.642 5.595 4.157 4.154 4.563 5.491 5.739 4.338 4.305 4.716 4.851 4.478 4.456 4.744 3.721 3.346 3.15 2.616 3.083 3.793 4.104 4.871 5.342 5.832 6.049 6.076 6.168 6.261 5.54 5.267 4.695 4.088 4.376 4.698 5.196 5.113 5.305 5.857 -9999 -9999 -9999 -9999 -9999 -9999 -9999 -9999 -9999
6.958 6.795 -9999 -9999 -9999 -9999 -9999 -9999 -9999 -9999 -9999 -9999 -9999 -9999 -9999 -9999 -9999 -9999 -9999 -9999 -9999 -9999 -9999 -9999 -9999 -9999 -9999 -9999 -9999 6.927 6.45 5.906 5.165 4.511 4.115 5.656 5.104 5.301 5.541 5.471 5.13 4.575 3.532 4.476 3.71 3.002 3.398 4.196 4.38 4.32 4.518 4.796 5.502 5.938 6.066 6.083 5.945 5.563 5.181 4.738 4.905 4.69 4.559 4.428 4.548 4.853 5.012 5.553 6.451 -9999 -9999 -9999 -9999 -9999 -9999 -9999 -9999
6.893 6.981 -9999 -9999 -9999 -9999 -9999 -9999 -9999 -9999 -9999 -9999 -9999 -9999 -9999 -9999 -9999 -9999 -9999 -9999 -9999 -9999 -9999 -9999 -9999 -9999 -9999 -9999 -9999 -9999 6.077 5.431 5.196 4.552 5.506 5.383 5.794 5.929 5.903 5.667 5.331 4.722 4.791 3.42 3.808 3.98 3.802 4.185 4.27 4.142 4.902 5.108 5.623 5.906 6.086 6.093 5.807 5.407 5.189 5.003 4.878 4.903 4.896 4.772 4.71 4.789 5.162 5.473 6.146 -9999 -9999 -9999 -9999 -9999 -9999 -9999 -9999
-9999 -9999 -9999 -9999 -9999 -9999 -9999 -9999 -9999 -9999 -9999 -9999 -9999 -9999 -9999 -9999 -9999 -9999 -9999 -9999 -9999 -9999 -9999 -9999 -9999 -9999 -9999 -9999 -9999 -9999 6.798 5.099 5.466 6.145 5.758 6.065 6.036 6.275 6.111 5.519 5.471 5.436 3.493 4.176 3.949 3.86 3.629 4.387 4.485 4.693 4.861 5.309 5.544 5.921 6.092 6.132 5.984 5.333 4.943 5.112 5.322 5.313 5.309 5.18 5.142 4.964 4.942 5.495 5.712 6.573 -9999 -9999 -9999 -9999 -9999 -9999 -9999
-9999 -9999 -9999 -9999 -9999 -9999 -9999 -9999 -9999 -9999 -9999 -9999 -9999 -9999 -9999 -9999 -9999 -9999 -9999 -9999 -9999 -9999 -9999 -9999 -9999 -9999 -9999 -9999 -9999 -9999 -9999 6.337 6.601 6.225 5.993 6.231 6.174 6.452 6.181 5.786 5.798 4.942 3.959 3.519 3.587 3.199 3.597 3.568 3.882 4.417 4.473 4.89 5.451 5.861 6.08 6.022 5.915 5.79 4.965 4.957 5.628 5.998 5.849 5.796 5.759 5.754 5.664 5.835 6.125 6.275 -9999 -9999 -9999 -9999 -9999 -9999 -9999
-9999 -9999 -9999 -9999 -9999 -9999 -9999 -9999 -9999 -9999 -9999 -9999 -9999 -9999 -9999 -9999 -9999 -9999 -9999 -9999 -9999 -9999 -9999 -9999 -9999 -9999 -9999 -9999 -9999 -9999 -9999 6.795 -9999 6.16 6.467 6.359 6.457 -9999 6.405 5.989 5.817 5.033 3.895 3.903 3.896 3.367 3.621 3.55 2.913 3.756 4.155 4.471 4.934 5.65 5.982 5.969 5.893 5.893 5.904 5.66 6.007 6.248 6.109 5.931 5.931 5.962 6.014 6.061 5.783 5.764 6.146 -9999 -9999 -9999 -9999 -9999 -9999
-9999 -9999 -9999 -9999 -9999 -9999 -9999 -9999 -9999 -9999 -9999 -9999 -9999 -9999 -9999 -9999 -9999 -9999 -9999 -9999 -9999 -9999 -9999 -9999 -9999 -9999 -9999 -9999 -9999 -9999 -9999 -9999 6.744 6.405 -9999 -9999 -9999 -9999 6.615 6.251 6.168 5.534 5.064 4.139 4.0 3.778 3.597 4.353 3.925 3.3 4.102 4.351 4.956 5.471 5.916 6.049 6.066 6.063 6.083 6.059 5.943 6.068 5.926 5.85 5.93 5.846 5.62 5.67 5.893 5.795 5.846 6.035 6.355 -9999 -9999 -9999 -9999
-9999 -9999 -9999 -9999 -9999 -9999 -9999 -9999 -9999 -9999 -9999 -9999 -9999 -9999 -9999 -9999 -9999 -9999 -9999 -9999 -9999 -9999 -9999 -9999 -9999 -9999 -9999 -9999 -9999 -9999 -9999 -9999 6.881 6.758 -9999 -9999 -9999 -9999 6.707 6.161 6.317 5.87 5.095 5.253 5.076 4.225 4.127 4.315 4.464 3.414 4.019 4.371 4.749 5.326 5.925 6.162 6.209 6.236 6.191 6.154 6.075 5.959 5.931 5.904 5.881 5.685 5.414 5.281 5.447 5.714 6.0 6.248 6.485 -9999 -9999 -9999 -9999
-9999 -9999 -9999 -9999 -9999 -9999 -9999 -9999 -9999 -9999 -9999 -9999 -9999 -9999 -9999 -9999 -9999 -9999 -9999 -9999 -9999 -9999 -9999 -9999 -9999 -9999 -9999 -9999 -9999 -9999 -9999 -9999 6.922 -9999 -9999 -9999 -9999 6.854 6.51 6.125 5.367 4.997 5.019 5.048 5.145 4.59 4.108 4.675 4.641 4.513 4.03 4.58 4.922 5.407 5.824 6.171 6.173 6.224 6.261 6.24 6.214 6.156 6.149 5.933 5.473 5.4 5.375 5.484 5.639 5.86 6.11 6.431 -9999 -9999 -9999 -9999 -9999
-9999 -9999 -9999 -9999 -9999 -9999 -9999 -9999 -9999 -9999 -9999 -9999 -9999 -9999 -9999 -9999 -9999 -9999 -9999 -9999 -9999 -9999 -9999 -9999 -9999 -9999 -9999 -9999 -9999 -9999 -9999 -9999 -9999 -9999 -9999 -9999 -9999 6.893 6.328 5.263 4.37 4.024 4.554 5.192 5.155 5.304 5.165 5.284 5.075 4.828 4.578 4.638 5.126 5.51 5.809 6.103 6.176 6.211 6.311 6.331 6.313 6.264 6.211 6.121 5.388 4.962 5.506 5.759 6.02 6.119 6.287 6.43 -9999 -9999 -9999 -9999 -9999
-9999 -9999 -9999 -9999 -9999 -9999 -9999 -9999 -9999 -9999 -9999 -9999 -9999 -9999 -9999 -9999 -9999 -9999 -9999 -9999 -9999 -9999 -9999 -9999 -9999 -9999 -9999 -9999 -9999 -9999 -9999 -9999 -9999 -9999 -9999 -9999 -9999 6.802 6.3 5.488 4.585 4.552 5.066 5.218 5.573 5.547 5.515 5.535 5.414 5.547 5.043 5.026 5.135 5.441 5.734 6.038 6.25 6.239 6.316 6.366 6.391 6.363 6.265 6.207 5.85 5.264 5.495 5.934 6.153 6.274 6.329 6.387 -9999 -9999 -9999 -9999 -9999
-9999 -9999 -9999 -9999 -9999 -9999 -9999 -9999 -9999 -9999 -9999 -9999 -9999 -9999 -9999 -9999 -9999 -9999 -9999 -9999 -9999 -9999 -9999 -9999 -9999 -9999 -9999 -9999 -9999 -9999 -9999 -9999 -9999 -9999 -9999 -9999 6.898 6.74 6.285 5.302 4.675 4.425 5.084 5.124 5.928 5.636 5.647 5.332 5.278 5.107 5.796 5.753 5.915 5.864 6.093 6.022 6.145 6.24 6.261 6.336 6.402 6.383 6.304 6.214 6.151 5.74 5.699 6.026 6.276 6.37 6.369 6.358 6.418 -9999 -9999 -9999 -9999
-9999 -9999 -9999 -9999 -9999 -9999 -9999 -9999 -9999 -9999 -9999 -9999 -9999 -9999 -9999 -9999 -9999 -9999 -9999 -9999 -9999 -9999 -9999 -9999 -9999 -9999 -9999 -9999 -9999 -9999 -9999 -9999 -9999 -9999 -9999 -9999 6.773 6.745 6.422 5.877 5.135 5.844 5.71 6.227 5.625 5.174 5.261 4.958 5.051 5.481 5.263 5.759 5.8 5.8 5.877 6.073 6.056 6.167 6.272 6.326 6.362 6.345 6.271 6.23 6.208 6.148 5.869 6.013 6.298 6.427 6.417 6.352 6.379 -9999 -9999 -9999 -9999
-9999 -9999 -9999 -9999 -9999 -9999 -9999 -9999 -9999 -9999 -9999 -9999 -9999 -9999 -9999 -9999 -9999 -9999 -9999 -9999 -9999 -9999 -9999 -9999 -9999 -9999 -9999 -9999 -9999 -9999 -9999 -9999 -9999 -9999 -9999 6.809 6.716 6.731 6.768 6.281 6.246 6.154 6.377 6.223 5.52 5.45 5.226 4.936 5.015 5.246 6.06 5.791 6.218 6.175 6.073 5.939 6.063 6.132 6.224 6.314 6.332 6.311 6.262 6.228 6.234 6.229 6.094 5.918 6.187 6.5 6.563 6.407 6.341 6.435 -9999 -9999 -9999
-9999 -9999 -9999 -9999 -9999 -9999 -9999 -9999 -9999 -9999 -9999 -9999 -9999 -9999 -9999 -9999 -9999 -9999 -9999 -9999 -9999 -9999 -9999 -9999 -9999 -9999 -9999 -9999 -9999 -9999 -9999 -9999 -9999 -9999 -9999 6.65 6.627 6.728 6.753 6.634 6.479 6.424 6.212 5.89 5.981 5.729 5.104 4.167 4.409 4.714 5.448 6.094 6.046 6.418 6.554 6.336 6.071 6.18 6.287 6.325 6.358 6.347 6.323 6.304 6.334 6.37 6.227 6.026 6.245 6.666 6.793 6.667 6.427 6.396 -9999 -9999 -9999
-9999 -9999 -9999 -9999 -9999 -9999 -9999 -9999 -9999 -9999 -9999 -9999 -9999 -9999 -9999 -9999 -9999 -9999 -9999 -9999 -9999 -9999 -9999 -9999 -9999 -9999 -9999 -9999 -9999 -9999 -9999 -9999 -9999 -9999 -9999 6.71 6.688 6.782 6.886 6.817 6.667 6.309 6.025 5.884 5.513 4.933 4.217 4.191 4.457 4.709 5.283 5.924 5.979 6.029 6.431 6.651 6.567 6.45 6.472 6.443 6.413 6.434 6.433 6.427 6.462 6.494 6.517 6.373 6.453 6.819 6.952 6.821 6.601 6.419 6.428 -9999 -9999
-9999 -9999 -9999 -9999 -9999 -9999 -9999 -9999 -9999 -9999 -9999 -9999 -9999 -9999 -9999 -9999 -9999 -9999 -9999 -9999 -9999 -9999 -9999 -9999 -9999 -9999 -9999 -9999 -9999 -9999 -9999 -9999 -9999 -9999 -9999 -9999 6.687 6.756 6.85 6.769 6.293 5.804 5.554 5.402 5.345 5.113 4.628 4.798 4.777 5.224 6.04 6.248 6.311 6.057 6.294 6.547 6.563 6.565 6.603 6.538 6.492 6.509 6.529 6.524 6.533 6.553 6.529 6.592 6.627 -9999 6.898 -9999 6.664 6.533 6.44 6.589 -9999
-9999 -9999 -9999 -9999 -9999 -9999 -9999 -9999 -9999 -9999 -9999 -9999 -9999 -9999 -9999 -9999 -9999 -9999 -9999 -9999 -9999 -9999 -9999 -9999 -9999 -9999 -9999 -9999 -9999 -9999 -9999 -9999 -9999 -9999 -9999 6.838 6.733 6.769 6.839 6.623 5.992 5.206 5.14 5.351 4.944 4.887 5.086 4.754 4.412 4.85 5.587 6.499 6.344 6.334 6.475 6.557 6.545 6.585 6.592 6.614 6.577 6.575 6.572 6.571 6.554 6.368 6.393 6.527 6.453 6.481 6.66 6.706 -9999 6.666 6.625 6.487 6.65
-9999 -9999 -9999 -9999 -9999 -9999 -9999 -9999 -9999 -9999 -9999 -9999 -9999 -9999 -9999 -9999 -9999 -9999 -9999 -9999 -9999 -9999 -9999 -9999 -9999 -9999 -9999 -9999 -9999 -9999 -9999 -9999 -9999 -9999 -9999 6.884 6.804 6.87 6.759 6.349 5.995 5.549 5.365 5.658 5.584 5.653 5.786 5.149 4.648 4.964 5.56 5.942 5.941 6.052 6.266 6.409 6.392 6.412 6.54 6.609 6.666 6.638 6.606 6.571 6.565 6.529 6.304 6.455 6.506 6.261 6.366 6.55 6.658 -9999 -9999 -9999 -9999
-9999 -9999 -9999 -9999 -9999 -9999 -9999 -9999 -9999 -9999 -9999 -9999 -9999 -9999 -9999 -9999 -9999 -9999 -9999 -9999 -9999 -9999 -9999 -9999 -9999 -9999 -9999 -9999 -9999 -9999 -9999 -9999 -9999 -9999 6.952 6.942 6.853 6.731 6.579 6.547 6.407 5.919 6.201 6.293 6.327 6.422 6.205 5.44 4.468 4.258 4.912 5.393 5.297 5.733 6.237 6.341 6.485 6.396 6.498 6.625 6.689 6.663 6.63 6.581 6.58 6.577 6.522 6.444 6.492 6.209 6.099 6.292 6.517 6.637 6.693 -9999 -9999
-9999 -9999 -9999 -9999 -9999 -9999 -9999 -9999 -9999 -9999 -9999 -9999 -9999 -9999 -9999 -9999 -9999 -9999 -9999 -9999 -9999 -9999 -9999 -9999 -9999 -9999 -9999 -9999 -9999 -9999 -9999 -9999 -9999 -9999 7.004 6.836 6.877 6.82 6.599 6.392 6.626 6.602 6.673 6.702 6.788 6.844 6.553 5.893 5.137 4.056 3.76 4.654 4.854 5.264 5.963 6.113 6.521 6.641 6.486 6.587 6.692 6.672 6.638 6.596 6.58 6.595 6.523 6.498 6.488 6.407 5.923 6.015 6.264 6.492 6.631 6.696 -9999
-9999 -9999 -9999 -9999 -9999 -9999 -9999 -9999 -9999 -9999 -9999 -9999 -9999 -9999 -9999 -9999 -9999 -9999 -9999 -9999 -9999 -9999 -9999 -9999 -9999 -9999 -9999 -9999 -9999 -9999 -9999 -9999 -9999 -9999 -9999 6.946 6.955 6.913 6.645 6.741 6.749 6.826 6.934 7.039 7.288 7.296 6.964 6.416 5.508 4.525 3.609 3.472 4.296 4.941 5.607 6.145 6.182 6.47 6.429 6.467 6.638 6.652 6.64 6.612 6.574 6.525 6.472 6.453 6.476 6.38 6.062 5.845 6.035 6.242 6.479 6.63 6.566
