Validation/Results/ReClimate_09_2024_1_Temperatureweatherlogisticsltd.asc
NCOLS 192
NROWS 249
XLLCENTER -225160.85627316462
YLLCENTER 29788.11610251502
CELLSIZE 5000.0
NODATA_VALUE -9999
[rows 136 to 169 of 249, columns 75 to 149 of 192]
-0.77 -9999 -9999 -9999 -9999 -9999 -9999 -9999 -9999 -9999 -0.85 -9999 -0.901 -0.935 -0.963 -0.992 -1.038 -1.088 -1.083 -1.069 -1.096 -1.124 -1.16 -1.2 -1.221 -1.243 -1.208 -1.154 -1.157 -1.161 -9999 -9999 -9999 -9999 -9999 -9999 -1.179 -1.182 -1.176 -1.167 -1.162 -1.148 -1.135 -1.123 -1.095 -1.066 -1.055 -1.045 -1.045 -1.047 -1.034 -1.02 -1.011 -1.003 -0.985 -0.964 -0.931 -0.898 -0.893 -9999 -9999 -9999 -9999 -9999 -9999 -9999 -9999 -9999 -9999 -9999 -9999 -9999 -9999 -9999 -9999
-0.779 -0.773 -9999 -9999 -9999 -9999 -9999 -9999 -9999 -9999 -0.844 -0.86 -0.893 -0.925 -0.958 -0.998 -1.041 -1.081 -1.091 -1.115 -1.131 -1.127 -1.162 -1.2 -1.219 -1.233 -1.205 -1.172 -1.173 -1.168 -9999 -9999 -9999 -9999 -1.184 -1.18 -1.186 -1.195 -1.188 -1.176 -1.167 -1.149 -1.137 -1.126 -1.104 -1.085 -1.074 -1.064 -1.058 -1.044 -1.029 -1.014 -1.006 -0.998 -0.987 -0.971 -0.942 -0.901 -0.896 -9999 -9999 -9999 -9999 -9999 -9999 -9999 -9999 -9999 -9999 -9999 -9999 -9999 -9999 -9999 -9999
-0.781 -0.775 -0.774 -9999 -9999 -9999 -9999 -9999 -9999 -9999 -0.835 -0.854 -0.887 -9999 -9999 -1.0 -1.037 -1.077 -1.108 -9999 -1.129 -1.131 -1.165 -1.203 -1.218 -1.231 -1.214 -1.182 -9999 -9999 -9999 -9999 -9999 -1.189 -1.185 -1.182 -1.189 -1.198 -1.189 -1.176 -1.162 -1.144 -1.133 -1.123 -1.105 -1.087 -1.076 -1.066 -1.052 -1.037 -1.023 -1.008 -0.999 -0.992 -0.981 -0.969 -0.942 -0.909 -0.894 -9999 -9999 -9999 -9999 -9999 -9999 -9999 -9999 -9999 -9999 -9999 -9999 -9999 -9999 -9999 -9999
-0.765 -0.77 -0.77 -9999 -9999 -9999 -9999 -9999 -9999 -9999 -9999 -0.867 -0.903 -9999 -9999 -9999 -1.025 -1.06 -1.087 -1.104 -9999 -9999 -1.127 -1.148 -1.164 -1.188 -1.179 -9999 -9999 -9999 -9999 -9999 -1.207 -1.207 -1.21 -1.219 -1.218 -1.196 -1.189 -1.174 -1.157 -1.141 -1.125 -1.105 -1.092 -1.089 -1.077 -1.064 -1.049 -1.031 -1.025 -1.015 -0.998 -0.984 -0.971 -0.958 -0.904 -0.854 -0.872 -9999 -9999 -9999 -9999 -9999 -9999 -9999 -9999 -9999 -9999 -9999 -9999 -9999 -9999 -9999 -9999
-0.766 -0.77 -9999 -9999 -9999 -9999 -9999 -9999 -9999 -9999 -9999 -9999 -0.921 -9999 -9999 -9999 -9999 -1.053 -1.076 -1.094 -9999 -9999 -9999 -1.135 -1.158 -9999 -9999 -9999 -9999 -9999 -9999 -9999 -1.222 -1.213 -1.221 -1.232 -1.214 -1.194 -1.186 -1.169 -1.152 -1.136 -1.114 -1.093 -1.088 -1.085 -1.071 -1.059 -1.041 -1.024 -1.018 -1.013 -0.996 -0.977 -0.964 -0.951 -0.898 -0.833 -0.848 -9999 -9999 -9999 -9999 -9999 -9999 -9999 -9999 -9999 -9999 -9999 -9999 -9999 -9999 -9999 -9999
-0.779 -9999 -9999 -9999 -9999 -9999 -9999 -9999 -9999 -9999 -9999 -9999 -0.926 -9999 -9999 -9999 -9999 -9999 -1.075 -1.098 -9999 -9999 -9999 -9999 -9999 -9999 -9999 -9999 -9999 -9999 -9999 -9999 -1.225 -1.227 -1.23 -1.227 -1.216 -1.213 -1.189 -1.124 -1.102 -1.078 -1.07 -1.097 -1.088 -1.072 -1.062 -1.057 -1.044 -1.039 -1.016 -1.001 -0.99 -0.975 -0.968 -0.957 -0.897 -0.829 -0.809 -0.839 -9999 -9999 -9999 -9999 -9999 -9999 -9999 -9999 -9999 -9999 -9999 -9999 -9999 -9999 -9999
-9999 -0.774 -0.775 -0.775 -0.765 -9999 -9999 -9999 -9999 -9999 -9999 -9999 -0.938 -9999 -9999 -9999 -9999 -9999 -9999 -9999 -9999 -9999 -9999 -9999 -9999 -9999 -9999 -9999 -9999 -9999 -9999 -1.243 -1.238 -1.23 -1.226 -1.223 -1.219 -1.216 -1.169 -1.104 -1.079 -1.054 -1.07 -1.094 -1.078 -1.063 -1.056 -1.051 -1.045 -1.04 -1.018 -0.993 -0.983 -0.972 -0.964 -0.957 -0.899 -0.828 -0.808 -0.786 -0.794 -9999 -9999 -9999 -9999 -9999 -9999 -9999 -9999 -9999 -9999 -9999 -9999 -9999 -9999
-0.799 -0.793 -0.788 -0.77 -0.765 -9999 -9999 -9999 -9999 -9999 -9999 -9999 -9999 -9999 -9999 -9999 -9999 -9999 -9999 -9999 -9999 -9999 -9999 -9999 -9999 -9999 -9999 -9999 -9999 -9999 -1.22 -1.23 -1.226 -1.231 -1.224 -1.213 -1.212 -1.214 -1.167 -1.1 -1.076 -1.05 -1.048 -1.022 -1.024 -1.072 -1.067 -1.064 -1.055 -1.036 -1.013 -0.985 -0.978 -0.969 -0.957 -0.946 -0.892 -0.824 -0.802 -0.779 -0.776 -9999 -9999 -9999 -9999 -9999 -9999 -9999 -9999 -9999 -9999 -9999 -9999 -9999 -9999
-0.806 -0.801 -0.787 -9999 -0.77 -0.771 -9999 -9999 -9999 -9999 -9999 -9999 -9999 -9999 -9999 -9999 -9999 -9999 -9999 -9999 -9999 -9999 -9999 -9999 -9999 -9999 -9999 -9999 -9999 -9999 -1.222 -1.221 -1.223 -1.227 -1.217 -1.205 -1.205 -1.206 -1.158 -1.093 -1.068 -1.044 -1.017 -0.989 -1.024 -1.07 -1.066 -1.065 -1.048 -1.031 -1.006 -0.979 -0.972 -0.966 -0.954 -0.94 -0.888 -0.823 -0.801 -0.778 -0.775 -0.776 -0.759 -9999 -9999 -9999 -9999 -9999 -9999 -9999 -9999 -9999 -9999 -9999 -9999
-0.816 -0.801 -0.792 -9999 -9999 -0.777 -9999 -9999 -9999 -9999 -9999 -9999 -9999 -9999 -9999 -9999 -9999 -9999 -9999 -9999 -9999 -9999 -9999 -9999 -9999 -9999 -9999 -9999 -9999 -9999 -1.234 -1.234 -1.232 -1.225 -1.216 -1.211 -1.209 -1.204 -1.171 -1.149 -1.124 -1.086 -1.051 -0.989 -1.008 -1.007 -1.014 -1.053 -1.039 -1.029 -1.008 -0.982 -0.943 -0.916 -0.898 -0.879 -0.862 -0.818 -0.801 -0.78 -0.771 -0.769 -0.765 -0.75 -0.724 -0.715 -9999 -9999 -9999 -9999 -9999 -9999 -9999 -9999 -9999
-0.816 -0.802 -0.801 -0.799 -9999 -0.781 -9999 -9999 -9999 -9999 -9999 -9999 -9999 -9999 -9999 -9999 -9999 -9999 -9999 -9999 -9999 -9999 -9999 -9999 -9999 -9999 -9999 -9999 -9999 -1.193 -1.224 -1.234 -1.225 -1.215 -1.21 -1.205 -1.2 -1.195 -1.184 -1.165 -1.132 -1.097 -1.046 -0.988 -0.982 -0.98 -1.008 -1.045 -1.035 -1.024 -1.004 -0.981 -0.944 -0.898 -0.879 -0.858 -0.839 -0.818 -0.801 -0.783 -0.775 -0.77 -0.765 -0.762 -0.744 -0.729 -0.69 -0.695 -9999 -9999 -9999 -9999 -9999 -9999 -9999
-0.847 -0.821 -0.813 -9999 -0.784 -9999 -9999 -9999 -9999 -9999 -9999 -9999 -9999 -9999 -9999 -9999 -9999 -9999 -9999 -9999 -9999 -9999 -9999 -9999 -9999 -9999 -9999 -9999 -9999 -9999 -1.203 -1.217 -1.204 -1.192 -1.191 -1.203 -1.184 -1.135 -1.12 -1.097 -1.065 -1.039 -1.013 -1.035 -1.03 -1.018 -1.039 -1.05 -1.041 -1.029 -1.02 -1.004 -0.99 -0.961 -0.907 -0.866 -0.843 -0.82 -0.808 -0.794 -0.806 -0.812 -0.776 -0.754 -0.744 -0.732 -0.715 -0.684 -0.687 -9999 -9999 -9999 -9999 -9999 -9999
-0.853 -0.829 -0.808 -0.784 -0.785 -9999 -9999 -9999 -9999 -9999 -9999 -9999 -9999 -9999 -9999 -9999 -9999 -9999 -9999 -9999 -9999 -9999 -9999 -9999 -9999 -9999 -9999 -9999 -9999 -9999 -9999 -1.196 -1.187 -1.176 -1.184 -1.195 -1.154 -1.106 -1.09 -1.066 -1.039 -1.013 -1.028 -1.051 -1.04 -1.03 -1.037 -1.048 -1.038 -1.027 -1.018 -1.008 -0.996 -0.981 -0.931 -0.869 -0.847 -0.822 -0.811 -0.8 -0.811 -0.828 -0.794 -0.754 -0.744 -0.735 -0.719 -0.703 -0.681 -0.683 -9999 -9999 -9999 -9999 -9999
-0.828 -0.807 -0.801 -0.82 -9999 -9999 -9999 -9999 -9999 -9999 -9999 -9999 -9999 -9999 -9999 -9999 -9999 -9999 -9999 -9999 -9999 -9999 -9999 -9999 -9999 -9999 -9999 -9999 -9999 -9999 -9999 -1.153 -1.116 -1.11 -1.115 -1.122 -1.089 -1.073 -1.061 -1.049 -1.024 -1.003 -1.007 -0.997 -1.006 -1.058 -1.055 -1.033 -1.022 -1.01 -1.003 -0.999 -0.995 -0.986 -0.926 -0.859 -0.845 -0.827 -0.853 -0.867 -0.855 -0.859 -0.807 -0.758 -0.752 -0.745 -0.73 -0.714 -0.7 -0.679 -0.683 -9999 -9999 -9999 -9999
-0.819 -0.798 -0.815 -0.833 -9999 -9999 -9999 -9999 -9999 -9999 -9999 -9999 -9999 -9999 -9999 -9999 -9999 -9999 -9999 -9999 -9999 -9999 -9999 -9999 -9999 -9999 -9999 -9999 -9999 -9999 -9999 -9999 -1.082 -1.075 -1.08 -1.087 -1.072 -1.057 -1.051 -1.04 -1.018 -0.998 -0.985 -0.974 -1.014 -1.065 -1.045 -1.023 -1.012 -1.001 -0.996 -0.993 -0.989 -0.985 -0.927 -0.855 -0.842 -0.829 -0.855 -0.891 -0.881 -0.869 -0.821 -0.762 -0.757 -0.752 -0.738 -0.722 -0.708 -0.695 -0.68 -9999 -9999 -9999 -9999
-9999 -9999 -9999 -9999 -9999 -9999 -9999 -9999 -9999 -9999 -9999 -9999 -9999 -9999 -9999 -9999 -9999 -9999 -9999 -9999 -9999 -9999 -9999 -9999 -9999 -9999 -9999 -9999 -9999 -9999 -9999 -9999 -1.08 -1.062 -1.063 -1.056 -1.047 -1.045 -1.032 -1.0 -0.987 -0.997 -0.987 -0.984 -1.021 -1.066 -1.05 -1.039 -1.028 -1.014 -1.002 -0.994 -0.987 -0.981 -0.922 -0.85 -0.836 -0.822 -0.851 -0.887 -0.886 -0.881 -0.829 -0.768 -0.754 -0.745 -0.728 -0.712 -0.701 -0.691 -0.676 -0.668 -9999 -9999 -9999
-9999 -9999 -9999 -9999 -9999 -9999 -9999 -9999 -9999 -9999 -9999 -9999 -9999 -9999 -9999 -9999 -9999 -9999 -9999 -9999 -9999 -9999 -9999 -9999 -9999 -9999 -9999 -9999 -9999 -9999 -9999 -9999 -9999 -1.049 -1.043 -1.037 -1.036 -1.035 -1.015 -0.984 -0.987 -0.996 -0.99 -0.987 -1.02 -1.062 -1.052 -1.042 -1.029 -1.016 -1.004 -0.99 -0.984 -0.977 -0.92 -0.85 -0.836 -0.821 -0.848 -0.885 -0.885 -0.885 -0.835 -0.774 -0.76 -0.745 -0.729 -0.712 -0.702 -0.694 -0.679 -0.663 -9999 -9999 -9999
-9999 -9999 -9999 -9999 -9999 -9999 -9999 -9999 -9999 -9999 -9999 -9999 -9999 -9999 -9999 -9999 -9999 -9999 -9999 -9999 -9999 -9999 -9999 -9999 -9999 -9999 -9999 -9999 -9999 -9999 -9999 -9999 -9999 -1.039 -9999 -1.023 -1.024 -1.029 -1.016 -9999 -0.997 -0.992 -0.984 -0.978 -1.012 -1.062 -1.055 -1.051 -1.023 -0.96 -0.979 -0.984 -0.984 -0.982 -0.956 -0.907 -0.88 -0.859 -0.814 -0.805 -0.838 -0.857 -0.819 -0.765 -0.747 -0.729 -0.733 -0.727 -0.711 -0.7 -0.684 -0.667 -0.652 -9999 -9999
-9999 -9999 -9999 -9999 -9999 -9999 -9999 -9999 -9999 -9999 -9999 -9999 -9999 -9999 -9999 -9999 -9999 -9999 -9999 -9999 -9999 -9999 -9999 -9999 -9999 -9999 -9999 -9999 -9999 -9999 -9999 -9999 -9999 -9999 -1.02 -1.011 -9999 -9999 -9999 -9999 -0.992 -0.989 -0.98 -0.973 -1.011 -1.059 -1.055 -1.052 -0.999 -0.936 -0.954 -0.979 -0.979 -0.981 -0.956 -0.926 -0.901 -0.871 -0.829 -0.777 -0.806 -0.846 -0.808 -0.763 -0.746 -0.727 -0.729 -0.735 -0.721 -0.707 -0.691 -0.674 -0.658 -0.641 -0.635
-9999 -9999 -9999 -9999 -9999 -9999 -9999 -9999 -9999 -9999 -9999 -9999 -9999 -9999 -9999 -9999 -9999 -9999 -9999 -9999 -9999 -9999 -9999 -9999 -9999 -9999 -9999 -9999 -9999 -9999 -9999 -9999 -9999 -9999 -1.012 -1.01 -9999 -9999 -9999 -9999 -0.982 -0.974 -0.98 -1.017 -1.028 -0.992 -0.986 -0.985 -0.949 -0.94 -0.959 -0.983 -0.982 -0.983 -0.963 -0.937 -0.873 -0.82 -0.812 -0.781 -0.782 -0.803 -0.792 -0.763 -0.754 -0.741 -0.733 -0.734 -0.725 -0.715 -0.694 -0.673 -0.658 -0.643 -0.636
-9999 -9999 -9999 -9999 -9999 -9999 -9999 -9999 -9999 -9999 -9999 -9999 -9999 -9999 -9999 -9999 -9999 -9999 -9999 -9999 -9999 -9999 -9999 -9999 -9999 -9999 -9999 -9999 -9999 -9999 -9999 -9999 -9999 -9999 -0.993 -9999 -9999 -9999 -9999 -0.967 -0.966 -0.959 -0.988 -1.026 -0.994 -0.958 -0.954 -0.952 -0.944 -0.935 -0.954 -0.979 -0.978 -0.978 -0.959 -0.937 -0.877 -0.802 -0.792 -0.783 -0.784 -0.788 -0.776 -0.764 -0.755 -0.746 -0.739 -0.734 -0.726 -0.72 -0.7 -0.677 -0.662 -0.646 -9999
-9999 -9999 -9999 -9999 -9999 -9999 -9999 -9999 -9999 -9999 -9999 -9999 -9999 -9999 -9999 -9999 -9999 -9999 -9999 -9999 -9999 -9999 -9999 -9999 -9999 -9999 -9999 -9999 -9999 -9999 -9999 -9999 -9999 -9999 -9999 -9999 -9999 -9999 -9999 -0.946 -0.959 -0.995 -1.019 -1.036 -1.012 -0.99 -0.976 -0.934 -0.923 -0.91 -0.931 -0.967 -0.965 -0.964 -0.947 -0.925 -0.905 -0.858 -0.817 -0.791 -0.787 -0.787 -0.781 -0.772 -0.763 -0.755 -0.748 -0.743 -0.737 -0.73 -0.697 -0.666 -0.659 -0.652 -9999
-9999 -9999 -9999 -9999 -9999 -9999 -9999 -9999 -9999 -9999 -9999 -9999 -9999 -9999 -9999 -9999 -9999 -9999 -9999 -9999 -9999 -9999 -9999 -9999 -9999 -9999 -9999 -9999 -9999 -9999 -9999 -9999 -9999 -9999 -9999 -9999 -9999 -9999 -9999 -0.927 -0.962 -1.002 -1.015 -1.033 -1.016 -0.996 -0.96 -0.919 -0.906 -0.894 -0.921 -0.955 -0.953 -0.952 -0.936 -0.916 -0.898 -0.876 -0.839 -0.794 -0.79 -0.787 -0.781 -0.775 -0.766 -0.758 -0.752 -0.749 -0.742 -0.736 -0.704 -0.665 -0.658 -0.66 -9999
-9999 -9999 -9999 -9999 -9999 -9999 -9999 -9999 -9999 -9999 -9999 -9999 -9999 -9999 -9999 -9999 -9999 -9999 -9999 -9999 -9999 -9999 -9999 -9999 -9999 -9999 -9999 -9999 -9999 -9999 -9999 -9999 -9999 -9999 -9999 -9999 -9999 -9999 -0.915 -0.911 -0.952 -1.009 -1.021 -1.027 -1.012 -1.001 -0.963 -0.908 -0.913 -0.95 -0.935 -0.944 -0.935 -0.929 -0.917 -0.901 -0.866 -0.834 -0.857 -0.849 -0.806 -0.781 -0.775 -0.769 -0.751 -0.737 -0.732 -0.728 -0.723 -0.717 -0.705 -0.679 -0.669 -0.663 -0.667
-9999 -9999 -9999 -9999 -9999 -9999 -9999 -9999 -9999 -9999 -9999 -9999 -9999 -9999 -9999 -9999 -9999 -9999 -9999 -9999 -9999 -9999 -9999 -9999 -9999 -9999 -9999 -9999 -9999 -9999 -9999 -9999 -9999 -9999 -9999 -9999 -9999 -9999 -0.9 -0.897 -0.947 -1.003 -1.01 -1.014 -1.005 -0.994 -0.95 -0.898 -0.928 -0.966 -0.951 -0.934 -0.925 -0.916 -0.904 -0.89 -0.857 -0.816 -0.838 -0.866 -0.827 -0.779 -0.772 -0.766 -0.749 -0.732 -0.726 -0.722 -0.717 -0.713 -0.7 -0.687 -0.677 -0.667 -0.671
-9999 -9999 -9999 -9999 -9999 -9999 -9999 -9999 -9999 -9999 -9999 -9999 -9999 -9999 -9999 -9999 -9999 -9999 -9999 -9999 -9999 -9999 -9999 -9999 -9999 -9999 -9999 -9999 -9999 -9999 -9999 -9999 -9999 -9999 -9999 -9999 -9999 -0.869 -0.87 -0.881 -0.914 -0.925 -0.943 -0.992 -0.985 -0.981 -0.94 -0.894 -0.921 -0.952 -0.948 -0.938 -0.922 -0.909 -0.905 -0.897 -0.88 -0.85 -0.816 -0.81 -0.799 -0.767 -0.764 -0.761 -0.742 -0.724 -0.72 -0.717 -0.719 -0.718 -0.711 -0.701 -0.692 -0.682 -0.663
-9999 -9999 -9999 -9999 -9999 -9999 -9999 -9999 -9999 -9999 -9999 -9999 -9999 -9999 -9999 -9999 -9999 -9999 -9999 -9999 -9999 -9999 -9999 -9999 -9999 -9999 -9999 -9999 -9999 -9999 -9999 -9999 -9999 -9999 -9999 -9999 -9999 -0.849 -0.858 -0.868 -0.875 -0.884 -0.926 -0.974 -0.971 -0.967 -0.93 -0.887 -0.91 -0.94 -0.936 -0.933 -0.919 -0.901 -0.898 -0.894 -0.878 -0.858 -0.827 -0.788 -0.776 -0.762 -0.759 -0.76 -0.742 -0.723 -0.719 -0.717 -0.718 -0.722 -0.715 -0.707 -0.699 -0.689 -0.671
-9999 -9999 -9999 -9999 -9999 -9999 -9999 -9999 -9999 -9999 -9999 -9999 -9999 -9999 -9999 -9999 -9999 -9999 -9999 -9999 -9999 -9999 -9999 -9999 -9999 -9999 -9999 -9999 -9999 -9999 -9999 -9999 -9999 -9999 -9999 -9999 -9999 -0.834 -0.845 -0.854 -0.86 -0.866 -0.907 -0.956 -0.954 -0.955 -0.919 -0.876 -0.901 -0.939 -0.933 -0.928 -0.911 -0.892 -0.854 -0.828 -0.816 -0.797 -0.828 -0.827 -0.79 -0.762 -0.758 -0.756 -0.75 -0.738 -0.725 -0.718 -0.714 -0.714 -0.697 -0.684 -0.684 -0.681 -0.667
-9999 -9999 -9999 -9999 -9999 -9999 -9999 -9999 -9999 -9999 -9999 -9999 -9999 -9999 -9999 -9999 -9999 -9999 -9999 -9999 -9999 -9999 -9999 -9999 -9999 -9999 -9999 -9999 -9999 -9999 -9999 -9999 -9999 -9999 -9999 -9999 -9999 -9999 -0.832 -0.841 -0.845 -0.851 -0.892 -0.939 -0.942 -0.943 -0.908 -0.866 -0.896 -0.933 -0.927 -0.92 -0.904 -0.883 -0.847 -0.802 -0.789 -0.773 -0.801 -0.837 -0.803 -0.762 -0.758 -0.756 -0.75 -0.744 -0.733 -0.72 -0.716 -0.713 -0.696 -9999 -0.676 -9999 -0.666
-9999 -9999 -9999 -9999 -9999 -9999 -9999 -9999 -9999 -9999 -9999 -9999 -9999 -9999 -9999 -9999 -9999 -9999 -9999 -9999 -9999 -9999 -9999 -9999 -9999 -9999 -9999 -9999 -9999 -9999 -9999 -9999 -9999 -9999 -9999 -9999 -9999 -0.813 -0.821 -0.814 -0.82 -0.832 -0.875 -0.934 -0.922 -0.879 -0.857 -0.862 -0.88 -0.884 -0.885 -0.908 -0.901 -0.886 -0.838 -0.787 -0.789 -0.784 -0.808 -0.842 -0.796 -0.749 -0.748 -0.747 -0.744 -0.739 -0.724 -0.709 -0.706 -0.703 -0.704 -0.697 -0.684 -0.68 -9999
-9999 -9999 -9999 -9999 -9999 -9999 -9999 -9999 -9999 -9999 -9999 -9999 -9999 -9999 -9999 -9999 -9999 -9999 -9999 -9999 -9999 -9999 -9999 -9999 -9999 -9999 -9999 -9999 -9999 -9999 -9999 -9999 -9999 -9999 -9999 -9999 -9999 -0.801 -0.799 -0.797 -0.806 -0.818 -0.865 -0.922 -0.889 -0.846 -0.851 -0.856 -0.857 -0.859 -0.876 -0.897 -0.891 -0.882 -0.837 -0.78 -0.782 -0.785 -0.809 -0.841 -0.798 -0.745 -0.744 -0.743 -0.74 -0.737 -0.722 -0.706 -0.702 -0.7 -0.701 -0.705 -0.694 -0.682 -0.669
-9999 -9999 -9999 -9999 -9999 -9999 -9999 -9999 -9999 -9999 -9999 -9999 -9999 -9999 -9999 -9999 -9999 -9999 -9999 -9999 -9999 -9999 -9999 -9999 -9999 -9999 -9999 -9999 -9999 -9999 -9999 -9999 -9999 -9999 -9999 -9999 -0.785 -0.807 -0.805 -0.801 -0.811 -0.823 -0.85 -0.847 -0.823 -0.817 -0.824 -0.835 -0.838 -0.849 -0.872 -0.898 -0.863 -0.837 -0.823 -0.785 -0.777 -0.775 -0.764 -0.773 -0.766 -0.734 -0.731 -0.73 -0.725 -0.721 -0.725 -0.719 -0.706 -0.698 -0.689 -0.687 -0.686 -0.681 -0.67
-9999 -9999 -9999 -9999 -9999 -9999 -9999 -9999 -9999 -9999 -9999 -9999 -9999 -9999 -9999 -9999 -9999 -9999 -9999 -9999 -9999 -9999 -9999 -9999 -9999 -9999 -9999 -9999 -9999 -9999 -9999 -9999 -9999 -9999 -9999 -9999 -0.794 -0.803 -0.8 -0.798 -0.808 -0.819 -0.815 -0.81 -0.805 -0.8 -0.81 -0.822 -0.83 -0.84 -0.863 -0.892 -0.859 -0.817 -0.802 -0.785 -0.778 -0.772 -0.761 -0.749 -0.74 -0.73 -0.727 -0.725 -0.719 -0.715 -0.718 -0.724 -0.712 -0.699 -0.69 -0.682 -0.681 -0.682 -0.671
-9999 -9999 -9999 -9999 -9999 -9999 -9999 -9999 -9999 -9999 -9999 -9999 -9999 -9999 -9999 -9999 -9999 -9999 -9999 -9999 -9999 -9999 -9999 -9999 -9999 -9999 -9999 -9999 -9999 -9999 -9999 -9999 -9999 -9999 -9999 -9999 -9999 -0.835 -0.825 -0.792 -0.803 -0.815 -0.81 -0.804 -0.802 -0.802 -0.811 -0.819 -0.82 -0.805 -0.823 -0.841 -0.836 -0.811 -0.807 -0.797 -0.793 -0.788 -0.769 -0.751 -0.74 -0.729 -0.723 -0.718 -0.704 -0.694 -0.701 -0.708 -0.707 -0.701 -0.691 -0.681 -0.67 -0.664 -0.665
