Validation/Results/ReClimate_06_2024_2_Temperature.asc
NCOLS 192
NROWS 249
XLLCENTER -225160.85627316462
YLLCENTER 29788.11610251502
CELLSIZE 5000.0
NODATA_VALUE -9999
[rows 136 to 169 of 249, columns 77 to 153 of 192]
-9999 -9999 -9999 -9999 -9999 -9999 -9999 -9999 0.287 -9999 0.291 0.289 0.298 0.309 0.313 0.317 0.327 0.338 0.343 0.349 0.334 0.317 0.318 0.32 0.313 0.305 0.297 0.289 -9999 -9999 -9999 -9999 -9999 -9999 0.285 0.288 0.283 0.279 0.279 0.28 0.277 0.275 0.28 0.287 0.279 0.27 0.264 0.257 0.255 0.252 0.252 0.254 0.25 0.247 0.241 0.24 0.247 -9999 -9999 -9999 -9999 -9999 -9999 -9999 -9999 -9999 -9999 -9999 -9999 -9999 -9999 -9999 -9999 -9999 -9999 -9999 -9999
-9999 -9999 -9999 -9999 -9999 -9999 -9999 -9999 0.284 0.281 0.282 0.291 0.302 0.311 0.315 0.32 0.326 0.328 0.33 0.329 0.324 0.336 0.334 0.323 0.317 0.309 0.305 0.305 -9999 -9999 -9999 -9999 0.294 0.281 0.285 0.295 0.291 0.285 0.285 0.285 0.285 0.289 0.291 0.287 0.285 0.293 0.282 0.259 0.256 0.253 0.258 0.262 0.247 0.237 0.238 0.239 0.249 -9999 -9999 -9999 -9999 -9999 -9999 -9999 -9999 -9999 -9999 -9999 -9999 -9999 -9999 -9999 -9999 -9999 -9999 -9999 -9999
0.258 -9999 -9999 -9999 -9999 -9999 -9999 -9999 0.272 0.276 0.283 -9999 -9999 0.312 0.316 0.321 0.323 -9999 0.32 0.321 0.331 0.344 0.335 0.324 0.319 0.311 -9999 -9999 -9999 -9999 -9999 0.3 0.291 0.283 0.291 0.301 0.295 0.29 0.29 0.29 0.294 0.298 0.295 0.29 0.297 0.304 0.285 0.263 0.26 0.258 0.262 0.269 0.254 0.238 0.238 0.241 0.248 -9999 -9999 -9999 -9999 -9999 -9999 -9999 -9999 -9999 -9999 -9999 -9999 -9999 -9999 -9999 -9999 -9999 -9999 -9999 -9999
0.257 -9999 -9999 -9999 -9999 -9999 -9999 -9999 -9999 0.281 0.287 -9999 -9999 -9999 0.309 0.31 0.31 0.308 -9999 -9999 0.322 0.329 0.322 0.317 0.313 -9999 -9999 -9999 -9999 -9999 0.305 0.301 0.294 0.283 0.29 0.296 0.29 0.284 0.286 0.291 0.297 0.307 0.304 0.301 0.305 0.307 0.293 0.284 0.263 0.25 0.252 0.257 0.253 0.243 0.244 0.248 0.244 -9999 -9999 -9999 -9999 -9999 -9999 -9999 -9999 -9999 -9999 -9999 -9999 -9999 -9999 -9999 -9999 -9999 -9999 -9999 -9999
-9999 -9999 -9999 -9999 -9999 -9999 -9999 -9999 -9999 -9999 0.287 -9999 -9999 -9999 -9999 0.305 0.304 0.302 -9999 -9999 -9999 0.319 0.319 -9999 -9999 -9999 -9999 -9999 -9999 -9999 0.309 0.305 0.296 0.286 0.29 0.296 0.291 0.286 0.29 0.295 0.303 0.313 0.31 0.307 0.309 0.311 0.304 0.295 0.275 0.251 0.253 0.257 0.253 0.248 0.25 0.254 0.251 -9999 -9999 -9999 -9999 -9999 -9999 -9999 -9999 -9999 -9999 -9999 -9999 -9999 -9999 -9999 -9999 -9999 -9999 -9999 -9999
-9999 -9999 -9999 -9999 -9999 -9999 -9999 -9999 -9999 -9999 0.288 -9999 -9999 -9999 -9999 -9999 0.302 0.309 -9999 -9999 -9999 -9999 -9999 -9999 -9999 -9999 -9999 -9999 -9999 -9999 0.312 0.324 0.318 0.312 0.316 0.32 0.314 0.304 0.305 0.298 0.305 0.312 0.309 0.305 0.297 0.276 0.271 0.274 0.276 0.265 0.262 0.263 0.258 0.254 0.253 0.255 0.252 0.253 -9999 -9999 -9999 -9999 -9999 -9999 -9999 -9999 -9999 -9999 -9999 -9999 -9999 -9999 -9999 -9999 -9999 -9999 -9999
0.245 0.254 0.238 -9999 -9999 -9999 -9999 -9999 -9999 -9999 0.288 -9999 -9999 -9999 -9999 -9999 -9999 -9999 -9999 -9999 -9999 -9999 -9999 -9999 -9999 -9999 -9999 -9999 -9999 0.32 0.327 0.333 0.329 0.324 0.327 0.331 0.323 0.314 0.309 0.302 0.308 0.314 0.311 0.306 0.288 0.266 0.267 0.269 0.271 0.275 0.272 0.27 0.266 0.263 0.262 0.262 0.259 0.256 0.248 -9999 -9999 -9999 -9999 -9999 -9999 -9999 -9999 -9999 -9999 -9999 -9999 -9999 -9999 -9999 -9999 -9999 -9999
0.236 0.236 0.224 -9999 -9999 -9999 -9999 -9999 -9999 -9999 -9999 -9999 -9999 -9999 -9999 -9999 -9999 -9999 -9999 -9999 -9999 -9999 -9999 -9999 -9999 -9999 -9999 -9999 0.336 0.335 0.337 0.334 0.333 0.336 0.334 0.323 0.318 0.319 0.314 0.308 0.311 0.308 0.305 0.304 0.296 0.305 0.303 0.29 0.29 0.284 0.277 0.273 0.27 0.267 0.263 0.261 0.253 0.247 0.246 -9999 -9999 -9999 -9999 -9999 -9999 -9999 -9999 -9999 -9999 -9999 -9999 -9999 -9999 -9999 -9999 -9999 -9999
0.231 -9999 0.224 0.22 -9999 -9999 -9999 -9999 -9999 -9999 -9999 -9999 -9999 -9999 -9999 -9999 -9999 -9999 -9999 -9999 -9999 -9999 -9999 -9999 -9999 -9999 -9999 -9999 0.337 0.341 0.34 0.337 0.34 0.343 0.334 0.323 0.323 0.324 0.32 0.314 0.312 0.309 0.308 0.307 0.315 0.325 0.315 0.303 0.299 0.293 0.287 0.28 0.277 0.275 0.271 0.267 0.259 0.25 0.248 0.247 0.258 -9999 -9999 -9999 -9999 -9999 -9999 -9999 -9999 -9999 -9999 -9999 -9999 -9999 -9999 -9999 -9999
0.226 -9999 -9999 0.221 -9999 -9999 -9999 -9999 -9999 -9999 -9999 -9999 -9999 -9999 -9999 -9999 -9999 -9999 -9999 -9999 -9999 -9999 -9999 -9999 -9999 -9999 -9999 -9999 0.335 0.338 0.337 0.336 0.338 0.339 0.338 0.35 0.349 0.344 0.343 0.341 0.338 0.329 0.323 0.304 0.316 0.339 0.332 0.324 0.31 0.298 0.293 0.287 0.281 0.276 0.271 0.267 0.265 0.259 0.261 0.262 0.257 0.265 0.264 0.261 -9999 -9999 -9999 -9999 -9999 -9999 -9999 -9999 -9999 -9999 -9999 -9999 -9999
0.225 0.222 -9999 0.226 -9999 -9999 -9999 -9999 -9999 -9999 -9999 -9999 -9999 -9999 -9999 -9999 -9999 -9999 -9999 -9999 -9999 -9999 -9999 -9999 -9999 -9999 -9999 0.334 0.338 0.339 0.34 0.339 0.34 0.34 0.351 0.363 0.359 0.355 0.355 0.356 0.35 0.342 0.327 0.308 0.326 0.349 0.343 0.336 0.322 0.306 0.301 0.295 0.289 0.283 0.278 0.273 0.271 0.27 0.27 0.273 0.268 0.264 0.267 0.266 0.261 0.278 -9999 -9999 -9999 -9999 -9999 -9999 -9999 -9999 -9999 -9999 -9999
0.23 -9999 0.228 -9999 -9999 -9999 -9999 -9999 -9999 -9999 -9999 -9999 -9999 -9999 -9999 -9999 -9999 -9999 -9999 -9999 -9999 -9999 -9999 -9999 -9999 -9999 -9999 -9999 0.337 0.339 0.342 0.349 0.349 0.35 0.361 0.377 0.372 0.362 0.364 0.364 0.359 0.352 0.341 0.332 0.344 0.345 0.339 0.333 0.333 0.324 0.317 0.311 0.305 0.299 0.293 0.287 0.279 0.273 0.273 0.274 0.273 0.271 0.274 0.277 0.269 0.266 0.293 -9999 -9999 -9999 -9999 -9999 -9999 -9999 -9999 -9999 -9999
0.23 0.226 0.234 -9999 -9999 -9999 -9999 -9999 -9999 -9999 -9999 -9999 -9999 -9999 -9999 -9999 -9999 -9999 -9999 -9999 -9999 -9999 -9999 -9999 -9999 -9999 -9999 -9999 -9999 0.34 0.348 0.355 0.356 0.356 0.369 0.385 0.377 0.369 0.371 0.371 0.367 0.36 0.354 0.346 0.347 0.347 0.342 0.336 0.336 0.335 0.329 0.321 0.316 0.311 0.305 0.299 0.291 0.282 0.281 0.282 0.281 0.281 0.283 0.288 0.279 0.269 0.283 0.292 -9999 -9999 -9999 -9999 -9999 -9999 -9999 -9999 -9999
0.222 0.226 -9999 -9999 -9999 -9999 -9999 -9999 -9999 -9999 -9999 -9999 -9999 -9999 -9999 -9999 -9999 -9999 -9999 -9999 -9999 -9999 -9999 -9999 -9999 -9999 -9999 -9999 -9999 0.342 0.349 0.354 0.36 0.375 0.382 0.38 0.376 0.378 0.373 0.355 0.354 0.363 0.359 0.359 0.361 0.364 0.361 0.359 0.356 0.349 0.333 0.32 0.318 0.315 0.305 0.296 0.296 0.292 0.289 0.288 0.293 0.296 0.3 0.307 0.304 0.298 0.286 0.293 0.287 -9999 -9999 -9999 -9999 -9999 -9999 -9999 -9999
0.221 0.225 -9999 -9999 -9999 -9999 -9999 -9999 -9999 -9999 -9999 -9999 -9999 -9999 -9999 -9999 -9999 -9999 -9999 -9999 -9999 -9999 -9999 -9999 -9999 -9999 -9999 -9999 -9999 -9999 0.347 0.355 0.368 0.384 0.383 0.383 0.384 0.385 0.37 0.352 0.359 0.367 0.368 0.368 0.371 0.374 0.373 0.371 0.365 0.358 0.343 0.325 0.323 0.322 0.313 0.302 0.301 0.302 0.299 0.297 0.301 0.308 0.312 0.319 0.316 0.315 0.304 0.291 0.288 -9999 -9999 -9999 -9999 -9999 -9999 -9999 -9999
-9999 -9999 -9999 -9999 -9999 -9999 -9999 -9999 -9999 -9999 -9999 -9999 -9999 -9999 -9999 -9999 -9999 -9999 -9999 -9999 -9999 -9999 -9999 -9999 -9999 -9999 -9999 -9999 -9999 -9999 0.345 0.349 0.361 0.375 0.376 0.375 0.376 0.379 0.369 0.367 0.375 0.382 0.381 0.376 0.378 0.379 0.376 0.367 0.354 0.343 0.333 0.318 0.317 0.315 0.319 0.315 0.311 0.309 0.308 0.306 0.314 0.323 0.329 0.336 0.327 0.322 0.313 0.303 0.288 0.288 -9999 -9999 -9999 -9999 -9999 -9999 -9999
-9999 -9999 -9999 -9999 -9999 -9999 -9999 -9999 -9999 -9999 -9999 -9999 -9999 -9999 -9999 -9999 -9999 -9999 -9999 -9999 -9999 -9999 -9999 -9999 -9999 -9999 -9999 -9999 -9999 -9999 -9999 0.348 0.359 0.374 0.375 0.375 0.379 0.381 0.38 0.378 0.384 0.391 0.387 0.382 0.383 0.385 0.378 0.369 0.357 0.343 0.333 0.322 0.32 0.319 0.322 0.326 0.322 0.318 0.316 0.316 0.324 0.335 0.34 0.347 0.339 0.33 0.322 0.313 0.299 0.283 -9999 -9999 -9999 -9999 -9999 -9999 -9999
-9999 -9999 -9999 -9999 -9999 -9999 -9999 -9999 -9999 -9999 -9999 -9999 -9999 -9999 -9999 -9999 -9999 -9999 -9999 -9999 -9999 -9999 -9999 -9999 -9999 -9999 -9999 -9999 -9999 -9999 -9999 0.351 -9999 0.366 0.369 0.375 0.379 -9999 0.379 0.379 0.381 0.376 0.378 0.393 0.395 0.398 0.394 0.393 0.377 0.361 0.347 0.333 0.33 0.329 0.32 0.317 0.321 0.321 0.325 0.327 0.325 0.33 0.334 0.341 0.327 0.313 0.317 0.315 0.316 0.309 0.31 -9999 -9999 -9999 -9999 -9999 -9999
-9999 -9999 -9999 -9999 -9999 -9999 -9999 -9999 -9999 -9999 -9999 -9999 -9999 -9999 -9999 -9999 -9999 -9999 -9999 -9999 -9999 -9999 -9999 -9999 -9999 -9999 -9999 -9999 -9999 -9999 -9999 -9999 0.361 0.365 -9999 -9999 -9999 -9999 0.384 0.384 0.379 0.374 0.386 0.401 0.404 0.407 0.406 0.406 0.391 0.373 0.359 0.342 0.34 0.338 0.33 0.32 0.324 0.329 0.332 0.337 0.335 0.334 0.338 0.345 0.331 0.314 0.317 0.322 0.322 0.325 0.327 0.331 0.333 -9999 -9999 -9999 -9999
-9999 -9999 -9999 -9999 -9999 -9999 -9999 -9999 -9999 -9999 -9999 -9999 -9999 -9999 -9999 -9999 -9999 -9999 -9999 -9999 -9999 -9999 -9999 -9999 -9999 -9999 -9999 -9999 -9999 -9999 -9999 -9999 0.359 0.367 -9999 -9999 -9999 -9999 0.392 0.377 0.374 0.375 0.384 0.391 0.398 0.416 0.415 0.41 0.4 0.385 0.357 0.331 0.34 0.344 0.357 0.36 0.34 0.332 0.33 0.332 0.339 0.343 0.337 0.336 0.334 0.325 0.326 0.33 0.33 0.331 0.331 0.336 0.333 -9999 -9999 -9999 -9999
-9999 -9999 -9999 -9999 -9999 -9999 -9999 -9999 -9999 -9999 -9999 -9999 -9999 -9999 -9999 -9999 -9999 -9999 -9999 -9999 -9999 -9999 -9999 -9999 -9999 -9999 -9999 -9999 -9999 -9999 -9999 -9999 0.357 -9999 -9999 -9999 -9999 0.398 0.391 0.379 0.379 0.38 0.385 0.391 0.405 0.423 0.419 0.415 0.405 0.394 0.367 0.334 0.342 0.352 0.364 0.38 0.362 0.34 0.338 0.337 0.343 0.353 0.347 0.34 0.338 0.336 0.337 0.341 0.34 0.341 0.34 0.339 -9999 -9999 -9999 -9999 -9999
-9999 -9999 -9999 -9999 -9999 -9999 -9999 -9999 -9999 -9999 -9999 -9999 -9999 -9999 -9999 -9999 -9999 -9999 -9999 -9999 -9999 -9999 -9999 -9999 -9999 -9999 -9999 -9999 -9999 -9999 -9999 -9999 -9999 -9999 -9999 -9999 -9999 0.389 0.388 0.398 0.4 0.398 0.401 0.4 0.406 0.401 0.397 0.394 0.383 0.367 0.365 0.347 0.351 0.359 0.363 0.373 0.356 0.335 0.339 0.342 0.343 0.349 0.348 0.344 0.346 0.346 0.34 0.339 0.333 0.329 0.332 0.336 -9999 -9999 -9999 -9999 -9999
-9999 -9999 -9999 -9999 -9999 -9999 -9999 -9999 -9999 -9999 -9999 -9999 -9999 -9999 -9999 -9999 -9999 -9999 -9999 -9999 -9999 -9999 -9999 -9999 -9999 -9999 -9999 -9999 -9999 -9999 -9999 -9999 -9999 -9999 -9999 -9999 -9999 0.386 0.397 0.408 0.409 0.407 0.407 0.406 0.402 0.396 0.394 0.39 0.378 0.363 0.36 0.356 0.361 0.367 0.371 0.376 0.359 0.34 0.344 0.35 0.352 0.355 0.353 0.353 0.354 0.357 0.351 0.346 0.339 0.333 0.335 0.338 -9999 -9999 -9999 -9999 -9999
-9999 -9999 -9999 -9999 -9999 -9999 -9999 -9999 -9999 -9999 -9999 -9999 -9999 -9999 -9999 -9999 -9999 -9999 -9999 -9999 -9999 -9999 -9999 -9999 -9999 -9999 -9999 -9999 -9999 -9999 -9999 -9999 -9999 -9999 -9999 -9999 0.377 0.397 0.4 0.391 0.395 0.407 0.403 0.393 0.39 0.39 0.39 0.394 0.391 0.381 0.373 0.367 0.364 0.366 0.366 0.369 0.358 0.342 0.351 0.361 0.355 0.354 0.354 0.353 0.349 0.348 0.35 0.348 0.345 0.34 0.334 0.345 0.343 -9999 -9999 -9999 -9999
-9999 -9999 -9999 -9999 -9999 -9999 -9999 -9999 -9999 -9999 -9999 -9999 -9999 -9999 -9999 -9999 -9999 -9999 -9999 -9999 -9999 -9999 -9999 -9999 -9999 -9999 -9999 -9999 -9999 -9999 -9999 -9999 -9999 -9999 -9999 -9999 0.38 0.402 0.395 0.386 0.398 0.41 0.402 0.392 0.392 0.392 0.395 0.4 0.396 0.392 0.385 0.375 0.373 0.371 0.371 0.372 0.362 0.35 0.358 0.371 0.366 0.361 0.36 0.361 0.356 0.352 0.353 0.356 0.353 0.35 0.345 0.34 0.345 -9999 -9999 -9999 -9999
-9999 -9999 -9999 -9999 -9999 -9999 -9999 -9999 -9999 -9999 -9999 -9999 -9999 -9999 -9999 -9999 -9999 -9999 -9999 -9999 -9999 -9999 -9999 -9999 -9999 -9999 -9999 -9999 -9999 -9999 -9999 -9999 -9999 -9999 -9999 0.363 0.379 0.392 0.385 0.377 0.388 0.4 0.395 0.389 0.389 0.392 0.396 0.406 0.402 0.398 0.39 0.381 0.373 0.368 0.374 0.378 0.372 0.363 0.364 0.371 0.367 0.363 0.366 0.368 0.369 0.369 0.36 0.357 0.35 0.346 0.349 0.349 0.349 0.352 -9999 -9999 -9999
-9999 -9999 -9999 -9999 -9999 -9999 -9999 -9999 -9999 -9999 -9999 -9999 -9999 -9999 -9999 -9999 -9999 -9999 -9999 -9999 -9999 -9999 -9999 -9999 -9999 -9999 -9999 -9999 -9999 -9999 -9999 -9999 -9999 -9999 -9999 0.366 0.377 0.39 0.384 0.376 0.387 0.399 0.397 0.392 0.393 0.396 0.403 0.412 0.408 0.404 0.396 0.387 0.38 0.371 0.377 0.385 0.38 0.373 0.374 0.377 0.374 0.37 0.373 0.377 0.378 0.381 0.373 0.364 0.358 0.352 0.355 0.361 0.36 0.362 -9999 -9999 -9999
-9999 -9999 -9999 -9999 -9999 -9999 -9999 -9999 -9999 -9999 -9999 -9999 -9999 -9999 -9999 -9999 -9999 -9999 -9999 -9999 -9999 -9999 -9999 -9999 -9999 -9999 -9999 -9999 -9999 -9999 -9999 -9999 -9999 -9999 -9999 0.373 0.382 0.385 0.382 0.383 0.393 0.402 0.402 0.4 0.401 0.402 0.407 0.413 0.401 0.392 0.392 0.386 0.379 0.372 0.376 0.382 0.383 0.38 0.384 0.388 0.388 0.387 0.38 0.379 0.374 0.372 0.372 0.368 0.365 0.361 0.361 0.367 0.373 0.377 0.36 -9999 -9999
-9999 -9999 -9999 -9999 -9999 -9999 -9999 -9999 -9999 -9999 -9999 -9999 -9999 -9999 -9999 -9999 -9999 -9999 -9999 -9999 -9999 -9999 -9999 -9999 -9999 -9999 -9999 -9999 -9999 -9999 -9999 -9999 -9999 -9999 -9999 -9999 0.382 0.385 0.387 0.388 0.397 0.406 0.407 0.406 0.407 0.408 0.411 0.416 0.406 0.392 0.391 0.39 0.384 0.377 0.381 0.386 0.387 0.388 0.392 0.397 0.397 0.398 0.392 0.386 0.381 0.376 0.375 0.376 0.374 -9999 0.372 -9999 0.382 0.39 0.373 0.367 -9999
-9999 -9999 -9999 -9999 -9999 -9999 -9999 -9999 -9999 -9999 -9999 -9999 -9999 -9999 -9999 -9999 -9999 -9999 -9999 -9999 -9999 -9999 -9999 -9999 -9999 -9999 -9999 -9999 -9999 -9999 -9999 -9999 -9999 -9999 -9999 0.375 0.382 0.387 0.389 0.392 0.402 0.416 0.419 0.423 0.423 0.42 0.423 0.423 0.411 0.393 0.385 0.379 0.375 0.368 0.378 0.387 0.393 0.397 0.395 0.397 0.393 0.391 0.388 0.383 0.386 0.386 0.388 0.391 0.386 0.383 0.381 0.381 -9999 0.38 0.374 0.37 0.381
-9999 -9999 -9999 -9999 -9999 -9999 -9999 -9999 -9999 -9999 -9999 -9999 -9999 -9999 -9999 -9999 -9999 -9999 -9999 -9999 -9999 -9999 -9999 -9999 -9999 -9999 -9999 -9999 -9999 -9999 -9999 -9999 -9999 -9999 -9999 0.375 0.382 0.389 0.393 0.396 0.408 0.422 0.427 0.432 0.431 0.428 0.428 0.429 0.415 0.398 0.39 0.381 0.376 0.37 0.38 0.393 0.398 0.405 0.403 0.402 0.398 0.394 0.391 0.388 0.391 0.396 0.399 0.404 0.399 0.393 0.391 0.39 0.379 -9999 -9999 -9999 -9999
-9999 -9999 -9999 -9999 -9999 -9999 -9999 -9999 -9999 -9999 -9999 -9999 -9999 -9999 -9999 -9999 -9999 -9999 -9999 -9999 -9999 -9999 -9999 -9999 -9999 -9999 -9999 -9999 -9999 -9999 -9999 -9999 -9999 -9999 0.365 0.358 0.363 0.369 0.375 0.39 0.4 0.406 0.41 0.412 0.413 0.416 0.415 0.415 0.408 0.395 0.392 0.386 0.385 0.383 0.381 0.387 0.388 0.392 0.388 0.384 0.392 0.394 0.399 0.4 0.404 0.41 0.407 0.408 0.409 0.408 0.399 0.394 0.386 0.381 0.39 -9999 -9999
-9999 -9999 -9999 -9999 -9999 -9999 -9999 -9999 -9999 -9999 -9999 -9999 -9999 -9999 -9999 -9999 -9999 -9999 -9999 -9999 -9999 -9999 -9999 -9999 -9999 -9999 -9999 -9999 -9999 -9999 -9999 -9999 -9999 -9999 0.346 0.352 0.357 0.362 0.374 0.389 0.395 0.402 0.405 0.407 0.411 0.414 0.413 0.413 0.406 0.399 0.396 0.392 0.392 0.392 0.391 0.39 0.391 0.393 0.388 0.383 0.39 0.4 0.404 0.41 0.415 0.421 0.418 0.416 0.418 0.421 0.413 0.404 0.397 0.391 0.397 0.406 -9999
-9999 -9999 -9999 -9999 -9999 -9999 -9999 -9999 -9999 -9999 -9999 -9999 -9999 -9999 -9999 -9999 -9999 -9999 -9999 -9999 -9999 -9999 -9999 -9999 -9999 -9999 -9999 -9999 -9999 -9999 -9999 -9999 -9999 -9999 -9999 0.364 0.37 0.377 0.386 0.388 0.399 0.42 0.418 0.402 0.406 0.408 0.408 0.408 0.405 0.411 0.4 0.392 0.398 0.401 0.392 0.386 0.388 0.39 0.394 0.394 0.391 0.395 0.396 0.399 0.413 0.424 0.419 0.414 0.416 0.419 0.403 0.389 0.4 0.404 0.401 0.404 0.402
