Validation/Results/ReClimate_11_2023_2weatherlogisticsltd.asc
NCOLS 192
NROWS 249
XLLCENTER -225160.85627316462
YLLCENTER 29788.11610251502
CELLSIZE 5000.0
NODATA_VALUE -9999
[rows 99 to 131 of 249, columns 75 to 149 of 192]
91.662 91.635 91.493 91.404 91.342 91.398 91.571 -9999 -9999 92.054 92.187 92.415 92.684 92.927 93.079 93.378 93.496 93.286 93.651 93.811 94.216 94.848 95.003 95.32 95.639 95.871 95.954 96.036 96.097 96.033 96.265 96.636 96.756 96.868 96.997 97.132 97.274 97.424 97.537 97.605 97.675 97.753 97.842 97.933 -9999 -9999 -9999 -9999 -9999 -9999 -9999 -9999 -9999 -9999 -9999 -9999 -9999 -9999 -9999 -9999 -9999 -9999 -9999 -9999 -9999 -9999 -9999 -9999 -9999 -9999 -9999 -9999 -9999 -9999 -9999
91.709 91.668 -9999 -9999 91.126 91.244 -9999 -9999 -9999 91.986 92.108 92.18 92.491 92.853 93.044 92.994 93.068 93.453 93.666 93.96 94.407 94.611 94.931 95.304 95.496 95.614 95.724 95.88 95.853 95.854 96.089 96.182 96.34 96.592 96.718 96.85 96.988 97.136 97.251 97.324 97.395 97.474 97.562 97.653 -9999 -9999 -9999 -9999 -9999 -9999 -9999 -9999 -9999 -9999 -9999 -9999 -9999 -9999 -9999 -9999 -9999 -9999 -9999 -9999 -9999 -9999 -9999 -9999 -9999 -9999 -9999 -9999 -9999 -9999 -9999
-9999 91.786 91.327 90.669 -9999 -9999 -9999 -9999 91.863 91.905 92.017 92.399 92.757 93.094 92.925 92.478 92.781 92.955 93.197 93.289 93.746 94.43 94.813 95.229 95.262 95.13 95.311 95.566 95.545 95.444 95.638 95.971 96.179 96.322 96.448 96.577 96.712 96.854 96.968 97.039 97.103 97.172 97.25 -9999 -9999 -9999 -9999 -9999 -9999 -9999 -9999 -9999 -9999 -9999 -9999 -9999 -9999 -9999 -9999 -9999 -9999 -9999 -9999 -9999 -9999 -9999 -9999 -9999 -9999 -9999 -9999 -9999 -9999 -9999 -9999
91.978 91.928 91.558 91.471 91.12 90.862 -9999 -9999 91.717 -9999 -9999 90.925 91.298 92.623 92.395 92.214 92.448 92.959 93.253 93.933 94.391 94.505 94.787 94.854 94.858 95.0 95.185 95.286 95.349 95.629 95.804 95.795 95.935 96.057 96.182 96.311 96.444 96.583 96.694 96.763 96.822 96.89 -9999 -9999 -9999 -9999 -9999 -9999 -9999 -9999 -9999 -9999 -9999 -9999 -9999 -9999 -9999 -9999 -9999 -9999 -9999 -9999 -9999 -9999 -9999 -9999 -9999 -9999 -9999 -9999 -9999 -9999 -9999 -9999 -9999
91.672 92.053 91.997 91.976 -9999 -9999 -9999 91.575 91.564 90.802 90.374 90.387 91.494 92.805 92.597 92.165 92.651 93.342 93.83 94.127 94.181 94.092 94.242 94.514 94.682 94.891 94.984 95.054 95.257 95.377 95.427 95.559 95.683 95.795 95.92 96.048 96.18 -9999 -9999 96.496 -9999 -9999 -9999 -9999 -9999 -9999 -9999 -9999 -9999 -9999 -9999 -9999 -9999 -9999 -9999 -9999 -9999 -9999 -9999 -9999 -9999 -9999 -9999 -9999 -9999 -9999 -9999 -9999 -9999 -9999 -9999 -9999 -9999 -9999 -9999
91.892 92.097 -9999 91.983 -9999 -9999 -9999 91.415 91.131 91.229 91.263 91.257 92.014 92.378 92.248 92.529 93.008 93.216 93.458 93.628 93.652 93.753 94.008 94.174 94.364 94.545 94.657 94.8 94.923 95.046 95.168 95.29 95.407 95.533 95.657 95.785 -9999 96.054 96.165 96.233 96.304 -9999 -9999 -9999 -9999 -9999 -9999 -9999 -9999 -9999 -9999 -9999 -9999 -9999 -9999 -9999 -9999 -9999 -9999 -9999 -9999 -9999 -9999 -9999 -9999 -9999 -9999 -9999 -9999 -9999 -9999 -9999 -9999 -9999 -9999
92.347 -9999 -9999 -9999 -9999 91.597 91.28 91.347 91.395 91.437 91.363 91.234 91.583 92.123 92.323 92.565 92.691 92.853 93.107 93.551 93.619 93.601 93.67 93.579 93.838 94.115 94.303 94.534 94.658 94.781 94.887 94.971 95.108 95.268 -9999 95.518 95.649 95.785 95.892 95.958 96.058 -9999 -9999 -9999 -9999 -9999 -9999 -9999 -9999 -9999 -9999 -9999 -9999 -9999 -9999 -9999 -9999 -9999 -9999 -9999 -9999 -9999 -9999 -9999 -9999 -9999 -9999 -9999 -9999 -9999 -9999 -9999 -9999 -9999 -9999
-9999 -9999 -9999 -9999 -9999 91.978 91.624 91.438 91.434 91.569 91.539 91.625 91.928 91.872 92.045 92.293 92.368 92.517 92.853 93.16 93.183 93.226 93.225 93.38 93.657 94.017 94.186 94.265 94.39 94.513 94.626 94.778 94.907 94.997 95.12 95.244 95.374 95.515 95.636 95.722 95.805 95.893 -9999 -9999 -9999 -9999 -9999 -9999 -9999 -9999 -9999 -9999 -9999 -9999 -9999 -9999 -9999 -9999 -9999 -9999 -9999 -9999 -9999 -9999 -9999 -9999 -9999 -9999 -9999 -9999 -9999 -9999 -9999 -9999 -9999
-9999 -9999 -9999 -9999 92.239 -9999 -9999 91.768 91.794 91.881 91.94 92.095 -9999 -9999 91.721 92.166 92.248 92.513 92.777 93.09 93.138 93.155 93.296 93.471 93.713 93.861 93.938 94.012 93.985 93.699 93.945 94.343 94.493 94.743 94.877 95.015 95.16 95.311 95.429 95.518 95.599 95.677 95.855 -9999 -9999 -9999 -9999 -9999 -9999 -9999 -9999 -9999 -9999 -9999 -9999 -9999 -9999 -9999 -9999 -9999 -9999 -9999 -9999 -9999 -9999 -9999 -9999 -9999 -9999 -9999 -9999 -9999 -9999 -9999 -9999
-9999 -9999 -9999 -9999 92.369 -9999 92.104 91.98 91.924 91.793 91.867 92.057 91.831 91.68 91.908 91.969 92.152 92.237 92.423 92.699 92.795 92.973 93.134 93.29 93.431 93.552 93.637 93.728 93.65 93.842 94.104 94.2 94.401 94.558 94.695 94.836 94.981 95.121 95.227 95.312 95.393 95.47 -9999 -9999 -9999 -9999 -9999 -9999 -9999 -9999 -9999 -9999 -9999 -9999 -9999 -9999 -9999 -9999 -9999 -9999 -9999 -9999 -9999 -9999 -9999 -9999 -9999 -9999 -9999 -9999 -9999 -9999 -9999 -9999 -9999
-9999 -9999 -9999 -9999 92.498 -9999 92.325 92.302 92.206 92.219 92.179 -9999 91.972 91.921 -9999 92.536 92.567 92.491 92.62 92.646 92.833 93.085 93.198 93.243 93.344 93.399 93.603 93.985 94.121 94.186 94.331 94.574 94.601 94.427 94.621 94.923 95.103 95.321 -9999 -9999 -9999 -9999 -9999 -9999 -9999 -9999 -9999 -9999 -9999 -9999 -9999 -9999 -9999 -9999 -9999 -9999 -9999 -9999 -9999 -9999 -9999 -9999 -9999 -9999 -9999 -9999 -9999 -9999 -9999 -9999 -9999 -9999 -9999 -9999 -9999
-9999 -9999 92.787 92.729 -9999 -9999 92.601 92.406 92.341 92.209 92.069 92.104 92.113 92.106 -9999 91.898 92.024 92.516 92.435 92.205 92.37 92.576 92.742 93.105 93.184 93.268 93.437 93.327 93.474 93.733 93.792 93.575 93.652 94.146 94.443 94.8 95.001 -9999 -9999 -9999 -9999 -9999 -9999 -9999 -9999 -9999 -9999 -9999 -9999 -9999 -9999 -9999 -9999 -9999 -9999 -9999 -9999 -9999 -9999 -9999 -9999 -9999 -9999 -9999 -9999 -9999 -9999 -9999 -9999 -9999 -9999 -9999 -9999 -9999 -9999
-9999 92.89 92.856 92.764 -9999 92.814 92.731 92.387 92.258 -9999 92.109 92.275 92.252 92.273 -9999 92.254 92.532 92.618 92.495 92.52 92.55 92.439 92.439 91.989 92.293 92.903 92.79 92.545 -9999 93.689 93.652 93.824 94.124 94.216 94.431 94.483 -9999 -9999 -9999 -9999 -9999 -9999 -9999 -9999 -9999 -9999 -9999 -9999 -9999 -9999 -9999 -9999 -9999 -9999 -9999 -9999 -9999 -9999 -9999 -9999 -9999 -9999 -9999 -9999 -9999 -9999 -9999 -9999 -9999 -9999 -9999 -9999 -9999 -9999 -9999
-9999 92.959 92.863 -9999 -9999 92.982 92.666 92.272 -9999 92.199 92.209 92.187 92.168 92.21 -9999 92.379 92.442 92.463 92.477 92.48 92.368 92.288 92.049 92.211 92.669 93.063 92.864 92.625 93.125 93.356 -9999 -9999 93.597 93.868 -9999 -9999 -9999 -9999 -9999 -9999 94.561 94.618 94.691 -9999 -9999 -9999 -9999 -9999 -9999 -9999 -9999 -9999 -9999 -9999 -9999 -9999 -9999 -9999 -9999 -9999 -9999 -9999 -9999 -9999 -9999 -9999 -9999 -9999 -9999 -9999 -9999 -9999 -9999 -9999 -9999
93.084 92.64 -9999 -9999 93.036 93.051 92.646 92.344 -9999 92.583 92.53 92.582 92.561 92.555 -9999 -9999 -9999 92.337 92.359 92.421 92.328 92.204 92.503 93.201 93.461 93.634 93.259 92.623 92.707 92.593 92.839 93.368 93.591 93.819 -9999 -9999 -9999 -9999 -9999 94.34 94.38 94.439 94.508 94.646 -9999 -9999 -9999 -9999 -9999 -9999 -9999 -9999 -9999 -9999 -9999 -9999 -9999 -9999 -9999 -9999 -9999 -9999 -9999 -9999 -9999 -9999 -9999 -9999 -9999 -9999 -9999 -9999 -9999 -9999 -9999
93.02 93.015 -9999 -9999 -9999 93.078 92.729 92.438 -9999 92.668 -9999 92.43 92.368 92.334 -9999 92.396 92.36 92.361 -9999 92.378 92.148 91.714 92.062 92.116 92.288 92.562 92.252 92.276 92.367 92.82 93.169 93.325 93.512 93.66 93.765 93.843 93.94 -9999 94.125 94.16 94.227 94.325 94.51 94.751 95.004 95.274 -9999 -9999 -9999 -9999 -9999 -9999 -9999 -9999 -9999 -9999 -9999 -9999 -9999 -9999 -9999 -9999 -9999 -9999 -9999 -9999 -9999 -9999 -9999 -9999 -9999 -9999 -9999 -9999 -9999
93.445 -9999 -9999 -9999 -9999 93.01 92.885 93.049 -9999 92.899 -9999 92.628 92.525 -9999 92.175 92.163 92.15 92.238 92.19 92.06 91.91 92.089 92.147 92.274 92.446 92.64 92.623 92.516 92.702 92.601 92.808 93.101 93.273 93.489 93.597 93.709 93.795 93.876 93.946 94.022 94.047 93.917 94.232 94.718 95.046 95.511 95.833 96.313 97.013 -9999 -9999 -9999 -9999 -9999 -9999 -9999 -9999 -9999 -9999 -9999 -9999 -9999 -9999 -9999 -9999 -9999 -9999 -9999 -9999 -9999 -9999 -9999 -9999 -9999 -9999
93.755 -9999 -9999 -9999 -9999 93.064 93.121 93.1 92.989 -9999 -9999 92.746 92.609 -9999 92.313 92.04 92.089 92.265 92.089 91.898 91.992 92.03 92.073 91.979 91.963 91.75 91.916 92.541 92.566 92.769 92.999 93.088 93.258 93.377 93.495 93.591 93.673 93.751 93.859 94.11 94.201 94.495 94.875 95.125 95.493 95.76 96.097 96.455 96.797 97.499 -9999 -9999 -9999 -9999 -9999 -9999 -9999 -9999 -9999 -9999 -9999 -9999 -9999 -9999 -9999 -9999 -9999 -9999 -9999 -9999 -9999 -9999 -9999 -9999 -9999
-9999 -9999 -9999 -9999 -9999 93.513 93.511 93.41 93.301 -9999 -9999 92.79 92.681 -9999 -9999 92.318 92.358 92.301 91.991 91.531 91.503 91.499 91.348 91.032 91.239 91.958 92.363 92.485 92.515 92.312 92.545 93.046 93.113 93.095 93.261 93.473 93.565 93.714 93.885 93.841 94.237 94.809 95.091 95.424 95.702 95.996 96.335 96.689 97.068 97.51 -9999 -9999 -9999 -9999 -9999 -9999 -9999 -9999 -9999 -9999 -9999 -9999 -9999 -9999 -9999 -9999 -9999 -9999 -9999 -9999 -9999 -9999 -9999 -9999 -9999
-9999 -9999 -9999 -9999 -9999 93.861 93.695 93.658 -9999 -9999 -9999 -9999 92.75 -9999 92.56 92.426 92.359 92.326 91.97 91.727 91.718 91.831 91.625 91.69 92.093 92.189 92.304 92.438 92.243 91.954 92.412 92.957 92.963 92.976 93.172 93.377 93.567 93.864 93.978 94.23 94.621 94.776 95.133 95.543 95.862 96.234 96.587 96.967 97.377 97.826 98.297 -9999 -9999 -9999 -9999 -9999 -9999 -9999 -9999 -9999 -9999 -9999 -9999 -9999 -9999 -9999 -9999 -9999 -9999 -9999 -9999 -9999 -9999 -9999 -9999
-9999 -9999 -9999 93.774 93.702 93.57 93.629 -9999 -9999 93.113 -9999 -9999 -9999 -9999 92.604 92.504 92.439 92.353 92.197 92.164 92.114 91.948 91.896 91.84 91.955 92.14 92.232 92.371 92.34 92.586 92.867 92.819 92.794 92.603 92.635 92.615 93.077 94.01 94.166 94.117 94.475 95.108 95.523 95.99 96.346 96.7 97.025 97.308 97.713 98.13 98.52 -9999 -9999 -9999 -9999 -9999 -9999 -9999 -9999 -9999 -9999 -9999 -9999 -9999 -9999 -9999 -9999 -9999 -9999 -9999 -9999 -9999 -9999 -9999 -9999
-9999 -9999 -9999 -9999 94.159 93.963 94.031 -9999 93.516 93.076 92.883 -9999 -9999 -9999 -9999 92.566 92.47 92.38 92.227 91.896 91.763 91.706 91.717 91.905 92.044 92.157 92.213 92.322 92.445 92.4 92.439 92.549 92.556 92.722 92.829 93.057 93.741 94.152 94.29 94.632 95.111 95.391 95.782 96.09 96.436 96.785 97.109 97.502 97.922 98.419 98.818 99.337 -9999 -9999 -9999 -9999 -9999 -9999 -9999 -9999 -9999 -9999 -9999 -9999 -9999 -9999 -9999 -9999 -9999 -9999 -9999 -9999 -9999 -9999 -9999
-9999 -9999 -9999 -9999 94.588 94.436 94.328 -9999 93.732 93.392 93.184 -9999 -9999 -9999 -9999 -9999 92.496 92.404 92.13 91.903 91.859 91.881 91.918 91.82 91.65 91.113 91.215 91.372 91.669 92.366 92.424 92.356 92.424 92.403 92.816 93.389 93.72 93.957 94.491 95.305 95.526 95.657 95.96 96.267 96.627 97.034 97.376 97.671 98.156 98.695 99.086 99.559 100.197 -9999 -9999 -9999 -9999 -9999 -9999 -9999 -9999 -9999 -9999 -9999 -9999 -9999 -9999 -9999 -9999 -9999 -9999 -9999 -9999 -9999 -9999
-9999 -9999 -9999 -9999 94.916 94.74 -9999 -9999 93.934 93.343 93.114 93.133 -9999 -9999 -9999 -9999 -9999 92.425 92.201 91.997 91.975 91.906 91.832 91.785 91.546 91.732 91.753 91.783 92.246 92.491 92.484 92.53 92.515 92.738 93.204 93.629 93.848 94.064 94.8 95.594 95.725 95.855 96.171 96.504 96.865 97.189 97.576 98.138 98.595 98.966 99.352 99.841 100.453 101.064 101.698 -9999 -9999 -9999 -9999 -9999 -9999 -9999 -9999 -9999 -9999 -9999 -9999 -9999 -9999 -9999 -9999 -9999 -9999 -9999 -9999
-9999 -9999 -9999 -9999 95.227 95.027 -9999 -9999 94.234 93.8 93.626 -9999 -9999 -9999 -9999 -9999 -9999 92.455 92.329 92.311 92.26 92.223 92.17 92.079 92.038 91.77 91.713 91.783 91.843 91.588 91.43 90.997 91.445 92.215 92.757 93.667 93.81 93.755 94.595 95.564 95.746 95.972 96.31 96.633 96.977 97.359 97.808 98.154 98.608 99.259 99.809 100.342 100.935 101.529 102.131 -9999 -9999 -9999 -9999 -9999 -9999 -9999 -9999 -9999 -9999 -9999 -9999 -9999 -9999 -9999 -9999 -9999 -9999 -9999 -9999
-9999 -9999 -9999 -9999 95.54 95.324 -9999 -9999 -9999 94.076 93.859 93.689 -9999 -9999 -9999 -9999 -9999 92.533 92.504 92.485 92.372 92.13 92.089 92.059 91.905 92.029 92.05 92.129 91.986 91.889 91.651 91.736 92.437 93.082 93.719 94.068 94.214 94.629 95.309 95.598 95.885 96.258 96.56 96.804 97.211 97.704 98.054 98.387 99.0 99.714 100.301 100.875 101.449 102.025 102.606 -9999 -9999 -9999 -9999 -9999 -9999 -9999 -9999 -9999 -9999 -9999 -9999 -9999 -9999 -9999 -9999 -9999 -9999 -9999 -9999
-9999 -9999 -9999 96.02 95.85 95.473 -9999 -9999 -9999 -9999 -9999 -9999 -9999 -9999 -9999 -9999 -9999 91.148 91.214 91.535 91.669 92.406 92.196 91.592 91.827 92.353 92.198 91.805 91.558 91.116 91.282 91.871 92.517 93.27 93.483 93.51 94.074 94.924 95.255 95.63 95.997 96.37 96.516 96.444 96.838 97.069 97.628 98.693 99.581 100.223 100.791 101.354 101.912 102.471 103.034 103.26 -9999 -9999 -9999 -9999 -9999 -9999 -9999 -9999 -9999 -9999 -9999 -9999 -9999 -9999 -9999 -9999 -9999 -9999 -9999
-9999 -9999 96.512 96.326 96.087 95.845 -9999 -9999 -9999 -9999 -9999 -9999 -9999 -9999 -9999 92.688 91.34 91.524 91.785 92.177 92.561 92.593 92.246 92.112 92.329 92.169 91.936 92.102 91.873 91.976 92.368 92.543 93.168 93.559 93.774 94.258 94.836 95.093 95.454 95.788 96.193 96.65 96.771 97.095 97.361 97.634 98.441 99.384 100.089 100.687 101.241 101.79 102.335 102.879 103.427 103.73 -9999 -9999 -9999 -9999 -9999 -9999 -9999 -9999 -9999 -9999 -9999 -9999 -9999 -9999 -9999 -9999 -9999 -9999 -9999
-9999 -9999 96.906 96.803 96.577 -9999 -9999 -9999 -9999 -9999 -9999 -9999 -9999 -9999 -9999 92.704 91.869 91.31 91.594 91.922 91.923 91.961 91.573 90.976 91.056 91.402 91.754 92.352 92.35 92.5 92.813 93.263 93.741 94.186 94.481 94.659 94.84 94.901 95.103 95.06 95.641 96.428 96.698 96.842 97.259 98.211 99.166 99.894 100.557 101.114 101.66 102.194 102.727 103.257 103.791 104.141 -9999 -9999 -9999 -9999 -9999 -9999 -9999 -9999 -9999 -9999 -9999 -9999 -9999 -9999 -9999 -9999 -9999 -9999 -9999
-9999 -9999 -9999 -9999 -9999 -9999 -9999 -9999 -9999 -9999 -9999 -9999 -9999 -9999 -9999 92.522 92.246 92.261 92.439 92.543 92.489 92.265 92.006 92.285 92.386 92.193 92.45 92.321 92.426 92.886 93.244 93.483 93.734 93.581 93.831 94.37 94.672 95.303 95.515 96.015 96.583 96.901 97.171 97.518 98.19 98.937 99.659 100.363 100.966 101.513 102.045 102.572 103.094 103.613 104.134 104.507 -9999 -9999 -9999 -9999 -9999 -9999 -9999 -9999 -9999 -9999 -9999 -9999 -9999 -9999 -9999 -9999 -9999 -9999 -9999
-9999 -9999 -9999 -9999 -9999 -9999 -9999 -9999 -9999 -9999 -9999 -9999 -9999 -9999 93.196 91.814 91.704 91.46 91.717 92.378 92.3 92.389 92.639 93.109 92.892 92.671 92.56 92.494 92.727 93.141 93.482 93.944 94.045 94.293 94.667 94.941 95.345 95.515 95.933 96.284 96.622 97.008 97.428 97.96 98.694 99.414 100.13 100.795 101.35 101.887 102.411 102.929 103.441 103.951 104.46 104.846 -9999 -9999 -9999 -9999 -9999 -9999 -9999 -9999 -9999 -9999 -9999 -9999 -9999 -9999 -9999 -9999 -9999 -9999 -9999
-9999 -9999 -9999 -9999 -9999 -9999 -9999 -9999 -9999 -9999 -9999 -9999 -9999 -9999 92.476 92.59 92.475 92.594 92.894 92.864 92.889 92.868 92.987 92.667 92.485 92.405 92.405 92.614 92.904 93.319 93.718 93.982 94.197 94.134 94.406 94.735 95.094 95.783 96.129 96.387 96.762 97.13 97.598 98.363 99.16 99.874 100.571 101.171 101.714 102.243 102.762 103.27 103.774 104.274 104.774 105.163 -9999 -9999 -9999 -9999 -9999 -9999 -9999 -9999 -9999 -9999 -9999 -9999 -9999 -9999 -9999 -9999 -9999 -9999 -9999
-9999 -9999 -9999 -9999 -9999 -9999 -9999 -9999 -9999 -9999 -9999 -9999 -9999 94.191 93.275 93.343 93.386 93.507 93.371 93.126 93.101 93.12 92.894 92.794 92.69 92.609 92.638 92.715 93.086 93.509 93.923 94.509 94.519 94.544 94.803 94.985 95.686 96.669 96.819 96.713 96.953 96.894 97.617 98.896 99.612 100.321 100.975 101.525 102.06 102.583 103.094 103.598 104.095 104.577 105.032 105.401 105.724 -9999 -9999 -9999 -9999 -9999 -9999 -9999 -9999 -9999 -9999 -9999 -9999 -9999 -9999 -9999 -9999 -9999 -9999
