Validation/Results/ReClimate_11_2023_1_Temperature-Actuals.asc
NCOLS 192
NROWS 249
XLLCENTER -225160.85627316462
YLLCENTER 29788.11610251502
CELLSIZE 5000.0
NODATA_VALUE -9999
[rows 204 to 237 of 249, columns 77 to 153 of 192]
-9999 -9999 8.366 -9999 7.793 7.358 6.976 6.611 6.535 6.353 6.328 6.267 6.041 5.884 5.639 6.091 6.008 6.041 6.159 6.269 6.16 6.202 5.85 5.481 4.497 3.975 5.094 4.891 4.968 4.605 5.036 5.781 5.248 4.195 5.39 5.568 5.389 5.335 5.841 6.315 6.236 5.97 6.044 6.34 6.466 6.547 6.517 6.375 5.8 5.463 5.377 5.567 5.711 5.835 5.752 5.495 5.572 5.721 5.861 5.919 5.949 5.907 5.782 5.792 5.88 5.897 5.982 6.009 5.919 5.905 5.913 5.979 6.088 6.029 5.97 5.883 5.884
-9999 -9999 -9999 -9999 -9999 -9999 6.912 6.899 6.76 6.655 6.575 6.42 6.228 6.009 6.262 6.26 6.342 6.356 6.2 6.214 5.957 5.941 5.476 4.872 4.156 4.332 4.235 4.488 3.981 4.135 5.368 5.346 5.216 5.922 5.366 5.503 5.774 5.884 6.164 6.018 5.844 5.566 5.969 6.417 6.526 6.577 6.573 6.043 5.421 5.327 5.365 5.641 5.652 5.775 5.701 5.78 5.816 5.973 6.107 6.142 6.087 5.995 5.933 5.933 6.021 6.072 6.001 5.897 5.773 5.793 5.944 5.983 6.09 6.021 6.08 6.158 6.12
-9999 -9999 -9999 -9999 -9999 -9999 7.223 6.964 6.868 6.829 6.459 6.239 6.078 6.306 6.454 6.508 6.606 6.235 6.028 6.136 6.22 6.259 5.817 5.628 5.438 5.195 4.939 4.779 4.371 4.641 4.33 4.853 5.395 5.103 4.876 5.971 6.051 6.102 5.808 5.834 5.447 5.711 6.05 6.482 6.523 6.343 5.684 5.328 5.38 5.525 5.474 5.59 5.68 5.745 5.883 5.825 6.05 6.198 6.343 6.343 6.172 6.018 5.927 5.974 6.105 6.117 5.998 5.698 5.744 5.799 5.84 6.038 6.131 6.197 6.243 6.383 6.273
-9999 -9999 -9999 -9999 8.09 7.797 7.482 7.223 -9999 6.909 6.782 6.678 6.89 6.932 6.937 -9999 6.599 6.311 6.32 6.004 6.442 5.838 5.891 5.725 5.521 5.466 5.704 5.39 5.142 4.956 4.849 5.068 5.342 4.539 5.319 6.081 5.988 6.161 6.043 5.658 5.79 6.015 6.298 6.432 6.321 5.719 5.639 5.414 5.513 5.485 5.656 5.733 5.777 5.889 6.023 6.073 6.179 6.202 6.434 6.406 6.279 6.14 6.106 6.085 6.122 6.055 5.809 5.695 5.645 5.86 5.959 6.085 6.192 6.16 6.154 6.417 6.414
-9999 -9999 -9999 -9999 8.067 -9999 -9999 -9999 7.274 7.199 7.152 -9999 -9999 -9999 -9999 -9999 6.778 6.578 6.206 6.727 6.497 6.389 6.309 6.08 6.151 6.157 4.886 4.877 5.602 5.556 5.47 5.356 4.93 4.958 5.901 6.006 6.265 6.21 5.719 5.954 6.092 6.445 6.438 6.431 6.067 5.712 5.738 5.563 5.705 5.806 5.821 5.898 6.012 6.068 6.143 6.166 6.199 6.152 6.256 6.406 6.187 6.145 6.104 6.105 6.005 5.967 5.826 5.647 5.709 5.972 6.152 6.197 6.175 6.11 6.042 6.209 6.387
-9999 -9999 -9999 -9999 -9999 -9999 7.846 7.606 7.457 7.614 7.539 -9999 -9999 -9999 -9999 -9999 -9999 -9999 -9999 7.023 6.939 6.972 7.129 6.777 6.381 5.16 4.745 4.765 4.99 5.329 5.423 5.424 5.441 5.406 5.707 6.273 6.294 5.576 5.894 6.089 6.723 6.65 6.52 6.392 5.803 5.779 5.702 5.745 5.886 6.006 6.045 6.079 6.095 6.146 6.098 6.143 6.194 6.226 6.21 6.294 6.167 6.063 5.919 5.878 6.065 5.933 5.828 5.807 5.882 6.073 6.284 6.197 6.201 6.358 6.494 6.547 6.388
-9999 -9999 -9999 -9999 -9999 -9999 -9999 7.713 -9999 -9999 -9999 -9999 -9999 -9999 -9999 -9999 -9999 7.128 7.063 6.991 7.042 7.452 7.57 7.278 6.439 5.714 5.006 4.827 5.215 5.884 5.727 5.396 5.5 5.682 6.285 6.515 6.138 5.967 6.314 6.742 -9999 6.694 6.498 6.138 5.598 5.625 5.79 5.886 6.035 6.079 6.148 6.114 6.117 6.099 6.188 6.223 6.295 6.28 6.275 6.167 6.014 5.854 5.692 5.738 5.865 6.18 6.054 5.995 6.153 6.265 6.439 6.487 6.366 6.557 6.897 6.995 6.889
-9999 -9999 -9999 -9999 -9999 -9999 -9999 -9999 -9999 -9999 -9999 -9999 -9999 -9999 -9999 -9999 -9999 7.444 7.309 7.444 7.524 -9999 -9999 -9999 7.019 5.971 5.962 5.739 6.055 5.992 5.567 5.667 6.154 6.409 6.61 6.794 6.629 6.8 6.992 -9999 6.89 6.517 6.379 5.9 5.619 5.86 5.946 6.059 6.076 6.053 6.128 6.152 6.13 6.126 6.041 6.092 6.191 6.173 6.242 6.242 6.018 5.67 5.725 5.793 5.995 6.228 6.328 6.208 6.35 6.512 6.614 6.723 6.768 6.589 6.938 7.219 7.168
-9999 -9999 -9999 -9999 -9999 -9999 -9999 -9999 -9999 -9999 -9999 -9999 -9999 -9999 -9999 -9999 -9999 -9999 -9999 -9999 -9999 -9999 -9999 -9999 7.6 6.922 6.363 6.373 6.435 6.304 6.121 6.3 6.592 6.859 7.086 7.211 7.294 -9999 -9999 7.239 6.822 6.497 6.312 5.931 5.784 5.926 6.001 6.13 6.208 6.06 6.097 6.12 5.924 5.774 5.724 5.667 5.651 5.908 6.062 6.133 6.055 5.873 5.826 6.049 6.056 6.232 6.468 6.456 6.496 6.573 6.715 6.852 6.975 7.069 7.177 7.389 7.32
-9999 -9999 -9999 -9999 -9999 -9999 -9999 -9999 -9999 -9999 -9999 -9999 -9999 -9999 -9999 -9999 -9999 -9999 -9999 -9999 -9999 -9999 -9999 -9999 7.524 7.188 6.983 6.83 6.476 6.335 6.471 6.69 7.023 7.264 -9999 -9999 -9999 -9999 -9999 7.197 6.742 6.537 6.383 6.016 5.845 5.942 5.976 6.159 6.245 6.079 5.857 5.876 5.648 5.525 5.504 5.594 5.629 5.724 6.034 6.041 6.198 6.282 6.192 6.38 6.386 6.427 6.576 6.645 6.756 6.853 6.88 6.869 7.029 7.288 7.448 7.511 7.27
-9999 -9999 -9999 -9999 -9999 -9999 -9999 -9999 -9999 -9999 -9999 -9999 -9999 -9999 -9999 -9999 -9999 -9999 -9999 -9999 -9999 -9999 -9999 -9999 -9999 -9999 7.324 6.801 6.529 6.546 6.577 6.979 7.432 -9999 -9999 -9999 -9999 7.284 6.977 6.755 6.92 6.769 6.483 5.957 5.871 5.859 5.957 6.142 6.165 5.893 5.628 5.56 5.631 5.527 5.604 5.623 5.858 5.93 6.012 6.174 6.209 6.435 6.615 6.564 6.536 6.546 6.573 6.55 6.735 6.958 7.052 7.072 7.015 7.163 7.279 7.332 7.17
-9999 -9999 -9999 -9999 -9999 -9999 -9999 -9999 -9999 -9999 -9999 -9999 -9999 -9999 -9999 -9999 -9999 -9999 -9999 -9999 -9999 -9999 -9999 -9999 -9999 -9999 -9999 7.359 7.072 6.935 6.967 7.429 -9999 -9999 -9999 -9999 7.111 6.932 6.673 6.591 6.628 6.665 6.54 6.31 6.273 5.924 6.013 6.111 5.891 5.75 5.695 5.54 5.663 5.725 5.812 5.903 5.997 6.101 6.079 6.085 6.227 6.406 6.479 6.455 6.334 6.46 6.547 6.515 6.61 6.881 7.032 7.083 7.105 7.101 7.11 6.994 6.87
-9999 -9999 -9999 -9999 -9999 -9999 -9999 -9999 -9999 -9999 -9999 -9999 -9999 -9999 -9999 -9999 -9999 -9999 -9999 -9999 -9999 -9999 -9999 -9999 -9999 -9999 -9999 -9999 -9999 -9999 -9999 -9999 -9999 -9999 -9999 6.944 6.871 6.771 6.567 6.406 6.622 6.562 6.381 6.489 6.227 5.986 6.21 6.144 5.951 5.793 5.761 5.759 5.669 5.725 5.801 5.7 5.853 5.907 5.944 5.973 6.052 6.26 6.349 6.3 6.214 6.191 6.388 6.496 6.597 6.727 6.845 6.833 6.868 6.86 6.878 6.628 6.368
-9999 -9999 -9999 -9999 -9999 -9999 -9999 -9999 -9999 -9999 -9999 -9999 -9999 -9999 -9999 -9999 -9999 -9999 -9999 -9999 -9999 -9999 -9999 -9999 -9999 -9999 -9999 -9999 -9999 -9999 -9999 -9999 -9999 -9999 7.202 6.917 6.599 6.53 5.822 6.236 6.546 6.356 6.307 6.263 6.014 6.094 6.193 6.234 6.089 5.926 5.94 5.706 5.598 5.465 5.604 5.709 5.465 5.651 5.764 5.921 6.09 6.23 6.313 6.289 6.251 6.266 6.28 6.41 6.558 6.644 6.626 6.529 6.316 6.426 6.436 6.29 5.927
-9999 -9999 -9999 -9999 -9999 -9999 -9999 -9999 -9999 -9999 -9999 -9999 -9999 -9999 -9999 -9999 -9999 -9999 -9999 -9999 -9999 -9999 -9999 -9999 -9999 -9999 -9999 -9999 -9999 -9999 -9999 -9999 -9999 -9999 7.196 6.998 6.979 6.565 6.184 5.955 6.021 6.105 6.173 6.017 6.122 6.093 6.142 5.945 5.759 5.718 5.831 5.819 5.692 5.705 5.603 5.692 5.767 5.71 5.811 5.9 6.074 6.249 6.312 6.314 6.236 6.212 6.3 6.364 6.444 6.426 6.172 6.083 5.997 6.029 6.255 6.187 5.936
-9999 -9999 -9999 -9999 -9999 -9999 -9999 -9999 -9999 -9999 -9999 -9999 -9999 -9999 -9999 -9999 -9999 -9999 -9999 -9999 -9999 5.903 5.651 5.281 5.484 -9999 6.222 -9999 -9999 -9999 -9999 -9999 -9999 -9999 -9999 7.205 7.073 6.859 6.593 6.307 5.958 5.863 5.933 6.149 6.13 6.082 5.861 5.732 5.868 5.845 5.922 5.883 5.829 5.944 6.041 6.062 5.991 6.03 5.944 5.857 5.798 5.978 6.167 6.173 6.122 6.132 6.14 6.229 6.335 6.245 5.985 5.881 6.064 6.061 6.179 6.243 6.229
-9999 -9999 -9999 -9999 -9999 -9999 -9999 -9999 -9999 -9999 -9999 -9999 -9999 -9999 -9999 -9999 -9999 -9999 7.202 6.892 6.322 5.733 5.166 4.952 5.145 5.38 5.948 6.748 7.377 -9999 -9999 7.175 7.438 7.441 7.368 7.167 7.04 7.038 6.889 6.617 6.277 5.979 6.056 6.192 6.112 5.737 5.922 6.094 5.945 6.019 6.091 6.106 6.018 6.045 6.144 6.179 6.278 6.219 6.086 5.93 5.908 5.805 5.846 6.021 6.089 6.14 6.279 6.181 6.265 5.883 5.786 5.864 6.031 6.153 6.182 6.267 6.219
-9999 -9999 -9999 -9999 -9999 -9999 -9999 -9999 -9999 -9999 -9999 -9999 -9999 -9999 -9999 -9999 -9999 7.082 7.272 6.902 6.494 5.825 5.064 4.77 4.922 5.259 5.68 6.069 6.684 7.04 6.934 6.822 6.765 7.131 7.118 7.075 6.937 6.82 6.908 6.711 6.303 6.262 6.283 6.135 5.676 5.953 5.893 5.999 6.109 6.162 6.213 6.157 6.003 6.097 6.148 6.234 6.231 6.273 6.144 5.996 5.835 5.707 5.858 6.002 6.094 5.868 6.001 6.246 6.236 6.27 5.937 6.018 6.076 6.129 6.174 6.145 6.275
-9999 -9999 -9999 -9999 -9999 -9999 -9999 -9999 -9999 -9999 -9999 -9999 -9999 -9999 -9999 -9999 -9999 7.153 7.372 7.298 6.84 6.009 5.588 5.272 5.083 5.479 5.812 6.083 5.987 6.033 6.361 6.476 6.588 6.519 6.891 7.022 6.903 6.917 6.711 6.533 6.614 6.627 6.431 6.048 6.02 5.976 5.876 6.113 6.184 6.229 6.205 6.122 5.971 5.953 6.263 6.344 6.385 6.393 6.324 6.198 6.07 5.823 5.738 5.977 5.993 5.895 5.807 6.105 6.365 6.447 6.43 6.318 6.087 6.061 6.156 6.164 6.085
-9999 -9999 -9999 -9999 -9999 -9999 -9999 -9999 -9999 -9999 -9999 -9999 -9999 -9999 -9999 -9999 -9999 7.605 7.602 7.196 6.954 6.494 6.426 6.063 6.067 6.092 6.121 6.106 5.807 6.012 6.545 6.684 6.715 6.871 7.041 7.067 6.998 6.772 6.549 6.585 6.574 6.549 6.321 6.286 6.188 6.099 6.076 6.142 6.044 6.069 6.206 6.321 6.255 6.259 6.365 6.368 6.423 6.532 6.309 6.2 6.261 6.031 5.745 5.99 6.108 6.015 6.062 6.259 6.485 6.634 6.57 6.389 6.219 6.187 6.335 6.428 6.426
-9999 -9999 -9999 -9999 -9999 -9999 -9999 -9999 -9999 -9999 -9999 -9999 -9999 7.285 6.719 -9999 7.591 7.758 7.187 6.9 6.918 6.991 6.793 6.63 6.296 6.086 6.119 6.231 6.256 6.474 6.738 6.945 6.947 6.897 6.895 6.955 7.014 6.83 6.706 6.582 6.491 6.251 6.447 6.378 6.209 5.959 5.863 5.97 5.864 5.929 6.13 6.368 6.398 6.418 6.475 6.62 6.589 6.651 6.518 6.184 6.341 6.335 6.271 6.271 6.45 6.357 6.269 6.347 6.546 6.704 6.746 6.632 6.483 6.347 6.402 6.522 6.648
-9999 -9999 -9999 -9999 -9999 -9999 -9999 -9999 -9999 -9999 -9999 -9999 -9999 7.036 6.657 7.126 7.422 7.292 6.945 6.976 6.732 6.652 6.68 6.292 6.225 6.13 6.083 6.278 6.3 6.472 6.763 6.549 6.316 6.453 6.722 6.998 7.06 6.889 6.696 6.454 6.347 6.298 6.463 6.328 6.356 6.273 6.108 5.961 6.029 6.049 6.251 6.349 6.408 6.472 6.726 6.811 6.868 6.911 6.762 6.451 6.4 6.406 6.311 6.315 6.103 6.25 6.384 6.439 6.629 6.737 6.726 6.71 6.662 6.509 6.389 6.565 6.682
-9999 -9999 -9999 -9999 -9999 -9999 -9999 -9999 -9999 -9999 -9999 -9999 7.571 7.081 6.812 6.863 6.953 6.959 6.914 6.811 6.695 6.766 6.74 6.508 6.376 6.172 6.199 6.373 6.667 6.858 6.665 6.232 6.237 6.251 6.432 6.88 6.929 6.928 6.821 6.573 6.447 6.387 6.416 6.463 6.565 6.493 6.187 6.287 6.257 6.293 6.331 6.395 6.393 6.407 6.759 7.129 7.246 7.116 7.074 6.778 6.692 6.724 6.659 6.547 6.262 6.054 6.139 5.959 6.381 6.279 6.283 6.642 6.846 6.411 6.194 6.297 6.68
-9999 -9999 -9999 -9999 -9999 -9999 -9999 -9999 -9999 -9999 -9999 -9999 -9999 7.383 6.882 6.783 6.915 6.975 6.993 6.968 6.938 6.902 6.863 6.681 6.537 6.557 6.554 6.715 6.76 6.888 6.421 6.13 6.16 6.019 6.35 6.643 6.671 6.783 6.754 6.573 6.389 6.406 6.403 6.417 6.413 6.299 6.527 6.395 6.404 6.41 6.402 6.375 6.369 6.492 6.717 7.121 7.404 -9999 7.24 7.135 6.872 6.917 6.978 6.9 6.712 6.525 6.53 6.455 6.478 6.623 6.353 6.468 6.874 6.899 6.44 6.326 6.657
-9999 -9999 -9999 -9999 -9999 -9999 -9999 -9999 -9999 -9999 -9999 -9999 7.686 7.47 6.939 6.791 6.845 6.856 6.949 7.0 6.953 6.91 6.753 6.731 6.842 6.864 6.821 6.852 6.938 6.756 6.549 6.535 6.404 6.193 6.613 6.727 6.339 6.525 6.451 5.984 6.1 6.018 5.991 6.141 6.201 6.364 6.512 6.613 6.558 6.538 6.461 6.419 6.409 6.512 6.734 7.039 7.398 7.566 -9999 7.479 -9999 7.399 -9999 7.18 -9999 6.984 6.998 7.048 7.081 7.146 7.038 7.129 -9999 -9999 -9999 7.133 6.944
-9999 -9999 -9999 -9999 -9999 -9999 -9999 -9999 -9999 -9999 -9999 -9999 7.657 7.219 6.82 6.802 6.817 6.762 6.598 6.69 6.589 6.657 6.71 6.847 6.985 6.99 7.056 7.117 7.068 6.931 6.722 6.604 6.374 6.585 6.914 6.412 6.5 6.881 6.495 6.234 6.108 5.94 6.11 6.384 6.435 6.587 6.672 6.64 6.779 6.791 6.697 6.692 6.685 6.748 6.943 7.1 7.411 7.628 -9999 -9999 7.81 7.865 -9999 -9999 7.421 7.395 7.416 -9999 -9999 -9999 -9999 -9999 -9999 -9999 -9999 -9999 -9999
-9999 -9999 -9999 -9999 -9999 -9999 -9999 -9999 -9999 -9999 -9999 7.451 7.257 6.977 6.838 7.024 7.081 6.793 6.628 6.344 5.958 6.015 6.399 6.624 6.733 6.82 7.076 7.178 7.082 7.004 6.842 6.55 6.544 6.765 6.737 6.915 7.444 7.307 6.883 6.435 6.119 6.321 6.581 6.616 6.771 6.798 6.844 6.976 7.136 7.098 7.099 7.168 7.279 7.223 7.296 -9999 -9999 -9999 7.638 -9999 -9999 -9999 -9999 -9999 -9999 7.56 -9999 -9999 -9999 -9999 -9999 -9999 -9999 -9999 -9999 -9999 -9999
-9999 -9999 -9999 -9999 -9999 -9999 -9999 -9999 -9999 -9999 7.566 6.836 6.656 6.789 7.158 7.284 7.221 7.008 6.665 5.874 5.152 5.407 6.254 6.403 6.351 6.902 6.899 7.234 7.27 7.123 7.337 7.498 7.591 -9999 -9999 -9999 -9999 -9999 7.564 7.025 6.611 6.632 6.784 6.974 7.102 7.162 7.143 7.227 -9999 7.38 -9999 -9999 -9999 -9999 -9999 7.523 7.461 7.324 7.258 7.441 7.942 -9999 -9999 -9999 -9999 -9999 -9999 -9999 -9999 -9999 -9999 -9999 -9999 -9999 -9999 -9999 -9999
-9999 -9999 -9999 -9999 -9999 -9999 -9999 -9999 -9999 8.019 6.983 6.341 6.402 6.792 7.008 7.204 7.302 6.896 6.372 5.435 4.92 5.238 5.767 6.087 6.694 6.616 7.17 7.425 7.539 7.784 -9999 -9999 -9999 -9999 -9999 -9999 -9999 -9999 -9999 -9999 7.545 7.377 7.391 7.247 7.213 7.172 7.26 7.055 7.457 -9999 -9999 -9999 -9999 -9999 -9999 -9999 7.692 7.386 7.387 7.528 -9999 -9999 -9999 -9999 -9999 -9999 -9999 -9999 -9999 -9999 -9999 -9999 -9999 -9999 -9999 -9999 -9999
-9999 -9999 -9999 -9999 -9999 -9999 -9999 8.119 8.167 7.589 6.839 6.363 6.219 6.343 6.814 7.266 7.081 6.745 6.272 5.576 5.071 5.494 5.907 6.359 6.512 7.383 7.192 7.451 -9999 -9999 -9999 -9999 -9999 -9999 -9999 -9999 -9999 -9999 -9999 -9999 -9999 8.155 -9999 -9999 -9999 -9999 -9999 7.645 7.574 -9999 -9999 -9999 -9999 -9999 -9999 -9999 -9999 -9999 7.614 7.605 -9999 -9999 -9999 -9999 -9999 -9999 -9999 -9999 -9999 -9999 -9999 -9999 -9999 -9999 -9999 -9999 -9999
-9999 -9999 -9999 -9999 -9999 -9999 8.157 -9999 7.739 7.498 6.965 6.479 6.25 6.311 6.772 6.956 6.86 7.132 6.834 5.947 5.574 5.804 6.399 6.657 7.121 7.548 7.774 8.217 -9999 -9999 -9999 -9999 -9999 -9999 -9999 -9999 -9999 -9999 -9999 -9999 -9999 -9999 8.146 -9999 -9999 -9999 -9999 -9999 -9999 -9999 -9999 -9999 -9999 -9999 -9999 -9999 -9999 -9999 -9999 -9999 -9999 -9999 -9999 -9999 -9999 -9999 -9999 -9999 -9999 -9999 -9999 -9999 -9999 -9999 -9999 -9999 -9999
-9999 -9999 -9999 -9999 -9999 8.35 8.141 7.429 7.523 7.523 7.136 6.904 6.666 6.658 6.896 6.849 7.049 -9999 7.028 6.306 5.799 5.532 6.05 6.91 7.228 7.691 8.104 -9999 -9999 -9999 -9999 -9999 -9999 -9999 -9999 -9999 -9999 -9999 -9999 -9999 -9999 -9999 -9999 -9999 -9999 -9999 -9999 -9999 -9999 -9999 -9999 -9999 -9999 -9999 -9999 -9999 -9999 -9999 -9999 -9999 -9999 -9999 -9999 -9999 -9999 -9999 -9999 -9999 -9999 -9999 -9999 -9999 -9999 -9999 -9999 -9999 -9999
-9999 -9999 -9999 -9999 -9999 8.334 7.771 7.343 7.248 7.281 7.179 7.071 6.863 7.038 7.206 7.261 7.644 7.534 7.296 6.732 5.89 5.712 6.422 6.769 7.233 7.588 7.914 -9999 -9999 -9999 -9999 -9999 -9999 -9999 -9999 -9999 -9999 -9999 -9999 -9999 -9999 -9999 -9999 -9999 -9999 -9999 -9999 -9999 -9999 -9999 -9999 -9999 -9999 -9999 -9999 -9999 -9999 -9999 -9999 -9999 -9999 -9999 -9999 -9999 -9999 -9999 -9999 -9999 -9999 -9999 -9999 -9999 -9999 -9999 -9999 -9999 -9999
-9999 -9999 -9999 -9999 8.449 7.959 7.48 7.084 7.035 7.247 7.324 7.319 7.336 7.485 7.35 7.707 7.908 7.778 7.407 7.096 6.624 6.525 6.783 7.089 7.251 7.468 -9999 -9999 -9999 -9999 -9999 -9999 -9999 -9999 -9999 -9999 -9999 -9999 -9999 -9999 -9999 -9999 -9999 -9999 -9999 -9999 -9999 -9999 -9999 -9999 -9999 -9999 -9999 -9999 -9999 -9999 -9999 -9999 -9999 -9999 -9999 -9999 -9999 -9999 -9999 -9999 -9999 -9999 -9999 -9999 -9999 -9999 -9999 -9999 -9999 -9999 -9999
