Validation/Results/ReClimate_10_2023_2_Temperatureweatherlogisticsltd.asc
NCOLS 192
NROWS 249
XLLCENTER -225160.85627316462
YLLCENTER 29788.11610251502
CELLSIZE 5000.0
NODATA_VALUE -9999
[rows 102 to 135 of 249, columns 75 to 149 of 192]
-0.942 -0.945 -0.958 -0.973 -0.989 -1.003 -9999 -9999 -1.023 -9999 -9999 -1.081 -1.067 -1.05 -1.067 -1.087 -1.095 -1.103 -1.094 -1.081 -1.097 -1.114 -1.121 -1.129 -1.113 -1.093 -1.086 -1.078 -1.084 -1.09 -1.091 -1.091 -1.081 -1.069 -1.05 -1.026 -1.005 -0.981 -0.984 -0.989 -0.999 -1.011 -9999 -9999 -9999 -9999 -9999 -9999 -9999 -9999 -9999 -9999 -9999 -9999 -9999 -9999 -9999 -9999 -9999 -9999 -9999 -9999 -9999 -9999 -9999 -9999 -9999 -9999 -9999 -9999 -9999 -9999 -9999 -9999 -9999
-0.943 -0.953 -0.963 -0.967 -9999 -9999 -9999 -1.021 -1.024 -1.041 -1.065 -1.079 -1.076 -1.084 -1.092 -1.082 -1.093 -1.109 -1.101 -1.088 -1.098 -1.095 -1.102 -1.109 -1.102 -1.105 -1.097 -1.079 -1.086 -1.096 -1.097 -1.094 -1.089 -1.085 -1.065 -1.035 -1.014 -9999 -9999 -0.993 -9999 -9999 -9999 -9999 -9999 -9999 -9999 -9999 -9999 -9999 -9999 -9999 -9999 -9999 -9999 -9999 -9999 -9999 -9999 -9999 -9999 -9999 -9999 -9999 -9999 -9999 -9999 -9999 -9999 -9999 -9999 -9999 -9999 -9999 -9999
-0.94 -0.951 -9999 -0.958 -9999 -9999 -9999 -1.018 -1.03 -1.039 -1.054 -1.069 -1.079 -1.09 -1.084 -1.074 -1.088 -1.104 -1.095 -1.084 -1.083 -1.081 -1.087 -1.094 -1.098 -1.101 -1.088 -1.071 -1.08 -1.09 -1.089 -1.086 -1.085 -1.082 -1.059 -1.03 -9999 -0.98 -0.982 -0.986 -0.988 -9999 -9999 -9999 -9999 -9999 -9999 -9999 -9999 -9999 -9999 -9999 -9999 -9999 -9999 -9999 -9999 -9999 -9999 -9999 -9999 -9999 -9999 -9999 -9999 -9999 -9999 -9999 -9999 -9999 -9999 -9999 -9999 -9999 -9999
-0.939 -9999 -9999 -9999 -9999 -0.977 -0.993 -1.006 -1.021 -1.046 -1.058 -1.063 -1.074 -1.085 -1.083 -1.083 -1.094 -1.1 -1.09 -1.073 -1.071 -1.062 -1.066 -1.067 -1.071 -1.078 -1.071 -1.07 -1.078 -1.086 -1.086 -1.086 -1.079 -1.06 -9999 -1.042 -1.018 -0.982 -0.976 -0.959 -0.979 -9999 -9999 -9999 -9999 -9999 -9999 -9999 -9999 -9999 -9999 -9999 -9999 -9999 -9999 -9999 -9999 -9999 -9999 -9999 -9999 -9999 -9999 -9999 -9999 -9999 -9999 -9999 -9999 -9999 -9999 -9999 -9999 -9999 -9999
-9999 -9999 -9999 -9999 -9999 -0.98 -0.981 -0.992 -1.014 -1.04 -1.047 -1.051 -1.062 -1.073 -1.076 -1.077 -1.086 -1.093 -1.08 -1.063 -1.056 -1.047 -1.049 -1.049 -1.055 -1.062 -1.062 -1.062 -1.069 -1.076 -1.077 -1.077 -1.062 -1.043 -1.041 -1.038 -1.01 -0.976 -0.962 -0.947 -0.96 -0.975 -9999 -9999 -9999 -9999 -9999 -9999 -9999 -9999 -9999 -9999 -9999 -9999 -9999 -9999 -9999 -9999 -9999 -9999 -9999 -9999 -9999 -9999 -9999 -9999 -9999 -9999 -9999 -9999 -9999 -9999 -9999 -9999 -9999
-9999 -9999 -9999 -9999 -0.956 -9999 -9999 -1.004 -1.025 -1.048 -1.057 -1.063 -9999 -9999 -1.069 -1.086 -1.093 -1.091 -1.09 -1.098 -1.093 -1.083 -1.083 -1.073 -1.082 -1.092 -1.094 -1.092 -1.091 -1.068 -1.065 -1.051 -1.044 -1.048 -1.043 -1.028 -1.008 -0.991 -0.98 -0.969 -0.978 -0.974 -0.98 -9999 -9999 -9999 -9999 -9999 -9999 -9999 -9999 -9999 -9999 -9999 -9999 -9999 -9999 -9999 -9999 -9999 -9999 -9999 -9999 -9999 -9999 -9999 -9999 -9999 -9999 -9999 -9999 -9999 -9999 -9999 -9999
-9999 -9999 -9999 -9999 -0.95 -9999 -0.988 -1.001 -1.02 -1.043 -1.051 -1.058 -1.054 -1.047 -1.063 -1.08 -1.082 -1.082 -1.095 -1.106 -1.1 -1.091 -1.085 -1.077 -1.087 -1.098 -1.098 -1.098 -1.081 -1.06 -1.049 -1.036 -1.04 -1.044 -1.033 -1.02 -1.008 -0.992 -0.984 -0.975 -0.973 -0.972 -9999 -9999 -9999 -9999 -9999 -9999 -9999 -9999 -9999 -9999 -9999 -9999 -9999 -9999 -9999 -9999 -9999 -9999 -9999 -9999 -9999 -9999 -9999 -9999 -9999 -9999 -9999 -9999 -9999 -9999 -9999 -9999 -9999
-9999 -9999 -9999 -9999 -0.945 -9999 -0.981 -1.0 -1.021 -1.045 -1.055 -9999 -1.063 -1.055 -9999 -1.062 -1.07 -1.088 -1.097 -1.094 -1.092 -1.092 -1.089 -1.086 -1.097 -1.108 -1.109 -1.105 -1.093 -1.082 -1.075 -1.067 -1.07 -1.066 -1.054 -1.032 -1.021 -1.004 -9999 -9999 -9999 -9999 -9999 -9999 -9999 -9999 -9999 -9999 -9999 -9999 -9999 -9999 -9999 -9999 -9999 -9999 -9999 -9999 -9999 -9999 -9999 -9999 -9999 -9999 -9999 -9999 -9999 -9999 -9999 -9999 -9999 -9999 -9999 -9999 -9999
-9999 -9999 -0.922 -0.927 -9999 -9999 -0.976 -0.993 -1.014 -1.037 -1.048 -1.059 -1.056 -1.049 -9999 -1.046 -1.063 -1.081 -1.082 -1.081 -1.084 -1.086 -1.085 -1.084 -1.094 -1.105 -1.104 -1.102 -1.094 -1.084 -1.079 -1.073 -1.071 -1.068 -1.052 -1.032 -1.024 -9999 -9999 -9999 -9999 -9999 -9999 -9999 -9999 -9999 -9999 -9999 -9999 -9999 -9999 -9999 -9999 -9999 -9999 -9999 -9999 -9999 -9999 -9999 -9999 -9999 -9999 -9999 -9999 -9999 -9999 -9999 -9999 -9999 -9999 -9999 -9999 -9999 -9999
-9999 -0.918 -0.92 -0.927 -9999 -0.945 -0.957 -0.982 -0.999 -9999 -1.025 -1.03 -1.03 -1.039 -9999 -1.064 -1.081 -1.095 -1.097 -1.094 -1.098 -1.092 -1.092 -1.087 -1.093 -1.09 -1.088 -1.081 -9999 -1.08 -1.079 -1.082 -1.077 -1.061 -1.05 -1.041 -9999 -9999 -9999 -9999 -9999 -9999 -9999 -9999 -9999 -9999 -9999 -9999 -9999 -9999 -9999 -9999 -9999 -9999 -9999 -9999 -9999 -9999 -9999 -9999 -9999 -9999 -9999 -9999 -9999 -9999 -9999 -9999 -9999 -9999 -9999 -9999 -9999 -9999 -9999
-9999 -0.916 -0.923 -9999 -9999 -0.928 -0.947 -0.964 -9999 -1.001 -1.007 -1.011 -1.018 -1.026 -9999 -1.062 -1.076 -1.091 -1.092 -1.09 -1.089 -1.086 -1.086 -1.082 -1.081 -1.078 -1.074 -1.067 -1.069 -1.071 -9999 -9999 -1.067 -1.052 -9999 -9999 -9999 -9999 -9999 -9999 -1.003 -1.004 -0.99 -9999 -9999 -9999 -9999 -9999 -9999 -9999 -9999 -9999 -9999 -9999 -9999 -9999 -9999 -9999 -9999 -9999 -9999 -9999 -9999 -9999 -9999 -9999 -9999 -9999 -9999 -9999 -9999 -9999 -9999 -9999 -9999
-0.906 -0.921 -9999 -9999 -0.918 -0.922 -0.936 -0.935 -9999 -0.989 -0.998 -1.01 -1.013 -1.009 -9999 -9999 -9999 -1.079 -1.084 -1.093 -1.092 -1.085 -1.093 -1.107 -1.104 -1.091 -1.089 -1.086 -1.086 -1.076 -1.081 -1.085 -1.072 -1.05 -9999 -9999 -9999 -9999 -9999 -1.015 -1.014 -0.996 -0.989 -0.981 -9999 -9999 -9999 -9999 -9999 -9999 -9999 -9999 -9999 -9999 -9999 -9999 -9999 -9999 -9999 -9999 -9999 -9999 -9999 -9999 -9999 -9999 -9999 -9999 -9999 -9999 -9999 -9999 -9999 -9999 -9999
-0.904 -0.914 -9999 -9999 -9999 -0.915 -0.916 -0.915 -9999 -0.977 -9999 -1.002 -1.0 -0.996 -9999 -1.03 -1.048 -1.065 -9999 -1.084 -1.082 -1.076 -1.092 -1.108 -1.101 -1.09 -1.089 -1.087 -1.081 -1.071 -1.076 -1.079 -1.063 -1.042 -1.04 -1.032 -1.042 -9999 -1.041 -1.026 -1.011 -0.987 -0.981 -0.972 -0.965 -0.958 -9999 -9999 -9999 -9999 -9999 -9999 -9999 -9999 -9999 -9999 -9999 -9999 -9999 -9999 -9999 -9999 -9999 -9999 -9999 -9999 -9999 -9999 -9999 -9999 -9999 -9999 -9999 -9999 -9999
-0.904 -9999 -9999 -9999 -9999 -0.898 -0.904 -0.918 -9999 -0.982 -9999 -1.014 -1.019 -9999 -1.025 -1.049 -1.06 -1.059 -1.079 -1.114 -1.117 -1.12 -1.129 -1.114 -1.106 -1.084 -1.088 -1.098 -1.096 -1.095 -1.096 -1.087 -1.073 -1.055 -1.054 -1.045 -1.057 -1.057 -1.052 -1.042 -1.026 -1.006 -1.001 -0.99 -0.984 -0.971 -0.933 -0.931 -0.921 -9999 -9999 -9999 -9999 -9999 -9999 -9999 -9999 -9999 -9999 -9999 -9999 -9999 -9999 -9999 -9999 -9999 -9999 -9999 -9999 -9999 -9999 -9999 -9999 -9999 -9999
-0.892 -9999 -9999 -9999 -9999 -0.885 -0.898 -0.912 -0.943 -9999 -9999 -1.011 -1.024 -9999 -1.032 -1.05 -1.05 -1.048 -1.079 -1.115 -1.122 -1.127 -1.119 -1.107 -1.095 -1.076 -1.085 -1.094 -1.096 -1.096 -1.09 -1.082 -1.069 -1.053 -1.049 -1.044 -1.048 -1.052 -1.046 -1.037 -1.022 -1.004 -0.997 -0.988 -0.98 -0.97 -0.945 -0.911 -0.916 -0.929 -9999 -9999 -9999 -9999 -9999 -9999 -9999 -9999 -9999 -9999 -9999 -9999 -9999 -9999 -9999 -9999 -9999 -9999 -9999 -9999 -9999 -9999 -9999 -9999 -9999
-9999 -9999 -9999 -9999 -9999 -0.906 -0.916 -0.903 -0.931 -9999 -9999 -0.987 -0.997 -9999 -9999 -1.039 -1.044 -1.054 -1.078 -1.093 -1.101 -1.113 -1.111 -1.111 -1.109 -1.114 -1.113 -1.087 -1.093 -1.106 -1.097 -1.075 -1.065 -1.055 -1.051 -1.042 -1.042 -1.033 -1.033 -1.047 -1.033 -1.012 -1.008 -1.005 -0.993 -0.965 -0.948 -0.937 -0.938 -0.928 -9999 -9999 -9999 -9999 -9999 -9999 -9999 -9999 -9999 -9999 -9999 -9999 -9999 -9999 -9999 -9999 -9999 -9999 -9999 -9999 -9999 -9999 -9999 -9999 -9999
-9999 -9999 -9999 -9999 -9999 -0.914 -0.904 -0.896 -9999 -9999 -9999 -9999 -0.985 -9999 -1.016 -1.027 -1.038 -1.049 -1.063 -1.077 -1.088 -1.098 -1.101 -1.102 -1.112 -1.119 -1.101 -1.076 -1.088 -1.102 -1.085 -1.064 -1.058 -1.049 -1.043 -1.034 -1.027 -1.015 -1.027 -1.041 -1.025 -1.005 -1.004 -1.002 -0.981 -0.955 -0.949 -0.943 -0.936 -0.925 -0.924 -9999 -9999 -9999 -9999 -9999 -9999 -9999 -9999 -9999 -9999 -9999 -9999 -9999 -9999 -9999 -9999 -9999 -9999 -9999 -9999 -9999 -9999 -9999 -9999
-9999 -9999 -9999 -0.883 -0.894 -0.906 -0.905 -9999 -9999 -0.931 -9999 -9999 -9999 -9999 -1.009 -1.04 -1.049 -1.051 -1.067 -1.087 -1.094 -1.091 -1.09 -1.08 -1.089 -1.099 -1.094 -1.103 -1.117 -1.127 -1.113 -1.09 -1.085 -1.075 -1.072 -1.067 -1.055 -1.029 -1.035 -1.027 -1.015 -1.003 -0.998 -0.983 -0.974 -0.981 -0.974 -0.956 -0.948 -0.932 -0.914 -9999 -9999 -9999 -9999 -9999 -9999 -9999 -9999 -9999 -9999 -9999 -9999 -9999 -9999 -9999 -9999 -9999 -9999 -9999 -9999 -9999 -9999 -9999 -9999
-9999 -9999 -9999 -9999 -0.88 -0.894 -0.903 -9999 -0.916 -0.915 -0.941 -9999 -9999 -9999 -9999 -1.036 -1.041 -1.044 -1.063 -1.082 -1.083 -1.08 -1.074 -1.064 -1.074 -1.084 -1.096 -1.106 -1.116 -1.128 -1.112 -1.092 -1.085 -1.077 -1.075 -1.069 -1.049 -1.025 -1.02 -1.013 -1.006 -0.996 -0.985 -0.97 -0.977 -0.985 -0.971 -0.954 -0.943 -0.929 -0.917 -0.896 -9999 -9999 -9999 -9999 -9999 -9999 -9999 -9999 -9999 -9999 -9999 -9999 -9999 -9999 -9999 -9999 -9999 -9999 -9999 -9999 -9999 -9999 -9999
-9999 -9999 -9999 -9999 -0.859 -0.874 -0.885 -9999 -0.908 -0.926 -0.948 -9999 -9999 -9999 -9999 -9999 -1.049 -1.065 -1.078 -1.079 -1.082 -1.084 -1.078 -1.065 -1.073 -1.074 -1.089 -1.105 -1.113 -1.116 -1.105 -1.099 -1.094 -1.08 -1.075 -1.064 -1.045 -1.021 -1.022 -1.033 -1.032 -1.033 -1.028 -1.02 -1.025 -1.019 -1.006 -0.982 -0.97 -0.949 -0.936 -0.897 -0.877 -9999 -9999 -9999 -9999 -9999 -9999 -9999 -9999 -9999 -9999 -9999 -9999 -9999 -9999 -9999 -9999 -9999 -9999 -9999 -9999 -9999 -9999
-9999 -9999 -9999 -9999 -0.845 -0.857 -9999 -9999 -0.897 -0.922 -0.931 -0.932 -9999 -9999 -9999 -9999 -9999 -1.064 -1.068 -1.069 -1.074 -1.078 -1.07 -1.059 -1.062 -1.063 -1.081 -1.099 -1.102 -1.104 -1.101 -1.098 -1.089 -1.074 -1.066 -1.056 -1.037 -1.013 -1.023 -1.034 -1.038 -1.041 -1.038 -1.032 -1.03 -1.025 -1.007 -0.985 -0.97 -0.95 -0.937 -0.916 -0.879 -0.859 -0.845 -9999 -9999 -9999 -9999 -9999 -9999 -9999 -9999 -9999 -9999 -9999 -9999 -9999 -9999 -9999 -9999 -9999 -9999 -9999 -9999
-9999 -9999 -9999 -9999 -0.83 -0.858 -9999 -9999 -0.878 -0.893 -0.904 -9999 -9999 -9999 -9999 -9999 -9999 -1.067 -1.075 -1.085 -1.087 -1.079 -1.075 -1.071 -1.075 -1.075 -1.09 -1.093 -1.093 -1.086 -1.091 -1.108 -1.094 -1.07 -1.063 -1.053 -1.041 -1.034 -1.041 -1.04 -1.039 -1.028 -1.029 -1.035 -1.027 -1.005 -0.994 -0.991 -0.98 -0.967 -0.954 -0.935 -0.896 -0.858 -0.838 -9999 -9999 -9999 -9999 -9999 -9999 -9999 -9999 -9999 -9999 -9999 -9999 -9999 -9999 -9999 -9999 -9999 -9999 -9999 -9999
-9999 -9999 -9999 -9999 -0.83 -0.846 -9999 -9999 -9999 -0.874 -0.889 -0.905 -9999 -9999 -9999 -9999 -9999 -1.059 -1.071 -1.082 -1.078 -1.071 -1.071 -1.068 -1.072 -1.073 -1.08 -1.084 -1.08 -1.073 -1.089 -1.103 -1.084 -1.061 -1.054 -1.045 -1.041 -1.035 -1.036 -1.035 -1.027 -1.016 -1.022 -1.029 -1.012 -0.99 -0.989 -0.986 -0.977 -0.962 -0.947 -0.928 -0.891 -0.845 -0.828 -9999 -9999 -9999 -9999 -9999 -9999 -9999 -9999 -9999 -9999 -9999 -9999 -9999 -9999 -9999 -9999 -9999 -9999 -9999 -9999
-9999 -9999 -9999 -0.791 -0.811 -0.82 -9999 -9999 -9999 -9999 -9999 -9999 -9999 -9999 -9999 -9999 -9999 -1.065 -1.074 -1.068 -1.065 -1.055 -1.062 -1.079 -1.079 -1.066 -1.07 -1.064 -1.07 -1.086 -1.099 -1.108 -1.092 -1.075 -1.065 -1.044 -1.038 -1.028 -1.031 -1.038 -1.037 -1.044 -1.04 -1.014 -1.003 -0.998 -0.992 -0.972 -0.957 -0.937 -0.918 -0.896 -0.878 -0.844 -0.814 -0.807 -9999 -9999 -9999 -9999 -9999 -9999 -9999 -9999 -9999 -9999 -9999 -9999 -9999 -9999 -9999 -9999 -9999 -9999 -9999
-9999 -9999 -0.767 -0.778 -0.787 -0.801 -9999 -9999 -9999 -9999 -9999 -9999 -9999 -9999 -9999 -0.977 -1.024 -1.058 -1.058 -1.054 -1.05 -1.041 -1.058 -1.076 -1.068 -1.056 -1.056 -1.052 -1.069 -1.085 -1.093 -1.102 -1.089 -1.073 -1.057 -1.037 -1.029 -1.019 -1.025 -1.033 -1.039 -1.047 -1.027 -1.001 -0.998 -0.993 -0.978 -0.954 -0.936 -0.916 -0.898 -0.875 -0.857 -0.835 -0.806 -0.792 -9999 -9999 -9999 -9999 -9999 -9999 -9999 -9999 -9999 -9999 -9999 -9999 -9999 -9999 -9999 -9999 -9999 -9999 -9999
-9999 -9999 -0.75 -0.755 -0.766 -9999 -9999 -9999 -9999 -9999 -9999 -9999 -9999 -9999 -9999 -0.966 -1.0 -1.031 -1.036 -1.046 -1.046 -1.047 -1.062 -1.07 -1.071 -1.084 -1.089 -1.093 -1.102 -1.087 -1.094 -1.103 -1.094 -1.083 -1.07 -1.054 -1.05 -1.046 -1.047 -1.033 -1.039 -1.041 -1.023 -1.0 -0.998 -0.995 -0.974 -0.944 -0.928 -0.911 -0.891 -0.862 -0.849 -0.83 -0.821 -0.771 -9999 -9999 -9999 -9999 -9999 -9999 -9999 -9999 -9999 -9999 -9999 -9999 -9999 -9999 -9999 -9999 -9999 -9999 -9999
-9999 -9999 -9999 -9999 -9999 -9999 -9999 -9999 -9999 -9999 -9999 -9999 -9999 -9999 -9999 -0.953 -0.977 -1.011 -1.022 -1.033 -1.038 -1.041 -1.051 -1.06 -1.075 -1.089 -1.098 -1.103 -1.096 -1.08 -1.087 -1.096 -1.089 -1.08 -1.069 -1.054 -1.052 -1.05 -1.039 -1.026 -1.029 -1.032 -1.014 -0.992 -0.99 -0.984 -0.959 -0.93 -0.916 -0.9 -0.877 -0.848 -0.835 -0.819 -0.811 -0.775 -9999 -9999 -9999 -9999 -9999 -9999 -9999 -9999 -9999 -9999 -9999 -9999 -9999 -9999 -9999 -9999 -9999 -9999 -9999
-9999 -9999 -9999 -9999 -9999 -9999 -9999 -9999 -9999 -9999 -9999 -9999 -9999 -9999 -0.927 -0.951 -0.976 -0.988 -1.005 -1.032 -1.039 -1.044 -1.054 -1.059 -1.071 -1.077 -1.095 -1.13 -1.118 -1.083 -1.086 -1.082 -1.08 -1.082 -1.074 -1.066 -1.064 -1.053 -1.047 -1.042 -1.042 -1.033 -1.018 -0.999 -0.988 -0.956 -0.936 -0.921 -0.909 -0.894 -0.877 -0.853 -0.841 -0.827 -0.804 -0.786 -9999 -9999 -9999 -9999 -9999 -9999 -9999 -9999 -9999 -9999 -9999 -9999 -9999 -9999 -9999 -9999 -9999 -9999 -9999
-9999 -9999 -9999 -9999 -9999 -9999 -9999 -9999 -9999 -9999 -9999 -9999 -9999 -9999 -0.929 -0.943 -0.957 -0.97 -0.996 -1.024 -1.032 -1.039 -1.047 -1.052 -1.06 -1.067 -1.099 -1.134 -1.111 -1.077 -1.074 -1.07 -1.073 -1.075 -1.07 -1.063 -1.056 -1.047 -1.044 -1.04 -1.034 -1.025 -1.012 -0.993 -0.966 -0.936 -0.923 -0.909 -0.897 -0.883 -0.866 -0.846 -0.835 -0.821 -0.799 -0.771 -9999 -9999 -9999 -9999 -9999 -9999 -9999 -9999 -9999 -9999 -9999 -9999 -9999 -9999 -9999 -9999 -9999 -9999 -9999
-9999 -9999 -9999 -9999 -9999 -9999 -9999 -9999 -9999 -9999 -9999 -9999 -9999 -0.905 -0.924 -0.946 -0.964 -0.982 -1.006 -1.022 -1.04 -1.071 -1.077 -1.072 -1.084 -1.095 -1.12 -1.125 -1.109 -1.098 -1.098 -1.099 -1.093 -1.066 -1.061 -1.055 -1.051 -1.05 -1.045 -1.03 -1.025 -1.02 -1.01 -0.998 -0.976 -0.953 -0.938 -0.913 -0.902 -0.885 -0.876 -0.861 -0.842 -0.825 -0.808 -0.776 -0.759 -9999 -9999 -9999 -9999 -9999 -9999 -9999 -9999 -9999 -9999 -9999 -9999 -9999 -9999 -9999 -9999 -9999 -9999
-9999 -9999 -9999 -9999 -9999 -9999 -9999 -9999 -9999 -9999 -9999 -9999 -0.884 -0.903 -0.921 -0.942 -0.962 -0.982 -0.999 -1.015 -1.045 -1.076 -1.077 -1.073 -1.087 -1.1 -1.11 -1.113 -1.109 -1.099 -1.101 -1.102 -1.081 -1.054 -1.05 -1.045 -1.044 -1.043 -1.032 -1.018 -1.015 -1.01 -1.003 -0.989 -0.97 -0.95 -0.929 -0.906 -0.893 -0.877 -0.867 -0.856 -0.839 -0.817 -0.801 -0.782 -0.759 -9999 -9999 -9999 -9999 -9999 -9999 -9999 -9999 -9999 -9999 -9999 -9999 -9999 -9999 -9999 -9999 -9999 -9999
-9999 -9999 -9999 -9999 -9999 -9999 -9999 -9999 -9999 -9999 -9999 -9999 -0.88 -0.926 -0.947 -0.967 -0.986 -0.997 -1.008 -0.999 -1.036 -1.09 -1.09 -1.077 -1.089 -1.094 -1.106 -1.113 -1.109 -1.103 -1.103 -1.097 -1.085 -1.082 -1.075 -1.055 -1.056 -1.052 -1.047 -1.044 -1.038 -1.018 -1.008 -0.992 -0.976 -0.958 -0.939 -0.914 -0.901 -0.88 -0.876 -0.868 -0.852 -0.833 -0.81 -0.786 -0.779 -9999 -9999 -9999 -9999 -9999 -9999 -9999 -9999 -9999 -9999 -9999 -9999 -9999 -9999 -9999 -9999 -9999 -9999
-9999 -9999 -9999 -9999 -9999 -9999 -9999 -9999 -9999 -9999 -9999 -0.858 -0.891 -0.929 -0.949 -0.97 -0.984 -0.997 -0.995 -0.987 -1.035 -1.088 -1.083 -1.072 -1.08 -1.085 -1.098 -1.104 -1.101 -1.096 -1.092 -1.086 -1.086 -1.085 -1.07 -1.052 -1.05 -1.048 -1.047 -1.045 -1.032 -1.01 -0.996 -0.98 -0.964 -0.949 -0.93 -0.907 -0.891 -0.872 -0.867 -0.861 -0.848 -0.829 -0.808 -0.78 -0.773 -0.744 -9999 -9999 -9999 -9999 -9999 -9999 -9999 -9999 -9999 -9999 -9999 -9999 -9999 -9999 -9999 -9999 -9999
-9999 -9999 -9999 -9999 -9999 -9999 -9999 -9999 -9999 -9999 -0.855 -9999 -0.918 -0.943 -0.953 -0.936 -0.954 -0.979 -0.989 -1.017 -1.054 -1.071 -1.069 -1.066 -1.079 -1.098 -1.108 -1.102 -1.098 -1.09 -1.083 -1.065 -1.061 -1.063 -1.053 -1.059 -1.054 -1.055 -1.052 -1.04 -1.026 -1.002 -0.985 -0.962 -0.953 -0.949 -0.937 -0.936 -0.918 -0.885 -0.872 -0.861 -0.849 -0.833 -0.805 -0.774 -0.767 -0.749 -9999 -9999 -9999 -9999 -9999 -9999 -9999 -9999 -9999 -9999 -9999 -9999 -9999 -9999 -9999 -9999 -9999
