Validation/Results/ReClimate_09_2024_1_Temperature.asc
NCOLS 192
NROWS 249
XLLCENTER -225160.85627316462
YLLCENTER 29788.11610251502
CELLSIZE 5000.0
NODATA_VALUE -9999
[rows 68 to 101 of 249, columns 75 to 149 of 192]
-9999 -9999 -9999 -9999 -9999 -9999 -9999 -9999 -9999 -9999 -9999 -0.658 -0.648 -0.64 -0.642 -0.645 -0.639 -0.633 -0.633 -0.633 -0.639 -0.646 -0.619 -0.587 -0.585 -0.584 -0.585 -0.586 -0.58 -9999 -9999 -9999 -9999 -9999 -9999 -9999 -9999 -9999 -9999 -9999 -9999 -9999 -9999 -9999 -9999 -9999 -9999 -9999 -9999 -9999 -9999 -9999 -9999 -9999 -9999 -9999 -9999 -9999 -9999 -9999 -9999 -9999 -9999 -9999 -9999 -9999 -9999 -9999 -9999 -9999 -9999 -9999 -9999 -9999 -9999
-9999 -9999 -9999 -9999 -9999 -9999 -9999 -9999 -9999 -9999 -9999 -9999 -9999 -0.647 -0.646 -0.64 -0.633 -0.623 -0.625 -0.63 -0.625 -0.603 -0.586 -0.585 -0.585 -0.587 -0.582 -9999 -9999 -9999 -9999 -9999 -9999 -9999 -9999 -9999 -9999 -9999 -9999 -9999 -9999 -9999 -9999 -9999 -9999 -9999 -9999 -9999 -9999 -9999 -9999 -9999 -9999 -9999 -9999 -9999 -9999 -9999 -9999 -9999 -9999 -9999 -9999 -9999 -9999 -9999 -9999 -9999 -9999 -9999 -9999 -9999 -9999 -9999 -9999
-9999 -9999 -9999 -9999 -9999 -9999 -9999 -0.684 -9999 -9999 -0.671 -0.67 -0.659 -0.646 -0.64 -0.635 -0.626 -0.617 -0.621 -0.626 -0.607 -0.584 -0.583 -0.583 -0.584 -0.586 -0.573 -9999 -9999 -9999 -9999 -9999 -9999 -9999 -9999 -9999 -9999 -9999 -9999 -9999 -9999 -9999 -9999 -9999 -9999 -9999 -9999 -9999 -9999 -9999 -9999 -9999 -9999 -9999 -9999 -9999 -9999 -9999 -9999 -9999 -9999 -9999 -9999 -9999 -9999 -9999 -9999 -9999 -9999 -9999 -9999 -9999 -9999 -9999 -9999
-9999 -9999 -9999 -9999 -9999 -0.686 -0.685 -0.69 -0.683 -0.669 -0.673 -0.68 -0.666 -0.643 -0.644 -0.655 -0.647 -0.633 -0.633 -0.626 -0.616 -0.617 -0.612 -0.594 -0.59 -0.577 -0.568 -9999 -9999 -9999 -9999 -9999 -9999 -9999 -9999 -9999 -9999 -9999 -9999 -9999 -9999 -9999 -9999 -9999 -9999 -9999 -9999 -9999 -9999 -9999 -9999 -9999 -9999 -9999 -9999 -9999 -9999 -9999 -9999 -9999 -9999 -9999 -9999 -9999 -9999 -9999 -9999 -9999 -9999 -9999 -9999 -9999 -9999 -9999 -9999
-9999 -9999 -9999 -9999 -9999 -0.684 -0.688 -9999 -0.677 -0.664 -0.671 -0.679 -0.66 -0.639 -0.648 -0.659 -0.648 -0.636 -0.63 -0.623 -0.625 -0.627 -0.613 -0.596 -0.585 -0.571 -9999 -0.579 -9999 -9999 -9999 -9999 -9999 -9999 -9999 -9999 -9999 -9999 -9999 -9999 -9999 -9999 -9999 -9999 -9999 -9999 -9999 -9999 -9999 -9999 -9999 -9999 -9999 -9999 -9999 -9999 -9999 -9999 -9999 -9999 -9999 -9999 -9999 -9999 -9999 -9999 -9999 -9999 -9999 -9999 -9999 -9999 -9999 -9999 -9999
-9999 -9999 -9999 -9999 -9999 -9999 -0.684 -0.691 -0.683 -0.676 -0.679 -0.675 -0.662 -0.654 -0.658 -0.654 -0.645 -0.636 -0.634 -0.638 -0.634 -0.619 -0.609 -0.605 -0.595 -0.584 -0.581 -0.563 -9999 -9999 -9999 -9999 -9999 -9999 -9999 -9999 -9999 -9999 -9999 -9999 -9999 -9999 -9999 -9999 -9999 -9999 -9999 -9999 -9999 -9999 -9999 -9999 -9999 -9999 -9999 -9999 -9999 -9999 -9999 -9999 -9999 -9999 -9999 -9999 -9999 -9999 -9999 -9999 -9999 -9999 -9999 -9999 -9999 -9999 -9999
-9999 -9999 -9999 -9999 -9999 -9999 -9999 -0.686 -0.682 -0.674 -0.671 -0.668 -0.662 -0.654 -0.651 -0.647 -0.64 -0.632 -0.635 -0.64 -0.628 -0.613 -0.609 -0.605 -0.597 -0.586 -0.572 -0.554 -9999 -9999 -9999 -9999 -9999 -9999 -9999 -9999 -9999 -9999 -9999 -9999 -9999 -9999 -9999 -9999 -9999 -9999 -9999 -9999 -9999 -9999 -9999 -9999 -9999 -9999 -9999 -9999 -9999 -9999 -9999 -9999 -9999 -9999 -9999 -9999 -9999 -9999 -9999 -9999 -9999 -9999 -9999 -9999 -9999 -9999 -9999
-9999 -9999 -9999 -9999 -9999 -0.68 -0.682 -0.676 -0.675 -0.681 -0.676 -0.666 -0.657 -0.642 -0.638 -0.633 -0.628 -0.628 -0.631 -0.635 -0.622 -0.603 -0.597 -0.585 -0.582 -9999 -0.573 -9999 -9999 -9999 -9999 -9999 -9999 -0.554 -0.552 -0.551 -9999 -9999 -9999 -9999 -9999 -9999 -9999 -9999 -9999 -9999 -9999 -9999 -9999 -9999 -9999 -9999 -9999 -9999 -9999 -9999 -9999 -9999 -9999 -9999 -9999 -9999 -9999 -9999 -9999 -9999 -9999 -9999 -9999 -9999 -9999 -9999 -9999 -9999 -9999
-0.685 -9999 -9999 -9999 -9999 -9999 -0.672 -0.668 -0.672 -0.678 -0.669 -0.66 -0.647 -0.632 -0.628 -0.624 -0.623 -0.623 -0.626 -0.629 -0.614 -0.596 -0.586 -0.575 -0.581 -0.588 -9999 -9999 -9999 -9999 -0.553 -0.551 -0.55 -0.551 -0.549 -0.547 -0.538 -0.528 -0.54 -0.552 -0.545 -0.538 -0.545 -0.55 -0.55 -0.55 -0.548 -0.547 -0.556 -0.565 -0.56 -0.563 -9999 -9999 -9999 -9999 -9999 -9999 -9999 -9999 -9999 -9999 -9999 -9999 -9999 -9999 -9999 -9999 -9999 -9999 -9999 -9999 -9999 -9999 -9999
-0.689 -9999 -9999 -9999 -0.677 -9999 -0.672 -0.669 -0.67 -0.669 -0.663 -0.662 -0.652 -0.643 -0.639 -0.632 -0.627 -0.613 -0.615 -0.616 -0.602 -0.585 -0.582 -0.589 -0.593 -9999 -9999 -9999 -9999 -0.546 -0.544 -0.551 -0.549 -0.54 -0.538 -0.536 -0.528 -0.521 -0.526 -0.524 -0.524 -0.539 -0.544 -0.549 -0.549 -0.549 -0.548 -0.544 -0.548 -0.544 -0.55 -0.565 -9999 -9999 -9999 -9999 -9999 -9999 -9999 -9999 -9999 -9999 -9999 -9999 -9999 -9999 -9999 -9999 -9999 -9999 -9999 -9999 -9999 -9999 -9999
-0.686 -9999 -9999 -9999 -0.675 -0.674 -0.671 -0.666 -0.663 -0.661 -0.66 -0.658 -0.65 -0.642 -0.637 -0.631 -0.619 -0.605 -0.607 -0.608 -0.594 -0.578 -0.584 -0.591 -9999 -9999 -0.563 -0.535 -0.536 -0.537 -0.543 -0.552 -0.545 -0.537 -0.534 -0.532 -0.526 -0.519 -0.516 -0.513 -0.525 -0.54 -0.544 -0.549 -0.549 -0.549 -0.546 -0.543 -0.54 -0.536 -0.557 -0.583 -0.578 -9999 -9999 -9999 -9999 -9999 -9999 -9999 -9999 -9999 -9999 -9999 -9999 -9999 -9999 -9999 -9999 -9999 -9999 -9999 -9999 -9999 -9999
-0.684 -9999 -0.686 -9999 -0.674 -0.671 -0.666 -0.658 -0.66 -0.671 -0.667 -0.657 -0.65 -0.642 -0.636 -0.627 -0.619 -0.615 -0.612 -0.6 -0.585 -0.564 -0.568 -0.571 -9999 -0.579 -0.555 -0.547 -0.545 -0.535 -0.543 -0.554 -0.549 -0.545 -0.543 -0.538 -0.532 -0.524 -0.525 -0.531 -0.536 -0.527 -0.531 -0.536 -0.544 -0.568 -0.564 -0.554 -0.547 -0.533 -0.549 -0.572 -0.577 -9999 -9999 -9999 -9999 -9999 -9999 -9999 -9999 -9999 -9999 -9999 -9999 -9999 -9999 -9999 -9999 -9999 -9999 -9999 -9999 -9999 -9999
-9999 -0.683 -9999 -9999 -9999 -0.666 -0.659 -0.652 -0.66 -0.67 -0.663 -0.654 -0.646 -0.638 -0.63 -0.621 -0.618 -0.615 -0.605 -0.593 -0.577 -0.556 -0.559 -0.562 -0.565 -0.571 -0.561 -0.551 -0.544 -0.535 -0.544 -0.555 -0.551 -0.547 -0.544 -0.54 -0.534 -0.526 -0.531 -0.538 -0.531 -0.522 -0.526 -0.531 -0.551 -0.574 -0.567 -0.558 -0.546 -0.531 -0.548 -0.567 -0.573 -9999 -9999 -9999 -9999 -9999 -9999 -9999 -9999 -9999 -9999 -9999 -9999 -9999 -9999 -9999 -9999 -9999 -9999 -9999 -9999 -9999 -9999
-0.678 -9999 -9999 -9999 -9999 -0.653 -0.647 -0.646 -9999 -0.661 -0.657 -0.658 -0.649 -0.636 -0.62 -0.587 -0.584 -0.586 -0.581 -0.587 -0.574 -0.563 -0.562 -0.554 -0.558 -0.56 -0.565 -0.589 -0.577 -0.549 -0.557 -0.561 -0.558 -0.551 -0.55 -0.553 -0.55 -0.548 -0.552 -0.55 -0.542 -0.528 -0.533 -0.539 -0.553 -0.563 -0.557 -0.551 -0.55 -0.567 -0.576 -0.569 -0.578 -9999 -9999 -9999 -9999 -9999 -9999 -9999 -9999 -9999 -9999 -9999 -9999 -9999 -9999 -9999 -9999 -9999 -9999 -9999 -9999 -9999 -9999
-0.664 -9999 -9999 -9999 -0.645 -9999 -9999 -0.641 -0.647 -0.654 -0.655 -0.656 -0.645 -0.633 -0.604 -0.571 -0.571 -0.571 -0.576 -0.581 -0.573 -0.563 -0.557 -0.551 -0.554 -0.556 -0.577 -0.602 -0.58 -0.554 -0.558 -0.563 -0.558 -0.551 -0.554 -0.557 -0.557 -0.556 -0.555 -0.554 -0.543 -0.531 -0.536 -0.542 -0.549 -0.558 -0.554 -0.549 -0.563 -0.579 -0.576 -0.574 -9999 -9999 -9999 -9999 -9999 -9999 -9999 -9999 -9999 -9999 -9999 -9999 -9999 -9999 -9999 -9999 -9999 -9999 -9999 -9999 -9999 -9999 -9999
-0.671 -0.666 -0.659 -9999 -9999 -9999 -0.644 -0.64 -9999 -0.614 -0.622 -0.649 -0.639 -0.63 -0.604 -0.576 -0.571 -0.558 -0.568 -0.59 -0.58 -0.562 -0.567 -0.588 -0.584 -0.564 -0.575 -0.573 -0.557 -0.55 -0.555 -0.563 -0.559 -0.553 -0.554 -0.551 -0.55 -0.55 -0.551 -0.558 -0.547 -0.533 -0.537 -0.539 -0.545 -0.551 -0.547 -0.543 -0.55 -0.548 -0.574 -9999 -9999 -9999 -9999 -9999 -9999 -9999 -9999 -9999 -9999 -9999 -9999 -9999 -9999 -9999 -9999 -9999 -9999 -9999 -9999 -9999 -9999 -9999 -9999
-0.676 -0.673 -0.658 -9999 -0.645 -0.65 -0.644 -0.636 -0.618 -0.596 -0.617 -0.643 -0.635 -0.626 -0.603 -0.576 -0.564 -0.551 -0.569 -0.591 -0.577 -0.561 -0.579 -0.6 -0.585 -0.566 -0.563 -0.56 -0.554 -0.547 -0.554 -0.562 -0.558 -0.553 -0.551 -0.547 -0.547 -0.547 -0.552 -0.558 -0.548 -0.535 -0.536 -0.537 -0.542 -0.548 -0.545 -0.54 -0.539 -0.536 -0.573 -9999 -9999 -9999 -9999 -9999 -9999 -9999 -9999 -9999 -9999 -9999 -9999 -9999 -9999 -9999 -9999 -9999 -9999 -9999 -9999 -9999 -9999 -9999 -9999
-0.657 -0.644 -0.631 -0.626 -0.632 -0.639 -9999 -0.61 -0.604 -0.619 -0.628 -0.617 -0.616 -0.629 -0.606 -0.576 -0.57 -0.574 -0.58 -0.568 -0.562 -0.567 -0.585 -0.604 -0.591 -0.578 -0.576 -0.571 -0.565 -0.555 -0.557 -0.551 -0.554 -0.569 -0.566 -0.561 -0.558 -0.545 -0.553 -0.564 -0.553 -0.538 -0.54 -0.542 -0.544 -0.541 -0.548 -0.574 -0.575 -0.576 -9999 -9999 -9999 -9999 -9999 -9999 -9999 -9999 -9999 -9999 -9999 -9999 -9999 -9999 -9999 -9999 -9999 -9999 -9999 -9999 -9999 -9999 -9999 -9999 -9999
-9999 -9999 -9999 -0.618 -0.631 -9999 -0.616 -0.598 -0.61 -0.625 -0.616 -0.604 -0.615 -0.627 -0.603 -0.574 -0.576 -0.58 -0.57 -0.559 -0.564 -0.569 -0.585 -0.603 -0.594 -0.582 -0.579 -0.574 -0.566 -0.557 -0.552 -0.546 -0.559 -0.573 -0.57 -0.566 -0.556 -0.544 -0.554 -0.565 -0.554 -0.54 -0.541 -0.543 -0.541 -0.538 -0.56 -0.586 -0.588 -0.589 -9999 -9999 -9999 -9999 -9999 -9999 -9999 -9999 -9999 -9999 -9999 -9999 -9999 -9999 -9999 -9999 -9999 -9999 -9999 -9999 -9999 -9999 -9999 -9999 -9999
-9999 -9999 -0.635 -0.636 -9999 -0.635 -0.617 -9999 -0.619 -0.609 -0.602 -0.6 -0.606 -0.607 -0.589 -0.579 -0.58 -0.582 -0.579 -0.589 -0.593 -0.59 -0.601 -0.602 -0.592 -0.574 -0.575 -0.583 -0.574 -0.558 -0.556 -0.558 -0.564 -0.56 -0.56 -0.564 -0.554 -0.539 -0.547 -0.553 -0.545 -0.542 -0.544 -0.548 -0.555 -0.578 -0.593 -0.594 -0.594 -0.587 -9999 -9999 -9999 -9999 -9999 -9999 -9999 -9999 -9999 -9999 -9999 -9999 -9999 -9999 -9999 -9999 -9999 -9999 -9999 -9999 -9999 -9999 -9999 -9999 -9999
-9999 -9999 -0.64 -9999 -9999 -0.635 -0.627 -0.619 -0.61 -0.6 -0.597 -0.594 -0.595 -0.596 -0.587 -0.578 -0.579 -0.581 -0.589 -0.599 -0.598 -0.596 -0.598 -0.599 -0.586 -0.569 -0.576 -0.585 -0.572 -0.557 -0.559 -0.562 -0.558 -0.554 -0.558 -0.563 -0.551 -0.537 -0.542 -0.548 -0.546 -0.543 -0.547 -0.55 -0.569 -0.592 -0.594 -0.597 -0.592 -0.586 -9999 -9999 -9999 -9999 -9999 -9999 -9999 -9999 -9999 -9999 -9999 -9999 -9999 -9999 -9999 -9999 -9999 -9999 -9999 -9999 -9999 -9999 -9999 -9999 -9999
-9999 -9999 -9999 -9999 -9999 -9999 -0.623 -0.611 -0.605 -0.603 -0.6 -0.591 -0.59 -0.586 -0.582 -0.585 -0.589 -0.596 -0.6 -0.598 -0.592 -0.574 -0.578 -0.588 -0.581 -0.581 -0.587 -0.588 -0.585 -0.594 -0.592 -0.577 -0.576 -0.573 -0.577 -0.576 -0.566 -0.552 -0.553 -0.545 -0.543 -0.541 -0.543 -0.542 -0.564 -0.595 -0.595 -0.589 -0.588 -9999 -9999 -9999 -9999 -9999 -9999 -9999 -9999 -9999 -9999 -9999 -9999 -9999 -9999 -9999 -9999 -9999 -9999 -9999 -9999 -9999 -9999 -9999 -9999 -9999 -9999
-9999 -9999 -9999 -9999 -0.632 -0.627 -9999 -0.604 -0.603 -0.602 -0.595 -0.588 -0.584 -0.581 -0.583 -0.585 -0.592 -0.599 -0.597 -0.595 -0.581 -0.564 -0.572 -0.582 -0.583 -0.584 -0.586 -0.587 -0.596 -0.606 -0.595 -0.581 -0.58 -0.579 -0.579 -0.579 -0.57 -0.557 -0.552 -0.545 -0.543 -0.541 -0.54 -0.54 -0.565 -0.595 -0.591 -0.585 -0.586 -9999 -9999 -9999 -9999 -9999 -9999 -9999 -9999 -9999 -9999 -9999 -9999 -9999 -9999 -9999 -9999 -9999 -9999 -9999 -9999 -9999 -9999 -9999 -9999 -9999 -9999
-9999 -9999 -9999 -0.634 -0.628 -0.619 -0.612 -0.611 -0.608 -0.603 -0.597 -0.589 -0.583 -0.57 -0.575 -0.586 -0.589 -0.587 -0.584 -0.581 -0.575 -0.58 -0.582 -0.569 -0.574 -0.588 -0.585 -0.573 -0.579 -0.583 -0.578 -0.583 -0.584 -0.589 -0.591 -0.595 -0.59 -0.584 -0.576 -0.556 -0.558 -0.567 -0.572 -0.583 -0.598 -0.596 -0.589 -0.575 -9999 -9999 -9999 -9999 -9999 -9999 -9999 -9999 -9999 -9999 -9999 -9999 -9999 -9999 -9999 -9999 -9999 -9999 -9999 -9999 -9999 -9999 -9999 -9999 -9999 -9999 -9999
-9999 -9999 -9999 -0.631 -9999 -0.613 -0.612 -0.611 -0.606 -0.601 -0.595 -0.588 -0.577 -0.565 -0.574 -0.585 -0.583 -0.581 -0.577 -0.574 -0.579 -0.585 -0.575 -0.563 -0.574 -0.587 -0.578 -0.566 -0.569 -0.572 -0.577 -0.582 -0.586 -0.591 -0.595 -0.6 -0.597 -0.593 -0.579 -0.56 -0.568 -0.577 -0.587 -0.598 -0.598 -0.596 -0.585 -0.57 -9999 -9999 -9999 -9999 -9999 -9999 -9999 -9999 -9999 -9999 -9999 -9999 -9999 -9999 -9999 -9999 -9999 -9999 -9999 -9999 -9999 -9999 -9999 -9999 -9999 -9999 -9999
-9999 -9999 -9999 -9999 -9999 -0.607 -0.606 -0.605 -0.599 -0.593 -0.586 -0.58 -0.576 -0.583 -0.59 -0.595 -0.592 -0.585 -0.582 -0.578 -0.582 -0.585 -0.583 -0.59 -0.594 -0.582 -0.573 -0.563 -0.569 -0.58 -0.583 -0.582 -0.582 -0.572 -0.576 -0.584 -0.581 -0.579 -0.57 -0.567 -0.57 -0.565 -0.58 -0.607 -0.604 -0.594 -0.586 -0.58 -9999 -9999 -9999 -9999 -9999 -9999 -9999 -9999 -9999 -9999 -9999 -9999 -9999 -9999 -9999 -9999 -9999 -9999 -9999 -9999 -9999 -9999 -9999 -9999 -9999 -9999 -9999
-9999 -9999 -9999 -0.628 -0.616 -0.603 -0.601 -0.6 -0.594 -0.588 -0.582 -0.575 -9999 -0.588 -0.592 -0.596 -0.591 -0.585 -0.582 -0.578 -0.58 -0.583 -0.59 -0.598 -0.589 -0.578 -0.57 -0.56 -0.57 -0.582 -0.582 -0.581 -0.573 -0.563 -0.569 -0.576 -0.575 -0.573 -0.571 -0.569 -0.566 -0.561 -0.583 -0.609 -0.602 -0.592 -0.589 -0.583 -9999 -9999 -9999 -9999 -9999 -9999 -9999 -9999 -9999 -9999 -9999 -9999 -9999 -9999 -9999 -9999 -9999 -9999 -9999 -9999 -9999 -9999 -9999 -9999 -9999 -9999 -9999
-0.63 -0.626 -0.625 -9999 -0.611 -0.598 -0.605 -0.63 -0.631 -0.635 -0.627 -9999 -0.608 -0.599 -0.6 -0.594 -0.589 -0.582 -0.581 -0.584 -0.595 -0.622 -0.626 -0.618 -0.604 -0.572 -0.568 -0.568 -0.576 -0.581 -0.576 -0.561 -0.559 -0.568 -0.571 -0.568 -0.566 -0.563 -0.565 -0.575 -0.569 -0.554 -0.578 -0.611 -0.606 -0.602 -0.594 -9999 -9999 -9999 -9999 -9999 -9999 -9999 -9999 -9999 -9999 -9999 -9999 -9999 -9999 -9999 -9999 -9999 -9999 -9999 -9999 -9999 -9999 -9999 -9999 -9999 -9999 -9999 -9999
-0.627 -0.621 -0.618 -0.618 -9999 -0.594 -0.614 -0.639 -0.644 -0.651 -0.635 -0.617 -0.61 -0.601 -0.596 -0.59 -0.585 -0.579 -0.582 -0.585 -0.607 -0.634 -0.629 -0.622 -0.598 -0.568 -0.569 -0.57 -0.575 -0.58 -0.567 -0.552 -0.56 -0.57 -0.567 -0.564 -0.562 -0.558 -0.567 -0.577 -0.566 -0.552 -0.579 -0.611 -0.61 -9999 -9999 -9999 -9999 -9999 -9999 -9999 -9999 -9999 -9999 -9999 -9999 -9999 -9999 -9999 -9999 -9999 -9999 -9999 -9999 -9999 -9999 -9999 -9999 -9999 -9999 -9999 -9999 -9999 -9999
-9999 -9999 -0.614 -9999 -0.616 -0.597 -0.609 -0.612 -0.615 -9999 -9999 -0.599 -0.591 -0.582 -0.58 -0.582 -0.573 -0.556 -0.559 -0.566 -0.585 -0.61 -0.608 -0.61 -0.589 -0.564 -0.569 -0.582 -0.583 -0.575 -0.566 -0.56 -0.566 -0.569 -0.567 -0.566 -0.562 -0.554 -0.566 -0.586 -0.575 -0.558 -0.583 -0.61 -9999 -9999 -9999 -9999 -9999 -9999 -9999 -9999 -9999 -9999 -9999 -9999 -9999 -9999 -9999 -9999 -9999 -9999 -9999 -9999 -9999 -9999 -9999 -9999 -9999 -9999 -9999 -9999 -9999 -9999 -9999
-0.622 -9999 -0.616 -0.63 -0.614 -0.597 -0.597 -0.599 -9999 -9999 -0.595 -0.589 -0.582 -0.573 -0.575 -0.577 -0.562 -0.545 -0.551 -0.557 -0.575 -0.598 -0.601 -0.603 -0.584 -0.56 -0.572 -0.585 -0.579 -0.572 -0.567 -0.562 -0.565 -0.567 -0.567 -0.566 -0.56 -0.553 -0.57 -0.59 -0.577 -0.561 -0.583 -0.609 -0.619 -9999 -9999 -9999 -9999 -9999 -9999 -9999 -9999 -9999 -9999 -9999 -9999 -9999 -9999 -9999 -9999 -9999 -9999 -9999 -9999 -9999 -9999 -9999 -9999 -9999 -9999 -9999 -9999 -9999 -9999
-0.61 -0.593 -0.606 -0.627 -0.619 -0.619 -0.616 -9999 -9999 -0.601 -0.593 -0.587 -0.58 -0.574 -0.574 -0.573 -0.563 -0.556 -0.562 -0.569 -0.577 -0.57 -0.568 -0.563 -0.553 -0.558 -0.565 -0.565 -0.562 -0.562 -0.561 -0.563 -0.567 -0.574 -0.574 -0.573 -0.566 -0.557 -0.568 -0.573 -0.568 -0.574 -0.595 -0.617 -9999 -9999 -9999 -9999 -9999 -9999 -9999 -9999 -9999 -9999 -9999 -9999 -9999 -9999 -9999 -9999 -9999 -9999 -9999 -9999 -9999 -9999 -9999 -9999 -9999 -9999 -9999 -9999 -9999 -9999 -9999
-0.604 -0.587 -9999 -9999 -0.625 -0.626 -9999 -9999 -9999 -0.599 -0.591 -0.584 -0.578 -0.572 -0.571 -0.57 -0.565 -0.559 -0.565 -0.572 -0.565 -0.557 -0.552 -0.546 -0.551 -0.556 -0.556 -0.556 -0.556 -0.557 -0.559 -0.562 -0.568 -0.575 -0.575 -0.574 -0.566 -0.557 -0.561 -0.566 -0.572 -0.578 -0.596 -0.617 -9999 -9999 -9999 -9999 -9999 -9999 -9999 -9999 -9999 -9999 -9999 -9999 -9999 -9999 -9999 -9999 -9999 -9999 -9999 -9999 -9999 -9999 -9999 -9999 -9999 -9999 -9999 -9999 -9999 -9999 -9999
-9999 -0.597 -0.606 -0.604 -9999 -9999 -9999 -9999 -0.581 -0.58 -0.575 -0.576 -0.573 -0.574 -0.573 -0.572 -0.571 -0.576 -0.578 -0.574 -0.566 -0.553 -0.55 -0.548 -0.555 -0.567 -0.564 -0.551 -0.555 -0.564 -0.563 -0.553 -0.559 -0.567 -0.565 -0.561 -0.557 -0.558 -0.562 -0.564 -0.567 -0.568 -0.589 -9999 -9999 -9999 -9999 -9999 -9999 -9999 -9999 -9999 -9999 -9999 -9999 -9999 -9999 -9999 -9999 -9999 -9999 -9999 -9999 -9999 -9999 -9999 -9999 -9999 -9999 -9999 -9999 -9999 -9999 -9999 -9999
