Validation/Results/ReClimate_06_2024_1_Precipitation-Actuals.asc
NCOLS 192
NROWS 249
XLLCENTER -225160.85627316462
YLLCENTER 29788.11610251502
CELLSIZE 5000.0
NODATA_VALUE -9999
[rows 132 to 164 of 249, columns 74 to 147 of 192]
-9999 -9999 -9999 -9999 -9999 -9999 -9999 -9999 -9999 -9999 -9999 -9999 -9999 120.004 125.264 129.159 129.925 139.918 145.601 165.574 171.868 180.154 167.098 121.173 111.4 123.612 128.757 119.835 115.993 117.849 114.432 112.412 114.493 107.147 124.434 138.803 147.031 141.752 133.256 139.721 138.271 136.839 148.763 142.659 126.226 114.489 109.052 106.367 95.701 92.644 92.595 86.811 82.157 78.132 80.646 79.295 74.774 71.626 -9999 -9999 -9999 -9999 -9999 -9999 -9999 -9999 -9999 -9999 -9999 -9999 -9999 -9999 -9999 -9999
84.634 -9999 -9999 -9999 -9999 -9999 -9999 -9999 -9999 -9999 -9999 -9999 -9999 123.93 149.721 128.769 121.76 123.098 130.573 157.312 202.599 204.42 150.634 130.883 119.126 126.684 126.692 125.258 133.131 109.407 102.6 108.126 108.71 120.457 124.847 135.442 134.823 132.814 127.587 129.278 129.638 135.427 138.681 137.892 134.609 123.493 114.391 98.418 91.885 89.579 85.62 84.943 81.858 75.221 72.338 75.533 75.384 68.037 -9999 -9999 -9999 -9999 -9999 -9999 -9999 -9999 -9999 -9999 -9999 -9999 -9999 -9999 -9999 -9999
105.83 -9999 -9999 -9999 -9999 -9999 -9999 -9999 -9999 -9999 -9999 -9999 122.234 145.01 136.489 127.049 122.985 121.583 122.436 153.994 188.287 173.687 168.878 139.544 127.467 118.964 120.464 130.461 117.413 110.379 102.47 96.971 111.685 116.932 122.061 121.965 124.004 121.074 116.176 117.396 123.106 120.975 131.245 147.065 135.407 124.989 110.156 102.759 91.005 83.916 74.617 78.894 79.889 76.68 70.489 70.432 72.681 72.063 64.467 -9999 -9999 -9999 -9999 -9999 -9999 -9999 -9999 -9999 -9999 -9999 -9999 -9999 -9999 -9999
100.867 -9999 -9999 -9999 -9999 -9999 -9999 -9999 -9999 -9999 -9999 112.441 -9999 121.617 130.0 126.603 124.044 115.992 108.562 129.079 141.376 164.931 173.149 146.074 121.547 111.46 109.617 109.228 112.97 112.84 110.402 106.203 110.448 108.347 108.334 109.23 108.501 102.782 97.885 105.375 105.662 111.18 120.453 117.594 119.788 112.396 103.371 94.289 84.002 72.144 81.521 84.43 79.711 76.548 73.6 69.811 70.425 68.949 64.904 -9999 -9999 -9999 -9999 -9999 -9999 -9999 -9999 -9999 -9999 -9999 -9999 -9999 -9999 -9999
117.886 100.818 -9999 -9999 -9999 -9999 -9999 -9999 -9999 -9999 -9999 106.127 -9999 110.005 117.525 118.103 123.052 112.378 110.561 109.218 120.582 152.599 158.514 144.499 130.902 113.574 100.717 105.537 111.907 125.471 133.693 -9999 -9999 -9999 -9999 -9999 -9999 96.211 94.494 96.197 101.101 100.462 95.667 106.644 109.799 100.839 92.346 91.26 80.402 82.396 83.125 75.278 74.362 73.381 75.3 68.215 64.258 66.305 64.746 63.939 -9999 -9999 -9999 -9999 -9999 -9999 -9999 -9999 -9999 -9999 -9999 -9999 -9999 -9999
124.117 105.651 86.244 -9999 -9999 -9999 -9999 -9999 -9999 -9999 -9999 101.713 101.917 99.476 98.861 111.599 114.257 116.42 107.93 100.933 114.592 136.382 152.114 138.261 132.961 117.409 107.054 112.096 107.914 121.381 119.358 -9999 -9999 -9999 -9999 94.419 96.862 93.162 92.778 93.745 96.787 97.726 108.704 116.145 112.347 96.496 95.248 87.969 90.343 85.07 74.507 72.902 75.004 71.772 71.494 77.921 70.102 63.232 65.871 59.09 -9999 -9999 -9999 -9999 -9999 -9999 -9999 -9999 -9999 -9999 -9999 -9999 -9999 -9999
118.586 100.595 98.519 92.511 -9999 -9999 -9999 -9999 -9999 -9999 -9999 102.415 96.394 93.75 -9999 -9999 113.148 112.583 102.465 99.826 -9999 109.488 117.055 116.223 118.293 106.115 111.13 103.915 98.652 -9999 -9999 -9999 -9999 -9999 89.303 91.875 93.946 89.994 93.269 94.273 96.221 106.716 117.553 131.404 129.138 107.196 102.618 93.953 87.9 82.483 76.668 79.546 71.946 75.771 74.198 74.546 71.808 65.836 63.613 61.201 -9999 -9999 -9999 -9999 -9999 -9999 -9999 -9999 -9999 -9999 -9999 -9999 -9999 -9999
114.858 113.092 112.804 97.117 -9999 -9999 -9999 -9999 -9999 -9999 -9999 -9999 95.124 86.376 -9999 -9999 -9999 100.89 98.311 97.9 90.163 -9999 -9999 101.509 101.417 103.42 113.43 109.614 -9999 -9999 -9999 -9999 -9999 100.872 93.926 98.604 97.497 92.226 94.627 93.891 97.556 105.514 117.228 129.825 125.991 126.332 108.803 103.549 102.572 94.01 86.198 86.637 82.048 75.184 75.814 76.512 71.326 66.44 67.312 65.367 -9999 -9999 -9999 -9999 -9999 -9999 -9999 -9999 -9999 -9999 -9999 -9999 -9999 -9999
102.754 105.396 96.88 -9999 -9999 -9999 -9999 -9999 -9999 -9999 -9999 -9999 -9999 84.975 -9999 -9999 -9999 -9999 93.788 100.179 92.068 -9999 -9999 -9999 100.45 103.41 -9999 -9999 -9999 -9999 -9999 -9999 -9999 99.89 98.431 103.068 100.35 103.468 102.341 97.52 91.42 97.921 108.815 113.729 126.07 126.508 112.676 116.97 109.48 98.395 84.097 89.565 88.688 79.656 74.604 71.593 68.97 67.233 69.657 65.712 -9999 -9999 -9999 -9999 -9999 -9999 -9999 -9999 -9999 -9999 -9999 -9999 -9999 -9999
105.214 93.493 -9999 -9999 -9999 -9999 -9999 -9999 -9999 -9999 -9999 -9999 -9999 92.893 -9999 -9999 -9999 -9999 -9999 93.383 87.262 -9999 -9999 -9999 -9999 -9999 -9999 -9999 -9999 -9999 -9999 -9999 -9999 102.283 111.914 115.882 120.384 121.114 110.348 95.582 89.146 93.104 97.122 113.066 134.559 143.631 136.373 118.071 105.163 83.13 80.675 78.967 78.549 78.808 79.927 73.042 67.297 66.303 70.718 70.071 62.443 -9999 -9999 -9999 -9999 -9999 -9999 -9999 -9999 -9999 -9999 -9999 -9999 -9999
99.15 -9999 83.528 86.75 84.959 79.544 -9999 -9999 -9999 -9999 -9999 -9999 -9999 93.041 -9999 -9999 -9999 -9999 -9999 -9999 -9999 -9999 -9999 -9999 -9999 -9999 -9999 -9999 -9999 -9999 -9999 -9999 107.93 111.834 114.148 120.442 121.295 143.855 133.981 109.075 98.838 88.313 95.114 94.697 118.861 145.809 146.406 122.419 100.537 109.108 106.823 88.296 85.566 74.245 73.877 73.88 72.278 71.665 70.61 71.738 67.732 62.525 -9999 -9999 -9999 -9999 -9999 -9999 -9999 -9999 -9999 -9999 -9999 -9999
90.263 86.189 90.106 87.171 78.215 79.983 -9999 -9999 -9999 -9999 -9999 -9999 -9999 -9999 -9999 -9999 -9999 -9999 -9999 -9999 -9999 -9999 -9999 -9999 -9999 -9999 -9999 -9999 -9999 -9999 -9999 116.463 114.067 112.154 126.784 139.863 147.848 179.504 153.869 117.408 99.125 90.2 81.006 83.924 102.476 136.151 155.786 129.036 110.751 103.091 93.914 94.24 90.245 83.13 73.637 73.517 68.883 69.418 73.911 73.622 67.172 63.351 -9999 -9999 -9999 -9999 -9999 -9999 -9999 -9999 -9999 -9999 -9999 -9999
85.522 87.97 86.761 77.429 -9999 78.079 78.577 -9999 -9999 -9999 -9999 -9999 -9999 -9999 -9999 -9999 -9999 -9999 -9999 -9999 -9999 -9999 -9999 -9999 -9999 -9999 -9999 -9999 -9999 -9999 -9999 123.27 123.061 131.702 155.562 159.327 157.495 150.092 147.587 129.253 109.345 93.196 86.225 82.422 93.022 119.346 129.678 142.164 121.502 103.262 92.565 86.305 80.943 76.881 70.182 75.949 73.896 69.669 67.707 70.835 66.484 61.264 59.661 59.662 -9999 -9999 -9999 -9999 -9999 -9999 -9999 -9999 -9999 -9999
91.513 90.895 82.683 77.433 -9999 -9999 77.177 -9999 -9999 -9999 -9999 -9999 -9999 -9999 -9999 -9999 -9999 -9999 -9999 -9999 -9999 -9999 -9999 -9999 -9999 -9999 -9999 -9999 -9999 -9999 -9999 126.419 132.557 147.606 166.612 171.661 170.908 180.074 170.177 147.746 122.337 111.375 93.827 88.924 85.723 82.406 103.016 117.178 110.152 99.63 86.334 73.482 71.489 70.063 67.46 67.842 72.803 67.576 66.251 65.619 64.128 64.854 69.795 67.188 65.35 62.933 66.243 -9999 -9999 -9999 -9999 -9999 -9999 -9999
87.014 84.643 84.391 80.633 73.979 -9999 75.677 -9999 -9999 -9999 -9999 -9999 -9999 -9999 -9999 -9999 -9999 -9999 -9999 -9999 -9999 -9999 -9999 -9999 -9999 -9999 -9999 -9999 -9999 -9999 103.133 133.567 149.264 182.71 221.652 238.991 245.539 196.229 188.439 178.966 167.703 135.562 130.017 106.382 88.001 80.208 92.624 92.25 92.78 96.124 83.523 69.927 66.104 66.21 65.731 66.403 67.921 65.586 65.725 64.479 65.968 67.167 70.661 78.185 74.97 72.587 69.746 67.571 66.228 -9999 -9999 -9999 -9999 -9999
88.469 82.048 79.721 75.493 -9999 74.866 -9999 -9999 -9999 -9999 -9999 -9999 -9999 -9999 -9999 -9999 -9999 -9999 -9999 -9999 -9999 -9999 -9999 -9999 -9999 -9999 -9999 -9999 -9999 -9999 -9999 111.737 146.835 192.313 226.476 265.941 266.744 259.883 203.739 198.878 174.726 179.601 154.437 122.03 104.835 99.846 94.471 93.777 119.299 102.128 90.108 85.89 78.899 69.297 68.034 66.334 67.033 67.249 67.238 68.054 65.824 68.482 68.263 74.216 72.701 69.235 69.485 70.183 68.994 65.093 -9999 -9999 -9999 -9999
100.991 87.172 75.783 80.966 83.464 82.208 -9999 -9999 -9999 -9999 -9999 -9999 -9999 -9999 -9999 -9999 -9999 -9999 -9999 -9999 -9999 -9999 -9999 -9999 -9999 -9999 -9999 -9999 -9999 -9999 -9999 -9999 118.438 157.179 192.836 218.909 251.028 253.569 184.14 158.381 169.432 169.054 147.99 136.117 132.32 122.296 107.179 116.023 119.15 111.181 111.833 98.589 82.448 79.87 72.156 68.119 64.643 65.146 67.511 68.557 67.54 78.481 79.339 84.997 91.26 80.812 78.117 69.642 69.489 67.072 62.408 -9999 -9999 -9999
98.847 84.961 77.751 80.185 83.124 -9999 -9999 -9999 -9999 -9999 -9999 -9999 -9999 -9999 -9999 -9999 -9999 -9999 -9999 -9999 -9999 -9999 -9999 -9999 -9999 -9999 -9999 -9999 -9999 -9999 -9999 -9999 101.895 138.042 168.885 193.226 227.237 207.211 158.795 150.637 142.573 134.318 128.647 126.054 132.507 151.157 128.703 131.964 132.331 113.894 97.794 97.692 79.266 76.482 75.98 67.973 62.679 64.976 66.209 70.093 73.647 79.889 86.479 81.823 84.067 81.682 81.548 78.156 70.603 68.479 65.975 58.643 -9999 -9999
97.627 90.471 83.528 78.428 72.767 -9999 -9999 -9999 -9999 -9999 -9999 -9999 -9999 -9999 -9999 -9999 -9999 -9999 -9999 -9999 -9999 -9999 -9999 -9999 -9999 -9999 -9999 -9999 -9999 -9999 -9999 -9999 -9999 127.374 162.307 179.254 183.825 161.18 153.475 132.666 126.953 124.976 121.496 124.328 139.321 139.003 151.889 137.553 125.552 108.06 103.636 95.84 89.028 72.636 70.647 66.152 64.157 65.268 64.591 70.577 77.657 78.171 81.761 82.188 82.454 79.128 76.826 76.43 74.974 69.489 68.117 62.217 -9999 -9999
99.167 -9999 -9999 -9999 -9999 -9999 -9999 -9999 -9999 -9999 -9999 -9999 -9999 -9999 -9999 -9999 -9999 -9999 -9999 -9999 -9999 -9999 -9999 -9999 -9999 -9999 -9999 -9999 -9999 -9999 -9999 -9999 -9999 118.928 152.568 159.368 135.28 141.09 125.818 126.398 121.542 116.953 122.967 129.676 142.146 183.974 150.42 138.245 122.274 110.645 88.026 85.684 82.206 75.665 64.852 65.389 62.515 60.813 61.596 64.528 74.935 80.012 77.205 74.785 75.937 73.594 75.007 76.221 78.865 74.74 65.987 66.169 57.239 -9999
122.641 -9999 -9999 -9999 -9999 -9999 -9999 -9999 -9999 -9999 -9999 -9999 -9999 -9999 -9999 -9999 -9999 -9999 -9999 -9999 -9999 -9999 -9999 -9999 -9999 -9999 -9999 -9999 -9999 -9999 -9999 -9999 -9999 -9999 138.886 125.898 133.21 155.115 122.518 113.944 106.563 104.707 119.66 131.645 155.064 159.331 158.579 142.628 134.426 115.441 108.027 98.82 89.098 85.245 73.448 64.901 61.462 57.909 56.685 59.591 65.173 77.042 80.403 72.226 67.093 66.562 63.552 66.557 68.044 74.882 67.133 60.518 59.59 -9999
94.866 -9999 -9999 -9999 -9999 -9999 -9999 -9999 -9999 -9999 -9999 -9999 -9999 -9999 -9999 -9999 -9999 -9999 -9999 -9999 -9999 -9999 -9999 -9999 -9999 -9999 -9999 -9999 -9999 -9999 -9999 -9999 -9999 -9999 115.674 -9999 128.284 111.609 105.467 104.461 -9999 108.181 118.194 125.432 133.078 155.699 155.7 145.72 135.182 122.331 117.207 119.772 102.093 88.361 81.072 73.366 62.361 58.593 56.003 57.016 62.82 64.945 73.088 73.03 65.538 61.012 59.388 59.857 62.192 65.97 66.217 62.764 62.852 58.25
-9999 -9999 -9999 -9999 -9999 -9999 -9999 -9999 -9999 -9999 -9999 -9999 -9999 -9999 -9999 -9999 -9999 -9999 -9999 -9999 -9999 -9999 -9999 -9999 -9999 -9999 -9999 -9999 -9999 -9999 -9999 -9999 -9999 -9999 -9999 100.105 101.337 -9999 -9999 -9999 -9999 101.98 106.621 103.497 114.004 125.442 138.546 135.598 127.478 126.131 114.762 108.992 114.382 92.965 90.236 77.498 67.021 63.005 61.024 59.269 61.157 65.383 67.329 72.116 68.258 63.817 61.365 58.894 61.552 66.086 66.098 60.5 60.944 60.836
-9999 -9999 -9999 -9999 -9999 -9999 -9999 -9999 -9999 -9999 -9999 -9999 -9999 -9999 -9999 -9999 -9999 -9999 -9999 -9999 -9999 -9999 -9999 -9999 -9999 -9999 -9999 -9999 -9999 -9999 -9999 -9999 -9999 -9999 -9999 92.899 91.015 -9999 -9999 -9999 -9999 94.969 105.057 98.046 97.562 105.839 109.206 106.928 114.626 125.349 113.086 101.027 112.534 101.969 90.838 83.23 70.841 62.565 61.315 60.452 60.29 58.24 61.909 66.325 67.025 62.375 63.844 62.787 61.705 65.912 67.612 64.439 62.616 58.896
-9999 -9999 -9999 -9999 -9999 -9999 -9999 -9999 -9999 -9999 -9999 -9999 -9999 -9999 -9999 -9999 -9999 -9999 -9999 -9999 -9999 -9999 -9999 -9999 -9999 -9999 -9999 -9999 -9999 -9999 -9999 -9999 -9999 -9999 -9999 88.186 -9999 -9999 -9999 -9999 89.358 96.501 105.375 111.344 107.562 115.272 111.285 100.838 114.04 122.528 105.143 101.927 98.203 102.65 92.312 80.036 70.563 66.391 62.173 61.635 61.36 59.599 58.416 62.412 64.382 64.331 65.931 72.561 69.278 66.48 65.123 62.438 60.749 60.229
-9999 -9999 -9999 -9999 -9999 -9999 -9999 -9999 -9999 -9999 -9999 -9999 -9999 -9999 -9999 -9999 -9999 -9999 -9999 -9999 -9999 -9999 -9999 -9999 -9999 -9999 -9999 -9999 -9999 -9999 -9999 -9999 -9999 -9999 -9999 -9999 -9999 -9999 -9999 -9999 84.661 96.908 118.628 133.997 143.903 133.024 109.472 96.825 100.11 107.328 100.348 97.512 95.181 90.364 88.415 80.088 70.819 66.89 63.365 61.301 60.665 58.832 58.71 59.771 62.13 65.435 67.679 76.597 78.709 67.236 62.324 60.845 60.327 58.556
-9999 -9999 -9999 -9999 -9999 -9999 -9999 -9999 -9999 -9999 -9999 -9999 -9999 -9999 -9999 -9999 -9999 -9999 -9999 -9999 -9999 -9999 -9999 -9999 -9999 -9999 -9999 -9999 -9999 -9999 -9999 -9999 -9999 -9999 -9999 -9999 -9999 -9999 -9999 -9999 84.288 96.3 118.814 139.674 144.476 125.922 107.799 93.237 96.894 95.899 91.661 90.163 83.668 85.137 79.107 78.833 71.478 65.22 60.713 55.866 51.798 56.597 59.84 60.519 60.475 62.815 66.596 71.364 75.533 67.937 60.271 55.94 58.708 59.163
-9999 -9999 -9999 -9999 -9999 -9999 -9999 -9999 -9999 -9999 -9999 -9999 -9999 -9999 -9999 -9999 -9999 -9999 -9999 -9999 -9999 -9999 -9999 -9999 -9999 -9999 -9999 -9999 -9999 -9999 -9999 -9999 -9999 -9999 -9999 -9999 -9999 -9999 -9999 78.07 84.162 93.297 118.097 137.611 141.108 121.187 112.945 94.693 94.303 87.864 88.953 87.05 87.679 76.514 73.059 68.538 68.142 61.032 59.814 56.952 55.639 55.506 58.787 56.873 58.304 59.233 63.56 66.651 69.707 67.044 60.999 57.811 55.749 60.542
-9999 -9999 -9999 -9999 -9999 -9999 -9999 -9999 -9999 -9999 -9999 -9999 -9999 -9999 -9999 -9999 -9999 -9999 -9999 -9999 -9999 -9999 -9999 -9999 -9999 -9999 -9999 -9999 -9999 -9999 -9999 -9999 -9999 -9999 -9999 -9999 -9999 -9999 -9999 78.332 79.182 90.697 106.243 124.709 111.424 111.313 99.842 108.271 110.307 97.53 91.507 89.92 82.403 80.741 71.659 70.27 69.863 67.056 59.868 58.096 55.989 56.635 57.999 57.023 58.027 62.972 63.62 65.61 62.17 64.117 63.118 57.473 55.736 58.498
-9999 -9999 -9999 -9999 -9999 -9999 -9999 -9999 -9999 -9999 -9999 -9999 -9999 -9999 -9999 -9999 -9999 -9999 -9999 -9999 -9999 -9999 -9999 -9999 -9999 -9999 -9999 -9999 -9999 -9999 -9999 -9999 -9999 -9999 -9999 -9999 -9999 -9999 74.086 76.06 80.344 88.354 98.381 101.532 104.327 99.262 99.528 107.984 105.913 100.982 89.115 89.073 79.458 67.517 70.142 67.005 65.453 63.832 63.533 59.182 57.146 56.76 56.874 58.343 59.659 65.123 64.446 62.284 64.853 63.347 65.365 64.503 59.525 56.582
-9999 -9999 -9999 -9999 -9999 -9999 -9999 -9999 -9999 -9999 -9999 -9999 -9999 -9999 -9999 -9999 -9999 -9999 -9999 -9999 -9999 -9999 -9999 -9999 -9999 -9999 -9999 -9999 -9999 -9999 -9999 -9999 -9999 -9999 -9999 -9999 -9999 -9999 70.853 75.801 80.321 84.563 88.212 93.107 94.853 97.516 100.234 96.074 95.663 93.043 106.971 98.222 85.249 73.375 65.17 65.659 59.899 56.865 60.539 63.31 59.191 56.008 59.347 55.542 55.355 58.708 62.752 61.025 62.978 65.297 65.308 60.908 61.167 58.936
-9999 -9999 -9999 -9999 -9999 -9999 -9999 -9999 -9999 -9999 -9999 -9999 -9999 -9999 -9999 -9999 -9999 -9999 -9999 -9999 -9999 -9999 -9999 -9999 -9999 -9999 -9999 -9999 -9999 -9999 -9999 -9999 -9999 -9999 -9999 -9999 -9999 -9999 71.537 73.508 76.74 79.55 87.824 89.459 95.186 94.217 95.157 96.928 110.426 110.94 110.245 97.278 87.672 77.744 69.41 67.562 64.665 58.314 59.163 58.169 57.775 56.443 57.698 59.494 52.946 57.784 62.105 61.206 60.918 60.809 62.356 61.192 60.217 60.147
-9999 -9999 -9999 -9999 -9999 -9999 -9999 -9999 -9999 -9999 -9999 -9999 -9999 -9999 -9999 -9999 -9999 -9999 -9999 -9999 -9999 -9999 -9999 -9999 -9999 -9999 -9999 -9999 -9999 -9999 -9999 -9999 -9999 -9999 -9999 -9999 -9999 -9999 -9999 74.344 73.345 77.172 80.305 93.177 100.207 108.558 109.882 111.945 102.574 110.703 101.848 95.339 82.718 70.385 68.6 63.23 64.877 61.076 59.509 60.246 56.021 58.778 58.24 58.683 57.906 57.564 61.771 61.811 62.006 60.12 58.217 58.519 -9999 57.94
