Validation/Results/ReClimate_09_2024_1_Temperature-Actuals.asc
NCOLS 192
NROWS 249
XLLCENTER -225160.85627316462
YLLCENTER 29788.11610251502
CELLSIZE 5000.0
NODATA_VALUE -9999
[rows 102 to 135 of 249, columns 77 to 153 of 192]
7.525 7.458 9.368 10.182 -9999 -9999 9.357 -9999 -9999 9.362 7.07 6.786 8.232 7.366 5.388 6.943 5.973 5.923 6.123 6.64 8.232 7.509 6.682 5.806 6.318 7.242 6.617 6.864 7.984 8.78 9.2 9.117 8.693 8.045 8.892 9.201 9.346 9.588 9.612 9.751 -9999 -9999 -9999 -9999 -9999 -9999 -9999 -9999 -9999 -9999 -9999 -9999 -9999 -9999 -9999 -9999 -9999 -9999 -9999 -9999 -9999 -9999 -9999 -9999 -9999 -9999 -9999 -9999 -9999 -9999 -9999 -9999 -9999 -9999 -9999 -9999 -9999
7.855 9.073 -9999 -9999 -9999 9.95 8.854 9.195 8.806 8.661 7.737 9.3 8.822 7.262 7.141 7.475 7.514 7.468 7.376 7.292 6.426 7.395 6.729 6.928 6.716 6.408 7.003 7.733 8.533 9.096 9.253 8.996 8.414 9.097 9.675 -9999 -9999 9.923 -9999 -9999 -9999 -9999 -9999 -9999 -9999 -9999 -9999 -9999 -9999 -9999 -9999 -9999 -9999 -9999 -9999 -9999 -9999 -9999 -9999 -9999 -9999 -9999 -9999 -9999 -9999 -9999 -9999 -9999 -9999 -9999 -9999 -9999 -9999 -9999 -9999 -9999 -9999
-9999 9.306 -9999 -9999 -9999 9.68 8.716 8.469 8.453 8.883 9.378 8.578 7.429 7.151 7.578 7.903 7.5 7.131 7.698 7.208 8.301 7.532 7.296 7.987 8.399 8.651 8.54 8.945 9.203 9.218 9.323 9.307 9.277 9.725 -9999 9.636 9.737 9.754 9.825 -9999 -9999 -9999 -9999 -9999 -9999 -9999 -9999 -9999 -9999 -9999 -9999 -9999 -9999 -9999 -9999 -9999 -9999 -9999 -9999 -9999 -9999 -9999 -9999 -9999 -9999 -9999 -9999 -9999 -9999 -9999 -9999 -9999 -9999 -9999 -9999 -9999 -9999
-9999 -9999 -9999 10.04 9.624 8.783 8.616 8.175 8.576 8.328 7.546 7.074 6.964 7.915 7.796 8.329 7.075 8.184 6.948 8.321 7.239 6.409 8.066 8.632 8.461 8.766 9.246 9.296 9.501 9.574 9.617 9.677 -9999 9.697 9.589 9.608 9.54 9.79 9.755 -9999 -9999 -9999 -9999 -9999 -9999 -9999 -9999 -9999 -9999 -9999 -9999 -9999 -9999 -9999 -9999 -9999 -9999 -9999 -9999 -9999 -9999 -9999 -9999 -9999 -9999 -9999 -9999 -9999 -9999 -9999 -9999 -9999 -9999 -9999 -9999 -9999 -9999
-9999 -9999 -9999 9.868 10.05 9.43 8.396 8.478 8.769 7.708 8.501 8.356 7.93 7.211 8.578 8.636 7.766 7.086 7.794 7.787 6.636 7.554 7.439 7.132 8.068 8.58 8.755 9.055 9.157 8.938 8.866 8.746 9.009 9.564 9.736 9.411 9.235 9.48 9.495 9.786 -9999 -9999 -9999 -9999 -9999 -9999 -9999 -9999 -9999 -9999 -9999 -9999 -9999 -9999 -9999 -9999 -9999 -9999 -9999 -9999 -9999 -9999 -9999 -9999 -9999 -9999 -9999 -9999 -9999 -9999 -9999 -9999 -9999 -9999 -9999 -9999 -9999
-9999 -9999 9.964 -9999 -9999 9.246 8.486 9.056 8.102 8.514 -9999 -9999 7.531 7.417 8.253 8.711 7.781 7.917 8.134 7.751 7.957 8.655 8.044 8.278 8.599 8.883 8.491 7.989 7.571 7.81 7.984 8.48 8.955 9.17 9.566 9.08 9.176 9.129 9.399 9.725 9.942 -9999 -9999 -9999 -9999 -9999 -9999 -9999 -9999 -9999 -9999 -9999 -9999 -9999 -9999 -9999 -9999 -9999 -9999 -9999 -9999 -9999 -9999 -9999 -9999 -9999 -9999 -9999 -9999 -9999 -9999 -9999 -9999 -9999 -9999 -9999 -9999
-9999 -9999 10.014 -9999 9.83 9.213 9.244 8.165 8.229 9.428 9.486 7.939 7.331 8.199 9.966 8.218 7.024 8.797 8.744 8.296 8.792 9.033 9.112 9.277 9.141 8.094 7.118 7.125 7.658 8.05 8.579 8.835 8.845 9.146 9.273 9.402 9.765 10.053 10.193 10.325 -9999 -9999 -9999 -9999 -9999 -9999 -9999 -9999 -9999 -9999 -9999 -9999 -9999 -9999 -9999 -9999 -9999 -9999 -9999 -9999 -9999 -9999 -9999 -9999 -9999 -9999 -9999 -9999 -9999 -9999 -9999 -9999 -9999 -9999 -9999 -9999 -9999
-9999 -9999 10.065 -9999 9.778 9.797 9.08 8.895 9.451 -9999 8.02 8.313 -9999 8.333 8.431 8.186 9.015 7.903 8.928 9.221 9.575 9.695 9.837 9.848 9.358 8.435 8.872 9.098 9.057 8.823 8.671 8.933 9.008 9.387 9.629 9.95 -9999 -9999 -9999 -9999 -9999 -9999 -9999 -9999 -9999 -9999 -9999 -9999 -9999 -9999 -9999 -9999 -9999 -9999 -9999 -9999 -9999 -9999 -9999 -9999 -9999 -9999 -9999 -9999 -9999 -9999 -9999 -9999 -9999 -9999 -9999 -9999 -9999 -9999 -9999 -9999 -9999
9.977 9.95 -9999 -9999 10.132 9.686 9.261 9.685 9.599 7.858 8.174 7.314 -9999 9.0 8.265 8.878 9.003 8.905 8.977 9.376 9.302 9.182 9.035 9.18 9.621 9.942 9.931 9.761 9.369 8.945 8.867 9.063 9.229 9.463 9.899 -9999 -9999 -9999 -9999 -9999 -9999 -9999 -9999 -9999 -9999 -9999 -9999 -9999 -9999 -9999 -9999 -9999 -9999 -9999 -9999 -9999 -9999 -9999 -9999 -9999 -9999 -9999 -9999 -9999 -9999 -9999 -9999 -9999 -9999 -9999 -9999 -9999 -9999 -9999 -9999 -9999 -9999
10.09 10.112 -9999 10.291 9.014 9.016 9.767 -9999 8.39 8.558 7.495 7.52 -9999 8.681 7.96 8.969 9.796 9.641 9.748 9.496 9.162 8.764 8.16 8.606 9.403 9.829 -9999 10.018 9.698 9.501 9.481 9.411 9.194 9.627 -9999 -9999 -9999 -9999 -9999 -9999 -9999 -9999 -9999 -9999 -9999 -9999 -9999 -9999 -9999 -9999 -9999 -9999 -9999 -9999 -9999 -9999 -9999 -9999 -9999 -9999 -9999 -9999 -9999 -9999 -9999 -9999 -9999 -9999 -9999 -9999 -9999 -9999 -9999 -9999 -9999 -9999 -9999
10.37 -9999 -9999 9.768 8.526 9.335 -9999 9.175 8.821 8.506 7.949 8.512 -9999 9.498 9.321 9.623 9.831 9.695 9.511 9.19 7.676 7.53 7.72 8.276 9.212 9.923 10.154 10.284 -9999 -9999 10.026 9.849 -9999 -9999 -9999 -9999 -9999 -9999 10.272 10.325 10.487 -9999 -9999 -9999 -9999 -9999 -9999 -9999 -9999 -9999 -9999 -9999 -9999 -9999 -9999 -9999 -9999 -9999 -9999 -9999 -9999 -9999 -9999 -9999 -9999 -9999 -9999 -9999 -9999 -9999 -9999 -9999 -9999 -9999 -9999 -9999 -9999
-9999 -9999 9.593 9.117 9.656 9.185 -9999 9.261 8.659 9.144 9.191 8.328 -9999 -9999 -9999 9.99 9.553 8.943 8.849 8.639 8.632 8.908 8.844 9.022 9.167 9.397 9.687 10.029 10.111 9.913 9.795 10.019 -9999 -9999 -9999 -9999 -9999 10.091 10.155 10.033 10.328 10.461 -9999 -9999 -9999 -9999 -9999 -9999 -9999 -9999 -9999 -9999 -9999 -9999 -9999 -9999 -9999 -9999 -9999 -9999 -9999 -9999 -9999 -9999 -9999 -9999 -9999 -9999 -9999 -9999 -9999 -9999 -9999 -9999 -9999 -9999 -9999
-9999 -9999 -9999 10.275 9.018 9.438 -9999 9.262 -9999 9.624 8.717 9.629 -9999 9.952 9.395 9.254 -9999 9.375 9.644 9.568 9.661 9.49 9.41 9.129 8.975 8.996 9.246 9.454 9.146 9.173 9.663 9.92 10.034 10.073 10.238 -9999 10.147 9.974 9.825 9.937 9.746 9.504 9.516 10.426 -9999 -9999 -9999 -9999 -9999 -9999 -9999 -9999 -9999 -9999 -9999 -9999 -9999 -9999 -9999 -9999 -9999 -9999 -9999 -9999 -9999 -9999 -9999 -9999 -9999 -9999 -9999 -9999 -9999 -9999 -9999 -9999 -9999
-9999 -9999 -9999 9.493 8.743 9.803 -9999 10.229 -9999 9.789 10.096 -9999 9.933 8.958 8.511 9.203 9.672 9.869 9.879 10.099 9.963 9.573 9.502 9.165 8.803 8.812 8.889 8.947 9.002 9.199 9.424 9.485 9.448 9.451 9.913 9.996 9.629 9.605 9.544 9.478 8.972 8.684 8.558 9.021 9.913 10.149 9.937 -9999 -9999 -9999 -9999 -9999 -9999 -9999 -9999 -9999 -9999 -9999 -9999 -9999 -9999 -9999 -9999 -9999 -9999 -9999 -9999 -9999 -9999 -9999 -9999 -9999 -9999 -9999 -9999 -9999 -9999
-9999 -9999 -9999 9.53 9.925 9.678 9.594 -9999 -9999 10.568 10.471 -9999 9.936 8.413 8.129 9.001 9.383 9.813 10.052 10.067 9.935 10.099 9.816 9.375 9.051 8.623 8.596 8.693 8.861 8.821 8.677 8.532 8.328 8.996 9.713 9.586 9.317 9.174 8.85 7.975 7.864 8.241 8.305 8.753 8.854 9.492 9.929 9.838 -9999 -9999 -9999 -9999 -9999 -9999 -9999 -9999 -9999 -9999 -9999 -9999 -9999 -9999 -9999 -9999 -9999 -9999 -9999 -9999 -9999 -9999 -9999 -9999 -9999 -9999 -9999 -9999 -9999
-9999 -9999 -9999 10.083 9.939 9.297 10.327 -9999 -9999 10.727 10.826 -9999 -9999 8.548 8.601 9.249 9.163 9.094 9.459 9.603 9.769 9.54 9.794 9.731 9.267 8.919 8.52 8.394 8.204 8.205 7.873 7.819 8.307 8.771 8.986 8.935 8.708 8.378 7.844 7.753 7.764 8.141 8.45 8.805 9.332 9.482 9.416 9.696 -9999 -9999 -9999 -9999 -9999 -9999 -9999 -9999 -9999 -9999 -9999 -9999 -9999 -9999 -9999 -9999 -9999 -9999 -9999 -9999 -9999 -9999 -9999 -9999 -9999 -9999 -9999 -9999 -9999
-9999 -9999 -9999 10.356 9.588 9.756 -9999 -9999 -9999 -9999 10.963 -9999 10.163 8.983 9.468 9.557 8.969 8.77 8.758 9.149 9.195 9.276 9.326 9.464 9.468 8.8 8.357 8.306 8.313 7.977 7.789 8.171 8.402 8.403 8.349 7.862 7.937 8.095 8.216 8.176 8.167 8.408 8.639 9.043 9.492 9.511 9.569 9.818 9.837 -9999 -9999 -9999 -9999 -9999 -9999 -9999 -9999 -9999 -9999 -9999 -9999 -9999 -9999 -9999 -9999 -9999 -9999 -9999 -9999 -9999 -9999 -9999 -9999 -9999 -9999 -9999 -9999
-9999 9.838 9.776 9.549 9.794 -9999 -9999 9.366 -9999 -9999 -9999 -9999 10.351 9.83 9.916 9.663 9.331 8.918 8.678 8.612 8.487 8.504 8.82 9.074 9.172 9.06 8.447 8.467 8.357 8.323 8.577 8.557 8.146 8.164 7.303 6.989 7.494 7.889 8.157 8.523 8.63 8.792 8.794 9.153 9.569 9.624 9.74 9.811 9.892 -9999 -9999 -9999 -9999 -9999 -9999 -9999 -9999 -9999 -9999 -9999 -9999 -9999 -9999 -9999 -9999 -9999 -9999 -9999 -9999 -9999 -9999 -9999 -9999 -9999 -9999 -9999 -9999
-9999 -9999 9.37 9.422 10.066 -9999 9.386 8.64 9.344 -9999 -9999 -9999 -9999 10.578 10.334 10.187 9.881 9.504 9.095 8.575 8.402 8.554 8.781 8.885 9.027 8.643 8.739 8.639 8.51 8.386 8.445 8.082 8.626 8.102 7.945 7.794 7.359 7.606 8.363 8.686 9.028 9.114 9.154 9.422 9.564 9.695 9.781 9.655 9.722 9.936 -9999 -9999 -9999 -9999 -9999 -9999 -9999 -9999 -9999 -9999 -9999 -9999 -9999 -9999 -9999 -9999 -9999 -9999 -9999 -9999 -9999 -9999 -9999 -9999 -9999 -9999 -9999
-9999 -9999 9.794 9.536 9.797 -9999 9.822 8.787 9.636 -9999 -9999 -9999 -9999 -9999 10.627 10.489 10.304 10.162 9.706 9.273 8.934 8.539 8.16 8.315 8.581 8.823 8.925 8.663 8.469 8.521 8.328 8.417 8.665 8.422 8.321 8.307 8.665 8.795 9.038 9.048 9.275 9.16 9.375 9.703 9.789 9.873 9.814 9.71 9.433 9.753 10.084 -9999 -9999 -9999 -9999 -9999 -9999 -9999 -9999 -9999 -9999 -9999 -9999 -9999 -9999 -9999 -9999 -9999 -9999 -9999 -9999 -9999 -9999 -9999 -9999 -9999 -9999
-9999 -9999 9.706 9.284 -9999 -9999 10.313 9.403 9.164 10.114 -9999 -9999 -9999 -9999 -9999 10.579 10.191 9.854 9.667 8.979 8.368 8.064 7.768 7.885 8.237 8.657 8.452 8.592 8.517 8.227 8.175 8.517 7.256 7.978 7.785 8.416 8.052 8.649 9.2 9.057 9.248 9.482 9.674 9.588 9.41 9.428 9.631 9.559 9.873 9.497 9.939 10.24 10.662 -9999 -9999 -9999 -9999 -9999 -9999 -9999 -9999 -9999 -9999 -9999 -9999 -9999 -9999 -9999 -9999 -9999 -9999 -9999 -9999 -9999 -9999 -9999 -9999
-9999 -9999 9.497 10.128 -9999 -9999 9.832 8.828 8.978 -9999 -9999 -9999 -9999 -9999 -9999 10.581 10.079 9.739 9.465 8.962 8.689 8.584 8.278 8.161 8.107 8.219 8.295 8.327 7.585 7.102 7.987 7.095 6.623 6.968 7.961 7.832 8.399 9.137 8.83 8.995 9.283 9.293 9.39 9.509 9.402 9.405 8.993 8.954 9.708 9.692 9.548 10.055 10.462 -9999 -9999 -9999 -9999 -9999 -9999 -9999 -9999 -9999 -9999 -9999 -9999 -9999 -9999 -9999 -9999 -9999 -9999 -9999 -9999 -9999 -9999 -9999 -9999
-9999 -9999 9.915 10.676 -9999 -9999 -9999 9.973 9.701 9.935 -9999 -9999 -9999 -9999 -9999 10.578 10.079 9.75 9.569 9.304 9.132 8.534 7.794 7.51 7.951 7.952 8.392 8.186 7.644 7.568 8.007 6.66 7.14 7.733 7.466 7.867 8.751 8.556 8.886 8.917 9.087 9.401 9.315 9.196 9.251 8.909 7.818 8.214 8.905 9.658 9.596 9.744 10.194 -9999 -9999 -9999 -9999 -9999 -9999 -9999 -9999 -9999 -9999 -9999 -9999 -9999 -9999 -9999 -9999 -9999 -9999 -9999 -9999 -9999 -9999 -9999 -9999
-9999 9.635 9.887 10.543 -9999 -9999 -9999 -9999 -9999 -9999 -9999 -9999 -9999 -9999 -9999 10.217 9.757 9.594 9.431 9.214 8.999 8.294 7.855 7.758 8.005 8.154 7.873 7.914 7.261 7.453 6.88 6.56 7.134 7.746 7.518 7.925 8.122 8.595 8.661 9.036 9.05 8.999 9.208 8.977 8.879 7.938 7.746 7.652 8.817 9.691 9.797 9.716 9.984 10.865 -9999 -9999 -9999 -9999 -9999 -9999 -9999 -9999 -9999 -9999 -9999 -9999 -9999 -9999 -9999 -9999 -9999 -9999 -9999 -9999 -9999 -9999 -9999
9.679 9.656 9.592 10.697 -9999 -9999 -9999 -9999 -9999 -9999 -9999 -9999 -9999 10.528 10.341 9.966 9.47 9.0 8.704 8.838 8.82 8.661 8.426 8.717 8.283 7.512 7.583 7.618 7.641 7.964 7.52 6.732 7.949 7.808 7.826 7.974 8.35 8.696 9.066 8.63 8.743 8.994 8.951 8.724 8.078 7.905 7.839 7.962 8.732 9.757 9.936 9.728 9.961 10.584 -9999 -9999 -9999 -9999 -9999 -9999 -9999 -9999 -9999 -9999 -9999 -9999 -9999 -9999 -9999 -9999 -9999 -9999 -9999 -9999 -9999 -9999 -9999
9.687 10.12 10.84 -9999 -9999 -9999 -9999 -9999 -9999 -9999 -9999 -9999 -9999 10.457 10.333 9.848 9.148 8.745 8.768 8.202 7.842 7.869 7.804 8.082 8.181 8.285 8.1 7.696 8.01 8.417 8.107 7.836 7.308 7.805 7.637 8.209 8.53 9.077 8.73 8.591 8.71 8.717 8.388 7.81 7.498 7.874 8.224 8.619 9.211 9.293 9.334 9.595 9.878 10.43 -9999 -9999 -9999 -9999 -9999 -9999 -9999 -9999 -9999 -9999 -9999 -9999 -9999 -9999 -9999 -9999 -9999 -9999 -9999 -9999 -9999 -9999 -9999
-9999 -9999 -9999 -9999 -9999 -9999 -9999 -9999 -9999 -9999 -9999 -9999 -9999 10.351 10.056 9.202 9.079 8.873 8.61 7.769 7.64 7.057 7.375 7.693 8.126 8.348 8.049 6.952 7.462 8.6 8.665 7.591 7.637 7.926 8.0 7.971 8.603 8.191 8.033 8.287 7.974 7.758 7.446 8.053 8.063 8.123 8.314 8.628 9.455 9.688 9.572 9.71 10.16 10.53 -9999 -9999 -9999 -9999 -9999 -9999 -9999 -9999 -9999 -9999 -9999 -9999 -9999 -9999 -9999 -9999 -9999 -9999 -9999 -9999 -9999 -9999 -9999
-9999 -9999 -9999 -9999 -9999 -9999 -9999 -9999 -9999 -9999 -9999 -9999 10.243 9.645 8.907 8.99 8.637 8.793 8.644 8.411 7.45 7.459 7.316 7.629 7.96 8.841 8.455 7.922 8.106 8.597 8.786 8.465 8.342 8.261 8.095 8.116 7.693 8.301 8.514 8.272 8.002 7.076 7.828 7.632 7.959 8.448 8.455 8.667 8.721 9.498 9.9 10.085 10.318 10.621 -9999 -9999 -9999 -9999 -9999 -9999 -9999 -9999 -9999 -9999 -9999 -9999 -9999 -9999 -9999 -9999 -9999 -9999 -9999 -9999 -9999 -9999 -9999
-9999 -9999 -9999 -9999 -9999 -9999 -9999 -9999 -9999 -9999 -9999 -9999 9.71 9.194 8.81 8.057 8.322 8.77 8.626 7.868 8.425 7.974 7.795 8.072 8.495 9.375 9.25 8.729 8.459 8.576 9.277 9.009 8.868 8.771 8.651 7.929 8.726 8.213 8.542 8.506 7.274 8.285 7.869 7.964 8.418 8.5 8.88 8.785 8.55 9.063 9.638 9.919 10.262 10.679 -9999 -9999 -9999 -9999 -9999 -9999 -9999 -9999 -9999 -9999 -9999 -9999 -9999 -9999 -9999 -9999 -9999 -9999 -9999 -9999 -9999 -9999 -9999
-9999 -9999 -9999 -9999 -9999 -9999 -9999 -9999 -9999 -9999 -9999 10.04 9.293 9.241 8.318 8.503 8.225 7.474 7.902 8.403 8.656 8.246 8.419 8.516 8.561 8.997 9.128 8.871 8.912 9.648 9.655 9.322 8.876 8.798 8.12 8.952 8.651 8.267 8.921 7.954 7.836 8.438 8.65 8.865 8.531 8.605 8.75 8.582 8.9 9.248 9.661 9.958 10.24 10.614 10.936 -9999 -9999 -9999 -9999 -9999 -9999 -9999 -9999 -9999 -9999 -9999 -9999 -9999 -9999 -9999 -9999 -9999 -9999 -9999 -9999 -9999 -9999
-9999 -9999 -9999 -9999 -9999 -9999 -9999 -9999 -9999 -9999 10.049 9.663 9.339 9.231 9.012 8.775 8.161 8.245 8.161 7.889 8.949 8.929 8.856 8.606 8.618 8.933 9.278 9.673 9.875 9.636 9.877 9.555 9.138 8.817 9.018 9.254 8.952 8.958 9.161 8.197 7.928 8.221 8.38 8.537 8.664 8.99 8.974 8.756 9.168 9.392 9.624 9.885 10.261 10.588 10.969 -9999 -9999 -9999 -9999 -9999 -9999 -9999 -9999 -9999 -9999 -9999 -9999 -9999 -9999 -9999 -9999 -9999 -9999 -9999 -9999 -9999 -9999
-9999 -9999 -9999 -9999 -9999 -9999 -9999 -9999 -9999 -9999 9.931 8.64 9.147 9.183 9.186 9.289 8.718 7.684 7.897 8.898 9.11 9.327 9.203 9.022 8.863 8.738 9.786 10.151 10.016 10.008 9.659 9.699 9.285 9.372 9.334 9.539 9.307 9.366 8.98 8.742 8.386 8.256 8.43 8.509 9.041 9.387 9.258 9.192 9.19 9.353 9.694 10.08 10.2 10.432 10.813 -9999 -9999 -9999 -9999 -9999 -9999 -9999 -9999 -9999 -9999 -9999 -9999 -9999 -9999 -9999 -9999 -9999 -9999 -9999 -9999 -9999 -9999
-9999 -9999 -9999 -9999 -9999 -9999 -9999 -9999 -9999 10.264 9.008 9.057 9.027 9.09 9.376 9.52 8.78 8.369 8.72 8.803 9.213 9.388 9.534 9.229 8.915 9.533 9.751 10.008 10.383 9.998 9.977 9.825 9.859 9.743 9.783 9.883 9.79 9.377 9.547 9.143 8.494 8.64 8.611 8.778 8.921 9.374 9.508 9.804 9.532 9.528 9.779 10.146 10.36 10.378 10.624 11.186 -9999 -9999 -9999 -9999 -9999 -9999 -9999 -9999 -9999 -9999 -9999 -9999 -9999 -9999 -9999 -9999 -9999 -9999 -9999 -9999 -9999
-9999 -9999 -9999 -9999 -9999 -9999 -9999 -9999 10.486 -9999 9.721 9.17 9.083 9.181 9.552 9.874 9.55 9.507 9.017 8.569 9.085 9.519 9.697 9.678 9.737 9.875 9.888 10.107 10.315 10.16 10.394 10.322 10.262 10.198 10.284 10.327 10.216 10.045 9.786 9.448 9.418 9.122 9.038 9.059 9.371 9.729 10.246 9.749 9.46 9.719 9.921 10.135 10.35 10.506 10.657 10.988 -9999 -9999 -9999 -9999 -9999 -9999 -9999 -9999 -9999 -9999 -9999 -9999 -9999 -9999 -9999 -9999 -9999 -9999 -9999 -9999 -9999
