Validation/Results/ReClimate_11_2023_1.asc
NCOLS 192
NROWS 249
XLLCENTER -225160.85627316462
YLLCENTER 29788.11610251502
CELLSIZE 5000.0
NODATA_VALUE -9999
[rows 66 to 98 of 249, columns 74 to 147 of 192]
-9999 -9999 -9999 -9999 -9999 -9999 -9999 -9999 -9999 -9999 -9999 101.991 -9999 102.162 102.093 102.165 102.129 102.122 102.046 102.184 102.425 102.433 102.493 102.534 102.559 102.377 102.101 102.251 102.508 102.596 102.678 102.689 -9999 -9999 -9999 -9999 -9999 -9999 -9999 -9999 -9999 -9999 -9999 -9999 -9999 -9999 -9999 -9999 -9999 -9999 -9999 -9999 -9999 -9999 -9999 -9999 -9999 -9999 -9999 -9999 -9999 -9999 -9999 -9999 -9999 -9999 -9999 -9999 -9999 -9999 -9999 -9999 -9999 -9999
-9999 -9999 -9999 -9999 -9999 -9999 -9999 -9999 -9999 -9999 -9999 -9999 102.278 102.238 102.229 102.192 102.172 102.2 102.346 102.479 102.482 102.532 102.566 102.594 102.622 102.494 102.517 102.659 102.679 102.731 -9999 -9999 -9999 -9999 -9999 -9999 -9999 -9999 -9999 -9999 -9999 -9999 -9999 -9999 -9999 -9999 -9999 -9999 -9999 -9999 -9999 -9999 -9999 -9999 -9999 -9999 -9999 -9999 -9999 -9999 -9999 -9999 -9999 -9999 -9999 -9999 -9999 -9999 -9999 -9999 -9999 -9999 -9999 -9999
-9999 -9999 -9999 -9999 -9999 -9999 -9999 -9999 -9999 -9999 -9999 -9999 102.269 102.265 102.262 102.219 102.111 102.255 102.411 102.461 102.567 102.603 102.635 102.665 102.691 102.716 102.738 102.759 102.778 102.795 -9999 -9999 -9999 -9999 -9999 -9999 -9999 -9999 -9999 -9999 -9999 -9999 -9999 -9999 -9999 -9999 -9999 -9999 -9999 -9999 -9999 -9999 -9999 -9999 -9999 -9999 -9999 -9999 -9999 -9999 -9999 -9999 -9999 -9999 -9999 -9999 -9999 -9999 -9999 -9999 -9999 -9999 -9999 -9999
-9999 -9999 -9999 -9999 -9999 -9999 -9999 -9999 -9999 -9999 -9999 -9999 -9999 -9999 102.323 102.296 102.336 102.452 102.522 102.597 102.633 102.669 102.702 102.73 102.756 102.779 102.801 102.821 -9999 -9999 -9999 -9999 -9999 -9999 -9999 -9999 -9999 -9999 -9999 -9999 -9999 -9999 -9999 -9999 -9999 -9999 -9999 -9999 -9999 -9999 -9999 -9999 -9999 -9999 -9999 -9999 -9999 -9999 -9999 -9999 -9999 -9999 -9999 -9999 -9999 -9999 -9999 -9999 -9999 -9999 -9999 -9999 -9999 -9999
-9999 -9999 -9999 -9999 -9999 -9999 -9999 -9999 102.281 -9999 -9999 102.009 102.277 102.329 102.404 102.461 102.522 102.584 102.627 102.668 102.711 102.743 102.767 102.794 102.818 102.84 102.861 102.881 -9999 -9999 -9999 -9999 -9999 -9999 -9999 -9999 -9999 -9999 -9999 -9999 -9999 -9999 -9999 -9999 -9999 -9999 -9999 -9999 -9999 -9999 -9999 -9999 -9999 -9999 -9999 -9999 -9999 -9999 -9999 -9999 -9999 -9999 -9999 -9999 -9999 -9999 -9999 -9999 -9999 -9999 -9999 -9999 -9999 -9999
-9999 -9999 -9999 -9999 -9999 -9999 102.639 102.427 101.957 101.906 102.137 102.265 102.326 102.41 102.483 102.526 102.523 102.518 102.422 102.534 102.753 102.787 102.83 102.856 102.879 102.952 103.112 103.079 -9999 -9999 -9999 -9999 -9999 -9999 -9999 -9999 -9999 -9999 -9999 -9999 -9999 -9999 -9999 -9999 -9999 -9999 -9999 -9999 -9999 -9999 -9999 -9999 -9999 -9999 -9999 -9999 -9999 -9999 -9999 -9999 -9999 -9999 -9999 -9999 -9999 -9999 -9999 -9999 -9999 -9999 -9999 -9999 -9999 -9999
-9999 -9999 -9999 -9999 -9999 -9999 102.828 102.247 -9999 102.347 102.334 102.37 102.443 102.502 102.559 102.599 102.677 102.694 102.843 102.934 102.86 102.889 102.893 102.917 102.939 103.042 103.093 -9999 103.015 -9999 -9999 -9999 -9999 -9999 -9999 -9999 -9999 -9999 -9999 -9999 -9999 -9999 -9999 -9999 -9999 -9999 -9999 -9999 -9999 -9999 -9999 -9999 -9999 -9999 -9999 -9999 -9999 -9999 -9999 -9999 -9999 -9999 -9999 -9999 -9999 -9999 -9999 -9999 -9999 -9999 -9999 -9999 -9999 -9999
-9999 -9999 -9999 -9999 -9999 -9999 -9999 102.756 102.585 102.522 102.41 102.476 102.518 102.619 102.811 102.85 102.876 102.939 102.952 102.917 102.913 102.93 102.955 102.978 102.999 103.105 103.313 103.182 102.848 -9999 -9999 -9999 -9999 -9999 -9999 -9999 -9999 -9999 -9999 -9999 -9999 -9999 -9999 -9999 -9999 -9999 -9999 -9999 -9999 -9999 -9999 -9999 -9999 -9999 -9999 -9999 -9999 -9999 -9999 -9999 -9999 -9999 -9999 -9999 -9999 -9999 -9999 -9999 -9999 -9999 -9999 -9999 -9999 -9999
103.902 -9999 -9999 -9999 -9999 -9999 -9999 -9999 102.853 102.753 102.726 102.83 103.012 103.137 103.189 103.204 103.221 103.161 103.034 103.005 102.994 102.995 103.019 103.04 103.06 103.108 102.948 102.85 102.977 -9999 -9999 -9999 -9999 -9999 -9999 -9999 -9999 -9999 -9999 -9999 -9999 -9999 -9999 -9999 -9999 -9999 -9999 -9999 -9999 -9999 -9999 -9999 -9999 -9999 -9999 -9999 -9999 -9999 -9999 -9999 -9999 -9999 -9999 -9999 -9999 -9999 -9999 -9999 -9999 -9999 -9999 -9999 -9999 -9999
103.772 -9999 -9999 -9999 -9999 -9999 103.707 103.432 102.779 102.954 103.168 103.283 103.316 103.369 103.404 103.391 103.342 103.256 103.228 103.196 103.164 103.142 103.117 103.166 103.348 103.135 -9999 103.076 -9999 -9999 -9999 -9999 -9999 -9999 102.083 102.504 102.757 -9999 -9999 -9999 -9999 -9999 -9999 -9999 -9999 -9999 -9999 -9999 -9999 -9999 -9999 -9999 -9999 -9999 -9999 -9999 -9999 -9999 -9999 -9999 -9999 -9999 -9999 -9999 -9999 -9999 -9999 -9999 -9999 -9999 -9999 -9999 -9999 -9999
104.808 104.508 -9999 -9999 -9999 -9999 -9999 103.337 103.274 103.365 103.537 103.531 103.553 103.585 103.591 103.556 103.519 103.486 103.45 103.411 103.369 103.325 103.278 103.348 103.363 103.181 103.247 -9999 -9999 -9999 -9999 103.227 103.335 102.702 102.019 102.395 102.766 103.137 103.544 103.347 103.139 103.295 103.442 103.542 103.623 103.621 103.613 103.61 103.589 103.501 103.409 103.446 103.57 -9999 -9999 -9999 -9999 -9999 -9999 -9999 -9999 -9999 -9999 -9999 -9999 -9999 -9999 -9999 -9999 -9999 -9999 -9999 -9999 -9999
104.221 103.911 -9999 -9999 -9999 104.659 -9999 103.989 103.898 103.857 103.678 103.665 103.824 103.836 103.839 103.848 103.894 103.814 103.669 103.623 103.575 103.603 103.76 103.686 103.52 103.52 -9999 -9999 -9999 -9999 103.0 103.168 102.211 101.76 101.509 101.763 101.869 102.105 102.139 102.162 102.513 102.686 102.912 102.987 103.04 103.177 103.54 103.597 103.759 103.71 103.682 103.618 103.596 -9999 -9999 -9999 -9999 -9999 -9999 -9999 -9999 -9999 -9999 -9999 -9999 -9999 -9999 -9999 -9999 -9999 -9999 -9999 -9999 -9999
104.659 104.497 -9999 -9999 -9999 105.086 104.871 104.734 104.641 104.402 104.097 104.126 104.174 104.08 104.086 104.11 104.082 103.971 103.888 103.835 103.78 103.831 103.77 103.672 103.663 -9999 -9999 103.274 102.956 102.907 102.941 102.58 102.533 102.411 102.399 102.54 102.752 102.717 102.554 102.682 102.524 102.68 102.767 102.928 103.272 103.51 103.633 103.791 103.969 103.963 103.952 103.842 103.62 103.81 -9999 -9999 -9999 -9999 -9999 -9999 -9999 -9999 -9999 -9999 -9999 -9999 -9999 -9999 -9999 -9999 -9999 -9999 -9999 -9999
105.995 105.997 -9999 105.95 -9999 105.565 105.371 105.043 104.389 104.414 104.946 104.811 104.482 104.367 104.276 104.256 104.223 104.166 104.108 104.048 103.987 103.925 103.864 103.888 103.989 -9999 103.688 103.341 102.414 102.444 102.653 102.383 101.715 101.87 102.279 102.672 103.416 103.248 102.998 102.876 102.747 102.935 103.304 103.505 103.557 103.744 104.06 104.149 104.119 104.14 104.182 104.189 104.13 104.099 -9999 -9999 -9999 -9999 -9999 -9999 -9999 -9999 -9999 -9999 -9999 -9999 -9999 -9999 -9999 -9999 -9999 -9999 -9999 -9999
106.607 -9999 105.953 -9999 -9999 -9999 105.782 105.294 104.974 105.002 104.411 104.375 104.764 104.631 104.584 104.451 104.418 104.378 104.33 104.265 104.198 104.132 104.067 104.174 104.362 104.041 103.754 103.366 103.44 103.458 103.329 102.872 102.557 102.894 103.219 103.559 103.429 103.233 103.032 103.025 103.166 103.539 104.02 103.958 103.703 103.996 104.333 104.323 104.318 104.364 104.405 104.423 104.449 104.472 -9999 -9999 -9999 -9999 -9999 -9999 -9999 -9999 -9999 -9999 -9999 -9999 -9999 -9999 -9999 -9999 -9999 -9999 -9999 -9999
105.542 105.15 -9999 -9999 -9999 -9999 105.71 105.776 106.465 -9999 104.863 105.049 105.065 104.975 104.883 104.739 104.621 104.584 104.537 104.484 104.415 104.195 103.738 103.957 104.273 103.934 103.552 103.573 103.555 103.534 103.747 103.516 103.42 103.724 104.079 103.67 102.731 102.552 102.332 102.643 103.271 103.721 104.257 104.159 104.23 104.437 104.514 104.527 104.551 104.591 104.621 104.656 104.703 104.724 -9999 -9999 -9999 -9999 -9999 -9999 -9999 -9999 -9999 -9999 -9999 -9999 -9999 -9999 -9999 -9999 -9999 -9999 -9999 -9999
106.838 106.414 -9999 -9999 -9999 106.168 -9999 -9999 106.341 105.771 105.592 105.715 106.077 105.817 105.286 105.056 104.822 104.781 104.738 104.687 104.634 104.471 104.686 104.739 104.438 104.291 104.448 104.17 103.474 103.735 104.191 103.95 103.53 103.771 103.913 103.399 103.295 103.19 103.197 103.655 104.009 104.242 104.116 104.265 104.555 104.615 104.655 104.694 104.753 104.791 104.835 104.89 104.941 -9999 -9999 -9999 -9999 -9999 -9999 -9999 -9999 -9999 -9999 -9999 -9999 -9999 -9999 -9999 -9999 -9999 -9999 -9999 -9999 -9999
106.723 106.506 106.72 106.648 -9999 -9999 -9999 106.559 106.461 -9999 106.054 106.175 106.062 105.682 105.452 105.207 105.07 104.979 104.932 104.889 104.861 104.976 104.953 104.609 104.128 104.339 104.719 104.35 104.346 104.619 104.743 104.414 104.193 104.084 103.651 103.592 103.561 103.587 103.636 103.965 104.354 104.293 104.288 104.531 104.773 104.748 104.611 104.726 104.942 104.991 105.046 105.117 -9999 -9999 -9999 -9999 -9999 -9999 -9999 -9999 -9999 -9999 -9999 -9999 -9999 -9999 -9999 -9999 -9999 -9999 -9999 -9999 -9999 -9999
106.575 107.055 108.001 107.587 -9999 107.136 107.181 107.026 106.821 106.623 106.459 106.311 106.138 105.913 105.688 105.5 105.327 105.196 105.132 105.104 105.102 105.09 105.046 104.838 104.943 105.047 104.837 104.849 104.913 104.831 104.459 104.398 104.591 103.963 102.96 102.984 103.078 103.491 104.528 104.776 104.896 104.85 104.719 104.876 104.954 104.869 104.817 104.986 105.131 105.19 105.258 105.336 -9999 -9999 -9999 -9999 -9999 -9999 -9999 -9999 -9999 -9999 -9999 -9999 -9999 -9999 -9999 -9999 -9999 -9999 -9999 -9999 -9999 -9999
108.11 108.687 108.815 108.334 107.97 107.863 107.575 -9999 107.09 106.771 106.23 106.121 106.133 105.99 105.979 105.796 105.62 105.458 105.348 105.341 105.325 105.276 105.217 105.246 105.182 105.05 104.984 104.992 104.957 104.653 104.371 104.509 104.637 103.669 102.533 102.605 102.67 103.738 105.175 105.233 105.213 105.118 105.034 105.084 105.1 105.1 105.161 105.262 105.322 105.39 105.471 -9999 -9999 -9999 -9999 -9999 -9999 -9999 -9999 -9999 -9999 -9999 -9999 -9999 -9999 -9999 -9999 -9999 -9999 -9999 -9999 -9999 -9999 -9999
108.817 -9999 -9999 -9999 108.233 108.016 -9999 107.63 107.413 107.059 106.945 106.89 106.798 106.631 106.265 106.095 105.942 105.758 105.642 105.602 105.551 105.564 105.702 105.704 105.822 105.652 105.321 105.346 105.465 105.17 104.789 104.837 104.804 104.228 104.315 104.217 103.925 104.748 104.97 104.972 104.999 105.025 105.203 105.2 105.157 105.244 105.386 105.446 105.515 105.594 105.667 -9999 -9999 -9999 -9999 -9999 -9999 -9999 -9999 -9999 -9999 -9999 -9999 -9999 -9999 -9999 -9999 -9999 -9999 -9999 -9999 -9999 -9999 -9999
-9999 -9999 -9999 108.934 108.473 -9999 107.886 107.849 -9999 107.557 107.557 107.401 107.194 106.927 106.728 106.554 106.319 106.161 106.03 105.921 105.862 105.796 105.457 105.658 106.063 105.861 105.816 106.002 106.375 105.434 103.488 103.303 102.858 103.323 104.49 104.438 104.783 104.842 104.685 104.794 105.045 105.219 105.436 105.285 104.928 105.156 105.566 105.586 105.528 105.635 105.799 -9999 -9999 -9999 -9999 -9999 -9999 -9999 -9999 -9999 -9999 -9999 -9999 -9999 -9999 -9999 -9999 -9999 -9999 -9999 -9999 -9999 -9999 -9999
-9999 -9999 -9999 109.257 -9999 -9999 108.105 108.094 107.993 107.881 107.687 107.541 107.464 107.298 107.155 106.945 106.744 106.567 106.393 106.262 106.18 106.049 106.192 106.435 106.553 106.35 105.905 105.988 105.724 104.702 104.7 104.773 105.572 105.786 105.329 105.447 105.354 105.151 104.811 104.911 104.826 104.991 105.127 104.961 105.007 105.347 105.706 105.644 105.559 105.728 105.932 -9999 -9999 -9999 -9999 -9999 -9999 -9999 -9999 -9999 -9999 -9999 -9999 -9999 -9999 -9999 -9999 -9999 -9999 -9999 -9999 -9999 -9999 -9999
-9999 -9999 -9999 -9999 -9999 -9999 -9999 108.331 107.825 107.737 107.817 107.814 107.963 107.772 107.491 107.282 107.095 106.912 106.733 106.584 106.476 106.511 106.439 106.462 106.391 106.154 106.159 105.669 104.74 104.843 105.157 106.033 107.122 106.686 106.156 105.862 105.712 105.37 104.945 104.955 105.096 105.15 105.099 105.242 105.563 105.765 105.812 105.791 105.846 105.978 -9999 -9999 -9999 -9999 -9999 -9999 -9999 -9999 -9999 -9999 -9999 -9999 -9999 -9999 -9999 -9999 -9999 -9999 -9999 -9999 -9999 -9999 -9999 -9999
-9999 -9999 -9999 -9999 -9999 109.132 108.503 -9999 108.362 108.415 108.519 108.491 108.26 108.004 107.786 107.594 107.408 107.226 107.048 106.882 106.753 106.675 106.598 106.522 106.448 106.45 106.475 106.033 106.158 106.288 106.228 106.345 105.034 105.049 105.715 105.442 105.1 105.15 105.492 105.596 105.678 105.659 105.672 105.836 105.823 105.868 105.916 105.968 106.025 106.088 -9999 -9999 -9999 -9999 -9999 -9999 -9999 -9999 -9999 -9999 -9999 -9999 -9999 -9999 -9999 -9999 -9999 -9999 -9999 -9999 -9999 -9999 -9999 -9999
-9999 -9999 -9999 -9999 109.652 109.206 108.656 108.755 108.97 109.006 109.057 108.787 108.472 108.266 108.071 107.88 107.695 107.515 107.339 107.165 107.03 106.943 106.889 106.714 106.379 106.244 105.877 105.97 106.075 106.142 106.43 105.355 104.297 104.904 105.533 104.77 103.44 104.075 105.556 105.731 105.662 105.648 105.583 105.672 105.924 105.97 106.02 106.074 106.133 -9999 -9999 -9999 -9999 -9999 -9999 -9999 -9999 -9999 -9999 -9999 -9999 -9999 -9999 -9999 -9999 -9999 -9999 -9999 -9999 -9999 -9999 -9999 -9999 -9999
-9999 -9999 -9999 -9999 109.725 -9999 109.584 109.383 108.689 108.866 109.362 109.051 108.721 108.528 108.334 108.145 107.962 107.784 107.609 107.438 107.29 107.251 107.323 107.045 106.794 106.615 106.674 106.76 106.876 106.953 106.788 106.162 105.969 106.276 106.248 105.577 105.765 106.274 105.909 105.8 105.716 105.73 105.85 105.994 106.026 106.073 106.124 106.18 106.242 -9999 -9999 -9999 -9999 -9999 -9999 -9999 -9999 -9999 -9999 -9999 -9999 -9999 -9999 -9999 -9999 -9999 -9999 -9999 -9999 -9999 -9999 -9999 -9999 -9999
-9999 -9999 -9999 -9999 -9999 -9999 109.809 109.377 109.297 109.656 110.007 109.632 109.153 108.911 108.581 108.349 108.05 107.918 107.864 107.644 107.354 107.5 107.917 107.544 106.926 107.059 107.366 107.475 107.64 107.325 106.734 106.517 106.226 106.277 106.472 106.512 106.366 106.021 105.813 105.797 105.966 106.005 106.046 106.083 106.128 106.177 106.23 106.288 106.352 -9999 -9999 -9999 -9999 -9999 -9999 -9999 -9999 -9999 -9999 -9999 -9999 -9999 -9999 -9999 -9999 -9999 -9999 -9999 -9999 -9999 -9999 -9999 -9999 -9999
-9999 -9999 -9999 -9999 110.291 110.338 109.879 109.761 109.662 109.822 109.84 109.643 109.835 -9999 108.813 108.612 108.553 108.395 108.105 107.961 108.046 108.33 108.653 108.095 107.49 107.592 107.474 107.28 106.558 106.055 105.549 105.571 106.057 106.121 106.041 106.032 106.22 106.001 105.765 105.923 106.178 106.149 106.141 106.185 106.232 106.283 106.337 106.398 106.479 -9999 -9999 -9999 -9999 -9999 -9999 -9999 -9999 -9999 -9999 -9999 -9999 -9999 -9999 -9999 -9999 -9999 -9999 -9999 -9999 -9999 -9999 -9999 -9999 -9999
110.215 110.541 110.363 110.437 -9999 110.439 110.238 110.136 110.104 110.034 109.899 109.985 -9999 109.291 108.308 108.467 109.037 108.829 108.73 108.824 109.015 109.084 108.955 108.435 107.914 107.896 108.044 107.495 107.051 106.749 106.667 106.872 106.776 106.722 106.707 106.784 106.745 106.542 106.379 106.465 106.383 106.329 106.298 106.29 106.338 106.39 106.447 106.511 -9999 -9999 -9999 -9999 -9999 -9999 -9999 -9999 -9999 -9999 -9999 -9999 -9999 -9999 -9999 -9999 -9999 -9999 -9999 -9999 -9999 -9999 -9999 -9999 -9999 -9999
110.664 110.68 110.621 110.766 111.023 -9999 110.554 110.474 110.325 110.209 110.163 109.966 109.461 109.015 109.255 109.486 109.378 109.283 109.221 109.221 109.008 108.764 108.412 108.055 107.853 107.931 107.968 107.663 107.49 107.369 107.185 107.133 107.155 107.034 106.749 106.766 106.884 106.717 106.538 106.508 106.591 106.537 106.479 106.449 106.447 106.5 -9999 -9999 -9999 -9999 -9999 -9999 -9999 -9999 -9999 -9999 -9999 -9999 -9999 -9999 -9999 -9999 -9999 -9999 -9999 -9999 -9999 -9999 -9999 -9999 -9999 -9999 -9999 -9999
-9999 -9999 -9999 110.816 -9999 110.834 110.505 110.391 110.185 110.298 -9999 -9999 108.745 109.061 109.641 109.618 109.766 109.752 109.855 109.53 109.006 108.7 108.489 108.273 108.011 107.96 107.806 107.69 107.65 107.568 107.633 107.613 107.555 107.318 107.098 107.124 107.05 106.917 106.838 106.842 106.796 106.745 106.687 106.629 106.602 -9999 -9999 -9999 -9999 -9999 -9999 -9999 -9999 -9999 -9999 -9999 -9999 -9999 -9999 -9999 -9999 -9999 -9999 -9999 -9999 -9999 -9999 -9999 -9999 -9999 -9999 -9999 -9999 -9999
110.856 110.647 -9999 111.03 111.201 111.023 110.865 110.782 110.747 -9999 -9999 110.722 109.979 110.227 110.157 110.041 109.587 109.67 109.804 109.378 109.014 108.837 108.773 108.568 108.421 108.35 108.406 108.3 108.104 108.106 108.054 107.891 107.559 107.408 107.334 107.282 107.266 107.187 107.108 107.043 106.999 106.951 106.897 106.836 106.781 106.779 -9999 -9999 -9999 -9999 -9999 -9999 -9999 -9999 -9999 -9999 -9999 -9999 -9999 -9999 -9999 -9999 -9999 -9999 -9999 -9999 -9999 -9999 -9999 -9999 -9999 -9999 -9999 -9999
