Validation/Results/ReClimate_09_2024_2_Precipitation-Actualsweatherlogisticsltd.asc
NCOLS 192
NROWS 249
XLLCENTER -225160.85627316462
YLLCENTER 29788.11610251502
CELLSIZE 5000.0
NODATA_VALUE -9999
[rows 198 to 230 of 249, columns 74 to 147 of 192]
-9999 -9999 -9999 -9999 -9999 -9999 -9999 -9999 -9999 -9999 -9999 -9999 -9999 -9999 -9999 -9999 -9999 -9999 174.763 176.111 181.902 159.463 162.55 166.274 163.006 201.621 220.083 246.773 241.475 213.662 178.601 136.218 128.807 121.05 123.075 134.803 123.915 103.804 87.333 82.475 81.864 84.965 80.314 84.187 82.86 78.33 74.716 71.331 68.681 69.193 66.165 68.104 67.995 65.644 62.824 64.133 64.209 65.451 63.649 66.565 69.263 70.365 75.051 74.338 71.351 67.77 66.582 68.989 68.724 67.087 68.446 61.986 61.153 60.249
-9999 -9999 -9999 -9999 -9999 -9999 -9999 -9999 -9999 -9999 -9999 -9999 -9999 -9999 -9999 120.367 149.157 162.669 167.58 181.356 181.661 175.122 167.063 161.018 184.648 205.795 227.975 222.271 228.793 201.445 178.368 161.218 135.742 118.089 139.602 124.092 104.947 84.953 80.421 80.714 90.0 77.15 78.18 77.211 79.579 81.696 82.565 78.143 70.894 65.699 62.67 64.436 67.776 62.746 60.217 60.563 65.432 66.382 72.06 69.461 68.844 71.099 73.828 75.691 72.289 68.843 66.014 69.004 68.874 67.094 63.738 62.602 58.911 60.012
-9999 -9999 -9999 -9999 -9999 -9999 -9999 -9999 -9999 -9999 -9999 -9999 -9999 157.825 145.887 152.225 157.052 162.068 171.248 174.062 185.711 176.58 179.844 198.112 188.966 208.195 217.938 204.242 206.967 209.691 200.587 167.84 142.938 136.546 123.223 107.54 92.78 106.653 93.211 81.419 76.969 72.38 70.416 72.844 76.352 82.058 80.178 75.276 68.977 65.399 60.084 64.079 67.138 64.058 68.083 67.752 67.253 68.316 68.223 74.004 71.604 73.572 77.984 78.895 76.662 73.862 68.468 65.001 67.47 67.004 64.411 57.243 60.491 61.423
-9999 -9999 -9999 -9999 -9999 -9999 -9999 -9999 -9999 169.217 176.128 169.853 163.577 184.348 175.65 179.574 173.718 176.966 182.442 190.036 201.397 202.04 219.6 208.34 195.611 207.225 196.917 190.764 198.555 211.122 187.78 160.231 133.241 138.625 115.823 92.869 119.993 119.7 101.105 93.431 81.825 77.987 69.571 70.194 85.262 74.025 79.639 71.113 68.732 65.058 66.168 69.71 68.112 74.483 71.971 73.966 70.525 70.466 69.288 71.01 73.287 75.783 77.538 78.159 76.537 73.575 69.779 67.051 66.756 68.873 67.839 67.957 61.098 62.523
-9999 -9999 -9999 -9999 -9999 -9999 -9999 -9999 150.693 173.311 175.584 182.27 218.724 232.926 228.824 202.802 196.998 210.347 215.184 211.857 214.733 223.82 221.78 211.659 202.267 186.193 178.294 178.963 198.546 197.762 175.624 151.494 148.761 141.565 129.633 144.964 169.914 136.683 111.966 89.005 87.121 79.679 80.281 81.343 74.566 75.916 72.694 71.331 69.17 67.435 71.614 75.614 81.514 83.758 86.3 78.832 72.563 79.354 79.036 76.153 76.995 75.93 78.745 78.093 75.161 71.343 71.207 72.484 69.076 72.52 73.023 67.533 66.385 63.825
-9999 -9999 -9999 -9999 -9999 -9999 -9999 138.218 157.973 173.399 179.32 197.727 222.113 225.89 207.924 204.686 207.693 210.557 206.366 199.287 213.735 223.103 216.451 196.839 180.347 169.422 180.734 200.518 206.283 200.629 178.27 157.62 146.225 145.233 134.292 175.992 166.617 151.847 113.521 105.057 94.559 92.32 84.466 81.7 80.605 81.113 82.333 72.21 70.64 70.031 73.928 77.428 85.882 95.026 89.446 85.541 81.749 80.609 87.1 83.648 81.081 79.98 77.739 76.641 75.841 72.598 71.986 75.539 76.176 72.267 73.398 70.127 69.367 76.109
-9999 -9999 -9999 -9999 -9999 128.721 -9999 139.181 149.313 157.802 171.909 182.052 193.422 191.495 186.205 188.547 185.006 193.102 181.713 184.18 184.048 187.98 180.303 180.23 181.648 198.774 222.48 259.337 282.541 239.061 219.901 203.625 206.31 182.217 161.289 160.146 186.879 142.746 123.358 116.726 108.655 95.764 88.146 87.815 88.05 88.877 81.059 73.084 65.564 67.854 80.226 91.593 98.266 96.873 90.996 85.117 82.497 81.799 84.799 84.079 80.422 76.997 75.958 70.725 70.022 73.707 74.221 74.407 75.281 73.367 72.627 73.905 72.717 74.707
-9999 -9999 -9999 -9999 -9999 -9999 -9999 -9999 -9999 160.339 161.075 169.471 176.847 171.834 172.282 179.247 184.162 174.618 172.678 171.25 173.656 185.5 183.511 196.644 200.248 224.675 255.215 288.979 285.985 280.525 256.133 268.965 263.359 197.08 177.838 175.842 136.833 139.145 129.321 102.695 97.254 94.073 103.855 100.692 102.155 95.02 81.81 73.057 71.691 79.644 90.992 109.341 108.074 104.085 92.664 86.878 85.594 89.411 83.553 81.621 77.274 73.051 71.485 71.189 70.352 71.851 72.799 72.003 73.47 76.738 79.297 82.921 81.865 76.954
-9999 -9999 -9999 -9999 -9999 -9999 -9999 -9999 -9999 153.621 156.528 163.493 167.021 171.725 180.477 187.614 178.125 169.852 171.037 171.356 184.38 184.921 187.243 192.277 197.539 215.273 232.7 249.24 254.985 250.24 252.999 265.468 230.88 215.239 188.201 148.217 170.264 166.302 120.096 104.737 103.813 114.967 110.981 113.009 109.699 101.17 83.258 80.991 84.447 103.062 112.028 107.833 102.924 101.055 97.088 92.474 85.974 85.222 84.359 78.138 75.246 72.432 71.392 74.602 74.92 75.499 74.075 70.379 73.977 79.809 86.276 85.526 84.66 83.342
-9999 -9999 -9999 -9999 -9999 -9999 -9999 128.994 138.674 149.608 154.542 -9999 165.049 167.305 172.802 164.612 159.246 155.987 -9999 161.413 164.93 173.972 193.068 191.102 212.277 219.569 234.318 243.698 234.223 219.28 240.087 219.357 200.647 200.389 186.041 180.071 181.765 167.777 126.684 118.434 107.915 111.662 119.244 117.025 114.435 97.613 84.887 84.931 95.282 100.675 105.743 101.759 101.744 93.185 90.598 89.968 84.598 79.016 76.937 74.871 78.803 75.268 73.744 71.938 72.365 71.395 73.814 75.964 77.719 85.82 88.909 90.873 85.891 84.869
-9999 -9999 -9999 -9999 -9999 -9999 -9999 129.38 -9999 -9999 -9999 156.498 158.447 161.562 -9999 -9999 -9999 -9999 -9999 153.343 156.86 173.552 171.897 184.884 196.93 205.841 218.902 223.812 223.951 282.635 285.23 239.593 211.054 200.229 199.439 189.294 181.351 145.79 135.653 119.628 113.318 121.995 118.035 117.354 98.616 86.531 85.599 91.521 100.829 99.433 105.853 100.435 93.665 90.117 84.895 81.705 79.752 76.47 75.507 73.861 74.799 76.395 73.205 73.949 71.584 73.218 76.388 74.623 81.877 89.672 94.097 93.536 87.599 82.347
-9999 -9999 -9999 -9999 -9999 -9999 -9999 -9999 -9999 140.939 149.111 151.983 150.724 152.012 -9999 -9999 -9999 -9999 -9999 -9999 -9999 -9999 162.934 182.693 182.668 181.607 193.119 213.261 269.623 315.464 315.645 281.347 239.397 214.573 199.797 179.095 179.291 171.033 138.72 125.096 136.968 130.911 124.849 98.169 90.4 89.134 92.815 106.083 104.53 103.738 101.261 94.95 89.831 83.56 80.745 77.65 75.06 76.646 77.64 75.923 71.257 70.961 71.581 74.372 76.626 75.959 83.266 87.536 88.799 95.674 94.45 91.928 87.648 81.098
-9999 -9999 -9999 -9999 -9999 -9999 -9999 -9999 -9999 -9999 146.757 -9999 -9999 -9999 -9999 -9999 -9999 -9999 -9999 -9999 154.698 156.761 169.697 170.002 162.841 163.405 172.525 204.903 256.201 294.296 301.507 270.31 227.63 207.499 196.129 179.909 179.447 150.447 123.544 117.196 128.884 127.618 112.302 -9999 93.092 95.744 99.419 114.074 107.6 102.649 96.316 89.782 86.316 81.352 80.706 77.841 74.426 68.355 68.757 71.197 71.1 71.434 71.506 72.978 80.411 90.568 90.499 96.892 91.347 92.784 92.51 88.926 81.113 79.995
-9999 -9999 -9999 -9999 -9999 -9999 -9999 -9999 -9999 -9999 -9999 -9999 -9999 -9999 -9999 -9999 -9999 -9999 -9999 -9999 148.623 153.446 153.374 148.131 -9999 -9999 -9999 182.193 227.773 244.672 246.827 224.845 208.146 205.81 188.651 169.769 154.842 137.278 116.321 114.865 112.812 102.197 -9999 91.929 93.42 96.61 106.554 109.072 102.654 100.741 95.624 89.225 86.435 85.338 81.773 79.639 74.634 73.72 77.658 80.02 77.765 74.445 73.916 75.409 81.553 89.801 96.238 94.914 91.395 87.58 88.586 84.095 79.091 75.348
-9999 -9999 -9999 -9999 -9999 -9999 -9999 -9999 -9999 -9999 -9999 -9999 -9999 -9999 -9999 -9999 -9999 -9999 -9999 -9999 -9999 -9999 -9999 -9999 -9999 -9999 -9999 145.461 175.72 196.103 190.503 185.012 183.273 177.794 167.543 154.444 140.408 125.506 112.874 111.328 -9999 -9999 93.187 90.786 96.331 97.973 106.59 108.533 103.161 103.831 93.745 84.586 87.643 85.064 84.688 88.486 88.932 85.431 87.522 95.183 90.76 85.327 84.479 83.049 85.902 90.201 91.133 89.376 87.012 82.306 82.63 80.915 79.054 76.161
-9999 -9999 -9999 -9999 -9999 -9999 -9999 -9999 -9999 -9999 -9999 -9999 -9999 -9999 -9999 -9999 -9999 -9999 -9999 -9999 -9999 -9999 -9999 -9999 -9999 -9999 -9999 134.254 148.171 154.071 157.733 164.995 158.287 153.752 150.815 140.359 126.757 -9999 -9999 -9999 -9999 -9999 91.709 97.12 99.801 101.885 105.576 107.82 104.154 98.549 89.329 82.989 84.188 92.809 91.452 98.018 100.39 97.882 95.29 96.338 94.868 88.375 87.604 84.91 84.487 88.655 84.31 81.882 78.348 77.382 75.596 74.116 73.429 74.685
-9999 -9999 -9999 -9999 -9999 -9999 -9999 -9999 -9999 -9999 -9999 -9999 -9999 -9999 -9999 -9999 -9999 -9999 -9999 -9999 -9999 -9999 -9999 -9999 -9999 -9999 -9999 -9999 -9999 138.585 151.618 149.659 143.376 141.101 137.501 125.968 -9999 -9999 -9999 -9999 104.447 106.526 107.139 104.928 106.8 100.628 109.062 108.918 105.295 95.906 88.785 89.247 94.102 100.177 102.363 100.984 103.447 100.042 95.597 91.862 91.697 89.606 84.574 83.86 80.139 80.055 80.492 78.224 78.421 78.18 79.026 75.27 72.57 73.41
-9999 -9999 -9999 -9999 -9999 -9999 -9999 -9999 -9999 -9999 -9999 -9999 -9999 -9999 -9999 -9999 -9999 -9999 -9999 -9999 -9999 -9999 -9999 -9999 -9999 -9999 -9999 -9999 -9999 -9999 128.356 126.525 134.556 124.601 120.961 -9999 -9999 -9999 -9999 108.92 106.766 110.553 112.785 109.961 103.314 99.43 102.506 101.879 104.286 96.435 92.237 97.993 100.443 103.762 107.648 103.235 100.922 100.096 99.322 93.456 90.368 87.528 87.682 84.0 81.563 79.02 78.383 79.978 81.762 83.664 83.102 79.475 74.598 73.343
-9999 -9999 -9999 -9999 -9999 -9999 -9999 -9999 -9999 -9999 -9999 -9999 -9999 -9999 -9999 -9999 -9999 -9999 -9999 -9999 -9999 -9999 -9999 -9999 -9999 -9999 -9999 -9999 -9999 -9999 -9999 -9999 -9999 -9999 -9999 -9999 -9999 -9999 112.33 109.477 106.796 109.756 113.08 113.009 105.261 104.71 100.76 102.84 98.887 89.613 88.985 91.327 95.208 97.506 99.448 103.872 104.933 103.295 108.359 106.95 100.183 95.785 93.556 93.271 86.018 81.876 81.167 81.246 83.252 84.972 81.96 79.03 76.622 75.454
-9999 -9999 -9999 -9999 -9999 -9999 -9999 -9999 -9999 -9999 -9999 -9999 -9999 -9999 -9999 -9999 -9999 -9999 -9999 -9999 -9999 -9999 -9999 -9999 -9999 -9999 -9999 -9999 -9999 -9999 -9999 -9999 -9999 -9999 -9999 -9999 -9999 104.453 107.942 111.76 114.381 138.217 132.133 116.796 113.792 107.882 106.164 103.438 91.972 85.899 84.071 85.061 91.442 94.272 101.013 105.798 113.296 112.553 109.497 118.276 111.488 103.826 99.625 94.503 90.028 82.987 83.338 84.867 84.465 84.796 82.588 79.233 78.886 79.544
-9999 -9999 -9999 -9999 -9999 -9999 -9999 -9999 -9999 -9999 -9999 -9999 -9999 -9999 -9999 -9999 -9999 -9999 -9999 -9999 -9999 -9999 -9999 -9999 -9999 -9999 -9999 -9999 -9999 -9999 -9999 -9999 -9999 -9999 -9999 -9999 -9999 102.175 99.335 102.147 120.501 132.32 141.172 140.879 130.078 123.194 120.039 104.861 95.955 92.85 98.58 97.404 99.318 98.159 96.152 100.115 105.272 113.811 113.03 112.705 113.501 104.847 102.516 99.07 92.922 90.032 88.542 89.48 89.728 81.033 82.4 83.069 85.321 91.841
-9999 -9999 -9999 -9999 -9999 -9999 -9999 -9999 -9999 -9999 -9999 -9999 -9999 -9999 -9999 -9999 -9999 -9999 -9999 -9999 -9999 -9999 -9999 -9999 183.506 202.757 224.87 207.529 -9999 171.413 -9999 -9999 -9999 -9999 -9999 -9999 -9999 -9999 92.444 97.236 106.808 117.592 127.19 134.831 135.386 132.791 116.196 108.243 101.195 107.671 107.64 98.868 99.601 98.349 93.762 97.806 100.41 104.203 105.698 109.045 105.626 107.277 106.838 110.408 109.471 101.808 98.686 98.634 94.587 93.941 87.64 90.416 91.647 94.248
-9999 -9999 -9999 -9999 -9999 -9999 -9999 -9999 -9999 -9999 -9999 -9999 -9999 -9999 -9999 -9999 -9999 -9999 -9999 -9999 -9999 160.93 167.794 167.817 185.954 225.201 232.848 221.696 215.309 177.975 142.999 120.079 -9999 -9999 107.518 102.382 96.997 93.073 93.366 91.211 97.192 102.656 111.848 116.523 127.4 122.117 116.45 111.817 121.591 116.615 106.471 107.453 100.473 97.356 94.855 95.554 101.458 103.35 104.861 101.024 104.402 106.366 111.849 110.958 116.51 116.843 106.057 100.875 98.001 95.076 97.196 96.124 108.054 107.548
-9999 -9999 -9999 -9999 -9999 -9999 -9999 -9999 -9999 -9999 -9999 -9999 -9999 -9999 -9999 -9999 -9999 -9999 -9999 -9999 162.936 161.093 151.915 160.397 189.635 226.412 245.547 246.875 222.07 191.633 161.729 132.025 114.306 117.377 111.133 112.123 98.049 93.717 86.819 87.986 90.803 96.456 100.0 113.352 115.455 114.057 112.896 130.093 123.191 122.293 118.648 112.147 104.838 99.898 97.768 96.219 100.704 105.062 103.026 103.842 102.188 105.722 108.736 113.079 117.487 117.952 113.843 108.721 110.602 105.123 105.464 103.769 102.999 112.508
-9999 -9999 -9999 -9999 -9999 -9999 -9999 -9999 -9999 -9999 -9999 -9999 -9999 -9999 -9999 -9999 -9999 -9999 -9999 -9999 163.203 138.224 135.577 143.048 166.75 202.08 213.851 222.282 209.092 187.596 159.111 149.533 145.602 130.002 121.611 104.755 100.39 94.209 84.122 83.113 84.951 89.486 92.546 99.199 101.765 107.541 121.381 121.675 120.278 127.88 124.645 110.643 109.911 107.711 102.772 101.662 104.28 105.781 104.163 103.422 106.657 100.47 105.52 114.578 122.281 124.096 116.605 116.342 118.061 115.871 108.289 105.244 104.355 102.719
-9999 -9999 -9999 -9999 -9999 -9999 -9999 -9999 -9999 -9999 -9999 -9999 -9999 -9999 -9999 -9999 -9999 -9999 -9999 -9999 148.275 130.704 132.053 133.095 155.024 167.372 175.601 180.722 179.524 170.549 160.014 151.843 149.825 134.491 110.294 101.538 96.452 90.841 84.486 85.005 95.827 86.607 88.711 90.285 98.73 109.269 111.667 112.889 112.781 119.674 113.724 117.108 117.937 111.988 105.598 104.111 106.857 111.847 113.836 109.519 109.16 117.097 113.673 122.091 126.835 134.845 124.366 117.614 120.841 114.687 108.424 106.723 102.006 104.804
-9999 -9999 -9999 -9999 -9999 -9999 -9999 -9999 -9999 -9999 -9999 -9999 -9999 -9999 -9999 -9999 152.113 166.338 -9999 153.965 135.695 141.766 138.654 132.785 134.168 139.718 148.28 158.33 163.363 163.14 149.027 143.383 133.579 116.257 108.513 100.158 98.552 96.177 90.862 90.09 86.486 89.057 89.182 90.957 101.861 101.821 106.244 107.394 116.431 118.437 116.851 129.726 128.124 117.742 110.487 109.294 111.737 113.804 113.432 114.011 110.01 116.02 123.943 123.089 127.214 127.088 127.88 117.352 119.338 120.172 115.98 112.738 109.003 104.424
-9999 -9999 -9999 -9999 -9999 -9999 -9999 -9999 -9999 -9999 -9999 -9999 -9999 -9999 -9999 -9999 162.832 172.382 166.56 151.62 147.946 146.103 134.151 129.546 138.949 136.995 140.205 146.424 154.802 155.154 143.964 132.253 124.539 117.006 119.32 128.183 116.932 105.886 94.576 89.91 95.332 97.349 97.698 100.947 105.317 99.578 108.084 110.25 112.833 113.522 124.864 124.594 123.617 117.253 114.518 117.978 119.054 114.407 111.737 110.887 112.374 113.445 117.339 119.527 124.247 128.93 128.452 134.174 128.531 125.375 122.787 119.819 113.863 111.326
-9999 -9999 -9999 -9999 -9999 -9999 -9999 -9999 -9999 -9999 -9999 -9999 -9999 -9999 -9999 150.074 161.179 168.148 169.709 164.372 151.558 143.858 137.961 138.372 135.194 128.631 131.92 136.283 135.841 142.771 134.063 121.066 114.753 118.987 139.589 133.818 123.942 121.646 109.175 102.503 104.165 103.489 105.871 107.812 106.047 111.997 116.02 112.765 114.239 125.048 119.918 117.873 116.189 119.442 118.534 117.837 123.94 120.593 112.385 110.531 113.298 113.832 114.572 114.112 118.472 124.051 125.144 131.427 138.765 130.518 136.581 123.805 128.289 128.973
-9999 -9999 -9999 -9999 -9999 -9999 -9999 -9999 -9999 -9999 -9999 -9999 -9999 -9999 -9999 -9999 142.412 160.012 157.337 150.363 145.534 143.152 133.748 127.171 129.373 124.128 124.242 123.958 125.185 118.705 115.547 115.09 106.697 124.437 137.104 137.557 142.195 135.972 121.321 119.161 112.638 114.365 115.169 114.245 114.716 119.423 122.228 121.608 124.814 119.36 118.817 113.387 114.126 118.004 119.996 119.051 119.059 119.484 115.739 114.635 -9999 112.594 112.229 115.283 112.4 111.54 113.794 113.584 118.437 118.239 117.009 118.701 113.67 124.122
-9999 -9999 -9999 -9999 -9999 -9999 -9999 -9999 -9999 -9999 -9999 -9999 -9999 -9999 -9999 136.89 137.399 142.581 144.625 148.56 151.204 145.586 133.127 127.29 120.468 118.141 119.484 112.801 105.979 109.181 110.295 102.528 109.72 120.167 127.861 136.511 143.551 129.642 125.307 136.464 133.619 133.089 138.682 133.363 136.168 142.583 137.06 130.217 127.095 120.226 114.511 118.573 116.241 117.256 118.127 119.942 123.005 120.359 120.435 115.484 110.74 -9999 104.546 -9999 102.344 -9999 101.905 -9999 104.295 104.688 104.796 102.674 104.753 108.649
-9999 -9999 -9999 -9999 -9999 -9999 -9999 -9999 -9999 -9999 -9999 -9999 -9999 -9999 -9999 136.909 137.309 141.8 146.053 151.048 153.591 152.193 144.111 141.447 133.885 128.071 116.034 104.086 100.104 103.595 101.294 102.698 107.571 117.725 127.399 139.085 133.294 122.157 137.167 136.843 125.056 130.453 130.666 145.312 152.644 145.492 135.122 133.883 130.556 122.898 123.077 120.821 118.898 116.662 115.638 117.354 117.592 114.827 112.572 110.939 108.665 -9999 -9999 98.727 96.914 -9999 -9999 97.467 96.569 96.85 -9999 -9999 -9999 -9999
-9999 -9999 -9999 -9999 -9999 -9999 -9999 -9999 -9999 -9999 -9999 -9999 -9999 -9999 153.911 148.947 154.604 149.084 142.367 140.964 151.247 159.376 167.285 175.589 175.598 147.654 121.482 106.95 106.289 105.704 100.598 97.265 105.851 115.77 128.753 119.95 128.669 124.266 126.737 110.619 111.229 117.676 131.659 141.564 142.015 137.731 134.543 132.942 129.954 124.812 117.325 117.693 118.088 116.709 111.482 107.756 111.834 111.57 -9999 -9999 -9999 113.408 -9999 -9999 -9999 -9999 -9999 -9999 98.411 -9999 -9999 -9999 -9999 -9999
