Validation/Results/ReClimate_06_2024_1_Precipitation-Actualsweatherlogisticsltd.asc
NCOLS 192
NROWS 249
XLLCENTER -225160.85627316462
YLLCENTER 29788.11610251502
CELLSIZE 5000.0
NODATA_VALUE -9999
[rows 198 to 230 of 249, columns 74 to 147 of 192]
-9999 -9999 -9999 -9999 -9999 -9999 -9999 -9999 -9999 -9999 -9999 -9999 -9999 -9999 -9999 -9999 -9999 -9999 145.104 147.406 142.934 134.248 130.424 140.252 144.309 174.291 175.676 186.919 182.188 156.261 128.637 102.685 105.466 109.141 113.744 117.286 100.893 86.295 80.787 81.15 81.895 86.806 83.341 86.251 86.863 83.062 77.945 74.871 73.959 78.739 75.828 77.488 81.314 80.627 73.45 76.698 74.656 73.402 71.482 71.347 72.031 71.962 70.495 68.395 66.36 63.224 62.158 61.25 60.228 59.343 64.937 59.489 56.253 56.742
-9999 -9999 -9999 -9999 -9999 -9999 -9999 -9999 -9999 -9999 -9999 -9999 -9999 -9999 -9999 90.517 114.841 128.245 129.974 143.897 141.598 140.126 138.793 139.452 163.752 175.208 183.926 172.505 175.018 146.28 129.997 128.408 111.096 99.074 122.848 101.524 82.988 67.434 73.77 76.472 84.704 78.004 78.489 78.892 84.202 84.052 78.493 78.718 76.134 76.242 71.804 72.601 76.551 74.499 71.221 68.863 74.552 75.388 76.514 70.417 67.44 66.49 64.756 65.449 64.442 61.521 58.283 58.661 58.546 57.508 56.363 57.902 53.447 53.042
-9999 -9999 -9999 -9999 -9999 -9999 -9999 -9999 -9999 -9999 -9999 -9999 -9999 113.878 105.177 107.842 113.707 120.462 138.481 141.861 152.73 145.841 152.684 177.486 164.383 170.106 173.572 159.527 162.288 155.594 159.677 134.355 114.796 112.752 97.647 86.693 69.818 88.349 83.096 71.071 71.999 70.119 71.963 78.015 87.644 84.248 83.444 77.956 72.671 71.301 69.796 72.102 73.49 71.09 73.581 70.569 66.484 68.153 68.561 69.598 64.369 64.884 65.242 64.507 62.904 60.661 57.808 53.545 52.119 54.497 55.786 48.953 51.924 55.397
-9999 -9999 -9999 -9999 -9999 -9999 -9999 -9999 -9999 117.696 124.973 120.712 116.45 134.88 125.355 132.474 126.346 132.214 141.756 146.586 170.244 187.734 212.799 182.151 158.787 167.011 157.258 157.84 160.363 168.87 151.599 130.371 113.194 115.566 99.086 82.819 101.58 97.792 78.719 79.029 72.655 71.936 71.382 83.148 87.279 79.273 80.742 69.373 69.178 70.84 74.332 74.298 69.07 73.659 71.445 70.348 64.789 62.653 64.084 62.8 61.78 63.116 61.105 63.611 63.875 61.021 59.657 55.017 52.334 54.059 56.107 54.619 51.159 53.035
-9999 -9999 -9999 -9999 -9999 -9999 -9999 -9999 107.701 119.97 123.268 130.866 160.62 172.495 172.119 155.232 138.368 151.924 154.617 169.918 178.08 199.448 198.403 175.872 165.856 147.751 142.959 143.938 148.882 149.554 137.207 125.131 119.468 108.992 108.287 120.989 133.969 102.725 82.727 74.909 76.426 75.433 81.048 78.219 73.779 73.2 70.587 70.495 71.427 73.098 76.898 74.273 76.899 76.354 77.087 68.97 68.362 70.63 65.697 60.899 59.232 61.404 61.48 59.528 59.783 58.345 65.507 61.761 55.729 56.242 57.971 52.505 50.721 51.296
-9999 -9999 -9999 -9999 -9999 -9999 -9999 100.4 111.457 120.551 125.834 142.363 165.906 168.11 160.837 150.474 156.267 154.546 167.873 165.759 177.575 198.568 188.732 162.577 144.119 131.602 144.291 151.553 147.466 135.69 126.623 116.6 99.506 102.992 107.044 141.363 128.831 109.975 82.043 83.171 85.433 83.509 75.248 72.623 70.808 69.775 74.197 71.194 72.483 75.706 80.201 73.14 76.723 81.592 75.333 68.635 65.534 70.584 70.305 64.026 60.179 60.119 58.017 58.648 58.716 57.313 60.145 64.081 58.033 55.924 54.547 51.568 49.247 52.11
-9999 -9999 -9999 -9999 -9999 93.409 -9999 98.1 103.358 111.225 122.774 129.745 137.151 139.023 141.355 147.07 150.365 163.309 160.865 166.432 164.799 168.198 148.362 142.929 145.597 166.494 178.346 199.144 210.63 163.588 151.705 140.042 148.934 128.577 108.31 118.092 147.044 106.985 92.203 94.255 95.161 82.917 74.089 74.905 76.152 77.249 72.898 68.186 70.911 79.5 76.036 78.987 81.896 77.171 71.985 68.163 63.689 63.814 66.863 64.158 60.328 57.192 56.311 60.545 60.537 58.34 58.932 57.609 56.679 53.337 50.778 49.483 49.503 50.804
-9999 -9999 -9999 -9999 -9999 -9999 -9999 -9999 -9999 118.075 115.358 118.351 125.437 127.19 125.824 134.134 139.997 138.237 147.515 148.275 147.444 154.655 151.474 161.663 165.561 187.595 206.609 232.94 224.499 216.681 195.408 210.407 201.498 138.425 123.865 122.142 94.923 100.682 99.299 89.948 88.272 78.846 84.893 85.356 84.348 73.857 67.811 66.518 74.237 76.886 80.042 87.744 83.47 79.571 69.709 67.658 66.253 67.399 63.584 59.2 57.239 56.918 55.284 56.634 59.177 54.487 54.801 53.721 53.274 53.823 54.087 53.571 51.718 48.673
-9999 -9999 -9999 -9999 -9999 -9999 -9999 -9999 -9999 112.933 109.885 113.496 120.404 128.504 138.697 139.376 130.214 130.431 136.341 135.563 151.317 158.606 157.606 159.745 161.171 174.497 186.651 203.995 205.395 199.881 197.621 205.536 172.92 158.839 130.04 102.623 114.545 122.392 95.463 93.816 75.423 90.418 86.322 90.077 86.212 86.231 67.645 71.199 78.432 88.681 87.77 82.31 77.234 75.366 67.443 69.022 66.784 62.781 61.444 57.713 56.247 58.34 57.228 65.512 60.003 52.412 52.494 51.434 51.218 52.923 57.016 54.461 51.926 49.925
-9999 -9999 -9999 -9999 -9999 -9999 -9999 95.575 103.725 111.875 115.111 -9999 120.956 128.704 129.878 120.555 118.169 119.503 -9999 129.965 137.376 149.43 168.177 158.528 179.836 185.249 198.26 210.735 193.138 171.496 173.692 154.827 146.332 141.971 133.906 122.094 128.897 114.082 94.638 85.606 85.657 84.491 90.655 87.157 87.691 70.378 69.862 72.723 80.674 82.959 80.541 74.782 72.857 71.253 71.782 66.685 66.818 60.447 57.622 55.125 58.631 58.045 55.472 54.639 58.272 49.526 49.633 49.51 50.045 52.965 56.113 56.269 51.936 50.412
-9999 -9999 -9999 -9999 -9999 -9999 -9999 96.058 -9999 -9999 -9999 115.009 116.805 115.337 -9999 -9999 -9999 -9999 -9999 124.621 132.565 152.592 145.483 155.145 168.365 172.48 189.577 193.485 186.238 221.13 208.191 164.826 141.739 141.003 144.627 139.351 128.88 100.106 94.105 87.956 82.912 86.51 81.706 80.692 76.659 72.892 66.259 75.29 84.134 79.607 78.19 72.991 67.378 66.273 69.105 64.978 61.452 57.999 57.071 55.51 54.391 55.808 52.202 50.741 49.74 48.737 49.119 57.363 53.882 51.324 54.8 56.769 51.986 48.205
-9999 -9999 -9999 -9999 -9999 -9999 -9999 -9999 -9999 107.224 112.378 111.538 106.388 108.134 -9999 -9999 -9999 -9999 -9999 -9999 -9999 -9999 133.411 144.611 147.682 148.326 169.704 191.828 235.933 249.592 232.68 197.138 166.661 151.279 142.963 121.264 129.632 118.656 93.291 91.63 103.615 96.071 87.817 73.036 75.017 72.923 76.05 86.908 82.901 78.836 75.597 72.1 67.789 63.081 65.684 63.167 57.863 56.12 54.515 53.244 50.133 49.649 49.302 49.853 50.235 48.386 51.498 48.345 54.97 52.422 52.911 52.776 50.699 45.757
-9999 -9999 -9999 -9999 -9999 -9999 -9999 -9999 -9999 -9999 111.917 -9999 -9999 -9999 -9999 -9999 -9999 -9999 -9999 -9999 124.039 128.794 136.43 136.401 129.757 135.544 156.148 197.052 232.57 255.196 244.723 197.201 159.075 153.301 138.84 130.482 129.975 105.939 90.996 93.102 95.728 93.623 82.274 -9999 75.832 78.541 83.637 90.259 84.56 81.942 76.522 70.943 66.519 62.767 62.677 61.236 54.649 51.524 51.259 48.431 44.669 46.137 47.801 47.287 48.719 54.484 52.718 54.622 47.849 49.816 49.993 49.371 49.961 46.746
-9999 -9999 -9999 -9999 -9999 -9999 -9999 -9999 -9999 -9999 -9999 -9999 -9999 -9999 -9999 -9999 -9999 -9999 -9999 -9999 121.862 127.452 124.324 121.758 -9999 -9999 -9999 163.649 208.315 215.565 199.437 173.81 165.481 159.762 147.632 126.044 112.18 99.626 87.98 86.255 94.017 100.689 -9999 77.538 80.403 78.973 84.981 85.643 80.357 75.51 75.074 80.845 67.512 60.581 58.655 59.031 56.338 52.998 54.789 53.506 48.785 44.514 45.987 46.613 49.128 48.784 53.181 50.913 49.824 48.466 49.81 46.388 43.663 45.459
-9999 -9999 -9999 -9999 -9999 -9999 -9999 -9999 -9999 -9999 -9999 -9999 -9999 -9999 -9999 -9999 -9999 -9999 -9999 -9999 -9999 -9999 -9999 -9999 -9999 -9999 -9999 122.979 154.818 172.705 158.328 157.128 152.077 145.831 132.34 117.296 103.947 93.839 86.97 87.304 -9999 -9999 79.074 78.684 81.923 84.178 83.155 81.786 75.419 74.812 76.548 70.736 66.215 62.05 58.309 61.767 62.006 58.703 58.103 60.916 53.901 48.786 48.706 47.846 47.814 51.042 50.367 50.292 46.972 45.799 44.981 44.403 42.298 42.494
-9999 -9999 -9999 -9999 -9999 -9999 -9999 -9999 -9999 -9999 -9999 -9999 -9999 -9999 -9999 -9999 -9999 -9999 -9999 -9999 -9999 -9999 -9999 -9999 -9999 -9999 -9999 114.059 130.043 131.939 135.312 143.91 133.428 126.864 121.835 108.868 101.343 -9999 -9999 -9999 -9999 -9999 77.198 81.877 84.923 82.824 83.487 81.604 76.494 73.393 68.871 62.348 63.109 66.718 63.085 65.068 64.97 62.09 59.37 60.101 57.195 50.116 49.419 47.002 46.268 49.229 47.732 47.075 44.532 42.48 39.617 39.062 41.343 42.272
-9999 -9999 -9999 -9999 -9999 -9999 -9999 -9999 -9999 -9999 -9999 -9999 -9999 -9999 -9999 -9999 -9999 -9999 -9999 -9999 -9999 -9999 -9999 -9999 -9999 -9999 -9999 -9999 -9999 121.195 134.128 130.795 124.283 120.278 114.27 108.505 -9999 -9999 -9999 -9999 88.42 91.535 89.425 80.677 81.38 83.072 87.38 81.929 75.778 73.852 69.146 66.789 67.309 62.5 64.727 66.185 66.509 63.435 59.559 57.379 55.515 51.036 47.861 47.898 44.963 46.654 47.527 44.8 43.721 42.722 42.048 39.614 39.121 40.156
-9999 -9999 -9999 -9999 -9999 -9999 -9999 -9999 -9999 -9999 -9999 -9999 -9999 -9999 -9999 -9999 -9999 -9999 -9999 -9999 -9999 -9999 -9999 -9999 -9999 -9999 -9999 -9999 -9999 -9999 112.144 112.184 121.208 112.925 108.72 -9999 -9999 -9999 -9999 88.824 93.358 94.601 91.34 84.346 81.24 81.407 84.363 78.693 79.733 75.281 69.962 73.621 72.446 68.741 65.387 68.607 63.701 57.801 55.452 52.763 52.133 48.116 48.418 47.352 46.85 45.764 46.222 46.499 47.474 43.218 43.908 42.351 40.589 39.418
-9999 -9999 -9999 -9999 -9999 -9999 -9999 -9999 -9999 -9999 -9999 -9999 -9999 -9999 -9999 -9999 -9999 -9999 -9999 -9999 -9999 -9999 -9999 -9999 -9999 -9999 -9999 -9999 -9999 -9999 -9999 -9999 -9999 -9999 -9999 -9999 -9999 -9999 93.538 92.785 93.202 92.114 89.114 85.81 80.706 83.215 79.012 78.722 75.363 68.236 71.747 71.949 70.23 67.045 65.955 66.961 64.327 61.646 58.918 53.656 51.681 50.052 48.425 50.445 48.084 50.623 49.437 45.947 46.302 46.693 42.497 43.113 41.668 40.918
-9999 -9999 -9999 -9999 -9999 -9999 -9999 -9999 -9999 -9999 -9999 -9999 -9999 -9999 -9999 -9999 -9999 -9999 -9999 -9999 -9999 -9999 -9999 -9999 -9999 -9999 -9999 -9999 -9999 -9999 -9999 -9999 -9999 -9999 -9999 -9999 -9999 86.595 89.106 99.563 103.301 113.561 98.898 81.986 83.367 84.048 80.963 75.752 66.36 66.139 65.114 64.618 65.52 63.977 66.479 67.622 67.834 62.75 59.875 60.901 56.023 50.382 47.782 47.715 47.227 46.203 49.106 46.945 45.361 45.301 43.928 41.677 41.965 42.38
-9999 -9999 -9999 -9999 -9999 -9999 -9999 -9999 -9999 -9999 -9999 -9999 -9999 -9999 -9999 -9999 -9999 -9999 -9999 -9999 -9999 -9999 -9999 -9999 -9999 -9999 -9999 -9999 -9999 -9999 -9999 -9999 -9999 -9999 -9999 -9999 -9999 82.301 87.914 93.92 107.457 111.888 109.606 100.912 92.328 86.391 82.422 72.98 67.948 64.727 66.952 71.717 70.55 68.862 64.736 61.114 61.047 62.967 60.98 58.961 59.675 52.855 49.25 49.23 47.046 46.498 47.138 45.961 47.207 49.501 44.579 41.463 42.633 45.13
-9999 -9999 -9999 -9999 -9999 -9999 -9999 -9999 -9999 -9999 -9999 -9999 -9999 -9999 -9999 -9999 -9999 -9999 -9999 -9999 -9999 -9999 -9999 -9999 141.14 158.111 172.085 143.812 -9999 115.826 -9999 -9999 -9999 -9999 -9999 -9999 -9999 -9999 83.885 87.363 92.811 99.55 105.718 107.23 102.525 93.156 81.5 75.196 70.159 70.2 70.867 61.111 64.111 62.303 60.857 55.919 55.389 56.43 56.232 57.704 54.768 55.39 53.194 54.786 53.545 48.553 48.575 49.543 46.181 45.673 46.969 43.544 44.984 46.658
-9999 -9999 -9999 -9999 -9999 -9999 -9999 -9999 -9999 -9999 -9999 -9999 -9999 -9999 -9999 -9999 -9999 -9999 -9999 -9999 -9999 149.825 151.198 134.623 141.383 173.292 171.884 148.888 139.397 113.45 90.407 78.023 -9999 -9999 88.977 82.106 81.719 88.971 82.291 82.301 89.485 89.943 95.61 101.475 103.656 95.79 89.678 77.786 82.088 76.638 62.461 61.432 59.329 57.293 55.72 53.878 54.04 54.517 54.595 51.727 59.93 58.431 56.23 52.94 55.087 54.346 48.287 46.6 45.943 42.634 43.593 44.816 50.784 51.765
-9999 -9999 -9999 -9999 -9999 -9999 -9999 -9999 -9999 -9999 -9999 -9999 -9999 -9999 -9999 -9999 -9999 -9999 -9999 -9999 144.865 148.926 131.903 131.264 155.183 180.209 182.351 174.536 153.122 126.259 109.271 88.603 75.129 83.171 90.417 108.288 80.239 78.212 75.696 81.316 81.825 83.755 88.357 97.44 94.985 92.905 86.203 90.156 80.503 75.412 68.604 61.447 60.797 56.923 55.391 53.09 52.394 53.444 51.531 51.902 51.309 57.144 54.721 54.995 54.801 53.918 50.188 46.168 47.807 45.579 37.665 42.642 45.185 50.378
-9999 -9999 -9999 -9999 -9999 -9999 -9999 -9999 -9999 -9999 -9999 -9999 -9999 -9999 -9999 -9999 -9999 -9999 -9999 -9999 144.097 118.451 113.476 119.619 143.246 163.804 173.521 175.107 149.008 127.536 108.492 102.283 100.299 92.2 105.295 79.073 80.796 74.904 72.105 73.401 73.344 79.122 80.46 82.555 81.254 83.891 86.387 82.498 79.823 75.573 67.377 60.621 59.843 56.978 56.102 54.422 53.531 52.618 50.854 50.048 50.442 51.166 52.39 54.125 55.974 54.121 49.517 48.717 49.442 49.232 44.943 40.309 44.187 42.003
-9999 -9999 -9999 -9999 -9999 -9999 -9999 -9999 -9999 -9999 -9999 -9999 -9999 -9999 -9999 -9999 -9999 -9999 -9999 -9999 121.461 103.215 104.152 107.966 121.609 130.387 138.901 133.931 126.351 126.826 141.345 110.702 105.992 96.077 76.954 74.833 71.343 69.548 69.22 69.469 78.711 74.81 73.846 73.211 75.589 81.058 78.466 75.433 70.128 68.907 63.662 58.685 62.845 55.919 50.297 51.671 51.221 52.123 53.622 51.262 50.33 52.961 54.117 54.94 56.277 59.228 55.155 49.585 47.602 45.846 44.528 43.36 44.091 43.838
-9999 -9999 -9999 -9999 -9999 -9999 -9999 -9999 -9999 -9999 -9999 -9999 -9999 -9999 -9999 -9999 123.007 131.759 -9999 120.164 100.064 103.671 107.887 102.962 102.655 108.003 112.744 119.692 117.242 129.493 108.112 101.998 95.039 80.908 75.981 71.221 71.913 69.322 65.36 66.874 68.855 70.09 72.969 71.424 74.941 70.788 69.415 69.295 71.347 69.651 65.271 72.026 70.468 60.648 51.994 45.547 47.907 50.653 51.035 53.397 51.542 52.402 56.072 53.98 54.502 53.638 55.439 50.693 46.525 45.88 44.671 44.647 44.005 42.834
-9999 -9999 -9999 -9999 -9999 -9999 -9999 -9999 -9999 -9999 -9999 -9999 -9999 -9999 -9999 -9999 130.335 134.804 130.879 117.112 111.417 110.862 104.256 104.827 110.894 103.565 112.335 111.432 108.432 112.049 99.576 95.552 89.019 84.595 87.711 94.159 79.88 70.059 68.306 64.627 68.746 72.301 72.026 71.023 68.88 66.286 66.614 65.834 64.404 65.309 65.722 70.597 66.818 59.777 55.877 52.483 48.348 47.571 44.807 48.416 50.281 49.389 50.711 52.621 52.999 54.792 54.475 57.002 51.12 46.113 45.625 44.324 43.57 43.022
-9999 -9999 -9999 -9999 -9999 -9999 -9999 -9999 -9999 -9999 -9999 -9999 -9999 -9999 -9999 124.746 138.64 145.511 139.731 130.64 117.204 111.096 108.533 111.344 102.887 100.849 107.295 103.722 103.915 100.233 94.373 87.692 86.361 87.003 100.044 94.657 88.706 78.748 70.02 66.223 68.481 67.313 68.171 66.743 66.53 63.493 60.252 60.599 60.815 63.33 59.875 62.722 58.463 58.066 51.566 51.262 53.854 50.429 46.141 42.608 47.519 47.623 48.546 47.415 49.758 52.302 54.43 56.391 57.529 51.956 53.435 44.361 47.282 48.887
-9999 -9999 -9999 -9999 -9999 -9999 -9999 -9999 -9999 -9999 -9999 -9999 -9999 -9999 -9999 -9999 126.503 140.242 132.925 122.518 111.538 106.808 103.945 97.629 102.395 100.136 104.152 96.711 95.033 90.445 85.149 85.494 76.495 91.918 93.648 95.504 90.987 87.158 75.035 76.324 71.83 71.372 70.48 68.426 65.269 62.044 62.261 61.765 63.68 55.505 63.22 58.778 56.711 56.251 53.573 50.081 51.996 50.579 47.352 44.057 -9999 48.521 46.117 51.637 48.211 47.138 46.609 47.399 49.478 49.001 47.739 49.692 43.766 49.757
-9999 -9999 -9999 -9999 -9999 -9999 -9999 -9999 -9999 -9999 -9999 -9999 -9999 -9999 -9999 118.764 117.186 122.236 121.504 121.249 117.533 112.771 99.949 98.856 92.382 92.395 86.9 82.579 81.746 83.82 83.629 77.095 82.243 84.003 84.108 85.665 92.114 78.344 78.055 86.685 84.088 83.005 84.415 74.357 73.12 73.344 68.573 62.86 58.218 60.281 62.834 58.016 55.061 53.43 51.546 52.849 53.118 49.222 51.082 47.779 43.01 -9999 43.616 -9999 44.759 -9999 41.324 -9999 43.334 43.75 42.874 42.657 42.4 42.76
-9999 -9999 -9999 -9999 -9999 -9999 -9999 -9999 -9999 -9999 -9999 -9999 -9999 -9999 -9999 112.986 112.089 114.232 115.779 124.225 124.718 120.941 108.684 101.657 88.617 84.297 76.924 71.802 72.758 75.755 76.6 73.119 73.056 78.049 80.878 89.431 82.712 75.102 85.099 80.464 74.819 79.068 73.98 72.751 79.082 71.717 63.326 61.084 57.8 60.142 58.045 56.069 54.462 51.031 49.527 51.074 51.72 52.829 47.826 45.624 42.046 -9999 -9999 39.667 38.763 -9999 -9999 38.439 39.885 41.629 -9999 -9999 -9999 -9999
-9999 -9999 -9999 -9999 -9999 -9999 -9999 -9999 -9999 -9999 -9999 -9999 -9999 -9999 129.391 117.189 118.906 111.803 112.966 115.661 123.281 127.533 126.731 120.529 111.622 90.507 75.883 69.34 71.627 70.595 67.525 66.161 71.81 75.05 86.569 88.75 85.296 82.262 76.947 65.163 63.671 70.627 73.824 79.544 72.804 66.455 62.452 60.59 57.76 54.384 52.272 51.829 51.881 48.925 46.125 44.677 45.278 45.266 -9999 -9999 -9999 42.501 -9999 -9999 -9999 -9999 -9999 -9999 42.036 -9999 -9999 -9999 -9999 -9999
