Validation/Results/ReClimate_10_2023_1_Temperatureweatherlogisticsltd.asc
NCOLS 192
NROWS 249
XLLCENTER -225160.85627316462
YLLCENTER 29788.11610251502
CELLSIZE 5000.0
NODATA_VALUE -9999
[rows 165 to 197 of 249, columns 76 to 151 of 192]
-9999 -9999 -9999 -9999 -9999 -9999 -9999 -9999 -9999 -9999 -9999 -9999 -9999 -9999 -9999 -9999 -9999 -9999 -9999 -9999 -9999 -9999 -9999 -9999 -9999 -9999 -9999 -9999 -9999 -9999 -9999 -9999 -9999 -9999 -9999 -9999 -0.246 -0.257 -0.255 -0.26 -0.26 -0.248 -0.238 -0.237 -0.233 -0.223 -0.225 -0.224 -0.214 -0.2 -0.181 -0.18 -0.177 -0.163 -0.154 -0.147 -0.129 -0.124 -0.122 -0.12 -0.12 -0.123 -0.121 -0.113 -0.104 -0.092 -0.08 -0.075 -0.065 -0.053 -0.054 -0.051 -0.045 -9999 -0.046 -0.029
-9999 -9999 -9999 -9999 -9999 -9999 -9999 -9999 -9999 -9999 -9999 -9999 -9999 -9999 -9999 -9999 -9999 -9999 -9999 -9999 -9999 -9999 -9999 -9999 -9999 -9999 -9999 -9999 -9999 -9999 -9999 -9999 -9999 -9999 -9999 -9999 -0.253 -0.253 -0.247 -0.247 -0.247 -0.24 -0.231 -0.227 -0.223 -0.225 -0.227 -0.217 -0.207 -0.19 -0.172 -0.17 -0.17 -0.155 -0.139 -0.13 -0.122 -0.116 -0.112 -0.11 -0.109 -0.111 -0.116 -0.108 -0.099 -0.087 -0.074 -0.068 -0.063 -0.051 -0.039 -0.035 -0.032 -0.034 -9999 -9999
-9999 -9999 -9999 -9999 -9999 -9999 -9999 -9999 -9999 -9999 -9999 -9999 -9999 -9999 -9999 -9999 -9999 -9999 -9999 -9999 -9999 -9999 -9999 -9999 -9999 -9999 -9999 -9999 -9999 -9999 -9999 -9999 -9999 -9999 -9999 -0.24 -0.232 -0.229 -0.23 -0.235 -0.245 -0.24 -0.235 -0.232 -0.229 -0.23 -0.227 -0.217 -0.206 -0.194 -0.178 -0.18 -0.183 -0.169 -0.154 -0.15 -0.146 -0.132 -0.124 -0.116 -0.112 -0.095 -0.088 -0.087 -0.082 -0.077 -0.069 -0.067 -0.064 -0.047 -0.031 -0.023 -0.017 -0.007 -0.012 0.002
-9999 -9999 -9999 -9999 -9999 -9999 -9999 -9999 -9999 -9999 -9999 -9999 -9999 -9999 -9999 -9999 -9999 -9999 -9999 -9999 -9999 -9999 -9999 -9999 -9999 -9999 -9999 -9999 -9999 -9999 -9999 -9999 -9999 -9999 -9999 -0.212 -0.216 -0.217 -0.219 -0.229 -0.239 -0.237 -0.233 -0.23 -0.228 -0.226 -0.224 -0.214 -0.203 -0.191 -0.178 -0.18 -0.184 -0.171 -0.156 -0.153 -0.152 -0.14 -0.126 -0.118 -0.11 -0.093 -0.075 -0.072 -0.072 -0.065 -0.061 -0.058 -0.057 -0.039 -0.02 -0.011 -0.002 0.008 0.019 0.026
-9999 -9999 -9999 -9999 -9999 -9999 -9999 -9999 -9999 -9999 -9999 -9999 -9999 -9999 -9999 -9999 -9999 -9999 -9999 -9999 -9999 -9999 -9999 -9999 -9999 -9999 -9999 -9999 -9999 -9999 -9999 -9999 -9999 -9999 -9999 -9999 -0.207 -0.211 -0.219 -0.225 -0.219 -0.219 -0.226 -0.22 -0.209 -0.211 -0.22 -0.209 -0.195 -0.18 -0.16 -0.165 -0.17 -0.154 -0.137 -0.144 -0.148 -0.14 -0.129 -0.107 -0.09 -0.081 -0.066 -0.064 -0.063 -0.051 -0.042 -0.038 -0.036 -0.031 -0.019 -0.0 0.014 0.019 0.026 0.03
-9999 -9999 -9999 -9999 -9999 -9999 -9999 -9999 -9999 -9999 -9999 -9999 -9999 -9999 -9999 -9999 0.154 0.125 -9999 -9999 -9999 -9999 -9999 -9999 -9999 -9999 -9999 -9999 -9999 -9999 -9999 -9999 -9999 -9999 -9999 -0.193 -0.199 -0.207 -0.214 -0.212 -0.206 -0.211 -0.218 -0.209 -0.199 -0.207 -0.215 -0.203 -0.189 -0.171 -0.15 -0.155 -0.163 -0.147 -0.129 -0.135 -0.145 -0.136 -0.127 -0.105 -0.079 -0.069 -0.059 -0.055 -0.053 -0.04 -0.027 -0.022 -0.02 -0.014 -0.009 0.009 0.03 0.035 0.039 0.045
-9999 -9999 -9999 -9999 -9999 -9999 -9999 -9999 -9999 -9999 -9999 -9999 -9999 -9999 -9999 -9999 0.154 0.128 0.103 -9999 -9999 -9999 -9999 -9999 -9999 -9999 -9999 -9999 -9999 -9999 -9999 -9999 -9999 -9999 -0.176 -0.184 -0.177 -0.186 -0.202 -0.199 -0.192 -0.197 -0.204 -0.202 -0.209 -0.214 -0.207 -0.192 -0.17 -0.157 -0.154 -0.156 -0.162 -0.145 -0.127 -0.13 -0.136 -0.124 -0.113 -0.097 -0.074 -0.064 -0.052 -0.041 -0.035 -0.03 -0.021 -0.006 0.002 0.005 0.008 0.022 0.04 0.057 0.068 0.073
-9999 -9999 -9999 -9999 -9999 -9999 -9999 -9999 -9999 -9999 -9999 -9999 -9999 -9999 -9999 0.177 0.147 0.123 0.1 0.077 -9999 -9999 -9999 -9999 -9999 -9999 -9999 -9999 -9999 -9999 -9999 -0.135 -9999 -9999 -0.167 -0.165 -0.164 -0.178 -0.193 -9999 -0.182 -0.187 -0.194 -0.2 -0.208 -0.206 -0.201 -0.182 -0.16 -0.156 -0.154 -0.155 -0.159 -0.142 -0.124 -0.125 -0.128 -0.117 -0.104 -0.087 -0.067 -0.055 -0.044 -0.032 -0.021 -0.015 -0.012 0.004 0.018 0.022 0.024 0.039 0.054 0.071 0.09 0.096
-9999 -9999 -9999 -9999 -9999 -9999 -9999 -9999 -9999 -9999 -9999 -9999 -9999 -9999 -9999 0.168 0.152 0.125 0.088 0.061 0.028 0.001 -9999 -9999 -9999 -0.063 -0.079 -9999 -0.096 -0.1 -0.104 -0.121 -0.136 -9999 -9999 -0.142 -0.149 -9999 -9999 -0.17 -0.186 -0.191 -0.196 -0.201 -0.203 -0.2 -0.192 -0.178 -0.168 -0.167 -0.167 -0.154 -0.15 -0.151 -0.143 -0.129 -0.123 -0.11 -0.096 -0.082 -0.063 -0.066 -0.064 -0.034 -0.013 -0.008 -0.004 0.012 0.027 0.032 0.034 0.047 0.061 0.075 0.092 0.099
-9999 -9999 -9999 -9999 -9999 -9999 -9999 -9999 -9999 -9999 -9999 -9999 -9999 -9999 -9999 -9999 0.148 0.115 0.079 0.049 0.017 -9999 -9999 -0.03 -0.044 -0.061 -0.076 -0.079 -0.08 -0.089 -0.096 -0.113 -0.128 -0.128 -9999 -0.136 -0.141 -0.147 -0.154 -0.168 -0.183 -0.187 -0.193 -0.194 -0.196 -0.192 -0.185 -0.177 -0.169 -0.168 -0.168 -0.156 -0.143 -0.143 -0.145 -0.131 -0.116 -0.103 -0.087 -0.072 -0.055 -0.057 -0.064 -0.036 -0.003 0.003 0.007 0.023 0.039 0.046 0.048 0.06 0.073 0.087 0.101 0.107
-9999 -9999 -9999 -9999 -9999 -9999 -9999 -9999 -9999 -9999 -9999 -9999 -9999 -9999 -9999 -9999 0.139 0.109 0.084 0.057 0.029 0.007 -0.022 -0.031 -0.034 -0.046 -0.059 -0.064 -0.064 -0.079 -0.107 -0.119 -0.119 -0.12 -0.12 -0.12 -0.116 -0.127 -0.154 -0.16 -0.153 -0.158 -0.17 -0.168 -0.16 -0.155 -0.15 -0.146 -0.147 -0.145 -0.139 -0.133 -0.123 -0.123 -0.123 -0.116 -0.103 -0.089 -0.073 -0.06 -0.046 -0.032 -0.028 -0.016 0.007 0.021 0.03 0.049 0.068 0.079 0.083 0.092 0.103 0.1 0.104 0.12
-9999 -9999 -9999 -9999 -9999 -9999 -9999 -9999 -9999 -9999 -9999 -9999 -9999 -9999 -9999 -9999 -9999 0.106 0.083 0.058 0.033 0.006 -0.022 -0.027 -0.029 -0.039 -0.052 -0.056 -0.055 -0.082 -0.108 -0.109 -0.107 -0.107 -0.106 -0.102 -0.098 -0.119 -0.145 -0.141 -0.133 -0.142 -0.153 -0.146 -0.137 -0.133 -0.128 -0.129 -0.13 -0.126 -0.121 -0.116 -0.112 -0.111 -0.112 -0.103 -0.092 -0.078 -0.062 -0.049 -0.036 -0.022 -0.008 0.005 0.018 0.032 0.045 0.064 0.085 0.098 0.103 0.112 0.12 0.118 0.112 0.125
-9999 -9999 -9999 -9999 -9999 -9999 -9999 -9999 -9999 -9999 -9999 -9999 -9999 -9999 -9999 -9999 -9999 -9999 -9999 0.054 0.042 0.021 0.005 -0.0 -0.008 -0.017 -0.029 -0.036 -0.052 -0.073 -0.086 -0.083 -0.077 -0.08 -0.088 -0.089 -0.095 -0.112 -0.125 -0.126 -0.139 -0.145 -0.146 -0.142 -0.141 -0.138 -0.132 -0.129 -0.116 -0.114 -0.113 -0.109 -0.106 -0.099 -0.097 -0.086 -0.074 -0.067 -0.057 -0.034 -0.016 -0.008 0.003 0.013 0.024 0.043 0.06 0.074 0.091 0.102 0.108 0.112 0.118 0.116 0.109 0.125
-9999 -9999 -9999 -9999 -9999 -9999 -9999 -9999 -9999 -9999 -9999 -9999 -9999 -9999 -9999 -9999 -9999 -9999 0.068 0.055 0.044 0.03 0.016 0.007 -0.0 -0.01 -0.018 -0.028 -0.039 -0.054 -0.067 -0.064 -0.058 -0.066 -0.075 -0.081 -0.088 -0.099 -0.11 -0.122 -0.134 -0.135 -0.137 -0.136 -0.135 -0.132 -0.127 -0.116 -0.104 -0.103 -0.103 -0.099 -0.095 -0.088 -0.081 -0.071 -0.059 -0.053 -0.047 -0.026 -0.002 0.006 0.012 0.022 0.032 0.05 0.069 0.083 0.096 0.107 0.112 0.118 0.121 0.119 0.113 0.128
-9999 -9999 -9999 -9999 -9999 -9999 -9999 -9999 -9999 -9999 -9999 -9999 -9999 -9999 -9999 -9999 -9999 0.085 0.068 0.053 0.037 0.021 0.006 -0.004 -0.011 -0.014 -0.006 -0.013 -0.025 -0.038 -0.045 -0.052 -0.078 -0.084 -0.08 -0.085 -0.084 -0.094 -0.103 -0.109 -0.104 -0.107 -0.118 -0.118 -0.124 -0.119 -0.112 -0.107 -0.11 -0.107 -0.098 -0.085 -0.075 -0.065 -0.055 -0.053 -0.048 -0.04 -0.034 -0.019 0.001 0.01 0.017 0.032 0.044 0.055 0.07 0.084 0.096 0.106 0.112 0.124 0.131 0.137 0.137 0.144
-9999 -9999 -9999 -9999 -9999 -9999 -9999 -9999 -9999 -9999 -9999 -9999 -9999 -9999 -9999 -9999 0.103 0.088 0.066 0.049 0.033 0.017 0.001 -0.007 -0.009 -0.003 0.005 -0.003 -0.013 -0.022 -0.028 -0.051 -0.078 -0.076 -0.074 -0.076 -0.077 -0.085 -0.094 -0.091 -0.086 -0.094 -0.104 -0.108 -0.113 -0.107 -0.099 -0.1 -0.103 -0.096 -0.087 -0.075 -0.059 -0.048 -0.036 -0.033 -0.033 -0.025 -0.019 -0.007 0.008 0.017 0.025 0.039 0.055 0.065 0.076 0.088 0.1 0.11 0.117 0.129 0.14 0.146 0.15 0.157
-9999 -9999 -9999 -9999 -9999 -9999 -9999 -9999 -9999 -9999 -9999 -9999 -9999 -9999 0.135 0.118 0.107 0.093 0.079 0.058 0.031 0.016 0.005 0.003 0.005 0.007 0.003 -0.001 -0.002 -0.011 -0.019 -0.034 -0.04 -0.046 -0.065 -0.07 -0.082 -0.087 -0.083 -0.084 -0.084 -0.087 -0.083 -0.089 -0.103 -0.095 -0.084 -0.086 -0.09 -0.083 -0.079 -0.07 -0.057 -0.035 -0.016 -0.019 -0.021 -0.004 0.008 0.008 0.013 0.027 0.038 0.046 0.057 0.067 0.075 0.082 0.09 0.117 0.135 0.14 0.146 0.166 0.178 0.166
-9999 -9999 -9999 -9999 -9999 -9999 -9999 -9999 -9999 -9999 -9999 -9999 -9999 0.137 0.131 0.119 0.105 -9999 -9999 -9999 -9999 0.02 0.014 0.014 0.016 0.011 0.007 0.007 0.007 -0.002 -0.008 -0.013 -0.018 -0.034 -0.054 -0.065 -0.076 -0.075 -0.072 -0.075 -0.077 -0.073 -0.069 -0.079 -0.091 -0.082 -0.071 -0.073 -0.077 -0.072 -0.067 -0.058 -0.048 -0.026 -0.001 -0.003 -0.008 0.009 0.028 0.029 0.025 0.036 0.049 0.057 0.063 0.071 0.079 0.086 0.092 0.117 0.146 0.152 0.154 0.173 0.192 0.179
-9999 -9999 -9999 -9999 -9999 -9999 -9999 -9999 -9999 -9999 -9999 -9999 -9999 0.137 0.123 0.11 -9999 -9999 -9999 -9999 -9999 0.024 0.015 0.023 0.05 0.042 0.023 0.016 -0.005 -0.011 -0.01 -0.016 -0.025 -0.036 -0.038 -0.045 -0.047 -0.05 -0.065 -0.066 -0.056 -0.06 -0.076 -0.08 -0.074 -0.068 -0.067 -0.063 -0.049 -0.047 -0.054 -0.042 -0.03 -0.02 -0.001 0.012 0.016 0.013 0.02 0.037 0.042 0.055 0.068 0.064 0.064 0.074 0.083 0.09 0.096 0.108 0.128 0.153 0.166 0.171 0.179 0.178
-9999 -9999 -9999 -9999 -9999 -9999 -9999 -9999 -9999 -9999 -9999 -9999 -9999 -9999 -9999 0.111 -9999 -9999 -9999 -9999 -9999 0.057 0.02 0.041 0.067 0.052 0.034 0.018 -0.001 -0.002 -0.001 -0.008 -0.017 -0.019 -0.021 -0.023 -0.025 -0.039 -0.055 -0.05 -0.043 -0.057 -0.072 -0.067 -0.059 -0.058 -0.058 -0.045 -0.03 -0.034 -0.04 -0.029 -0.015 -0.005 0.006 0.019 0.033 0.03 0.024 0.038 0.052 0.065 0.08 0.075 0.07 0.08 0.09 0.098 0.105 0.118 0.13 0.153 0.177 0.179 0.178 0.175
-9999 -9999 -9999 -9999 -9999 -9999 -9999 -9999 -9999 -9999 -9999 -9999 -9999 -9999 -9999 -9999 -9999 -9999 -9999 -9999 -9999 0.086 0.065 0.076 0.068 0.056 0.047 0.036 0.032 0.03 0.021 0.016 0.012 0.004 -0.019 -0.02 -0.014 -0.026 -0.035 -0.033 -0.029 -0.046 -0.068 -0.061 -0.047 -0.045 -0.042 -0.03 -0.019 -0.019 -0.023 -0.01 0.004 0.011 0.019 0.03 0.042 0.037 0.03 0.036 0.044 0.058 0.073 0.085 0.088 0.096 0.106 0.114 0.123 0.133 0.143 0.156 0.17 0.177 0.176 0.173
-9999 -9999 -9999 -9999 -9999 -9999 -9999 -9999 -9999 -9999 -9999 -9999 -9999 -9999 -9999 -9999 -9999 -9999 -9999 -9999 -9999 -9999 0.091 0.084 0.077 0.069 0.059 0.056 0.053 0.046 0.038 0.036 0.032 0.013 -0.01 -0.005 0.0 -0.008 -0.017 -0.016 -0.013 -0.033 -0.056 -0.045 -0.031 -0.029 -0.028 -0.018 -0.007 -0.007 -0.009 0.004 0.018 0.024 0.029 0.039 0.05 0.045 0.037 0.044 0.049 0.063 0.078 0.09 0.104 0.111 0.119 0.129 0.138 0.148 0.155 0.167 0.174 0.178 0.181 0.178
-9999 -9999 -9999 -9999 -9999 -9999 -9999 -9999 -9999 -9999 -9999 -9999 -9999 -9999 -9999 -9999 -9999 -9999 -9999 -9999 -9999 0.105 0.102 0.095 0.087 0.083 0.083 0.078 0.066 0.061 0.06 0.058 0.051 0.039 0.036 0.039 0.035 0.026 0.009 0.007 0.001 -0.015 -0.024 -0.015 -0.008 -0.006 -0.003 0.004 0.007 0.005 0.003 0.009 0.019 0.035 0.046 0.049 0.056 0.061 0.059 0.063 0.068 0.078 0.091 0.102 0.115 0.124 0.133 0.148 0.16 0.167 0.173 0.167 0.162 0.167 0.171 0.179
-9999 -9999 -9999 -9999 -9999 -9999 -9999 -9999 -9999 -9999 -9999 -9999 -9999 -9999 -9999 -9999 -9999 -9999 -9999 -9999 -9999 0.113 0.113 0.106 0.097 0.098 0.099 0.089 0.076 0.075 0.076 0.072 0.067 0.064 0.06 0.058 0.056 0.043 0.028 0.022 0.016 0.007 -0.002 0.004 0.01 0.013 0.015 0.017 0.019 0.016 0.014 0.02 0.026 0.041 0.059 0.063 0.066 0.071 0.074 0.079 0.083 0.093 0.103 0.115 0.127 0.137 0.147 0.16 0.174 0.183 0.188 0.18 0.164 0.168 0.174 0.18
-9999 -9999 -9999 -9999 -9999 -9999 -9999 -9999 -9999 -9999 -9999 -9999 -9999 -9999 -9999 -9999 -9999 -9999 -9999 -9999 -9999 0.112 0.112 0.111 0.123 0.121 0.113 0.102 0.085 0.085 0.089 0.085 0.078 0.076 0.075 0.072 0.07 0.058 0.045 0.042 0.04 0.028 0.008 0.011 0.015 0.02 0.032 0.03 0.021 0.033 0.039 0.036 0.037 0.043 0.055 0.065 0.071 0.082 0.088 0.091 0.094 0.104 0.114 0.125 0.137 0.145 0.154 0.169 0.187 0.199 0.204 0.197 0.183 0.178 0.178 0.177
-9999 -9999 -9999 -9999 -9999 -9999 -9999 -9999 -9999 -9999 -9999 -9999 -9999 -9999 -9999 -9999 -9999 -9999 -9999 -9999 -9999 -9999 0.115 0.125 0.137 0.13 0.122 0.109 0.092 0.094 0.098 0.093 0.087 0.087 0.086 0.084 0.082 0.071 0.06 0.059 0.057 0.04 0.02 0.022 0.025 0.035 0.046 0.039 0.03 0.043 0.057 0.053 0.049 0.056 0.062 0.071 0.081 0.091 0.101 0.104 0.106 0.116 0.126 0.136 0.147 0.155 0.164 0.179 0.2 0.212 0.216 0.208 0.195 0.191 0.185 0.185
-9999 -9999 -9999 -9999 -9999 -9999 -9999 -9999 -9999 -9999 -9999 -9999 -9999 -9999 -9999 -9999 -9999 -9999 -9999 -9999 -9999 -9999 0.126 0.137 0.15 0.143 0.132 0.121 0.111 0.109 0.099 0.097 0.1 0.101 0.102 0.099 0.091 0.081 0.069 0.065 0.056 0.047 0.049 0.05 0.049 0.054 0.049 0.048 0.056 0.048 0.05 0.066 0.072 0.073 0.076 0.089 0.101 0.102 0.106 0.118 0.124 0.129 0.136 0.146 0.156 0.163 0.172 0.192 0.214 0.221 0.222 0.212 0.2 0.193 0.187 0.2
-9999 -9999 -9999 -9999 -9999 -9999 -9999 -9999 -9999 -9999 -9999 -9999 -9999 -9999 -9999 -9999 -9999 -9999 -9999 -9999 -9999 0.131 0.133 0.145 0.159 0.15 0.14 0.132 0.122 0.113 0.104 0.106 0.11 0.112 0.114 0.109 0.101 0.092 0.08 0.073 0.064 0.066 0.069 0.067 0.067 0.063 0.058 0.065 0.073 0.065 0.058 0.072 0.09 0.09 0.088 0.1 0.114 0.116 0.115 0.126 0.137 0.142 0.146 0.156 0.167 0.175 0.185 0.205 0.227 0.231 0.229 0.219 0.208 0.201 0.193 0.206
-9999 -9999 -9999 -9999 -9999 -9999 -9999 -9999 -9999 -9999 -9999 -9999 -9999 -9999 -9999 -9999 -9999 -9999 -9999 -9999 -9999 0.14 0.144 0.152 0.15 0.144 0.144 0.136 0.126 0.123 0.126 0.129 0.13 0.128 0.113 0.109 0.108 0.101 0.095 0.09 0.088 0.087 0.081 0.081 0.082 0.079 0.074 0.077 0.074 0.07 0.072 0.081 0.094 0.099 0.1 0.102 0.108 0.109 0.107 0.117 0.128 0.147 0.159 0.164 0.173 0.185 0.197 0.213 0.231 0.235 0.232 0.218 0.203 0.199 0.192 0.202
-9999 -9999 -9999 -9999 -9999 -9999 -9999 -9999 -9999 -9999 -9999 -9999 -9999 -9999 -9999 -9999 -9999 -9999 -9999 -9999 -9999 0.15 0.151 0.15 0.149 0.149 0.15 0.142 0.133 0.136 0.141 0.141 0.143 0.131 0.117 0.117 0.117 0.113 0.109 0.107 0.105 0.1 0.094 0.095 0.096 0.092 0.088 0.085 0.082 0.084 0.086 0.095 0.104 0.109 0.113 0.114 0.114 0.114 0.112 0.121 0.131 0.149 0.172 0.178 0.185 0.197 0.209 0.224 0.24 0.242 0.239 0.225 0.208 0.203 0.199 0.207
-9999 -9999 -9999 -9999 -9999 -9999 -9999 -9999 -9999 -9999 -9999 -9999 -9999 -9999 -9999 -9999 -9999 -9999 -9999 -9999 0.154 0.155 0.159 0.158 0.153 0.158 0.167 0.161 0.148 0.152 0.155 0.151 0.14 0.131 0.127 0.126 0.122 0.121 0.122 0.118 0.112 0.105 0.094 0.096 0.103 0.104 0.116 0.111 0.104 0.106 0.108 0.113 0.121 0.122 0.124 0.129 0.13 0.131 0.13 0.134 0.141 0.153 0.172 0.183 0.192 0.207 0.22 0.23 0.242 0.243 0.239 0.237 0.228 0.223 0.217 0.215
-9999 -9999 -9999 -9999 -9999 -9999 -9999 -9999 -9999 -9999 -9999 -9999 -9999 -9999 -9999 -9999 -9999 -9999 -9999 0.163 0.161 0.163 0.165 0.162 0.158 0.167 0.177 0.169 0.158 0.162 0.166 0.155 0.144 0.14 0.136 0.133 0.13 0.132 0.133 0.129 0.123 0.114 0.102 0.108 0.115 0.124 0.136 0.129 0.121 0.123 0.124 0.129 0.134 0.136 0.136 0.14 0.145 0.144 0.145 0.15 0.155 0.167 0.182 0.192 0.203 0.216 0.231 0.241 0.249 0.248 0.245 0.243 0.241 0.234 0.226 0.223
-9999 -9999 -9999 -9999 -9999 -9999 -9999 -9999 -9999 -9999 -9999 -9999 -9999 -9999 -9999 -9999 -9999 0.171 0.17 0.161 0.17 0.17 0.167 0.165 0.167 0.172 0.171 0.168 0.175 0.175 0.167 0.161 0.165 0.16 0.15 0.147 0.141 0.14 0.135 0.129 0.12 0.12 0.138 0.143 0.147 0.147 0.13 0.129 0.141 0.14 0.135 0.14 0.144 0.155 0.162 0.153 0.15 0.158 0.165 0.17 0.177 0.184 0.194 0.203 0.212 0.221 0.234 0.241 0.246 0.246 0.244 0.249 0.248 0.244 0.238 0.227
