Validation/Results/ReClimate_04_2024_1.asc
NCOLS 192
NROWS 249
XLLCENTER -225160.85627316462
YLLCENTER 29788.11610251502
CELLSIZE 5000.0
NODATA_VALUE -9999
[rows 66 to 98 of 249, columns 75 to 149 of 192]
-9999 -9999 -9999 -9999 -9999 -9999 -9999 -9999 -9999 -9999 97.938 -9999 97.865 97.827 97.791 97.757 97.727 97.704 97.683 97.663 97.643 97.624 97.605 97.586 97.568 97.549 97.529 97.509 97.488 97.469 97.456 -9999 -9999 -9999 -9999 -9999 -9999 -9999 -9999 -9999 -9999 -9999 -9999 -9999 -9999 -9999 -9999 -9999 -9999 -9999 -9999 -9999 -9999 -9999 -9999 -9999 -9999 -9999 -9999 -9999 -9999 -9999 -9999 -9999 -9999 -9999 -9999 -9999 -9999 -9999 -9999 -9999 -9999 -9999 -9999
-9999 -9999 -9999 -9999 -9999 -9999 -9999 -9999 -9999 -9999 -9999 97.912 97.872 97.834 97.799 97.77 97.747 97.726 97.705 97.686 97.667 97.649 97.631 97.613 97.595 97.577 97.559 97.54 97.52 -9999 -9999 -9999 -9999 -9999 -9999 -9999 -9999 -9999 -9999 -9999 -9999 -9999 -9999 -9999 -9999 -9999 -9999 -9999 -9999 -9999 -9999 -9999 -9999 -9999 -9999 -9999 -9999 -9999 -9999 -9999 -9999 -9999 -9999 -9999 -9999 -9999 -9999 -9999 -9999 -9999 -9999 -9999 -9999 -9999 -9999
-9999 -9999 -9999 -9999 -9999 -9999 -9999 -9999 -9999 -9999 -9999 97.92 97.88 97.843 97.814 97.79 97.767 97.746 97.726 97.708 97.69 97.672 97.655 97.638 97.621 97.604 97.587 97.569 97.551 -9999 -9999 -9999 -9999 -9999 -9999 -9999 -9999 -9999 -9999 -9999 -9999 -9999 -9999 -9999 -9999 -9999 -9999 -9999 -9999 -9999 -9999 -9999 -9999 -9999 -9999 -9999 -9999 -9999 -9999 -9999 -9999 -9999 -9999 -9999 -9999 -9999 -9999 -9999 -9999 -9999 -9999 -9999 -9999 -9999 -9999
-9999 -9999 -9999 -9999 -9999 -9999 -9999 -9999 -9999 -9999 -9999 -9999 -9999 97.858 97.832 97.809 97.787 97.766 97.747 97.729 97.711 97.694 97.678 97.662 97.646 97.63 97.614 -9999 -9999 -9999 -9999 -9999 -9999 -9999 -9999 -9999 -9999 -9999 -9999 -9999 -9999 -9999 -9999 -9999 -9999 -9999 -9999 -9999 -9999 -9999 -9999 -9999 -9999 -9999 -9999 -9999 -9999 -9999 -9999 -9999 -9999 -9999 -9999 -9999 -9999 -9999 -9999 -9999 -9999 -9999 -9999 -9999 -9999 -9999 -9999
-9999 -9999 -9999 -9999 -9999 -9999 -9999 98.02 -9999 -9999 97.979 97.94 97.905 97.877 97.851 97.827 97.806 97.786 97.767 97.749 97.732 97.716 97.7 97.685 97.67 97.655 97.64 -9999 -9999 -9999 -9999 -9999 -9999 -9999 -9999 -9999 -9999 -9999 -9999 -9999 -9999 -9999 -9999 -9999 -9999 -9999 -9999 -9999 -9999 -9999 -9999 -9999 -9999 -9999 -9999 -9999 -9999 -9999 -9999 -9999 -9999 -9999 -9999 -9999 -9999 -9999 -9999 -9999 -9999 -9999 -9999 -9999 -9999 -9999 -9999
-9999 -9999 -9999 -9999 -9999 98.066 98.049 98.02 98.011 98.002 97.982 97.955 97.923 97.895 97.869 97.846 97.825 97.805 97.786 97.769 97.753 97.737 97.722 97.708 97.694 97.679 97.665 -9999 -9999 -9999 -9999 -9999 -9999 -9999 -9999 -9999 -9999 -9999 -9999 -9999 -9999 -9999 -9999 -9999 -9999 -9999 -9999 -9999 -9999 -9999 -9999 -9999 -9999 -9999 -9999 -9999 -9999 -9999 -9999 -9999 -9999 -9999 -9999 -9999 -9999 -9999 -9999 -9999 -9999 -9999 -9999 -9999 -9999 -9999 -9999
-9999 -9999 -9999 -9999 -9999 98.092 98.048 -9999 98.015 98.006 97.996 97.978 97.944 97.914 97.888 97.865 97.844 97.824 97.806 97.789 97.773 97.758 97.743 97.73 97.716 97.703 -9999 97.676 -9999 -9999 -9999 -9999 -9999 -9999 -9999 -9999 -9999 -9999 -9999 -9999 -9999 -9999 -9999 -9999 -9999 -9999 -9999 -9999 -9999 -9999 -9999 -9999 -9999 -9999 -9999 -9999 -9999 -9999 -9999 -9999 -9999 -9999 -9999 -9999 -9999 -9999 -9999 -9999 -9999 -9999 -9999 -9999 -9999 -9999 -9999
-9999 -9999 -9999 -9999 -9999 -9999 98.066 98.046 98.037 98.029 98.026 98.01 97.985 97.952 97.922 97.893 97.867 97.843 97.825 97.808 97.793 97.778 97.764 97.751 97.738 97.725 97.713 97.701 -9999 -9999 -9999 -9999 -9999 -9999 -9999 -9999 -9999 -9999 -9999 -9999 -9999 -9999 -9999 -9999 -9999 -9999 -9999 -9999 -9999 -9999 -9999 -9999 -9999 -9999 -9999 -9999 -9999 -9999 -9999 -9999 -9999 -9999 -9999 -9999 -9999 -9999 -9999 -9999 -9999 -9999 -9999 -9999 -9999 -9999 -9999
-9999 -9999 -9999 -9999 -9999 -9999 -9999 98.073 98.065 98.06 98.056 98.047 98.028 97.996 97.964 97.933 97.904 97.879 97.855 97.832 97.813 97.798 97.785 97.772 97.759 97.748 97.736 97.726 -9999 -9999 -9999 -9999 -9999 -9999 -9999 -9999 -9999 -9999 -9999 -9999 -9999 -9999 -9999 -9999 -9999 -9999 -9999 -9999 -9999 -9999 -9999 -9999 -9999 -9999 -9999 -9999 -9999 -9999 -9999 -9999 -9999 -9999 -9999 -9999 -9999 -9999 -9999 -9999 -9999 -9999 -9999 -9999 -9999 -9999 -9999
-9999 -9999 -9999 -9999 -9999 98.158 98.129 98.106 98.094 98.089 98.084 98.078 98.064 98.042 98.008 97.977 97.947 97.919 97.892 97.867 97.845 97.823 97.805 97.792 97.78 -9999 97.758 -9999 -9999 -9999 -9999 -9999 -9999 97.723 97.719 97.716 -9999 -9999 -9999 -9999 -9999 -9999 -9999 -9999 -9999 -9999 -9999 -9999 -9999 -9999 -9999 -9999 -9999 -9999 -9999 -9999 -9999 -9999 -9999 -9999 -9999 -9999 -9999 -9999 -9999 -9999 -9999 -9999 -9999 -9999 -9999 -9999 -9999 -9999 -9999
98.28 -9999 -9999 -9999 -9999 -9999 98.164 98.146 98.131 98.118 98.111 98.104 98.096 98.078 98.052 98.02 97.989 97.961 97.933 97.907 97.882 97.858 97.837 97.817 97.801 97.79 -9999 -9999 -9999 -9999 97.765 97.761 97.758 97.755 97.752 97.749 97.745 97.741 97.738 97.734 97.729 97.725 97.72 97.714 97.708 97.701 97.695 97.686 97.675 97.661 97.653 97.682 -9999 -9999 -9999 -9999 -9999 -9999 -9999 -9999 -9999 -9999 -9999 -9999 -9999 -9999 -9999 -9999 -9999 -9999 -9999 -9999 -9999 -9999 -9999
98.324 -9999 -9999 -9999 98.25 -9999 98.206 98.189 98.17 98.154 98.139 98.129 98.121 98.11 98.091 98.062 98.031 98.002 97.974 97.947 97.922 97.897 97.873 97.85 97.831 -9999 -9999 -9999 -9999 97.799 97.794 97.793 97.791 97.789 97.787 97.785 97.782 97.779 97.776 97.773 97.769 97.765 97.761 97.756 97.751 97.746 97.74 97.732 97.724 97.714 97.704 97.696 -9999 -9999 -9999 -9999 -9999 -9999 -9999 -9999 -9999 -9999 -9999 -9999 -9999 -9999 -9999 -9999 -9999 -9999 -9999 -9999 -9999 -9999 -9999
98.365 -9999 -9999 -9999 98.287 98.267 98.248 98.229 98.209 98.19 98.172 98.156 98.145 98.136 98.122 98.103 98.073 98.043 98.014 97.987 97.961 97.936 97.912 97.888 -9999 -9999 97.836 97.832 97.83 97.828 97.827 97.826 97.825 97.824 97.822 97.82 97.818 97.816 97.814 97.811 97.808 97.806 97.803 97.799 97.796 97.792 97.788 97.784 97.779 97.772 97.767 97.758 97.75 -9999 -9999 -9999 -9999 -9999 -9999 -9999 -9999 -9999 -9999 -9999 -9999 -9999 -9999 -9999 -9999 -9999 -9999 -9999 -9999 -9999 -9999
98.405 -9999 98.365 -9999 98.326 98.306 98.286 98.266 98.246 98.226 98.206 98.187 98.171 98.159 98.149 98.134 98.114 98.084 98.055 98.027 98.0 97.975 97.95 97.927 -9999 97.894 97.878 97.867 97.861 97.86 97.859 97.858 97.858 97.857 97.856 97.854 97.853 97.852 97.85 97.848 97.846 97.845 97.843 97.841 97.839 97.837 97.835 97.833 97.83 97.828 97.827 97.824 97.821 -9999 -9999 -9999 -9999 -9999 -9999 -9999 -9999 -9999 -9999 -9999 -9999 -9999 -9999 -9999 -9999 -9999 -9999 -9999 -9999 -9999 -9999
-9999 98.422 -9999 -9999 -9999 98.342 98.321 98.3 98.28 98.26 98.239 98.219 98.2 98.183 98.171 98.16 98.145 98.125 98.096 98.067 98.04 98.014 97.99 97.969 97.951 97.936 97.921 97.908 97.898 97.891 97.891 97.89 97.89 97.889 97.889 97.888 97.887 97.886 97.885 97.884 97.883 97.882 97.881 97.881 97.88 97.879 97.879 97.879 97.88 97.881 97.882 97.886 97.89 -9999 -9999 -9999 -9999 -9999 -9999 -9999 -9999 -9999 -9999 -9999 -9999 -9999 -9999 -9999 -9999 -9999 -9999 -9999 -9999 -9999 -9999
98.479 -9999 -9999 -9999 -9999 98.377 98.355 98.333 -9999 98.292 98.271 98.251 98.23 98.21 98.193 98.182 98.171 98.155 98.136 98.109 98.081 98.055 98.033 98.013 97.996 97.98 97.965 97.951 97.938 97.928 97.922 97.922 97.922 97.921 97.921 97.921 97.92 97.92 97.92 97.919 97.919 97.919 97.919 97.919 97.92 97.921 97.923 97.925 97.928 97.932 97.937 97.946 97.949 -9999 -9999 -9999 -9999 -9999 -9999 -9999 -9999 -9999 -9999 -9999 -9999 -9999 -9999 -9999 -9999 -9999 -9999 -9999 -9999 -9999 -9999
98.514 -9999 -9999 -9999 98.431 -9999 -9999 98.365 98.344 98.323 98.302 98.281 98.26 98.239 98.22 98.203 98.192 98.18 98.165 98.147 98.124 98.1 98.078 98.058 98.039 98.023 98.007 97.993 97.98 97.967 97.959 97.953 97.953 97.953 97.953 97.953 97.953 97.953 97.953 97.953 97.954 97.954 97.955 97.957 97.959 97.961 97.965 97.969 97.975 97.982 97.992 98.002 -9999 -9999 -9999 -9999 -9999 -9999 -9999 -9999 -9999 -9999 -9999 -9999 -9999 -9999 -9999 -9999 -9999 -9999 -9999 -9999 -9999 -9999 -9999
98.548 98.526 98.506 -9999 -9999 -9999 98.418 98.396 -9999 98.353 98.332 98.311 98.29 98.268 98.246 98.228 98.213 98.201 98.19 98.176 98.162 98.145 98.122 98.101 98.082 98.065 98.049 98.034 98.021 98.008 97.997 97.989 97.985 97.985 97.985 97.985 97.986 97.986 97.986 97.987 97.988 97.989 97.991 97.994 97.997 98.001 98.006 98.012 98.02 98.03 98.045 -9999 -9999 -9999 -9999 -9999 -9999 -9999 -9999 -9999 -9999 -9999 -9999 -9999 -9999 -9999 -9999 -9999 -9999 -9999 -9999 -9999 -9999 -9999 -9999
98.582 98.56 98.539 -9999 98.497 98.472 98.449 98.426 98.404 98.382 98.361 98.34 98.318 98.297 98.275 98.254 98.236 98.222 98.211 98.201 98.191 98.176 98.162 98.143 98.123 98.106 98.089 98.075 98.061 98.049 98.037 98.026 98.019 98.017 98.017 98.017 98.018 98.018 98.019 98.02 98.022 98.024 98.027 98.03 98.035 98.04 98.047 98.055 98.066 98.079 98.095 -9999 -9999 -9999 -9999 -9999 -9999 -9999 -9999 -9999 -9999 -9999 -9999 -9999 -9999 -9999 -9999 -9999 -9999 -9999 -9999 -9999 -9999 -9999 -9999
98.615 98.593 98.572 98.551 98.528 98.503 -9999 98.455 98.433 98.411 98.39 98.368 98.347 98.325 98.303 98.281 98.261 98.244 98.233 98.223 98.211 98.2 98.188 98.176 98.162 98.146 98.129 98.114 98.1 98.088 98.076 98.065 98.055 98.049 98.049 98.049 98.05 98.051 98.052 98.053 98.055 98.058 98.062 98.066 98.072 98.079 98.087 98.098 98.111 98.127 -9999 -9999 -9999 -9999 -9999 -9999 -9999 -9999 -9999 -9999 -9999 -9999 -9999 -9999 -9999 -9999 -9999 -9999 -9999 -9999 -9999 -9999 -9999 -9999 -9999
-9999 -9999 -9999 98.583 98.559 -9999 98.508 98.485 98.462 98.44 98.418 98.396 98.375 98.353 98.331 98.309 98.287 98.27 98.257 98.244 98.232 98.221 98.21 98.2 98.188 98.177 98.166 98.153 98.139 98.126 98.114 98.103 98.092 98.085 98.08 98.081 98.081 98.083 98.084 98.086 98.089 98.092 98.097 98.102 98.109 98.118 98.128 98.141 98.156 98.168 -9999 -9999 -9999 -9999 -9999 -9999 -9999 -9999 -9999 -9999 -9999 -9999 -9999 -9999 -9999 -9999 -9999 -9999 -9999 -9999 -9999 -9999 -9999 -9999 -9999
-9999 -9999 98.637 98.615 -9999 98.564 98.538 -9999 98.491 98.468 98.446 98.425 98.404 98.383 98.362 98.341 98.319 98.299 98.281 98.269 98.256 98.245 98.233 98.223 98.212 98.203 98.193 98.182 98.172 98.162 98.152 98.14 98.13 98.12 98.114 98.112 98.113 98.114 98.116 98.119 98.122 98.126 98.132 98.139 98.147 98.157 98.167 98.175 98.184 98.183 -9999 -9999 -9999 -9999 -9999 -9999 -9999 -9999 -9999 -9999 -9999 -9999 -9999 -9999 -9999 -9999 -9999 -9999 -9999 -9999 -9999 -9999 -9999 -9999 -9999
-9999 -9999 98.669 -9999 -9999 98.594 98.568 98.544 98.52 98.498 98.476 98.456 98.435 98.415 98.394 98.372 98.349 98.326 98.307 98.293 98.28 98.268 98.257 98.246 98.235 98.225 98.216 98.206 98.197 98.188 98.179 98.17 98.162 98.154 98.148 98.144 98.145 98.146 98.148 98.151 98.156 98.16 98.164 98.168 98.173 98.179 98.183 98.188 98.193 98.198 -9999 -9999 -9999 -9999 -9999 -9999 -9999 -9999 -9999 -9999 -9999 -9999 -9999 -9999 -9999 -9999 -9999 -9999 -9999 -9999 -9999 -9999 -9999 -9999 -9999
-9999 -9999 -9999 -9999 -9999 -9999 98.598 98.574 98.551 98.529 98.508 98.487 98.467 98.446 98.422 98.398 98.374 98.351 98.331 98.315 98.302 98.29 98.278 98.267 98.256 98.246 98.237 98.227 98.218 98.21 98.201 98.193 98.185 98.176 98.167 98.163 98.162 98.164 98.166 98.169 98.172 98.175 98.178 98.181 98.184 98.188 98.192 98.197 98.202 -9999 -9999 -9999 -9999 -9999 -9999 -9999 -9999 -9999 -9999 -9999 -9999 -9999 -9999 -9999 -9999 -9999 -9999 -9999 -9999 -9999 -9999 -9999 -9999 -9999 -9999
-9999 -9999 -9999 -9999 98.683 98.655 -9999 98.604 98.581 98.559 98.538 98.516 98.493 98.469 98.445 98.42 98.397 98.375 98.353 98.336 98.323 98.31 98.298 98.287 98.276 98.266 98.256 98.247 98.238 98.229 98.22 98.212 98.203 98.194 98.184 98.176 98.171 98.173 98.175 98.178 98.18 98.183 98.186 98.189 98.193 98.196 98.201 98.205 98.21 -9999 -9999 -9999 -9999 -9999 -9999 -9999 -9999 -9999 -9999 -9999 -9999 -9999 -9999 -9999 -9999 -9999 -9999 -9999 -9999 -9999 -9999 -9999 -9999 -9999 -9999
-9999 -9999 -9999 98.742 98.713 98.686 98.659 98.634 98.609 98.585 98.561 98.537 98.514 98.49 98.465 98.441 98.418 98.396 98.375 98.357 98.342 98.329 98.317 98.306 98.295 98.284 98.274 98.265 98.256 98.247 98.238 98.229 98.221 98.212 98.201 98.19 98.183 98.182 98.183 98.186 98.188 98.191 98.194 98.197 98.201 98.205 98.209 98.214 -9999 -9999 -9999 -9999 -9999 -9999 -9999 -9999 -9999 -9999 -9999 -9999 -9999 -9999 -9999 -9999 -9999 -9999 -9999 -9999 -9999 -9999 -9999 -9999 -9999 -9999 -9999
-9999 -9999 -9999 98.771 -9999 98.71 98.682 98.655 98.629 98.604 98.58 98.557 98.534 98.509 98.485 98.461 98.438 98.416 98.395 98.376 98.361 98.348 98.335 98.324 98.313 98.302 98.292 98.282 98.272 98.263 98.254 98.246 98.237 98.228 98.217 98.206 98.197 98.193 98.192 98.193 98.196 98.199 98.202 98.205 98.209 98.213 98.217 98.222 -9999 -9999 -9999 -9999 -9999 -9999 -9999 -9999 -9999 -9999 -9999 -9999 -9999 -9999 -9999 -9999 -9999 -9999 -9999 -9999 -9999 -9999 -9999 -9999 -9999 -9999 -9999
-9999 -9999 -9999 -9999 -9999 98.727 98.698 98.671 98.646 98.622 98.599 98.576 98.553 98.527 98.503 98.48 98.457 98.436 98.414 98.395 98.378 98.365 98.353 98.341 98.329 98.319 98.308 98.298 98.289 98.279 98.27 98.261 98.252 98.243 98.233 98.222 98.212 98.205 98.204 98.203 98.204 98.207 98.21 98.213 98.217 98.221 98.226 98.231 -9999 -9999 -9999 -9999 -9999 -9999 -9999 -9999 -9999 -9999 -9999 -9999 -9999 -9999 -9999 -9999 -9999 -9999 -9999 -9999 -9999 -9999 -9999 -9999 -9999 -9999 -9999
-9999 -9999 -9999 98.79 98.771 98.741 98.713 98.687 98.663 98.639 98.617 98.594 -9999 98.544 98.52 98.497 98.475 98.454 98.433 98.413 98.395 98.382 98.369 98.357 98.346 98.335 98.324 98.314 98.304 98.295 98.285 98.276 98.267 98.258 98.248 98.238 98.227 98.219 98.216 98.215 98.214 98.214 98.218 98.221 98.225 98.229 98.234 98.246 -9999 -9999 -9999 -9999 -9999 -9999 -9999 -9999 -9999 -9999 -9999 -9999 -9999 -9999 -9999 -9999 -9999 -9999 -9999 -9999 -9999 -9999 -9999 -9999 -9999 -9999 -9999
98.779 98.793 98.795 -9999 98.779 98.755 98.728 98.703 98.679 98.656 98.634 -9999 98.586 98.561 98.537 98.514 98.492 98.471 98.45 98.43 98.412 98.398 98.385 98.373 98.361 98.35 98.339 98.329 98.319 98.309 98.3 98.291 98.281 98.272 98.262 98.252 98.241 98.233 98.229 98.227 98.225 98.225 98.226 98.229 98.233 98.238 98.243 -9999 -9999 -9999 -9999 -9999 -9999 -9999 -9999 -9999 -9999 -9999 -9999 -9999 -9999 -9999 -9999 -9999 -9999 -9999 -9999 -9999 -9999 -9999 -9999 -9999 -9999 -9999 -9999
98.793 98.793 98.793 98.792 -9999 98.766 98.743 98.719 98.695 98.673 98.651 98.627 98.601 98.577 98.553 98.53 98.508 98.487 98.466 98.446 98.429 98.414 98.401 98.388 98.376 98.365 98.354 98.344 98.334 98.324 98.314 98.305 98.295 98.286 98.276 98.266 98.256 98.247 98.242 98.24 98.238 98.237 98.236 98.238 98.242 -9999 -9999 -9999 -9999 -9999 -9999 -9999 -9999 -9999 -9999 -9999 -9999 -9999 -9999 -9999 -9999 -9999 -9999 -9999 -9999 -9999 -9999 -9999 -9999 -9999 -9999 -9999 -9999 -9999 -9999
-9999 -9999 98.791 -9999 98.785 98.773 98.756 98.734 98.711 -9999 -9999 98.643 98.617 98.592 98.569 98.546 98.524 98.503 98.482 98.462 98.444 98.429 98.416 98.403 98.391 98.38 98.369 98.358 98.348 98.338 98.328 98.319 98.309 98.3 98.29 98.28 98.27 98.26 98.254 98.253 98.251 98.25 98.248 98.248 -9999 -9999 -9999 -9999 -9999 -9999 -9999 -9999 -9999 -9999 -9999 -9999 -9999 -9999 -9999 -9999 -9999 -9999 -9999 -9999 -9999 -9999 -9999 -9999 -9999 -9999 -9999 -9999 -9999 -9999 -9999
98.789 -9999 98.789 98.788 98.785 98.777 98.764 98.748 -9999 -9999 98.683 98.658 98.632 98.607 98.584 98.561 98.539 98.518 98.498 98.478 98.46 98.444 98.431 98.418 98.406 98.394 98.383 98.372 98.362 98.352 98.342 98.332 98.323 98.313 98.303 98.294 98.284 98.273 98.267 98.266 98.264 98.263 98.261 98.26 98.262 -9999 -9999 -9999 -9999 -9999 -9999 -9999 -9999 -9999 -9999 -9999 -9999 -9999 -9999 -9999 -9999 -9999 -9999 -9999 -9999 -9999 -9999 -9999 -9999 -9999 -9999 -9999 -9999 -9999 -9999
