Validation/Results/ReClimate_06_2024_1_Precipitation-Actualsweatherlogisticsltd.asc
NCOLS 192
NROWS 249
XLLCENTER -225160.85627316462
YLLCENTER 29788.11610251502
CELLSIZE 5000.0
NODATA_VALUE -9999
[rows 132 to 164 of 249, columns 74 to 147 of 192]
-9999 -9999 -9999 -9999 -9999 -9999 -9999 -9999 -9999 -9999 -9999 -9999 -9999 145.963 149.276 150.639 148.178 156.824 161.062 180.866 185.73 192.404 176.838 126.757 115.252 126.664 130.711 120.654 116.267 118.626 116.253 115.174 118.145 111.393 130.223 146.092 155.671 150.948 142.705 150.541 149.754 149.011 162.844 156.999 140.002 127.892 122.644 120.127 108.456 105.3 105.518 99.145 94.088 89.782 93.0 91.76 86.888 83.628 -9999 -9999 -9999 -9999 -9999 -9999 -9999 -9999 -9999 -9999 -9999 -9999 -9999 -9999 -9999 -9999
125.978 -9999 -9999 -9999 -9999 -9999 -9999 -9999 -9999 -9999 -9999 -9999 -9999 152.713 180.505 151.752 140.14 138.975 145.132 172.522 219.938 219.393 159.918 137.547 123.78 130.296 129.101 126.422 133.803 110.327 104.172 110.48 111.726 124.652 130.154 142.081 142.297 140.998 136.235 138.834 139.966 146.972 151.357 151.557 149.041 137.681 128.254 110.788 103.803 101.534 97.389 97.063 93.875 86.603 83.628 87.669 87.85 79.57 -9999 -9999 -9999 -9999 -9999 -9999 -9999 -9999 -9999 -9999 -9999 -9999 -9999 -9999 -9999 -9999
158.516 -9999 -9999 -9999 -9999 -9999 -9999 -9999 -9999 -9999 -9999 -9999 155.368 180.174 165.946 151.093 142.981 138.296 136.756 169.475 205.013 187.074 179.98 147.135 132.99 122.779 123.161 132.177 118.597 111.888 104.438 99.363 115.095 121.156 127.148 127.711 130.52 128.127 123.674 125.678 132.492 130.867 142.919 161.396 149.774 139.183 123.333 115.615 102.876 95.283 85.129 90.401 91.91 88.581 81.743 81.996 84.92 84.498 75.789 -9999 -9999 -9999 -9999 -9999 -9999 -9999 -9999 -9999 -9999 -9999 -9999 -9999 -9999 -9999
152.016 -9999 -9999 -9999 -9999 -9999 -9999 -9999 -9999 -9999 -9999 146.869 -9999 152.474 159.567 151.9 145.573 132.985 122.052 142.724 154.466 178.144 185.213 154.54 127.257 115.451 112.405 111.078 114.666 115.086 113.217 109.488 114.422 112.792 113.318 114.797 114.588 109.104 104.453 113.009 113.907 120.546 131.672 129.667 133.091 125.612 116.159 106.49 95.322 82.258 93.353 97.082 92.008 88.694 85.594 81.487 82.486 81.033 76.497 -9999 -9999 -9999 -9999 -9999 -9999 -9999 -9999 -9999 -9999 -9999 -9999 -9999 -9999 -9999
178.757 151.872 -9999 -9999 -9999 -9999 -9999 -9999 -9999 -9999 -9999 139.918 -9999 139.215 145.598 142.876 145.779 130.071 125.233 121.392 132.262 165.375 170.057 153.369 137.527 118.09 103.624 107.701 114.137 128.755 137.938 -9999 -9999 -9999 -9999 -9999 -9999 102.72 101.411 103.786 109.689 109.708 105.408 118.431 122.669 113.256 104.255 103.506 91.607 94.279 95.497 86.827 86.075 85.261 87.81 79.802 75.432 78.098 76.479 75.613 -9999 -9999 -9999 -9999 -9999 -9999 -9999 -9999 -9999 -9999 -9999 -9999 -9999 -9999
189.563 160.404 129.9 -9999 -9999 -9999 -9999 -9999 -9999 -9999 -9999 135.633 133.763 127.264 123.594 136.267 136.481 135.926 123.176 112.847 126.235 148.329 163.761 147.133 140.054 122.456 110.468 114.853 110.724 125.275 123.894 -9999 -9999 -9999 -9999 100.459 103.591 100.143 100.293 101.912 105.818 107.64 120.679 129.728 126.136 108.888 107.973 100.174 103.304 97.66 85.871 84.334 87.09 83.611 83.575 91.394 82.486 74.627 77.978 70.141 -9999 -9999 -9999 -9999 -9999 -9999 -9999 -9999 -9999 -9999 -9999 -9999 -9999 -9999
181.824 153.732 149.58 139.423 -9999 -9999 -9999 -9999 -9999 -9999 -9999 138.03 127.839 121.425 -9999 -9999 136.4 132.613 117.904 112.315 -9999 119.584 126.346 123.984 124.897 110.882 114.958 106.917 101.828 -9999 -9999 -9999 -9999 -9999 95.161 98.417 101.155 97.481 101.604 103.258 106.023 118.436 131.274 147.525 145.649 121.477 116.781 107.363 100.85 94.986 88.627 92.27 83.74 88.491 86.944 87.622 84.644 77.852 75.458 72.799 -9999 -9999 -9999 -9999 -9999 -9999 -9999 -9999 -9999 -9999 -9999 -9999 -9999 -9999
176.556 173.515 172.62 147.429 -9999 -9999 -9999 -9999 -9999 -9999 -9999 -9999 127.651 113.111 -9999 -9999 -9999 119.858 114.023 110.877 100.181 -9999 -9999 108.657 107.37 108.283 117.64 113.257 -9999 -9999 -9999 -9999 -9999 107.563 100.76 106.371 105.797 100.658 103.852 103.596 108.266 117.79 131.565 146.411 142.734 143.705 124.274 118.732 118.05 108.577 99.909 100.761 95.743 88.01 89.025 90.119 84.25 78.719 79.984 77.895 -9999 -9999 -9999 -9999 -9999 -9999 -9999 -9999 -9999 -9999 -9999 -9999 -9999 -9999
158.016 162.056 148.587 -9999 -9999 -9999 -9999 -9999 -9999 -9999 -9999 -9999 -9999 112.613 -9999 -9999 -9999 -9999 109.643 114.238 102.919 -9999 -9999 -9999 106.646 108.522 -9999 -9999 -9999 -9999 -9999 -9999 -9999 107.317 106.345 112.03 109.729 113.769 113.129 108.297 101.998 109.878 122.691 128.809 143.386 144.422 129.138 134.533 126.367 113.947 97.728 104.424 103.711 93.435 87.784 84.48 81.619 79.8 82.909 78.424 -9999 -9999 -9999 -9999 -9999 -9999 -9999 -9999 -9999 -9999 -9999 -9999 -9999 -9999
161.856 143.804 -9999 -9999 -9999 -9999 -9999 -9999 -9999 -9999 -9999 -9999 -9999 124.844 -9999 -9999 -9999 -9999 -9999 107.302 98.055 -9999 -9999 -9999 -9999 -9999 -9999 -9999 -9999 -9999 -9999 -9999 -9999 110.682 121.85 126.92 132.603 134.094 122.682 106.658 99.966 104.957 109.995 128.569 153.602 164.534 156.764 136.193 121.703 96.526 93.978 92.256 92.033 92.64 94.236 86.349 79.789 78.826 84.31 83.762 74.874 -9999 -9999 -9999 -9999 -9999 -9999 -9999 -9999 -9999 -9999 -9999 -9999 -9999
152.577 -9999 128.502 133.441 130.461 122.116 -9999 -9999 -9999 -9999 -9999 -9999 -9999 126.128 -9999 -9999 -9999 -9999 -9999 -9999 -9999 -9999 -9999 -9999 -9999 -9999 -9999 -9999 -9999 -9999 -9999 -9999 116.935 121.929 125.219 132.835 134.462 160.07 149.596 122.261 111.325 99.998 108.126 108.058 136.14 167.573 168.804 141.601 116.684 127.017 124.718 103.414 100.524 87.455 87.269 87.508 85.864 85.356 84.329 85.9 81.337 75.304 -9999 -9999 -9999 -9999 -9999 -9999 -9999 -9999 -9999 -9999 -9999 -9999
138.947 132.655 138.664 134.129 120.333 123.038 -9999 -9999 -9999 -9999 -9999 -9999 -9999 -9999 -9999 -9999 -9999 -9999 -9999 -9999 -9999 -9999 -9999 -9999 -9999 -9999 -9999 -9999 -9999 -9999 -9999 126.514 124.573 123.23 140.045 155.104 164.608 200.529 172.458 132.116 112.111 102.513 92.436 96.103 117.758 156.982 180.162 149.68 128.87 120.326 109.95 110.648 106.254 98.128 87.182 87.263 81.975 82.822 88.435 88.311 80.793 76.415 -9999 -9999 -9999 -9999 -9999 -9999 -9999 -9999 -9999 -9999 -9999 -9999
131.688 135.437 133.558 119.176 -9999 120.144 120.896 -9999 -9999 -9999 -9999 -9999 -9999 -9999 -9999 -9999 -9999 -9999 -9999 -9999 -9999 -9999 -9999 -9999 -9999 -9999 -9999 -9999 -9999 -9999 -9999 134.825 135.352 145.528 172.594 177.415 175.987 168.349 166.106 146.033 124.137 106.288 98.72 94.695 107.228 137.998 150.449 165.422 141.804 120.865 108.652 101.584 95.505 90.952 83.248 90.333 88.105 83.283 81.145 85.109 80.098 73.987 72.167 72.202 -9999 -9999 -9999 -9999 -9999 -9999 -9999 -9999 -9999 -9999
140.957 139.984 127.321 119.22 -9999 -9999 118.78 -9999 -9999 -9999 -9999 -9999 -9999 -9999 -9999 -9999 -9999 -9999 -9999 -9999 -9999 -9999 -9999 -9999 -9999 -9999 -9999 -9999 -9999 -9999 -9999 139.137 146.488 163.8 185.629 192.019 191.893 202.857 192.31 167.553 139.386 127.423 107.761 102.477 99.114 95.59 119.88 136.757 128.925 116.927 101.592 86.673 84.545 83.074 80.179 80.842 86.953 80.912 79.527 78.978 77.381 78.399 84.455 81.346 79.174 76.3 80.268 -9999 -9999 -9999 -9999 -9999 -9999 -9999
134.066 130.396 129.989 124.186 113.922 -9999 116.34 -9999 -9999 -9999 -9999 -9999 -9999 -9999 -9999 -9999 -9999 -9999 -9999 -9999 -9999 -9999 -9999 -9999 -9999 -9999 -9999 -9999 -9999 -9999 113.65 147.727 165.711 203.772 248.202 268.635 276.863 221.963 213.772 203.721 191.687 155.61 149.788 123.003 102.092 93.348 108.105 107.968 108.892 113.101 98.519 82.688 78.358 78.664 78.28 79.275 81.27 78.663 79.034 77.724 79.674 81.227 85.508 94.674 90.836 88.009 84.626 82.044 80.559 -9999 -9999 -9999 -9999 -9999
136.352 126.437 122.832 116.267 -9999 114.949 -9999 -9999 -9999 -9999 -9999 -9999 -9999 -9999 -9999 -9999 -9999 -9999 -9999 -9999 -9999 -9999 -9999 -9999 -9999 -9999 -9999 -9999 -9999 -9999 -9999 124.318 163.88 215.55 254.813 300.229 302.117 295.123 231.983 227.16 200.422 206.855 178.544 141.572 122.014 116.55 110.577 110.081 140.366 120.459 106.542 101.798 93.728 82.496 81.188 79.331 80.352 80.801 80.984 82.123 79.541 82.818 82.615 89.892 88.118 83.979 84.343 85.251 83.86 79.308 -9999 -9999 -9999 -9999
155.699 134.352 116.67 124.399 127.958 125.768 -9999 -9999 -9999 -9999 -9999 -9999 -9999 -9999 -9999 -9999 -9999 -9999 -9999 -9999 -9999 -9999 -9999 -9999 -9999 -9999 -9999 -9999 -9999 -9999 -9999 -9999 133.183 177.179 217.959 248.182 285.449 289.068 210.409 181.563 195.069 195.412 171.686 158.436 154.473 143.167 125.801 136.53 140.543 131.456 132.522 117.084 98.125 95.274 86.265 81.605 77.623 78.4 81.413 82.793 81.643 94.945 96.052 102.993 110.664 98.076 94.876 84.637 84.508 81.615 76.137 -9999 -9999 -9999
152.38 130.714 119.347 122.803 127.013 -9999 -9999 -9999 -9999 -9999 -9999 -9999 -9999 -9999 -9999 -9999 -9999 -9999 -9999 -9999 -9999 -9999 -9999 -9999 -9999 -9999 -9999 -9999 -9999 -9999 -9999 -9999 115.711 156.755 192.058 220.087 259.415 237.14 182.177 173.385 164.755 155.81 149.737 147.17 155.171 177.449 151.472 155.686 156.464 134.958 116.146 116.268 94.518 91.413 90.992 81.577 75.393 78.32 79.923 84.696 89.061 96.687 104.735 99.177 101.97 99.159 99.08 95.029 85.905 83.368 80.364 71.615 -9999 -9999
150.113 138.771 127.81 119.721 110.759 -9999 -9999 -9999 -9999 -9999 -9999 -9999 -9999 -9999 -9999 -9999 -9999 -9999 -9999 -9999 -9999 -9999 -9999 -9999 -9999 -9999 -9999 -9999 -9999 -9999 -9999 -9999 -9999 145.875 185.826 205.423 210.811 185.224 176.842 153.332 147.256 145.476 141.881 145.606 163.589 163.648 179.219 162.672 148.805 128.345 123.351 114.28 106.387 86.977 84.758 79.543 77.305 78.758 78.02 85.32 93.949 94.639 99.059 99.655 100.054 96.094 93.37 92.963 91.262 84.638 83.015 75.85 -9999 -9999
152.038 -9999 -9999 -9999 -9999 -9999 -9999 -9999 -9999 -9999 -9999 -9999 -9999 -9999 -9999 -9999 -9999 -9999 -9999 -9999 -9999 -9999 -9999 -9999 -9999 -9999 -9999 -9999 -9999 -9999 -9999 -9999 -9999 137.331 175.998 183.844 156.07 162.987 145.613 146.675 141.485 136.6 144.057 152.323 167.425 217.148 177.95 163.89 145.265 131.699 104.994 102.368 98.439 90.761 77.976 78.769 75.41 73.432 74.433 78.038 90.689 96.904 93.574 90.708 92.176 89.398 91.189 92.739 96.035 91.077 80.458 80.71 69.844 -9999
187.483 -9999 -9999 -9999 -9999 -9999 -9999 -9999 -9999 -9999 -9999 -9999 -9999 -9999 -9999 -9999 -9999 -9999 -9999 -9999 -9999 -9999 -9999 -9999 -9999 -9999 -9999 -9999 -9999 -9999 -9999 -9999 -9999 -9999 161.394 146.293 154.782 180.367 142.515 132.743 124.489 122.706 140.625 155.096 183.112 188.576 188.08 169.506 160.073 137.735 129.129 118.35 106.922 102.499 88.474 78.266 74.191 69.953 68.527 72.094 78.902 93.343 97.483 87.632 81.467 80.882 77.286 81.003 82.879 91.286 81.891 73.853 72.748 -9999
144.553 -9999 -9999 -9999 -9999 -9999 -9999 -9999 -9999 -9999 -9999 -9999 -9999 -9999 -9999 -9999 -9999 -9999 -9999 -9999 -9999 -9999 -9999 -9999 -9999 -9999 -9999 -9999 -9999 -9999 -9999 -9999 -9999 -9999 135.274 -9999 149.982 130.54 123.359 122.268 -9999 127.197 139.332 148.206 157.597 184.766 185.134 173.6 161.344 146.275 140.407 143.762 122.745 106.411 97.743 88.528 75.306 70.807 67.727 69.002 76.083 78.712 88.644 88.64 79.604 74.164 72.246 72.875 75.78 80.449 80.803 76.634 76.773 71.179
-9999 -9999 -9999 -9999 -9999 -9999 -9999 -9999 -9999 -9999 -9999 -9999 -9999 -9999 -9999 -9999 -9999 -9999 -9999 -9999 -9999 -9999 -9999 -9999 -9999 -9999 -9999 -9999 -9999 -9999 -9999 -9999 -9999 -9999 -9999 117.926 119.362 -9999 -9999 -9999 -9999 120.295 126.072 122.65 135.373 149.254 165.155 161.931 152.51 151.155 137.77 131.102 137.708 112.052 108.847 93.555 80.97 76.181 73.841 71.772 74.112 79.289 81.71 87.582 82.952 77.615 74.687 71.732 75.031 80.617 80.684 73.9 74.481 74.381
-9999 -9999 -9999 -9999 -9999 -9999 -9999 -9999 -9999 -9999 -9999 -9999 -9999 -9999 -9999 -9999 -9999 -9999 -9999 -9999 -9999 -9999 -9999 -9999 -9999 -9999 -9999 -9999 -9999 -9999 -9999 -9999 -9999 -9999 -9999 109.854 107.902 -9999 -9999 -9999 -9999 112.49 124.639 116.551 116.189 126.265 130.506 128.003 137.455 150.552 136.007 121.622 135.601 122.975 109.645 100.54 85.646 75.699 74.243 73.255 73.112 70.674 75.184 80.605 81.512 75.913 77.759 76.529 75.266 80.448 82.568 78.741 76.565 72.053
-9999 -9999 -9999 -9999 -9999 -9999 -9999 -9999 -9999 -9999 -9999 -9999 -9999 -9999 -9999 -9999 -9999 -9999 -9999 -9999 -9999 -9999 -9999 -9999 -9999 -9999 -9999 -9999 -9999 -9999 -9999 -9999 -9999 -9999 -9999 104.645 -9999 -9999 -9999 -9999 106.246 114.752 125.447 132.769 128.477 137.906 133.338 120.987 136.955 147.295 126.53 122.785 118.415 123.889 111.506 96.754 85.371 80.388 75.339 74.744 74.464 72.38 70.997 75.907 78.36 78.356 80.367 88.518 84.568 81.2 79.584 76.347 74.326 73.734
-9999 -9999 -9999 -9999 -9999 -9999 -9999 -9999 -9999 -9999 -9999 -9999 -9999 -9999 -9999 -9999 -9999 -9999 -9999 -9999 -9999 -9999 -9999 -9999 -9999 -9999 -9999 -9999 -9999 -9999 -9999 -9999 -9999 -9999 -9999 -9999 -9999 -9999 -9999 -9999 101.157 115.737 141.74 160.263 172.326 159.429 131.31 116.217 120.293 129.109 120.845 117.547 114.85 109.13 106.871 96.888 85.745 81.051 76.836 74.392 73.673 71.5 71.405 72.749 75.678 79.763 82.562 93.514 96.151 82.182 76.221 74.46 73.872 71.752
-9999 -9999 -9999 -9999 -9999 -9999 -9999 -9999 -9999 -9999 -9999 -9999 -9999 -9999 -9999 -9999 -9999 -9999 -9999 -9999 -9999 -9999 -9999 -9999 -9999 -9999 -9999 -9999 -9999 -9999 -9999 -9999 -9999 -9999 -9999 -9999 -9999 -9999 -9999 -9999 101.115 115.393 142.277 167.274 173.077 150.945 129.32 111.971 116.509 115.437 110.453 108.753 101.004 102.875 95.671 95.426 86.595 79.079 73.671 67.842 62.946 68.837 72.834 73.717 73.718 76.63 81.306 87.19 92.335 83.099 73.768 68.511 71.95 72.559
-9999 -9999 -9999 -9999 -9999 -9999 -9999 -9999 -9999 -9999 -9999 -9999 -9999 -9999 -9999 -9999 -9999 -9999 -9999 -9999 -9999 -9999 -9999 -9999 -9999 -9999 -9999 -9999 -9999 -9999 -9999 -9999 -9999 -9999 -9999 -9999 -9999 -9999 -9999 93.954 101.137 111.946 141.553 164.853 169.039 145.312 135.555 113.8 113.463 105.832 107.25 105.052 105.909 92.5 88.396 83.0 82.592 74.041 72.631 69.211 67.67 67.562 71.604 69.326 71.127 72.318 77.66 81.492 85.28 82.072 74.72 70.862 68.384 74.318
-9999 -9999 -9999 -9999 -9999 -9999 -9999 -9999 -9999 -9999 -9999 -9999 -9999 -9999 -9999 -9999 -9999 -9999 -9999 -9999 -9999 -9999 -9999 -9999 -9999 -9999 -9999 -9999 -9999 -9999 -9999 -9999 -9999 -9999 -9999 -9999 -9999 -9999 -9999 94.362 95.237 108.915 127.44 149.483 133.583 133.528 119.919 130.204 132.794 117.536 110.388 108.573 99.579 97.653 86.743 85.139 84.721 81.39 72.732 70.645 68.142 68.983 70.699 69.566 70.849 76.949 77.794 80.279 76.114 78.552 77.378 70.506 68.427 71.877
-9999 -9999 -9999 -9999 -9999 -9999 -9999 -9999 -9999 -9999 -9999 -9999 -9999 -9999 -9999 -9999 -9999 -9999 -9999 -9999 -9999 -9999 -9999 -9999 -9999 -9999 -9999 -9999 -9999 -9999 -9999 -9999 -9999 -9999 -9999 -9999 -9999 -9999 89.476 91.703 96.714 106.205 118.128 121.837 125.164 119.135 119.616 129.934 127.58 121.757 107.559 107.596 96.06 81.693 84.942 81.213 79.403 77.508 77.219 72.0 69.591 69.187 69.384 71.236 72.902 79.64 78.86 76.267 79.464 77.675 80.201 79.203 73.146 69.587
-9999 -9999 -9999 -9999 -9999 -9999 -9999 -9999 -9999 -9999 -9999 -9999 -9999 -9999 -9999 -9999 -9999 -9999 -9999 -9999 -9999 -9999 -9999 -9999 -9999 -9999 -9999 -9999 -9999 -9999 -9999 -9999 -9999 -9999 -9999 -9999 -9999 -9999 85.634 91.458 96.76 101.755 106.041 111.843 113.887 117.145 120.528 115.66 115.292 112.246 129.166 118.705 103.114 88.823 78.956 79.618 72.697 69.082 73.618 77.06 72.117 68.308 72.46 67.869 67.695 71.848 76.845 74.784 77.23 80.13 80.201 74.853 75.233 72.553
-9999 -9999 -9999 -9999 -9999 -9999 -9999 -9999 -9999 -9999 -9999 -9999 -9999 -9999 -9999 -9999 -9999 -9999 -9999 -9999 -9999 -9999 -9999 -9999 -9999 -9999 -9999 -9999 -9999 -9999 -9999 -9999 -9999 -9999 -9999 -9999 -9999 -9999 86.52 88.755 92.537 95.825 105.693 107.569 114.405 113.271 114.481 116.749 133.139 133.895 133.175 117.614 106.087 94.157 84.132 81.969 78.522 70.879 71.981 70.835 70.428 68.877 70.487 72.753 64.8 70.772 76.117 75.067 74.765 74.686 76.644 75.274 74.142 74.12
-9999 -9999 -9999 -9999 -9999 -9999 -9999 -9999 -9999 -9999 -9999 -9999 -9999 -9999 -9999 -9999 -9999 -9999 -9999 -9999 -9999 -9999 -9999 -9999 -9999 -9999 -9999 -9999 -9999 -9999 -9999 -9999 -9999 -9999 -9999 -9999 -9999 -9999 -9999 89.853 88.534 93.048 96.73 112.147 120.574 130.614 132.272 134.89 123.732 133.664 123.086 115.323 100.138 85.282 83.192 76.749 78.819 74.273 72.438 73.406 68.329 71.769 71.184 71.799 70.92 70.559 75.767 75.871 76.17 73.908 71.625 72.058 -9999 71.476
