Validation/Results/ReClimate_05_2024_2.asc
NCOLS 192
NROWS 249
XLLCENTER -225160.85627316462
YLLCENTER 29788.11610251502
CELLSIZE 5000.0
NODATA_VALUE -9999
[rows 165 to 197 of 249, columns 75 to 149 of 192]
-9999 -9999 -9999 -9999 -9999 -9999 -9999 -9999 -9999 -9999 -9999 -9999 -9999 -9999 -9999 -9999 -9999 -9999 -9999 -9999 -9999 -9999 -9999 -9999 -9999 -9999 -9999 -9999 -9999 -9999 -9999 -9999 -9999 -9999 -9999 -9999 -9999 94.446 94.405 94.361 94.35 94.34 94.314 94.264 94.232 94.217 94.221 94.225 94.226 94.225 94.222 94.217 94.211 94.204 94.195 94.184 94.173 94.16 94.146 94.131 94.117 94.104 94.091 94.077 94.06 94.037 94.011 93.982 93.951 93.917 93.879 93.836 93.792 93.76 -9999
-9999 -9999 -9999 -9999 -9999 -9999 -9999 -9999 -9999 -9999 -9999 -9999 -9999 -9999 -9999 -9999 -9999 -9999 -9999 -9999 -9999 -9999 -9999 -9999 -9999 -9999 -9999 -9999 -9999 -9999 -9999 -9999 -9999 -9999 -9999 -9999 -9999 94.373 94.323 94.291 94.264 94.246 94.211 94.163 94.12 94.094 94.086 94.092 94.095 94.094 94.091 94.086 94.079 94.069 94.058 94.046 94.031 94.015 93.997 93.981 93.965 93.949 93.932 93.912 93.889 93.863 93.832 93.797 93.76 93.719 93.673 93.636 93.605 93.575 93.55
-9999 -9999 -9999 -9999 -9999 -9999 -9999 -9999 -9999 -9999 -9999 -9999 -9999 -9999 -9999 -9999 -9999 -9999 -9999 -9999 -9999 -9999 -9999 -9999 -9999 -9999 -9999 -9999 -9999 -9999 -9999 -9999 -9999 -9999 -9999 -9999 94.374 94.321 94.278 94.237 94.204 94.17 94.117 94.068 94.024 93.987 93.964 93.961 93.965 93.965 93.962 93.955 93.947 93.936 93.923 93.907 93.89 93.872 93.855 93.837 93.818 93.798 93.774 93.749 93.72 93.687 93.65 93.61 93.565 93.525 93.492 93.462 93.439 93.416 93.39
-9999 -9999 -9999 -9999 -9999 -9999 -9999 -9999 -9999 -9999 -9999 -9999 -9999 -9999 -9999 -9999 -9999 -9999 -9999 -9999 -9999 -9999 -9999 -9999 -9999 -9999 -9999 -9999 -9999 -9999 -9999 -9999 -9999 -9999 -9999 -9999 94.329 94.28 94.238 94.199 94.163 94.116 94.053 93.995 93.941 93.894 93.862 93.842 93.836 93.836 93.832 93.825 93.815 93.802 93.787 93.769 93.752 93.734 93.716 93.696 93.673 93.648 93.619 93.587 93.551 93.511 93.466 93.427 93.397 93.369 93.344 93.321 93.299 93.274 93.245
-9999 -9999 -9999 -9999 -9999 -9999 -9999 -9999 -9999 -9999 -9999 -9999 -9999 -9999 -9999 -9999 -9999 -9999 -9999 -9999 -9999 -9999 -9999 -9999 -9999 -9999 -9999 -9999 -9999 -9999 -9999 -9999 -9999 -9999 -9999 -9999 -9999 94.242 94.202 94.164 94.128 94.075 94.007 93.944 93.887 93.835 93.785 93.746 93.72 93.707 93.702 93.693 93.682 93.667 93.652 93.637 93.619 93.601 93.58 93.556 93.529 93.498 93.464 93.426 93.388 93.351 93.318 93.286 93.26 93.237 93.215 93.191 93.166 93.138 93.106
-9999 -9999 -9999 -9999 -9999 -9999 -9999 -9999 -9999 -9999 -9999 -9999 -9999 -9999 -9999 -9999 -9999 94.872 94.82 -9999 -9999 -9999 -9999 -9999 -9999 -9999 -9999 -9999 -9999 -9999 -9999 -9999 -9999 -9999 -9999 -9999 94.25 94.207 94.167 94.131 94.093 94.037 93.97 93.908 93.849 93.792 93.74 93.691 93.647 93.609 93.577 93.562 93.549 93.537 93.523 93.507 93.49 93.469 93.444 93.418 93.39 93.361 93.329 93.293 93.26 93.23 93.199 93.168 93.14 93.115 93.089 93.063 93.035 93.004 92.969
-9999 -9999 -9999 -9999 -9999 -9999 -9999 -9999 -9999 -9999 -9999 -9999 -9999 -9999 -9999 -9999 -9999 94.836 94.794 94.756 -9999 -9999 -9999 -9999 -9999 -9999 -9999 -9999 -9999 -9999 -9999 -9999 -9999 -9999 -9999 94.262 94.214 94.172 94.134 94.099 94.058 94.0 93.936 93.875 93.816 93.761 93.708 93.656 93.601 93.548 93.504 93.469 93.452 93.437 93.421 93.404 93.385 93.363 93.338 93.31 93.28 93.248 93.217 93.188 93.158 93.128 93.095 93.059 93.022 92.991 92.963 92.934 92.904 92.871 92.832
-9999 -9999 -9999 -9999 -9999 -9999 -9999 -9999 -9999 -9999 -9999 -9999 -9999 -9999 -9999 -9999 94.865 94.819 94.78 94.743 94.71 -9999 -9999 -9999 -9999 -9999 -9999 -9999 -9999 -9999 -9999 -9999 94.369 -9999 -9999 94.224 94.179 94.139 94.102 94.067 -9999 93.965 93.902 93.842 93.785 93.73 93.678 93.624 93.569 93.515 93.463 93.41 93.375 93.353 93.335 93.315 93.294 93.27 93.243 93.213 93.18 93.151 93.123 93.094 93.063 93.029 92.992 92.951 92.906 92.868 92.836 92.805 92.773 92.738 92.697
-9999 -9999 -9999 -9999 -9999 -9999 -9999 -9999 -9999 -9999 -9999 -9999 -9999 -9999 -9999 -9999 94.643 94.805 94.768 94.732 94.7 94.669 94.31 -9999 -9999 -9999 94.535 94.507 -9999 94.443 94.412 94.384 94.351 94.299 -9999 -9999 94.155 94.115 -9999 -9999 93.998 93.938 93.876 93.817 93.76 93.705 93.65 93.594 93.54 93.487 93.435 93.383 93.331 93.283 93.25 93.226 93.203 93.177 93.147 93.116 93.088 93.06 93.033 93.003 92.97 92.932 92.891 92.844 92.794 92.745 92.707 92.675 92.642 92.606 92.563
-9999 -9999 -9999 -9999 -9999 -9999 -9999 -9999 -9999 -9999 -9999 -9999 -9999 -9999 -9999 -9999 -9999 94.792 94.756 94.722 94.69 94.661 -9999 -9999 94.306 94.556 94.532 94.503 94.471 94.439 94.408 94.38 94.34 94.28 94.227 -9999 94.136 94.095 94.057 94.02 93.973 93.911 93.85 93.791 93.735 93.679 93.623 93.566 93.512 93.458 93.407 93.355 93.303 93.251 93.198 93.151 93.112 93.08 93.051 93.025 92.999 92.974 92.945 92.913 92.877 92.837 92.791 92.74 92.682 92.622 92.577 92.544 92.512 92.475 92.428
-9999 -9999 -9999 -9999 -9999 -9999 -9999 -9999 -9999 -9999 -9999 -9999 -9999 -9999 -9999 -9999 -9999 94.743 94.743 94.712 94.681 94.653 94.316 94.29 94.575 94.551 94.527 94.5 94.469 94.437 94.407 94.376 94.325 94.264 94.206 94.151 94.102 94.058 94.017 93.979 93.931 93.87 93.81 93.752 93.696 93.64 93.583 93.529 93.477 93.425 93.374 93.326 93.274 93.221 93.168 93.114 93.059 93.009 92.967 92.937 92.912 92.886 92.856 92.823 92.785 92.742 92.694 92.638 92.575 92.503 92.448 92.416 92.385 92.346 92.297
-9999 -9999 -9999 -9999 -9999 -9999 -9999 -9999 -9999 -9999 -9999 -9999 -9999 -9999 -9999 -9999 -9999 -9999 94.733 94.702 94.673 94.646 94.619 94.594 94.57 94.546 94.523 94.497 94.467 94.435 94.405 94.365 94.298 94.228 94.163 94.105 94.054 94.009 93.969 93.932 93.886 93.827 93.767 93.71 93.653 93.597 93.541 93.489 93.439 93.387 93.335 93.288 93.24 93.191 93.138 93.083 93.029 92.981 92.936 92.893 92.854 92.814 92.772 92.732 92.693 92.649 92.599 92.541 92.475 92.402 92.335 92.296 92.262 92.225 92.199
-9999 -9999 -9999 -9999 -9999 -9999 -9999 -9999 -9999 -9999 -9999 -9999 -9999 -9999 -9999 -9999 -9999 -9999 -9999 -9999 94.644 94.557 94.553 94.588 94.565 94.541 94.518 94.494 94.465 94.426 94.381 94.324 94.25 94.181 94.118 94.06 94.009 93.964 93.924 93.888 93.843 93.786 93.727 93.67 93.614 93.557 93.502 93.451 93.401 93.349 93.297 93.246 93.199 93.151 93.102 93.051 93.005 92.961 92.92 92.877 92.834 92.79 92.744 92.697 92.651 92.601 92.548 92.49 92.426 92.36 92.296 92.256 92.23 92.203 92.191
-9999 -9999 -9999 -9999 -9999 -9999 -9999 -9999 -9999 -9999 -9999 -9999 -9999 -9999 -9999 -9999 -9999 -9999 -9999 94.685 94.622 94.585 94.596 94.584 94.56 94.537 94.514 94.486 94.439 94.386 94.338 94.278 94.205 94.138 94.077 94.021 93.969 93.923 93.882 93.846 93.803 93.747 93.689 93.633 93.577 93.52 93.466 93.416 93.367 93.315 93.262 93.208 93.159 93.104 93.043 92.99 92.942 92.898 92.853 92.808 92.765 92.723 92.682 92.641 92.601 92.561 92.52 92.479 92.429 92.37 92.31 92.268 92.243 92.229 92.226
-9999 -9999 -9999 -9999 -9999 -9999 -9999 -9999 -9999 -9999 -9999 -9999 -9999 -9999 -9999 -9999 -9999 -9999 94.557 94.678 94.645 94.616 94.599 94.579 94.556 94.53 94.468 94.348 94.323 94.344 94.296 94.234 94.163 94.099 94.039 93.985 93.934 93.886 93.844 93.807 93.765 93.712 93.654 93.598 93.542 93.486 93.432 93.383 93.334 93.283 93.225 93.145 93.076 93.013 92.953 92.898 92.851 92.805 92.76 92.716 92.672 92.631 92.592 92.555 92.519 92.484 92.45 92.417 92.386 92.352 92.319 92.29 92.267 92.259 92.266
-9999 -9999 -9999 -9999 -9999 -9999 -9999 -9999 -9999 -9999 -9999 -9999 -9999 -9999 -9999 -9999 -9999 94.145 94.698 94.672 94.641 94.604 94.587 94.575 94.547 94.497 94.404 94.345 94.34 94.305 94.257 94.194 94.126 94.063 94.005 93.951 93.9 93.853 93.809 93.77 93.728 93.678 93.621 93.566 93.51 93.453 93.401 93.351 93.291 93.218 93.138 93.058 92.978 92.908 92.851 92.801 92.754 92.707 92.662 92.619 92.578 92.538 92.501 92.466 92.433 92.4 92.369 92.338 92.309 92.282 92.258 92.247 92.259 92.285 92.307
-9999 -9999 -9999 -9999 -9999 -9999 -9999 -9999 -9999 -9999 -9999 -9999 -9999 -9999 -9999 94.606 94.202 94.725 94.694 94.667 94.636 94.612 94.594 94.561 94.505 94.452 94.397 94.351 94.314 94.27 94.22 94.158 94.091 94.029 93.972 93.919 93.869 93.822 93.778 93.736 93.694 93.647 93.59 93.535 93.479 93.422 93.36 93.284 93.204 93.123 93.042 92.961 92.879 92.81 92.756 92.708 92.66 92.613 92.567 92.523 92.482 92.445 92.41 92.378 92.347 92.317 92.287 92.258 92.23 92.204 92.18 92.166 92.187 92.239 92.304
-9999 -9999 -9999 -9999 -9999 -9999 -9999 -9999 -9999 -9999 -9999 -9999 -9999 -9999 94.902 94.675 94.759 94.723 -9999 -9999 -9999 -9999 94.539 94.516 94.462 94.412 94.364 94.32 94.278 94.236 94.187 94.125 94.058 93.998 93.941 93.889 93.839 93.793 93.748 93.705 93.665 93.617 93.561 93.506 93.444 93.361 93.276 93.194 93.112 93.031 92.949 92.867 92.788 92.718 92.665 92.617 92.569 92.521 92.474 92.428 92.387 92.351 92.32 92.29 92.261 92.232 92.204 92.177 92.15 92.124 92.098 92.081 92.105 92.163 92.232
-9999 -9999 -9999 -9999 -9999 -9999 -9999 -9999 -9999 -9999 -9999 -9999 -9999 -9999 94.8 94.796 94.758 -9999 -9999 -9999 -9999 -9999 94.438 94.416 94.379 94.374 94.329 94.286 94.194 94.009 94.013 94.095 94.029 93.968 93.912 93.86 93.811 93.764 93.72 93.677 93.636 93.588 93.532 93.462 93.365 93.273 93.188 93.106 93.023 92.941 92.858 92.775 92.7 92.633 92.577 92.528 92.48 92.433 92.385 92.337 92.294 92.26 92.231 92.202 92.174 92.146 92.119 92.092 92.066 92.04 92.014 91.998 92.023 92.085 92.169
-9999 -9999 -9999 -9999 -9999 -9999 -9999 -9999 -9999 -9999 -9999 -9999 -9999 -9999 -9999 -9999 94.703 -9999 -9999 -9999 -9999 -9999 94.288 94.302 94.304 94.34 94.294 94.246 94.115 94.051 94.083 94.038 93.972 93.911 93.856 93.806 93.759 93.716 93.676 93.637 93.601 93.554 93.477 93.377 93.279 93.188 93.103 93.02 92.936 92.853 92.769 92.688 92.616 92.551 92.491 92.441 92.394 92.346 92.299 92.253 92.21 92.174 92.145 92.116 92.082 92.035 91.982 91.932 91.884 91.839 91.796 91.771 91.794 91.866 91.974
-9999 -9999 -9999 -9999 -9999 -9999 -9999 -9999 -9999 -9999 -9999 -9999 -9999 -9999 -9999 -9999 -9999 -9999 -9999 -9999 -9999 -9999 93.692 94.134 94.175 94.281 94.224 94.171 94.113 94.068 94.028 93.968 93.904 93.845 93.791 93.742 93.698 93.658 93.62 93.584 93.543 93.47 93.379 93.282 93.19 93.105 93.019 92.934 92.85 92.765 92.68 92.602 92.534 92.47 92.407 92.354 92.307 92.261 92.216 92.172 92.13 92.083 92.022 91.956 91.892 91.824 91.755 91.69 91.627 91.567 91.508 91.473 91.5 91.582 91.701
-9999 -9999 -9999 -9999 -9999 -9999 -9999 -9999 -9999 -9999 -9999 -9999 -9999 -9999 -9999 -9999 -9999 -9999 -9999 -9999 -9999 -9999 -9999 93.204 93.497 94.198 94.143 94.093 94.047 94.004 93.958 93.902 93.841 93.784 93.731 93.683 93.638 93.598 93.561 93.518 93.444 93.361 93.272 93.177 93.09 93.01 92.93 92.849 92.763 92.677 92.592 92.517 92.452 92.387 92.322 92.266 92.22 92.175 92.131 92.066 91.987 91.91 91.83 91.745 91.661 91.576 91.493 91.419 91.348 91.279 91.211 91.182 91.217 91.313 91.439
-9999 -9999 -9999 -9999 -9999 -9999 -9999 -9999 -9999 -9999 -9999 -9999 -9999 -9999 -9999 -9999 -9999 -9999 -9999 -9999 -9999 -9999 94.282 93.833 94.176 94.12 94.069 94.021 93.977 93.935 93.892 93.84 93.781 93.725 93.462 92.814 92.982 93.54 93.495 93.419 93.334 93.251 93.161 93.07 92.987 92.909 92.832 92.752 92.671 92.588 92.506 92.433 92.368 92.303 92.238 92.178 92.131 92.063 91.977 91.891 91.794 91.698 91.605 91.513 91.422 91.33 91.236 91.146 91.065 90.994 90.93 90.905 90.956 91.06 91.193
-9999 -9999 -9999 -9999 -9999 -9999 -9999 -9999 -9999 -9999 -9999 -9999 -9999 -9999 -9999 -9999 -9999 -9999 -9999 -9999 -9999 -9999 94.203 94.158 94.101 94.048 93.999 93.954 93.911 93.87 93.829 93.781 93.723 93.669 92.922 91.805 92.457 93.479 93.403 93.312 93.225 93.14 93.053 92.967 92.884 92.806 92.729 92.651 92.572 92.489 92.416 92.347 92.282 92.216 92.15 92.074 91.983 91.889 91.784 91.678 91.575 91.475 91.377 91.279 91.181 91.081 90.979 90.876 90.792 90.721 90.655 90.636 90.706 90.823 90.957
-9999 -9999 -9999 -9999 -9999 -9999 -9999 -9999 -9999 -9999 -9999 -9999 -9999 -9999 -9999 -9999 -9999 -9999 -9999 -9999 -9999 -9999 94.131 94.085 94.031 93.981 93.803 93.389 93.535 94.026 93.93 93.723 93.667 93.614 92.996 92.95 93.47 93.398 93.301 93.209 93.12 93.031 92.946 92.864 92.782 92.704 92.626 92.548 92.468 92.387 92.317 92.256 92.192 92.125 92.026 91.909 91.794 91.679 91.567 91.459 91.353 91.248 91.145 91.041 90.936 90.832 90.731 90.628 90.529 90.452 90.383 90.382 90.468 90.595 90.729
-9999 -9999 -9999 -9999 -9999 -9999 -9999 -9999 -9999 -9999 -9999 -9999 -9999 -9999 -9999 -9999 -9999 -9999 -9999 -9999 -9999 -9999 -9999 94.016 93.966 93.918 93.75 93.912 93.982 93.461 93.435 93.665 93.613 93.56 93.511 93.464 93.4 93.3 93.204 93.11 93.019 92.929 92.845 92.764 92.684 92.603 92.524 92.445 92.364 92.283 92.215 92.155 92.089 91.981 91.853 91.71 91.579 91.461 91.347 91.235 91.124 91.015 90.907 90.803 90.7 90.596 90.492 90.387 90.277 90.182 90.115 90.132 90.241 90.371 90.507
-9999 -9999 -9999 -9999 -9999 -9999 -9999 -9999 -9999 -9999 -9999 -9999 -9999 -9999 -9999 -9999 -9999 -9999 -9999 -9999 -9999 -9999 -9999 93.955 93.896 93.83 93.761 93.34 93.173 93.499 93.618 93.608 93.559 93.506 93.457 93.401 93.305 93.204 93.107 93.013 92.921 92.832 92.752 92.671 92.589 92.507 92.426 92.343 92.259 92.178 92.111 92.038 91.928 91.798 91.646 91.494 91.358 91.238 91.121 91.008 90.898 90.79 90.682 90.575 90.47 90.364 90.256 90.144 90.027 89.916 89.856 89.892 90.016 90.149 90.289
-9999 -9999 -9999 -9999 -9999 -9999 -9999 -9999 -9999 -9999 -9999 -9999 -9999 -9999 -9999 -9999 -9999 -9999 -9999 -9999 -9999 -9999 93.888 93.886 93.824 93.77 93.493 93.349 93.505 93.472 93.488 93.551 93.505 93.453 93.399 93.316 93.21 93.11 93.012 92.917 92.825 92.743 92.662 92.58 92.497 92.415 92.334 92.249 92.164 92.082 92.009 91.886 91.749 91.595 91.44 91.285 91.146 91.025 90.907 90.791 90.679 90.569 90.459 90.349 90.239 90.127 90.013 89.895 89.773 89.665 89.61 89.66 89.789 89.926 90.071
-9999 -9999 -9999 -9999 -9999 -9999 -9999 -9999 -9999 -9999 -9999 -9999 -9999 -9999 -9999 -9999 -9999 -9999 -9999 -9999 -9999 -9999 93.824 93.79 93.806 93.948 93.795 93.578 93.547 93.513 93.532 93.493 93.449 93.398 93.332 93.224 93.118 93.016 92.918 92.823 92.737 92.655 92.573 92.49 92.405 92.324 92.246 92.16 92.072 91.986 91.877 91.718 91.561 91.403 91.244 91.084 90.939 90.815 90.695 90.577 90.461 90.346 90.231 90.117 90.001 89.884 89.763 89.639 89.529 89.426 89.373 89.426 89.558 89.701 89.851
-9999 -9999 -9999 -9999 -9999 -9999 -9999 -9999 -9999 -9999 -9999 -9999 -9999 -9999 -9999 -9999 -9999 -9999 -9999 -9999 -9999 -9999 93.727 93.684 93.662 93.403 93.353 93.541 93.509 93.478 93.448 93.421 93.388 93.338 93.245 93.134 93.027 92.924 92.824 92.733 92.648 92.565 92.482 92.398 92.312 92.232 92.154 92.071 91.978 91.862 91.698 91.537 91.376 91.214 91.052 90.886 90.734 90.603 90.478 90.356 90.235 90.116 89.996 89.876 89.755 89.63 89.506 89.394 89.288 89.189 89.135 89.188 89.321 89.469 89.625
-9999 -9999 -9999 -9999 -9999 -9999 -9999 -9999 -9999 -9999 -9999 -9999 -9999 -9999 -9999 -9999 -9999 -9999 -9999 -9999 -9999 93.651 93.62 93.579 93.423 93.389 93.473 93.436 93.402 93.375 93.351 93.329 93.303 93.252 93.146 93.034 92.923 92.817 92.72 92.631 92.546 92.462 92.378 92.293 92.207 92.125 92.048 91.969 91.861 91.684 91.521 91.356 91.192 91.026 90.858 90.687 90.529 90.387 90.254 90.127 90.002 89.877 89.752 89.626 89.497 89.372 89.258 89.15 89.047 88.958 88.907 88.947 89.075 89.228 89.382
-9999 -9999 -9999 -9999 -9999 -9999 -9999 -9999 -9999 -9999 -9999 -9999 -9999 -9999 -9999 -9999 -9999 -9999 -9999 -9999 93.588 93.556 93.512 93.474 93.438 93.404 93.369 93.333 93.3 93.27 93.244 93.216 93.186 93.116 93.013 92.911 92.811 92.712 92.618 92.529 92.441 92.356 92.271 92.186 92.097 92.013 91.936 91.845 91.678 91.5 91.335 91.172 91.006 90.836 90.662 90.485 90.321 90.173 90.025 89.889 89.758 89.628 89.496 89.364 89.239 89.123 89.012 88.906 88.797 88.72 88.683 88.704 88.817 88.971 89.122
-9999 -9999 -9999 -9999 -9999 -9999 -9999 -9999 -9999 -9999 -9999 -9999 -9999 -9999 -9999 -9999 -9999 -9999 93.573 93.54 93.493 93.446 93.405 93.367 93.333 93.299 93.266 93.233 93.197 93.158 93.12 93.087 93.046 92.965 92.871 92.778 92.69 92.607 92.521 92.431 92.342 92.255 92.167 92.079 91.99 91.903 91.816 91.679 91.491 91.313 91.147 90.98 90.808 90.631 90.45 90.266 90.095 89.94 89.783 89.632 89.493 89.358 89.225 89.103 88.987 88.875 88.764 88.651 88.543 88.477 88.452 88.452 88.553 88.708 88.855
