Validation/Results/ReClimate_09_2024_1_Temperature.asc
NCOLS 192
NROWS 249
XLLCENTER -225160.85627316462
YLLCENTER 29788.11610251502
CELLSIZE 5000.0
NODATA_VALUE -9999
[rows 204 to 237 of 249, columns 75 to 149 of 192]
-9999 -9999 -9999 -9999 -0.34 -9999 -0.321 -0.312 -0.3 -0.288 -0.283 -0.28 -0.285 -0.293 -0.26 -0.221 -0.212 -0.203 -0.2 -0.197 -0.187 -0.176 -0.177 -0.18 -0.192 -0.207 -0.221 -0.238 -0.215 -0.187 -0.188 -0.188 -0.18 -0.17 -0.171 -0.173 -0.161 -0.146 -0.142 -0.138 -0.132 -0.125 -0.127 -0.129 -0.12 -0.111 -0.1 -0.089 -0.092 -0.096 -0.088 -0.079 -0.072 -0.065 -0.055 -0.045 -0.041 -0.039 -0.021 -0.001 0.005 0.009 0.021 0.034 0.04 0.044 0.056 0.069 0.069 0.067 0.067 0.065 0.067 0.064 0.074
-9999 -9999 -9999 -9999 -9999 -9999 -9999 -9999 -0.299 -0.281 -0.279 -0.281 -0.281 -0.271 -0.24 -0.209 -0.201 -0.194 -0.192 -0.193 -0.185 -0.177 -0.179 -0.183 -0.196 -0.213 -0.218 -0.207 -0.193 -0.193 -0.19 -0.179 -0.172 -0.168 -0.16 -0.134 -0.131 -0.147 -0.141 -0.13 -0.122 -0.112 -0.113 -0.112 -0.103 -0.094 -0.088 -0.09 -0.093 -0.097 -0.092 -0.09 -0.071 -0.057 -0.05 -0.041 -0.034 -0.029 -0.014 0.004 0.006 0.008 0.03 0.047 0.048 0.05 0.062 0.076 0.068 0.061 0.062 0.061 0.073 0.077 0.085
-9999 -9999 -9999 -9999 -9999 -9999 -9999 -9999 -0.293 -0.275 -0.276 -0.279 -0.27 -0.259 -0.233 -0.203 -0.196 -0.19 -0.189 -0.19 -0.183 -0.175 -0.178 -0.182 -0.196 -0.213 -0.203 -0.192 -0.193 -0.194 -0.184 -0.173 -0.169 -0.166 -0.144 -0.117 -0.13 -0.146 -0.136 -0.125 -0.116 -0.105 -0.105 -0.103 -0.094 -0.086 -0.087 -0.089 -0.092 -0.096 -0.094 -0.093 -0.075 -0.053 -0.046 -0.039 -0.032 -0.025 -0.01 0.006 0.008 0.008 0.028 0.05 0.05 0.049 0.061 0.075 0.068 0.056 0.058 0.058 0.068 0.078 0.086
-9999 -9999 -9999 -9999 -9999 -9999 -0.3 -0.292 -0.283 -0.288 -9999 -0.267 -0.261 -0.262 -0.234 -0.197 -0.194 -9999 -0.195 -0.189 -0.184 -0.18 -0.182 -0.183 -0.191 -0.192 -0.188 -0.193 -0.19 -0.179 -0.17 -0.163 -0.16 -0.161 -0.148 -0.146 -0.149 -0.134 -0.125 -0.117 -0.108 -0.098 -0.097 -0.098 -0.086 -0.067 -0.072 -0.089 -0.092 -0.095 -0.081 -0.072 -0.068 -0.055 -0.043 -0.032 -0.017 -0.004 -0.004 0.003 0.013 0.017 0.03 0.048 0.047 0.045 0.055 0.067 0.065 0.058 0.068 0.074 0.084 0.095 0.097
-9999 -9999 -9999 -9999 -9999 -9999 -0.295 -9999 -9999 -9999 -0.276 -0.26 -0.26 -9999 -9999 -9999 -9999 -9999 -0.192 -0.187 -0.184 -0.181 -0.181 -0.182 -0.181 -0.181 -0.186 -0.191 -0.182 -0.17 -0.164 -0.157 -0.157 -0.157 -0.156 -0.155 -0.142 -0.127 -0.12 -0.112 -0.103 -0.093 -0.094 -0.094 -0.078 -0.059 -0.071 -0.087 -0.089 -0.093 -0.079 -0.063 -0.059 -0.055 -0.043 -0.029 -0.014 0.003 0.004 0.002 0.011 0.019 0.031 0.045 0.044 0.041 0.051 0.062 0.06 0.056 0.066 0.077 0.087 0.097 0.1
-9999 -9999 -9999 -9999 -9999 -9999 -9999 -9999 -0.297 -0.297 -0.281 -0.264 -0.261 -9999 -9999 -9999 -9999 -9999 -9999 -9999 -9999 -0.177 -0.174 -0.166 -0.165 -0.167 -0.168 -0.167 -0.167 -0.186 -0.178 -0.158 -0.155 -0.148 -0.146 -0.144 -0.133 -0.124 -0.113 -0.094 -0.09 -0.098 -0.095 -0.086 -0.072 -0.063 -0.072 -0.076 -0.075 -0.073 -0.063 -0.049 -0.045 -0.04 -0.038 -0.03 -0.013 0.005 0.011 0.012 0.018 0.024 0.021 0.025 0.032 0.033 0.052 0.068 0.069 0.067 0.081 0.094 0.103 0.112 0.107
-9999 -9999 -9999 -9999 -9999 -9999 -9999 -9999 -9999 -0.293 -9999 -9999 -9999 -9999 -9999 -9999 -9999 -9999 -9999 -0.178 -0.176 -0.175 -0.167 -0.158 -0.158 -0.16 -0.157 -0.155 -0.171 -0.19 -0.175 -0.156 -0.149 -0.142 -0.139 -0.137 -0.129 -0.12 -0.104 -0.085 -0.091 -0.098 -9999 -0.081 -0.073 -0.064 -0.066 -0.07 -0.067 -0.064 -0.054 -0.043 -0.039 -0.034 -0.031 -0.03 -0.014 0.004 0.01 0.014 0.019 0.024 0.021 0.017 0.023 0.028 0.046 0.068 0.069 0.069 0.082 0.097 0.106 0.113 0.109
-9999 -9999 -9999 -9999 -9999 -9999 -9999 -9999 -9999 -9999 -9999 -9999 -9999 -9999 -9999 -9999 -9999 -9999 -9999 -0.188 -0.183 -0.173 -0.168 -9999 -9999 -9999 -0.159 -0.16 -0.166 -0.159 -0.146 -0.138 -0.133 -0.134 -0.132 -0.131 -0.121 -0.104 -0.089 -0.075 -0.076 -9999 -0.062 -0.059 -0.058 -0.073 -0.07 -0.058 -0.051 -0.039 -0.033 -0.036 -0.043 -0.045 -0.03 -0.021 -0.024 -0.018 -0.001 0.01 0.017 0.022 0.025 0.024 0.036 0.046 0.051 0.065 0.073 0.076 0.082 0.092 0.098 0.103 0.104
-9999 -9999 -9999 -9999 -9999 -9999 -9999 -9999 -9999 -9999 -9999 -9999 -9999 -9999 -9999 -9999 -9999 -9999 -9999 -9999 -9999 -9999 -9999 -9999 -9999 -9999 -0.156 -0.16 -0.153 -0.144 -0.137 -0.129 -0.128 -0.129 -0.127 -0.126 -0.112 -0.096 -0.083 -9999 -9999 -0.057 -0.053 -0.049 -0.06 -0.075 -0.065 -0.053 -0.041 -0.028 -0.029 -0.032 -0.038 -0.049 -0.035 -0.02 -0.022 -0.027 -0.011 0.007 0.014 0.02 0.023 0.025 0.037 0.05 0.056 0.061 0.069 0.076 0.082 0.086 0.091 0.095 0.096
-9999 -9999 -9999 -9999 -9999 -9999 -9999 -9999 -9999 -9999 -9999 -9999 -9999 -9999 -9999 -9999 -9999 -9999 -9999 -9999 -9999 -9999 -9999 -9999 -9999 -9999 -0.149 -0.148 -0.14 -0.132 -0.127 -0.123 -0.122 -0.121 -0.118 -0.115 -9999 -9999 -9999 -9999 -9999 -0.07 -0.065 -0.055 -0.064 -0.072 -0.06 -0.042 -0.036 -0.044 -0.042 -0.035 -0.033 -0.038 -0.034 -0.023 -0.018 -0.018 -0.008 0.007 0.018 0.028 0.036 0.042 0.045 0.053 0.064 0.072 0.073 0.077 0.079 0.081 0.077 0.075 0.089
-9999 -9999 -9999 -9999 -9999 -9999 -9999 -9999 -9999 -9999 -9999 -9999 -9999 -9999 -9999 -9999 -9999 -9999 -9999 -9999 -9999 -9999 -9999 -9999 -9999 -9999 -9999 -9999 -0.135 -0.126 -0.123 -0.12 -0.118 -0.116 -0.113 -9999 -9999 -9999 -9999 -0.075 -0.075 -0.075 -0.066 -0.057 -0.062 -0.07 -0.055 -0.037 -0.042 -0.05 -0.043 -0.036 -0.035 -0.035 -0.031 -0.026 -0.021 -0.016 -0.006 0.005 0.016 0.028 0.036 0.045 0.049 0.05 0.061 0.073 0.074 0.073 0.076 0.075 0.071 0.065 0.077
-9999 -9999 -9999 -9999 -9999 -9999 -9999 -9999 -9999 -9999 -9999 -9999 -9999 -9999 -9999 -9999 -9999 -9999 -9999 -9999 -9999 -9999 -9999 -9999 -9999 -9999 -9999 -9999 -9999 -0.124 -0.12 -0.112 -0.112 -0.116 -9999 -9999 -9999 -9999 -0.073 -0.056 -0.056 -0.062 -0.056 -0.054 -0.06 -0.068 -0.055 -0.042 -0.044 -0.042 -0.039 -0.044 -0.037 -0.033 -0.023 -0.016 -0.018 -0.017 -0.002 0.012 0.017 0.025 0.033 0.042 0.045 0.047 0.054 0.064 0.068 0.069 0.079 0.083 0.086 0.084 0.072
-9999 -9999 -9999 -9999 -9999 -9999 -9999 -9999 -9999 -9999 -9999 -9999 -9999 -9999 -9999 -9999 -9999 -9999 -9999 -9999 -9999 -9999 -9999 -9999 -9999 -9999 -9999 -9999 -9999 -9999 -9999 -9999 -9999 -9999 -9999 -9999 -9999 -0.07 -0.059 -0.048 -0.051 -0.056 -0.055 -0.053 -0.059 -0.067 -0.056 -0.044 -0.041 -0.039 -0.042 -0.047 -0.04 -0.033 -0.024 -0.013 -0.015 -0.019 -0.005 0.012 0.017 0.021 0.029 0.038 0.041 0.042 0.05 0.057 0.062 0.065 0.073 0.081 0.084 0.086 0.076
-9999 -9999 -9999 -9999 -9999 -9999 -9999 -9999 -9999 -9999 -9999 -9999 -9999 -9999 -9999 -9999 -9999 -9999 -9999 -9999 -9999 -9999 -9999 -9999 -9999 -9999 -9999 -9999 -9999 -9999 -9999 -9999 -9999 -9999 -9999 -9999 -0.061 -0.053 -0.046 -0.046 -0.051 -0.061 -0.061 -0.062 -0.062 -0.052 -0.044 -0.041 -0.041 -0.045 -0.045 -0.038 -0.034 -0.028 -0.019 -0.008 -0.015 -0.022 -0.014 -0.001 0.012 0.022 0.03 0.038 0.044 0.047 0.051 0.057 0.061 0.063 0.076 0.086 0.095 0.101 0.089
-9999 -9999 -9999 -9999 -9999 -9999 -9999 -9999 -9999 -9999 -9999 -9999 -9999 -9999 -9999 -9999 -9999 -9999 -9999 -9999 -9999 -9999 -9999 -9999 -9999 -9999 -9999 -9999 -9999 -9999 -9999 -9999 -9999 -9999 -9999 -9999 -0.051 -0.046 -0.045 -0.046 -0.053 -0.063 -0.064 -0.066 -0.056 -0.046 -0.043 -0.04 -0.043 -0.048 -0.041 -0.035 -0.031 -0.027 -0.018 -0.008 -0.015 -0.024 -0.017 -0.008 0.005 0.019 0.027 0.036 0.041 0.046 0.05 0.053 0.057 0.059 0.07 0.083 0.092 0.101 0.091
-9999 -9999 -9999 -9999 -9999 -9999 -9999 -9999 -9999 -9999 -9999 -9999 -9999 -9999 -9999 -9999 -9999 -9999 -9999 -9999 -9999 -9999 -9999 -0.135 -0.13 -0.138 -0.13 -9999 -0.112 -9999 -9999 -9999 -9999 -9999 -9999 -9999 -9999 -0.04 -0.039 -0.037 -0.044 -0.053 -0.055 -0.061 -0.053 -0.046 -0.045 -0.05 -0.054 -0.059 -0.032 -0.013 -0.012 -0.009 -0.003 0.007 0.0 -0.008 -0.0 0.009 0.008 0.014 0.018 0.024 0.042 0.054 0.057 0.061 0.063 0.065 0.066 0.072 0.084 0.094 0.095
-9999 -9999 -9999 -9999 -9999 -9999 -9999 -9999 -9999 -9999 -9999 -9999 -9999 -9999 -9999 -9999 -9999 -9999 -9999 -9999 -0.127 -0.118 -0.123 -0.13 -0.131 -0.136 -0.126 -0.114 -0.107 -0.099 -0.087 -9999 -9999 -0.08 -0.065 -0.049 -0.043 -0.039 -0.036 -0.035 -0.041 -0.049 -0.053 -0.059 -0.052 -0.046 -0.049 -0.054 -0.058 -0.063 -0.038 -0.006 -0.005 -0.004 0.003 0.01 0.005 -0.004 0.004 0.014 0.013 0.01 0.014 0.017 0.034 0.053 0.057 0.06 0.062 0.062 0.064 0.064 0.075 0.087 0.088
-9999 -9999 -9999 -9999 -9999 -9999 -9999 -9999 -9999 -9999 -9999 -9999 -9999 -9999 -9999 -9999 -9999 -9999 -9999 -0.134 -0.123 -0.107 -0.111 -0.121 -0.126 -0.141 -0.132 -0.125 -0.116 -0.1 -0.085 -0.063 -0.064 -0.067 -0.053 -0.042 -0.039 -0.038 -0.034 -0.027 -0.033 -0.043 -0.048 -0.055 -0.051 -0.053 -0.054 -0.052 -0.054 -0.053 -0.028 -0.001 0.003 0.006 0.001 0.002 0.01 0.01 0.01 0.014 0.019 0.02 0.015 0.014 0.023 0.038 0.044 0.046 0.045 0.043 0.054 0.06 0.069 0.079 0.081
-9999 -9999 -9999 -9999 -9999 -9999 -9999 -9999 -9999 -9999 -9999 -9999 -9999 -9999 -9999 -9999 -9999 -9999 -9999 -0.13 -0.111 -0.102 -0.109 -0.117 -0.127 -0.141 -0.134 -0.127 -0.114 -0.099 -0.08 -0.059 -0.059 -0.061 -0.051 -0.041 -0.039 -0.038 -0.032 -0.025 -0.032 -0.041 -0.046 -0.053 -0.054 -0.056 -0.053 -0.051 -0.05 -0.048 -0.027 -0.001 0.004 0.008 0.004 -0.002 0.005 0.013 0.014 0.013 0.017 0.021 0.017 0.01 0.019 0.03 0.034 0.037 0.036 0.032 0.043 0.054 0.063 0.072 0.074
-9999 -9999 -9999 -9999 -9999 -9999 -9999 -9999 -9999 -9999 -9999 -9999 -9999 -9999 -9999 -9999 -9999 -9999 -9999 -0.125 -0.111 -0.117 -0.119 -0.113 -0.123 -0.136 -0.128 -0.119 -0.107 -0.098 -0.08 -0.058 -0.056 -0.052 -0.048 -0.052 -0.048 -0.038 -0.035 -0.041 -0.038 -0.016 -0.025 -0.047 -0.049 -0.054 -0.048 -0.033 -0.031 -0.032 -0.015 -0.009 -0.004 0.001 0.008 0.008 0.01 0.014 0.019 0.022 0.024 0.027 0.031 0.03 0.026 0.029 0.032 0.034 0.042 0.044 0.047 0.055 0.051 0.054 0.055
-9999 -9999 -9999 -9999 -9999 -9999 -9999 -9999 -9999 -9999 -9999 -9999 -9999 -9999 -9999 -0.148 -0.145 -9999 -0.134 -0.119 -0.12 -0.122 -0.116 -0.111 -0.12 -0.132 -0.123 -0.113 -0.104 -0.095 -0.077 -0.057 -0.053 -0.048 -0.052 -0.057 -0.048 -0.038 -0.042 -0.048 -0.029 -0.007 -0.023 -0.044 -0.048 -0.054 -0.041 -0.026 -0.025 -0.025 -0.019 -0.012 -0.008 -0.003 0.003 0.01 0.012 0.013 0.018 0.023 0.025 0.027 0.031 0.035 0.032 0.026 0.028 0.029 0.036 0.044 0.047 0.05 0.047 0.042 0.044
-9999 -9999 -9999 -9999 -9999 -9999 -9999 -9999 -9999 -9999 -9999 -9999 -9999 -9999 -9999 -0.139 -0.138 -0.144 -0.134 -0.127 -0.125 -0.121 -0.114 -0.102 -0.107 -0.11 -0.103 -0.102 -0.095 -0.09 -0.075 -0.058 -0.058 -0.066 -0.068 -0.064 -0.055 -0.04 -0.043 -0.046 -0.03 -0.017 -0.03 -0.042 -0.045 -0.048 -0.038 -0.034 -0.03 -0.019 -0.014 -0.013 -0.008 -0.004 -0.001 0.003 0.009 0.012 0.01 0.012 0.021 0.027 0.032 0.036 0.035 0.03 0.035 0.039 0.034 0.035 0.045 0.051 0.054 0.053 0.046
-9999 -9999 -9999 -9999 -9999 -9999 -9999 -9999 -9999 -9999 -9999 -9999 -9999 -9999 -0.154 -0.136 -0.139 -0.144 -0.136 -0.128 -0.124 -0.12 -0.109 -0.096 -0.096 -0.098 -0.096 -0.096 -0.092 -0.088 -0.074 -0.058 -0.064 -0.073 -0.07 -0.066 -0.055 -0.042 -0.043 -0.046 -0.035 -0.022 -0.03 -0.041 -0.043 -0.046 -0.042 -0.038 -0.028 -0.018 -0.015 -0.014 -0.009 -0.005 -0.003 -0.001 0.004 0.01 0.008 0.006 0.015 0.025 0.03 0.034 0.032 0.028 0.034 0.04 0.035 0.028 0.037 0.048 0.051 0.053 0.046
-9999 -9999 -9999 -9999 -9999 -9999 -9999 -9999 -9999 -9999 -9999 -9999 -9999 -9999 -9999 -0.137 -0.138 -0.137 -0.131 -0.131 -0.123 -0.111 -0.102 -0.098 -0.096 -0.089 -0.087 -0.084 -0.077 -0.068 -0.058 -0.06 -0.062 -0.056 -0.057 -0.067 -0.059 -0.054 -0.054 -0.05 -0.045 -0.049 -0.05 -0.039 -0.037 -0.029 -0.025 -0.024 -0.016 -0.009 -0.005 -0.002 0.003 0.009 0.008 0.008 0.006 0.007 0.009 -9999 0.013 0.019 0.029 0.035 0.037 0.035 0.038 0.043 0.046 0.045 0.03 0.027 0.039 0.045 0.034
-9999 -9999 -9999 -9999 -9999 -9999 -9999 -9999 -9999 -9999 -9999 -9999 -9999 -9999 -0.15 -0.138 -0.135 -0.134 -0.132 -0.131 -0.12 -0.107 -0.104 -0.101 -0.093 -0.086 -0.082 -0.078 -0.069 -0.059 -0.059 -0.06 -0.055 -0.049 -0.056 -0.066 -0.062 -0.059 -0.055 -0.052 -0.055 -0.059 -0.049 -0.038 -0.031 -0.023 -0.021 -0.02 -0.013 -0.006 -0.002 0.002 0.007 0.013 0.012 0.01 0.009 0.006 0.008 0.01 -9999 0.015 -9999 0.032 -9999 0.035 -9999 0.04 0.044 0.047 0.034 0.016 0.027 0.032 -9999
-9999 -9999 -9999 -9999 -9999 -9999 -9999 -9999 -9999 -9999 -9999 -9999 -9999 -9999 -0.151 -0.13 -0.134 -0.155 -0.15 -0.138 -0.129 -0.122 -0.115 -0.098 -0.091 -0.089 -0.081 -0.068 -0.059 -0.05 -0.049 -0.051 -0.051 -0.059 -0.06 -0.05 -0.045 -0.04 -0.038 -0.044 -0.049 -0.058 -0.052 -0.052 -0.041 -0.017 -0.015 -0.011 -0.006 -0.006 -0.004 -0.007 0.012 0.024 0.013 0.004 0.006 0.003 0.022 0.033 -9999 -9999 0.01 0.013 -9999 -9999 0.039 0.042 0.039 -9999 -9999 -9999 -9999 -9999 -9999
-9999 -9999 -9999 -9999 -9999 -9999 -9999 -9999 -9999 -9999 -9999 -9999 -9999 -0.165 -0.148 -0.131 -0.146 -0.166 -0.154 -0.143 -0.136 -0.129 -0.115 -0.099 -0.095 -0.091 -0.078 -0.064 -0.055 -0.046 -0.046 -0.047 -0.053 -0.061 -0.053 -0.043 -0.037 -0.031 -0.035 -0.04 -0.047 -0.057 -0.057 -0.057 -0.038 -0.016 -0.012 -0.008 -0.006 -0.006 -0.007 -0.01 0.007 0.027 0.017 0.002 0.003 -9999 -9999 -9999 0.025 -9999 -9999 -9999 -9999 -9999 -9999 0.028 -9999 -9999 -9999 -9999 -9999 -9999 -9999
-9999 -9999 -9999 -9999 -9999 -9999 -9999 -9999 -9999 -9999 -9999 -9999 -0.179 -0.176 -0.16 -0.147 -0.152 -0.142 -0.137 -0.147 -0.149 -0.169 -0.161 -0.152 -0.139 -0.103 -0.087 -0.061 -0.052 -0.044 -0.043 -0.043 -0.051 -0.066 -0.058 -9999 -9999 -9999 -9999 -9999 -0.032 -0.035 -0.037 -0.04 -0.026 -0.02 -0.014 -0.003 0.001 0.007 -9999 0.003 -9999 -9999 -9999 -9999 -9999 -0.0 0.011 0.019 0.02 0.009 0.007 -9999 -9999 -9999 -9999 -9999 -9999 -9999 -9999 -9999 -9999 -9999 -9999
-9999 -9999 -9999 -9999 -9999 -9999 -9999 -9999 -9999 -9999 -9999 -0.193 -0.19 -0.184 -0.17 -0.157 -0.146 -0.135 -0.141 -0.15 -0.166 -0.187 -0.181 -0.174 -0.144 -0.11 -0.087 -0.061 -0.053 -0.045 -0.042 -0.041 -9999 -9999 -9999 -9999 -9999 -9999 -9999 -9999 -9999 -9999 -0.032 -0.032 -0.027 -0.022 -0.012 -0.001 0.006 0.012 0.014 -9999 -9999 -9999 -9999 -9999 -9999 -9999 0.003 0.009 0.01 0.007 -9999 -9999 -9999 -9999 -9999 -9999 -9999 -9999 -9999 -9999 -9999 -9999 -9999
-9999 -9999 -9999 -9999 -9999 -9999 -9999 -9999 -9999 -0.202 -0.198 -0.186 -0.196 -0.229 -0.21 -0.175 -0.161 -0.142 -0.156 -0.191 -0.194 -0.173 -0.157 -0.125 -0.104 -0.101 -0.082 -0.069 -0.06 -0.05 -9999 -9999 -9999 -9999 -9999 -9999 -9999 -9999 -9999 -9999 -9999 -9999 -9999 -0.018 -9999 -9999 -9999 -9999 -9999 0.006 0.007 -9999 -9999 -9999 -9999 -9999 -9999 -9999 -9999 -9999 0.005 -0.001 -9999 -9999 -9999 -9999 -9999 -9999 -9999 -9999 -9999 -9999 -9999 -9999 -9999
-9999 -9999 -9999 -9999 -9999 -9999 -9999 -9999 -0.201 -9999 -0.192 -0.186 -0.217 -0.251 -0.22 -0.186 -0.167 -0.148 -0.175 -0.209 -0.19 -0.168 -0.14 -0.107 -0.102 -0.098 -0.086 -0.074 -0.063 -0.053 -9999 -9999 -9999 -9999 -9999 -9999 -9999 -9999 -9999 -9999 -9999 -9999 -9999 -9999 -0.016 -9999 -9999 -9999 -9999 -9999 -9999 -9999 -9999 -9999 -9999 -9999 -9999 -9999 -9999 -9999 -9999 -9999 -9999 -9999 -9999 -9999 -9999 -9999 -9999 -9999 -9999 -9999 -9999 -9999 -9999
-9999 -9999 -9999 -9999 -9999 -9999 -9999 -0.2 -0.197 -0.197 -0.201 -0.223 -0.247 -0.255 -0.235 -0.224 -0.2 -0.158 -0.17 -9999 -0.145 -0.142 -0.135 -0.167 -0.149 -0.097 -0.084 -0.071 -0.061 -9999 -9999 -9999 -9999 -9999 -9999 -9999 -9999 -9999 -9999 -9999 -9999 -9999 -9999 -9999 -9999 -9999 -9999 -9999 -9999 -9999 -9999 -9999 -9999 -9999 -9999 -9999 -9999 -9999 -9999 -9999 -9999 -9999 -9999 -9999 -9999 -9999 -9999 -9999 -9999 -9999 -9999 -9999 -9999 -9999 -9999
-9999 -9999 -9999 -9999 -9999 -9999 -9999 -0.196 -0.196 -0.199 -0.218 -0.24 -0.248 -0.258 -0.253 -0.244 -0.207 -0.167 -0.156 -0.145 -0.139 -0.135 -0.16 -0.192 -0.149 -0.098 -0.085 -0.072 -0.062 -9999 -9999 -9999 -9999 -9999 -9999 -9999 -9999 -9999 -9999 -9999 -9999 -9999 -9999 -9999 -9999 -9999 -9999 -9999 -9999 -9999 -9999 -9999 -9999 -9999 -9999 -9999 -9999 -9999 -9999 -9999 -9999 -9999 -9999 -9999 -9999 -9999 -9999 -9999 -9999 -9999 -9999 -9999 -9999 -9999 -9999
-9999 -9999 -9999 -9999 -9999 -9999 -0.19 -0.19 -0.205 -0.249 -0.26 -0.252 -0.255 -0.251 -0.248 -0.245 -0.211 -0.17 -0.157 -0.143 -0.134 -0.126 -0.139 -0.138 -0.105 -0.092 -0.082 -0.079 -9999 -9999 -9999 -9999 -9999 -9999 -9999 -9999 -9999 -9999 -9999 -9999 -9999 -9999 -9999 -9999 -9999 -9999 -9999 -9999 -9999 -9999 -9999 -9999 -9999 -9999 -9999 -9999 -9999 -9999 -9999 -9999 -9999 -9999 -9999 -9999 -9999 -9999 -9999 -9999 -9999 -9999 -9999 -9999 -9999 -9999 -9999
