Validation/Results/ReClimate_06_2024_1_Temperature-Actuals.asc
NCOLS 192
NROWS 249
XLLCENTER -225160.85627316462
YLLCENTER 29788.11610251502
CELLSIZE 5000.0
NODATA_VALUE -9999
[rows 102 to 135 of 249, columns 75 to 149 of 192]
13.453 12.343 13.008 13.024 15.036 15.764 -9999 -9999 14.702 -9999 -9999 15.508 12.926 12.728 14.6 13.686 11.374 13.149 12.153 12.306 12.662 13.23 15.035 14.176 13.241 12.278 12.959 14.084 13.407 13.72 14.994 15.886 16.328 16.171 15.604 14.721 15.567 15.864 16.044 16.302 16.202 16.144 -9999 -9999 -9999 -9999 -9999 -9999 -9999 -9999 -9999 -9999 -9999 -9999 -9999 -9999 -9999 -9999 -9999 -9999 -9999 -9999 -9999 -9999 -9999 -9999 -9999 -9999 -9999 -9999 -9999 -9999 -9999 -9999 -9999
14.219 14.118 13.335 14.698 -9999 -9999 -9999 15.426 14.403 15.101 14.858 14.711 13.7 15.613 15.178 13.418 13.286 13.732 13.91 13.999 14.001 14.044 13.063 14.063 13.257 13.598 13.419 13.076 13.799 14.647 15.571 16.221 16.371 16.012 15.213 15.797 16.326 -9999 -9999 16.466 -9999 -9999 -9999 -9999 -9999 -9999 -9999 -9999 -9999 -9999 -9999 -9999 -9999 -9999 -9999 -9999 -9999 -9999 -9999 -9999 -9999 -9999 -9999 -9999 -9999 -9999 -9999 -9999 -9999 -9999 -9999 -9999 -9999 -9999 -9999
14.935 13.911 -9999 14.545 -9999 -9999 -9999 15.242 14.542 14.552 14.572 15.018 15.643 14.748 13.48 13.239 13.793 14.229 13.843 13.508 14.165 13.614 15.016 14.162 13.969 14.833 15.3 15.556 15.44 15.943 16.249 16.294 16.431 16.361 16.156 16.469 -9999 16.161 16.262 16.178 16.127 -9999 -9999 -9999 -9999 -9999 -9999 -9999 -9999 -9999 -9999 -9999 -9999 -9999 -9999 -9999 -9999 -9999 -9999 -9999 -9999 -9999 -9999 -9999 -9999 -9999 -9999 -9999 -9999 -9999 -9999 -9999 -9999 -9999 -9999
15.365 -9999 -9999 -9999 -9999 15.513 15.193 14.444 14.665 14.354 14.849 14.573 13.538 12.992 12.959 14.122 13.974 14.579 13.229 14.603 13.136 14.816 13.685 12.799 14.82 15.547 15.297 15.607 16.207 16.317 16.505 16.583 16.662 16.685 -9999 16.406 16.184 16.195 16.09 16.289 16.027 -9999 -9999 -9999 -9999 -9999 -9999 -9999 -9999 -9999 -9999 -9999 -9999 -9999 -9999 -9999 -9999 -9999 -9999 -9999 -9999 -9999 -9999 -9999 -9999 -9999 -9999 -9999 -9999 -9999 -9999 -9999 -9999 -9999 -9999
-9999 -9999 -9999 -9999 -9999 15.283 15.716 15.298 14.433 14.722 15.129 13.778 14.634 14.535 14.077 13.182 14.642 14.71 13.89 13.283 14.16 14.23 13.011 14.174 14.111 13.76 14.793 15.386 15.6 15.868 16.008 15.776 15.732 15.57 15.755 16.268 16.466 16.142 15.897 16.032 15.839 15.774 -9999 -9999 -9999 -9999 -9999 -9999 -9999 -9999 -9999 -9999 -9999 -9999 -9999 -9999 -9999 -9999 -9999 -9999 -9999 -9999 -9999 -9999 -9999 -9999 -9999 -9999 -9999 -9999 -9999 -9999 -9999 -9999 -9999
-9999 -9999 -9999 -9999 15.144 -9999 -9999 15.043 14.454 15.28 14.168 14.603 -9999 -9999 13.543 13.297 14.137 14.709 13.838 14.206 14.567 14.231 14.613 15.459 14.792 15.033 15.38 15.681 15.153 14.59 14.166 14.514 14.757 15.306 15.731 15.92 16.413 15.77 15.708 15.5 15.538 15.58 15.693 -9999 -9999 -9999 -9999 -9999 -9999 -9999 -9999 -9999 -9999 -9999 -9999 -9999 -9999 -9999 -9999 -9999 -9999 -9999 -9999 -9999 -9999 -9999 -9999 -9999 -9999 -9999 -9999 -9999 -9999 -9999 -9999
-9999 -9999 -9999 -9999 15.172 -9999 15.379 14.901 15.228 14.049 14.129 15.632 15.831 14.026 13.267 14.231 16.201 14.202 12.976 15.186 15.264 14.862 15.546 15.863 15.973 16.172 15.973 14.714 13.579 13.651 14.354 14.86 15.499 15.75 15.649 15.927 15.978 15.876 16.059 16.133 16.056 16.03 -9999 -9999 -9999 -9999 -9999 -9999 -9999 -9999 -9999 -9999 -9999 -9999 -9999 -9999 -9999 -9999 -9999 -9999 -9999 -9999 -9999 -9999 -9999 -9999 -9999 -9999 -9999 -9999 -9999 -9999 -9999 -9999 -9999
-9999 -9999 -9999 -9999 15.2 -9999 15.278 15.612 14.948 14.676 15.381 -9999 14.113 14.453 -9999 14.414 14.499 14.279 15.321 14.153 15.475 15.962 16.424 16.559 16.781 16.821 16.21 15.091 15.612 15.917 15.931 15.693 15.521 15.807 15.817 16.158 16.157 16.163 -9999 -9999 -9999 -9999 -9999 -9999 -9999 -9999 -9999 -9999 -9999 -9999 -9999 -9999 -9999 -9999 -9999 -9999 -9999 -9999 -9999 -9999 -9999 -9999 -9999 -9999 -9999 -9999 -9999 -9999 -9999 -9999 -9999 -9999 -9999 -9999 -9999
-9999 -9999 14.858 14.89 -9999 -9999 15.718 15.485 15.023 15.464 15.441 13.632 14.239 13.287 -9999 15.099 14.319 15.134 15.307 15.242 15.505 16.12 16.061 15.918 15.814 16.051 16.578 16.813 16.808 16.558 16.085 15.609 15.543 15.741 15.882 16.018 16.149 -9999 -9999 -9999 -9999 -9999 -9999 -9999 -9999 -9999 -9999 -9999 -9999 -9999 -9999 -9999 -9999 -9999 -9999 -9999 -9999 -9999 -9999 -9999 -9999 -9999 -9999 -9999 -9999 -9999 -9999 -9999 -9999 -9999 -9999 -9999 -9999 -9999 -9999
-9999 15.295 15.018 15.155 -9999 15.644 14.46 14.596 15.488 -9999 14.032 14.494 13.503 13.482 -9999 14.755 14.105 15.363 16.448 16.338 16.405 16.116 15.756 15.388 14.773 15.372 16.289 16.77 -9999 16.739 16.322 16.102 16.019 15.805 15.419 15.753 -9999 -9999 -9999 -9999 -9999 -9999 -9999 -9999 -9999 -9999 -9999 -9999 -9999 -9999 -9999 -9999 -9999 -9999 -9999 -9999 -9999 -9999 -9999 -9999 -9999 -9999 -9999 -9999 -9999 -9999 -9999 -9999 -9999 -9999 -9999 -9999 -9999 -9999 -9999
-9999 15.455 15.471 -9999 -9999 15.043 13.848 14.858 -9999 14.784 14.561 14.539 13.999 14.484 -9999 15.74 15.717 16.198 16.502 16.36 16.064 15.63 13.971 13.968 14.32 15.07 16.178 16.852 16.958 17.019 -9999 -9999 16.519 16.11 -9999 -9999 -9999 -9999 -9999 -9999 16.019 15.96 16.108 -9999 -9999 -9999 -9999 -9999 -9999 -9999 -9999 -9999 -9999 -9999 -9999 -9999 -9999 -9999 -9999 -9999 -9999 -9999 -9999 -9999 -9999 -9999 -9999 -9999 -9999 -9999 -9999 -9999 -9999 -9999 -9999
15.313 14.809 -9999 -9999 14.624 14.264 15.113 14.619 -9999 14.8 14.393 15.25 15.269 14.136 -9999 -9999 -9999 16.546 16.095 15.389 15.231 14.987 15.108 15.597 15.725 16.214 16.387 16.333 16.457 16.713 16.759 16.482 16.268 16.42 -9999 -9999 -9999 -9999 -9999 16.04 15.959 15.94 16.271 16.285 -9999 -9999 -9999 -9999 -9999 -9999 -9999 -9999 -9999 -9999 -9999 -9999 -9999 -9999 -9999 -9999 -9999 -9999 -9999 -9999 -9999 -9999 -9999 -9999 -9999 -9999 -9999 -9999 -9999 -9999 -9999
14.546 14.974 -9999 -9999 -9999 15.627 14.406 14.885 -9999 14.757 -9999 15.638 14.552 15.531 -9999 16.189 15.823 15.758 -9999 15.917 16.195 16.147 16.402 16.324 16.407 16.341 16.113 15.814 15.969 16.149 15.723 15.699 16.221 16.49 16.576 16.47 16.467 -9999 16.198 15.98 15.973 16.178 15.915 15.503 15.359 16.198 -9999 -9999 -9999 -9999 -9999 -9999 -9999 -9999 -9999 -9999 -9999 -9999 -9999 -9999 -9999 -9999 -9999 -9999 -9999 -9999 -9999 -9999 -9999 -9999 -9999 -9999 -9999 -9999 -9999
14.891 -9999 -9999 -9999 -9999 14.664 14.099 15.364 -9999 15.771 -9999 15.674 16.052 -9999 15.905 15.111 14.861 15.769 16.338 16.59 16.554 16.698 16.683 16.42 16.396 16.089 15.502 15.355 15.505 15.587 15.611 15.88 16.152 16.2 16.123 15.929 16.358 16.329 15.841 15.898 15.928 15.787 15.132 14.799 14.612 14.996 15.825 15.902 15.695 -9999 -9999 -9999 -9999 -9999 -9999 -9999 -9999 -9999 -9999 -9999 -9999 -9999 -9999 -9999 -9999 -9999 -9999 -9999 -9999 -9999 -9999 -9999 -9999 -9999 -9999
15.869 -9999 -9999 -9999 -9999 14.657 15.459 15.148 14.85 -9999 -9999 16.293 16.239 -9999 15.785 14.591 14.496 15.587 16.069 16.601 16.833 16.825 16.752 16.888 16.689 16.184 15.653 15.093 15.148 15.29 15.497 15.516 15.369 15.215 14.889 15.472 16.186 16.042 15.729 15.593 15.227 14.172 14.035 14.513 14.561 14.984 15.044 15.595 15.728 15.482 -9999 -9999 -9999 -9999 -9999 -9999 -9999 -9999 -9999 -9999 -9999 -9999 -9999 -9999 -9999 -9999 -9999 -9999 -9999 -9999 -9999 -9999 -9999 -9999 -9999
-9999 -9999 -9999 -9999 -9999 15.302 15.424 14.59 15.621 -9999 -9999 16.137 16.214 -9999 -9999 14.718 14.996 15.869 15.837 15.799 16.157 16.345 16.482 16.286 16.709 16.697 16.017 15.538 15.109 14.95 14.766 14.809 14.421 14.347 14.919 15.431 15.543 15.459 15.188 14.819 14.225 14.11 14.125 14.552 14.834 15.184 15.78 15.864 15.55 15.415 -9999 -9999 -9999 -9999 -9999 -9999 -9999 -9999 -9999 -9999 -9999 -9999 -9999 -9999 -9999 -9999 -9999 -9999 -9999 -9999 -9999 -9999 -9999 -9999 -9999
-9999 -9999 -9999 -9999 -9999 15.69 14.951 15.143 -9999 -9999 -9999 -9999 16.145 -9999 15.922 15.009 15.921 16.184 15.566 15.345 15.312 15.738 15.782 15.918 16.134 16.399 16.312 15.493 14.978 14.899 14.93 14.545 14.265 14.693 15.022 14.957 14.868 14.329 14.432 14.655 14.834 14.761 14.679 14.909 15.109 15.547 16.038 16.006 15.893 15.811 15.436 -9999 -9999 -9999 -9999 -9999 -9999 -9999 -9999 -9999 -9999 -9999 -9999 -9999 -9999 -9999 -9999 -9999 -9999 -9999 -9999 -9999 -9999 -9999 -9999
-9999 -9999 -9999 14.873 14.928 14.826 15.249 -9999 -9999 14.748 -9999 -9999 -9999 -9999 15.926 15.794 16.265 16.154 15.813 15.354 15.092 15.042 14.942 15.023 15.51 15.834 15.957 15.891 15.21 15.2 15.058 14.944 15.129 15.034 14.597 14.675 13.716 13.385 14.013 14.531 14.873 15.227 15.242 15.367 15.311 15.671 16.101 16.204 16.205 16.058 15.846 -9999 -9999 -9999 -9999 -9999 -9999 -9999 -9999 -9999 -9999 -9999 -9999 -9999 -9999 -9999 -9999 -9999 -9999 -9999 -9999 -9999 -9999 -9999 -9999
-9999 -9999 -9999 -9999 14.547 14.753 15.603 -9999 14.877 14.081 14.858 -9999 -9999 -9999 -9999 16.319 16.399 16.407 16.133 15.768 15.415 14.978 14.904 15.15 15.416 15.554 15.795 15.49 15.635 15.409 15.181 14.976 14.959 14.477 15.174 14.667 14.508 14.352 13.886 14.19 15.059 15.368 15.722 15.766 15.753 15.972 16.191 16.291 16.315 16.056 15.974 15.818 -9999 -9999 -9999 -9999 -9999 -9999 -9999 -9999 -9999 -9999 -9999 -9999 -9999 -9999 -9999 -9999 -9999 -9999 -9999 -9999 -9999 -9999 -9999
-9999 -9999 -9999 -9999 14.954 14.82 15.176 -9999 15.395 14.443 15.344 -9999 -9999 -9999 -9999 -9999 16.391 16.415 16.335 16.229 16.038 15.778 15.492 15.099 14.672 14.877 15.251 15.54 15.521 15.234 15.049 15.115 14.835 14.923 15.3 15.082 14.986 14.997 15.398 15.441 15.694 15.755 16.042 15.882 16.115 16.529 16.546 16.523 16.396 16.204 15.799 15.889 15.877 -9999 -9999 -9999 -9999 -9999 -9999 -9999 -9999 -9999 -9999 -9999 -9999 -9999 -9999 -9999 -9999 -9999 -9999 -9999 -9999 -9999 -9999
-9999 -9999 -9999 -9999 14.775 14.324 -9999 -9999 15.926 15.183 14.864 15.751 -9999 -9999 -9999 -9999 -9999 16.352 16.159 16.044 16.035 15.392 14.787 14.475 14.189 14.366 14.782 15.186 14.941 15.156 15.096 14.741 14.576 14.948 13.607 14.542 14.396 15.208 14.791 15.362 15.914 15.828 16.059 16.234 16.522 16.445 16.144 16.046 16.208 16.046 16.258 15.668 15.94 15.936 15.92 -9999 -9999 -9999 -9999 -9999 -9999 -9999 -9999 -9999 -9999 -9999 -9999 -9999 -9999 -9999 -9999 -9999 -9999 -9999 -9999
-9999 -9999 -9999 -9999 14.403 15.056 -9999 -9999 15.241 14.392 14.627 -9999 -9999 -9999 -9999 -9999 -9999 16.368 16.197 16.092 15.865 15.305 15.046 15.018 14.759 14.705 14.641 14.731 14.838 14.931 14.055 13.413 14.301 13.278 12.844 13.379 14.64 14.595 15.31 16.086 15.672 15.823 16.108 16.089 16.174 16.261 16.051 15.985 15.459 15.308 16.033 15.894 15.619 15.971 16.013 -9999 -9999 -9999 -9999 -9999 -9999 -9999 -9999 -9999 -9999 -9999 -9999 -9999 -9999 -9999 -9999 -9999 -9999 -9999 -9999
-9999 -9999 -9999 -9999 14.692 15.546 -9999 -9999 -9999 15.465 15.281 15.433 -9999 -9999 -9999 -9999 -9999 16.431 16.245 16.146 15.95 15.584 15.437 14.868 14.17 13.95 14.476 14.45 15.006 14.844 14.113 13.97 14.421 12.862 13.508 14.311 14.08 14.612 15.696 15.438 15.717 15.705 15.867 16.174 16.015 15.805 15.797 15.365 14.079 14.458 15.151 15.922 15.769 15.793 15.942 -9999 -9999 -9999 -9999 -9999 -9999 -9999 -9999 -9999 -9999 -9999 -9999 -9999 -9999 -9999 -9999 -9999 -9999 -9999 -9999
-9999 -9999 -9999 14.267 14.687 15.285 -9999 -9999 -9999 -9999 -9999 -9999 -9999 -9999 -9999 -9999 -9999 16.158 15.993 15.972 15.742 15.447 15.261 14.582 14.235 14.238 14.561 14.742 14.501 14.485 13.706 13.904 13.221 12.882 13.604 14.363 14.11 14.604 14.868 15.402 15.42 15.799 15.765 15.655 15.852 15.547 15.379 14.26 14.041 13.908 15.165 16.077 16.144 15.937 15.876 16.156 -9999 -9999 -9999 -9999 -9999 -9999 -9999 -9999 -9999 -9999 -9999 -9999 -9999 -9999 -9999 -9999 -9999 -9999 -9999
-9999 -9999 14.15 14.215 14.305 15.368 -9999 -9999 -9999 -9999 -9999 -9999 -9999 -9999 -9999 16.504 16.274 16.171 15.803 15.297 14.927 15.081 15.128 15.067 14.926 15.372 14.918 14.074 14.202 14.215 14.217 14.583 14.063 13.162 14.571 14.4 14.415 14.597 15.056 15.46 15.861 15.296 15.346 15.646 15.549 15.262 14.487 14.284 14.235 14.349 15.131 16.215 16.363 16.02 15.95 16.075 -9999 -9999 -9999 -9999 -9999 -9999 -9999 -9999 -9999 -9999 -9999 -9999 -9999 -9999 -9999 -9999 -9999 -9999 -9999
-9999 -9999 14.188 14.729 15.598 -9999 -9999 -9999 -9999 -9999 -9999 -9999 -9999 -9999 -9999 16.525 16.583 16.289 15.469 14.97 15.014 14.403 14.078 14.222 14.266 14.692 14.846 15.0 14.826 14.357 14.718 15.199 14.828 14.48 13.794 14.316 14.142 14.815 15.212 15.873 15.469 15.298 15.484 15.357 14.895 14.249 13.909 14.36 14.762 15.13 15.686 15.675 15.664 15.882 15.917 16.046 -9999 -9999 -9999 -9999 -9999 -9999 -9999 -9999 -9999 -9999 -9999 -9999 -9999 -9999 -9999 -9999 -9999 -9999 -9999
-9999 -9999 -9999 -9999 -9999 -9999 -9999 -9999 -9999 -9999 -9999 -9999 -9999 -9999 -9999 16.623 16.554 15.575 15.308 15.052 14.803 13.912 13.863 13.305 13.783 14.233 14.743 15.015 14.698 13.438 14.067 15.415 15.46 14.141 14.095 14.404 14.511 14.477 15.246 14.815 14.648 14.988 14.588 14.231 13.848 14.597 14.658 14.728 14.866 15.113 15.938 16.094 15.91 16.009 16.237 16.25 -9999 -9999 -9999 -9999 -9999 -9999 -9999 -9999 -9999 -9999 -9999 -9999 -9999 -9999 -9999 -9999 -9999 -9999 -9999
-9999 -9999 -9999 -9999 -9999 -9999 -9999 -9999 -9999 -9999 -9999 -9999 -9999 -9999 16.328 15.888 15.264 15.262 14.752 14.949 14.856 14.695 13.679 13.774 13.689 14.07 14.45 15.502 15.07 14.479 14.741 15.334 15.513 15.056 14.853 14.755 14.578 14.608 14.16 14.902 15.167 14.919 14.582 13.467 14.34 14.152 14.552 15.058 14.938 15.125 15.083 15.881 16.301 16.434 16.419 16.385 -9999 -9999 -9999 -9999 -9999 -9999 -9999 -9999 -9999 -9999 -9999 -9999 -9999 -9999 -9999 -9999 -9999 -9999 -9999
-9999 -9999 -9999 -9999 -9999 -9999 -9999 -9999 -9999 -9999 -9999 -9999 -9999 -9999 15.678 15.468 15.127 14.175 14.439 14.972 14.912 14.131 14.826 14.356 14.178 14.504 15.012 16.033 15.898 15.339 15.06 15.196 15.967 15.615 15.427 15.3 15.182 14.368 15.323 14.764 15.169 15.155 13.741 14.905 14.423 14.492 14.928 14.893 15.351 15.218 14.854 15.388 15.968 16.164 16.33 16.449 -9999 -9999 -9999 -9999 -9999 -9999 -9999 -9999 -9999 -9999 -9999 -9999 -9999 -9999 -9999 -9999 -9999 -9999 -9999
-9999 -9999 -9999 -9999 -9999 -9999 -9999 -9999 -9999 -9999 -9999 -9999 -9999 15.849 15.366 15.579 14.533 14.72 14.401 13.577 14.158 14.794 15.119 14.676 14.883 14.989 15.04 15.51 15.687 15.444 15.488 16.312 16.299 15.912 15.389 15.323 14.571 15.549 15.241 14.806 15.557 14.459 14.351 15.078 15.31 15.469 14.974 15.017 15.175 14.944 15.256 15.612 16.012 16.205 16.324 16.489 16.487 -9999 -9999 -9999 -9999 -9999 -9999 -9999 -9999 -9999 -9999 -9999 -9999 -9999 -9999 -9999 -9999 -9999 -9999
-9999 -9999 -9999 -9999 -9999 -9999 -9999 -9999 -9999 -9999 -9999 -9999 15.53 15.477 15.53 15.548 15.29 15.026 14.347 14.488 14.45 14.225 15.581 15.595 15.393 15.048 15.047 15.403 15.841 16.317 16.506 16.194 16.468 16.113 15.651 15.311 15.575 15.882 15.582 15.595 15.788 14.637 14.343 14.723 14.919 15.068 15.146 15.457 15.396 15.109 15.551 15.774 16.005 16.197 16.475 16.567 16.597 -9999 -9999 -9999 -9999 -9999 -9999 -9999 -9999 -9999 -9999 -9999 -9999 -9999 -9999 -9999 -9999 -9999 -9999
-9999 -9999 -9999 -9999 -9999 -9999 -9999 -9999 -9999 -9999 -9999 -9999 15.367 14.397 15.316 15.45 15.472 15.606 14.974 13.807 14.095 15.324 15.669 16.007 15.742 15.477 15.298 15.176 16.437 16.856 16.594 16.577 16.187 16.229 15.773 15.887 15.877 16.175 15.973 16.057 15.537 15.161 14.741 14.68 14.928 14.986 15.533 15.871 15.687 15.599 15.564 15.72 16.084 16.473 16.536 16.593 16.619 -9999 -9999 -9999 -9999 -9999 -9999 -9999 -9999 -9999 -9999 -9999 -9999 -9999 -9999 -9999 -9999 -9999 -9999
-9999 -9999 -9999 -9999 -9999 -9999 -9999 -9999 -9999 -9999 -9999 15.227 14.425 14.901 15.123 15.283 15.645 15.83 14.982 14.513 14.952 15.112 15.707 15.915 16.026 15.639 15.281 16.034 16.376 16.657 17.001 16.549 16.494 16.293 16.351 16.234 16.315 16.482 16.441 15.996 16.104 15.505 14.778 15.103 15.114 15.238 15.327 15.801 15.947 16.276 15.911 15.898 16.186 16.562 16.765 16.677 16.634 16.708 -9999 -9999 -9999 -9999 -9999 -9999 -9999 -9999 -9999 -9999 -9999 -9999 -9999 -9999 -9999 -9999 -9999
-9999 -9999 -9999 -9999 -9999 -9999 -9999 -9999 -9999 -9999 15.344 -9999 15.435 15.073 15.142 15.335 15.813 16.221 15.835 15.733 15.133 14.72 15.457 16.045 16.242 16.205 16.158 16.278 16.426 16.658 16.826 16.532 16.725 16.688 16.691 16.688 16.804 16.836 16.72 16.56 16.241 15.812 15.85 15.618 15.543 15.486 15.775 16.169 16.771 16.179 15.811 16.136 16.413 16.61 16.748 16.859 16.859 16.719 -9999 -9999 -9999 -9999 -9999 -9999 -9999 -9999 -9999 -9999 -9999 -9999 -9999 -9999 -9999 -9999 -9999
