Validation/Results/ReClimate_10_2023_1_Precipitation-Actualsweatherlogisticsltd.asc
NCOLS 192
NROWS 249
XLLCENTER -225160.85627316462
YLLCENTER 29788.11610251502
CELLSIZE 5000.0
NODATA_VALUE -9999
[rows 132 to 164 of 249, columns 74 to 147 of 192]
-9999 -9999 -9999 -9999 -9999 -9999 -9999 -9999 -9999 -9999 -9999 -9999 -9999 191.48 199.525 213.015 229.083 234.523 232.115 269.87 293.839 314.89 304.386 232.094 202.673 203.114 210.448 191.165 176.527 173.188 162.931 151.7 145.13 131.937 146.004 161.044 171.796 169.699 161.461 170.19 170.634 161.266 175.861 173.891 164.516 153.52 141.735 132.979 115.215 110.42 111.987 108.319 101.024 95.051 103.005 95.225 90.041 87.476 -9999 -9999 -9999 -9999 -9999 -9999 -9999 -9999 -9999 -9999 -9999 -9999 -9999 -9999 -9999 -9999
154.728 -9999 -9999 -9999 -9999 -9999 -9999 -9999 -9999 -9999 -9999 -9999 -9999 195.783 227.212 218.25 220.036 212.989 211.711 250.66 320.46 331.644 282.088 246.696 210.953 207.568 199.095 192.046 196.403 162.914 150.518 147.456 136.889 138.352 139.084 157.763 157.386 148.04 141.695 146.36 145.88 153.355 159.493 162.282 160.012 151.364 144.739 126.123 114.1 108.52 100.603 99.668 99.478 92.457 89.918 93.191 87.102 85.997 -9999 -9999 -9999 -9999 -9999 -9999 -9999 -9999 -9999 -9999 -9999 -9999 -9999 -9999 -9999 -9999
159.129 -9999 -9999 -9999 -9999 -9999 -9999 -9999 -9999 -9999 -9999 -9999 187.734 217.2 212.809 215.361 220.149 212.404 200.21 244.598 281.323 277.106 292.323 253.651 221.284 194.84 188.527 196.211 174.671 160.741 147.535 133.795 139.062 127.564 131.22 139.534 137.816 129.229 125.329 125.39 133.225 133.929 146.198 157.242 149.144 141.754 135.409 126.304 112.819 104.47 97.016 87.222 90.642 91.379 88.66 87.906 88.536 86.495 82.99 -9999 -9999 -9999 -9999 -9999 -9999 -9999 -9999 -9999 -9999 -9999 -9999 -9999 -9999 -9999
149.047 -9999 -9999 -9999 -9999 -9999 -9999 -9999 -9999 -9999 -9999 169.621 -9999 188.106 204.044 207.104 208.054 190.375 176.162 197.558 213.74 262.11 291.873 249.383 205.98 179.661 173.551 169.727 165.86 160.684 155.568 145.742 139.79 120.606 117.842 121.353 117.39 110.899 105.785 111.363 115.89 121.897 125.449 124.664 127.385 126.263 120.624 111.261 101.014 89.434 91.831 97.054 87.989 87.444 85.269 85.975 86.294 86.392 83.932 -9999 -9999 -9999 -9999 -9999 -9999 -9999 -9999 -9999 -9999 -9999 -9999 -9999 -9999 -9999
156.511 139.977 -9999 -9999 -9999 -9999 -9999 -9999 -9999 -9999 -9999 159.768 -9999 170.991 179.667 177.923 179.449 172.754 166.505 167.959 186.671 236.605 248.385 225.432 193.529 171.999 160.647 150.065 163.75 174.7 178.475 -9999 -9999 -9999 -9999 -9999 -9999 102.398 99.253 101.88 106.115 106.151 105.616 118.122 127.25 117.785 111.956 111.971 96.003 95.003 101.343 92.679 84.8 83.018 86.565 79.912 79.519 81.925 83.642 81.027 -9999 -9999 -9999 -9999 -9999 -9999 -9999 -9999 -9999 -9999 -9999 -9999 -9999 -9999
164.758 143.805 118.468 -9999 -9999 -9999 -9999 -9999 -9999 -9999 -9999 153.595 153.635 151.199 151.891 161.154 166.035 166.652 159.845 156.538 174.604 206.87 229.541 210.651 192.965 171.541 155.952 165.267 154.8 163.51 153.372 -9999 -9999 -9999 -9999 105.329 104.278 100.291 97.252 95.584 100.382 104.332 116.492 137.198 143.211 130.827 132.199 112.109 102.573 106.325 99.011 91.541 87.641 86.961 83.463 90.902 89.933 84.13 83.212 77.986 -9999 -9999 -9999 -9999 -9999 -9999 -9999 -9999 -9999 -9999 -9999 -9999 -9999 -9999
153.591 134.076 125.839 115.524 -9999 -9999 -9999 -9999 -9999 -9999 -9999 147.704 140.168 139.003 -9999 -9999 159.874 160.434 152.129 152.847 -9999 170.726 184.622 185.017 181.702 160.855 162.078 156.547 145.809 -9999 -9999 -9999 -9999 -9999 105.176 103.281 104.18 97.433 98.222 96.635 98.803 109.549 130.644 162.384 175.073 160.172 152.917 129.216 124.184 108.638 104.422 102.629 90.693 94.663 89.016 85.153 87.756 88.088 82.426 79.017 -9999 -9999 -9999 -9999 -9999 -9999 -9999 -9999 -9999 -9999 -9999 -9999 -9999 -9999
131.285 140.261 135.551 118.543 -9999 -9999 -9999 -9999 -9999 -9999 -9999 -9999 136.83 129.075 -9999 -9999 -9999 143.857 141.582 145.598 143.338 -9999 -9999 154.182 148.447 146.621 159.535 157.735 -9999 -9999 -9999 -9999 -9999 121.554 110.985 112.381 111.175 108.299 106.155 103.946 106.482 115.749 128.12 162.184 170.474 185.181 166.204 163.219 153.466 140.947 122.993 117.86 109.186 94.892 89.943 89.976 85.61 88.203 87.374 84.488 -9999 -9999 -9999 -9999 -9999 -9999 -9999 -9999 -9999 -9999 -9999 -9999 -9999 -9999
124.257 126.675 121.9 -9999 -9999 -9999 -9999 -9999 -9999 -9999 -9999 -9999 -9999 125.645 -9999 -9999 -9999 -9999 131.401 142.324 143.136 -9999 -9999 -9999 142.437 142.547 -9999 -9999 -9999 -9999 -9999 -9999 -9999 120.615 120.129 129.588 128.351 133.436 129.141 120.305 110.153 111.807 131.864 138.793 159.329 171.185 179.605 189.691 181.475 163.991 140.548 129.607 122.952 103.193 91.59 84.816 84.139 83.831 90.358 86.037 -9999 -9999 -9999 -9999 -9999 -9999 -9999 -9999 -9999 -9999 -9999 -9999 -9999 -9999
125.243 118.948 -9999 -9999 -9999 -9999 -9999 -9999 -9999 -9999 -9999 -9999 -9999 133.143 -9999 -9999 -9999 -9999 -9999 138.484 138.691 -9999 -9999 -9999 -9999 -9999 -9999 -9999 -9999 -9999 -9999 -9999 -9999 125.744 141.733 147.461 163.594 169.07 163.154 139.125 115.958 119.05 119.207 140.308 172.417 202.737 215.973 209.67 190.445 155.974 136.609 117.905 108.014 103.985 98.943 91.584 82.499 83.629 90.378 93.734 83.015 -9999 -9999 -9999 -9999 -9999 -9999 -9999 -9999 -9999 -9999 -9999 -9999 -9999
118.573 -9999 109.38 108.08 105.313 99.235 -9999 -9999 -9999 -9999 -9999 -9999 -9999 131.403 -9999 -9999 -9999 -9999 -9999 -9999 -9999 -9999 -9999 -9999 -9999 -9999 -9999 -9999 -9999 -9999 -9999 -9999 133.626 143.084 151.784 160.408 170.791 207.339 209.582 179.278 148.995 123.774 124.873 118.403 151.758 191.713 208.973 221.58 184.688 190.178 171.837 134.135 115.505 94.368 91.763 89.275 87.099 87.322 88.481 94.075 90.515 81.391 -9999 -9999 -9999 -9999 -9999 -9999 -9999 -9999 -9999 -9999 -9999 -9999
109.817 107.862 108.836 105.56 98.426 97.5 -9999 -9999 -9999 -9999 -9999 -9999 -9999 -9999 -9999 -9999 -9999 -9999 -9999 -9999 -9999 -9999 -9999 -9999 -9999 -9999 -9999 -9999 -9999 -9999 -9999 141.218 141.678 157.789 172.687 190.03 224.736 277.048 254.667 205.82 157.537 141.332 113.047 112.691 135.386 175.254 230.366 204.561 190.6 179.617 158.776 137.235 118.957 104.889 87.584 83.191 77.594 81.951 80.186 83.721 82.759 77.76 -9999 -9999 -9999 -9999 -9999 -9999 -9999 -9999 -9999 -9999 -9999 -9999
108.856 109.345 105.818 100.538 -9999 93.547 93.594 -9999 -9999 -9999 -9999 -9999 -9999 -9999 -9999 -9999 -9999 -9999 -9999 -9999 -9999 -9999 -9999 -9999 -9999 -9999 -9999 -9999 -9999 -9999 -9999 154.979 155.982 181.702 229.023 254.686 260.915 248.381 265.514 249.569 201.399 171.28 139.517 126.378 130.158 159.47 183.375 203.174 182.369 167.052 139.552 121.3 100.34 92.89 85.355 81.01 77.241 76.883 76.624 76.213 80.12 74.625 72.468 74.558 -9999 -9999 -9999 -9999 -9999 -9999 -9999 -9999 -9999 -9999
111.289 110.883 104.653 96.983 -9999 -9999 93.557 -9999 -9999 -9999 -9999 -9999 -9999 -9999 -9999 -9999 -9999 -9999 -9999 -9999 -9999 -9999 -9999 -9999 -9999 -9999 -9999 -9999 -9999 -9999 -9999 168.889 176.121 207.762 241.955 293.53 304.599 314.348 320.029 275.112 253.659 236.972 181.822 156.053 137.352 116.418 143.104 150.839 136.442 146.497 130.423 107.841 94.136 84.53 77.281 72.048 74.793 72.707 73.892 74.269 74.563 77.59 86.624 84.888 87.283 84.198 94.623 -9999 -9999 -9999 -9999 -9999 -9999 -9999
109.59 109.705 103.882 92.199 91.056 -9999 92.828 -9999 -9999 -9999 -9999 -9999 -9999 -9999 -9999 -9999 -9999 -9999 -9999 -9999 -9999 -9999 -9999 -9999 -9999 -9999 -9999 -9999 -9999 -9999 135.407 176.173 202.166 248.022 336.52 395.566 412.437 354.508 343.346 327.972 329.309 278.255 241.464 198.663 148.283 124.007 133.137 116.24 130.315 141.234 128.033 108.153 96.86 83.757 79.057 76.249 73.14 71.912 70.165 70.928 75.488 80.007 91.404 108.884 104.477 106.806 102.216 97.772 98.573 -9999 -9999 -9999 -9999 -9999
121.88 114.766 99.322 98.461 -9999 93.465 -9999 -9999 -9999 -9999 -9999 -9999 -9999 -9999 -9999 -9999 -9999 -9999 -9999 -9999 -9999 -9999 -9999 -9999 -9999 -9999 -9999 -9999 -9999 -9999 -9999 142.827 186.145 249.085 320.804 389.477 430.127 442.615 353.25 342.631 311.697 312.429 274.007 214.296 173.069 152.628 143.009 145.266 174.362 154.933 144.435 141.583 125.826 100.176 86.217 81.631 74.775 72.282 71.855 73.65 74.475 80.909 93.519 110.647 106.901 109.693 111.902 107.494 104.053 98.39 -9999 -9999 -9999 -9999
128.917 111.16 100.459 98.256 96.262 97.681 -9999 -9999 -9999 -9999 -9999 -9999 -9999 -9999 -9999 -9999 -9999 -9999 -9999 -9999 -9999 -9999 -9999 -9999 -9999 -9999 -9999 -9999 -9999 -9999 -9999 -9999 147.773 198.531 253.248 321.009 386.728 391.64 321.869 272.336 278.772 278.651 240.751 216.44 199.673 184.769 175.286 196.308 190.906 184.146 185.268 162.457 136.037 119.316 98.096 85.916 75.993 72.539 73.786 75.265 77.879 95.271 100.915 126.241 140.71 128.213 131.996 113.158 109.608 102.885 97.025 -9999 -9999 -9999
125.07 112.357 102.034 93.792 94.726 -9999 -9999 -9999 -9999 -9999 -9999 -9999 -9999 -9999 -9999 -9999 -9999 -9999 -9999 -9999 -9999 -9999 -9999 -9999 -9999 -9999 -9999 -9999 -9999 -9999 -9999 -9999 133.439 176.417 227.493 272.19 341.352 336.838 265.763 241.958 232.491 220.663 209.021 183.194 189.158 221.834 215.205 222.462 219.591 195.88 160.039 148.426 133.113 119.744 104.769 84.014 75.198 74.138 74.126 78.862 85.941 99.807 117.427 120.876 128.031 127.823 134.138 130.918 118.09 113.441 102.996 94.603 -9999 -9999
112.184 119.178 106.363 99.371 98.887 -9999 -9999 -9999 -9999 -9999 -9999 -9999 -9999 -9999 -9999 -9999 -9999 -9999 -9999 -9999 -9999 -9999 -9999 -9999 -9999 -9999 -9999 -9999 -9999 -9999 -9999 -9999 -9999 159.918 205.117 242.672 283.576 251.677 235.626 209.616 197.751 191.577 167.626 167.434 194.548 207.892 231.518 221.448 213.335 186.263 171.255 153.704 142.983 115.281 100.5 83.095 78.251 77.854 71.59 80.568 93.277 99.319 114.789 125.093 127.973 122.36 122.784 123.513 122.403 114.657 111.793 100.581 -9999 -9999
145.034 -9999 -9999 -9999 -9999 -9999 -9999 -9999 -9999 -9999 -9999 -9999 -9999 -9999 -9999 -9999 -9999 -9999 -9999 -9999 -9999 -9999 -9999 -9999 -9999 -9999 -9999 -9999 -9999 -9999 -9999 -9999 -9999 152.996 185.537 217.72 206.21 210.788 187.054 196.237 189.569 160.857 163.428 172.7 196.02 235.466 229.501 224.774 214.517 200.822 167.588 148.85 131.377 116.812 98.554 86.457 76.049 72.291 74.974 75.439 90.924 101.14 104.081 108.508 108.342 104.651 109.787 111.851 117.389 112.178 100.918 97.508 88.182 -9999
173.057 -9999 -9999 -9999 -9999 -9999 -9999 -9999 -9999 -9999 -9999 -9999 -9999 -9999 -9999 -9999 -9999 -9999 -9999 -9999 -9999 -9999 -9999 -9999 -9999 -9999 -9999 -9999 -9999 -9999 -9999 -9999 -9999 -9999 176.268 172.981 180.536 187.548 180.196 171.745 149.677 146.812 150.46 161.706 183.366 213.895 236.599 234.832 231.512 212.605 196.966 182.817 155.115 136.631 115.437 93.951 78.608 69.057 66.668 70.326 75.788 91.553 98.486 92.577 86.711 84.74 82.167 87.547 90.975 100.141 92.023 87.225 82.419 -9999
135.518 -9999 -9999 -9999 -9999 -9999 -9999 -9999 -9999 -9999 -9999 -9999 -9999 -9999 -9999 -9999 -9999 -9999 -9999 -9999 -9999 -9999 -9999 -9999 -9999 -9999 -9999 -9999 -9999 -9999 -9999 -9999 -9999 -9999 152.106 -9999 154.875 154.358 149.243 143.205 -9999 136.667 152.356 154.941 165.245 208.653 226.259 225.994 228.404 214.4 205.19 212.557 185.345 150.102 129.352 109.384 85.591 72.229 66.215 64.243 70.108 77.699 83.319 80.916 77.92 74.7 73.603 74.233 77.971 84.499 86.776 88.553 91.338 84.012
-9999 -9999 -9999 -9999 -9999 -9999 -9999 -9999 -9999 -9999 -9999 -9999 -9999 -9999 -9999 -9999 -9999 -9999 -9999 -9999 -9999 -9999 -9999 -9999 -9999 -9999 -9999 -9999 -9999 -9999 -9999 -9999 -9999 -9999 -9999 140.074 140.656 -9999 -9999 -9999 -9999 124.683 134.976 137.231 151.125 168.273 178.199 190.156 203.863 205.37 194.786 192.8 201.279 168.966 139.079 114.805 94.838 80.113 71.073 66.042 66.913 73.761 78.37 81.481 77.759 77.363 74.056 72.384 76.569 85.185 88.165 85.188 90.069 89.515
-9999 -9999 -9999 -9999 -9999 -9999 -9999 -9999 -9999 -9999 -9999 -9999 -9999 -9999 -9999 -9999 -9999 -9999 -9999 -9999 -9999 -9999 -9999 -9999 -9999 -9999 -9999 -9999 -9999 -9999 -9999 -9999 -9999 -9999 -9999 130.852 131.762 -9999 -9999 -9999 -9999 121.169 133.691 127.079 138.771 146.253 158.727 153.989 162.776 189.841 183.315 172.131 182.817 167.73 147.178 121.093 99.454 80.352 71.148 66.276 64.134 66.001 70.313 74.739 77.226 77.407 76.258 75.969 78.331 87.203 93.949 90.871 89.137 84.685
-9999 -9999 -9999 -9999 -9999 -9999 -9999 -9999 -9999 -9999 -9999 -9999 -9999 -9999 -9999 -9999 -9999 -9999 -9999 -9999 -9999 -9999 -9999 -9999 -9999 -9999 -9999 -9999 -9999 -9999 -9999 -9999 -9999 -9999 -9999 125.628 -9999 -9999 -9999 -9999 117.513 126.895 136.477 157.244 168.23 181.081 168.19 143.506 167.605 178.354 155.941 157.431 152.783 149.467 137.295 120.116 97.869 82.603 72.298 68.145 64.904 62.936 64.944 69.019 72.573 75.65 82.228 89.562 89.816 89.839 90.5 86.908 81.884 80.313
-9999 -9999 -9999 -9999 -9999 -9999 -9999 -9999 -9999 -9999 -9999 -9999 -9999 -9999 -9999 -9999 -9999 -9999 -9999 -9999 -9999 -9999 -9999 -9999 -9999 -9999 -9999 -9999 -9999 -9999 -9999 -9999 -9999 -9999 -9999 -9999 -9999 -9999 -9999 -9999 119.572 140.86 151.418 187.021 210.648 210.283 174.486 154.727 146.438 144.684 137.984 140.118 143.463 137.111 129.825 118.053 98.732 85.619 77.366 69.486 64.771 62.506 63.602 65.186 68.791 75.325 81.394 95.056 101.101 88.564 84.324 78.333 75.243 73.408
-9999 -9999 -9999 -9999 -9999 -9999 -9999 -9999 -9999 -9999 -9999 -9999 -9999 -9999 -9999 -9999 -9999 -9999 -9999 -9999 -9999 -9999 -9999 -9999 -9999 -9999 -9999 -9999 -9999 -9999 -9999 -9999 -9999 -9999 -9999 -9999 -9999 -9999 -9999 -9999 121.691 127.162 157.969 193.817 220.279 201.519 173.601 143.035 138.233 132.32 124.073 122.825 115.701 122.835 115.778 108.647 96.223 83.31 75.064 69.326 67.692 64.598 63.899 63.597 64.097 70.668 78.354 86.195 93.187 86.83 79.832 80.906 75.025 71.503
-9999 -9999 -9999 -9999 -9999 -9999 -9999 -9999 -9999 -9999 -9999 -9999 -9999 -9999 -9999 -9999 -9999 -9999 -9999 -9999 -9999 -9999 -9999 -9999 -9999 -9999 -9999 -9999 -9999 -9999 -9999 -9999 -9999 -9999 -9999 -9999 -9999 -9999 -9999 109.028 113.613 123.166 153.242 193.994 210.044 184.646 167.142 135.301 131.535 128.564 122.367 120.356 119.414 108.526 103.357 92.373 86.507 74.556 70.788 66.347 64.016 65.438 62.767 62.105 61.929 64.728 72.01 77.865 83.382 81.108 76.769 73.596 74.196 72.995
-9999 -9999 -9999 -9999 -9999 -9999 -9999 -9999 -9999 -9999 -9999 -9999 -9999 -9999 -9999 -9999 -9999 -9999 -9999 -9999 -9999 -9999 -9999 -9999 -9999 -9999 -9999 -9999 -9999 -9999 -9999 -9999 -9999 -9999 -9999 -9999 -9999 -9999 -9999 110.347 108.854 123.092 143.752 169.114 156.16 157.391 136.433 137.276 152.44 136.005 127.916 124.398 115.523 110.041 98.073 92.661 89.842 82.487 70.563 67.34 63.849 62.168 61.776 60.948 61.064 63.918 66.839 70.244 71.869 75.618 75.345 73.502 69.895 70.112
-9999 -9999 -9999 -9999 -9999 -9999 -9999 -9999 -9999 -9999 -9999 -9999 -9999 -9999 -9999 -9999 -9999 -9999 -9999 -9999 -9999 -9999 -9999 -9999 -9999 -9999 -9999 -9999 -9999 -9999 -9999 -9999 -9999 -9999 -9999 -9999 -9999 -9999 105.918 104.283 107.984 115.183 129.386 133.455 135.683 132.762 127.834 138.702 140.797 133.695 134.557 133.912 120.91 99.337 96.292 87.285 82.825 80.237 76.262 68.298 65.439 63.116 61.225 61.328 61.755 63.563 65.224 67.715 70.576 72.899 76.445 78.924 74.545 68.341
-9999 -9999 -9999 -9999 -9999 -9999 -9999 -9999 -9999 -9999 -9999 -9999 -9999 -9999 -9999 -9999 -9999 -9999 -9999 -9999 -9999 -9999 -9999 -9999 -9999 -9999 -9999 -9999 -9999 -9999 -9999 -9999 -9999 -9999 -9999 -9999 -9999 -9999 99.064 101.487 103.563 108.204 115.089 117.772 119.933 127.2 129.977 128.741 133.501 136.68 157.464 152.102 132.73 111.417 94.837 90.748 78.868 71.309 71.66 71.263 65.808 62.72 61.781 60.967 62.499 62.398 61.794 62.064 67.5 72.738 76.376 75.774 74.274 69.235
-9999 -9999 -9999 -9999 -9999 -9999 -9999 -9999 -9999 -9999 -9999 -9999 -9999 -9999 -9999 -9999 -9999 -9999 -9999 -9999 -9999 -9999 -9999 -9999 -9999 -9999 -9999 -9999 -9999 -9999 -9999 -9999 -9999 -9999 -9999 -9999 -9999 -9999 97.373 97.505 98.368 102.254 109.33 110.482 116.792 126.607 127.098 133.465 143.047 159.281 166.248 152.437 131.781 110.938 95.211 88.19 82.333 72.197 68.39 65.416 63.621 61.277 60.728 60.972 64.179 64.007 61.12 59.768 61.743 67.232 71.121 72.97 71.684 68.672
-9999 -9999 -9999 -9999 -9999 -9999 -9999 -9999 -9999 -9999 -9999 -9999 -9999 -9999 -9999 -9999 -9999 -9999 -9999 -9999 -9999 -9999 -9999 -9999 -9999 -9999 -9999 -9999 -9999 -9999 -9999 -9999 -9999 -9999 -9999 -9999 -9999 -9999 -9999 94.14 94.799 99.609 101.111 115.137 132.069 141.724 146.896 149.315 151.891 164.176 160.163 149.502 126.782 101.564 92.291 79.54 77.085 71.306 67.127 65.606 61.447 59.794 60.596 62.271 61.429 62.611 60.911 59.34 57.165 62.304 66.673 67.436 -9999 65.116
