Validation/Results/ReClimate_10_2023_1_Temperature-Actualsweatherlogisticsltd.asc
NCOLS 192
NROWS 249
XLLCENTER -225160.85627316462
YLLCENTER 29788.11610251502
CELLSIZE 5000.0
NODATA_VALUE -9999
[rows 204 to 237 of 249, columns 77 to 153 of 192]
-9999 -9999 10.853 -9999 10.239 9.783 9.444 9.142 9.044 8.848 8.814 8.72 8.447 8.255 7.98 8.435 8.309 8.346 8.536 8.73 8.645 8.688 8.275 7.865 6.838 6.313 7.536 7.358 7.445 7.019 7.433 8.182 7.595 6.476 7.758 7.929 7.693 7.606 8.152 8.676 8.606 8.337 8.42 8.733 8.862 8.953 8.922 8.746 8.117 7.753 7.664 7.88 8.028 8.141 8.049 7.786 7.873 8.026 8.15 8.189 8.186 8.103 7.988 8.033 8.132 8.149 8.226 8.244 8.154 8.161 8.162 8.222 8.363 8.341 8.271 8.178 8.187
-9999 -9999 -9999 -9999 -9999 -9999 9.481 9.576 9.371 9.186 9.074 8.857 8.608 8.345 8.6 8.575 8.625 8.671 8.579 8.678 8.437 8.404 7.857 7.19 6.442 6.657 6.575 6.858 6.274 6.424 7.756 7.7 7.542 8.325 7.745 7.847 8.071 8.162 8.482 8.36 8.193 7.908 8.331 8.786 8.889 8.956 8.947 8.397 7.72 7.608 7.643 7.947 7.973 8.088 7.986 8.063 8.1 8.265 8.384 8.406 8.331 8.207 8.147 8.181 8.285 8.339 8.26 8.142 8.011 8.045 8.222 8.256 8.352 8.294 8.37 8.462 8.432
-9999 -9999 -9999 -9999 -9999 -9999 9.849 9.723 9.581 9.424 8.938 8.631 8.414 8.632 8.791 8.826 8.922 8.563 8.409 8.59 8.701 8.719 8.205 7.984 7.795 7.544 7.267 7.061 6.571 6.901 6.665 7.237 7.763 7.477 7.221 8.347 8.398 8.459 8.173 8.21 7.795 8.074 8.414 8.85 8.891 8.709 8.022 7.643 7.682 7.825 7.763 7.888 7.991 8.045 8.171 8.102 8.338 8.495 8.628 8.615 8.426 8.252 8.162 8.241 8.397 8.412 8.277 7.955 7.999 8.053 8.102 8.312 8.393 8.471 8.542 8.705 8.603
-9999 -9999 -9999 -9999 10.518 10.227 9.973 9.779 -9999 9.436 9.222 9.049 9.257 9.317 9.351 -9999 9.019 8.695 8.741 8.438 8.906 8.226 8.264 8.095 7.874 7.808 8.04 7.659 7.369 7.233 7.181 7.39 7.685 6.873 7.679 8.45 8.354 8.596 8.507 8.069 8.166 8.372 8.635 8.767 8.713 8.116 8.004 7.72 7.795 7.761 7.954 8.041 8.076 8.179 8.309 8.364 8.474 8.495 8.729 8.691 8.552 8.404 8.37 8.357 8.401 8.328 8.077 7.976 7.929 8.132 8.192 8.312 8.424 8.42 8.447 8.728 8.725
-9999 -9999 -9999 -9999 10.487 -9999 -9999 -9999 9.697 9.615 9.51 -9999 -9999 -9999 -9999 -9999 9.277 9.057 8.66 9.222 8.952 8.804 8.713 8.473 8.536 8.506 7.117 7.11 7.905 7.885 7.803 7.667 7.247 7.306 8.27 8.332 8.639 8.653 8.118 8.395 8.491 8.831 8.788 8.804 8.504 8.117 8.1 7.855 7.974 8.088 8.121 8.219 8.33 8.372 8.446 8.475 8.51 8.461 8.555 8.709 8.475 8.442 8.404 8.375 8.21 8.162 8.066 7.939 8.023 8.268 8.389 8.429 8.414 8.381 8.387 8.582 8.729
-9999 -9999 -9999 -9999 -9999 -9999 10.192 9.936 9.8 9.956 9.834 -9999 -9999 -9999 -9999 -9999 -9999 -9999 -9999 9.556 9.428 9.426 9.58 9.216 8.769 7.378 6.924 7.018 7.305 7.656 7.746 7.755 7.802 7.751 8.035 8.61 8.691 7.992 8.334 8.502 9.157 9.075 8.949 8.872 8.215 8.148 8.023 8.025 8.152 8.289 8.35 8.4 8.414 8.458 8.391 8.43 8.483 8.521 8.501 8.584 8.446 8.357 8.213 8.114 8.224 8.038 8.004 8.079 8.192 8.355 8.515 8.412 8.448 8.633 8.801 8.878 8.716
-9999 -9999 -9999 -9999 -9999 -9999 -9999 10.041 -9999 -9999 -9999 -9999 -9999 -9999 -9999 -9999 -9999 9.686 9.63 9.527 9.537 9.93 10.052 9.756 8.851 7.996 7.226 7.13 7.574 8.255 8.07 7.73 7.852 8.039 8.673 8.968 8.719 8.552 8.811 9.188 -9999 9.145 8.961 8.561 7.946 7.949 8.108 8.191 8.339 8.386 8.464 8.433 8.432 8.415 8.492 8.506 8.574 8.563 8.559 8.457 8.301 8.113 7.944 7.976 8.031 8.322 8.232 8.248 8.424 8.508 8.618 8.627 8.578 8.848 9.192 9.292 9.199
-9999 -9999 -9999 -9999 -9999 -9999 -9999 -9999 -9999 -9999 -9999 -9999 -9999 -9999 -9999 -9999 -9999 9.998 9.865 10.01 10.058 -9999 -9999 -9999 9.528 8.376 8.369 8.154 8.477 8.389 7.916 8.032 8.551 8.798 9.001 9.29 9.251 9.4 9.475 -9999 9.31 8.919 8.774 8.246 7.922 8.183 8.275 8.411 8.423 8.376 8.437 8.451 8.43 8.446 8.349 8.369 8.447 8.4 8.457 8.501 8.3 7.885 7.923 8.014 8.226 8.462 8.558 8.456 8.605 8.759 8.828 8.917 8.994 8.905 9.276 9.543 9.488
-9999 -9999 -9999 -9999 -9999 -9999 -9999 -9999 -9999 -9999 -9999 -9999 -9999 -9999 -9999 -9999 -9999 -9999 -9999 -9999 -9999 -9999 -9999 -9999 10.177 9.456 8.879 8.9 8.943 8.768 8.545 8.734 9.04 9.281 9.484 9.682 9.825 -9999 -9999 9.626 9.232 8.888 8.688 8.264 8.103 8.259 8.35 8.514 8.605 8.418 8.414 8.407 8.193 8.09 8.06 7.964 7.894 8.069 8.147 8.273 8.292 8.127 8.052 8.292 8.301 8.507 8.749 8.724 8.769 8.838 8.969 9.104 9.233 9.408 9.525 9.74 9.676
-9999 -9999 -9999 -9999 -9999 -9999 -9999 -9999 -9999 -9999 -9999 -9999 -9999 -9999 -9999 -9999 -9999 -9999 -9999 -9999 -9999 -9999 -9999 -9999 10.084 9.741 9.546 9.396 8.996 8.806 8.918 9.151 9.472 9.712 -9999 -9999 -9999 -9999 -9999 9.563 9.129 8.912 8.743 8.352 8.163 8.246 8.283 8.518 8.647 8.47 8.178 8.161 7.911 7.84 7.861 7.912 7.89 7.883 8.098 8.129 8.403 8.544 8.426 8.621 8.638 8.699 8.855 8.925 9.043 9.146 9.15 9.121 9.281 9.551 9.757 9.841 9.613
-9999 -9999 -9999 -9999 -9999 -9999 -9999 -9999 -9999 -9999 -9999 -9999 -9999 -9999 -9999 -9999 -9999 -9999 -9999 -9999 -9999 -9999 -9999 -9999 -9999 -9999 9.876 9.34 9.056 9.041 9.038 9.445 9.897 -9999 -9999 -9999 -9999 9.688 9.338 9.126 9.293 9.137 8.852 8.299 8.191 8.142 8.227 8.459 8.546 8.266 7.926 7.794 7.868 7.815 7.946 7.947 8.152 8.176 8.193 8.369 8.452 8.717 8.887 8.815 8.799 8.816 8.838 8.827 9.029 9.264 9.361 9.35 9.276 9.443 9.576 9.661 9.507
-9999 -9999 -9999 -9999 -9999 -9999 -9999 -9999 -9999 -9999 -9999 -9999 -9999 -9999 -9999 -9999 -9999 -9999 -9999 -9999 -9999 -9999 -9999 -9999 -9999 -9999 -9999 9.922 9.644 9.447 9.437 9.909 -9999 -9999 -9999 -9999 9.595 9.369 9.058 8.974 9.005 9.048 8.93 8.675 8.623 8.231 8.283 8.371 8.185 8.078 7.968 7.737 7.834 7.951 8.119 8.23 8.321 8.434 8.397 8.378 8.523 8.705 8.766 8.758 8.602 8.697 8.794 8.791 8.896 9.185 9.349 9.4 9.405 9.413 9.42 9.308 9.213
-9999 -9999 -9999 -9999 -9999 -9999 -9999 -9999 -9999 -9999 -9999 -9999 -9999 -9999 -9999 -9999 -9999 -9999 -9999 -9999 -9999 -9999 -9999 -9999 -9999 -9999 -9999 -9999 -9999 -9999 -9999 -9999 -9999 -9999 -9999 9.498 9.382 9.236 8.99 8.819 9.042 8.978 8.781 8.88 8.604 8.346 8.536 8.421 8.237 8.12 8.079 8.04 7.902 7.972 8.103 8.028 8.207 8.301 8.366 8.366 8.389 8.582 8.663 8.578 8.48 8.432 8.642 8.785 8.886 9.014 9.148 9.146 9.188 9.196 9.212 8.97 8.723
-9999 -9999 -9999 -9999 -9999 -9999 -9999 -9999 -9999 -9999 -9999 -9999 -9999 -9999 -9999 -9999 -9999 -9999 -9999 -9999 -9999 -9999 -9999 -9999 -9999 -9999 -9999 -9999 -9999 -9999 -9999 -9999 -9999 -9999 9.774 9.477 9.09 8.963 8.197 8.644 8.983 8.796 8.734 8.678 8.419 8.504 8.561 8.549 8.389 8.257 8.319 8.09 7.925 7.748 7.907 8.039 7.788 8.022 8.187 8.332 8.443 8.553 8.629 8.587 8.516 8.523 8.541 8.684 8.821 8.89 8.877 8.786 8.59 8.75 8.792 8.649 8.281
-9999 -9999 -9999 -9999 -9999 -9999 -9999 -9999 -9999 -9999 -9999 -9999 -9999 -9999 -9999 -9999 -9999 -9999 -9999 -9999 -9999 -9999 -9999 -9999 -9999 -9999 -9999 -9999 -9999 -9999 -9999 -9999 -9999 -9999 9.776 9.51 9.45 8.989 8.577 8.347 8.453 8.567 8.634 8.446 8.545 8.507 8.514 8.241 8.032 8.035 8.219 8.249 8.085 8.05 7.93 8.033 8.112 8.064 8.197 8.288 8.432 8.601 8.679 8.673 8.54 8.494 8.579 8.645 8.712 8.679 8.405 8.32 8.252 8.343 8.619 8.567 8.285
-9999 -9999 -9999 -9999 -9999 -9999 -9999 -9999 -9999 -9999 -9999 -9999 -9999 -9999 -9999 -9999 -9999 -9999 -9999 -9999 -9999 8.599 8.323 7.813 8.042 -9999 8.653 -9999 -9999 -9999 -9999 -9999 -9999 -9999 -9999 9.692 9.529 9.278 8.988 8.714 8.383 8.315 8.371 8.561 8.529 8.495 8.206 7.999 8.141 8.153 8.29 8.299 8.234 8.324 8.414 8.437 8.359 8.399 8.308 8.211 8.138 8.335 8.553 8.565 8.475 8.447 8.43 8.516 8.645 8.558 8.274 8.161 8.354 8.369 8.53 8.623 8.561
-9999 -9999 -9999 -9999 -9999 -9999 -9999 -9999 -9999 -9999 -9999 -9999 -9999 -9999 -9999 -9999 -9999 -9999 9.604 9.329 8.929 8.449 7.795 7.495 7.696 7.847 8.354 9.16 9.765 -9999 -9999 9.62 9.937 9.972 9.914 9.671 9.503 9.476 9.32 9.051 8.712 8.408 8.466 8.582 8.51 8.124 8.268 8.398 8.241 8.349 8.464 8.51 8.421 8.443 8.548 8.591 8.693 8.616 8.46 8.287 8.26 8.163 8.218 8.403 8.454 8.493 8.617 8.494 8.597 8.215 8.109 8.191 8.361 8.484 8.531 8.649 8.561
-9999 -9999 -9999 -9999 -9999 -9999 -9999 -9999 -9999 -9999 -9999 -9999 -9999 -9999 -9999 -9999 -9999 9.499 9.62 9.35 9.115 8.535 7.659 7.313 7.48 7.704 8.049 8.414 9.05 9.396 9.314 9.266 9.238 9.65 9.658 9.584 9.4 9.248 9.34 9.133 8.688 8.634 8.651 8.519 8.049 8.343 8.235 8.318 8.428 8.508 8.609 8.581 8.391 8.492 8.554 8.666 8.679 8.693 8.533 8.375 8.198 8.063 8.22 8.37 8.438 8.183 8.34 8.602 8.575 8.616 8.273 8.374 8.429 8.476 8.512 8.475 8.59
-9999 -9999 -9999 -9999 -9999 -9999 -9999 -9999 -9999 -9999 -9999 -9999 -9999 -9999 -9999 -9999 -9999 9.514 9.726 9.761 9.409 8.592 8.115 7.797 7.543 7.822 8.107 8.462 8.342 8.351 8.727 8.925 9.067 9.021 9.411 9.525 9.366 9.352 9.129 8.937 9.001 8.989 8.803 8.427 8.421 8.391 8.243 8.421 8.477 8.565 8.601 8.55 8.372 8.338 8.686 8.779 8.831 8.825 8.732 8.605 8.463 8.192 8.089 8.331 8.329 8.21 8.133 8.467 8.711 8.774 8.773 8.695 8.458 8.429 8.534 8.521 8.36
-9999 -9999 -9999 -9999 -9999 -9999 -9999 -9999 -9999 -9999 -9999 -9999 -9999 -9999 -9999 -9999 -9999 9.878 9.982 9.615 9.4 8.921 8.858 8.496 8.465 8.444 8.497 8.497 8.156 8.357 8.948 9.139 9.208 9.403 9.567 9.571 9.469 9.207 8.963 8.994 8.977 8.916 8.682 8.683 8.629 8.592 8.525 8.502 8.35 8.386 8.569 8.722 8.664 8.667 8.792 8.792 8.845 8.956 8.702 8.594 8.645 8.381 8.082 8.346 8.452 8.34 8.394 8.598 8.767 8.871 8.826 8.706 8.599 8.595 8.748 8.822 8.745
-9999 -9999 -9999 -9999 -9999 -9999 -9999 -9999 -9999 -9999 -9999 -9999 -9999 9.825 9.266 -9999 9.797 10.043 9.544 9.251 9.26 9.332 9.14 8.989 8.655 8.458 8.506 8.628 8.641 8.865 9.151 9.406 9.464 9.438 9.423 9.457 9.487 9.266 9.119 8.988 8.893 8.627 8.833 8.802 8.697 8.513 8.377 8.379 8.208 8.27 8.502 8.768 8.813 8.849 8.91 9.053 8.976 9.003 8.883 8.562 8.724 8.695 8.653 8.66 8.826 8.716 8.62 8.679 8.802 8.903 8.965 8.936 8.871 8.775 8.823 8.946 9.064
-9999 -9999 -9999 -9999 -9999 -9999 -9999 -9999 -9999 -9999 -9999 -9999 -9999 9.538 9.086 9.391 9.619 9.55 9.259 9.319 9.043 8.95 8.974 8.576 8.538 8.484 8.483 8.701 8.7 8.864 9.149 8.927 8.742 8.954 9.237 9.496 9.518 9.274 9.065 8.868 8.767 8.703 8.883 8.741 8.778 8.631 8.379 8.293 8.394 8.439 8.638 8.733 8.809 8.889 9.169 9.262 9.314 9.321 9.151 8.86 8.8 8.76 8.614 8.659 8.433 8.585 8.726 8.769 8.913 8.957 8.966 9.02 9.039 8.897 8.815 9.076 9.182
-9999 -9999 -9999 -9999 -9999 -9999 -9999 -9999 -9999 -9999 -9999 -9999 10.029 9.46 9.169 9.156 9.213 9.252 9.249 9.152 9.018 9.068 9.0 8.743 8.676 8.539 8.647 8.828 9.111 9.282 9.025 8.525 8.614 8.708 8.907 9.379 9.362 9.233 9.162 8.982 8.876 8.816 8.84 8.868 8.906 8.736 8.44 8.626 8.651 8.721 8.744 8.783 8.794 8.824 9.207 9.616 9.753 9.611 9.544 9.243 9.134 9.113 8.995 8.876 8.606 8.385 8.471 8.268 8.713 8.605 8.598 8.995 9.229 8.799 8.641 8.842 9.247
-9999 -9999 -9999 -9999 -9999 -9999 -9999 -9999 -9999 -9999 -9999 -9999 -9999 9.75 9.257 9.138 9.255 9.303 9.328 9.291 9.244 9.176 9.1 8.945 8.837 8.955 9.015 9.201 9.205 9.325 8.84 8.564 8.584 8.428 8.783 9.119 9.056 9.075 9.103 9.003 8.836 8.857 8.845 8.826 8.76 8.58 8.836 8.733 8.78 8.813 8.826 8.79 8.779 8.921 9.156 9.585 9.877 -9999 9.709 9.61 9.343 9.373 9.384 9.279 9.096 8.891 8.886 8.752 8.676 8.864 8.725 8.908 9.286 9.362 8.96 8.89 9.211
-9999 -9999 -9999 -9999 -9999 -9999 -9999 -9999 -9999 -9999 -9999 -9999 10.054 9.873 9.38 9.224 9.225 9.195 9.283 9.323 9.253 9.18 9.02 9.032 9.19 9.268 9.256 9.284 9.344 9.173 9.017 9.008 8.836 8.597 9.047 9.194 8.736 8.891 8.849 8.413 8.549 8.46 8.417 8.549 8.568 8.706 8.862 8.982 8.941 8.94 8.867 8.84 8.827 8.944 9.18 9.493 9.864 10.043 -9999 9.986 -9999 9.944 -9999 9.612 -9999 9.392 9.417 9.411 9.302 9.362 9.446 9.67 -9999 -9999 -9999 9.762 9.512
-9999 -9999 -9999 -9999 -9999 -9999 -9999 -9999 -9999 -9999 -9999 -9999 10.047 9.647 9.296 9.267 9.18 9.112 8.941 9.037 8.905 8.915 8.977 9.147 9.337 9.401 9.468 9.471 9.373 9.265 9.096 9.02 8.795 9.046 9.435 8.943 8.997 9.334 8.928 8.7 8.569 8.393 8.554 8.8 8.811 8.952 9.043 9.014 9.168 9.181 9.063 9.054 9.077 9.178 9.392 9.554 9.886 10.123 -9999 -9999 10.372 10.477 -9999 -9999 9.884 9.86 9.876 -9999 -9999 -9999 -9999 -9999 -9999 -9999 -9999 -9999 -9999
-9999 -9999 -9999 -9999 -9999 -9999 -9999 -9999 -9999 -9999 -9999 9.833 9.642 9.402 9.297 9.442 9.448 9.162 9.002 8.723 8.288 8.245 8.66 8.921 9.092 9.238 9.497 9.538 9.312 9.29 9.162 8.892 8.956 9.323 9.369 9.51 10.028 9.815 9.364 8.919 8.593 8.816 9.061 9.03 9.134 9.147 9.216 9.37 9.535 9.495 9.545 9.557 9.667 9.665 9.755 -9999 -9999 -9999 10.122 -9999 -9999 -9999 -9999 -9999 -9999 10.062 -9999 -9999 -9999 -9999 -9999 -9999 -9999 -9999 -9999 -9999 -9999
-9999 -9999 -9999 -9999 -9999 -9999 -9999 -9999 -9999 -9999 10.007 9.205 9.003 9.164 9.57 9.677 9.599 9.366 9.015 8.22 7.378 7.634 8.558 8.75 8.742 9.362 9.35 9.575 9.596 9.452 9.676 9.853 10.049 -9999 -9999 -9999 -9999 -9999 10.093 9.524 9.102 9.129 9.256 9.378 9.417 9.466 9.482 9.61 -9999 9.761 -9999 -9999 -9999 -9999 -9999 10.011 9.957 9.801 9.699 9.852 10.361 -9999 -9999 -9999 -9999 -9999 -9999 -9999 -9999 -9999 -9999 -9999 -9999 -9999 -9999 -9999 -9999
-9999 -9999 -9999 -9999 -9999 -9999 -9999 -9999 -9999 10.536 9.466 8.705 8.713 9.125 9.386 9.608 9.688 9.225 8.689 7.721 7.167 7.506 8.074 8.426 9.112 9.144 9.729 9.782 9.87 10.209 -9999 -9999 -9999 -9999 -9999 -9999 -9999 -9999 -9999 -9999 10.076 9.897 9.882 9.667 9.543 9.459 9.6 9.395 9.795 -9999 -9999 -9999 -9999 -9999 -9999 -9999 10.204 9.877 9.854 9.971 -9999 -9999 -9999 -9999 -9999 -9999 -9999 -9999 -9999 -9999 -9999 -9999 -9999 -9999 -9999 -9999 -9999
-9999 -9999 -9999 -9999 -9999 -9999 -9999 10.54 10.655 10.097 9.283 8.705 8.485 8.607 9.139 9.65 9.426 9.055 8.569 7.914 7.397 7.804 8.222 8.689 8.9 9.947 9.705 9.763 -9999 -9999 -9999 -9999 -9999 -9999 -9999 -9999 -9999 -9999 -9999 -9999 -9999 10.771 -9999 -9999 -9999 -9999 -9999 10.018 9.888 -9999 -9999 -9999 -9999 -9999 -9999 -9999 -9999 -9999 10.167 10.178 -9999 -9999 -9999 -9999 -9999 -9999 -9999 -9999 -9999 -9999 -9999 -9999 -9999 -9999 -9999 -9999 -9999
-9999 -9999 -9999 -9999 -9999 -9999 10.552 -9999 10.186 9.962 9.392 8.833 8.532 8.572 9.084 9.273 9.152 9.437 9.18 8.337 7.946 8.141 8.755 9.023 9.502 9.979 10.108 10.505 -9999 -9999 -9999 -9999 -9999 -9999 -9999 -9999 -9999 -9999 -9999 -9999 -9999 -9999 10.674 -9999 -9999 -9999 -9999 -9999 -9999 -9999 -9999 -9999 -9999 -9999 -9999 -9999 -9999 -9999 -9999 -9999 -9999 -9999 -9999 -9999 -9999 -9999 -9999 -9999 -9999 -9999 -9999 -9999 -9999 -9999 -9999 -9999 -9999
-9999 -9999 -9999 -9999 -9999 10.761 10.552 9.845 9.959 9.972 9.578 9.312 9.01 8.975 9.217 9.139 9.301 -9999 9.309 8.681 8.16 7.854 8.422 9.385 9.742 10.117 10.37 -9999 -9999 -9999 -9999 -9999 -9999 -9999 -9999 -9999 -9999 -9999 -9999 -9999 -9999 -9999 -9999 -9999 -9999 -9999 -9999 -9999 -9999 -9999 -9999 -9999 -9999 -9999 -9999 -9999 -9999 -9999 -9999 -9999 -9999 -9999 -9999 -9999 -9999 -9999 -9999 -9999 -9999 -9999 -9999 -9999 -9999 -9999 -9999 -9999 -9999
-9999 -9999 -9999 -9999 -9999 10.761 10.228 9.772 9.654 9.687 9.589 9.465 9.223 9.4 9.565 9.59 9.932 9.824 9.623 9.101 8.226 8.051 8.868 9.375 9.954 10.118 10.091 -9999 -9999 -9999 -9999 -9999 -9999 -9999 -9999 -9999 -9999 -9999 -9999 -9999 -9999 -9999 -9999 -9999 -9999 -9999 -9999 -9999 -9999 -9999 -9999 -9999 -9999 -9999 -9999 -9999 -9999 -9999 -9999 -9999 -9999 -9999 -9999 -9999 -9999 -9999 -9999 -9999 -9999 -9999 -9999 -9999 -9999 -9999 -9999 -9999 -9999
-9999 -9999 -9999 -9999 10.876 10.432 9.883 9.43 9.385 9.618 9.688 9.678 9.704 9.859 9.714 10.085 10.282 10.163 9.8 9.448 8.965 8.904 9.247 9.712 9.902 9.805 -9999 -9999 -9999 -9999 -9999 -9999 -9999 -9999 -9999 -9999 -9999 -9999 -9999 -9999 -9999 -9999 -9999 -9999 -9999 -9999 -9999 -9999 -9999 -9999 -9999 -9999 -9999 -9999 -9999 -9999 -9999 -9999 -9999 -9999 -9999 -9999 -9999 -9999 -9999 -9999 -9999 -9999 -9999 -9999 -9999 -9999 -9999 -9999 -9999 -9999 -9999
