Validation/Results/ReClimate_04_2024_1.asc
NCOLS 192
NROWS 249
XLLCENTER -225160.85627316462
YLLCENTER 29788.11610251502
CELLSIZE 5000.0
NODATA_VALUE -9999
[rows 165 to 197 of 249, columns 75 to 149 of 192]
-9999 -9999 -9999 -9999 -9999 -9999 -9999 -9999 -9999 -9999 -9999 -9999 -9999 -9999 -9999 -9999 -9999 -9999 -9999 -9999 -9999 -9999 -9999 -9999 -9999 -9999 -9999 -9999 -9999 -9999 -9999 -9999 -9999 -9999 -9999 -9999 -9999 104.236 104.354 104.458 104.113 104.15 104.649 104.761 104.831 104.882 104.91 104.927 104.946 104.966 104.988 105.009 105.03 105.049 105.066 105.081 105.095 105.108 105.122 105.135 105.149 105.162 105.177 105.193 105.209 105.211 105.21 105.212 105.215 105.221 105.231 105.244 105.257 105.262 -9999
-9999 -9999 -9999 -9999 -9999 -9999 -9999 -9999 -9999 -9999 -9999 -9999 -9999 -9999 -9999 -9999 -9999 -9999 -9999 -9999 -9999 -9999 -9999 -9999 -9999 -9999 -9999 -9999 -9999 -9999 -9999 -9999 -9999 -9999 -9999 -9999 -9999 104.214 104.338 104.436 104.5 104.569 104.681 104.755 104.827 104.887 104.924 104.942 104.961 104.982 105.004 105.026 105.047 105.068 105.088 105.106 105.122 105.138 105.153 105.167 105.18 105.193 105.208 105.226 105.246 105.263 105.267 105.269 105.274 105.281 105.293 105.298 105.297 105.295 105.288
-9999 -9999 -9999 -9999 -9999 -9999 -9999 -9999 -9999 -9999 -9999 -9999 -9999 -9999 -9999 -9999 -9999 -9999 -9999 -9999 -9999 -9999 -9999 -9999 -9999 -9999 -9999 -9999 -9999 -9999 -9999 -9999 -9999 -9999 -9999 -9999 104.011 104.15 104.274 104.393 104.49 104.588 104.673 104.749 104.821 104.888 104.934 104.954 104.974 104.995 105.018 105.042 105.065 105.088 105.11 105.131 105.15 105.167 105.182 105.196 105.209 105.223 105.239 105.257 105.279 105.304 105.32 105.326 105.332 105.335 105.333 105.323 105.304 105.284 105.265
-9999 -9999 -9999 -9999 -9999 -9999 -9999 -9999 -9999 -9999 -9999 -9999 -9999 -9999 -9999 -9999 -9999 -9999 -9999 -9999 -9999 -9999 -9999 -9999 -9999 -9999 -9999 -9999 -9999 -9999 -9999 -9999 -9999 -9999 -9999 -9999 103.935 104.073 104.202 104.326 104.439 104.548 104.647 104.73 104.81 104.884 104.934 104.962 104.985 105.008 105.032 105.057 105.083 105.108 105.133 105.156 105.177 105.195 105.21 105.224 105.237 105.252 105.269 105.288 105.311 105.338 105.368 105.376 105.361 105.341 105.318 105.294 105.266 105.239 105.213
-9999 -9999 -9999 -9999 -9999 -9999 -9999 -9999 -9999 -9999 -9999 -9999 -9999 -9999 -9999 -9999 -9999 -9999 -9999 -9999 -9999 -9999 -9999 -9999 -9999 -9999 -9999 -9999 -9999 -9999 -9999 -9999 -9999 -9999 -9999 -9999 -9999 104.0 104.128 104.251 104.37 104.485 104.594 104.696 104.781 104.859 104.922 104.963 104.993 105.019 105.045 105.073 105.1 105.128 105.155 105.18 105.203 105.222 105.237 105.251 105.265 105.281 105.298 105.318 105.338 105.357 105.366 105.365 105.342 105.309 105.276 105.244 105.212 105.182 105.152
-9999 -9999 -9999 -9999 -9999 -9999 -9999 -9999 -9999 -9999 -9999 -9999 -9999 -9999 -9999 -9999 -9999 100.272 99.824 -9999 -9999 -9999 -9999 -9999 -9999 -9999 -9999 -9999 -9999 -9999 -9999 -9999 -9999 -9999 -9999 -9999 103.796 103.93 104.058 104.18 104.298 104.415 104.531 104.637 104.736 104.825 104.893 104.941 104.978 105.016 105.054 105.086 105.117 105.145 105.174 105.202 105.228 105.249 105.265 105.277 105.288 105.299 105.312 105.326 105.331 105.328 105.326 105.319 105.297 105.262 105.227 105.192 105.158 105.124 105.09
-9999 -9999 -9999 -9999 -9999 -9999 -9999 -9999 -9999 -9999 -9999 -9999 -9999 -9999 -9999 -9999 -9999 100.303 100.111 100.302 -9999 -9999 -9999 -9999 -9999 -9999 -9999 -9999 -9999 -9999 -9999 -9999 -9999 -9999 -9999 103.59 103.728 103.864 103.991 104.112 104.23 104.348 104.462 104.573 104.678 104.775 104.856 104.908 104.951 104.994 105.035 105.074 105.108 105.14 105.172 105.203 105.234 105.256 105.268 105.278 105.288 105.298 105.302 105.297 105.291 105.278 105.267 105.259 105.246 105.215 105.177 105.14 105.103 105.066 105.028
-9999 -9999 -9999 -9999 -9999 -9999 -9999 -9999 -9999 -9999 -9999 -9999 -9999 -9999 -9999 -9999 100.157 100.339 100.535 100.717 100.587 -9999 -9999 -9999 -9999 -9999 -9999 -9999 -9999 -9999 -9999 -9999 103.038 -9999 -9999 103.522 103.665 103.799 103.926 104.047 -9999 104.283 104.398 104.508 104.616 104.719 104.808 104.876 104.92 104.963 105.006 105.049 105.087 105.122 105.155 105.187 105.217 105.242 105.256 105.267 105.277 105.275 105.266 105.253 105.237 105.223 105.21 105.199 105.19 105.166 105.127 105.088 105.048 105.007 104.964
-9999 -9999 -9999 -9999 -9999 -9999 -9999 -9999 -9999 -9999 -9999 -9999 -9999 -9999 -9999 -9999 100.197 100.365 100.552 100.725 100.71 100.862 100.346 -9999 -9999 -9999 101.778 101.965 -9999 102.401 102.615 102.808 102.985 103.155 -9999 -9999 103.608 103.74 -9999 -9999 104.104 104.222 104.336 104.447 104.554 104.66 104.759 104.834 104.89 104.933 104.975 105.017 105.059 105.099 105.134 105.166 105.195 105.22 105.237 105.248 105.245 105.235 105.217 105.2 105.184 105.169 105.154 105.141 105.13 105.112 105.076 105.034 104.99 104.946 104.899
-9999 -9999 -9999 -9999 -9999 -9999 -9999 -9999 -9999 -9999 -9999 -9999 -9999 -9999 -9999 -9999 -9999 100.39 100.567 100.733 100.888 101.034 -9999 -9999 100.844 101.573 101.709 101.903 102.122 102.338 102.543 102.734 102.919 103.105 103.267 -9999 103.555 103.686 103.809 103.923 104.036 104.151 104.264 104.375 104.485 104.595 104.702 104.787 104.849 104.903 104.945 104.986 105.027 105.067 105.105 105.141 105.172 105.197 105.212 105.211 105.201 105.183 105.166 105.148 105.131 105.114 105.099 105.084 105.07 105.055 105.023 104.978 104.931 104.882 104.83
-9999 -9999 -9999 -9999 -9999 -9999 -9999 -9999 -9999 -9999 -9999 -9999 -9999 -9999 -9999 -9999 -9999 100.409 100.582 100.74 100.888 101.029 100.655 100.783 101.415 101.535 101.669 101.84 101.708 100.958 101.5 102.656 102.851 103.039 103.205 103.346 103.472 103.592 103.705 103.814 103.925 104.038 104.151 104.262 104.374 104.487 104.595 104.686 104.764 104.837 104.902 104.955 104.995 105.034 105.072 105.108 105.141 105.165 105.171 105.164 105.149 105.131 105.114 105.096 105.078 105.06 105.043 105.026 105.01 104.994 104.967 104.92 104.87 104.815 104.754
-9999 -9999 -9999 -9999 -9999 -9999 -9999 -9999 -9999 -9999 -9999 -9999 -9999 -9999 -9999 -9999 -9999 -9999 100.59 100.746 100.888 101.023 101.153 101.277 101.397 101.514 101.633 101.783 101.345 101.203 102.036 102.577 102.758 102.932 103.088 103.231 103.361 103.476 103.587 103.695 103.805 103.917 104.029 104.14 104.251 104.364 104.472 104.565 104.649 104.733 104.815 104.88 104.938 104.996 105.039 105.074 105.102 105.114 105.113 105.103 105.091 105.076 105.061 105.043 105.025 105.006 104.987 104.968 104.949 104.931 104.905 104.859 104.804 104.743 104.657
-9999 -9999 -9999 -9999 -9999 -9999 -9999 -9999 -9999 -9999 -9999 -9999 -9999 -9999 -9999 -9999 -9999 -9999 -9999 -9999 100.886 101.017 100.71 99.624 100.075 101.129 100.914 100.135 100.53 101.887 102.262 102.459 102.636 102.803 102.96 103.107 103.242 103.366 103.476 103.583 103.691 103.802 103.913 104.024 104.134 104.246 104.352 104.442 104.526 104.613 104.698 104.777 104.84 104.905 104.971 105.027 105.053 105.056 105.048 105.039 105.027 105.013 104.998 104.981 104.963 104.943 104.923 104.902 104.881 104.858 104.832 104.786 104.724 104.653 104.547
-9999 -9999 -9999 -9999 -9999 -9999 -9999 -9999 -9999 -9999 -9999 -9999 -9999 -9999 -9999 -9999 -9999 -9999 -9999 100.748 100.881 101.008 100.325 99.979 100.651 100.928 100.163 99.177 100.41 101.946 102.14 102.339 102.517 102.682 102.838 102.985 103.124 103.253 103.37 103.475 103.582 103.693 103.803 103.912 104.022 104.133 104.236 104.324 104.408 104.494 104.583 104.671 104.74 104.799 104.856 104.9 104.936 104.954 104.951 104.939 104.925 104.911 104.896 104.881 104.866 104.851 104.837 104.823 104.804 104.778 104.749 104.702 104.636 104.547 104.425
-9999 -9999 -9999 -9999 -9999 -9999 -9999 -9999 -9999 -9999 -9999 -9999 -9999 -9999 -9999 -9999 -9999 -9999 100.611 100.743 100.873 100.996 100.873 100.995 101.036 100.699 100.19 100.203 101.219 101.87 102.052 102.227 102.057 101.247 101.746 102.867 103.007 103.14 103.262 103.373 103.478 103.587 103.696 103.804 103.913 104.023 104.124 104.209 104.292 104.378 104.464 104.539 104.609 104.665 104.707 104.74 104.763 104.788 104.813 104.819 104.809 104.793 104.777 104.76 104.743 104.727 104.711 104.696 104.682 104.665 104.647 104.61 104.544 104.437 104.294
-9999 -9999 -9999 -9999 -9999 -9999 -9999 -9999 -9999 -9999 -9999 -9999 -9999 -9999 -9999 -9999 -9999 100.485 100.599 100.734 100.861 100.982 100.925 100.542 100.408 100.484 100.621 100.958 101.412 101.791 101.942 102.117 101.655 101.474 102.265 102.755 102.894 103.027 103.153 103.27 103.378 103.485 103.593 103.7 103.808 103.917 104.014 104.094 104.171 104.244 104.314 104.388 104.463 104.516 104.549 104.572 104.593 104.616 104.64 104.667 104.685 104.678 104.658 104.639 104.618 104.598 104.577 104.556 104.536 104.515 104.495 104.467 104.409 104.31 104.16
-9999 -9999 -9999 -9999 -9999 -9999 -9999 -9999 -9999 -9999 -9999 -9999 -9999 -9999 -9999 100.265 100.382 100.481 100.593 100.721 100.846 100.965 100.497 99.711 99.634 99.278 99.968 101.379 101.598 101.703 101.846 102.009 101.639 100.778 101.442 102.518 102.69 102.917 103.045 103.166 103.279 103.385 103.492 103.599 103.705 103.81 103.895 103.961 104.025 104.092 104.162 104.234 104.309 104.363 104.389 104.408 104.428 104.45 104.473 104.498 104.523 104.548 104.541 104.518 104.494 104.469 104.443 104.416 104.389 104.361 104.331 104.295 104.227 104.124 103.994
-9999 -9999 -9999 -9999 -9999 -9999 -9999 -9999 -9999 -9999 -9999 -9999 -9999 -9999 100.181 100.287 100.388 100.482 -9999 -9999 -9999 -9999 100.722 99.644 99.357 99.053 100.243 101.458 101.536 101.633 101.759 101.912 101.438 101.329 102.062 102.453 102.651 102.81 102.938 103.062 103.177 103.288 103.394 103.499 103.601 103.687 103.753 103.815 103.878 103.944 104.012 104.083 104.15 104.205 104.231 104.249 104.268 104.29 104.312 104.336 104.359 104.381 104.404 104.395 104.369 104.339 104.307 104.275 104.24 104.204 104.165 104.12 104.037 103.916 103.781
-9999 -9999 -9999 -9999 -9999 -9999 -9999 -9999 -9999 -9999 -9999 -9999 -9999 -9999 100.193 100.29 100.389 -9999 -9999 -9999 -9999 -9999 100.99 100.69 100.13 98.981 100.004 101.043 101.213 101.567 101.678 101.823 101.843 102.026 102.3 102.417 102.57 102.704 102.832 102.957 103.076 103.19 103.296 103.392 103.474 103.549 103.61 103.671 103.734 103.798 103.865 103.935 103.993 104.042 104.074 104.092 104.111 104.131 104.153 104.177 104.199 104.216 104.232 104.251 104.239 104.207 104.169 104.13 104.089 104.044 103.995 103.935 103.839 103.706 103.572
-9999 -9999 -9999 -9999 -9999 -9999 -9999 -9999 -9999 -9999 -9999 -9999 -9999 -9999 -9999 -9999 100.347 -9999 -9999 -9999 -9999 -9999 100.942 101.041 99.727 97.721 98.949 100.827 101.135 101.485 101.581 101.713 101.714 101.414 101.7 102.29 102.432 102.569 102.703 102.833 102.962 103.084 103.186 103.264 103.343 103.41 103.469 103.529 103.59 103.654 103.719 103.782 103.835 103.878 103.915 103.937 103.955 103.974 103.994 104.016 104.035 104.05 104.061 104.073 104.087 104.06 104.01 103.956 103.9 103.841 103.778 103.699 103.588 103.458 103.335
-9999 -9999 -9999 -9999 -9999 -9999 -9999 -9999 -9999 -9999 -9999 -9999 -9999 -9999 -9999 -9999 -9999 -9999 -9999 -9999 -9999 -9999 100.88 100.991 99.134 96.891 98.023 98.393 99.318 101.39 101.297 100.907 100.942 101.452 101.869 102.136 102.279 102.418 102.553 102.686 102.815 102.926 103.022 103.116 103.201 103.269 103.327 103.386 103.447 103.51 103.574 103.629 103.675 103.716 103.756 103.781 103.797 103.815 103.833 103.85 103.866 103.874 103.873 103.869 103.866 103.864 103.817 103.753 103.685 103.614 103.537 103.441 103.327 103.204 103.09
-9999 -9999 -9999 -9999 -9999 -9999 -9999 -9999 -9999 -9999 -9999 -9999 -9999 -9999 -9999 -9999 -9999 -9999 -9999 -9999 -9999 -9999 -9999 100.917 99.435 98.598 98.676 98.323 99.919 101.3 100.777 99.951 100.375 100.775 101.205 101.997 102.127 102.262 102.397 102.525 102.637 102.74 102.842 102.943 103.028 103.099 103.171 103.242 103.303 103.364 103.426 103.475 103.514 103.553 103.594 103.623 103.638 103.653 103.668 103.675 103.674 103.67 103.661 103.647 103.634 103.621 103.601 103.539 103.463 103.382 103.296 103.199 103.083 102.969 102.858
-9999 -9999 -9999 -9999 -9999 -9999 -9999 -9999 -9999 -9999 -9999 -9999 -9999 -9999 -9999 -9999 -9999 -9999 -9999 -9999 -9999 -9999 100.747 100.836 100.213 99.688 99.738 100.389 101.15 101.213 100.557 100.001 100.299 100.536 101.215 101.912 102.024 102.114 102.237 102.349 102.453 102.554 102.656 102.754 102.836 102.913 102.991 103.066 103.142 103.216 103.271 103.316 103.353 103.391 103.429 103.461 103.476 103.482 103.481 103.477 103.468 103.455 103.439 103.421 103.402 103.381 103.36 103.318 103.24 103.156 103.073 102.972 102.859 102.747 102.64
-9999 -9999 -9999 -9999 -9999 -9999 -9999 -9999 -9999 -9999 -9999 -9999 -9999 -9999 -9999 -9999 -9999 -9999 -9999 -9999 -9999 -9999 100.615 100.758 99.951 98.445 99.376 101.006 101.067 101.128 100.638 100.125 100.338 100.59 100.984 101.009 101.304 101.975 102.078 102.173 102.271 102.369 102.468 102.559 102.642 102.719 102.797 102.877 102.959 103.037 103.111 103.155 103.19 103.226 103.263 103.29 103.295 103.291 103.282 103.27 103.256 103.239 103.22 103.197 103.172 103.145 103.115 103.086 103.028 102.946 102.86 102.758 102.645 102.537 102.431
-9999 -9999 -9999 -9999 -9999 -9999 -9999 -9999 -9999 -9999 -9999 -9999 -9999 -9999 -9999 -9999 -9999 -9999 -9999 -9999 -9999 -9999 99.977 100.425 99.449 98.931 99.437 98.405 98.849 99.993 99.969 100.696 100.907 101.139 101.098 100.906 101.424 101.835 101.924 102.013 102.102 102.19 102.279 102.364 102.446 102.524 102.601 102.68 102.761 102.845 102.919 102.982 103.024 103.058 103.085 103.102 103.103 103.091 103.078 103.063 103.045 103.025 103.001 102.974 102.944 102.914 102.885 102.856 102.818 102.744 102.653 102.551 102.44 102.337 102.232
-9999 -9999 -9999 -9999 -9999 -9999 -9999 -9999 -9999 -9999 -9999 -9999 -9999 -9999 -9999 -9999 -9999 -9999 -9999 -9999 -9999 -9999 -9999 99.386 99.116 99.109 98.556 98.525 99.199 99.37 99.774 99.845 100.307 101.278 101.177 101.183 101.492 101.691 101.778 101.862 101.945 102.027 102.103 102.175 102.247 102.326 102.404 102.482 102.562 102.642 102.712 102.774 102.837 102.873 102.894 102.905 102.902 102.888 102.873 102.855 102.834 102.81 102.784 102.758 102.731 102.702 102.671 102.639 102.604 102.542 102.45 102.35 102.246 102.144 102.041
-9999 -9999 -9999 -9999 -9999 -9999 -9999 -9999 -9999 -9999 -9999 -9999 -9999 -9999 -9999 -9999 -9999 -9999 -9999 -9999 -9999 -9999 -9999 99.214 99.462 100.18 99.461 97.463 97.985 99.188 99.146 98.933 99.54 99.81 100.202 101.311 101.462 101.549 101.633 101.715 101.796 101.871 101.937 102.002 102.072 102.142 102.213 102.285 102.36 102.436 102.501 102.559 102.611 102.661 102.691 102.704 102.701 102.685 102.667 102.65 102.631 102.61 102.586 102.559 102.532 102.501 102.467 102.429 102.387 102.334 102.252 102.157 102.058 101.958 101.856
-9999 -9999 -9999 -9999 -9999 -9999 -9999 -9999 -9999 -9999 -9999 -9999 -9999 -9999 -9999 -9999 -9999 -9999 -9999 -9999 -9999 -9999 99.336 98.867 99.595 100.582 98.945 97.31 98.122 98.59 98.875 100.003 100.11 100.016 100.774 101.247 101.324 101.408 101.49 101.57 101.646 101.713 101.778 101.842 101.905 101.969 102.035 102.105 102.177 102.247 102.305 102.35 102.395 102.437 102.481 102.511 102.513 102.498 102.482 102.463 102.444 102.422 102.398 102.37 102.339 102.305 102.266 102.222 102.173 102.125 102.059 101.971 101.876 101.778 101.678
-9999 -9999 -9999 -9999 -9999 -9999 -9999 -9999 -9999 -9999 -9999 -9999 -9999 -9999 -9999 -9999 -9999 -9999 -9999 -9999 -9999 -9999 99.274 99.929 100.222 99.578 98.971 99.718 99.614 98.59 99.463 100.222 100.167 100.17 100.346 100.1 100.435 101.269 101.348 101.425 101.493 101.558 101.621 101.683 101.744 101.804 101.863 101.932 102.001 102.066 102.115 102.154 102.193 102.233 102.274 102.315 102.333 102.321 102.304 102.285 102.264 102.24 102.212 102.182 102.148 102.109 102.066 102.017 101.969 101.918 101.867 101.791 101.7 101.604 101.506
-9999 -9999 -9999 -9999 -9999 -9999 -9999 -9999 -9999 -9999 -9999 -9999 -9999 -9999 -9999 -9999 -9999 -9999 -9999 -9999 -9999 -9999 100.196 100.371 99.515 98.073 99.007 100.54 99.774 99.124 99.597 99.771 99.775 99.792 99.841 100.317 100.857 101.142 101.205 101.274 101.339 101.401 101.462 101.523 101.584 101.641 101.697 101.757 101.825 101.883 101.924 101.962 102.0 102.038 102.076 102.114 102.143 102.144 102.128 102.107 102.083 102.057 102.027 101.994 101.956 101.914 101.867 101.82 101.771 101.718 101.675 101.616 101.529 101.435 101.339
-9999 -9999 -9999 -9999 -9999 -9999 -9999 -9999 -9999 -9999 -9999 -9999 -9999 -9999 -9999 -9999 -9999 -9999 -9999 -9999 -9999 99.914 100.279 100.316 99.129 97.939 99.2 100.471 100.144 100.2 100.169 99.801 99.978 100.461 100.743 100.796 100.965 101.014 101.064 101.114 101.174 101.235 101.294 101.353 101.413 101.468 101.52 101.576 101.638 101.692 101.736 101.773 101.81 101.846 101.881 101.915 101.941 101.958 101.949 101.927 101.902 101.873 101.841 101.805 101.764 101.72 101.676 101.629 101.579 101.528 101.488 101.442 101.362 101.271 101.174
-9999 -9999 -9999 -9999 -9999 -9999 -9999 -9999 -9999 -9999 -9999 -9999 -9999 -9999 -9999 -9999 -9999 -9999 -9999 -9999 100.131 100.185 100.226 100.264 99.379 98.661 99.618 100.411 100.454 100.498 100.323 100.372 100.644 100.692 100.741 100.795 100.845 100.888 100.927 100.971 101.016 101.067 101.125 101.182 101.239 101.292 101.342 101.392 101.443 101.493 101.538 101.58 101.62 101.656 101.688 101.719 101.742 101.755 101.763 101.745 101.718 101.687 101.653 101.614 101.574 101.534 101.49 101.443 101.389 101.343 101.309 101.27 101.199 101.11 101.024
-9999 -9999 -9999 -9999 -9999 -9999 -9999 -9999 -9999 -9999 -9999 -9999 -9999 -9999 -9999 -9999 -9999 -9999 99.973 100.032 100.088 100.133 100.173 100.212 99.236 97.55 98.072 98.872 100.392 100.427 100.463 100.502 100.543 100.578 100.619 100.672 100.719 100.763 100.802 100.839 100.876 100.917 100.96 101.013 101.067 101.119 101.166 101.209 101.253 101.295 101.335 101.377 101.414 101.447 101.477 101.501 101.517 101.524 101.531 101.526 101.502 101.472 101.441 101.412 101.383 101.349 101.307 101.258 101.205 101.164 101.135 101.101 101.049 100.976 100.898
