Validation/Results/ReClimate_06_2024_2_Precipitation-Actualsweatherlogisticsltd.asc
NCOLS 192
NROWS 249
XLLCENTER -225160.85627316462
YLLCENTER 29788.11610251502
CELLSIZE 5000.0
NODATA_VALUE -9999
[rows 198 to 230 of 249, columns 74 to 147 of 192]
-9999 -9999 -9999 -9999 -9999 -9999 -9999 -9999 -9999 -9999 -9999 -9999 -9999 -9999 -9999 -9999 -9999 -9999 147.026 146.71 147.752 127.565 127.449 129.99 137.552 169.195 170.943 183.493 182.448 160.587 132.661 111.502 104.678 104.939 114.723 122.768 102.668 89.116 81.375 76.346 79.051 82.991 79.147 82.792 82.58 75.553 73.765 70.826 68.795 72.869 72.708 75.503 71.589 69.593 71.251 73.646 72.571 71.838 69.313 76.028 77.047 75.526 77.75 76.196 72.231 70.771 65.499 66.781 65.37 64.569 62.305 58.711 61.318 61.896
-9999 -9999 -9999 -9999 -9999 -9999 -9999 -9999 -9999 -9999 -9999 -9999 -9999 -9999 -9999 90.295 113.065 132.09 138.466 148.434 144.902 140.076 126.802 117.232 157.178 171.683 186.744 176.887 178.862 151.911 131.515 127.156 106.644 99.477 126.606 103.835 85.208 72.782 73.047 77.784 88.887 74.97 76.448 76.44 80.743 82.196 77.522 75.441 69.961 68.507 69.543 74.706 78.343 69.3 67.552 70.657 73.51 73.621 77.629 74.016 73.068 72.856 74.345 73.569 70.5 65.055 62.016 62.861 64.088 61.47 59.995 57.348 57.672 58.548
-9999 -9999 -9999 -9999 -9999 -9999 -9999 -9999 -9999 -9999 -9999 -9999 -9999 123.798 112.416 108.969 114.413 119.191 130.976 142.642 148.712 141.444 136.983 162.316 154.236 170.139 177.019 160.382 160.934 150.313 158.901 133.647 116.777 113.177 101.324 86.98 70.833 83.436 83.172 75.175 72.758 69.291 70.326 74.595 79.153 80.566 80.032 72.803 67.484 68.193 68.983 74.945 77.324 71.69 72.9 70.937 68.419 68.819 69.39 73.533 70.348 85.497 83.977 74.018 70.859 67.616 60.872 61.016 62.557 58.747 56.566 55.773 58.489 60.269
-9999 -9999 -9999 -9999 -9999 -9999 -9999 -9999 -9999 127.367 132.693 129.709 126.724 149.284 130.079 133.078 133.837 133.085 145.628 155.099 160.486 169.363 187.393 161.941 153.144 167.773 157.755 154.584 153.08 163.686 151.195 143.83 140.311 112.209 99.891 86.011 98.372 95.634 82.994 90.783 75.383 72.413 67.887 74.709 83.8 80.031 81.445 77.912 68.154 69.625 73.717 74.399 75.043 76.678 71.595 71.751 67.485 65.33 69.36 68.458 66.66 71.108 77.452 68.82 66.781 65.351 61.028 61.567 60.762 59.816 59.394 58.676 57.775 58.227
-9999 -9999 -9999 -9999 -9999 -9999 -9999 -9999 119.682 130.181 132.625 139.007 176.186 192.298 180.407 167.962 159.847 179.677 185.156 170.774 173.771 192.036 186.161 170.977 165.092 147.487 140.514 139.865 142.033 143.371 136.768 138.745 116.114 100.197 107.797 125.577 143.658 107.842 93.093 79.303 78.213 74.231 80.333 74.984 71.813 71.904 75.463 71.218 70.965 71.322 75.223 73.145 78.216 80.531 79.614 70.871 69.027 74.926 72.071 67.799 65.339 66.904 70.398 65.352 65.682 62.438 62.146 61.624 60.626 61.664 59.917 56.171 58.682 58.407
-9999 -9999 -9999 -9999 -9999 -9999 -9999 112.941 123.495 130.49 135.404 155.571 183.643 181.146 169.083 161.92 177.454 187.554 178.907 170.357 179.762 196.931 188.551 164.188 144.571 129.083 140.289 150.274 146.48 141.646 127.864 118.541 100.323 104.678 107.875 149.169 136.968 118.402 87.675 86.486 84.436 85.265 76.872 72.475 71.702 68.072 68.777 72.775 68.911 65.958 76.819 74.512 75.997 81.12 77.722 72.569 67.743 71.851 77.517 72.499 67.068 67.388 64.541 63.584 63.117 62.15 61.274 64.507 63.0 61.352 63.108 58.24 58.007 61.084
-9999 -9999 -9999 -9999 -9999 104.297 -9999 109.884 114.98 123.537 135.94 146.859 150.957 158.293 143.145 154.861 160.717 166.847 158.765 162.614 173.518 172.458 151.724 143.994 143.645 161.576 177.477 203.124 219.883 176.797 163.126 154.586 156.003 132.431 109.98 121.007 153.046 108.268 83.389 95.365 96.428 85.281 72.794 71.206 80.504 76.443 76.149 70.473 67.44 77.695 76.795 83.498 85.808 74.386 70.299 69.336 65.903 67.381 72.868 72.8 67.942 62.55 60.442 57.913 58.672 61.488 61.343 60.995 61.801 58.778 58.935 59.191 57.445 59.42
-9999 -9999 -9999 -9999 -9999 -9999 -9999 -9999 -9999 128.818 129.87 130.702 144.24 137.272 145.198 147.517 153.374 149.609 144.279 157.371 155.783 158.77 153.766 161.087 163.57 186.655 209.285 237.213 231.626 224.858 205.411 217.95 209.377 138.796 128.993 128.252 102.856 104.531 103.383 82.039 83.121 79.474 85.063 89.8 92.925 81.84 74.571 70.237 74.72 75.578 82.632 93.52 88.834 81.369 69.224 67.597 67.315 72.019 71.622 69.299 65.543 61.134 57.831 59.122 59.226 58.56 60.925 58.593 57.43 58.832 61.145 63.373 61.704 57.11
-9999 -9999 -9999 -9999 -9999 -9999 -9999 -9999 -9999 124.812 127.037 128.878 131.364 143.77 153.177 156.166 147.508 137.505 145.614 148.934 160.422 164.436 162.153 163.775 165.251 179.708 194.555 206.041 206.648 202.251 198.788 214.927 178.172 166.472 139.892 110.764 120.969 135.955 99.451 96.267 96.349 100.347 95.413 100.692 94.865 90.096 72.835 74.302 78.99 93.063 94.716 88.695 82.109 79.629 73.047 70.673 68.908 67.901 70.145 67.154 62.988 61.343 58.99 59.576 61.051 61.115 59.708 57.605 56.285 58.162 65.244 63.035 61.457 61.149
-9999 -9999 -9999 -9999 -9999 -9999 -9999 113.654 118.106 113.712 106.327 -9999 134.067 146.614 144.384 135.488 130.994 129.861 -9999 140.314 149.167 156.203 172.977 163.087 185.036 190.682 199.16 202.319 194.598 172.046 182.927 167.271 154.865 147.024 143.458 129.09 140.946 126.95 104.074 103.889 92.354 93.849 103.016 101.498 98.707 84.501 75.846 75.162 82.367 87.287 87.314 81.849 83.002 75.342 73.256 71.205 69.565 65.783 64.641 64.323 67.066 64.276 62.561 59.244 56.897 56.762 57.682 58.194 59.2 62.923 64.36 65.61 60.474 61.023
-9999 -9999 -9999 -9999 -9999 -9999 -9999 114.609 -9999 -9999 -9999 125.345 131.888 132.675 -9999 -9999 -9999 -9999 -9999 132.114 138.927 157.374 148.408 159.699 172.059 177.414 189.326 190.319 182.955 228.52 224.131 180.791 151.284 150.656 154.031 148.487 139.029 111.257 108.605 96.281 92.39 101.434 97.297 96.18 88.745 82.427 81.047 80.16 87.904 84.824 86.29 77.563 75.731 75.039 70.864 67.556 65.272 64.287 62.59 61.014 62.288 64.672 61.701 61.424 57.042 56.143 57.037 57.713 61.4 64.399 65.363 63.749 57.715 57.441
-9999 -9999 -9999 -9999 -9999 -9999 -9999 -9999 -9999 121.792 124.463 123.555 122.116 126.504 -9999 -9999 -9999 -9999 -9999 -9999 -9999 -9999 139.499 156.018 154.525 153.217 169.353 183.675 233.524 259.592 250.395 214.169 177.883 159.932 153.234 141.4 141.285 134.541 105.776 102.409 119.109 111.793 102.016 82.946 84.151 88.34 86.62 92.347 87.444 84.957 80.666 74.952 70.555 69.575 68.781 66.277 61.978 62.076 59.029 55.946 57.19 58.65 59.206 59.723 60.301 57.976 61.176 60.664 63.826 67.181 64.133 60.811 58.655 54.082
-9999 -9999 -9999 -9999 -9999 -9999 -9999 -9999 -9999 -9999 124.067 -9999 -9999 -9999 -9999 -9999 -9999 -9999 -9999 -9999 134.971 136.291 145.804 146.752 136.376 141.657 155.858 192.416 228.363 254.845 253.69 213.395 173.901 163.612 156.854 144.225 143.557 120.756 107.747 105.548 112.395 108.277 89.494 -9999 88.901 88.881 88.529 97.731 89.193 81.842 76.865 72.023 69.794 67.425 68.009 66.685 63.351 57.509 56.149 53.219 52.895 55.808 58.24 58.569 60.656 66.501 64.474 67.48 64.095 64.995 63.173 60.116 58.072 56.522
-9999 -9999 -9999 -9999 -9999 -9999 -9999 -9999 -9999 -9999 -9999 -9999 -9999 -9999 -9999 -9999 -9999 -9999 -9999 -9999 131.188 133.454 129.869 127.023 -9999 -9999 -9999 164.202 205.708 214.204 207.198 184.67 173.79 171.741 157.615 136.356 124.257 115.125 101.873 105.214 101.401 91.456 -9999 84.766 87.57 85.374 92.696 93.889 83.484 80.256 77.523 71.73 71.902 67.961 65.828 65.762 61.73 57.034 59.915 61.124 57.691 54.803 56.771 59.7 61.216 58.422 65.25 63.37 61.156 61.833 60.432 55.692 54.672 54.672
-9999 -9999 -9999 -9999 -9999 -9999 -9999 -9999 -9999 -9999 -9999 -9999 -9999 -9999 -9999 -9999 -9999 -9999 -9999 -9999 -9999 -9999 -9999 -9999 -9999 -9999 -9999 125.25 150.38 174.168 166.278 162.398 160.17 153.84 139.92 128.706 118.334 107.289 101.288 97.857 -9999 -9999 83.161 84.78 86.34 83.455 88.862 87.418 81.971 86.678 75.978 70.4 72.787 68.298 66.326 70.715 70.736 66.104 62.847 69.521 64.507 60.668 61.103 60.507 61.736 64.219 61.288 66.248 61.462 56.905 57.249 57.449 50.538 51.88
-9999 -9999 -9999 -9999 -9999 -9999 -9999 -9999 -9999 -9999 -9999 -9999 -9999 -9999 -9999 -9999 -9999 -9999 -9999 -9999 -9999 -9999 -9999 -9999 -9999 -9999 -9999 118.992 133.359 139.002 143.684 151.129 141.863 134.443 132.578 122.445 110.574 -9999 -9999 -9999 -9999 -9999 82.38 90.504 87.373 86.346 87.274 86.9 84.572 78.468 72.754 69.471 68.646 71.949 71.456 76.774 77.221 72.727 68.145 68.097 68.368 62.424 62.818 60.81 59.026 62.885 59.501 58.476 56.909 53.998 52.059 52.166 53.706 51.513
-9999 -9999 -9999 -9999 -9999 -9999 -9999 -9999 -9999 -9999 -9999 -9999 -9999 -9999 -9999 -9999 -9999 -9999 -9999 -9999 -9999 -9999 -9999 -9999 -9999 -9999 -9999 -9999 -9999 127.015 142.035 136.395 125.028 126.848 122.109 111.039 -9999 -9999 -9999 -9999 98.46 96.334 96.364 87.004 81.611 85.008 91.753 89.549 85.89 75.815 73.176 72.016 76.483 79.688 79.0 76.164 76.551 71.547 67.449 64.997 64.469 64.009 60.174 59.579 55.587 56.244 56.323 53.806 52.752 53.26 55.308 53.976 53.446 53.04
-9999 -9999 -9999 -9999 -9999 -9999 -9999 -9999 -9999 -9999 -9999 -9999 -9999 -9999 -9999 -9999 -9999 -9999 -9999 -9999 -9999 -9999 -9999 -9999 -9999 -9999 -9999 -9999 -9999 -9999 117.418 109.836 116.042 113.442 109.952 -9999 -9999 -9999 -9999 98.225 100.391 99.769 98.871 91.294 88.312 85.13 83.845 83.977 83.007 75.866 73.942 79.455 80.554 78.556 80.553 74.699 70.544 67.8 64.814 64.063 65.132 62.163 61.467 57.702 55.63 52.745 53.08 53.757 54.663 56.25 56.773 55.181 53.137 52.81
-9999 -9999 -9999 -9999 -9999 -9999 -9999 -9999 -9999 -9999 -9999 -9999 -9999 -9999 -9999 -9999 -9999 -9999 -9999 -9999 -9999 -9999 -9999 -9999 -9999 -9999 -9999 -9999 -9999 -9999 -9999 -9999 -9999 -9999 -9999 -9999 -9999 -9999 101.0 98.332 99.127 98.559 99.862 92.935 87.738 85.004 81.866 84.553 81.441 69.166 71.757 74.997 77.211 75.26 75.166 75.958 71.195 66.4 69.357 65.024 64.811 62.413 60.214 56.097 54.333 55.157 53.353 53.376 54.603 54.872 54.5 53.437 53.176 52.058
-9999 -9999 -9999 -9999 -9999 -9999 -9999 -9999 -9999 -9999 -9999 -9999 -9999 -9999 -9999 -9999 -9999 -9999 -9999 -9999 -9999 -9999 -9999 -9999 -9999 -9999 -9999 -9999 -9999 -9999 -9999 -9999 -9999 -9999 -9999 -9999 -9999 91.215 94.457 104.797 107.319 124.975 108.597 92.909 88.475 83.177 83.268 86.884 73.603 68.877 70.12 71.468 72.921 70.675 72.358 75.002 76.723 72.407 67.807 73.839 68.733 64.535 59.742 57.624 53.213 51.85 52.868 53.596 53.802 54.257 53.744 51.644 52.468 52.312
-9999 -9999 -9999 -9999 -9999 -9999 -9999 -9999 -9999 -9999 -9999 -9999 -9999 -9999 -9999 -9999 -9999 -9999 -9999 -9999 -9999 -9999 -9999 -9999 -9999 -9999 -9999 -9999 -9999 -9999 -9999 -9999 -9999 -9999 -9999 -9999 -9999 86.93 94.992 95.753 111.655 118.209 118.541 111.667 100.398 94.525 94.689 81.555 74.645 72.484 77.05 76.688 76.754 74.879 68.199 66.899 67.813 72.199 70.85 69.423 70.116 65.557 61.412 56.993 53.963 53.383 52.017 54.177 55.376 54.982 52.737 51.351 52.52 57.901
-9999 -9999 -9999 -9999 -9999 -9999 -9999 -9999 -9999 -9999 -9999 -9999 -9999 -9999 -9999 -9999 -9999 -9999 -9999 -9999 -9999 -9999 -9999 -9999 157.095 180.422 180.835 156.116 -9999 126.311 -9999 -9999 -9999 -9999 -9999 -9999 -9999 -9999 89.749 95.091 100.309 108.133 110.379 114.283 105.918 104.729 88.511 81.597 79.056 84.274 82.835 71.852 72.164 70.309 65.486 64.17 62.575 60.849 62.948 67.476 66.661 65.742 63.022 63.909 62.348 57.307 55.045 55.434 55.087 55.563 55.127 53.333 54.383 55.853
-9999 -9999 -9999 -9999 -9999 -9999 -9999 -9999 -9999 -9999 -9999 -9999 -9999 -9999 -9999 -9999 -9999 -9999 -9999 -9999 -9999 137.725 144.086 139.527 157.888 192.613 182.239 162.743 153.011 126.091 102.717 84.359 -9999 -9999 92.39 86.026 82.472 86.149 84.484 88.262 95.536 92.984 100.897 102.238 107.657 100.363 89.414 82.49 90.907 84.674 75.059 77.841 70.289 67.75 63.071 61.494 63.493 61.051 60.879 60.515 60.436 62.499 64.105 60.941 63.119 63.174 56.295 54.453 53.253 56.947 58.348 55.535 63.162 62.119
-9999 -9999 -9999 -9999 -9999 -9999 -9999 -9999 -9999 -9999 -9999 -9999 -9999 -9999 -9999 -9999 -9999 -9999 -9999 -9999 136.826 136.211 128.509 134.312 164.098 189.372 196.077 181.445 157.632 141.984 125.82 102.404 83.46 92.448 93.118 97.048 84.141 80.113 82.569 85.255 85.686 89.526 91.864 100.785 100.697 95.788 89.854 97.945 89.497 87.195 80.335 76.677 83.237 74.086 64.811 63.288 62.881 63.953 61.766 62.101 59.414 58.715 61.469 65.014 64.862 61.699 58.611 55.632 59.025 57.006 57.637 57.194 57.61 63.797
-9999 -9999 -9999 -9999 -9999 -9999 -9999 -9999 -9999 -9999 -9999 -9999 -9999 -9999 -9999 -9999 -9999 -9999 -9999 -9999 135.406 112.777 115.796 125.395 148.605 170.852 179.537 195.171 159.961 138.578 119.55 112.008 111.137 97.15 95.7 86.645 86.727 82.345 78.651 79.207 80.264 83.298 85.514 86.841 86.085 88.731 94.788 90.98 90.463 90.041 85.486 73.29 73.874 77.01 68.6 65.386 65.364 63.55 62.595 61.058 60.664 55.14 56.275 61.284 64.366 64.751 60.53 60.32 61.886 61.874 57.521 52.426 53.613 54.386
-9999 -9999 -9999 -9999 -9999 -9999 -9999 -9999 -9999 -9999 -9999 -9999 -9999 -9999 -9999 -9999 -9999 -9999 -9999 -9999 117.987 107.883 112.515 114.028 128.834 139.738 150.471 137.521 139.502 129.279 129.772 119.126 113.804 97.594 85.0 81.366 79.052 77.562 76.102 72.739 74.431 79.538 78.163 79.761 87.579 89.212 85.921 85.801 83.179 83.718 74.873 72.209 75.853 71.876 65.59 63.477 64.04 64.689 65.073 61.535 59.979 64.168 61.012 63.961 67.368 73.297 71.702 64.264 65.385 60.457 56.071 56.1 53.243 55.382
-9999 -9999 -9999 -9999 -9999 -9999 -9999 -9999 -9999 -9999 -9999 -9999 -9999 -9999 -9999 -9999 123.516 133.471 -9999 119.847 105.89 118.603 116.429 108.113 111.678 114.405 116.225 129.923 128.937 130.464 113.57 108.486 98.33 86.919 78.419 75.085 77.04 77.536 75.695 70.192 74.971 75.008 76.783 82.195 85.781 78.966 79.587 81.807 83.491 82.958 77.255 82.112 81.151 71.954 64.565 60.043 62.17 65.713 62.855 64.236 62.851 64.7 67.939 64.015 66.822 68.068 69.967 64.027 59.251 61.32 56.356 56.653 56.981 54.459
-9999 -9999 -9999 -9999 -9999 -9999 -9999 -9999 -9999 -9999 -9999 -9999 -9999 -9999 -9999 -9999 134.324 140.24 130.594 116.201 115.38 118.578 110.351 108.991 116.103 115.591 124.756 120.924 119.132 118.496 109.409 99.711 96.642 89.487 93.816 95.967 87.853 78.987 69.778 73.078 75.862 79.608 82.676 81.602 77.293 75.178 77.988 76.171 76.069 77.498 80.079 80.953 78.463 70.967 66.538 66.791 65.454 63.339 58.469 60.34 62.342 62.305 64.334 65.912 66.585 71.136 68.454 72.063 66.523 62.456 61.192 57.515 56.397 56.936
-9999 -9999 -9999 -9999 -9999 -9999 -9999 -9999 -9999 -9999 -9999 -9999 -9999 -9999 -9999 122.856 140.589 150.001 153.214 128.559 120.374 116.148 112.655 114.29 111.887 106.283 105.502 110.555 110.232 110.394 99.959 92.021 85.664 91.479 105.755 100.476 94.285 88.352 81.358 78.211 81.396 79.383 78.145 76.868 78.08 76.04 72.637 70.881 72.451 77.982 70.542 73.267 70.217 70.71 68.961 67.956 70.937 66.364 59.421 55.39 58.022 59.128 62.1 63.553 65.367 67.396 71.605 71.02 72.822 67.377 72.225 62.306 64.248 65.679
-9999 -9999 -9999 -9999 -9999 -9999 -9999 -9999 -9999 -9999 -9999 -9999 -9999 -9999 -9999 -9999 125.377 145.191 127.442 124.635 115.284 112.532 106.484 105.695 105.552 97.594 102.377 103.448 101.682 93.606 91.473 90.206 84.987 96.128 102.513 103.638 106.509 99.833 89.683 90.338 86.68 84.416 84.971 83.589 75.551 75.154 75.961 75.426 79.232 70.181 73.157 69.628 64.931 65.935 67.439 67.551 67.89 66.72 61.33 61.859 -9999 57.714 60.281 64.385 63.035 60.485 59.865 61.03 61.057 59.53 58.462 61.337 56.773 63.474
-9999 -9999 -9999 -9999 -9999 -9999 -9999 -9999 -9999 -9999 -9999 -9999 -9999 -9999 -9999 116.106 108.041 116.014 119.278 118.573 115.978 112.162 102.783 99.58 95.433 97.178 103.992 91.84 86.157 90.248 88.848 83.831 86.939 92.018 95.557 101.069 108.381 94.921 92.563 106.194 101.904 96.404 101.159 87.847 88.637 91.149 86.132 82.672 76.627 71.415 67.544 67.329 64.45 65.948 65.814 65.894 65.751 64.646 63.066 60.386 58.824 -9999 54.659 -9999 56.539 -9999 52.125 -9999 53.792 53.5 53.347 52.713 52.104 53.754
-9999 -9999 -9999 -9999 -9999 -9999 -9999 -9999 -9999 -9999 -9999 -9999 -9999 -9999 -9999 101.724 108.802 111.905 116.717 120.964 122.06 118.552 107.745 103.684 94.679 99.02 88.135 82.899 83.295 81.765 79.61 81.34 83.932 91.382 97.231 108.646 101.225 90.983 105.205 102.628 91.772 97.74 88.471 91.311 98.67 93.459 89.297 80.788 74.317 70.519 70.124 66.006 63.374 63.224 64.477 63.723 64.41 59.502 58.737 57.263 54.71 -9999 -9999 50.953 49.178 -9999 -9999 49.541 50.512 48.876 -9999 -9999 -9999 -9999
-9999 -9999 -9999 -9999 -9999 -9999 -9999 -9999 -9999 -9999 -9999 -9999 -9999 -9999 122.479 114.263 115.19 112.673 111.884 113.187 119.063 122.643 124.058 123.831 120.087 101.183 89.818 85.267 84.189 81.109 81.029 76.753 82.104 90.945 110.971 115.34 101.605 100.081 95.867 80.096 81.43 82.278 90.909 95.3 90.213 87.125 81.491 75.435 74.32 72.959 64.674 62.149 63.655 61.594 58.919 55.097 59.959 61.135 -9999 -9999 -9999 53.879 -9999 -9999 -9999 -9999 -9999 -9999 49.323 -9999 -9999 -9999 -9999 -9999
