Validation/Results/ReClimate_06_2024_1_Temperature-Actualsweatherlogisticsltd.asc
NCOLS 192
NROWS 249
XLLCENTER -225160.85627316462
YLLCENTER 29788.11610251502
CELLSIZE 5000.0
NODATA_VALUE -9999
[rows 170 to 203 of 249, columns 75 to 149 of 192]
-9999 -9999 -9999 -9999 -9999 -9999 -9999 -9999 -9999 -9999 -9999 -9999 -9999 -9999 -9999 -9999 -9999 15.304 15.282 -9999 -9999 -9999 -9999 -9999 -9999 -9999 -9999 -9999 -9999 -9999 -9999 -9999 -9999 -9999 -9999 -9999 17.078 17.115 17.146 17.164 17.024 17.129 17.237 17.27 17.318 17.495 17.616 17.66 17.466 17.023 16.169 15.349 14.623 14.922 14.972 15.559 16.791 17.355 17.664 17.313 17.306 17.596 17.928 17.977 17.984 17.976 18.036 18.068 18.016 18.011 18.074 18.057 17.94 17.526 17.541
-9999 -9999 -9999 -9999 -9999 -9999 -9999 -9999 -9999 -9999 -9999 -9999 -9999 -9999 -9999 -9999 -9999 15.3 15.244 15.277 -9999 -9999 -9999 -9999 -9999 -9999 -9999 -9999 -9999 -9999 -9999 -9999 -9999 -9999 -9999 17.133 17.094 17.105 17.137 16.987 17.172 17.223 17.326 17.292 17.328 17.402 17.442 17.44 17.403 17.121 16.487 15.373 14.571 15.144 15.752 15.914 16.628 17.719 17.897 17.66 17.226 17.45 17.871 17.975 17.918 17.886 17.992 18.072 18.081 18.003 18.06 18.091 18.037 17.753 17.504
-9999 -9999 -9999 -9999 -9999 -9999 -9999 -9999 -9999 -9999 -9999 -9999 -9999 -9999 -9999 -9999 15.594 15.533 15.38 15.476 15.638 -9999 -9999 -9999 -9999 -9999 -9999 -9999 -9999 -9999 -9999 -9999 16.342 -9999 -9999 17.187 16.809 17.068 17.142 17.234 -9999 17.061 17.082 17.07 17.145 17.13 17.233 17.153 17.174 16.812 16.144 16.5 15.366 15.733 16.393 15.804 16.763 17.281 17.741 17.675 17.401 17.503 17.798 18.066 18.051 17.983 18.068 18.106 18.142 18.08 18.09 18.168 18.092 17.978 17.682
-9999 -9999 -9999 -9999 -9999 -9999 -9999 -9999 -9999 -9999 -9999 -9999 -9999 -9999 -9999 -9999 15.746 15.685 15.655 15.678 15.793 15.694 15.589 -9999 -9999 -9999 15.481 15.841 -9999 16.021 16.091 16.271 15.661 16.012 -9999 -9999 16.879 16.869 -9999 -9999 17.016 16.886 17.139 17.348 17.254 17.161 17.02 16.972 16.826 16.25 15.533 15.913 15.829 15.642 15.948 15.947 16.171 17.383 17.545 17.444 17.209 17.448 17.659 17.933 18.071 18.004 18.089 18.121 18.133 18.131 18.114 18.22 18.176 18.108 17.915
-9999 -9999 -9999 -9999 -9999 -9999 -9999 -9999 -9999 -9999 -9999 -9999 -9999 -9999 -9999 -9999 -9999 15.777 15.725 15.776 15.985 15.969 -9999 -9999 13.427 13.593 15.472 14.992 15.165 15.341 16.017 16.064 16.027 15.725 15.818 -9999 16.896 16.974 16.967 17.003 16.704 16.583 17.056 17.441 17.383 17.144 16.998 16.828 16.661 15.947 14.992 15.202 15.569 15.928 16.342 16.249 16.375 17.014 17.484 17.411 17.225 17.345 17.477 17.676 17.86 17.942 18.048 18.103 18.03 17.861 18.035 18.268 18.262 18.214 18.093
-9999 -9999 -9999 -9999 -9999 -9999 -9999 -9999 -9999 -9999 -9999 -9999 -9999 -9999 -9999 -9999 -9999 15.675 15.636 16.021 16.211 16.278 15.895 14.194 11.943 14.709 15.495 14.668 15.181 14.849 15.426 16.143 15.925 14.924 15.638 16.102 16.738 17.001 16.914 16.855 16.682 16.627 16.912 17.206 17.213 17.105 16.939 16.791 16.525 15.603 15.071 14.832 15.317 15.526 16.461 16.711 16.356 16.563 17.071 17.232 17.302 17.369 17.391 17.548 17.729 17.841 18.07 18.082 18.121 18.151 18.077 18.318 18.365 18.35 18.287
-9999 -9999 -9999 -9999 -9999 -9999 -9999 -9999 -9999 -9999 -9999 -9999 -9999 -9999 -9999 -9999 -9999 -9999 15.735 16.066 16.101 15.569 14.261 11.355 12.267 14.569 14.776 15.052 14.408 14.242 14.644 15.136 15.378 15.576 14.919 15.894 16.487 16.614 16.82 16.891 16.753 16.719 16.852 17.058 17.14 16.98 16.844 16.718 16.279 15.727 15.177 15.081 15.61 15.505 15.876 16.973 16.668 16.666 16.97 17.049 17.304 17.548 17.519 17.539 17.657 17.81 18.081 18.15 18.232 18.188 18.234 18.346 18.423 18.461 18.423
-9999 -9999 -9999 -9999 -9999 -9999 -9999 -9999 -9999 -9999 -9999 -9999 -9999 -9999 -9999 -9999 -9999 -9999 -9999 -9999 15.48 14.441 13.098 12.442 13.003 14.886 15.418 14.619 13.814 13.66 13.811 14.826 15.687 15.297 14.677 15.374 16.118 16.558 16.892 16.863 16.727 16.606 16.789 16.959 16.995 16.945 16.821 16.521 15.936 15.665 15.554 15.166 15.574 15.49 15.481 16.223 16.992 16.904 17.296 17.159 17.081 17.412 17.577 17.699 17.776 17.91 18.098 18.195 18.28 18.355 18.232 18.334 18.417 18.491 18.544
-9999 -9999 -9999 -9999 -9999 -9999 -9999 -9999 -9999 -9999 -9999 -9999 -9999 -9999 -9999 -9999 -9999 -9999 -9999 15.882 15.105 14.543 14.077 12.968 14.204 15.189 14.947 14.769 14.033 13.497 13.957 14.139 15.122 15.0 14.554 15.036 15.71 16.622 16.811 16.826 16.555 16.462 16.646 16.853 16.936 16.89 16.654 16.151 15.955 16.143 15.836 15.346 15.703 15.816 15.992 16.271 16.517 17.09 17.229 17.223 17.255 17.322 17.57 17.609 17.871 18.046 18.154 18.224 18.317 18.19 18.272 18.398 18.48 18.513 18.58
-9999 -9999 -9999 -9999 -9999 -9999 -9999 -9999 -9999 -9999 -9999 -9999 -9999 -9999 -9999 -9999 -9999 -9999 15.73 14.132 14.96 14.553 13.908 14.171 12.993 13.53 14.067 14.02 13.393 14.02 13.867 14.517 15.095 14.386 14.109 14.89 15.782 16.573 16.864 16.808 16.47 16.541 16.723 16.809 16.879 16.682 16.331 16.333 16.257 15.837 15.664 15.648 15.559 16.18 16.426 16.672 16.962 17.045 17.372 17.296 17.49 17.551 17.623 17.895 17.777 18.033 18.181 18.198 18.265 18.173 18.186 18.466 18.499 18.521 18.557
-9999 -9999 -9999 -9999 -9999 -9999 -9999 -9999 -9999 -9999 -9999 -9999 -9999 -9999 -9999 -9999 -9999 15.613 14.196 15.126 15.306 14.898 15.058 14.459 14.178 13.768 13.414 13.177 13.294 13.546 13.955 14.916 14.541 14.637 15.498 15.768 16.327 16.48 16.761 16.673 16.51 16.562 16.625 16.735 16.562 16.228 16.389 16.402 16.263 15.805 15.873 16.522 16.448 16.397 16.655 16.786 16.99 17.174 17.263 17.442 17.636 17.896 17.973 18.094 18.109 18.004 18.11 18.176 18.226 18.13 18.153 18.455 18.518 18.473 18.465
-9999 -9999 -9999 -9999 -9999 -9999 -9999 -9999 -9999 -9999 -9999 -9999 -9999 -9999 -9999 15.384 15.644 15.407 15.521 15.844 15.937 15.78 16.064 15.521 14.656 13.919 13.278 12.388 13.865 14.03 14.666 14.728 13.878 14.278 14.89 15.895 16.267 16.398 16.537 16.501 16.431 16.405 16.554 16.526 16.301 16.201 16.184 16.514 16.262 15.968 16.22 16.539 16.786 16.853 16.88 17.021 17.145 17.509 17.535 17.568 17.887 18.171 18.267 18.176 18.111 18.088 18.078 18.066 18.144 17.995 17.993 18.326 18.478 18.445 18.37
-9999 -9999 -9999 -9999 -9999 -9999 -9999 -9999 -9999 -9999 -9999 -9999 -9999 -9999 15.248 15.349 15.558 15.714 -9999 -9999 -9999 -9999 15.412 14.27 14.113 13.885 13.07 14.073 14.111 13.456 14.086 13.568 12.346 13.354 14.511 15.214 16.087 16.511 16.446 16.406 16.422 16.471 16.52 16.487 16.329 16.262 16.184 16.36 16.237 16.269 16.42 16.623 16.951 17.073 17.116 17.349 17.466 17.677 17.944 17.833 17.952 18.129 18.219 18.172 18.055 17.971 17.876 17.868 17.949 17.934 17.894 18.106 18.348 18.42 18.38
-9999 -9999 -9999 -9999 -9999 -9999 -9999 -9999 -9999 -9999 -9999 -9999 -9999 -9999 15.249 15.08 15.761 -9999 -9999 -9999 -9999 -9999 15.103 14.382 14.043 14.373 13.694 13.831 13.345 12.893 13.28 13.01 13.14 14.712 14.918 15.721 16.369 16.564 16.489 16.435 16.412 16.354 16.368 16.464 16.404 16.303 16.313 16.248 16.427 16.511 16.715 16.589 16.651 16.843 17.15 17.477 17.684 17.774 17.754 17.733 17.734 17.823 17.907 17.794 17.796 17.596 17.468 17.511 17.732 17.858 17.89 18.04 18.209 18.374 18.411
-9999 -9999 -9999 -9999 -9999 -9999 -9999 -9999 -9999 -9999 -9999 -9999 -9999 -9999 -9999 -9999 15.846 -9999 -9999 -9999 -9999 -9999 14.926 14.281 14.834 14.585 14.199 14.066 12.694 13.178 14.356 13.609 14.548 14.904 15.297 16.097 16.532 16.605 16.372 16.399 16.357 16.353 16.546 16.526 16.557 16.535 16.4 16.456 16.618 16.812 16.814 16.859 16.83 16.824 17.162 17.318 17.225 17.394 17.483 17.449 17.598 17.608 17.492 17.272 17.19 17.447 17.408 17.425 17.579 17.768 17.851 17.949 18.09 18.267 18.37
-9999 -9999 -9999 -9999 -9999 -9999 -9999 -9999 -9999 -9999 -9999 -9999 -9999 -9999 -9999 -9999 -9999 -9999 -9999 -9999 -9999 -9999 15.261 14.903 16.152 15.402 14.52 13.049 13.24 13.623 13.925 14.765 14.844 15.037 16.064 16.398 16.677 16.558 16.504 16.448 16.53 16.61 16.654 16.704 16.696 16.634 16.578 16.56 16.691 16.735 16.643 16.961 17.188 17.204 17.218 17.431 17.18 17.004 17.214 17.145 17.355 17.61 17.411 17.264 17.167 17.296 17.569 17.562 17.577 17.794 17.928 17.951 18.013 18.178 18.305
-9999 -9999 -9999 -9999 -9999 -9999 -9999 -9999 -9999 -9999 -9999 -9999 -9999 -9999 -9999 -9999 -9999 -9999 -9999 -9999 -9999 -9999 -9999 15.607 14.524 14.145 14.042 14.216 14.092 14.068 14.972 15.068 15.546 16.134 16.009 16.547 16.538 16.225 16.309 16.484 16.71 16.855 16.795 16.662 16.624 16.47 16.468 16.539 16.686 16.576 16.452 16.737 17.175 17.354 17.382 17.365 17.341 17.144 17.026 16.808 16.874 17.48 17.596 17.304 17.129 17.033 17.211 17.582 17.645 17.81 18.014 18.173 18.161 18.247 18.334
-9999 -9999 -9999 -9999 -9999 -9999 -9999 -9999 -9999 -9999 -9999 -9999 -9999 -9999 -9999 -9999 -9999 -9999 -9999 -9999 -9999 -9999 15.258 14.942 14.71 13.863 14.879 14.916 14.291 14.762 14.931 15.004 16.118 16.084 16.053 16.32 15.278 15.949 16.307 16.409 16.482 16.751 16.515 16.077 16.144 16.418 16.638 16.6 16.75 16.722 16.756 16.879 17.18 17.329 17.401 17.393 17.291 17.241 17.059 17.004 17.062 17.417 17.605 17.379 17.055 16.857 16.963 17.407 17.747 17.892 18.137 18.337 18.419 18.438 18.464
-9999 -9999 -9999 -9999 -9999 -9999 -9999 -9999 -9999 -9999 -9999 -9999 -9999 -9999 -9999 -9999 -9999 -9999 -9999 -9999 -9999 -9999 15.502 15.231 13.746 15.466 16.005 15.213 14.987 14.692 14.2 15.065 16.057 16.059 16.374 15.953 16.034 16.068 15.949 15.971 16.48 16.477 16.206 16.192 16.306 16.683 16.667 16.656 16.82 16.875 17.122 17.229 17.289 17.349 17.374 17.418 17.396 17.32 17.229 17.063 17.241 17.493 17.48 17.199 16.843 16.839 16.934 17.147 17.57 17.94 18.11 18.357 18.422 18.458 18.55
-9999 -9999 -9999 -9999 -9999 -9999 -9999 -9999 -9999 -9999 -9999 -9999 -9999 -9999 -9999 -9999 -9999 -9999 -9999 -9999 -9999 -9999 15.346 14.856 16.01 15.926 15.635 15.255 14.716 13.84 14.322 14.782 15.686 16.059 16.488 16.388 16.049 15.455 15.114 15.346 16.079 15.904 16.144 16.162 16.479 16.786 16.698 16.783 16.91 17.062 17.322 17.291 17.23 17.337 17.383 17.231 17.374 17.433 17.372 17.306 17.4 17.519 17.41 17.177 17.001 16.947 17.144 17.377 17.622 17.811 18.069 18.273 18.489 18.447 18.555
-9999 -9999 -9999 -9999 -9999 -9999 -9999 -9999 -9999 -9999 -9999 -9999 -9999 -9999 -9999 -9999 -9999 -9999 -9999 -9999 -9999 -9999 -9999 16.014 15.12 14.536 13.896 13.873 13.964 14.384 14.926 15.876 16.155 16.37 16.241 16.199 16.021 15.663 15.316 15.307 15.643 16.024 16.063 15.97 16.364 16.665 16.598 16.942 17.035 17.037 17.483 17.55 17.378 17.389 17.445 17.206 17.117 17.439 17.415 17.385 17.456 17.46 17.286 17.19 17.229 17.342 17.368 17.545 17.645 17.72 18.014 18.265 18.358 18.406 18.532
-9999 -9999 -9999 -9999 -9999 -9999 -9999 -9999 -9999 -9999 -9999 -9999 -9999 -9999 -9999 -9999 -9999 -9999 -9999 -9999 -9999 -9999 -9999 15.284 14.329 13.643 13.132 13.098 13.67 14.709 15.637 15.961 15.692 15.125 14.785 14.914 15.572 15.978 15.541 15.563 15.836 16.046 15.558 15.853 16.183 16.337 16.498 16.953 17.048 17.242 17.22 17.415 17.505 17.445 17.45 17.317 17.231 17.427 17.502 17.334 17.266 17.249 17.133 17.138 17.314 17.229 17.26 17.325 17.581 17.636 17.912 18.144 18.132 18.231 18.418
-9999 -9999 -9999 -9999 -9999 -9999 -9999 -9999 -9999 -9999 -9999 -9999 -9999 -9999 -9999 -9999 -9999 -9999 -9999 -9999 -9999 -9999 15.724 15.323 14.379 13.634 13.284 13.698 14.256 14.788 14.507 13.866 14.357 14.312 14.505 15.431 15.863 15.711 15.679 15.993 16.171 15.714 15.599 15.734 16.097 16.322 16.519 17.038 17.085 16.982 17.209 17.011 17.221 17.259 17.319 17.333 17.4 17.59 17.545 17.426 17.393 17.267 17.224 17.047 17.165 17.211 17.248 17.398 17.527 17.811 18.011 18.051 17.983 18.084 18.316
-9999 -9999 -9999 -9999 -9999 -9999 -9999 -9999 -9999 -9999 -9999 -9999 -9999 -9999 -9999 -9999 -9999 -9999 -9999 -9999 -9999 -9999 15.56 14.966 14.621 14.296 13.8 13.245 13.693 13.956 13.813 14.037 13.885 13.907 14.547 15.409 15.065 15.175 15.964 15.838 16.356 15.953 15.566 15.563 16.322 16.386 16.957 17.137 17.017 16.954 16.511 16.808 16.906 17.058 17.135 17.302 17.358 17.541 17.601 17.442 17.553 17.629 17.298 17.113 17.019 17.086 17.243 17.615 17.812 18.026 18.152 18.065 17.961 18.032 18.133
-9999 -9999 -9999 -9999 -9999 -9999 -9999 -9999 -9999 -9999 -9999 -9999 -9999 -9999 -9999 -9999 -9999 -9999 -9999 -9999 -9999 -9999 15.076 15.192 15.385 14.652 13.525 13.045 13.606 13.91 14.277 13.964 14.214 14.572 14.893 14.812 15.057 15.897 15.988 16.138 15.821 16.251 16.031 16.309 16.314 16.466 16.997 17.249 17.118 16.725 16.868 16.861 16.841 16.932 17.01 17.255 17.437 17.39 17.457 17.462 17.566 17.636 17.322 17.053 17.173 17.345 17.32 17.631 17.879 18.175 18.238 18.09 18.101 18.19 18.293
-9999 -9999 -9999 -9999 -9999 -9999 -9999 -9999 -9999 -9999 -9999 -9999 -9999 -9999 -9999 -9999 -9999 -9999 -9999 -9999 -9999 15.177 14.975 14.628 14.838 14.594 13.552 13.549 13.307 14.006 14.865 14.984 15.21 14.848 14.761 15.302 15.484 15.537 15.994 15.984 16.461 16.601 16.621 16.567 16.447 16.834 17.192 17.322 17.288 17.199 17.157 17.235 17.109 17.072 17.037 17.166 17.369 17.412 17.448 17.574 17.567 17.462 17.275 17.159 17.38 17.563 17.592 17.652 17.989 18.067 18.165 18.053 18.002 18.159 18.341
-9999 -9999 -9999 -9999 -9999 -9999 -9999 -9999 -9999 -9999 -9999 -9999 -9999 -9999 -9999 -9999 -9999 -9999 -9999 -9999 14.946 14.917 14.497 14.948 14.994 13.843 13.244 13.262 13.778 14.517 15.237 15.169 15.327 14.947 14.4 15.319 15.329 16.056 16.228 16.504 16.583 16.484 16.354 16.455 16.446 16.994 17.255 17.646 17.596 17.406 17.369 17.388 17.369 17.165 17.124 17.291 17.418 17.384 17.367 17.412 17.418 17.286 17.188 17.164 17.376 17.686 17.828 17.927 17.838 17.842 17.889 17.926 17.964 18.123 18.194
-9999 -9999 -9999 -9999 -9999 -9999 -9999 -9999 -9999 -9999 -9999 -9999 -9999 -9999 -9999 -9999 -9999 -9999 14.614 14.727 14.738 15.494 15.479 15.251 14.515 13.492 13.172 13.223 13.344 14.519 15.091 15.676 15.347 14.7 14.715 15.41 16.067 16.286 16.592 16.613 16.643 16.272 16.188 16.249 16.738 17.325 17.65 17.769 17.599 17.373 17.385 17.482 17.397 17.195 17.256 17.367 17.488 17.248 17.177 17.087 16.98 16.998 17.02 17.22 17.391 17.607 17.622 17.764 17.77 17.813 17.827 17.864 17.95 18.123 18.256
-9999 -9999 -9999 -9999 -9999 -9999 -9999 -9999 -9999 -9999 -9999 -9999 -9999 -9999 -9999 -9999 -9999 14.554 14.496 14.395 14.944 15.428 15.354 14.982 13.781 13.725 13.277 13.346 14.065 15.094 15.824 15.792 15.617 14.992 14.417 15.18 15.931 16.511 16.492 16.517 16.23 16.399 16.19 16.333 16.968 17.461 17.815 17.749 17.378 17.444 17.302 17.349 17.403 17.357 17.33 17.322 17.209 17.239 17.063 17.074 16.996 16.791 16.774 16.88 17.133 17.324 17.413 17.549 17.73 17.682 17.914 17.978 18.015 18.124 18.131
-9999 -9999 -9999 -9999 -9999 -9999 -9999 -9999 -9999 -9999 -9999 -9999 -9999 -9999 15.705 15.439 15.138 14.984 14.636 14.77 15.05 15.516 15.531 14.31 14.101 13.93 14.29 13.647 14.757 15.125 14.812 15.496 15.75 14.246 15.005 15.76 16.755 16.743 16.512 16.004 16.756 16.548 16.501 16.646 16.913 17.465 17.73 17.771 17.596 17.556 17.401 17.255 17.361 17.359 17.42 17.241 17.112 16.785 16.985 17.108 17.1 16.906 16.867 16.967 17.144 17.352 17.376 17.484 17.552 17.724 17.831 17.947 17.91 18.029 18.123
-9999 -9999 -9999 -9999 -9999 -9999 -9999 -9999 -9999 -9999 -9999 -9999 15.093 15.321 15.657 15.684 15.595 15.21 15.327 15.169 15.465 15.256 14.347 14.791 14.615 14.556 14.827 14.502 14.46 13.676 14.383 14.956 14.935 15.384 15.924 16.558 15.867 16.14 16.466 16.783 17.037 17.028 16.826 16.917 17.228 17.302 17.627 17.858 17.731 17.623 17.519 17.428 17.393 17.116 17.268 17.337 17.066 16.864 16.729 17.042 17.056 16.89 16.821 16.89 17.036 17.347 17.538 17.599 17.552 17.535 17.776 17.751 17.713 17.901 18.102
-9999 -9999 -9999 -9999 -9999 -9999 -9999 -9999 15.155 15.277 15.222 15.167 14.646 15.528 15.514 15.715 15.516 15.184 15.237 15.271 15.153 14.36 14.812 15.237 14.683 15.253 15.111 14.756 13.803 14.049 14.572 14.996 15.041 15.848 16.384 15.142 15.229 16.059 16.172 16.808 17.113 17.241 17.022 16.781 17.128 17.077 17.732 17.814 17.721 17.454 17.246 17.277 16.74 16.968 17.13 17.271 17.029 16.681 16.71 16.898 16.984 17.008 16.939 16.97 17.076 17.33 17.472 17.563 17.572 17.435 17.513 17.66 17.678 17.933 18.177
-9999 -9999 -9999 -9999 -9999 -9999 -9999 15.423 15.232 15.296 15.178 14.317 14.085 14.359 14.799 15.331 14.823 14.655 14.858 14.887 14.472 14.94 15.155 14.89 15.474 15.776 15.439 14.796 14.281 14.575 14.868 15.037 15.52 15.993 14.882 13.623 14.983 15.813 16.455 16.565 16.951 16.84 16.871 17.056 17.17 17.487 17.637 17.652 17.671 17.385 17.025 16.574 16.323 16.256 16.906 17.118 16.661 16.5 16.608 16.821 16.988 16.987 17.009 17.037 17.208 17.232 17.311 17.431 17.293 17.194 17.428 17.599 17.696 17.896 18.056
-9999 -9999 -9999 -9999 -9999 -9999 15.507 15.285 15.304 15.388 14.925 14.394 14.588 14.912 15.335 15.031 15.01 14.976 15.509 15.001 14.848 15.237 15.323 15.578 16.214 15.8 14.972 14.554 14.859 15.061 15.038 15.741 16.088 15.768 14.08 14.115 14.951 16.372 16.234 16.452 16.485 16.953 17.096 17.037 17.253 17.427 17.569 17.618 17.777 17.584 17.147 16.489 16.102 16.37 16.781 16.908 16.611 16.271 16.524 16.784 16.905 17.033 17.049 17.118 17.174 17.224 17.136 17.238 17.355 17.265 17.459 17.606 17.509 17.718 17.891
