Validation/Results/ReClimate_01_2024_2_Temperature.asc
NCOLS 192
NROWS 249
XLLCENTER -225160.85627316462
YLLCENTER 29788.11610251502
CELLSIZE 5000.0
NODATA_VALUE -9999
[rows 170 to 203 of 249, columns 77 to 153 of 192]
-9999 -9999 -9999 -9999 -9999 -9999 -9999 -9999 -9999 -9999 -9999 -9999 -9999 -9999 -9999 -0.115 -0.105 -9999 -9999 -9999 -9999 -9999 -9999 -9999 -9999 -9999 -9999 -9999 -9999 -9999 -9999 -9999 -9999 -9999 0.087 0.093 0.102 0.109 0.113 0.115 0.118 0.119 0.124 0.129 0.128 0.124 0.134 0.145 0.139 0.129 0.127 0.124 0.14 0.159 0.154 0.145 0.153 0.161 0.159 0.156 0.156 0.154 0.167 0.181 0.185 0.187 0.192 0.196 0.192 0.184 0.18 0.173 0.175 0.177 0.178 0.176 0.174
-9999 -9999 -9999 -9999 -9999 -9999 -9999 -9999 -9999 -9999 -9999 -9999 -9999 -9999 -9999 -0.109 -0.096 -0.079 -9999 -9999 -9999 -9999 -9999 -9999 -9999 -9999 -9999 -9999 -9999 -9999 -9999 -9999 -9999 0.081 0.083 0.11 0.116 0.114 0.116 0.113 0.117 0.12 0.125 0.125 0.126 0.124 0.13 0.127 0.125 0.128 0.137 0.14 0.147 0.16 0.159 0.154 0.17 0.184 0.181 0.177 0.178 0.178 0.18 0.19 0.203 0.213 0.203 0.198 0.193 0.185 0.193 0.194 0.194 0.194 0.191 0.187 0.192
-9999 -9999 -9999 -9999 -9999 -9999 -9999 -9999 -9999 -9999 -9999 -9999 -9999 -9999 -0.127 -0.106 -0.09 -0.072 -0.085 -9999 -9999 -9999 -9999 -9999 -9999 -9999 -9999 -9999 -9999 -9999 0.066 -9999 -9999 0.08 0.097 0.112 0.113 0.111 -9999 0.108 0.113 0.117 0.119 0.12 0.122 0.121 0.121 0.118 0.122 0.126 0.135 0.145 0.152 0.159 0.159 0.156 0.172 0.19 0.188 0.184 0.186 0.185 0.189 0.192 0.206 0.221 0.212 0.199 0.194 0.186 0.195 0.203 0.203 0.202 0.2 0.193 0.198
-9999 -9999 -9999 -9999 -9999 -9999 -9999 -9999 -9999 -9999 -9999 -9999 -9999 -9999 -0.129 -0.118 -0.101 -0.081 -0.093 -0.109 -0.093 -9999 -9999 -9999 -0.039 -0.009 -9999 0.028 0.043 0.065 0.077 0.078 -9999 -9999 0.102 0.112 -9999 -9999 0.108 0.109 0.116 0.127 0.128 0.121 0.125 0.128 0.126 0.115 0.124 0.13 0.138 0.148 0.152 0.157 0.162 0.164 0.172 0.185 0.178 0.171 0.173 0.173 0.191 0.203 0.212 0.224 0.218 0.207 0.211 0.209 0.211 0.216 0.222 0.225 0.224 0.22 0.219
-9999 -9999 -9999 -9999 -9999 -9999 -9999 -9999 -9999 -9999 -9999 -9999 -9999 -9999 -9999 -0.123 -0.105 -0.086 -0.096 -0.11 -9999 -9999 -0.068 -0.054 -0.035 -0.009 0.016 0.035 0.051 0.064 0.068 0.071 0.082 -9999 0.097 0.107 0.106 0.101 0.104 0.105 0.116 0.127 0.124 0.118 0.124 0.128 0.122 0.112 0.121 0.13 0.138 0.145 0.15 0.154 0.16 0.165 0.173 0.182 0.176 0.166 0.168 0.168 0.186 0.206 0.215 0.224 0.219 0.21 0.215 0.218 0.221 0.222 0.229 0.234 0.235 0.231 0.231
-9999 -9999 -9999 -9999 -9999 -9999 -9999 -9999 -9999 -9999 -9999 -9999 -9999 -9999 -9999 -0.111 -0.098 -0.101 -0.105 -0.102 -0.095 -0.095 -0.077 -0.055 -0.032 -0.001 0.016 0.015 0.032 0.057 0.065 0.076 0.086 0.088 0.097 0.099 0.1 0.103 0.105 0.103 0.111 0.116 0.12 0.133 0.138 0.136 0.13 0.118 0.122 0.115 0.132 0.145 0.153 0.159 0.168 0.176 0.176 0.179 0.18 0.174 0.173 0.172 0.18 0.194 0.213 0.228 0.226 0.221 0.23 0.236 0.236 0.237 0.248 0.257 0.244 0.232 0.225
-9999 -9999 -9999 -9999 -9999 -9999 -9999 -9999 -9999 -9999 -9999 -9999 -9999 -9999 -9999 -9999 -0.096 -0.108 -0.103 -0.099 -0.098 -0.099 -0.079 -0.056 -0.031 -0.002 0.001 0.002 0.025 0.049 0.062 0.074 0.081 0.086 0.091 0.093 0.097 0.1 0.1 0.098 0.104 0.109 0.122 0.135 0.137 0.135 0.128 0.118 0.115 0.108 0.124 0.142 0.15 0.158 0.167 0.176 0.177 0.175 0.176 0.176 0.176 0.173 0.181 0.19 0.208 0.228 0.228 0.224 0.234 0.244 0.245 0.243 0.254 0.263 0.25 0.228 0.221
-9999 -9999 -9999 -9999 -9999 -9999 -9999 -9999 -9999 -9999 -9999 -9999 -9999 -9999 -9999 -9999 -9999 -9999 -0.082 -0.084 -0.083 -0.086 -0.069 -0.056 -0.038 -0.025 -0.014 0.018 0.039 0.054 0.064 0.066 0.072 0.073 0.084 0.104 0.107 0.103 0.106 0.114 0.115 0.104 0.116 0.126 0.128 0.131 0.129 0.132 0.129 0.119 0.13 0.145 0.153 0.161 0.177 0.191 0.191 0.19 0.189 0.188 0.192 0.193 0.194 0.198 0.212 0.23 0.238 0.241 0.245 0.252 0.26 0.264 0.267 0.273 0.262 0.243 0.233
-9999 -9999 -9999 -9999 -9999 -9999 -9999 -9999 -9999 -9999 -9999 -9999 -9999 -9999 -9999 -9999 -9999 -0.078 -0.078 -0.08 -0.08 -0.083 -0.071 -0.058 -0.048 -0.038 -0.011 0.021 0.037 0.052 0.057 0.059 0.063 0.064 0.084 0.105 0.104 0.1 0.109 0.116 0.11 0.099 0.109 0.119 0.124 0.127 0.131 0.135 0.129 0.12 0.131 0.144 0.151 0.159 0.175 0.194 0.195 0.193 0.192 0.19 0.194 0.197 0.198 0.198 0.211 0.226 0.234 0.242 0.247 0.25 0.259 0.266 0.27 0.271 0.261 0.244 0.235
-9999 -9999 -9999 -9999 -9999 -9999 -9999 -9999 -9999 -9999 -9999 -9999 -9999 -9999 -9999 -9999 -0.084 -0.089 -0.088 -0.086 -0.082 -0.07 -0.059 -0.05 -0.039 -0.028 -0.004 0.021 0.037 0.052 0.058 0.061 0.063 0.055 0.076 0.101 0.105 0.114 0.119 0.114 0.113 0.118 0.127 0.13 0.136 0.139 0.139 0.128 0.129 0.141 0.145 0.153 0.153 0.156 0.17 0.187 0.182 0.176 0.18 0.179 0.188 0.194 0.202 0.206 0.216 0.229 0.237 0.245 0.254 0.259 0.256 0.256 0.264 0.268 0.264 0.247 0.234
-9999 -9999 -9999 -9999 -9999 -9999 -9999 -9999 -9999 -9999 -9999 -9999 -9999 -9999 -9999 -0.083 -0.087 -0.095 -0.092 -0.091 -0.079 -0.067 -0.057 -0.047 -0.036 -0.025 -0.005 0.018 0.033 0.048 0.055 0.059 0.056 0.049 0.072 0.096 0.107 0.116 0.115 0.11 0.117 0.122 0.128 0.132 0.137 0.14 0.133 0.122 0.133 0.145 0.151 0.154 0.154 0.153 0.166 0.181 0.176 0.168 0.171 0.173 0.181 0.19 0.198 0.206 0.216 0.227 0.235 0.243 0.251 0.259 0.256 0.249 0.257 0.263 0.258 0.247 0.236
-9999 -9999 -9999 -9999 -9999 -9999 -9999 -9999 -9999 -9999 -9999 -9999 -9999 -0.093 -0.085 -0.07 -0.076 -0.081 -0.081 -0.083 -0.078 -0.08 -0.064 -0.036 -0.025 -0.016 0.002 0.02 0.033 0.044 0.052 0.06 0.059 0.056 0.078 0.1 0.11 0.118 0.119 0.117 0.122 0.123 0.129 0.134 0.14 0.143 0.137 0.126 0.139 0.157 0.16 0.163 0.168 0.17 0.156 0.155 0.169 0.173 0.177 0.18 0.191 0.201 0.211 0.221 0.226 0.234 0.235 0.239 0.24 0.243 0.254 0.256 0.266 0.273 0.267 0.25 -9999
-9999 -9999 -9999 -9999 -9999 -9999 -9999 -9999 -9999 -9999 -9999 -9999 -0.088 -0.087 -0.076 -0.069 -9999 -9999 -9999 -9999 -0.072 -0.084 -0.06 -0.033 -0.023 -0.014 0.001 0.018 0.029 0.039 0.049 0.057 0.058 0.056 0.076 0.097 0.107 0.115 0.117 0.116 0.119 0.12 0.126 0.132 0.137 0.141 0.135 0.125 0.141 0.158 0.161 0.163 0.169 0.173 0.161 0.143 0.157 0.172 0.176 0.18 0.191 0.202 0.213 0.223 0.229 0.233 0.235 0.235 0.236 0.235 0.245 0.255 0.265 0.273 0.267 0.257 0.242
-9999 -9999 -9999 -9999 -9999 -9999 -9999 -9999 -9999 -9999 -9999 -9999 -0.088 -0.095 -0.086 -9999 -9999 -9999 -9999 -9999 -0.058 -0.054 -0.036 -0.031 -0.019 -0.004 0.009 0.018 0.03 0.045 0.055 0.061 0.065 0.068 0.091 0.115 0.122 0.118 0.127 0.144 0.143 0.127 0.13 0.122 0.131 0.148 0.148 0.152 0.161 0.153 0.152 0.151 0.153 0.155 0.165 0.161 0.152 0.153 0.154 0.155 0.175 0.192 0.197 0.204 0.218 0.227 0.235 0.239 0.246 0.249 0.25 0.253 0.254 0.257 0.258 0.252 0.245
-9999 -9999 -9999 -9999 -9999 -9999 -9999 -9999 -9999 -9999 -9999 -9999 -9999 -9999 -0.085 -9999 -9999 -9999 -9999 -9999 -0.056 -0.042 -0.036 -0.032 -0.017 -0.001 0.008 0.017 0.031 0.046 0.054 0.061 0.067 0.071 0.094 0.118 0.118 0.115 0.133 0.151 0.141 0.127 0.123 0.115 0.131 0.148 0.154 0.16 0.156 0.148 0.147 0.144 0.147 0.146 0.155 0.165 0.157 0.145 0.145 0.144 0.163 0.186 0.191 0.196 0.208 0.222 0.231 0.238 0.246 0.253 0.254 0.251 0.251 0.248 0.248 0.247 0.24
-9999 -9999 -9999 -9999 -9999 -9999 -9999 -9999 -9999 -9999 -9999 -9999 -9999 -9999 -9999 -9999 -9999 -9999 -9999 -9999 -0.048 -0.038 -0.026 -0.005 0.002 -0.01 0.004 0.028 0.044 0.063 0.071 0.073 0.082 0.092 0.109 0.111 0.11 0.104 0.123 0.148 0.142 0.134 0.127 0.108 0.12 0.129 0.135 0.142 0.142 0.137 0.15 0.155 0.156 0.156 0.158 0.164 0.161 0.152 0.16 0.164 0.16 0.169 0.184 0.195 0.202 0.213 0.232 0.247 0.25 0.253 0.249 0.243 0.254 0.257 0.257 0.256 0.249
-9999 -9999 -9999 -9999 -9999 -9999 -9999 -9999 -9999 -9999 -9999 -9999 -9999 -9999 -9999 -9999 -9999 -9999 -9999 -9999 -9999 -0.035 -0.015 0.006 -0.002 -0.014 0.008 0.032 0.049 0.068 0.073 0.076 0.087 0.098 0.102 0.104 0.102 0.096 0.119 0.143 0.141 0.134 0.121 0.103 0.11 0.118 0.125 0.131 0.132 0.131 0.143 0.156 0.158 0.157 0.16 0.162 0.159 0.154 0.162 0.17 0.168 0.162 0.177 0.193 0.201 0.208 0.227 0.249 0.252 0.252 0.248 0.239 0.249 0.258 0.259 0.257 0.251
-9999 -9999 -9999 -9999 -9999 -9999 -9999 -9999 -9999 -9999 -9999 -9999 -9999 -9999 -9999 -9999 -9999 -9999 -9999 -9999 -0.016 -0.011 0.01 0.031 0.029 0.026 0.038 0.027 0.041 0.052 0.059 0.07 0.08 0.088 0.092 0.095 0.095 0.098 0.121 0.144 0.139 0.124 0.115 0.111 0.115 0.111 0.115 0.115 0.115 0.113 0.133 0.151 0.158 0.16 0.175 0.184 0.179 0.174 0.165 0.164 0.172 0.173 0.185 0.201 0.211 0.221 0.226 0.239 0.251 0.257 0.26 0.255 0.262 0.271 0.277 0.279 0.265
-9999 -9999 -9999 -9999 -9999 -9999 -9999 -9999 -9999 -9999 -9999 -9999 -9999 -9999 -9999 -9999 -9999 -9999 -9999 -9999 -0.02 -0.001 0.019 0.04 0.042 0.041 0.034 0.024 0.034 0.044 0.054 0.065 0.074 0.082 0.086 0.089 0.094 0.097 0.118 0.141 0.131 0.116 0.115 0.112 0.11 0.106 0.106 0.106 0.106 0.105 0.124 0.146 0.153 0.159 0.174 0.19 0.187 0.18 0.173 0.161 0.169 0.176 0.189 0.202 0.213 0.224 0.23 0.235 0.247 0.258 0.259 0.257 0.265 0.273 0.279 0.284 0.271
-9999 -9999 -9999 -9999 -9999 -9999 -9999 -9999 -9999 -9999 -9999 -9999 -9999 -9999 -9999 -9999 -9999 -9999 -9999 -9999 -0.037 -0.018 0.002 0.028 0.029 0.028 0.025 0.027 0.035 0.038 0.05 0.067 0.078 0.09 0.092 0.083 0.091 0.104 0.12 0.127 0.121 0.117 0.121 0.132 0.131 0.126 0.121 0.101 0.111 0.116 0.135 0.158 0.161 0.166 0.173 0.185 0.19 0.188 0.188 0.182 0.196 0.209 0.211 0.22 0.219 0.224 0.23 0.235 0.25 0.262 0.264 0.263 0.263 0.266 0.257 0.253 0.247
-9999 -9999 -9999 -9999 -9999 -9999 -9999 -9999 -9999 -9999 -9999 -9999 -9999 -9999 -9999 -9999 -9999 -9999 -9999 -9999 -9999 -0.026 -0.003 0.022 0.023 0.021 0.025 0.027 0.031 0.034 0.05 0.066 0.078 0.091 0.086 0.079 0.092 0.105 0.113 0.119 0.118 0.114 0.126 0.137 0.135 0.131 0.117 0.098 0.108 0.118 0.137 0.159 0.164 0.167 0.175 0.181 0.186 0.19 0.19 0.189 0.203 0.219 0.222 0.225 0.225 0.223 0.229 0.234 0.248 0.261 0.263 0.262 0.262 0.26 0.252 0.239 0.233
-9999 -9999 -9999 -9999 -9999 -9999 -9999 -9999 -9999 -9999 -9999 -9999 -9999 -9999 -9999 -9999 -9999 -9999 -9999 -9999 -9999 -0.018 0.001 0.017 0.021 0.027 0.031 0.033 0.036 0.034 0.05 0.066 0.078 0.092 0.091 0.091 0.103 0.111 0.115 0.108 0.108 0.108 0.119 0.13 0.131 0.134 0.124 0.114 0.129 0.143 0.146 0.158 0.161 0.163 0.163 0.165 0.184 0.196 0.193 0.19 0.201 0.214 0.219 0.222 0.223 0.223 0.236 0.245 0.25 0.257 0.258 0.257 0.259 0.258 0.247 0.234 0.237
-9999 -9999 -9999 -9999 -9999 -9999 -9999 -9999 -9999 -9999 -9999 -9999 -9999 -9999 -9999 -9999 -9999 -9999 -9999 -9999 -0.025 -0.016 -0.001 0.014 0.021 0.027 0.032 0.034 0.035 0.033 0.049 0.065 0.077 0.09 0.093 0.094 0.103 0.111 0.108 0.102 0.103 0.103 0.114 0.125 0.13 0.133 0.127 0.119 0.134 0.151 0.155 0.157 0.16 0.161 0.162 0.158 0.177 0.197 0.195 0.19 0.2 0.211 0.216 0.219 0.221 0.221 0.234 0.247 0.252 0.252 0.253 0.253 0.254 0.254 0.244 0.23 0.232
-9999 -9999 -9999 -9999 -9999 -9999 -9999 -9999 -9999 -9999 -9999 -9999 -9999 -9999 -9999 -9999 -9999 -9999 -9999 -9999 -0.019 0.009 0.018 0.015 0.02 0.019 0.026 0.037 0.041 0.047 0.062 0.076 0.086 0.091 0.093 0.094 0.103 0.11 0.114 0.127 0.124 0.106 0.116 0.124 0.128 0.129 0.124 0.115 0.128 0.14 0.144 0.146 0.167 0.179 0.185 0.186 0.181 0.188 0.194 0.193 0.207 0.221 0.222 0.223 0.231 0.235 0.235 0.24 0.246 0.248 0.249 0.249 0.245 0.241 0.241 0.232 0.239
-9999 -9999 -9999 -9999 -9999 -9999 -9999 -9999 -9999 -9999 -9999 -9999 -9999 -9999 -9999 -9999 -9999 -9999 -9999 -9999 0.004 0.018 0.018 0.015 0.016 0.015 0.026 0.037 0.045 0.052 0.065 0.08 0.085 0.09 0.092 0.092 0.1 0.107 0.121 0.135 0.122 0.105 0.114 0.122 0.125 0.126 0.12 0.113 0.124 0.135 0.139 0.141 0.161 0.184 0.191 0.195 0.192 0.184 0.189 0.193 0.207 0.223 0.225 0.224 0.232 0.239 0.239 0.236 0.241 0.244 0.246 0.246 0.242 0.234 0.233 0.232 0.238
-9999 -9999 -9999 -9999 -9999 -9999 -9999 -9999 -9999 -9999 -9999 -9999 -9999 -9999 -9999 -9999 -9999 -9999 -9999 -0.013 0.005 0.026 0.025 0.019 0.023 0.031 0.039 0.038 0.047 0.06 0.069 0.071 0.083 0.108 0.113 0.118 0.126 0.128 0.134 0.122 0.117 0.122 0.13 0.131 0.131 0.125 0.123 0.125 0.135 0.141 0.144 0.146 0.159 0.177 0.184 0.189 0.197 0.197 0.201 0.205 0.213 0.226 0.226 0.224 0.234 0.242 0.24 0.236 0.251 0.26 0.257 0.256 0.258 0.255 0.262 0.266 0.268
-9999 -9999 -9999 -9999 -9999 -9999 -9999 -9999 -9999 -9999 -9999 -9999 -9999 -9999 -9999 -9999 -9999 -9999 -0.01 -0.004 0.011 0.028 0.025 0.02 0.029 0.038 0.039 0.038 0.05 0.062 0.065 0.067 0.089 0.114 0.121 0.127 0.131 0.134 0.126 0.114 0.121 0.127 0.131 0.132 0.129 0.123 0.126 0.128 0.136 0.142 0.146 0.147 0.16 0.174 0.181 0.186 0.193 0.2 0.205 0.209 0.217 0.226 0.226 0.223 0.232 0.241 0.239 0.234 0.248 0.263 0.262 0.257 0.259 0.26 0.268 0.276 0.279
-9999 -9999 -9999 -9999 -9999 -9999 -9999 -9999 -9999 -9999 -9999 -9999 -9999 -9999 -9999 -9999 -0.007 -0.006 -0.005 0.002 0.016 0.023 0.025 0.031 0.039 0.044 0.049 0.058 0.071 0.083 0.084 0.079 0.097 0.108 0.118 0.132 0.137 0.137 0.128 0.112 0.117 0.12 0.124 0.128 0.127 0.127 0.127 0.117 0.124 0.132 0.148 0.157 0.175 0.192 0.195 0.197 0.193 0.193 0.197 0.2 0.217 0.23 0.232 0.232 0.239 0.247 0.247 0.243 0.25 0.261 0.262 0.258 0.262 0.265 0.271 0.278 0.291
-9999 -9999 -9999 -9999 -9999 -9999 -9999 -9999 -9999 -9999 -9999 -9999 -9999 -9999 -9999 -0.009 -0.002 -0.003 0.003 0.005 0.014 0.021 0.028 0.035 0.041 0.046 0.056 0.065 0.077 0.09 0.088 0.084 0.094 0.103 0.118 0.132 0.135 0.136 0.125 0.11 0.113 0.115 0.12 0.125 0.127 0.129 0.122 0.111 0.119 0.126 0.141 0.157 0.176 0.195 0.198 0.198 0.194 0.187 0.191 0.193 0.209 0.226 0.229 0.23 0.238 0.246 0.247 0.244 0.251 0.258 0.259 0.256 0.26 0.264 0.27 0.276 0.289
-9999 -9999 -9999 -9999 -9999 -9999 -9999 -9999 -9999 -9999 -9999 -9999 -0.054 -0.04 -0.02 -0.003 0.006 0.013 0.015 0.008 0.017 0.026 0.026 0.012 0.023 0.047 0.058 0.072 0.083 0.09 0.093 0.099 0.107 0.11 0.119 0.116 0.12 0.128 0.126 0.138 0.138 0.126 0.132 0.138 0.137 0.125 0.121 0.12 0.124 0.13 0.139 0.152 0.153 0.161 0.177 0.184 0.201 0.206 0.208 0.211 0.214 0.225 0.225 0.225 0.227 0.23 0.246 0.253 0.256 0.261 0.275 0.281 0.264 0.255 0.271 0.284 0.291
-9999 -9999 -9999 -9999 -9999 -9999 -9999 -9999 -9999 -9999 -0.063 -0.061 -0.049 -0.036 -0.019 -0.001 0.009 0.018 0.015 0.008 0.018 0.028 0.018 0.003 0.024 0.047 0.06 0.074 0.082 0.089 0.096 0.103 0.108 0.111 0.11 0.107 0.115 0.122 0.135 0.147 0.14 0.129 0.135 0.142 0.134 0.122 0.122 0.121 0.125 0.129 0.138 0.148 0.148 0.146 0.16 0.176 0.191 0.208 0.211 0.213 0.217 0.221 0.221 0.219 0.221 0.221 0.235 0.251 0.255 0.257 0.272 0.287 0.271 0.249 0.264 0.283 0.289
-9999 -9999 -9999 -9999 -9999 -9999 -0.055 -0.046 -0.051 -0.056 -0.053 -0.029 -0.016 -0.009 0.003 0.004 0.016 0.028 0.026 0.017 0.024 0.022 0.02 0.026 0.042 0.047 0.057 0.063 0.076 0.1 0.105 0.101 0.107 0.114 0.116 0.12 0.129 0.138 0.146 0.142 0.139 0.141 0.145 0.143 0.137 0.13 0.129 0.123 0.128 0.133 0.141 0.149 0.151 0.148 0.171 0.193 0.195 0.205 0.212 0.217 0.22 0.223 0.227 0.228 0.225 0.222 0.24 0.259 0.259 0.259 0.256 0.26 0.266 0.258 0.266 0.28 0.277
-9999 -9999 -9999 -9999 -9999 -0.061 -0.049 -0.044 -0.036 -0.04 -0.026 -0.014 -0.005 0.002 0.005 0.006 0.019 0.032 0.028 0.021 0.022 0.02 0.028 0.035 0.041 0.046 0.052 0.057 0.079 0.103 0.102 0.099 0.106 0.113 0.119 0.123 0.132 0.141 0.14 0.137 0.141 0.143 0.143 0.142 0.138 0.132 0.128 0.122 0.127 0.132 0.14 0.147 0.148 0.146 0.168 0.194 0.197 0.199 0.207 0.214 0.218 0.22 0.225 0.228 0.225 0.218 0.236 0.257 0.256 0.253 0.25 0.244 0.25 0.256 0.266 0.276 0.273
-9999 -9999 -9999 -9999 -0.062 -0.046 -0.034 -0.031 -0.027 -0.027 -0.017 -0.004 0.007 0.018 0.018 0.012 0.023 0.03 0.032 0.04 0.041 0.036 0.041 0.037 0.043 0.048 0.056 0.066 0.084 0.097 0.1 0.11 0.116 0.117 0.122 0.126 0.134 0.14 0.141 0.143 0.143 0.133 0.134 0.136 0.133 0.128 0.121 0.107 0.114 0.127 0.136 0.143 0.156 0.162 0.172 0.19 0.198 0.203 0.205 0.21 0.211 0.212 0.224 0.232 0.234 0.231 0.233 0.243 0.244 0.242 0.259 0.265 0.261 0.262 0.263 0.269 0.267
