Validation/Results/ReClimate_11_2023_1.asc
NCOLS 192
NROWS 249
XLLCENTER -225160.85627316462
YLLCENTER 29788.11610251502
CELLSIZE 5000.0
NODATA_VALUE -9999
[rows 132 to 164 of 249, columns 74 to 147 of 192]
-9999 -9999 -9999 -9999 -9999 -9999 -9999 -9999 -9999 -9999 -9999 -9999 -9999 112.978 113.138 113.406 113.629 113.971 114.133 114.248 114.468 114.713 115.061 115.088 114.919 114.983 115.101 115.147 115.124 115.016 114.872 114.743 114.622 114.507 114.406 114.315 114.199 114.104 114.038 113.97 113.891 113.818 113.726 113.494 113.239 112.987 112.74 112.513 112.295 112.084 111.878 111.678 111.478 111.276 111.077 110.879 110.681 110.483 -9999 -9999 -9999 -9999 -9999 -9999 -9999 -9999 -9999 -9999 -9999 -9999 -9999 -9999 -9999 -9999
110.968 -9999 -9999 -9999 -9999 -9999 -9999 -9999 -9999 -9999 -9999 -9999 -9999 112.923 112.435 112.897 113.719 113.959 114.203 114.384 114.504 114.877 115.347 115.17 114.877 115.028 115.23 115.292 115.241 115.116 114.945 114.838 114.735 114.623 114.517 114.471 114.559 114.413 114.138 114.052 113.957 113.871 113.728 113.5 113.24 112.983 112.737 112.508 112.287 112.072 111.857 111.64 111.433 111.229 111.028 110.832 110.64 110.45 -9999 -9999 -9999 -9999 -9999 -9999 -9999 -9999 -9999 -9999 -9999 -9999 -9999 -9999 -9999 -9999
111.484 -9999 -9999 -9999 -9999 -9999 -9999 -9999 -9999 -9999 -9999 -9999 112.704 112.5 112.738 113.359 113.781 113.994 114.042 114.192 114.367 114.771 115.15 114.99 114.921 115.098 115.251 115.294 115.234 115.099 114.978 114.881 114.782 114.688 114.599 114.581 114.42 114.263 114.245 114.15 114.053 113.951 113.78 113.504 113.233 112.971 112.722 112.482 112.25 112.024 111.802 111.586 111.378 111.175 110.978 110.787 110.6 110.417 110.243 -9999 -9999 -9999 -9999 -9999 -9999 -9999 -9999 -9999 -9999 -9999 -9999 -9999 -9999 -9999
111.445 -9999 -9999 -9999 -9999 -9999 -9999 -9999 -9999 -9999 -9999 112.529 -9999 112.925 113.309 113.612 113.737 113.906 114.113 114.443 114.964 115.09 114.834 114.859 114.978 115.147 115.344 115.426 115.469 115.266 114.927 114.846 114.804 114.717 114.633 114.576 114.669 114.559 114.297 114.207 114.109 113.977 113.732 113.447 113.172 112.913 112.664 112.423 112.19 111.963 111.744 111.531 111.325 111.124 110.93 110.742 110.56 110.382 110.214 -9999 -9999 -9999 -9999 -9999 -9999 -9999 -9999 -9999 -9999 -9999 -9999 -9999 -9999 -9999
111.361 111.424 -9999 -9999 -9999 -9999 -9999 -9999 -9999 -9999 -9999 112.435 -9999 112.92 113.026 113.282 113.701 113.953 114.187 114.518 114.481 114.482 114.792 114.918 115.04 115.212 115.352 115.42 115.252 115.042 115.022 -9999 -9999 -9999 -9999 -9999 -9999 114.538 114.318 114.219 114.105 113.931 113.65 113.368 113.103 112.849 112.603 112.365 112.134 111.909 111.691 111.48 111.275 111.076 110.883 110.698 110.519 110.346 110.182 110.049 -9999 -9999 -9999 -9999 -9999 -9999 -9999 -9999 -9999 -9999 -9999 -9999 -9999 -9999
111.279 111.344 111.407 -9999 -9999 -9999 -9999 -9999 -9999 -9999 -9999 112.361 112.584 112.787 113.068 113.422 113.682 113.943 114.199 114.319 114.482 114.717 114.851 114.981 115.108 115.24 115.349 115.335 115.241 115.164 115.052 -9999 -9999 -9999 -9999 114.588 114.506 114.42 114.315 114.204 114.08 113.864 113.577 113.306 113.046 112.794 112.551 112.314 112.084 111.861 111.644 111.433 111.228 111.03 110.838 110.653 110.477 110.308 110.148 109.993 -9999 -9999 -9999 -9999 -9999 -9999 -9999 -9999 -9999 -9999 -9999 -9999 -9999 -9999
111.22 111.258 111.322 111.386 -9999 -9999 -9999 -9999 -9999 -9999 -9999 112.298 112.522 112.822 -9999 -9999 113.663 113.934 114.202 114.441 -9999 114.763 114.916 115.051 115.182 115.253 115.227 115.29 115.311 -9999 -9999 -9999 -9999 -9999 114.691 114.607 114.516 114.408 114.3 114.192 114.048 113.801 113.523 113.257 112.999 112.749 112.506 112.27 112.04 111.818 111.601 111.391 111.186 110.987 110.794 110.609 110.434 110.27 110.113 109.96 -9999 -9999 -9999 -9999 -9999 -9999 -9999 -9999 -9999 -9999 -9999 -9999 -9999 -9999
111.175 111.2 111.235 111.304 -9999 -9999 -9999 -9999 -9999 -9999 -9999 -9999 112.457 112.761 -9999 -9999 -9999 113.925 114.205 114.449 114.604 -9999 -9999 115.128 115.263 115.222 115.062 115.125 -9999 -9999 -9999 -9999 -9999 114.804 114.712 114.611 114.5 114.393 114.29 114.185 114.021 113.755 113.483 113.218 112.96 112.71 112.466 112.23 112.001 111.779 111.563 111.353 111.148 110.949 110.755 110.567 110.391 110.231 110.082 109.934 -9999 -9999 -9999 -9999 -9999 -9999 -9999 -9999 -9999 -9999 -9999 -9999 -9999 -9999
111.145 111.156 111.185 -9999 -9999 -9999 -9999 -9999 -9999 -9999 -9999 -9999 -9999 112.701 -9999 -9999 -9999 -9999 114.211 114.434 114.576 -9999 -9999 -9999 115.22 115.089 -9999 -9999 -9999 -9999 -9999 -9999 -9999 114.831 114.713 114.594 114.484 114.381 114.281 114.179 113.997 113.723 113.454 113.188 112.928 112.675 112.43 112.194 111.965 111.744 111.529 111.32 111.116 110.917 110.722 110.532 110.35 110.195 110.055 109.912 -9999 -9999 -9999 -9999 -9999 -9999 -9999 -9999 -9999 -9999 -9999 -9999 -9999 -9999
111.117 111.128 -9999 -9999 -9999 -9999 -9999 -9999 -9999 -9999 -9999 -9999 -9999 112.625 -9999 -9999 -9999 -9999 -9999 114.479 114.746 -9999 -9999 -9999 -9999 -9999 -9999 -9999 -9999 -9999 -9999 -9999 -9999 114.831 114.695 114.425 113.898 113.948 114.271 114.167 113.968 113.702 113.433 113.162 112.897 112.642 112.396 112.16 111.932 111.712 111.498 111.291 111.089 110.892 110.7 110.513 110.335 110.177 110.037 109.896 109.76 -9999 -9999 -9999 -9999 -9999 -9999 -9999 -9999 -9999 -9999 -9999 -9999 -9999
111.089 -9999 111.112 111.123 111.146 111.157 -9999 -9999 -9999 -9999 -9999 -9999 -9999 112.587 -9999 -9999 -9999 -9999 -9999 -9999 -9999 -9999 -9999 -9999 -9999 -9999 -9999 -9999 -9999 -9999 -9999 -9999 114.964 114.81 114.677 114.338 114.229 114.348 114.257 114.144 113.942 113.689 113.413 113.133 112.866 112.612 112.368 112.134 111.909 111.69 111.478 111.272 111.072 110.88 110.695 110.516 110.347 110.19 110.045 109.902 109.756 109.608 -9999 -9999 -9999 -9999 -9999 -9999 -9999 -9999 -9999 -9999 -9999 -9999
111.044 111.069 111.115 111.118 111.108 111.119 -9999 -9999 -9999 -9999 -9999 -9999 -9999 -9999 -9999 -9999 -9999 -9999 -9999 -9999 -9999 -9999 -9999 -9999 -9999 -9999 -9999 -9999 -9999 -9999 -9999 115.024 114.948 114.794 114.656 114.532 114.422 114.322 114.233 114.109 113.901 113.648 113.377 113.103 112.842 112.592 112.354 112.124 111.903 111.69 111.484 111.283 111.091 110.901 110.717 110.539 110.368 110.211 110.064 109.918 109.771 109.62 -9999 -9999 -9999 -9999 -9999 -9999 -9999 -9999 -9999 -9999 -9999 -9999
110.8 110.851 110.919 110.959 -9999 111.092 111.103 -9999 -9999 -9999 -9999 -9999 -9999 -9999 -9999 -9999 -9999 -9999 -9999 -9999 -9999 -9999 -9999 -9999 -9999 -9999 -9999 -9999 -9999 -9999 -9999 115.009 114.933 114.771 114.628 114.503 114.391 114.292 114.201 114.065 113.84 113.585 113.325 113.066 112.815 112.573 112.341 112.118 111.905 111.699 111.501 111.308 111.122 110.939 110.761 110.587 110.417 110.252 110.093 109.937 109.787 109.645 109.516 109.407 -9999 -9999 -9999 -9999 -9999 -9999 -9999 -9999 -9999 -9999
110.407 110.547 110.824 110.934 -9999 -9999 111.076 -9999 -9999 -9999 -9999 -9999 -9999 -9999 -9999 -9999 -9999 -9999 -9999 -9999 -9999 -9999 -9999 -9999 -9999 -9999 -9999 -9999 -9999 -9999 -9999 114.988 114.911 114.745 114.6 114.472 114.36 114.258 114.164 114.014 113.776 113.521 113.271 113.023 112.781 112.548 112.325 112.111 111.906 111.708 111.517 111.334 111.153 110.977 110.805 110.637 110.472 110.309 110.148 109.984 109.82 109.678 109.557 109.446 109.332 109.214 109.135 -9999 -9999 -9999 -9999 -9999 -9999 -9999
110.216 110.488 110.826 110.927 111.028 -9999 111.135 -9999 -9999 -9999 -9999 -9999 -9999 -9999 -9999 -9999 -9999 -9999 -9999 -9999 -9999 -9999 -9999 -9999 -9999 -9999 -9999 -9999 -9999 -9999 114.989 114.968 114.889 114.717 114.57 114.441 114.327 114.222 114.123 113.965 113.719 113.465 113.218 112.976 112.744 112.521 112.308 112.104 111.907 111.718 111.534 111.355 111.183 111.014 110.847 110.684 110.523 110.364 110.204 110.042 109.891 109.747 109.616 109.492 109.375 109.261 109.143 109.023 109.03 -9999 -9999 -9999 -9999 -9999
110.505 110.751 110.932 111.007 -9999 111.198 -9999 -9999 -9999 -9999 -9999 -9999 -9999 -9999 -9999 -9999 -9999 -9999 -9999 -9999 -9999 -9999 -9999 -9999 -9999 -9999 -9999 -9999 -9999 -9999 -9999 114.967 114.863 114.69 114.541 114.411 114.294 114.186 114.083 113.919 113.67 113.411 113.164 112.931 112.709 112.497 112.293 112.098 111.909 111.727 111.55 111.38 111.213 111.048 110.887 110.729 110.571 110.415 110.257 110.106 109.965 109.835 109.704 109.57 109.436 109.316 109.201 109.082 108.966 108.89 -9999 -9999 -9999 -9999
110.779 110.908 111.019 111.142 111.271 111.401 -9999 -9999 -9999 -9999 -9999 -9999 -9999 -9999 -9999 -9999 -9999 -9999 -9999 -9999 -9999 -9999 -9999 -9999 -9999 -9999 -9999 -9999 -9999 -9999 -9999 -9999 114.882 114.68 114.514 114.381 114.262 114.151 114.045 113.877 113.619 113.359 113.119 112.893 112.68 112.476 112.281 112.093 111.912 111.737 111.567 111.401 111.241 111.082 110.926 110.771 110.618 110.464 110.315 110.177 110.049 109.924 109.797 109.666 109.531 109.392 109.266 109.149 109.032 108.917 108.829 -9999 -9999 -9999
110.905 111.049 111.188 111.326 111.465 -9999 -9999 -9999 -9999 -9999 -9999 -9999 -9999 -9999 -9999 -9999 -9999 -9999 -9999 -9999 -9999 -9999 -9999 -9999 -9999 -9999 -9999 -9999 -9999 -9999 -9999 -9999 114.878 114.605 114.533 114.369 114.231 114.117 114.004 113.824 113.574 113.317 113.082 112.862 112.656 112.459 112.271 112.09 111.916 111.747 111.584 111.424 111.269 111.115 110.963 110.813 110.662 110.517 110.382 110.256 110.135 110.012 109.888 109.76 109.629 109.494 109.353 109.221 109.103 108.989 108.899 108.854 -9999 -9999
111.071 111.219 111.366 111.513 111.68 -9999 -9999 -9999 -9999 -9999 -9999 -9999 -9999 -9999 -9999 -9999 -9999 -9999 -9999 -9999 -9999 -9999 -9999 -9999 -9999 -9999 -9999 -9999 -9999 -9999 -9999 -9999 -9999 114.631 114.514 114.392 114.353 114.093 113.949 113.777 113.538 113.284 113.053 112.838 112.637 112.447 112.265 112.09 111.922 111.759 111.601 111.448 111.297 111.147 111.0 110.853 110.711 110.579 110.455 110.337 110.218 110.098 109.977 109.852 109.724 109.593 109.456 109.315 109.179 109.06 108.968 108.924 -9999 -9999
111.237 -9999 -9999 -9999 -9999 -9999 -9999 -9999 -9999 -9999 -9999 -9999 -9999 -9999 -9999 -9999 -9999 -9999 -9999 -9999 -9999 -9999 -9999 -9999 -9999 -9999 -9999 -9999 -9999 -9999 -9999 -9999 -9999 114.756 114.575 114.711 115.141 114.717 113.898 113.737 113.513 113.26 113.032 112.821 112.624 112.439 112.262 112.093 111.931 111.773 111.62 111.471 111.325 111.179 111.035 110.897 110.768 110.647 110.531 110.415 110.299 110.182 110.063 109.942 109.817 109.689 109.557 109.419 109.276 109.135 109.048 109.007 108.979 -9999
111.408 -9999 -9999 -9999 -9999 -9999 -9999 -9999 -9999 -9999 -9999 -9999 -9999 -9999 -9999 -9999 -9999 -9999 -9999 -9999 -9999 -9999 -9999 -9999 -9999 -9999 -9999 -9999 -9999 -9999 -9999 -9999 -9999 -9999 114.638 114.736 114.379 113.89 113.872 113.704 113.497 113.245 113.019 112.811 112.618 112.436 112.264 112.1 111.941 111.789 111.64 111.495 111.352 111.21 111.076 110.951 110.832 110.718 110.604 110.491 110.378 110.263 110.147 110.029 109.907 109.782 109.653 109.519 109.379 109.236 109.137 109.1 109.073 -9999
111.651 -9999 -9999 -9999 -9999 -9999 -9999 -9999 -9999 -9999 -9999 -9999 -9999 -9999 -9999 -9999 -9999 -9999 -9999 -9999 -9999 -9999 -9999 -9999 -9999 -9999 -9999 -9999 -9999 -9999 -9999 -9999 -9999 -9999 114.665 -9999 114.164 114.044 113.866 113.699 -9999 113.239 113.013 112.807 112.617 112.438 112.27 112.109 111.955 111.806 111.662 111.519 111.38 111.25 111.127 111.01 110.898 110.787 110.676 110.566 110.455 110.343 110.229 110.113 109.995 109.873 109.747 109.615 109.478 109.352 109.252 109.198 109.167 109.139
-9999 -9999 -9999 -9999 -9999 -9999 -9999 -9999 -9999 -9999 -9999 -9999 -9999 -9999 -9999 -9999 -9999 -9999 -9999 -9999 -9999 -9999 -9999 -9999 -9999 -9999 -9999 -9999 -9999 -9999 -9999 -9999 -9999 -9999 -9999 114.478 114.259 -9999 -9999 -9999 -9999 113.262 113.015 112.81 112.622 112.446 112.28 112.122 111.972 111.826 111.684 111.544 111.42 111.298 111.183 111.07 110.958 110.849 110.74 110.632 110.524 110.414 110.304 110.191 110.076 109.958 109.835 109.707 109.572 109.463 109.382 109.31 109.262 109.233
-9999 -9999 -9999 -9999 -9999 -9999 -9999 -9999 -9999 -9999 -9999 -9999 -9999 -9999 -9999 -9999 -9999 -9999 -9999 -9999 -9999 -9999 -9999 -9999 -9999 -9999 -9999 -9999 -9999 -9999 -9999 -9999 -9999 -9999 -9999 114.488 114.292 -9999 -9999 -9999 -9999 113.35 113.08 112.875 112.685 112.506 112.335 112.171 112.011 111.856 111.712 111.585 111.461 111.343 111.229 111.119 111.01 110.903 110.797 110.692 110.586 110.48 110.372 110.263 110.151 110.036 109.917 109.792 109.673 109.577 109.509 109.439 109.367 109.327
-9999 -9999 -9999 -9999 -9999 -9999 -9999 -9999 -9999 -9999 -9999 -9999 -9999 -9999 -9999 -9999 -9999 -9999 -9999 -9999 -9999 -9999 -9999 -9999 -9999 -9999 -9999 -9999 -9999 -9999 -9999 -9999 -9999 -9999 -9999 114.486 -9999 -9999 -9999 -9999 113.684 113.443 113.186 112.976 112.785 112.604 112.432 112.267 112.11 111.952 111.8 111.653 111.504 111.381 111.27 111.162 111.057 110.953 110.85 110.748 110.645 110.541 110.437 110.33 110.221 110.109 109.992 109.871 109.771 109.694 109.631 109.563 109.491 109.428
-9999 -9999 -9999 -9999 -9999 -9999 -9999 -9999 -9999 -9999 -9999 -9999 -9999 -9999 -9999 -9999 -9999 -9999 -9999 -9999 -9999 -9999 -9999 -9999 -9999 -9999 -9999 -9999 -9999 -9999 -9999 -9999 -9999 -9999 -9999 -9999 -9999 -9999 -9999 -9999 113.784 113.571 113.318 113.087 112.896 112.72 112.554 112.393 112.223 112.057 111.899 111.748 111.603 111.46 111.328 111.208 111.102 111.002 110.901 110.801 110.701 110.6 110.498 110.394 110.287 110.178 110.064 109.956 109.87 109.808 109.747 109.682 109.613 109.538
-9999 -9999 -9999 -9999 -9999 -9999 -9999 -9999 -9999 -9999 -9999 -9999 -9999 -9999 -9999 -9999 -9999 -9999 -9999 -9999 -9999 -9999 -9999 -9999 -9999 -9999 -9999 -9999 -9999 -9999 -9999 -9999 -9999 -9999 -9999 -9999 -9999 -9999 -9999 -9999 113.889 113.695 113.463 113.225 113.025 112.848 112.672 112.493 112.319 112.156 112.002 111.854 111.712 111.573 111.436 111.299 111.167 111.052 110.951 110.853 110.755 110.656 110.556 110.454 110.35 110.242 110.13 110.043 109.975 109.918 109.859 109.797 109.73 109.659
-9999 -9999 -9999 -9999 -9999 -9999 -9999 -9999 -9999 -9999 -9999 -9999 -9999 -9999 -9999 -9999 -9999 -9999 -9999 -9999 -9999 -9999 -9999 -9999 -9999 -9999 -9999 -9999 -9999 -9999 -9999 -9999 -9999 -9999 -9999 -9999 -9999 -9999 -9999 114.141 113.988 113.824 113.623 113.374 113.151 112.955 112.769 112.584 112.413 112.252 112.1 111.956 111.816 111.68 111.546 111.413 111.279 111.141 111.009 110.902 110.806 110.709 110.611 110.511 110.408 110.303 110.21 110.134 110.079 110.023 109.966 109.906 109.843 109.775
-9999 -9999 -9999 -9999 -9999 -9999 -9999 -9999 -9999 -9999 -9999 -9999 -9999 -9999 -9999 -9999 -9999 -9999 -9999 -9999 -9999 -9999 -9999 -9999 -9999 -9999 -9999 -9999 -9999 -9999 -9999 -9999 -9999 -9999 -9999 -9999 -9999 -9999 -9999 114.237 114.086 113.94 113.75 113.513 113.265 113.053 112.858 112.675 112.506 112.347 112.197 112.053 111.916 111.782 111.651 111.522 111.39 111.257 111.12 110.978 110.86 110.759 110.662 110.564 110.463 110.367 110.29 110.232 110.179 110.125 110.069 110.012 109.952 109.887
-9999 -9999 -9999 -9999 -9999 -9999 -9999 -9999 -9999 -9999 -9999 -9999 -9999 -9999 -9999 -9999 -9999 -9999 -9999 -9999 -9999 -9999 -9999 -9999 -9999 -9999 -9999 -9999 -9999 -9999 -9999 -9999 -9999 -9999 -9999 -9999 -9999 -9999 114.425 114.284 114.18 114.032 113.852 113.633 113.377 113.147 112.948 112.767 112.598 112.441 112.291 112.149 112.012 111.88 111.751 111.624 111.496 111.366 111.232 111.094 110.95 110.817 110.711 110.614 110.516 110.439 110.378 110.326 110.275 110.222 110.169 110.114 110.056 109.995
-9999 -9999 -9999 -9999 -9999 -9999 -9999 -9999 -9999 -9999 -9999 -9999 -9999 -9999 -9999 -9999 -9999 -9999 -9999 -9999 -9999 -9999 -9999 -9999 -9999 -9999 -9999 -9999 -9999 -9999 -9999 -9999 -9999 -9999 -9999 -9999 -9999 -9999 114.332 114.258 114.267 114.095 113.922 113.72 113.492 113.249 113.04 112.859 112.691 112.534 112.386 112.244 112.107 111.975 111.848 111.723 111.598 111.47 111.339 111.204 111.063 110.917 110.771 110.661 110.583 110.519 110.468 110.418 110.367 110.317 110.265 110.212 110.157 110.099
-9999 -9999 -9999 -9999 -9999 -9999 -9999 -9999 -9999 -9999 -9999 -9999 -9999 -9999 -9999 -9999 -9999 -9999 -9999 -9999 -9999 -9999 -9999 -9999 -9999 -9999 -9999 -9999 -9999 -9999 -9999 -9999 -9999 -9999 -9999 -9999 -9999 -9999 114.462 114.434 114.39 114.244 114.171 113.946 113.594 113.352 113.134 112.954 112.786 112.629 112.48 112.338 112.202 112.071 111.944 111.819 111.695 111.569 111.441 111.308 111.171 111.027 110.876 110.738 110.656 110.605 110.555 110.506 110.457 110.408 110.358 110.308 110.255 110.2
-9999 -9999 -9999 -9999 -9999 -9999 -9999 -9999 -9999 -9999 -9999 -9999 -9999 -9999 -9999 -9999 -9999 -9999 -9999 -9999 -9999 -9999 -9999 -9999 -9999 -9999 -9999 -9999 -9999 -9999 -9999 -9999 -9999 -9999 -9999 -9999 -9999 -9999 -9999 114.411 114.302 114.372 114.756 114.345 113.67 113.459 113.236 113.05 112.882 112.725 112.576 112.434 112.297 112.166 112.039 111.914 111.79 111.665 111.538 111.408 111.273 111.132 110.998 110.87 110.754 110.688 110.639 110.591 110.544 110.496 110.449 110.4 -9999 110.298
