Validation/Results/ReClimate_06_2024_1.asc
NCOLS 192
NROWS 249
XLLCENTER -225160.85627316462
YLLCENTER 29788.11610251502
CELLSIZE 5000.0
NODATA_VALUE -9999
[rows 132 to 164 of 249, columns 75 to 149 of 192]
-9999 -9999 -9999 -9999 -9999 -9999 -9999 -9999 -9999 -9999 -9999 -9999 101.623 101.37 101.085 100.826 100.605 100.44 100.285 100.14 100.003 99.873 99.749 99.63 99.516 99.405 99.297 99.217 99.207 99.236 99.263 99.288 99.312 99.335 99.359 99.385 99.411 99.44 99.469 99.498 99.527 99.557 99.585 99.61 99.634 99.655 99.665 99.672 99.676 99.68 99.683 99.684 99.686 99.688 99.689 99.69 99.689 -9999 -9999 -9999 -9999 -9999 -9999 -9999 -9999 -9999 -9999 -9999 -9999 -9999 -9999 -9999 -9999 -9999 -9999
-9999 -9999 -9999 -9999 -9999 -9999 -9999 -9999 -9999 -9999 -9999 -9999 101.786 101.485 101.194 100.915 100.676 100.483 100.326 100.178 100.039 99.907 99.781 99.661 99.545 99.433 99.325 99.251 99.248 99.277 99.304 99.33 99.355 99.38 99.405 99.43 99.457 99.485 99.514 99.543 99.572 99.6 99.625 99.649 99.669 99.678 99.681 99.683 99.684 99.685 99.684 99.685 99.685 99.685 99.685 99.685 99.686 -9999 -9999 -9999 -9999 -9999 -9999 -9999 -9999 -9999 -9999 -9999 -9999 -9999 -9999 -9999 -9999 -9999 -9999
-9999 -9999 -9999 -9999 -9999 -9999 -9999 -9999 -9999 -9999 -9999 102.206 101.901 101.597 101.302 101.016 100.751 100.526 100.365 100.215 100.073 99.939 99.811 99.689 99.572 99.458 99.351 99.285 99.29 99.319 99.347 99.374 99.4 99.425 99.451 99.478 99.505 99.533 99.561 99.59 99.618 99.644 99.663 99.679 99.688 99.688 99.687 99.686 99.685 99.684 99.683 99.681 99.681 99.68 99.679 99.679 99.679 99.679 -9999 -9999 -9999 -9999 -9999 -9999 -9999 -9999 -9999 -9999 -9999 -9999 -9999 -9999 -9999 -9999 -9999
-9999 -9999 -9999 -9999 -9999 -9999 -9999 -9999 -9999 -9999 102.596 -9999 102.019 101.709 101.409 101.118 100.834 100.595 100.404 100.25 100.105 99.968 99.839 99.715 99.595 99.481 99.373 99.317 99.334 99.363 99.391 99.418 99.445 99.471 99.498 99.526 99.553 99.581 99.609 99.636 99.659 99.674 99.687 99.696 99.695 99.692 99.69 99.687 99.685 99.683 99.68 99.679 99.677 99.676 99.675 99.674 99.673 99.672 -9999 -9999 -9999 -9999 -9999 -9999 -9999 -9999 -9999 -9999 -9999 -9999 -9999 -9999 -9999 -9999 -9999
104.7 -9999 -9999 -9999 -9999 -9999 -9999 -9999 -9999 -9999 102.755 -9999 102.14 101.824 101.518 101.221 100.93 100.663 100.442 100.284 100.136 99.996 99.864 99.737 99.616 99.5 99.392 99.347 99.378 99.407 -9999 -9999 -9999 -9999 -9999 -9999 99.601 99.628 99.652 99.671 99.687 99.698 99.706 99.704 99.7 99.696 99.692 99.688 99.685 99.682 99.679 99.676 99.674 99.672 99.671 99.669 99.668 99.666 99.658 -9999 -9999 -9999 -9999 -9999 -9999 -9999 -9999 -9999 -9999 -9999 -9999 -9999 -9999 -9999 -9999
104.809 104.695 -9999 -9999 -9999 -9999 -9999 -9999 -9999 -9999 102.897 102.603 102.267 101.943 101.63 101.325 101.027 100.738 100.498 100.317 100.165 100.022 99.886 99.757 99.634 99.516 99.413 99.391 99.422 99.452 -9999 -9999 -9999 -9999 99.593 99.621 99.647 99.667 99.684 99.701 99.714 99.72 99.717 99.712 99.706 99.7 99.694 99.689 99.685 99.681 99.677 99.674 99.671 99.669 99.667 99.665 99.663 99.661 99.659 -9999 -9999 -9999 -9999 -9999 -9999 -9999 -9999 -9999 -9999 -9999 -9999 -9999 -9999 -9999 -9999
104.928 104.814 104.701 -9999 -9999 -9999 -9999 -9999 -9999 -9999 103.042 102.749 102.402 -9999 -9999 101.431 101.125 100.824 100.559 -9999 100.191 100.046 99.907 99.775 99.648 99.528 99.44 99.437 -9999 -9999 -9999 -9999 -9999 99.612 99.64 99.664 99.682 99.699 99.716 99.731 99.738 99.734 99.727 99.719 99.711 99.703 99.696 99.69 99.684 99.679 99.675 99.671 99.668 99.666 99.663 99.661 99.659 99.656 99.653 -9999 -9999 -9999 -9999 -9999 -9999 -9999 -9999 -9999 -9999 -9999 -9999 -9999 -9999 -9999 -9999
104.987 104.937 104.814 -9999 -9999 -9999 -9999 -9999 -9999 -9999 -9999 102.909 102.55 -9999 -9999 -9999 101.226 100.915 100.62 100.379 -9999 -9999 99.925 99.788 99.659 99.535 99.468 -9999 -9999 -9999 -9999 -9999 99.631 99.658 99.68 99.697 99.714 99.731 99.748 99.759 99.753 99.745 99.735 99.725 99.716 99.706 99.698 99.69 99.684 99.678 99.672 99.668 99.665 99.662 99.66 99.657 99.654 99.651 99.647 -9999 -9999 -9999 -9999 -9999 -9999 -9999 -9999 -9999 -9999 -9999 -9999 -9999 -9999 -9999 -9999
105.017 104.981 -9999 -9999 -9999 -9999 -9999 -9999 -9999 -9999 -9999 -9999 102.705 -9999 -9999 -9999 -9999 101.007 100.689 100.431 -9999 -9999 -9999 99.79 99.664 -9999 -9999 -9999 -9999 -9999 -9999 -9999 99.678 99.697 99.712 99.728 99.745 99.761 99.774 99.774 99.766 99.756 99.744 99.731 99.719 99.708 99.698 99.69 99.682 99.675 99.67 99.665 99.661 99.658 99.656 99.654 99.65 99.645 99.641 -9999 -9999 -9999 -9999 -9999 -9999 -9999 -9999 -9999 -9999 -9999 -9999 -9999 -9999 -9999 -9999
105.014 -9999 -9999 -9999 -9999 -9999 -9999 -9999 -9999 -9999 -9999 -9999 102.896 -9999 -9999 -9999 -9999 -9999 100.77 100.483 -9999 -9999 -9999 -9999 -9999 -9999 -9999 -9999 -9999 -9999 -9999 -9999 99.717 99.729 99.743 99.758 99.773 99.782 99.788 99.786 99.778 99.766 99.751 99.735 99.722 99.709 99.698 99.688 99.68 99.672 99.666 99.661 99.656 99.653 99.65 99.647 99.644 99.639 99.634 99.626 -9999 -9999 -9999 -9999 -9999 -9999 -9999 -9999 -9999 -9999 -9999 -9999 -9999 -9999 -9999
-9999 105.012 105.013 104.99 104.991 -9999 -9999 -9999 -9999 -9999 -9999 -9999 103.029 -9999 -9999 -9999 -9999 -9999 -9999 -9999 -9999 -9999 -9999 -9999 -9999 -9999 -9999 -9999 -9999 -9999 -9999 99.739 99.748 99.759 99.771 99.781 99.786 99.792 99.797 99.797 99.79 99.774 99.755 99.739 99.724 99.711 99.7 99.689 99.679 99.671 99.66 99.651 99.644 99.639 99.635 99.631 99.626 99.622 99.617 99.614 99.609 -9999 -9999 -9999 -9999 -9999 -9999 -9999 -9999 -9999 -9999 -9999 -9999 -9999 -9999
105.007 105.009 105.01 105.011 105.013 -9999 -9999 -9999 -9999 -9999 -9999 -9999 -9999 -9999 -9999 -9999 -9999 -9999 -9999 -9999 -9999 -9999 -9999 -9999 -9999 -9999 -9999 -9999 -9999 -9999 99.749 99.772 99.778 99.783 99.785 99.788 99.792 99.797 99.803 99.804 99.797 99.782 99.764 99.748 99.732 99.719 99.706 99.692 99.679 99.666 99.654 99.643 99.633 99.625 99.617 99.61 99.605 99.6 99.596 99.593 99.59 -9999 -9999 -9999 -9999 -9999 -9999 -9999 -9999 -9999 -9999 -9999 -9999 -9999 -9999
105.004 105.005 105.007 -9999 105.009 105.011 -9999 -9999 -9999 -9999 -9999 -9999 -9999 -9999 -9999 -9999 -9999 -9999 -9999 -9999 -9999 -9999 -9999 -9999 -9999 -9999 -9999 -9999 -9999 -9999 99.77 99.797 99.793 99.791 99.79 99.792 99.799 99.807 99.812 99.81 99.801 99.787 99.771 99.755 99.739 99.721 99.704 99.687 99.672 99.658 99.646 99.634 99.624 99.615 99.606 99.598 99.59 99.582 99.576 99.572 99.568 99.56 99.55 -9999 -9999 -9999 -9999 -9999 -9999 -9999 -9999 -9999 -9999 -9999 -9999
105.001 105.002 105.004 -9999 -9999 105.008 -9999 -9999 -9999 -9999 -9999 -9999 -9999 -9999 -9999 -9999 -9999 -9999 -9999 -9999 -9999 -9999 -9999 -9999 -9999 -9999 -9999 -9999 -9999 -9999 99.791 99.804 99.798 99.797 99.8 99.807 99.813 99.819 99.82 99.814 99.804 99.79 99.775 99.755 99.734 99.713 99.695 99.678 99.663 99.65 99.637 99.626 99.615 99.606 99.596 99.588 99.579 99.571 99.563 99.555 99.545 99.535 99.525 99.514 99.495 99.465 -9999 -9999 -9999 -9999 -9999 -9999 -9999 -9999 -9999
104.998 104.999 105.0 105.002 -9999 104.938 -9999 -9999 -9999 -9999 -9999 -9999 -9999 -9999 -9999 -9999 -9999 -9999 -9999 -9999 -9999 -9999 -9999 -9999 -9999 -9999 -9999 -9999 -9999 99.785 99.801 99.811 99.81 99.814 99.818 99.821 99.825 99.829 99.827 99.818 99.806 99.789 99.767 99.744 99.723 99.704 99.686 99.669 99.654 99.641 99.628 99.616 99.606 99.596 99.587 99.578 99.569 99.561 99.553 99.542 99.529 99.513 99.501 99.491 99.474 99.454 99.436 99.284 -9999 -9999 -9999 -9999 -9999 -9999 -9999
104.994 104.996 104.984 -9999 104.856 -9999 -9999 -9999 -9999 -9999 -9999 -9999 -9999 -9999 -9999 -9999 -9999 -9999 -9999 -9999 -9999 -9999 -9999 -9999 -9999 -9999 -9999 -9999 -9999 -9999 99.822 99.831 99.831 99.832 99.833 99.835 99.836 99.837 99.833 99.821 99.8 99.777 99.754 99.733 99.712 99.694 99.676 99.66 99.645 99.631 99.618 99.607 99.596 99.586 99.577 99.568 99.559 99.551 99.541 99.529 99.507 99.478 99.449 99.421 99.4 99.379 99.361 99.344 99.202 -9999 -9999 -9999 -9999 -9999 -9999
104.983 104.942 104.859 104.769 104.678 -9999 -9999 -9999 -9999 -9999 -9999 -9999 -9999 -9999 -9999 -9999 -9999 -9999 -9999 -9999 -9999 -9999 -9999 -9999 -9999 -9999 -9999 -9999 -9999 -9999 -9999 99.85 99.849 99.849 99.848 99.848 99.847 99.846 99.837 99.813 99.787 99.764 99.742 99.721 99.701 99.683 99.666 99.65 99.635 99.621 99.609 99.597 99.586 99.576 99.566 99.557 99.549 99.537 99.512 99.479 99.447 99.412 99.377 99.344 99.312 99.287 99.267 99.25 99.232 99.111 -9999 -9999 -9999 -9999 -9999
104.887 104.792 104.695 104.598 -9999 -9999 -9999 -9999 -9999 -9999 -9999 -9999 -9999 -9999 -9999 -9999 -9999 -9999 -9999 -9999 -9999 -9999 -9999 -9999 -9999 -9999 -9999 -9999 -9999 -9999 -9999 99.865 99.865 99.864 99.863 99.86 99.857 99.85 99.827 99.801 99.776 99.752 99.73 99.71 99.691 99.672 99.655 99.64 99.625 99.611 99.598 99.586 99.575 99.565 99.556 99.544 99.519 99.485 99.45 99.41 99.371 99.334 99.299 99.265 99.233 99.201 99.175 99.153 99.134 99.116 98.999 -9999 -9999 -9999 -9999
104.736 104.634 104.531 104.411 -9999 -9999 -9999 -9999 -9999 -9999 -9999 -9999 -9999 -9999 -9999 -9999 -9999 -9999 -9999 -9999 -9999 -9999 -9999 -9999 -9999 -9999 -9999 -9999 -9999 -9999 -9999 -9999 99.878 99.877 99.875 99.872 99.862 99.84 99.817 99.791 99.765 99.741 99.719 99.699 99.68 99.662 99.645 99.629 99.614 99.601 99.588 99.576 99.565 99.555 99.531 99.497 99.46 99.417 99.374 99.333 99.295 99.258 99.222 99.188 99.154 99.121 99.088 99.058 99.033 99.014 99.004 -9999 -9999 -9999 -9999
-9999 -9999 -9999 -9999 -9999 -9999 -9999 -9999 -9999 -9999 -9999 -9999 -9999 -9999 -9999 -9999 -9999 -9999 -9999 -9999 -9999 -9999 -9999 -9999 -9999 -9999 -9999 -9999 -9999 -9999 -9999 -9999 99.891 99.889 99.886 99.876 99.853 99.831 99.807 99.781 99.755 99.731 99.709 99.689 99.669 99.651 99.635 99.619 99.604 99.59 99.577 99.565 99.548 99.516 99.478 99.432 99.386 99.342 99.3 99.259 99.22 99.183 99.146 99.111 99.076 99.041 99.006 98.969 98.934 98.912 98.901 98.891 -9999 -9999 -9999
-9999 -9999 -9999 -9999 -9999 -9999 -9999 -9999 -9999 -9999 -9999 -9999 -9999 -9999 -9999 -9999 -9999 -9999 -9999 -9999 -9999 -9999 -9999 -9999 -9999 -9999 -9999 -9999 -9999 -9999 -9999 -9999 -9999 99.902 99.892 99.867 99.843 99.821 99.799 99.773 99.746 99.722 99.7 99.679 99.66 99.641 99.624 99.608 99.593 99.579 99.566 99.541 99.503 99.459 99.409 99.36 99.314 99.269 99.227 99.186 99.147 99.109 99.071 99.035 98.998 98.961 98.923 98.883 98.842 98.812 98.799 98.788 -9999 -9999 -9999
-9999 -9999 -9999 -9999 -9999 -9999 -9999 -9999 -9999 -9999 -9999 -9999 -9999 -9999 -9999 -9999 -9999 -9999 -9999 -9999 -9999 -9999 -9999 -9999 -9999 -9999 -9999 -9999 -9999 -9999 -9999 -9999 -9999 99.895 -9999 99.858 99.834 99.812 99.79 -9999 99.738 99.713 99.691 99.67 99.65 99.632 99.614 99.598 99.583 99.568 99.537 99.494 99.442 99.389 99.337 99.289 99.242 99.198 99.156 99.115 99.075 99.035 98.997 98.958 98.919 98.88 98.839 98.797 98.756 98.72 98.697 98.683 98.67 -9999 -9999
-9999 -9999 -9999 -9999 -9999 -9999 -9999 -9999 -9999 -9999 -9999 -9999 -9999 -9999 -9999 -9999 -9999 -9999 -9999 -9999 -9999 -9999 -9999 -9999 -9999 -9999 -9999 -9999 -9999 -9999 -9999 -9999 -9999 -9999 99.878 99.851 -9999 -9999 -9999 -9999 99.732 99.706 99.683 99.661 99.641 99.623 99.605 99.588 99.572 99.549 99.492 99.43 99.373 99.317 99.259 99.203 99.151 99.102 99.056 99.013 98.971 98.931 98.893 98.855 98.819 98.783 98.747 98.707 98.668 98.634 98.6 98.577 98.56 98.544 98.527
-9999 -9999 -9999 -9999 -9999 -9999 -9999 -9999 -9999 -9999 -9999 -9999 -9999 -9999 -9999 -9999 -9999 -9999 -9999 -9999 -9999 -9999 -9999 -9999 -9999 -9999 -9999 -9999 -9999 -9999 -9999 -9999 -9999 -9999 99.865 99.845 -9999 -9999 -9999 -9999 99.729 99.702 99.679 99.657 99.636 99.616 99.598 99.58 99.553 99.489 99.416 99.343 99.274 99.21 99.15 99.092 99.037 98.986 98.938 98.893 98.849 98.808 98.768 98.729 98.691 98.653 98.615 98.581 98.552 98.529 98.506 98.473 98.449 98.43 98.41
-9999 -9999 -9999 -9999 -9999 -9999 -9999 -9999 -9999 -9999 -9999 -9999 -9999 -9999 -9999 -9999 -9999 -9999 -9999 -9999 -9999 -9999 -9999 -9999 -9999 -9999 -9999 -9999 -9999 -9999 -9999 -9999 -9999 -9999 99.857 -9999 -9999 -9999 -9999 99.751 99.727 99.702 99.678 99.655 99.634 99.614 99.593 99.563 99.49 99.4 99.314 99.232 99.159 99.092 99.03 98.973 98.919 98.868 98.819 98.772 98.727 98.684 98.641 98.599 98.558 98.516 98.474 98.439 98.413 98.391 98.369 98.346 98.325 98.298 -9999
-9999 -9999 -9999 -9999 -9999 -9999 -9999 -9999 -9999 -9999 -9999 -9999 -9999 -9999 -9999 -9999 -9999 -9999 -9999 -9999 -9999 -9999 -9999 -9999 -9999 -9999 -9999 -9999 -9999 -9999 -9999 -9999 -9999 -9999 -9999 -9999 -9999 -9999 -9999 99.749 99.727 99.702 99.678 99.654 99.63 99.606 99.569 99.484 99.382 99.289 99.203 99.123 99.048 98.979 98.915 98.858 98.803 98.752 98.702 98.654 98.607 98.561 98.516 98.471 98.425 98.38 98.337 98.301 98.274 98.247 98.22 98.193 98.164 98.128 -9999
-9999 -9999 -9999 -9999 -9999 -9999 -9999 -9999 -9999 -9999 -9999 -9999 -9999 -9999 -9999 -9999 -9999 -9999 -9999 -9999 -9999 -9999 -9999 -9999 -9999 -9999 -9999 -9999 -9999 -9999 -9999 -9999 -9999 -9999 -9999 -9999 -9999 -9999 -9999 99.746 99.723 99.698 99.672 99.646 99.615 99.565 99.479 99.372 99.275 99.185 99.102 99.024 98.951 98.881 98.814 98.75 98.692 98.638 98.587 98.537 98.488 98.439 98.391 98.343 98.293 98.243 98.202 98.168 98.137 98.105 98.073 98.04 98.005 97.964 -9999
-9999 -9999 -9999 -9999 -9999 -9999 -9999 -9999 -9999 -9999 -9999 -9999 -9999 -9999 -9999 -9999 -9999 -9999 -9999 -9999 -9999 -9999 -9999 -9999 -9999 -9999 -9999 -9999 -9999 -9999 -9999 -9999 -9999 -9999 -9999 -9999 -9999 -9999 99.755 99.734 99.711 99.688 99.66 99.622 99.559 99.483 99.372 99.27 99.176 99.089 99.009 98.932 98.86 98.791 98.724 98.658 98.593 98.53 98.474 98.422 98.37 98.318 98.267 98.214 98.161 98.113 98.071 98.036 98.0 97.964 97.927 97.888 97.846 97.8 97.754
-9999 -9999 -9999 -9999 -9999 -9999 -9999 -9999 -9999 -9999 -9999 -9999 -9999 -9999 -9999 -9999 -9999 -9999 -9999 -9999 -9999 -9999 -9999 -9999 -9999 -9999 -9999 -9999 -9999 -9999 -9999 -9999 -9999 -9999 -9999 -9999 -9999 -9999 99.741 99.72 99.7 99.673 99.624 99.555 99.485 99.381 99.274 99.176 99.085 99.0 98.921 98.846 98.774 98.705 98.638 98.572 98.505 98.438 98.37 98.309 98.252 98.197 98.142 98.085 98.031 97.984 97.943 97.904 97.864 97.823 97.781 97.736 97.688 97.636 97.588
-9999 -9999 -9999 -9999 -9999 -9999 -9999 -9999 -9999 -9999 -9999 -9999 -9999 -9999 -9999 -9999 -9999 -9999 -9999 -9999 -9999 -9999 -9999 -9999 -9999 -9999 -9999 -9999 -9999 -9999 -9999 -9999 -9999 -9999 -9999 -9999 -9999 99.748 99.729 99.709 99.683 99.627 99.556 99.488 99.401 99.287 99.183 99.088 99.0 98.918 98.84 98.765 98.694 98.625 98.557 98.489 98.421 98.352 98.281 98.207 98.137 98.075 98.016 97.956 97.904 97.858 97.815 97.772 97.728 97.682 97.634 97.583 97.528 97.469 97.405
-9999 -9999 -9999 -9999 -9999 -9999 -9999 -9999 -9999 -9999 -9999 -9999 -9999 -9999 -9999 -9999 -9999 -9999 -9999 -9999 -9999 -9999 -9999 -9999 -9999 -9999 -9999 -9999 -9999 -9999 -9999 -9999 -9999 -9999 -9999 -9999 -9999 99.738 99.719 99.693 99.633 99.561 99.494 99.419 99.309 99.199 99.1 99.008 98.922 98.84 98.763 98.689 98.618 98.548 98.479 98.409 98.339 98.267 98.193 98.116 98.037 97.957 97.888 97.832 97.78 97.734 97.687 97.639 97.59 97.539 97.485 97.428 97.367 97.3 97.226
-9999 -9999 -9999 -9999 -9999 -9999 -9999 -9999 -9999 -9999 -9999 -9999 -9999 -9999 -9999 -9999 -9999 -9999 -9999 -9999 -9999 -9999 -9999 -9999 -9999 -9999 -9999 -9999 -9999 -9999 -9999 -9999 -9999 -9999 -9999 -9999 -9999 99.728 99.703 99.643 99.57 99.502 99.435 99.344 99.226 99.119 99.022 98.932 98.848 98.768 98.691 98.616 98.544 98.473 98.402 98.33 98.257 98.183 98.106 98.026 97.943 97.855 97.772 97.71 97.66 97.609 97.557 97.504 97.45 97.394 97.334 97.271 97.203 97.129 97.045
-9999 -9999 -9999 -9999 -9999 -9999 -9999 -9999 -9999 -9999 -9999 -9999 -9999 -9999 -9999 -9999 -9999 -9999 -9999 -9999 -9999 -9999 -9999 -9999 -9999 -9999 -9999 -9999 -9999 -9999 -9999 -9999 -9999 -9999 -9999 -9999 -9999 -9999 99.65 99.582 99.513 99.447 99.375 99.265 99.149 99.045 98.95 98.862 98.778 98.699 98.621 98.546 98.472 98.4 98.327 98.252 98.177 98.099 98.019 97.935 97.848 97.763 97.679 97.599 97.537 97.482 97.426 97.368 97.308 97.246 97.18 -9999 97.036 -9999 96.874
