Validation/Results/ReClimate_01_2024_2_Temperature.asc
NCOLS 192
NROWS 249
XLLCENTER -225160.85627316462
YLLCENTER 29788.11610251502
CELLSIZE 5000.0
NODATA_VALUE -9999
[rows 204 to 237 of 249, columns 77 to 153 of 192]
-9999 -9999 -0.067 -9999 -0.053 -0.039 -0.032 -0.028 -0.025 -0.024 -0.013 0.0 0.012 0.023 0.02 0.014 0.021 0.028 0.038 0.046 0.045 0.041 0.04 0.037 0.043 0.048 0.058 0.068 0.08 0.093 0.103 0.112 0.115 0.116 0.121 0.124 0.131 0.137 0.14 0.142 0.136 0.126 0.129 0.131 0.129 0.124 0.113 0.099 0.11 0.123 0.131 0.139 0.152 0.164 0.174 0.185 0.193 0.2 0.203 0.204 0.205 0.205 0.217 0.229 0.23 0.23 0.233 0.233 0.234 0.233 0.249 0.266 0.264 0.259 0.26 0.261 0.261
-9999 -9999 -9999 -9999 -9999 -9999 -0.036 -0.021 -0.013 0.002 0.005 -0.008 0.003 0.011 0.014 0.026 0.03 0.029 0.037 0.043 0.041 0.033 0.035 0.041 0.047 0.052 0.061 0.067 0.076 0.082 0.09 0.096 0.101 0.112 0.117 0.12 0.124 0.122 0.129 0.145 0.143 0.146 0.149 0.145 0.14 0.125 0.116 0.107 0.118 0.13 0.136 0.143 0.151 0.16 0.172 0.183 0.176 0.175 0.18 0.182 0.203 0.215 0.217 0.224 0.23 0.232 0.234 0.234 0.239 0.241 0.244 0.253 0.254 0.25 0.256 0.259 0.26
-9999 -9999 -9999 -9999 -9999 -9999 -0.033 -0.018 -0.003 0.011 0.001 -0.012 -0.002 0.006 0.018 0.03 0.03 0.028 0.035 0.041 0.037 0.029 0.036 0.042 0.048 0.053 0.06 0.066 0.071 0.077 0.083 0.088 0.098 0.108 0.113 0.116 0.116 0.113 0.127 0.142 0.147 0.151 0.151 0.147 0.137 0.123 0.117 0.108 0.119 0.131 0.136 0.141 0.148 0.155 0.166 0.178 0.172 0.162 0.167 0.17 0.19 0.213 0.216 0.217 0.223 0.227 0.229 0.229 0.234 0.239 0.242 0.242 0.243 0.242 0.248 0.253 0.253
-9999 -9999 -9999 -9999 -0.058 -0.048 -0.034 -0.015 -9999 0.002 -0.002 0.005 0.013 0.023 0.029 -9999 0.028 0.026 0.031 0.032 0.027 0.021 0.031 0.049 0.054 0.054 0.064 0.077 0.085 0.093 0.096 0.089 0.096 0.095 0.1 0.106 0.106 0.107 0.115 0.116 0.119 0.123 0.125 0.135 0.124 0.109 0.107 0.115 0.134 0.151 0.151 0.152 0.154 0.158 0.163 0.172 0.168 0.16 0.16 0.161 0.18 0.201 0.213 0.22 0.224 0.228 0.217 0.209 0.217 0.223 0.236 0.243 0.235 0.23 0.236 0.241 0.245
-9999 -9999 -9999 -9999 -0.059 -9999 -9999 -9999 -0.008 -0.002 0.004 -9999 -9999 -9999 -9999 -9999 0.023 0.025 0.027 0.028 0.023 0.017 0.033 0.051 0.053 0.054 0.067 0.081 0.089 0.098 0.095 0.088 0.089 0.088 0.094 0.099 0.101 0.102 0.103 0.103 0.105 0.109 0.118 0.127 0.116 0.101 0.108 0.115 0.134 0.155 0.155 0.152 0.154 0.155 0.16 0.165 0.162 0.155 0.156 0.153 0.171 0.192 0.204 0.216 0.22 0.222 0.213 0.198 0.205 0.212 0.224 0.238 0.231 0.22 0.227 0.232 0.236
-9999 -9999 -9999 -9999 -9999 -9999 -0.035 -0.02 -0.014 -0.002 0.001 -9999 -9999 -9999 -9999 -9999 -9999 -9999 -9999 0.014 0.013 0.016 0.031 0.045 0.044 0.033 0.048 0.072 0.079 0.085 0.084 0.087 0.089 0.09 0.099 0.118 0.115 0.098 0.099 0.102 0.109 0.125 0.133 0.136 0.131 0.133 0.14 0.139 0.135 0.143 0.149 0.149 0.161 0.167 0.175 0.183 0.186 0.184 0.183 0.181 0.179 0.189 0.192 0.199 0.195 0.192 0.205 0.204 0.209 0.215 0.221 0.229 0.223 0.213 0.213 0.215 0.218
-9999 -9999 -9999 -9999 -9999 -9999 -9999 -0.026 -9999 -9999 -9999 -9999 -9999 -9999 -9999 -9999 -9999 -0.007 -0.003 0.009 0.013 0.016 0.029 0.043 0.035 0.024 0.044 0.067 0.073 0.078 0.082 0.085 0.088 0.088 0.104 0.122 0.11 0.094 0.097 0.099 -9999 0.129 0.133 0.136 0.14 0.144 0.146 0.146 0.142 0.135 0.14 0.144 0.155 0.167 0.176 0.184 0.187 0.189 0.189 0.186 0.185 0.183 0.186 0.188 0.184 0.176 0.189 0.202 0.207 0.212 0.217 0.221 0.215 0.205 0.206 0.204 0.207
-9999 -9999 -9999 -9999 -9999 -9999 -9999 -9999 -9999 -9999 -9999 -9999 -9999 -9999 -9999 -9999 -9999 0.01 0.016 0.015 0.018 -9999 -9999 -9999 0.015 0.037 0.048 0.046 0.051 0.059 0.066 0.08 0.084 0.093 0.104 0.109 0.102 0.1 0.101 -9999 0.111 0.109 0.113 0.119 0.125 0.138 0.14 0.14 0.138 0.136 0.13 0.127 0.15 0.168 0.178 0.188 0.184 0.181 0.176 0.17 0.172 0.171 0.169 0.166 0.185 0.192 0.202 0.215 0.211 0.21 0.209 0.209 0.204 0.194 0.206 0.212 0.216
-9999 -9999 -9999 -9999 -9999 -9999 -9999 -9999 -9999 -9999 -9999 -9999 -9999 -9999 -9999 -9999 -9999 -9999 -9999 -9999 -9999 -9999 -9999 -9999 0.015 0.042 0.04 0.037 0.043 0.05 0.063 0.076 0.085 0.093 0.097 0.102 0.102 -9999 -9999 0.102 0.101 0.099 0.104 0.109 0.12 0.133 0.135 0.135 0.135 0.132 0.127 0.118 0.138 0.163 0.173 0.184 0.18 0.172 0.167 0.159 0.161 0.163 0.16 0.155 0.172 0.193 0.203 0.214 0.211 0.205 0.204 0.2 0.194 0.186 0.197 0.21 0.214
-9999 -9999 -9999 -9999 -9999 -9999 -9999 -9999 -9999 -9999 -9999 -9999 -9999 -9999 -9999 -9999 -9999 -9999 -9999 -9999 -9999 -9999 -9999 -9999 0.015 0.024 0.029 0.051 0.06 0.071 0.082 0.089 0.092 0.082 -9999 -9999 -9999 -9999 -9999 0.105 0.107 0.112 0.116 0.115 0.123 0.126 0.134 0.151 0.145 0.126 0.126 0.122 0.127 0.143 0.167 0.185 0.171 0.157 0.154 0.146 0.145 0.144 0.15 0.151 0.162 0.178 0.189 0.2 0.205 0.204 0.203 0.2 0.197 0.191 0.194 0.202 0.204
-9999 -9999 -9999 -9999 -9999 -9999 -9999 -9999 -9999 -9999 -9999 -9999 -9999 -9999 -9999 -9999 -9999 -9999 -9999 -9999 -9999 -9999 -9999 -9999 -9999 -9999 0.035 0.056 0.067 0.078 0.085 0.092 0.078 -9999 -9999 -9999 -9999 0.079 0.09 0.104 0.109 0.115 0.115 0.115 0.118 0.121 0.137 0.152 0.139 0.12 0.12 0.119 0.125 0.131 0.153 0.18 0.166 0.146 0.143 0.137 0.136 0.133 0.139 0.145 0.156 0.168 0.178 0.189 0.194 0.198 0.198 0.195 0.192 0.188 0.191 0.194 0.196
-9999 -9999 -9999 -9999 -9999 -9999 -9999 -9999 -9999 -9999 -9999 -9999 -9999 -9999 -9999 -9999 -9999 -9999 -9999 -9999 -9999 -9999 -9999 -9999 -9999 -9999 -9999 0.058 0.062 0.059 0.062 0.065 -9999 -9999 -9999 -9999 0.076 0.097 0.104 0.1 0.106 0.115 0.113 0.104 0.109 0.118 0.13 0.14 0.132 0.132 0.127 0.124 0.128 0.133 0.143 0.161 0.164 0.154 0.147 0.139 0.137 0.134 0.136 0.141 0.158 0.174 0.179 0.188 0.185 0.183 0.196 0.201 0.195 0.189 0.197 0.202 0.205
-9999 -9999 -9999 -9999 -9999 -9999 -9999 -9999 -9999 -9999 -9999 -9999 -9999 -9999 -9999 -9999 -9999 -9999 -9999 -9999 -9999 -9999 -9999 -9999 -9999 -9999 -9999 -9999 -9999 -9999 -9999 -9999 -9999 -9999 -9999 0.071 0.084 0.102 0.1 0.097 0.104 0.112 0.106 0.097 0.105 0.113 0.121 0.131 0.132 0.132 0.128 0.122 0.126 0.129 0.139 0.149 0.151 0.152 0.145 0.135 0.133 0.129 0.132 0.135 0.151 0.171 0.177 0.182 0.179 0.172 0.184 0.198 0.193 0.184 0.192 0.2 0.203
-9999 -9999 -9999 -9999 -9999 -9999 -9999 -9999 -9999 -9999 -9999 -9999 -9999 -9999 -9999 -9999 -9999 -9999 -9999 -9999 -9999 -9999 -9999 -9999 -9999 -9999 -9999 -9999 -9999 -9999 -9999 -9999 -9999 -9999 0.08 0.082 0.094 0.097 0.097 0.102 0.104 0.097 0.095 0.1 0.106 0.109 0.118 0.131 0.133 0.134 0.135 0.132 0.138 0.143 0.134 0.133 0.137 0.138 0.142 0.138 0.146 0.15 0.159 0.167 0.167 0.176 0.182 0.188 0.196 0.196 0.185 0.185 0.195 0.197 0.192 0.194 0.202
-9999 -9999 -9999 -9999 -9999 -9999 -9999 -9999 -9999 -9999 -9999 -9999 -9999 -9999 -9999 -9999 -9999 -9999 -9999 -9999 -9999 -9999 -9999 -9999 -9999 -9999 -9999 -9999 -9999 -9999 -9999 -9999 -9999 -9999 0.085 0.087 0.09 0.092 0.097 0.101 0.096 0.088 0.093 0.097 0.101 0.103 0.115 0.127 0.13 0.131 0.131 0.131 0.137 0.143 0.135 0.123 0.125 0.128 0.131 0.134 0.143 0.151 0.162 0.173 0.174 0.173 0.179 0.184 0.192 0.199 0.189 0.174 0.184 0.195 0.192 0.186 0.194
-9999 -9999 -9999 -9999 -9999 -9999 -9999 -9999 -9999 -9999 -9999 -9999 -9999 -9999 -9999 -9999 -9999 -9999 -9999 -9999 -9999 0.041 0.042 0.037 0.041 -9999 0.055 -9999 -9999 -9999 -9999 -9999 -9999 -9999 -9999 0.084 0.089 0.1 0.104 0.107 0.1 0.086 0.092 0.101 0.102 0.097 0.11 0.129 0.132 0.133 0.134 0.134 0.138 0.143 0.15 0.147 0.146 0.147 0.14 0.137 0.143 0.151 0.152 0.157 0.164 0.166 0.175 0.182 0.181 0.183 0.188 0.182 0.201 0.217 0.213 0.208 0.212
-9999 -9999 -9999 -9999 -9999 -9999 -9999 -9999 -9999 -9999 -9999 -9999 -9999 -9999 -9999 -9999 -9999 -9999 0.025 0.033 0.038 0.043 0.044 0.043 0.045 0.047 0.058 0.07 0.074 -9999 -9999 0.059 0.073 0.086 0.085 0.08 0.09 0.101 0.104 0.106 0.095 0.082 0.09 0.099 0.096 0.091 0.107 0.126 0.128 0.129 0.131 0.13 0.135 0.138 0.144 0.151 0.151 0.149 0.143 0.133 0.139 0.145 0.146 0.145 0.152 0.158 0.167 0.175 0.175 0.172 0.176 0.179 0.198 0.219 0.216 0.21 0.215
-9999 -9999 -9999 -9999 -9999 -9999 -9999 -9999 -9999 -9999 -9999 -9999 -9999 -9999 -9999 -9999 -9999 0.016 0.024 0.048 0.052 0.046 0.047 0.041 0.047 0.056 0.066 0.071 0.077 0.08 0.072 0.061 0.076 0.094 0.091 0.085 0.092 0.095 0.099 0.104 0.099 0.101 0.105 0.099 0.097 0.094 0.108 0.121 0.127 0.138 0.126 0.118 0.133 0.143 0.142 0.144 0.131 0.121 0.131 0.13 0.133 0.136 0.144 0.148 0.151 0.156 0.161 0.167 0.177 0.18 0.183 0.186 0.189 0.202 0.206 0.204 0.201
-9999 -9999 -9999 -9999 -9999 -9999 -9999 -9999 -9999 -9999 -9999 -9999 -9999 -9999 -9999 -9999 -9999 0.015 0.037 0.052 0.05 0.046 0.044 0.039 0.05 0.06 0.066 0.072 0.076 0.08 0.072 0.061 0.076 0.094 0.09 0.084 0.087 0.09 0.095 0.1 0.102 0.105 0.101 0.095 0.094 0.092 0.103 0.115 0.125 0.136 0.125 0.109 0.123 0.139 0.139 0.136 0.124 0.106 0.115 0.125 0.127 0.128 0.135 0.143 0.147 0.149 0.154 0.158 0.167 0.177 0.18 0.182 0.186 0.189 0.193 0.195 0.192
-9999 -9999 -9999 -9999 -9999 -9999 -9999 -9999 -9999 -9999 -9999 -9999 -9999 -9999 -9999 -9999 -9999 0.015 0.034 0.047 0.048 0.051 0.053 0.059 0.07 0.08 0.085 0.08 0.085 0.089 0.082 0.074 0.084 0.087 0.085 0.084 0.09 0.099 0.103 0.101 0.101 0.095 0.092 0.091 0.092 0.097 0.104 0.101 0.112 0.125 0.129 0.123 0.123 0.13 0.136 0.137 0.137 0.127 0.13 0.137 0.136 0.136 0.135 0.137 0.148 0.154 0.154 0.155 0.166 0.177 0.184 0.189 0.188 0.188 0.193 0.196 0.197
-9999 -9999 -9999 -9999 -9999 -9999 -9999 -9999 -9999 -9999 -9999 -9999 -9999 -0.029 -0.017 -9999 0.006 0.017 0.027 0.041 0.046 0.051 0.058 0.065 0.076 0.087 0.086 0.082 0.086 0.089 0.084 0.077 0.079 0.081 0.081 0.081 0.09 0.1 0.099 0.098 0.093 0.087 0.086 0.085 0.09 0.095 0.094 0.092 0.103 0.116 0.12 0.123 0.123 0.122 0.127 0.131 0.131 0.13 0.133 0.136 0.136 0.134 0.133 0.13 0.14 0.15 0.151 0.148 0.159 0.171 0.178 0.185 0.185 0.182 0.186 0.189 0.192
-9999 -9999 -9999 -9999 -9999 -9999 -9999 -9999 -9999 -9999 -9999 -9999 -9999 -0.02 -0.007 0.002 0.015 0.03 0.037 0.032 0.038 0.044 0.053 0.065 0.072 0.071 0.074 0.082 0.083 0.081 0.078 0.081 0.083 0.086 0.088 0.095 0.103 0.106 0.105 0.099 0.095 0.088 0.087 0.085 0.088 0.085 0.087 0.095 0.107 0.119 0.123 0.127 0.124 0.12 0.121 0.123 0.129 0.131 0.132 0.133 0.133 0.131 0.139 0.142 0.143 0.148 0.151 0.151 0.165 0.178 0.186 0.194 0.185 0.177 0.184 0.189 0.188
-9999 -9999 -9999 -9999 -9999 -9999 -9999 -9999 -9999 -9999 -9999 -9999 -0.038 -0.02 -0.009 0.001 0.017 0.034 0.031 0.026 0.032 0.038 0.05 0.062 0.062 0.061 0.07 0.078 0.077 0.074 0.077 0.079 0.082 0.084 0.091 0.098 0.101 0.104 0.101 0.096 0.091 0.085 0.083 0.081 0.08 0.077 0.085 0.093 0.103 0.115 0.119 0.124 0.121 0.115 0.115 0.114 0.119 0.126 0.127 0.127 0.127 0.125 0.133 0.141 0.143 0.141 0.145 0.147 0.16 0.175 0.183 0.191 0.182 0.169 0.176 0.183 0.182
-9999 -9999 -9999 -9999 -9999 -9999 -9999 -9999 -9999 -9999 -9999 -9999 -9999 -0.015 -0.002 0.014 0.023 0.016 0.017 0.025 0.03 0.033 0.044 0.052 0.058 0.073 0.083 0.087 0.084 0.071 0.071 0.068 0.072 0.082 0.089 0.097 0.099 0.097 0.097 0.103 0.097 0.085 0.084 0.086 0.088 0.093 0.105 0.122 0.135 0.148 0.145 0.146 0.145 0.142 0.134 0.13 0.118 -9999 0.119 0.12 0.131 0.135 0.138 0.143 0.143 0.141 0.139 0.138 0.149 0.161 0.174 0.181 0.175 0.161 0.162 0.166 0.171
-9999 -9999 -9999 -9999 -9999 -9999 -9999 -9999 -9999 -9999 -9999 -9999 -0.03 -0.017 -0.001 0.016 0.012 0.006 0.014 0.021 0.025 0.028 0.036 0.044 0.059 0.074 0.082 0.087 0.079 0.067 0.064 0.061 0.069 0.078 0.086 0.094 0.092 0.09 0.096 0.102 0.093 0.081 0.082 0.084 0.089 0.095 0.111 0.129 0.141 0.154 0.152 0.148 0.148 0.146 0.14 0.13 0.12 0.107 -9999 0.113 -9999 0.134 -9999 0.139 -9999 0.136 0.134 0.13 0.14 0.151 0.163 0.167 -9999 -9999 -9999 0.154 0.159
-9999 -9999 -9999 -9999 -9999 -9999 -9999 -9999 -9999 -9999 -9999 -9999 -0.034 -0.011 -0.005 -0.021 -0.017 0.002 0.009 0.015 0.021 0.028 0.036 0.043 0.057 0.07 0.074 0.067 0.067 0.078 0.08 0.085 0.087 0.073 0.078 0.081 0.082 0.087 0.093 0.098 0.094 0.097 0.097 0.089 0.091 0.089 0.108 0.131 0.14 0.142 0.147 0.147 0.142 0.137 0.134 0.123 0.126 0.122 -9999 -9999 0.117 0.123 -9999 -9999 0.129 0.124 0.136 -9999 -9999 -9999 -9999 -9999 -9999 -9999 -9999 -9999 -9999
-9999 -9999 -9999 -9999 -9999 -9999 -9999 -9999 -9999 -9999 -9999 -0.052 -0.033 -0.014 -0.024 -0.04 -0.023 -0.004 0.003 0.009 0.017 0.025 0.032 0.04 0.052 0.064 0.061 0.055 0.067 0.08 0.086 0.091 0.081 0.068 0.07 0.073 0.078 0.083 0.087 0.092 0.096 0.099 0.094 0.087 0.085 0.082 0.103 0.126 0.129 0.131 0.136 0.14 0.136 0.127 0.124 -9999 -9999 -9999 0.12 -9999 -9999 -9999 -9999 -9999 -9999 0.127 -9999 -9999 -9999 -9999 -9999 -9999 -9999 -9999 -9999 -9999 -9999
-9999 -9999 -9999 -9999 -9999 -9999 -9999 -9999 -9999 -9999 -0.083 -0.073 -0.048 -0.011 -0.018 -0.029 -0.016 -0.013 -0.011 -0.017 -0.006 0.017 0.026 0.039 0.049 0.059 0.063 0.077 0.085 0.082 0.094 0.112 0.101 -9999 -9999 -9999 -9999 -9999 0.076 0.081 0.084 0.093 0.09 0.086 0.089 0.101 0.109 0.096 -9999 0.106 -9999 -9999 -9999 -9999 -9999 0.102 0.101 0.099 0.109 0.108 0.107 -9999 -9999 -9999 -9999 -9999 -9999 -9999 -9999 -9999 -9999 -9999 -9999 -9999 -9999 -9999 -9999
-9999 -9999 -9999 -9999 -9999 -9999 -9999 -9999 -9999 -0.121 -0.107 -0.088 -0.054 -0.016 -0.021 -0.03 -0.025 -0.021 -0.025 -0.031 -0.012 0.01 0.022 0.034 0.044 0.053 0.068 0.082 0.082 0.08 -9999 -9999 -9999 -9999 -9999 -9999 -9999 -9999 -9999 -9999 0.079 0.087 0.084 0.081 0.091 0.103 0.091 0.077 0.08 -9999 -9999 -9999 -9999 -9999 -9999 -9999 0.084 0.087 0.095 0.101 -9999 -9999 -9999 -9999 -9999 -9999 -9999 -9999 -9999 -9999 -9999 -9999 -9999 -9999 -9999 -9999 -9999
-9999 -9999 -9999 -9999 -9999 -9999 -9999 -0.13 -0.133 -0.111 -0.097 -0.084 -0.059 -0.053 -0.051 -0.039 -0.034 -0.035 -0.033 -0.023 -0.007 0.005 0.021 0.045 0.053 0.055 0.067 0.071 -9999 -9999 -9999 -9999 -9999 -9999 -9999 -9999 -9999 -9999 -9999 -9999 -9999 0.062 -9999 -9999 -9999 -9999 -9999 0.083 0.074 -9999 -9999 -9999 -9999 -9999 -9999 -9999 -9999 -9999 0.081 0.085 -9999 -9999 -9999 -9999 -9999 -9999 -9999 -9999 -9999 -9999 -9999 -9999 -9999 -9999 -9999 -9999 -9999
-9999 -9999 -9999 -9999 -9999 -9999 -0.131 -9999 -0.121 -0.109 -0.101 -0.09 -0.081 -0.075 -0.061 -0.048 -0.045 -0.045 -0.034 -0.024 -0.013 -0.001 0.021 0.045 0.049 0.052 0.059 0.061 -9999 -9999 -9999 -9999 -9999 -9999 -9999 -9999 -9999 -9999 -9999 -9999 -9999 -9999 0.06 -9999 -9999 -9999 -9999 -9999 -9999 -9999 -9999 -9999 -9999 -9999 -9999 -9999 -9999 -9999 -9999 -9999 -9999 -9999 -9999 -9999 -9999 -9999 -9999 -9999 -9999 -9999 -9999 -9999 -9999 -9999 -9999 -9999 -9999
-9999 -9999 -9999 -9999 -9999 -0.135 -0.135 -0.124 -0.116 -0.111 -0.106 -0.099 -0.088 -0.07 -0.06 -0.061 -0.056 -9999 -0.041 -0.031 -0.018 -0.002 0.019 0.04 0.046 0.052 0.056 -9999 -9999 -9999 -9999 -9999 -9999 -9999 -9999 -9999 -9999 -9999 -9999 -9999 -9999 -9999 -9999 -9999 -9999 -9999 -9999 -9999 -9999 -9999 -9999 -9999 -9999 -9999 -9999 -9999 -9999 -9999 -9999 -9999 -9999 -9999 -9999 -9999 -9999 -9999 -9999 -9999 -9999 -9999 -9999 -9999 -9999 -9999 -9999 -9999 -9999
-9999 -9999 -9999 -9999 -9999 -0.138 -0.131 -0.123 -0.119 -0.114 -0.111 -0.106 -0.094 -0.078 -0.074 -0.073 -0.066 -0.061 -0.05 -0.039 -0.024 -0.007 0.012 0.033 0.041 0.047 0.048 -9999 -9999 -9999 -9999 -9999 -9999 -9999 -9999 -9999 -9999 -9999 -9999 -9999 -9999 -9999 -9999 -9999 -9999 -9999 -9999 -9999 -9999 -9999 -9999 -9999 -9999 -9999 -9999 -9999 -9999 -9999 -9999 -9999 -9999 -9999 -9999 -9999 -9999 -9999 -9999 -9999 -9999 -9999 -9999 -9999 -9999 -9999 -9999 -9999 -9999
-9999 -9999 -9999 -9999 -0.142 -0.125 -0.118 -0.114 -0.111 -0.114 -0.113 -0.113 -0.108 -0.107 -0.103 -0.091 -0.088 -0.094 -0.077 -0.045 -0.031 -0.019 -0.003 0.009 0.019 0.035 -9999 -9999 -9999 -9999 -9999 -9999 -9999 -9999 -9999 -9999 -9999 -9999 -9999 -9999 -9999 -9999 -9999 -9999 -9999 -9999 -9999 -9999 -9999 -9999 -9999 -9999 -9999 -9999 -9999 -9999 -9999 -9999 -9999 -9999 -9999 -9999 -9999 -9999 -9999 -9999 -9999 -9999 -9999 -9999 -9999 -9999 -9999 -9999 -9999 -9999 -9999
