Validation/Results/ReClimate_10_2023_2_Precipitation-Actualsweatherlogisticsltd.asc
NCOLS 192
NROWS 249
XLLCENTER -225160.85627316462
YLLCENTER 29788.11610251502
CELLSIZE 5000.0
NODATA_VALUE -9999
[rows 132 to 164 of 249, columns 74 to 147 of 192]
-9999 -9999 -9999 -9999 -9999 -9999 -9999 -9999 -9999 -9999 -9999 -9999 -9999 192.12 209.248 239.755 258.668 272.564 280.65 323.034 356.867 389.801 381.042 295.168 253.091 254.87 266.559 246.585 227.982 222.218 207.34 194.339 186.001 171.92 186.846 208.448 224.863 225.132 213.32 226.227 224.497 211.764 228.347 223.673 214.174 199.398 182.509 169.371 146.636 128.797 120.235 108.883 103.333 95.462 95.007 88.42 80.737 76.423 -9999 -9999 -9999 -9999 -9999 -9999 -9999 -9999 -9999 -9999 -9999 -9999 -9999 -9999 -9999 -9999
143.85 -9999 -9999 -9999 -9999 -9999 -9999 -9999 -9999 -9999 -9999 -9999 -9999 197.411 250.541 244.072 250.428 251.305 250.164 298.635 395.632 414.125 359.916 312.09 264.521 263.556 257.259 250.832 258.997 212.151 194.478 189.816 174.369 175.945 180.063 202.965 203.297 195.191 189.576 193.778 188.711 197.213 203.254 206.298 200.421 187.175 180.207 156.818 136.407 125.316 107.206 103.561 100.9 89.374 83.812 85.956 82.606 76.749 -9999 -9999 -9999 -9999 -9999 -9999 -9999 -9999 -9999 -9999 -9999 -9999 -9999 -9999 -9999 -9999
169.672 -9999 -9999 -9999 -9999 -9999 -9999 -9999 -9999 -9999 -9999 -9999 189.077 231.963 235.304 243.45 250.586 244.47 231.079 284.082 349.666 351.508 365.499 320.872 281.88 250.334 241.878 255.581 227.258 207.146 189.103 174.599 177.946 164.408 169.967 178.172 177.196 168.658 164.381 161.675 169.763 166.903 181.154 189.898 179.521 167.631 162.66 151.461 132.98 116.294 98.863 95.744 92.636 87.913 81.12 79.911 80.01 78.765 71.199 -9999 -9999 -9999 -9999 -9999 -9999 -9999 -9999 -9999 -9999 -9999 -9999 -9999 -9999 -9999
146.485 -9999 -9999 -9999 -9999 -9999 -9999 -9999 -9999 -9999 -9999 173.071 -9999 204.653 228.949 235.041 238.25 223.579 202.469 240.014 262.619 324.192 366.609 321.665 265.884 229.769 220.342 213.682 213.283 205.145 199.465 186.235 179.658 154.581 149.424 153.799 150.985 143.103 135.411 138.458 140.199 148.494 152.245 150.547 151.786 151.421 143.758 130.637 116.337 93.746 101.316 101.931 89.199 85.323 79.901 78.249 77.405 76.61 72.082 -9999 -9999 -9999 -9999 -9999 -9999 -9999 -9999 -9999 -9999 -9999 -9999 -9999 -9999 -9999
154.208 157.838 -9999 -9999 -9999 -9999 -9999 -9999 -9999 -9999 -9999 167.097 -9999 186.318 198.223 200.618 205.431 199.836 191.512 199.136 225.305 294.193 314.929 290.973 252.539 221.324 206.219 204.269 209.784 223.979 230.925 -9999 -9999 -9999 -9999 -9999 -9999 129.492 124.058 126.359 129.434 130.84 128.958 144.834 158.943 143.723 130.125 128.676 108.263 106.089 105.741 89.43 87.584 81.447 82.851 72.777 67.755 69.506 72.785 69.299 -9999 -9999 -9999 -9999 -9999 -9999 -9999 -9999 -9999 -9999 -9999 -9999 -9999 -9999
159.069 154.263 134.14 -9999 -9999 -9999 -9999 -9999 -9999 -9999 -9999 163.696 162.773 160.553 164.697 178.975 188.553 188.688 185.339 186.987 215.59 257.011 289.39 268.168 250.133 221.497 208.66 215.308 197.132 206.401 197.84 -9999 -9999 -9999 -9999 135.142 133.299 126.013 122.635 119.785 124.394 127.288 141.059 170.819 182.283 157.467 153.67 125.45 108.366 117.731 102.133 92.66 91.894 86.425 80.575 90.147 80.687 71.786 72.852 65.103 -9999 -9999 -9999 -9999 -9999 -9999 -9999 -9999 -9999 -9999 -9999 -9999 -9999 -9999
151.879 136.141 131.415 120.396 -9999 -9999 -9999 -9999 -9999 -9999 -9999 154.167 144.309 144.526 -9999 -9999 181.497 185.254 180.597 186.705 -9999 208.818 227.644 230.27 227.464 199.625 207.905 204.248 187.251 -9999 -9999 -9999 -9999 -9999 133.195 132.033 131.087 125.105 122.809 120.313 122.283 133.578 158.089 199.12 217.701 196.764 186.547 149.58 142.608 121.761 112.542 113.351 94.982 99.017 90.362 85.617 84.422 77.372 73.373 67.569 -9999 -9999 -9999 -9999 -9999 -9999 -9999 -9999 -9999 -9999 -9999 -9999 -9999 -9999
140.43 148.215 139.172 121.937 -9999 -9999 -9999 -9999 -9999 -9999 -9999 -9999 140.573 133.143 -9999 -9999 -9999 167.72 168.196 178.12 172.191 -9999 -9999 187.889 176.567 171.613 207.286 204.07 -9999 -9999 -9999 -9999 -9999 151.779 135.292 129.468 137.582 133.589 128.542 127.154 132.928 145.925 162.479 199.089 210.965 230.871 201.517 196.461 181.666 163.03 140.316 130.228 116.015 97.909 102.209 94.914 82.523 79.92 78.372 73.594 -9999 -9999 -9999 -9999 -9999 -9999 -9999 -9999 -9999 -9999 -9999 -9999 -9999 -9999
126.694 125.537 120.874 -9999 -9999 -9999 -9999 -9999 -9999 -9999 -9999 -9999 -9999 129.257 -9999 -9999 -9999 -9999 154.309 172.406 169.534 -9999 -9999 -9999 175.798 178.519 -9999 -9999 -9999 -9999 -9999 -9999 -9999 149.735 143.695 158.96 160.302 165.26 158.497 149.24 137.409 142.15 160.705 165.799 192.923 206.069 222.483 230.776 216.121 191.157 155.052 145.517 133.065 107.62 91.468 91.122 81.847 76.881 80.402 73.883 -9999 -9999 -9999 -9999 -9999 -9999 -9999 -9999 -9999 -9999 -9999 -9999 -9999 -9999
124.614 117.035 -9999 -9999 -9999 -9999 -9999 -9999 -9999 -9999 -9999 -9999 -9999 138.655 -9999 -9999 -9999 -9999 -9999 169.368 170.118 -9999 -9999 -9999 -9999 -9999 -9999 -9999 -9999 -9999 -9999 -9999 -9999 149.937 175.756 183.358 205.446 212.797 206.533 170.356 128.631 148.81 142.978 170.085 210.911 252.926 271.036 259.136 233.02 184.394 160.451 141.089 120.578 111.812 101.704 89.97 79.349 77.305 81.723 81.847 69.743 -9999 -9999 -9999 -9999 -9999 -9999 -9999 -9999 -9999 -9999 -9999 -9999 -9999
115.864 -9999 114.074 108.124 104.875 96.97 -9999 -9999 -9999 -9999 -9999 -9999 -9999 137.375 -9999 -9999 -9999 -9999 -9999 -9999 -9999 -9999 -9999 -9999 -9999 -9999 -9999 -9999 -9999 -9999 -9999 -9999 160.942 160.907 187.587 198.775 213.37 265.251 274.849 226.096 195.444 156.484 156.296 143.49 186.334 248.317 275.811 273.968 231.763 231.366 211.172 164.802 134.787 103.622 98.323 91.461 84.724 82.092 81.488 83.458 77.988 69.992 -9999 -9999 -9999 -9999 -9999 -9999 -9999 -9999 -9999 -9999 -9999 -9999
110.485 110.632 111.126 105.574 98.686 95.239 -9999 -9999 -9999 -9999 -9999 -9999 -9999 -9999 -9999 -9999 -9999 -9999 -9999 -9999 -9999 -9999 -9999 -9999 -9999 -9999 -9999 -9999 -9999 -9999 -9999 184.546 171.017 189.752 215.029 244.28 287.833 363.926 334.754 270.401 198.723 182.973 141.0 136.129 165.42 228.983 291.036 257.058 238.597 220.889 196.697 165.924 132.025 110.406 94.11 87.288 78.42 76.179 75.799 78.345 73.267 66.424 -9999 -9999 -9999 -9999 -9999 -9999 -9999 -9999 -9999 -9999 -9999 -9999
104.905 108.308 106.237 102.062 -9999 91.734 90.76 -9999 -9999 -9999 -9999 -9999 -9999 -9999 -9999 -9999 -9999 -9999 -9999 -9999 -9999 -9999 -9999 -9999 -9999 -9999 -9999 -9999 -9999 -9999 -9999 189.553 188.437 216.433 283.433 328.762 345.997 327.91 343.26 301.751 262.206 217.327 179.252 156.742 163.103 203.239 229.28 255.661 226.548 207.234 172.844 147.402 116.075 101.163 88.924 85.941 77.339 74.223 71.36 72.601 70.271 63.949 62.151 64.796 -9999 -9999 -9999 -9999 -9999 -9999 -9999 -9999 -9999 -9999
107.442 108.168 103.363 96.961 -9999 -9999 92.217 -9999 -9999 -9999 -9999 -9999 -9999 -9999 -9999 -9999 -9999 -9999 -9999 -9999 -9999 -9999 -9999 -9999 -9999 -9999 -9999 -9999 -9999 -9999 -9999 198.925 204.927 244.283 304.303 375.188 389.794 433.366 422.811 368.446 327.231 293.938 237.815 200.016 175.811 147.826 176.918 189.671 172.119 179.175 163.051 132.91 112.003 93.314 82.303 75.248 77.71 69.484 69.09 69.986 69.433 67.85 77.766 76.436 76.978 75.438 86.437 -9999 -9999 -9999 -9999 -9999 -9999 -9999
105.939 106.363 104.596 94.992 87.772 -9999 90.385 -9999 -9999 -9999 -9999 -9999 -9999 -9999 -9999 -9999 -9999 -9999 -9999 -9999 -9999 -9999 -9999 -9999 -9999 -9999 -9999 -9999 -9999 -9999 170.773 213.558 243.03 307.91 429.475 510.125 552.496 475.331 450.727 441.578 431.102 372.692 322.842 267.927 196.436 161.332 176.029 152.059 159.708 175.71 160.621 131.655 114.16 98.92 87.895 79.511 74.76 69.354 65.646 64.402 67.92 72.944 81.104 99.372 94.64 95.718 93.184 90.335 92.019 -9999 -9999 -9999 -9999 -9999
117.329 110.892 104.03 94.057 -9999 90.052 -9999 -9999 -9999 -9999 -9999 -9999 -9999 -9999 -9999 -9999 -9999 -9999 -9999 -9999 -9999 -9999 -9999 -9999 -9999 -9999 -9999 -9999 -9999 -9999 -9999 175.311 224.528 307.785 408.297 497.928 574.022 599.955 476.138 450.296 413.207 415.808 367.427 285.066 228.621 207.466 192.98 187.103 220.281 199.911 184.436 175.174 150.488 115.958 98.409 87.851 74.599 70.375 68.271 68.99 68.329 75.65 81.495 96.891 97.921 99.073 101.859 99.598 97.087 92.379 -9999 -9999 -9999 -9999
119.293 111.26 100.476 96.46 95.104 96.746 -9999 -9999 -9999 -9999 -9999 -9999 -9999 -9999 -9999 -9999 -9999 -9999 -9999 -9999 -9999 -9999 -9999 -9999 -9999 -9999 -9999 -9999 -9999 -9999 -9999 -9999 183.747 245.039 317.918 413.332 503.652 511.756 419.37 359.521 360.712 364.317 315.704 285.498 269.525 247.737 232.255 259.111 245.196 234.287 230.726 197.399 161.894 136.793 107.95 91.649 78.525 71.013 71.264 72.547 74.223 92.697 101.329 119.19 134.815 123.286 124.963 104.818 101.859 96.48 90.281 -9999 -9999 -9999
125.8 112.108 102.469 96.278 95.665 -9999 -9999 -9999 -9999 -9999 -9999 -9999 -9999 -9999 -9999 -9999 -9999 -9999 -9999 -9999 -9999 -9999 -9999 -9999 -9999 -9999 -9999 -9999 -9999 -9999 -9999 -9999 169.394 220.873 298.776 357.629 434.722 435.978 349.511 311.809 296.25 274.596 261.392 245.375 260.424 292.697 279.789 285.631 281.143 248.702 202.773 178.142 153.503 135.997 115.08 86.335 75.168 72.824 72.405 77.622 83.477 97.789 116.554 119.633 125.66 124.983 130.831 125.627 108.441 105.316 96.812 86.639 -9999 -9999
134.211 123.979 108.962 96.764 91.627 -9999 -9999 -9999 -9999 -9999 -9999 -9999 -9999 -9999 -9999 -9999 -9999 -9999 -9999 -9999 -9999 -9999 -9999 -9999 -9999 -9999 -9999 -9999 -9999 -9999 -9999 -9999 -9999 200.944 281.298 334.191 360.248 322.013 304.466 267.651 247.003 236.949 211.298 214.863 246.994 258.419 301.054 288.536 275.269 239.032 214.358 186.883 169.832 133.366 109.83 84.555 75.562 72.713 71.973 81.637 91.997 97.392 111.816 123.085 126.03 121.933 122.106 119.953 116.565 107.012 105.571 93.179 -9999 -9999
158.337 -9999 -9999 -9999 -9999 -9999 -9999 -9999 -9999 -9999 -9999 -9999 -9999 -9999 -9999 -9999 -9999 -9999 -9999 -9999 -9999 -9999 -9999 -9999 -9999 -9999 -9999 -9999 -9999 -9999 -9999 -9999 -9999 187.039 246.929 261.865 253.659 266.159 238.13 243.064 227.386 201.772 199.928 207.899 234.366 315.997 296.055 290.919 258.922 248.5 209.46 181.617 156.641 138.485 110.49 90.582 77.834 71.53 70.68 74.564 88.948 100.831 104.894 107.683 108.689 103.127 109.287 111.019 113.467 105.18 94.732 93.15 82.077 -9999
179.34 -9999 -9999 -9999 -9999 -9999 -9999 -9999 -9999 -9999 -9999 -9999 -9999 -9999 -9999 -9999 -9999 -9999 -9999 -9999 -9999 -9999 -9999 -9999 -9999 -9999 -9999 -9999 -9999 -9999 -9999 -9999 -9999 -9999 209.63 205.697 218.066 229.273 219.627 202.149 181.265 177.483 177.902 195.446 236.741 273.85 303.317 293.097 288.308 261.197 243.259 220.36 178.805 160.552 133.819 104.054 85.18 72.111 65.438 67.086 73.438 91.099 98.693 91.993 84.443 82.197 79.446 85.437 88.143 97.446 87.185 82.459 79.046 -9999
140.974 -9999 -9999 -9999 -9999 -9999 -9999 -9999 -9999 -9999 -9999 -9999 -9999 -9999 -9999 -9999 -9999 -9999 -9999 -9999 -9999 -9999 -9999 -9999 -9999 -9999 -9999 -9999 -9999 -9999 -9999 -9999 -9999 -9999 181.061 -9999 183.525 182.037 175.234 165.631 -9999 158.835 173.973 188.069 208.284 260.973 282.115 283.405 275.817 258.342 249.624 257.632 215.679 176.713 150.32 124.469 93.207 75.365 64.977 60.87 68.204 77.441 82.096 77.08 76.419 73.115 71.313 71.215 75.619 81.888 85.157 78.374 83.203 80.906
-9999 -9999 -9999 -9999 -9999 -9999 -9999 -9999 -9999 -9999 -9999 -9999 -9999 -9999 -9999 -9999 -9999 -9999 -9999 -9999 -9999 -9999 -9999 -9999 -9999 -9999 -9999 -9999 -9999 -9999 -9999 -9999 -9999 -9999 -9999 163.237 161.693 -9999 -9999 -9999 -9999 150.761 160.845 162.84 186.692 204.896 227.854 242.879 244.295 248.627 236.881 230.926 237.9 198.284 158.154 128.619 104.152 84.438 72.467 64.446 65.009 73.571 78.537 79.783 75.862 77.785 72.736 69.746 73.563 82.978 87.076 80.633 77.392 85.125
-9999 -9999 -9999 -9999 -9999 -9999 -9999 -9999 -9999 -9999 -9999 -9999 -9999 -9999 -9999 -9999 -9999 -9999 -9999 -9999 -9999 -9999 -9999 -9999 -9999 -9999 -9999 -9999 -9999 -9999 -9999 -9999 -9999 -9999 -9999 149.558 148.655 -9999 -9999 -9999 -9999 143.527 159.967 153.255 168.707 180.718 201.962 186.081 195.809 228.155 219.333 203.274 213.891 196.427 169.273 133.574 108.355 85.014 74.149 67.723 63.378 64.391 69.888 74.425 76.288 75.052 74.97 74.146 75.546 85.55 94.355 94.631 89.005 82.988
-9999 -9999 -9999 -9999 -9999 -9999 -9999 -9999 -9999 -9999 -9999 -9999 -9999 -9999 -9999 -9999 -9999 -9999 -9999 -9999 -9999 -9999 -9999 -9999 -9999 -9999 -9999 -9999 -9999 -9999 -9999 -9999 -9999 -9999 -9999 142.195 -9999 -9999 -9999 -9999 138.36 149.714 162.022 193.341 208.475 230.263 209.727 170.621 200.159 212.183 185.098 180.136 173.067 169.907 153.629 131.515 105.791 88.252 74.748 70.542 67.271 63.937 64.596 69.051 72.466 74.396 79.583 88.545 88.823 90.037 92.453 90.113 87.427 82.814
-9999 -9999 -9999 -9999 -9999 -9999 -9999 -9999 -9999 -9999 -9999 -9999 -9999 -9999 -9999 -9999 -9999 -9999 -9999 -9999 -9999 -9999 -9999 -9999 -9999 -9999 -9999 -9999 -9999 -9999 -9999 -9999 -9999 -9999 -9999 -9999 -9999 -9999 -9999 -9999 138.428 159.054 178.64 230.316 264.973 270.47 226.165 199.879 173.528 165.952 154.339 156.132 161.819 154.839 145.042 129.961 107.777 89.726 76.867 69.691 67.231 64.196 64.585 65.512 68.781 74.759 79.767 93.968 101.325 89.325 86.459 79.458 76.268 76.35
-9999 -9999 -9999 -9999 -9999 -9999 -9999 -9999 -9999 -9999 -9999 -9999 -9999 -9999 -9999 -9999 -9999 -9999 -9999 -9999 -9999 -9999 -9999 -9999 -9999 -9999 -9999 -9999 -9999 -9999 -9999 -9999 -9999 -9999 -9999 -9999 -9999 -9999 -9999 -9999 137.047 143.299 186.436 233.67 274.359 254.571 219.354 174.125 163.686 152.019 140.704 142.968 133.435 139.907 128.391 120.137 105.555 89.118 76.361 67.517 65.358 64.494 66.048 65.214 64.499 70.19 77.1 85.012 92.727 87.57 80.008 73.559 71.147 75.516
-9999 -9999 -9999 -9999 -9999 -9999 -9999 -9999 -9999 -9999 -9999 -9999 -9999 -9999 -9999 -9999 -9999 -9999 -9999 -9999 -9999 -9999 -9999 -9999 -9999 -9999 -9999 -9999 -9999 -9999 -9999 -9999 -9999 -9999 -9999 -9999 -9999 -9999 -9999 124.057 128.545 143.143 179.845 235.454 258.591 226.825 203.211 167.647 167.728 150.186 143.191 137.819 133.504 124.911 114.986 100.94 94.075 78.794 73.091 66.976 64.874 65.289 64.469 62.797 62.08 64.497 70.841 76.808 82.971 81.524 77.63 72.795 69.592 72.768
-9999 -9999 -9999 -9999 -9999 -9999 -9999 -9999 -9999 -9999 -9999 -9999 -9999 -9999 -9999 -9999 -9999 -9999 -9999 -9999 -9999 -9999 -9999 -9999 -9999 -9999 -9999 -9999 -9999 -9999 -9999 -9999 -9999 -9999 -9999 -9999 -9999 -9999 -9999 123.12 123.971 140.62 167.918 200.896 185.668 188.497 164.961 173.049 183.751 159.501 148.899 142.431 129.642 122.024 107.077 98.255 97.723 88.281 74.122 70.371 66.586 63.973 62.715 60.64 59.493 60.075 63.431 69.534 75.187 79.621 76.473 71.72 69.492 70.028
-9999 -9999 -9999 -9999 -9999 -9999 -9999 -9999 -9999 -9999 -9999 -9999 -9999 -9999 -9999 -9999 -9999 -9999 -9999 -9999 -9999 -9999 -9999 -9999 -9999 -9999 -9999 -9999 -9999 -9999 -9999 -9999 -9999 -9999 -9999 -9999 -9999 -9999 118.474 117.801 125.936 139.175 153.249 157.351 160.913 160.668 157.218 165.717 164.689 152.144 146.86 158.669 141.753 113.466 108.682 92.543 89.759 86.574 82.001 71.577 68.25 65.125 61.968 61.43 59.927 58.541 59.461 65.338 71.822 75.886 76.858 65.603 65.201 67.179
-9999 -9999 -9999 -9999 -9999 -9999 -9999 -9999 -9999 -9999 -9999 -9999 -9999 -9999 -9999 -9999 -9999 -9999 -9999 -9999 -9999 -9999 -9999 -9999 -9999 -9999 -9999 -9999 -9999 -9999 -9999 -9999 -9999 -9999 -9999 -9999 -9999 -9999 112.152 116.538 124.143 131.415 137.055 139.234 142.78 152.811 154.091 150.119 158.804 157.054 189.255 180.667 157.705 128.835 107.308 101.348 85.857 77.396 77.05 74.812 67.319 64.03 61.897 59.751 59.255 58.045 58.009 60.435 66.641 73.004 76.891 73.915 65.507 67.009
-9999 -9999 -9999 -9999 -9999 -9999 -9999 -9999 -9999 -9999 -9999 -9999 -9999 -9999 -9999 -9999 -9999 -9999 -9999 -9999 -9999 -9999 -9999 -9999 -9999 -9999 -9999 -9999 -9999 -9999 -9999 -9999 -9999 -9999 -9999 -9999 -9999 -9999 110.82 111.691 115.355 119.641 129.112 133.883 145.711 148.596 149.525 159.44 173.294 190.166 197.154 179.085 155.034 128.942 106.888 96.917 90.028 77.554 71.57 68.762 64.974 60.835 60.17 59.096 57.352 58.274 58.835 58.487 61.126 66.845 71.225 72.09 67.407 65.796
-9999 -9999 -9999 -9999 -9999 -9999 -9999 -9999 -9999 -9999 -9999 -9999 -9999 -9999 -9999 -9999 -9999 -9999 -9999 -9999 -9999 -9999 -9999 -9999 -9999 -9999 -9999 -9999 -9999 -9999 -9999 -9999 -9999 -9999 -9999 -9999 -9999 -9999 -9999 108.484 110.453 124.799 142.032 139.146 154.312 165.046 172.628 178.798 180.269 195.906 187.934 175.193 148.553 117.957 103.448 87.773 83.777 75.812 69.921 67.115 62.611 59.458 59.521 58.409 57.657 58.491 59.828 58.179 56.23 61.569 66.683 67.108 -9999 63.971
