Validation/Results/ReClimate_06_2024_1_Temperature-Actuals.asc
NCOLS 192
NROWS 249
XLLCENTER -225160.85627316462
YLLCENTER 29788.11610251502
CELLSIZE 5000.0
NODATA_VALUE -9999
[rows 204 to 237 of 249, columns 75 to 149 of 192]
-9999 -9999 -9999 -9999 16.614 -9999 16.783 16.872 16.866 16.565 16.517 16.404 16.564 16.698 16.731 16.853 16.607 17.105 16.942 17.072 17.253 17.424 17.325 17.437 17.008 16.55 15.31 14.713 16.276 16.038 16.145 15.705 16.409 17.488 16.761 15.354 17.043 17.42 17.336 17.397 18.095 18.644 18.532 18.246 18.389 18.82 19.019 19.146 19.149 19.054 18.258 17.715 17.64 18.01 18.253 18.419 18.296 17.938 18.03 18.228 18.41 18.479 18.486 18.419 18.272 18.31 18.434 18.452 18.559 18.622 18.611 18.784 18.713 18.698 18.839
-9999 -9999 -9999 -9999 -9999 -9999 -9999 -9999 16.645 16.946 16.856 16.799 16.953 17.058 17.153 17.119 17.491 17.357 17.324 17.409 17.309 17.396 17.087 17.114 16.537 15.742 14.868 15.181 15.096 15.494 14.792 15.038 16.85 16.857 16.636 17.658 17.013 17.319 17.879 18.191 18.569 18.291 18.032 17.664 18.211 18.838 19.035 19.182 19.285 18.659 17.83 17.654 17.691 18.128 18.208 18.381 18.258 18.332 18.361 18.567 18.743 18.784 18.664 18.512 18.453 18.488 18.641 18.73 18.643 18.52 18.405 18.51 18.737 18.653 18.805
-9999 -9999 -9999 -9999 -9999 -9999 -9999 -9999 16.908 17.013 17.054 17.107 16.805 16.69 16.64 17.092 17.394 17.386 17.507 17.148 17.025 17.274 17.428 17.539 16.975 16.755 16.596 16.327 16.037 15.848 15.23 15.681 15.561 16.349 16.984 16.622 16.363 17.948 18.221 18.433 18.052 18.049 17.498 17.796 18.254 18.868 18.995 18.877 18.1 17.68 17.753 17.938 17.855 18.036 18.211 18.321 18.499 18.393 18.673 18.875 19.071 19.078 18.801 18.542 18.434 18.543 18.767 18.818 18.663 18.261 18.329 18.401 18.437 18.643 18.779
-9999 -9999 -9999 -9999 -9999 -9999 16.917 16.957 16.984 17.167 -9999 17.223 17.119 16.946 17.168 17.259 17.428 -9999 17.487 17.252 17.451 17.139 17.772 16.952 17.052 16.909 16.701 16.655 17.02 16.624 16.266 16.195 16.255 16.586 16.956 15.932 17.005 18.108 18.08 18.415 18.28 17.744 17.83 18.101 18.548 18.785 18.756 18.109 18.058 17.755 17.885 17.843 18.084 18.203 18.288 18.482 18.686 18.74 18.853 18.881 19.178 19.147 18.967 18.738 18.681 18.682 18.747 18.674 18.377 18.24 18.198 18.476 18.524 18.617 18.783
-9999 -9999 -9999 -9999 -9999 -9999 16.952 -9999 -9999 -9999 17.433 17.346 17.202 -9999 -9999 -9999 -9999 -9999 17.521 17.505 17.304 18.188 17.902 17.699 17.569 17.306 17.44 17.411 15.736 15.872 16.987 17.053 17.052 16.969 16.478 16.561 17.827 17.959 18.367 18.405 17.732 17.941 18.072 18.603 18.69 18.786 18.478 18.124 18.172 17.92 18.105 18.23 18.255 18.384 18.561 18.679 18.823 18.852 18.917 18.927 19.025 19.158 18.835 18.764 18.7 18.685 18.512 18.466 18.36 18.192 18.32 18.637 18.735 18.841 18.849
-9999 -9999 -9999 -9999 -9999 -9999 -9999 -9999 17.051 17.145 17.115 17.316 17.077 -9999 -9999 -9999 -9999 -9999 -9999 -9999 -9999 18.568 18.425 18.321 18.348 17.915 17.534 15.847 15.343 15.613 16.189 16.791 17.015 17.103 17.231 17.252 17.639 18.346 18.461 17.573 17.794 17.932 18.817 18.822 18.786 18.811 18.142 18.101 17.99 18.083 18.291 18.439 18.482 18.543 18.596 18.695 18.644 18.711 18.86 19.051 19.073 19.054 18.818 18.66 18.431 18.33 18.546 18.37 18.34 18.446 18.612 18.798 19.078 19.114 19.082
-9999 -9999 -9999 -9999 -9999 -9999 -9999 -9999 -9999 17.029 -9999 -9999 -9999 -9999 -9999 -9999 -9999 -9999 -9999 17.503 17.985 18.14 18.102 18.486 18.518 18.199 17.429 16.56 15.687 15.748 16.522 17.555 17.41 17.069 17.375 17.736 18.522 18.869 18.583 18.193 18.233 18.668 -9999 18.827 18.773 18.482 17.698 17.631 17.919 18.164 18.414 18.477 18.571 18.541 18.56 18.545 18.641 18.656 18.812 18.957 19.013 18.818 18.666 18.453 18.128 18.128 18.272 18.705 18.615 18.631 18.864 18.94 19.081 19.235 19.242
-9999 -9999 -9999 -9999 -9999 -9999 -9999 -9999 -9999 -9999 -9999 -9999 -9999 -9999 -9999 -9999 -9999 -9999 -9999 17.44 17.729 18.035 18.044 -9999 -9999 -9999 18.079 17.034 17.223 17.071 17.661 17.733 17.247 17.535 18.357 18.674 18.781 18.969 18.792 18.794 18.789 -9999 18.849 18.614 18.678 18.075 17.571 17.873 18.074 18.342 18.42 18.405 18.526 18.591 18.575 18.556 18.403 18.389 18.503 18.543 18.699 18.751 18.469 18.101 18.143 18.184 18.459 18.823 18.987 18.869 19.076 19.339 19.427 19.548 19.589
-9999 -9999 -9999 -9999 -9999 -9999 -9999 -9999 -9999 -9999 -9999 -9999 -9999 -9999 -9999 -9999 -9999 -9999 -9999 -9999 -9999 -9999 -9999 -9999 -9999 -9999 18.667 18.165 17.553 17.733 18.134 18.232 18.165 18.55 18.841 18.876 18.803 18.758 18.794 -9999 -9999 19.021 18.886 18.815 18.659 18.065 17.821 18.023 18.192 18.457 18.627 18.438 18.501 18.583 18.35 18.109 18.026 17.954 17.827 18.036 18.166 18.377 18.449 18.279 18.249 18.52 18.512 18.807 19.167 19.164 19.263 19.439 19.686 19.797 19.832
-9999 -9999 -9999 -9999 -9999 -9999 -9999 -9999 -9999 -9999 -9999 -9999 -9999 -9999 -9999 -9999 -9999 -9999 -9999 -9999 -9999 -9999 -9999 -9999 -9999 -9999 18.457 18.213 17.987 18.047 18.159 18.361 18.688 18.884 18.932 18.926 -9999 -9999 -9999 -9999 -9999 19.065 18.919 18.956 18.693 18.147 17.923 18.074 18.154 18.475 18.68 18.478 18.181 18.267 17.999 17.804 17.731 17.867 17.871 17.807 18.059 18.133 18.54 18.773 18.681 18.947 18.935 18.998 19.222 19.341 19.583 19.849 19.835 19.783 19.887
-9999 -9999 -9999 -9999 -9999 -9999 -9999 -9999 -9999 -9999 -9999 -9999 -9999 -9999 -9999 -9999 -9999 -9999 -9999 -9999 -9999 -9999 -9999 -9999 -9999 -9999 -9999 -9999 18.078 17.818 18.09 18.413 18.486 18.678 18.823 -9999 -9999 -9999 -9999 18.492 18.424 18.444 18.957 18.991 18.703 18.015 17.943 17.96 18.079 18.377 18.525 18.187 17.772 17.62 17.768 17.727 17.856 17.882 18.176 18.187 18.195 18.429 18.573 18.953 19.201 19.156 19.121 19.086 19.113 19.117 19.433 19.825 19.944 19.882 19.809
-9999 -9999 -9999 -9999 -9999 -9999 -9999 -9999 -9999 -9999 -9999 -9999 -9999 -9999 -9999 -9999 -9999 -9999 -9999 -9999 -9999 -9999 -9999 -9999 -9999 -9999 -9999 -9999 -9999 18.13 18.208 18.269 18.322 18.576 -9999 -9999 -9999 -9999 18.6 18.589 18.344 18.361 18.575 18.784 18.692 18.369 18.424 18.1 18.165 18.292 18.097 17.97 17.817 17.5 17.632 17.854 18.091 18.236 18.362 18.505 18.471 18.467 18.666 18.935 19.049 19.036 18.852 18.937 19.035 19.018 19.144 19.534 19.776 19.848 19.87
-9999 -9999 -9999 -9999 -9999 -9999 -9999 -9999 -9999 -9999 -9999 -9999 -9999 -9999 -9999 -9999 -9999 -9999 -9999 -9999 -9999 -9999 -9999 -9999 -9999 -9999 -9999 -9999 -9999 -9999 -9999 -9999 -9999 -9999 -9999 -9999 -9999 18.739 18.823 18.826 18.459 18.272 18.632 18.657 18.421 18.547 18.447 18.516 18.724 18.446 18.177 18.043 18.019 17.956 17.769 17.883 18.057 17.941 18.166 18.293 18.398 18.433 18.478 18.743 18.867 18.779 18.682 18.646 18.886 19.031 19.097 19.233 19.453 19.505 19.549
-9999 -9999 -9999 -9999 -9999 -9999 -9999 -9999 -9999 -9999 -9999 -9999 -9999 -9999 -9999 -9999 -9999 -9999 -9999 -9999 -9999 -9999 -9999 -9999 -9999 -9999 -9999 -9999 -9999 -9999 -9999 -9999 -9999 -9999 -9999 -9999 19.145 19.02 18.673 18.235 17.248 17.958 18.534 18.403 18.363 18.394 18.53 18.966 18.901 18.657 18.381 18.232 18.388 18.172 17.933 17.651 17.805 17.931 17.622 17.939 18.163 18.38 18.544 18.698 18.821 18.801 18.792 18.883 18.815 18.897 19.036 19.092 19.127 19.113 18.848
-9999 -9999 -9999 -9999 -9999 -9999 -9999 -9999 -9999 -9999 -9999 -9999 -9999 -9999 -9999 -9999 -9999 -9999 -9999 -9999 -9999 -9999 -9999 -9999 -9999 -9999 -9999 -9999 -9999 -9999 -9999 -9999 -9999 -9999 -9999 -9999 19.102 18.848 18.706 17.967 17.601 17.495 17.847 18.139 18.287 18.212 18.703 18.836 18.691 18.181 17.92 17.928 18.205 18.314 18.128 18.027 17.817 17.905 18.002 17.964 18.155 18.295 18.504 18.732 18.853 18.881 18.845 18.906 18.902 18.814 18.886 18.855 18.565 18.554 18.467
-9999 -9999 -9999 -9999 -9999 -9999 -9999 -9999 -9999 -9999 -9999 -9999 -9999 -9999 -9999 -9999 -9999 -9999 -9999 -9999 -9999 -9999 -9999 15.431 15.271 15.448 15.949 -9999 16.775 -9999 -9999 -9999 -9999 -9999 -9999 -9999 -9999 18.861 18.714 18.443 18.185 17.997 17.796 17.844 17.973 18.329 18.465 18.457 17.996 17.703 17.973 18.037 18.192 18.227 18.195 18.31 18.399 18.403 18.285 18.346 18.263 18.179 18.095 18.355 18.657 18.695 18.643 18.726 18.701 18.664 18.81 18.725 18.382 18.306 18.573
-9999 -9999 -9999 -9999 -9999 -9999 -9999 -9999 -9999 -9999 -9999 -9999 -9999 -9999 -9999 -9999 -9999 -9999 -9999 -9999 16.919 16.632 15.963 15.166 14.77 15.078 15.514 15.781 16.59 17.69 18.304 -9999 -9999 17.781 18.373 18.679 18.899 18.907 18.806 18.817 18.672 18.481 18.189 17.871 18.001 18.229 18.2 17.703 17.815 17.939 17.863 18.18 18.376 18.462 18.368 18.383 18.503 18.537 18.641 18.553 18.4 18.228 18.209 18.094 18.203 18.467 18.566 18.676 18.847 18.633 18.736 18.268 18.131 18.249 18.56
-9999 -9999 -9999 -9999 -9999 -9999 -9999 -9999 -9999 -9999 -9999 -9999 -9999 -9999 -9999 -9999 -9999 -9999 -9999 16.834 16.893 17.178 16.602 15.635 15.033 15.174 15.521 15.891 16.435 17.049 17.652 17.785 17.68 17.797 17.976 18.659 18.855 18.929 18.757 18.598 18.779 18.596 18.074 18.005 18.094 18.012 17.474 17.841 17.626 17.626 17.858 18.201 18.503 18.522 18.306 18.401 18.46 18.559 18.538 18.592 18.471 18.32 18.102 17.944 18.192 18.448 18.597 18.312 18.491 18.747 18.673 18.724 18.296 18.435 18.559
-9999 -9999 -9999 -9999 -9999 -9999 -9999 -9999 -9999 -9999 -9999 -9999 -9999 -9999 -9999 -9999 -9999 -9999 -9999 16.804 17.594 18.013 17.376 16.283 16.054 15.942 15.731 16.125 16.615 17.288 17.108 16.956 17.455 17.837 18.12 18.1 18.659 18.884 18.724 18.748 18.532 18.337 18.368 18.29 18.17 17.835 17.878 17.855 17.594 17.738 17.84 18.138 18.383 18.413 18.231 18.169 18.557 18.63 18.585 18.715 18.728 18.598 18.382 18.015 17.937 18.418 18.604 18.481 18.267 18.538 18.755 18.806 18.809 18.732 18.454
-9999 -9999 -9999 -9999 -9999 -9999 -9999 -9999 -9999 -9999 -9999 -9999 -9999 -9999 -9999 -9999 -9999 -9999 -9999 17.22 18.124 17.927 17.642 17.112 17.221 16.913 16.95 16.924 17.136 17.339 16.928 17.14 17.892 18.19 18.256 18.464 18.753 18.863 18.799 18.555 18.343 18.451 18.401 18.272 18.103 18.171 18.154 18.144 18.033 17.951 17.754 17.903 18.296 18.589 18.537 18.529 18.63 18.582 18.646 18.914 18.713 18.519 18.515 18.099 17.715 18.219 18.674 18.644 18.582 18.642 18.713 18.786 18.733 18.621 18.496
-9999 -9999 -9999 -9999 -9999 -9999 -9999 -9999 -9999 -9999 -9999 -9999 -9999 -9999 -9999 16.937 16.587 -9999 16.961 17.726 17.609 17.468 17.532 17.728 17.654 17.591 17.228 17.019 17.197 17.474 17.506 17.769 18.121 18.426 18.468 18.445 18.491 18.616 18.749 18.602 18.542 18.477 18.356 18.039 18.296 18.303 18.233 18.042 17.874 17.856 17.643 17.773 18.157 18.561 18.636 18.662 18.691 18.83 18.696 18.713 18.726 18.34 18.478 18.34 18.259 18.308 18.734 18.817 18.697 18.638 18.652 18.707 18.795 18.799 18.713
-9999 -9999 -9999 -9999 -9999 -9999 -9999 -9999 -9999 -9999 -9999 -9999 -9999 -9999 -9999 16.853 16.697 16.893 17.134 17.39 17.345 17.499 17.167 17.207 17.478 17.133 17.135 17.156 17.324 17.658 17.591 17.714 18.004 17.694 17.501 17.818 18.214 18.584 18.714 18.557 18.408 18.272 18.181 18.095 18.332 18.209 18.299 18.132 17.844 17.773 17.926 18.001 18.282 18.435 18.539 18.626 18.926 18.985 19.04 19.037 18.888 18.632 18.496 18.305 18.013 18.126 18.021 18.427 18.697 18.705 18.74 18.712 18.75 18.841 18.827
-9999 -9999 -9999 -9999 -9999 -9999 -9999 -9999 -9999 -9999 -9999 -9999 -9999 -9999 16.989 16.761 16.925 16.969 17.049 17.254 17.366 17.273 17.131 17.379 17.507 17.249 17.298 17.287 17.627 17.862 18.116 18.184 17.762 17.122 17.315 17.526 17.805 18.404 18.484 18.483 18.469 18.307 18.225 18.184 18.248 18.332 18.414 18.23 17.916 18.194 18.25 18.343 18.379 18.44 18.456 18.48 18.896 19.32 19.465 19.269 19.226 18.991 18.856 18.636 18.336 18.243 18.151 18.097 18.302 18.033 18.462 18.22 18.247 18.694 18.828
-9999 -9999 -9999 -9999 -9999 -9999 -9999 -9999 -9999 -9999 -9999 -9999 -9999 -9999 -9999 17.107 17.029 17.025 17.226 17.381 17.504 17.514 17.521 17.581 17.57 17.502 17.463 17.801 18.033 18.277 18.183 18.25 17.584 17.279 17.39 17.281 17.759 18.169 18.148 18.258 18.326 18.216 18.05 18.144 18.19 18.221 18.182 18.02 18.407 18.32 18.42 18.484 18.5 18.455 18.439 18.594 18.82 19.219 19.41 -9999 19.126 19.124 18.933 18.943 18.911 18.878 18.802 18.662 18.661 18.42 18.262 18.353 18.11 18.273 18.47
-9999 -9999 -9999 -9999 -9999 -9999 -9999 -9999 -9999 -9999 -9999 -9999 -9999 -9999 17.039 17.307 17.061 17.0 17.116 17.21 17.461 17.621 17.591 17.517 17.369 17.525 17.852 18.09 18.172 18.22 18.303 18.087 17.889 17.905 17.779 17.564 18.15 18.291 17.715 17.933 17.913 17.341 17.56 17.558 17.587 17.804 17.873 18.113 18.377 18.59 18.609 18.675 18.625 18.568 18.491 18.566 18.732 18.866 19.076 19.188 -9999 19.173 -9999 19.275 -9999 19.109 -9999 18.935 18.884 18.73 18.453 18.371 18.434 18.617 -9999
-9999 -9999 -9999 -9999 -9999 -9999 -9999 -9999 -9999 -9999 -9999 -9999 -9999 -9999 17.218 17.083 16.862 16.942 16.963 17.025 17.023 17.295 17.158 17.114 17.233 17.606 17.974 18.161 18.319 18.383 18.35 18.251 18.049 17.948 17.668 17.97 18.377 17.666 17.708 18.184 17.774 17.55 17.531 17.443 17.716 18.036 18.075 18.322 18.507 18.534 18.768 18.776 18.668 18.592 18.485 18.429 18.592 18.721 18.933 19.097 -9999 -9999 19.407 19.422 -9999 -9999 18.905 18.83 18.772 -9999 -9999 -9999 -9999 -9999 -9999
-9999 -9999 -9999 -9999 -9999 -9999 -9999 -9999 -9999 -9999 -9999 -9999 -9999 16.725 16.944 16.964 16.94 17.169 17.238 17.063 17.124 16.929 16.437 16.519 16.955 17.341 17.62 17.867 18.237 18.378 18.295 18.185 17.938 17.466 17.41 17.734 17.656 17.745 18.39 18.232 17.84 17.526 17.41 17.94 18.31 18.223 18.331 18.398 18.566 18.845 18.998 18.68 18.734 18.622 18.567 18.404 18.447 -9999 -9999 -9999 19.145 -9999 -9999 -9999 -9999 -9999 -9999 18.574 -9999 -9999 -9999 -9999 -9999 -9999 -9999
-9999 -9999 -9999 -9999 -9999 -9999 -9999 -9999 -9999 -9999 -9999 -9999 16.798 16.337 16.504 16.872 17.443 17.621 17.55 17.448 17.216 16.341 15.505 15.775 16.871 17.129 17.107 17.877 17.886 18.359 18.327 17.971 18.021 18.037 18.065 -9999 -9999 -9999 -9999 -9999 18.204 17.793 17.682 18.01 18.279 18.352 18.286 18.437 18.619 18.904 -9999 18.552 -9999 -9999 -9999 -9999 -9999 18.32 18.485 18.666 18.723 18.803 19.037 -9999 -9999 -9999 -9999 -9999 -9999 -9999 -9999 -9999 -9999 -9999 -9999
-9999 -9999 -9999 -9999 -9999 -9999 -9999 -9999 -9999 -9999 -9999 17.404 16.468 16.018 16.292 16.87 17.283 17.598 17.783 17.36 16.817 15.734 15.138 15.544 16.256 16.729 17.541 17.364 18.02 18.226 18.131 18.295 -9999 -9999 -9999 -9999 -9999 -9999 -9999 -9999 -9999 -9999 18.232 18.371 18.565 18.192 17.883 17.862 18.281 18.103 18.359 -9999 -9999 -9999 -9999 -9999 -9999 -9999 18.386 18.301 18.56 18.536 -9999 -9999 -9999 -9999 -9999 -9999 -9999 -9999 -9999 -9999 -9999 -9999 -9999
-9999 -9999 -9999 -9999 -9999 -9999 -9999 -9999 -9999 17.668 17.688 17.191 16.541 16.125 15.975 16.196 16.926 17.66 17.488 17.119 16.617 15.949 15.395 15.907 16.442 17.091 17.287 18.276 17.807 17.804 -9999 -9999 -9999 -9999 -9999 -9999 -9999 -9999 -9999 -9999 -9999 -9999 -9999 18.576 -9999 -9999 -9999 -9999 -9999 18.238 17.93 -9999 -9999 -9999 -9999 -9999 -9999 -9999 -9999 -9999 18.044 17.957 -9999 -9999 -9999 -9999 -9999 -9999 -9999 -9999 -9999 -9999 -9999 -9999 -9999
-9999 -9999 -9999 -9999 -9999 -9999 -9999 -9999 17.651 -9999 17.52 17.351 16.729 16.174 15.973 16.123 16.849 17.202 17.134 17.535 17.345 16.458 16.052 16.294 17.067 17.421 17.882 18.229 18.333 18.545 -9999 -9999 -9999 -9999 -9999 -9999 -9999 -9999 -9999 -9999 -9999 -9999 -9999 -9999 18.491 -9999 -9999 -9999 -9999 -9999 -9999 -9999 -9999 -9999 -9999 -9999 -9999 -9999 -9999 -9999 -9999 -9999 -9999 -9999 -9999 -9999 -9999 -9999 -9999 -9999 -9999 -9999 -9999 -9999 -9999
-9999 -9999 -9999 -9999 -9999 -9999 -9999 17.657 17.679 17.208 17.531 17.465 16.907 16.71 16.556 16.67 17.084 17.091 17.379 -9999 17.64 16.89 16.288 15.875 16.542 17.65 17.96 18.437 18.615 -9999 -9999 -9999 -9999 -9999 -9999 -9999 -9999 -9999 -9999 -9999 -9999 -9999 -9999 -9999 -9999 -9999 -9999 -9999 -9999 -9999 -9999 -9999 -9999 -9999 -9999 -9999 -9999 -9999 -9999 -9999 -9999 -9999 -9999 -9999 -9999 -9999 -9999 -9999 -9999 -9999 -9999 -9999 -9999 -9999 -9999
-9999 -9999 -9999 -9999 -9999 -9999 -9999 17.685 17.453 17.3 17.233 17.203 17.076 17.056 16.912 17.213 17.438 17.502 18.092 18.09 17.928 17.385 16.34 16.059 16.982 17.446 18.024 18.29 18.25 -9999 -9999 -9999 -9999 -9999 -9999 -9999 -9999 -9999 -9999 -9999 -9999 -9999 -9999 -9999 -9999 -9999 -9999 -9999 -9999 -9999 -9999 -9999 -9999 -9999 -9999 -9999 -9999 -9999 -9999 -9999 -9999 -9999 -9999 -9999 -9999 -9999 -9999 -9999 -9999 -9999 -9999 -9999 -9999 -9999 -9999
-9999 -9999 -9999 -9999 -9999 -9999 17.632 17.69 17.37 16.982 16.9 17.068 17.174 17.27 17.274 17.384 17.153 17.65 18.038 18.124 17.926 17.688 17.199 17.098 17.426 17.837 18.003 18.052 -9999 -9999 -9999 -9999 -9999 -9999 -9999 -9999 -9999 -9999 -9999 -9999 -9999 -9999 -9999 -9999 -9999 -9999 -9999 -9999 -9999 -9999 -9999 -9999 -9999 -9999 -9999 -9999 -9999 -9999 -9999 -9999 -9999 -9999 -9999 -9999 -9999 -9999 -9999 -9999 -9999 -9999 -9999 -9999 -9999 -9999 -9999
