Validation/Results/ReClimate_10_2024_2_Temperature-Actualsweatherlogisticsltd.asc
NCOLS 192
NROWS 249
XLLCENTER -225160.85627316462
YLLCENTER 29788.11610251431
CELLSIZE 5000.0
NODATA_VALUE -9999
[rows 102 to 135 of 249, columns 77 to 153 of 192]
2.934 2.874 4.586 5.296 -9999 -9999 4.341 -9999 -9999 3.899 1.963 1.719 2.904 2.092 0.339 1.631 0.803 0.762 0.82 1.193 2.701 2.183 1.552 0.795 1.144 1.888 1.34 1.563 2.524 3.204 3.557 3.446 3.057 2.502 3.261 3.56 3.715 3.941 3.934 4.077 -9999 -9999 -9999 -9999 -9999 -9999 -9999 -9999 -9999 -9999 -9999 -9999 -9999 -9999 -9999 -9999 -9999 -9999 -9999 -9999 -9999 -9999 -9999 -9999 -9999 -9999 -9999 -9999 -9999 -9999 -9999 -9999 -9999 -9999 -9999 -9999 -9999
3.248 4.337 -9999 -9999 -9999 4.851 3.746 3.853 3.344 3.23 2.471 3.819 3.352 1.977 1.825 2.064 2.119 2.107 2.028 2.146 1.474 2.204 1.562 1.671 1.433 1.161 1.676 2.301 2.997 3.511 3.663 3.395 2.884 3.479 3.959 -9999 -9999 4.25 -9999 -9999 -9999 -9999 -9999 -9999 -9999 -9999 -9999 -9999 -9999 -9999 -9999 -9999 -9999 -9999 -9999 -9999 -9999 -9999 -9999 -9999 -9999 -9999 -9999 -9999 -9999 -9999 -9999 -9999 -9999 -9999 -9999 -9999 -9999 -9999 -9999 -9999 -9999
-9999 4.668 -9999 -9999 -9999 4.516 3.449 3.027 2.989 3.429 3.821 3.14 2.14 1.91 2.257 2.494 2.154 1.853 2.371 2.039 3.092 2.359 2.06 2.577 2.877 3.06 2.936 3.271 3.536 3.583 3.632 3.634 3.639 4.008 -9999 3.964 4.074 4.089 4.161 -9999 -9999 -9999 -9999 -9999 -9999 -9999 -9999 -9999 -9999 -9999 -9999 -9999 -9999 -9999 -9999 -9999 -9999 -9999 -9999 -9999 -9999 -9999 -9999 -9999 -9999 -9999 -9999 -9999 -9999 -9999 -9999 -9999 -9999 -9999 -9999 -9999 -9999
-9999 -9999 -9999 5.107 4.591 3.65 3.255 2.705 3.044 2.746 2.19 1.846 1.8 2.651 2.558 3.002 1.903 2.84 1.755 3.13 2.326 1.407 2.744 3.167 2.937 3.153 3.498 3.485 3.797 3.912 3.777 3.89 -9999 3.886 3.845 3.968 3.899 4.124 4.182 -9999 -9999 -9999 -9999 -9999 -9999 -9999 -9999 -9999 -9999 -9999 -9999 -9999 -9999 -9999 -9999 -9999 -9999 -9999 -9999 -9999 -9999 -9999 -9999 -9999 -9999 -9999 -9999 -9999 -9999 -9999 -9999 -9999 -9999 -9999 -9999 -9999 -9999
-9999 -9999 -9999 4.977 4.951 4.211 3.079 2.986 3.151 2.303 3.073 3.02 2.693 2.15 3.4 3.447 2.628 1.964 2.611 2.781 1.687 2.333 2.197 1.877 2.632 3.065 3.203 3.496 3.648 3.451 3.285 3.137 3.3 3.705 3.933 3.752 3.582 3.861 4.016 4.423 -9999 -9999 -9999 -9999 -9999 -9999 -9999 -9999 -9999 -9999 -9999 -9999 -9999 -9999 -9999 -9999 -9999 -9999 -9999 -9999 -9999 -9999 -9999 -9999 -9999 -9999 -9999 -9999 -9999 -9999 -9999 -9999 -9999 -9999 -9999 -9999 -9999
-9999 -9999 5.226 -9999 -9999 4.11 3.241 3.594 2.77 3.165 -9999 -9999 2.44 2.413 3.209 3.599 2.664 2.654 2.84 2.518 2.687 3.389 2.646 2.803 3.042 3.308 3.018 2.595 2.302 2.486 2.536 2.904 3.263 3.423 3.802 3.427 3.556 3.628 3.996 4.442 4.73 -9999 -9999 -9999 -9999 -9999 -9999 -9999 -9999 -9999 -9999 -9999 -9999 -9999 -9999 -9999 -9999 -9999 -9999 -9999 -9999 -9999 -9999 -9999 -9999 -9999 -9999 -9999 -9999 -9999 -9999 -9999 -9999 -9999 -9999 -9999 -9999
-9999 -9999 5.283 -9999 4.832 4.174 4.042 3.07 3.133 4.148 4.206 2.877 2.365 3.151 4.685 3.126 1.977 3.384 3.249 2.822 3.401 3.52 3.534 3.589 3.43 2.547 1.773 1.825 2.327 2.633 3.006 3.199 3.222 3.526 3.684 3.834 4.217 4.578 4.797 5.015 -9999 -9999 -9999 -9999 -9999 -9999 -9999 -9999 -9999 -9999 -9999 -9999 -9999 -9999 -9999 -9999 -9999 -9999 -9999 -9999 -9999 -9999 -9999 -9999 -9999 -9999 -9999 -9999 -9999 -9999 -9999 -9999 -9999 -9999 -9999 -9999 -9999
-9999 -9999 5.339 -9999 4.864 4.77 4.076 3.871 4.334 -9999 2.983 3.243 -9999 3.401 3.426 3.065 3.673 2.623 3.416 3.649 3.978 4.051 4.094 4.037 3.601 2.785 3.226 3.453 3.417 3.193 3.04 3.275 3.394 3.811 4.078 4.447 -9999 -9999 -9999 -9999 -9999 -9999 -9999 -9999 -9999 -9999 -9999 -9999 -9999 -9999 -9999 -9999 -9999 -9999 -9999 -9999 -9999 -9999 -9999 -9999 -9999 -9999 -9999 -9999 -9999 -9999 -9999 -9999 -9999 -9999 -9999 -9999 -9999 -9999 -9999 -9999 -9999
5.451 5.364 -9999 -9999 5.208 4.778 4.314 4.62 4.511 2.937 3.151 2.442 -9999 4.075 3.312 3.654 3.641 3.489 3.499 3.816 3.721 3.556 3.37 3.424 3.713 4.165 4.136 3.986 3.649 3.29 3.227 3.426 3.627 3.855 4.33 -9999 -9999 -9999 -9999 -9999 -9999 -9999 -9999 -9999 -9999 -9999 -9999 -9999 -9999 -9999 -9999 -9999 -9999 -9999 -9999 -9999 -9999 -9999 -9999 -9999 -9999 -9999 -9999 -9999 -9999 -9999 -9999 -9999 -9999 -9999 -9999 -9999 -9999 -9999 -9999 -9999 -9999
5.558 5.495 -9999 5.476 4.315 4.192 4.757 -9999 3.506 3.539 2.583 2.699 -9999 3.779 2.965 3.746 4.461 4.255 4.186 3.869 3.531 3.16 2.608 2.928 3.736 4.119 -9999 4.259 3.989 3.817 3.797 3.809 3.722 4.087 -9999 -9999 -9999 -9999 -9999 -9999 -9999 -9999 -9999 -9999 -9999 -9999 -9999 -9999 -9999 -9999 -9999 -9999 -9999 -9999 -9999 -9999 -9999 -9999 -9999 -9999 -9999 -9999 -9999 -9999 -9999 -9999 -9999 -9999 -9999 -9999 -9999 -9999 -9999 -9999 -9999 -9999 -9999
5.781 -9999 -9999 5.069 3.956 4.615 -9999 4.322 3.879 3.485 2.994 3.589 -9999 4.449 4.11 4.33 4.515 4.286 3.976 3.616 2.285 2.123 2.269 2.754 3.592 4.215 4.405 4.537 -9999 -9999 4.302 4.265 -9999 -9999 -9999 -9999 -9999 -9999 4.905 5.001 5.153 -9999 -9999 -9999 -9999 -9999 -9999 -9999 -9999 -9999 -9999 -9999 -9999 -9999 -9999 -9999 -9999 -9999 -9999 -9999 -9999 -9999 -9999 -9999 -9999 -9999 -9999 -9999 -9999 -9999 -9999 -9999 -9999 -9999 -9999 -9999 -9999
-9999 -9999 5.013 4.554 5.045 4.605 -9999 4.483 3.776 4.073 4.146 3.504 -9999 -9999 -9999 4.659 4.176 3.539 3.389 3.206 3.153 3.304 3.208 3.36 3.477 3.685 3.979 4.334 4.4 4.194 4.104 4.398 -9999 -9999 -9999 -9999 -9999 4.637 4.773 4.67 4.911 5.052 -9999 -9999 -9999 -9999 -9999 -9999 -9999 -9999 -9999 -9999 -9999 -9999 -9999 -9999 -9999 -9999 -9999 -9999 -9999 -9999 -9999 -9999 -9999 -9999 -9999 -9999 -9999 -9999 -9999 -9999 -9999 -9999 -9999 -9999 -9999
-9999 -9999 -9999 5.522 4.434 4.86 -9999 4.533 -9999 4.609 3.868 4.705 -9999 5.023 4.35 4.022 -9999 3.839 4.052 3.994 4.003 3.769 3.674 3.415 3.271 3.312 3.572 3.775 3.492 3.513 3.96 4.231 4.391 4.477 4.665 -9999 4.639 4.505 4.369 4.453 4.279 4.123 4.175 5.049 -9999 -9999 -9999 -9999 -9999 -9999 -9999 -9999 -9999 -9999 -9999 -9999 -9999 -9999 -9999 -9999 -9999 -9999 -9999 -9999 -9999 -9999 -9999 -9999 -9999 -9999 -9999 -9999 -9999 -9999 -9999 -9999 -9999
-9999 -9999 -9999 4.808 4.036 4.952 -9999 5.388 -9999 4.895 5.134 -9999 4.991 4.08 3.5 3.911 4.158 4.192 4.171 4.432 4.276 3.818 3.727 3.442 3.146 3.142 3.203 3.228 3.256 3.48 3.668 3.734 3.778 3.899 4.33 4.441 4.135 4.078 3.987 3.938 3.531 3.281 3.172 3.636 4.555 4.89 4.757 -9999 -9999 -9999 -9999 -9999 -9999 -9999 -9999 -9999 -9999 -9999 -9999 -9999 -9999 -9999 -9999 -9999 -9999 -9999 -9999 -9999 -9999 -9999 -9999 -9999 -9999 -9999 -9999 -9999 -9999
-9999 -9999 -9999 4.815 4.97 4.796 4.874 -9999 -9999 5.703 5.543 -9999 5.056 3.656 3.122 3.688 3.901 4.179 4.389 4.374 4.262 4.336 4.006 3.644 3.361 2.968 2.916 2.955 3.099 3.096 2.968 2.864 2.826 3.552 4.204 4.041 3.764 3.606 3.31 2.58 2.501 2.796 2.825 3.239 3.418 4.175 4.722 4.613 -9999 -9999 -9999 -9999 -9999 -9999 -9999 -9999 -9999 -9999 -9999 -9999 -9999 -9999 -9999 -9999 -9999 -9999 -9999 -9999 -9999 -9999 -9999 -9999 -9999 -9999 -9999 -9999 -9999
-9999 -9999 -9999 5.298 5.027 4.598 5.686 -9999 -9999 5.955 6.005 -9999 -9999 3.721 3.419 3.832 3.7 3.613 3.864 3.981 4.086 3.839 3.967 3.855 3.47 3.186 2.815 2.645 2.493 2.556 2.292 2.311 2.846 3.309 3.471 3.405 3.169 2.839 2.373 2.319 2.329 2.628 2.886 3.222 3.711 3.915 3.983 4.422 -9999 -9999 -9999 -9999 -9999 -9999 -9999 -9999 -9999 -9999 -9999 -9999 -9999 -9999 -9999 -9999 -9999 -9999 -9999 -9999 -9999 -9999 -9999 -9999 -9999 -9999 -9999 -9999 -9999
-9999 -9999 -9999 5.559 4.895 5.159 -9999 -9999 -9999 -9999 6.208 -9999 5.283 3.938 3.998 4.016 3.506 3.299 3.253 3.547 3.594 3.632 3.576 3.613 3.641 3.076 2.643 2.526 2.553 2.362 2.258 2.622 2.843 2.863 2.835 2.426 2.47 2.581 2.682 2.664 2.657 2.84 3.047 3.416 3.781 3.806 3.942 4.339 4.5 -9999 -9999 -9999 -9999 -9999 -9999 -9999 -9999 -9999 -9999 -9999 -9999 -9999 -9999 -9999 -9999 -9999 -9999 -9999 -9999 -9999 -9999 -9999 -9999 -9999 -9999 -9999 -9999
-9999 5.33 5.199 4.938 5.147 -9999 -9999 4.848 -9999 -9999 -9999 -9999 5.448 4.615 4.406 4.108 3.763 3.359 3.128 3.076 2.981 2.985 3.178 3.343 3.414 3.295 2.691 2.602 2.493 2.589 2.906 2.912 2.539 2.558 1.836 1.602 2.057 2.419 2.653 2.969 3.058 3.174 3.167 3.465 3.782 3.858 3.975 4.123 4.265 -9999 -9999 -9999 -9999 -9999 -9999 -9999 -9999 -9999 -9999 -9999 -9999 -9999 -9999 -9999 -9999 -9999 -9999 -9999 -9999 -9999 -9999 -9999 -9999 -9999 -9999 -9999 -9999
-9999 -9999 4.866 4.85 5.378 -9999 4.835 4.157 4.747 -9999 -9999 -9999 -9999 5.356 4.908 4.61 4.196 3.789 3.451 3.044 2.907 3.027 3.183 3.222 3.313 2.944 2.951 2.759 2.586 2.579 2.759 2.494 2.946 2.469 2.323 2.236 1.921 2.178 2.832 3.099 3.369 3.411 3.423 3.621 3.793 3.885 3.928 3.797 3.831 4.294 -9999 -9999 -9999 -9999 -9999 -9999 -9999 -9999 -9999 -9999 -9999 -9999 -9999 -9999 -9999 -9999 -9999 -9999 -9999 -9999 -9999 -9999 -9999 -9999 -9999 -9999 -9999
-9999 -9999 5.297 5.004 5.214 -9999 5.144 4.132 4.888 -9999 -9999 -9999 -9999 -9999 5.251 4.903 4.521 4.249 3.947 3.655 3.381 3.005 2.648 2.749 2.945 3.112 3.185 2.848 2.53 2.619 2.604 2.781 2.988 2.734 2.634 2.68 3.03 3.131 3.343 3.328 3.47 3.367 3.507 3.763 3.853 3.955 3.897 3.778 3.528 3.88 4.495 -9999 -9999 -9999 -9999 -9999 -9999 -9999 -9999 -9999 -9999 -9999 -9999 -9999 -9999 -9999 -9999 -9999 -9999 -9999 -9999 -9999 -9999 -9999 -9999 -9999 -9999
-9999 -9999 5.25 4.912 -9999 -9999 5.572 4.621 4.451 5.375 -9999 -9999 -9999 -9999 -9999 5.074 4.491 4.097 3.95 3.418 2.898 2.622 2.328 2.393 2.649 2.979 2.795 2.803 2.627 2.417 2.547 2.91 1.797 2.383 2.232 2.825 2.492 2.969 3.454 3.254 3.368 3.638 3.727 3.582 3.453 3.536 3.741 3.665 3.919 3.637 4.2 4.722 5.323 -9999 -9999 -9999 -9999 -9999 -9999 -9999 -9999 -9999 -9999 -9999 -9999 -9999 -9999 -9999 -9999 -9999 -9999 -9999 -9999 -9999 -9999 -9999 -9999
-9999 -9999 5.137 5.791 -9999 -9999 5.261 4.263 4.422 -9999 -9999 -9999 -9999 -9999 -9999 5.126 4.504 4.096 3.82 3.369 3.122 3.02 2.731 2.616 2.519 2.57 2.614 2.664 2.012 1.619 2.43 1.706 1.272 1.549 2.42 2.306 2.756 3.39 3.103 3.155 3.393 3.404 3.462 3.524 3.456 3.519 3.194 3.143 3.775 3.788 3.771 4.436 5.02 -9999 -9999 -9999 -9999 -9999 -9999 -9999 -9999 -9999 -9999 -9999 -9999 -9999 -9999 -9999 -9999 -9999 -9999 -9999 -9999 -9999 -9999 -9999 -9999
-9999 -9999 5.624 6.452 -9999 -9999 -9999 5.422 5.189 5.389 -9999 -9999 -9999 -9999 -9999 5.143 4.573 4.166 3.925 3.636 3.462 2.934 2.297 2.048 2.381 2.314 2.716 2.668 2.188 2.081 2.456 1.32 1.711 2.216 1.98 2.308 3.056 2.881 3.131 3.09 3.211 3.478 3.388 3.278 3.344 3.096 2.185 2.526 3.123 3.788 3.785 4.063 4.676 -9999 -9999 -9999 -9999 -9999 -9999 -9999 -9999 -9999 -9999 -9999 -9999 -9999 -9999 -9999 -9999 -9999 -9999 -9999 -9999 -9999 -9999 -9999 -9999
-9999 5.349 5.668 6.451 -9999 -9999 -9999 -9999 -9999 -9999 -9999 -9999 -9999 -9999 -9999 4.789 4.246 4.012 3.8 3.575 3.357 2.717 2.342 2.266 2.435 2.522 2.324 2.374 1.829 1.945 1.443 1.173 1.665 2.214 2.004 2.341 2.498 2.879 2.874 3.112 3.088 3.07 3.269 3.083 3.028 2.268 2.148 2.104 3.125 3.884 4.013 4.051 4.469 5.486 -9999 -9999 -9999 -9999 -9999 -9999 -9999 -9999 -9999 -9999 -9999 -9999 -9999 -9999 -9999 -9999 -9999 -9999 -9999 -9999 -9999 -9999 -9999
5.445 5.444 5.507 6.565 -9999 -9999 -9999 -9999 -9999 -9999 -9999 -9999 -9999 5.382 5.036 4.503 3.956 3.5 3.212 3.297 3.241 3.073 2.869 3.114 2.692 1.994 2.034 2.076 2.099 2.322 1.924 1.258 2.331 2.231 2.245 2.369 2.669 2.917 3.147 2.683 2.764 3.033 3.041 2.864 2.367 2.289 2.29 2.435 3.11 3.997 4.169 4.078 4.439 5.145 -9999 -9999 -9999 -9999 -9999 -9999 -9999 -9999 -9999 -9999 -9999 -9999 -9999 -9999 -9999 -9999 -9999 -9999 -9999 -9999 -9999 -9999 -9999
5.466 5.9 6.576 -9999 -9999 -9999 -9999 -9999 -9999 -9999 -9999 -9999 -9999 5.31 4.966 4.377 3.724 3.348 3.323 2.773 2.421 2.435 2.379 2.591 2.617 2.638 2.445 2.126 2.363 2.641 2.358 2.136 1.698 2.127 2.003 2.502 2.762 3.211 2.832 2.646 2.758 2.818 2.563 2.108 1.958 2.376 2.706 3.041 3.542 3.619 3.646 3.93 4.323 5.0 -9999 -9999 -9999 -9999 -9999 -9999 -9999 -9999 -9999 -9999 -9999 -9999 -9999 -9999 -9999 -9999 -9999 -9999 -9999 -9999 -9999 -9999 -9999
-9999 -9999 -9999 -9999 -9999 -9999 -9999 -9999 -9999 -9999 -9999 -9999 -9999 5.171 4.691 3.853 3.751 3.554 3.252 2.429 2.266 1.752 2.037 2.316 2.629 2.73 2.432 1.481 1.866 2.791 2.822 1.906 1.939 2.187 2.273 2.245 2.8 2.443 2.254 2.427 2.162 2.023 1.783 2.42 2.608 2.728 2.851 3.078 3.77 3.958 3.839 3.991 4.516 5.047 -9999 -9999 -9999 -9999 -9999 -9999 -9999 -9999 -9999 -9999 -9999 -9999 -9999 -9999 -9999 -9999 -9999 -9999 -9999 -9999 -9999 -9999 -9999
-9999 -9999 -9999 -9999 -9999 -9999 -9999 -9999 -9999 -9999 -9999 -9999 5.202 4.487 3.677 3.709 3.42 3.521 3.311 3.0 2.086 2.069 1.993 2.31 2.568 3.233 2.825 2.343 2.452 2.833 2.972 2.671 2.53 2.451 2.319 2.349 2.003 2.528 2.676 2.447 2.211 1.428 2.134 2.163 2.618 3.029 2.941 3.124 3.171 3.812 4.122 4.32 4.667 5.075 -9999 -9999 -9999 -9999 -9999 -9999 -9999 -9999 -9999 -9999 -9999 -9999 -9999 -9999 -9999 -9999 -9999 -9999 -9999 -9999 -9999 -9999 -9999
-9999 -9999 -9999 -9999 -9999 -9999 -9999 -9999 -9999 -9999 -9999 -9999 4.67 4.041 3.58 2.905 3.134 3.496 3.298 2.518 2.89 2.492 2.406 2.747 3.131 3.794 3.592 3.095 2.815 2.888 3.46 3.174 3.006 2.908 2.81 2.195 2.891 2.445 2.713 2.673 1.597 2.473 2.192 2.446 2.916 2.907 3.274 3.247 3.08 3.53 3.994 4.269 4.674 5.148 -9999 -9999 -9999 -9999 -9999 -9999 -9999 -9999 -9999 -9999 -9999 -9999 -9999 -9999 -9999 -9999 -9999 -9999 -9999 -9999 -9999 -9999 -9999
-9999 -9999 -9999 -9999 -9999 -9999 -9999 -9999 -9999 -9999 -9999 5.044 4.225 4.01 3.127 3.258 3.003 2.325 2.633 2.938 3.069 2.729 2.937 3.13 3.208 3.502 3.515 3.23 3.223 3.827 3.794 3.476 3.048 2.977 2.384 3.076 2.811 2.459 3.016 2.201 2.094 2.623 2.876 3.148 2.885 2.987 3.157 3.098 3.445 3.763 4.086 4.335 4.642 5.061 5.467 -9999 -9999 -9999 -9999 -9999 -9999 -9999 -9999 -9999 -9999 -9999 -9999 -9999 -9999 -9999 -9999 -9999 -9999 -9999 -9999 -9999 -9999
-9999 -9999 -9999 -9999 -9999 -9999 -9999 -9999 -9999 -9999 5.155 4.647 4.191 3.992 3.739 3.49 2.923 2.964 2.843 2.535 3.403 3.367 3.309 3.159 3.208 3.416 3.632 3.936 4.077 3.837 4.015 3.708 3.311 3.019 3.166 3.339 3.047 3.017 3.193 2.392 2.194 2.5 2.689 2.867 3.0 3.304 3.345 3.255 3.693 3.91 4.08 4.271 4.614 4.986 5.464 -9999 -9999 -9999 -9999 -9999 -9999 -9999 -9999 -9999 -9999 -9999 -9999 -9999 -9999 -9999 -9999 -9999 -9999 -9999 -9999 -9999 -9999
-9999 -9999 -9999 -9999 -9999 -9999 -9999 -9999 -9999 -9999 5.026 3.672 3.988 3.974 3.899 3.922 3.394 2.499 2.638 3.435 3.593 3.714 3.587 3.464 3.325 3.178 4.048 4.335 4.215 4.2 3.858 3.824 3.418 3.469 3.408 3.556 3.313 3.321 2.986 2.828 2.579 2.56 2.762 2.833 3.287 3.601 3.533 3.562 3.634 3.81 4.09 4.395 4.52 4.804 5.267 -9999 -9999 -9999 -9999 -9999 -9999 -9999 -9999 -9999 -9999 -9999 -9999 -9999 -9999 -9999 -9999 -9999 -9999 -9999 -9999 -9999 -9999
-9999 -9999 -9999 -9999 -9999 -9999 -9999 -9999 -9999 5.497 4.149 4.008 3.909 3.92 4.086 4.152 3.497 3.133 3.378 3.374 3.685 3.797 3.871 3.586 3.295 3.822 4.003 4.238 4.618 4.246 4.158 3.945 3.903 3.758 3.77 3.841 3.73 3.333 3.488 3.172 2.649 2.898 2.929 3.044 3.141 3.532 3.684 4.001 3.796 3.842 4.098 4.431 4.648 4.746 5.072 5.708 -9999 -9999 -9999 -9999 -9999 -9999 -9999 -9999 -9999 -9999 -9999 -9999 -9999 -9999 -9999 -9999 -9999 -9999 -9999 -9999 -9999
-9999 -9999 -9999 -9999 -9999 -9999 -9999 -9999 5.745 -9999 4.681 4.096 3.977 4.03 4.296 4.543 4.216 4.126 3.653 3.21 3.614 3.941 4.001 3.933 3.961 4.055 4.087 4.345 4.552 4.422 4.565 4.412 4.233 4.073 4.142 4.213 4.116 3.953 3.746 3.461 3.472 3.3 3.262 3.23 3.449 3.741 4.231 3.876 3.632 3.913 4.175 4.418 4.669 4.872 5.063 5.485 -9999 -9999 -9999 -9999 -9999 -9999 -9999 -9999 -9999 -9999 -9999 -9999 -9999 -9999 -9999 -9999 -9999 -9999 -9999 -9999 -9999
