Validation/Results/ReClimate_08_2024_2_Precipitation-Actualsweatherlogisticsltd.asc
NCOLS 192
NROWS 249
XLLCENTER -225160.85627316462
YLLCENTER 29788.11610251502
CELLSIZE 5000.0
NODATA_VALUE -9999
[rows 165 to 197 of 249, columns 74 to 147 of 192]
-9999 -9999 -9999 -9999 -9999 -9999 -9999 -9999 -9999 -9999 -9999 -9999 -9999 -9999 -9999 -9999 -9999 -9999 -9999 -9999 -9999 -9999 -9999 -9999 -9999 -9999 -9999 -9999 -9999 -9999 -9999 -9999 -9999 -9999 -9999 -9999 -9999 -9999 160.239 161.682 171.113 168.232 190.117 210.031 247.173 264.339 268.989 266.874 257.164 260.141 254.538 252.276 229.374 185.206 145.504 136.235 123.235 115.24 110.286 111.248 106.621 101.509 99.535 96.793 95.223 101.771 105.964 106.998 113.579 114.462 113.96 116.801 117.397 111.303
-9999 -9999 -9999 -9999 -9999 -9999 -9999 -9999 -9999 -9999 -9999 -9999 -9999 -9999 -9999 -9999 -9999 -9999 -9999 -9999 -9999 -9999 -9999 -9999 -9999 -9999 -9999 -9999 -9999 -9999 -9999 -9999 -9999 -9999 -9999 -9999 -9999 -9999 156.624 162.58 170.254 175.538 183.912 212.965 237.548 253.792 246.901 233.334 235.096 223.342 234.101 247.772 230.289 199.762 167.617 138.728 123.288 119.959 113.607 109.65 111.563 103.891 100.387 98.669 96.704 99.969 103.909 106.769 106.453 114.257 113.204 109.325 113.425 114.806
-9999 -9999 -9999 -9999 -9999 -9999 -9999 -9999 -9999 -9999 -9999 -9999 -9999 -9999 -9999 -9999 -9999 -9999 -9999 -9999 -9999 -9999 -9999 -9999 -9999 -9999 -9999 -9999 -9999 -9999 -9999 -9999 -9999 -9999 -9999 -9999 -9999 152.293 158.416 168.158 179.416 185.921 182.578 199.589 221.041 215.069 196.319 202.804 203.185 202.353 222.889 251.476 263.472 230.763 194.177 175.404 138.113 112.486 111.067 100.833 105.084 106.983 98.442 98.546 107.664 104.044 102.907 111.133 111.31 108.59 112.19 115.14 114.749 113.7
-9999 -9999 -9999 -9999 -9999 -9999 -9999 -9999 -9999 -9999 -9999 -9999 -9999 -9999 -9999 -9999 -9999 -9999 -9999 -9999 -9999 -9999 -9999 -9999 -9999 -9999 -9999 -9999 -9999 -9999 -9999 -9999 -9999 -9999 -9999 -9999 -9999 153.665 157.995 168.426 178.232 175.026 187.387 185.091 190.293 171.159 179.423 184.334 181.624 190.127 208.666 232.04 272.061 281.789 232.229 197.581 167.183 130.278 119.32 107.096 96.055 107.236 104.554 97.474 97.984 102.217 99.034 102.807 111.552 111.533 109.145 112.564 116.225 116.393
-9999 -9999 -9999 -9999 -9999 -9999 -9999 -9999 -9999 -9999 -9999 -9999 -9999 -9999 -9999 -9999 -9999 -9999 -9999 -9999 -9999 -9999 -9999 -9999 -9999 -9999 -9999 -9999 -9999 -9999 -9999 -9999 -9999 -9999 -9999 -9999 -9999 -9999 160.518 163.882 165.22 175.104 167.683 168.801 160.146 159.216 163.043 162.85 164.978 170.065 185.752 207.667 238.498 281.03 285.777 227.046 183.833 151.914 124.258 119.545 104.39 105.238 107.311 101.396 96.75 95.203 98.162 101.546 105.099 110.511 108.669 108.602 114.414 114.344
-9999 -9999 -9999 -9999 -9999 -9999 -9999 -9999 -9999 -9999 -9999 -9999 -9999 -9999 -9999 -9999 -9999 -9999 161.844 167.627 -9999 -9999 -9999 -9999 -9999 -9999 -9999 -9999 -9999 -9999 -9999 -9999 -9999 -9999 -9999 -9999 -9999 148.691 149.435 158.233 165.064 167.192 163.054 161.514 158.095 149.07 149.794 154.038 157.736 163.794 178.848 211.9 229.296 261.54 260.952 248.122 209.42 156.305 129.027 106.256 112.21 115.47 110.134 102.191 100.755 95.965 92.178 95.552 101.898 106.392 107.514 105.384 110.066 113.622
-9999 -9999 -9999 -9999 -9999 -9999 -9999 -9999 -9999 -9999 -9999 -9999 -9999 -9999 -9999 -9999 -9999 -9999 179.489 184.503 188.311 -9999 -9999 -9999 -9999 -9999 -9999 -9999 -9999 -9999 -9999 -9999 -9999 -9999 -9999 -9999 130.092 137.122 146.48 151.394 160.577 153.262 152.984 152.385 143.082 144.996 148.933 153.508 156.975 160.36 176.334 192.765 232.973 268.366 262.671 221.268 199.966 172.324 130.503 118.226 105.159 117.739 113.665 103.621 109.475 103.175 96.939 97.817 100.415 102.549 104.768 103.536 106.674 115.914
-9999 -9999 -9999 -9999 -9999 -9999 -9999 -9999 -9999 -9999 -9999 -9999 -9999 -9999 -9999 -9999 -9999 163.806 174.62 193.315 199.705 202.235 -9999 -9999 -9999 -9999 -9999 -9999 -9999 -9999 -9999 -9999 -9999 131.504 -9999 -9999 126.598 140.836 142.896 142.676 140.093 -9999 146.025 142.853 149.491 152.108 152.142 148.999 150.868 156.466 163.764 194.663 196.072 236.754 226.817 195.843 191.199 161.486 148.278 127.944 115.811 116.219 114.346 106.368 103.055 105.479 98.091 95.934 101.647 100.397 104.435 106.868 104.126 109.679
-9999 -9999 -9999 -9999 -9999 -9999 -9999 -9999 -9999 -9999 -9999 -9999 -9999 -9999 -9999 -9999 -9999 157.243 177.129 192.9 211.522 224.19 183.976 182.689 -9999 -9999 -9999 173.73 150.87 -9999 143.485 138.774 133.115 145.747 131.263 -9999 -9999 130.41 132.46 -9999 -9999 140.61 142.293 138.321 141.168 145.29 142.184 149.992 158.583 161.711 179.244 217.497 218.305 215.519 198.072 181.402 182.917 165.515 133.624 127.344 120.756 122.241 113.845 108.542 102.566 103.323 104.042 100.766 98.108 102.058 102.437 106.178 102.572 106.581
-9999 -9999 -9999 -9999 -9999 -9999 -9999 -9999 -9999 -9999 -9999 -9999 -9999 -9999 -9999 -9999 -9999 -9999 170.615 183.562 210.893 204.283 195.408 -9999 -9999 254.402 250.285 190.92 183.109 177.384 171.433 146.702 149.553 126.55 137.731 135.412 -9999 121.541 120.258 124.437 128.765 137.087 137.624 137.006 137.914 138.088 140.6 145.753 158.692 169.541 193.765 227.493 236.94 217.37 192.478 166.274 167.933 156.63 137.813 124.061 118.108 119.844 118.131 111.333 107.026 104.235 102.154 99.882 97.978 103.871 106.909 106.16 100.995 103.344
-9999 -9999 -9999 -9999 -9999 -9999 -9999 -9999 -9999 -9999 -9999 -9999 -9999 -9999 -9999 -9999 -9999 -9999 162.811 174.346 183.372 186.791 214.558 258.449 299.023 347.729 284.407 226.57 200.172 183.952 175.447 162.357 137.288 142.435 160.465 142.734 139.371 123.366 117.768 119.301 122.206 128.52 140.333 151.628 134.623 135.141 130.405 138.799 148.569 161.748 195.201 224.92 231.955 217.349 206.501 173.196 155.773 155.085 145.61 132.468 126.413 124.837 117.92 113.655 105.776 104.248 105.508 97.119 97.369 96.233 106.94 109.28 102.439 98.847
-9999 -9999 -9999 -9999 -9999 -9999 -9999 -9999 -9999 -9999 -9999 -9999 -9999 -9999 -9999 -9999 -9999 -9999 -9999 181.549 188.065 219.924 287.362 343.467 415.836 415.081 348.668 268.096 227.496 204.683 197.329 168.251 163.406 158.19 144.264 160.375 132.092 120.155 122.248 118.179 119.582 121.712 135.164 128.829 125.454 121.155 126.841 132.533 135.216 157.071 188.417 211.187 209.871 191.369 194.176 189.611 154.216 150.58 151.881 142.332 138.104 132.144 124.118 115.595 106.377 105.335 105.971 99.509 97.335 102.301 104.676 109.145 101.115 97.146
-9999 -9999 -9999 -9999 -9999 -9999 -9999 -9999 -9999 -9999 -9999 -9999 -9999 -9999 -9999 -9999 -9999 -9999 -9999 -9999 -9999 256.507 327.909 440.696 523.676 477.221 387.675 267.616 236.475 250.104 224.186 211.08 175.643 153.106 145.99 152.205 150.253 138.599 121.4 109.67 110.082 113.545 121.052 122.997 120.388 120.441 125.48 127.528 134.229 159.768 182.258 184.879 195.809 196.87 192.543 195.293 170.424 151.994 150.295 146.764 142.893 142.415 129.786 119.131 108.349 103.02 104.766 97.067 96.357 97.814 100.342 105.475 100.935 96.386
-9999 -9999 -9999 -9999 -9999 -9999 -9999 -9999 -9999 -9999 -9999 -9999 -9999 -9999 -9999 -9999 -9999 -9999 -9999 -9999 242.31 300.059 389.436 503.613 565.688 470.191 332.402 257.729 223.284 248.31 224.982 201.34 193.729 159.386 156.356 178.166 166.776 144.649 117.473 111.851 105.241 108.772 121.198 122.683 125.373 124.775 123.638 126.424 142.943 154.669 156.522 172.62 183.383 184.259 188.63 176.928 173.302 158.901 143.488 137.733 138.083 135.421 131.663 117.904 113.794 102.338 100.668 97.268 94.05 95.06 104.243 104.941 103.213 96.654
-9999 -9999 -9999 -9999 -9999 -9999 -9999 -9999 -9999 -9999 -9999 -9999 -9999 -9999 -9999 -9999 -9999 -9999 -9999 218.491 325.134 340.564 403.308 475.309 444.853 451.851 376.683 291.216 298.968 276.533 226.104 199.339 173.742 162.124 184.818 193.788 172.356 146.47 123.091 110.223 101.857 116.715 118.579 120.424 123.707 121.591 121.986 134.025 138.859 141.147 153.948 164.649 180.684 193.027 170.345 167.484 157.559 156.232 145.035 128.078 123.172 126.039 128.821 122.131 113.229 109.228 97.765 96.444 96.315 93.993 98.567 103.428 97.627 98.101
-9999 -9999 -9999 -9999 -9999 -9999 -9999 -9999 -9999 -9999 -9999 -9999 -9999 -9999 -9999 -9999 -9999 -9999 186.111 251.523 273.348 295.765 324.51 329.749 357.812 372.431 334.313 338.631 329.326 293.743 247.033 215.611 181.021 182.474 178.301 160.965 153.653 134.037 125.646 110.941 111.546 121.361 121.317 123.304 124.014 124.484 132.318 135.081 139.928 146.886 152.075 157.338 153.202 162.866 162.81 149.286 146.733 146.295 141.273 131.273 119.037 118.92 119.313 115.254 107.177 101.149 95.165 91.688 93.265 93.809 94.966 100.411 93.815 95.267
-9999 -9999 -9999 -9999 -9999 -9999 -9999 -9999 -9999 -9999 -9999 -9999 -9999 -9999 -9999 -9999 185.82 178.88 195.85 219.62 218.619 207.874 246.236 245.683 289.17 322.087 337.734 343.403 350.299 272.869 232.403 202.764 192.794 217.427 209.711 187.698 157.23 145.312 130.408 114.861 118.302 124.124 125.588 121.932 123.126 127.194 132.438 140.963 138.821 140.265 152.373 148.486 145.184 143.304 133.829 135.213 133.269 133.003 128.671 124.513 119.741 111.986 110.259 103.698 101.296 94.777 89.634 90.619 91.482 95.759 100.277 103.775 98.296 92.151
-9999 -9999 -9999 -9999 -9999 -9999 -9999 -9999 -9999 -9999 -9999 -9999 -9999 -9999 -9999 191.574 189.024 189.45 186.45 -9999 -9999 -9999 -9999 252.748 315.518 360.153 351.053 350.959 301.858 274.995 271.834 244.11 249.873 286.805 247.565 197.688 175.284 151.395 127.71 120.503 122.11 122.373 117.709 117.415 119.647 123.227 124.344 134.54 129.732 134.627 138.615 135.761 131.889 128.818 124.128 126.585 121.621 115.75 108.673 107.156 110.289 108.123 102.862 99.865 95.321 94.695 94.835 97.796 100.611 99.025 105.286 106.604 102.664 98.632
-9999 -9999 -9999 -9999 -9999 -9999 -9999 -9999 -9999 -9999 -9999 -9999 -9999 -9999 -9999 191.629 192.077 167.546 -9999 -9999 -9999 -9999 -9999 264.205 326.921 378.972 337.058 341.562 328.495 328.063 329.736 295.248 276.208 272.128 202.747 185.113 164.354 139.863 127.85 121.222 119.875 119.716 117.751 117.735 115.938 114.357 120.423 125.045 125.218 122.502 125.426 124.313 125.121 125.989 127.046 122.109 117.081 107.809 107.241 105.401 103.312 104.325 98.323 96.706 102.549 100.595 106.756 109.805 112.602 109.273 106.762 102.158 98.369 97.172
-9999 -9999 -9999 -9999 -9999 -9999 -9999 -9999 -9999 -9999 -9999 -9999 -9999 -9999 -9999 -9999 -9999 154.283 -9999 -9999 -9999 -9999 -9999 285.891 331.5 317.927 319.696 333.68 339.94 378.969 350.291 278.172 279.516 234.476 198.673 172.926 148.472 129.524 118.362 138.175 172.783 117.483 111.796 106.746 108.035 108.523 115.454 120.554 115.809 116.964 119.462 120.335 117.132 116.816 122.399 121.051 117.524 119.671 114.896 107.96 102.748 99.987 91.426 92.937 105.142 108.612 104.651 110.001 112.733 110.879 106.786 113.151 104.098 98.155
-9999 -9999 -9999 -9999 -9999 -9999 -9999 -9999 -9999 -9999 -9999 -9999 -9999 -9999 -9999 -9999 -9999 -9999 -9999 -9999 -9999 -9999 -9999 264.507 306.098 274.29 318.343 346.851 396.513 388.604 352.822 306.513 252.834 209.781 180.832 144.848 130.375 110.637 106.149 132.482 109.138 107.602 105.119 102.462 102.407 104.184 109.628 110.236 113.232 118.158 119.244 125.783 115.922 107.075 111.887 116.888 113.918 117.822 120.088 114.167 113.758 115.346 106.43 96.264 100.162 100.775 104.411 104.523 108.507 114.829 107.059 103.119 103.691 100.586
-9999 -9999 -9999 -9999 -9999 -9999 -9999 -9999 -9999 -9999 -9999 -9999 -9999 -9999 -9999 -9999 -9999 -9999 -9999 -9999 -9999 -9999 -9999 -9999 274.601 363.918 414.837 402.542 389.911 362.895 312.874 254.396 216.834 181.814 150.683 150.319 120.344 106.65 106.941 110.847 110.92 103.588 102.561 101.085 104.291 107.265 113.152 111.678 118.761 117.456 114.961 122.86 119.111 100.648 103.636 109.885 110.197 115.667 119.957 118.219 125.902 127.952 116.048 106.729 105.48 104.2 107.554 113.567 109.956 109.57 106.421 100.757 97.331 89.621
-9999 -9999 -9999 -9999 -9999 -9999 -9999 -9999 -9999 -9999 -9999 -9999 -9999 -9999 -9999 -9999 -9999 -9999 -9999 -9999 -9999 -9999 -9999 276.25 326.987 405.355 414.36 388.527 343.204 315.212 273.031 248.218 220.201 170.732 157.246 146.019 126.264 142.161 116.83 111.414 116.419 108.816 97.611 108.992 119.202 121.083 116.831 111.69 115.255 112.995 114.591 119.434 116.969 108.89 103.181 106.887 105.108 105.953 113.513 113.375 116.323 122.127 112.734 107.647 110.569 111.553 114.905 119.437 113.521 106.83 100.815 97.974 102.977 98.059
-9999 -9999 -9999 -9999 -9999 -9999 -9999 -9999 -9999 -9999 -9999 -9999 -9999 -9999 -9999 -9999 -9999 -9999 -9999 -9999 -9999 -9999 -9999 248.282 313.776 375.124 341.003 304.884 285.436 277.819 272.809 254.583 202.095 167.165 155.989 133.686 131.736 129.738 124.943 126.214 120.784 107.283 105.733 108.787 112.046 116.102 110.958 109.858 116.904 117.299 121.798 121.42 117.551 114.653 111.089 107.154 102.809 102.222 104.186 109.606 113.484 118.081 111.283 106.123 109.685 121.031 118.345 118.796 118.429 106.902 102.735 98.414 95.292 98.697
-9999 -9999 -9999 -9999 -9999 -9999 -9999 -9999 -9999 -9999 -9999 -9999 -9999 -9999 -9999 -9999 -9999 -9999 -9999 -9999 -9999 -9999 -9999 234.321 274.336 273.523 290.967 276.351 278.052 284.587 278.216 231.511 204.534 165.871 143.4 122.321 128.687 137.329 142.901 151.304 151.177 129.33 123.479 115.253 113.597 114.654 105.91 110.457 114.267 117.566 124.792 124.895 123.971 117.531 112.998 106.933 109.441 106.749 105.507 106.995 105.079 108.808 106.904 107.284 109.633 115.755 119.632 111.564 105.692 101.815 102.284 104.463 95.183 86.003
-9999 -9999 -9999 -9999 -9999 -9999 -9999 -9999 -9999 -9999 -9999 -9999 -9999 -9999 -9999 -9999 -9999 -9999 -9999 -9999 -9999 -9999 -9999 -9999 259.779 290.411 310.325 329.877 333.061 294.622 251.099 203.182 158.818 144.426 132.455 127.545 125.29 129.251 145.198 156.629 157.827 137.817 120.499 109.429 122.622 118.073 106.724 114.812 113.918 121.309 126.251 120.227 117.386 119.407 110.658 108.826 111.874 116.646 109.002 107.715 107.672 102.438 106.14 109.543 108.683 107.737 106.604 107.029 103.583 99.566 102.885 100.879 96.487 88.668
-9999 -9999 -9999 -9999 -9999 -9999 -9999 -9999 -9999 -9999 -9999 -9999 -9999 -9999 -9999 -9999 -9999 -9999 -9999 -9999 -9999 -9999 -9999 -9999 250.181 284.511 321.612 374.119 389.938 314.058 248.081 184.323 160.631 160.77 165.161 161.761 157.144 143.253 132.136 147.672 148.536 135.609 131.822 138.92 128.348 114.23 120.539 122.05 119.97 122.894 123.22 125.287 119.897 116.818 112.948 124.494 122.24 116.389 111.9 109.647 115.291 114.673 111.899 112.318 109.363 105.787 112.162 110.53 113.837 104.706 106.161 104.352 96.209 94.768
-9999 -9999 -9999 -9999 -9999 -9999 -9999 -9999 -9999 -9999 -9999 -9999 -9999 -9999 -9999 -9999 -9999 -9999 -9999 -9999 -9999 -9999 -9999 244.664 217.975 275.802 331.627 384.668 360.649 304.661 235.982 220.344 224.008 196.466 179.008 173.943 145.195 137.632 142.846 150.042 135.184 142.887 151.217 142.406 138.828 130.686 120.905 123.671 116.975 124.307 130.361 129.083 129.722 121.122 115.654 109.981 123.622 117.43 112.422 111.676 119.914 117.046 114.908 115.048 112.879 108.621 111.918 110.73 108.724 109.588 108.084 102.918 98.445 98.309
-9999 -9999 -9999 -9999 -9999 -9999 -9999 -9999 -9999 -9999 -9999 -9999 -9999 -9999 -9999 -9999 -9999 -9999 -9999 -9999 -9999 -9999 -9999 206.86 230.002 267.891 302.404 348.767 359.065 300.05 249.017 219.805 211.962 213.163 205.613 184.716 167.432 173.9 158.949 136.787 145.893 138.983 142.683 142.041 151.79 116.58 120.488 117.773 117.888 122.047 130.879 146.007 133.687 129.6 121.003 117.317 115.72 116.331 108.931 106.335 106.172 111.233 109.146 113.684 110.157 112.073 115.311 113.081 108.889 104.586 110.42 105.615 94.848 98.028
-9999 -9999 -9999 -9999 -9999 -9999 -9999 -9999 -9999 -9999 -9999 -9999 -9999 -9999 -9999 -9999 -9999 -9999 -9999 -9999 -9999 -9999 -9999 212.223 225.796 242.398 289.756 336.971 347.08 310.883 245.326 214.911 224.447 216.822 198.746 189.302 203.331 195.364 146.99 146.17 136.531 152.295 127.85 142.77 129.408 120.08 119.311 110.12 107.205 116.366 130.381 127.585 135.202 133.177 125.819 120.124 115.928 113.493 108.197 105.343 107.437 104.863 107.075 107.778 113.121 110.125 110.1 112.512 105.42 102.793 98.312 103.694 95.886 92.481
-9999 -9999 -9999 -9999 -9999 -9999 -9999 -9999 -9999 -9999 -9999 -9999 -9999 -9999 -9999 -9999 -9999 -9999 -9999 -9999 -9999 -9999 218.972 215.987 238.088 251.98 273.967 313.299 320.037 297.516 240.484 204.793 196.95 189.668 185.46 198.876 195.857 166.931 164.078 143.304 139.102 123.233 120.025 123.166 121.844 124.149 112.279 108.156 113.06 111.55 115.971 120.21 124.252 129.5 122.503 116.207 114.217 109.602 104.367 100.261 101.992 103.474 107.77 110.344 111.562 111.216 107.154 106.706 110.313 97.39 96.811 97.702 96.322 95.987
-9999 -9999 -9999 -9999 -9999 -9999 -9999 -9999 -9999 -9999 -9999 -9999 -9999 -9999 -9999 -9999 -9999 -9999 -9999 -9999 -9999 214.141 211.856 221.757 226.001 231.644 285.925 324.277 331.39 302.613 257.631 214.909 210.095 189.412 185.226 204.826 180.471 191.151 153.551 139.012 129.207 124.556 126.594 135.397 133.716 130.154 128.446 121.128 110.291 111.933 117.206 116.691 118.038 119.842 119.423 114.889 112.894 110.053 105.026 103.943 104.722 104.215 101.706 106.368 111.699 109.605 103.751 101.04 101.205 101.208 104.653 104.932 98.532 97.866
-9999 -9999 -9999 -9999 -9999 -9999 -9999 -9999 -9999 -9999 -9999 -9999 -9999 -9999 -9999 -9999 -9999 -9999 -9999 243.754 233.23 227.233 203.655 215.039 229.166 254.748 305.695 339.095 355.909 320.644 262.536 223.619 189.958 189.342 193.501 194.77 179.922 157.521 151.155 132.602 126.162 124.366 135.097 136.311 126.911 133.58 127.573 115.722 115.491 116.451 120.298 115.535 115.724 113.571 112.191 105.202 103.721 101.657 105.728 110.498 116.031 118.409 113.982 107.822 106.578 104.67 104.221 107.805 102.219 102.428 98.648 106.219 101.226 96.121
