Validation/Results/ReClimate_11_2023_2_Temperature-Actuals.asc
NCOLS 192
NROWS 249
XLLCENTER -225160.85627316462
YLLCENTER 29788.11610251502
CELLSIZE 5000.0
NODATA_VALUE -9999
[rows 136 to 169 of 249, columns 77 to 153 of 192]
-9999 -9999 -9999 -9999 -9999 -9999 -9999 -9999 5.617 -9999 5.104 4.73 4.768 4.784 5.006 5.137 5.168 5.092 4.199 4.3 4.287 4.327 4.791 4.799 4.807 4.888 4.52 4.505 -9999 -9999 -9999 -9999 -9999 -9999 5.141 5.347 5.344 5.095 4.932 4.71 4.155 3.844 4.067 4.1 4.119 4.492 4.23 4.111 4.513 4.766 4.983 4.954 5.286 5.423 5.487 5.561 5.909 -9999 -9999 -9999 -9999 -9999 -9999 -9999 -9999 -9999 -9999 -9999 -9999 -9999 -9999 -9999 -9999 -9999 -9999 -9999 -9999
-9999 -9999 -9999 -9999 -9999 -9999 -9999 -9999 5.493 5.449 5.448 5.515 5.278 5.155 5.141 5.188 5.481 5.307 4.957 4.287 4.304 4.401 4.778 4.679 4.676 5.062 4.827 5.336 -9999 -9999 -9999 -9999 5.214 5.004 5.108 5.355 5.443 5.329 5.07 4.349 3.604 3.595 3.81 3.525 4.138 4.033 3.823 4.337 4.289 4.565 5.058 5.105 4.771 5.081 5.323 5.395 5.956 -9999 -9999 -9999 -9999 -9999 -9999 -9999 -9999 -9999 -9999 -9999 -9999 -9999 -9999 -9999 -9999 -9999 -9999 -9999 -9999
6.202 -9999 -9999 -9999 -9999 -9999 -9999 -9999 5.539 5.781 5.711 -9999 -9999 5.563 5.352 5.371 5.479 -9999 5.631 5.344 5.103 4.924 4.977 4.697 5.137 5.501 -9999 -9999 -9999 -9999 -9999 5.575 5.303 5.104 5.152 5.233 5.26 5.238 4.825 4.144 3.16 2.958 3.469 3.243 3.745 3.29 3.529 3.853 3.819 4.444 4.571 4.658 4.674 4.894 5.149 5.269 5.733 -9999 -9999 -9999 -9999 -9999 -9999 -9999 -9999 -9999 -9999 -9999 -9999 -9999 -9999 -9999 -9999 -9999 -9999 -9999 -9999
5.849 -9999 -9999 -9999 -9999 -9999 -9999 -9999 -9999 5.917 6.067 -9999 -9999 -9999 5.82 5.474 5.508 5.74 -9999 -9999 5.664 5.524 5.406 5.04 5.241 -9999 -9999 -9999 -9999 -9999 5.5 5.428 5.221 5.139 5.108 5.055 5.114 4.834 4.594 4.239 3.284 3.1 2.535 3.136 2.713 2.571 2.968 3.316 3.299 3.698 4.303 4.382 4.328 4.722 5.021 4.973 5.238 -9999 -9999 -9999 -9999 -9999 -9999 -9999 -9999 -9999 -9999 -9999 -9999 -9999 -9999 -9999 -9999 -9999 -9999 -9999 -9999
-9999 -9999 -9999 -9999 -9999 -9999 -9999 -9999 -9999 -9999 6.128 -9999 -9999 -9999 -9999 5.81 5.443 5.63 -9999 -9999 -9999 5.831 5.974 -9999 -9999 -9999 -9999 -9999 -9999 -9999 5.517 5.341 5.083 4.822 4.611 4.718 4.797 4.697 4.763 4.394 3.733 2.821 2.736 2.766 2.048 2.224 2.565 3.064 3.008 3.204 3.803 4.236 4.517 4.737 4.849 4.699 4.911 -9999 -9999 -9999 -9999 -9999 -9999 -9999 -9999 -9999 -9999 -9999 -9999 -9999 -9999 -9999 -9999 -9999 -9999 -9999 -9999
-9999 -9999 -9999 -9999 -9999 -9999 -9999 -9999 -9999 -9999 5.913 -9999 -9999 -9999 -9999 -9999 5.854 5.813 -9999 -9999 -9999 -9999 -9999 -9999 -9999 -9999 -9999 -9999 -9999 -9999 5.434 4.92 4.558 4.358 4.236 4.395 4.508 4.601 4.625 4.375 3.935 2.968 2.033 1.537 1.862 2.3 3.206 3.388 3.502 3.747 3.862 3.893 4.375 4.751 4.703 4.503 4.676 5.233 -9999 -9999 -9999 -9999 -9999 -9999 -9999 -9999 -9999 -9999 -9999 -9999 -9999 -9999 -9999 -9999 -9999 -9999 -9999
5.671 5.76 6.27 -9999 -9999 -9999 -9999 -9999 -9999 -9999 5.912 -9999 -9999 -9999 -9999 -9999 -9999 -9999 -9999 -9999 -9999 -9999 -9999 -9999 -9999 -9999 -9999 -9999 -9999 5.536 5.103 4.854 4.853 4.624 3.82 4.234 4.249 4.169 4.431 4.317 4.441 3.171 1.791 1.363 2.124 2.721 2.384 2.211 2.843 3.311 4.137 4.222 4.257 4.421 4.477 4.509 4.58 5.024 5.657 -9999 -9999 -9999 -9999 -9999 -9999 -9999 -9999 -9999 -9999 -9999 -9999 -9999 -9999 -9999 -9999 -9999 -9999
5.641 5.957 6.186 -9999 -9999 -9999 -9999 -9999 -9999 -9999 -9999 -9999 -9999 -9999 -9999 -9999 -9999 -9999 -9999 -9999 -9999 -9999 -9999 -9999 -9999 -9999 -9999 -9999 5.357 5.276 4.909 4.801 4.8 4.531 2.856 3.417 4.305 4.317 4.368 4.678 4.445 3.848 2.58 1.529 2.02 2.363 2.752 2.897 2.783 3.018 3.537 4.245 4.378 4.511 4.534 4.561 4.699 5.103 5.59 -9999 -9999 -9999 -9999 -9999 -9999 -9999 -9999 -9999 -9999 -9999 -9999 -9999 -9999 -9999 -9999 -9999 -9999
5.914 -9999 6.273 6.516 -9999 -9999 -9999 -9999 -9999 -9999 -9999 -9999 -9999 -9999 -9999 -9999 -9999 -9999 -9999 -9999 -9999 -9999 -9999 -9999 -9999 -9999 -9999 -9999 5.067 4.982 4.858 3.935 3.879 4.214 4.38 4.079 3.807 4.103 4.271 4.414 4.6 4.449 3.596 3.003 1.988 2.642 3.015 3.171 3.25 3.512 3.835 4.138 4.235 4.478 4.562 4.663 4.743 5.076 5.551 5.811 5.85 -9999 -9999 -9999 -9999 -9999 -9999 -9999 -9999 -9999 -9999 -9999 -9999 -9999 -9999 -9999 -9999
5.931 -9999 -9999 6.501 -9999 -9999 -9999 -9999 -9999 -9999 -9999 -9999 -9999 -9999 -9999 -9999 -9999 -9999 -9999 -9999 -9999 -9999 -9999 -9999 -9999 -9999 -9999 -9999 5.196 4.993 4.305 3.457 4.721 4.776 3.963 3.478 4.04 3.973 3.733 4.479 4.344 4.679 4.735 3.859 3.27 2.861 3.094 3.314 3.738 3.952 4.263 4.494 4.659 4.63 4.78 4.699 4.848 5.045 5.307 5.083 5.136 5.151 5.407 5.012 -9999 -9999 -9999 -9999 -9999 -9999 -9999 -9999 -9999 -9999 -9999 -9999 -9999
5.898 6.226 -9999 6.577 -9999 -9999 -9999 -9999 -9999 -9999 -9999 -9999 -9999 -9999 -9999 -9999 -9999 -9999 -9999 -9999 -9999 -9999 -9999 -9999 -9999 -9999 -9999 6.075 5.278 4.743 3.665 3.099 3.063 3.797 4.029 3.959 3.664 3.2 4.142 3.535 4.113 4.479 4.636 4.42 4.128 3.625 3.049 3.281 3.729 4.091 4.338 4.562 4.731 4.886 4.89 4.896 4.96 5.086 5.118 4.94 4.191 4.171 4.277 4.401 4.844 4.593 -9999 -9999 -9999 -9999 -9999 -9999 -9999 -9999 -9999 -9999 -9999
6.013 -9999 6.401 -9999 -9999 -9999 -9999 -9999 -9999 -9999 -9999 -9999 -9999 -9999 -9999 -9999 -9999 -9999 -9999 -9999 -9999 -9999 -9999 -9999 -9999 -9999 -9999 -9999 5.908 4.981 3.616 3.283 3.71 2.468 3.17 3.894 3.412 3.884 2.947 3.251 4.005 4.3 4.241 4.269 3.932 2.442 2.725 2.869 2.885 3.243 4.011 4.313 4.575 4.838 4.948 4.96 5.025 5.169 5.219 5.028 4.399 4.046 4.232 4.246 4.207 4.433 4.464 -9999 -9999 -9999 -9999 -9999 -9999 -9999 -9999 -9999 -9999
6.135 6.175 6.295 -9999 -9999 -9999 -9999 -9999 -9999 -9999 -9999 -9999 -9999 -9999 -9999 -9999 -9999 -9999 -9999 -9999 -9999 -9999 -9999 -9999 -9999 -9999 -9999 -9999 -9999 5.579 4.839 4.764 3.587 3.614 3.88 4.564 4.738 3.517 3.531 3.915 4.052 3.74 3.726 3.974 3.091 2.772 2.593 2.128 2.551 3.18 3.455 4.079 4.427 4.778 4.924 4.934 5.025 5.151 4.573 4.327 3.753 3.157 3.395 3.68 4.093 4.029 4.296 4.858 -9999 -9999 -9999 -9999 -9999 -9999 -9999 -9999 -9999
6.365 6.206 -9999 -9999 -9999 -9999 -9999 -9999 -9999 -9999 -9999 -9999 -9999 -9999 -9999 -9999 -9999 -9999 -9999 -9999 -9999 -9999 -9999 -9999 -9999 -9999 -9999 -9999 -9999 6.155 5.586 5.062 4.45 3.895 3.438 4.703 4.193 4.343 4.562 4.518 4.251 3.794 2.894 3.721 3.055 2.435 2.8 3.512 3.667 3.599 3.75 3.95 4.517 4.849 4.927 4.926 4.825 4.536 4.231 3.828 3.897 3.635 3.5 3.39 3.488 3.745 3.928 4.53 5.45 -9999 -9999 -9999 -9999 -9999 -9999 -9999 -9999
6.335 6.461 -9999 -9999 -9999 -9999 -9999 -9999 -9999 -9999 -9999 -9999 -9999 -9999 -9999 -9999 -9999 -9999 -9999 -9999 -9999 -9999 -9999 -9999 -9999 -9999 -9999 -9999 -9999 -9999 5.318 4.66 4.42 3.825 4.583 4.467 4.806 4.888 4.848 4.653 4.402 3.908 3.983 2.777 3.088 3.248 3.163 3.528 3.586 3.443 4.062 4.191 4.6 4.812 4.947 4.928 4.673 4.347 4.171 3.993 3.826 3.779 3.744 3.632 3.587 3.678 4.037 4.362 5.121 -9999 -9999 -9999 -9999 -9999 -9999 -9999 -9999
-9999 -9999 -9999 -9999 -9999 -9999 -9999 -9999 -9999 -9999 -9999 -9999 -9999 -9999 -9999 -9999 -9999 -9999 -9999 -9999 -9999 -9999 -9999 -9999 -9999 -9999 -9999 -9999 -9999 -9999 6.008 4.406 4.633 5.173 4.804 5.051 5.003 5.166 5.006 4.521 4.528 4.521 2.83 3.416 3.176 3.109 2.974 3.708 3.779 3.922 4.023 4.365 4.535 4.836 4.962 4.954 4.774 4.195 3.871 4.02 4.173 4.111 4.044 3.88 3.839 3.776 3.891 4.431 4.699 5.518 -9999 -9999 -9999 -9999 -9999 -9999 -9999
-9999 -9999 -9999 -9999 -9999 -9999 -9999 -9999 -9999 -9999 -9999 -9999 -9999 -9999 -9999 -9999 -9999 -9999 -9999 -9999 -9999 -9999 -9999 -9999 -9999 -9999 -9999 -9999 -9999 -9999 -9999 5.519 5.623 5.231 4.982 5.166 5.098 5.325 5.095 4.782 4.849 4.114 3.249 2.842 2.863 2.524 2.938 2.95 3.225 3.672 3.677 4.002 4.456 4.784 4.932 4.8 4.649 4.534 3.847 3.86 4.432 4.719 4.522 4.404 4.34 4.398 4.467 4.704 5.002 5.188 -9999 -9999 -9999 -9999 -9999 -9999 -9999
-9999 -9999 -9999 -9999 -9999 -9999 -9999 -9999 -9999 -9999 -9999 -9999 -9999 -9999 -9999 -9999 -9999 -9999 -9999 -9999 -9999 -9999 -9999 -9999 -9999 -9999 -9999 -9999 -9999 -9999 -9999 5.999 -9999 5.147 5.363 5.266 5.358 -9999 5.352 5.023 4.895 4.209 3.198 3.182 3.144 2.672 2.926 2.883 2.343 3.078 3.392 3.628 3.983 4.558 4.813 4.735 4.599 4.602 4.654 4.467 4.777 4.971 4.791 4.574 4.556 4.621 4.754 4.853 4.591 4.568 4.914 -9999 -9999 -9999 -9999 -9999 -9999
-9999 -9999 -9999 -9999 -9999 -9999 -9999 -9999 -9999 -9999 -9999 -9999 -9999 -9999 -9999 -9999 -9999 -9999 -9999 -9999 -9999 -9999 -9999 -9999 -9999 -9999 -9999 -9999 -9999 -9999 -9999 -9999 5.852 5.401 -9999 -9999 -9999 -9999 5.597 5.289 5.205 4.643 4.213 3.392 3.24 3.028 2.875 3.542 3.182 2.652 3.335 3.519 4.004 4.398 4.762 4.867 4.835 4.795 4.824 4.822 4.729 4.836 4.67 4.549 4.633 4.615 4.463 4.509 4.647 4.509 4.57 4.83 5.309 -9999 -9999 -9999 -9999
-9999 -9999 -9999 -9999 -9999 -9999 -9999 -9999 -9999 -9999 -9999 -9999 -9999 -9999 -9999 -9999 -9999 -9999 -9999 -9999 -9999 -9999 -9999 -9999 -9999 -9999 -9999 -9999 -9999 -9999 -9999 -9999 6.062 5.85 -9999 -9999 -9999 -9999 5.727 5.205 5.319 4.924 4.227 4.329 4.151 3.402 3.31 3.467 3.631 2.741 3.235 3.503 3.809 4.28 4.763 4.94 4.975 4.954 4.903 4.9 4.842 4.739 4.687 4.628 4.633 4.51 4.303 4.162 4.242 4.402 4.672 4.964 5.347 -9999 -9999 -9999 -9999
-9999 -9999 -9999 -9999 -9999 -9999 -9999 -9999 -9999 -9999 -9999 -9999 -9999 -9999 -9999 -9999 -9999 -9999 -9999 -9999 -9999 -9999 -9999 -9999 -9999 -9999 -9999 -9999 -9999 -9999 -9999 -9999 6.104 -9999 -9999 -9999 -9999 5.921 5.572 5.174 4.489 4.161 4.15 4.144 4.216 3.723 3.286 3.777 3.781 3.706 3.253 3.685 3.971 4.39 4.742 4.987 4.928 4.928 4.938 4.98 5.006 4.952 4.915 4.692 4.297 4.265 4.254 4.331 4.408 4.543 4.779 5.131 -9999 -9999 -9999 -9999 -9999
-9999 -9999 -9999 -9999 -9999 -9999 -9999 -9999 -9999 -9999 -9999 -9999 -9999 -9999 -9999 -9999 -9999 -9999 -9999 -9999 -9999 -9999 -9999 -9999 -9999 -9999 -9999 -9999 -9999 -9999 -9999 -9999 -9999 -9999 -9999 -9999 -9999 6.004 5.437 4.394 3.601 3.309 3.755 4.309 4.261 4.36 4.231 4.346 4.181 3.958 3.74 3.754 4.161 4.489 4.741 4.962 4.959 4.915 4.986 5.095 5.153 5.095 5.012 4.895 4.237 3.867 4.328 4.532 4.738 4.79 4.944 5.117 -9999 -9999 -9999 -9999 -9999
-9999 -9999 -9999 -9999 -9999 -9999 -9999 -9999 -9999 -9999 -9999 -9999 -9999 -9999 -9999 -9999 -9999 -9999 -9999 -9999 -9999 -9999 -9999 -9999 -9999 -9999 -9999 -9999 -9999 -9999 -9999 -9999 -9999 -9999 -9999 -9999 -9999 5.903 5.361 4.58 3.776 3.759 4.21 4.346 4.643 4.602 4.581 4.613 4.5 4.612 4.173 4.139 4.197 4.443 4.682 4.912 5.066 5.017 5.065 5.191 5.242 5.189 5.082 5.005 4.668 4.139 4.325 4.696 4.887 4.98 5.02 5.065 -9999 -9999 -9999 -9999 -9999
-9999 -9999 -9999 -9999 -9999 -9999 -9999 -9999 -9999 -9999 -9999 -9999 -9999 -9999 -9999 -9999 -9999 -9999 -9999 -9999 -9999 -9999 -9999 -9999 -9999 -9999 -9999 -9999 -9999 -9999 -9999 -9999 -9999 -9999 -9999 -9999 5.982 5.807 5.358 4.453 3.882 3.632 4.209 4.25 4.959 4.716 4.741 4.477 4.404 4.242 4.858 4.807 4.907 4.822 5.0 4.91 5.027 5.108 5.039 5.071 5.223 5.2 5.142 5.061 4.972 4.581 4.517 4.8 5.019 5.083 5.055 5.028 5.087 -9999 -9999 -9999 -9999
-9999 -9999 -9999 -9999 -9999 -9999 -9999 -9999 -9999 -9999 -9999 -9999 -9999 -9999 -9999 -9999 -9999 -9999 -9999 -9999 -9999 -9999 -9999 -9999 -9999 -9999 -9999 -9999 -9999 -9999 -9999 -9999 -9999 -9999 -9999 -9999 5.796 5.751 5.459 4.968 4.28 4.861 4.734 5.2 4.716 4.35 4.446 4.192 4.241 4.577 4.395 4.822 4.821 4.782 4.823 4.971 4.972 5.097 5.136 5.099 5.142 5.185 5.151 5.129 5.071 4.966 4.686 4.809 5.07 5.161 5.103 4.974 5.019 -9999 -9999 -9999 -9999
-9999 -9999 -9999 -9999 -9999 -9999 -9999 -9999 -9999 -9999 -9999 -9999 -9999 -9999 -9999 -9999 -9999 -9999 -9999 -9999 -9999 -9999 -9999 -9999 -9999 -9999 -9999 -9999 -9999 -9999 -9999 -9999 -9999 -9999 -9999 5.886 5.714 5.718 5.77 5.305 5.239 5.154 5.337 5.217 4.65 4.594 4.425 4.18 4.22 4.386 5.08 4.834 5.186 5.124 5.022 4.881 4.975 5.052 5.138 5.153 5.144 5.166 5.166 5.155 5.114 5.05 4.893 4.731 4.989 5.256 5.267 5.022 4.89 5.107 -9999 -9999 -9999
-9999 -9999 -9999 -9999 -9999 -9999 -9999 -9999 -9999 -9999 -9999 -9999 -9999 -9999 -9999 -9999 -9999 -9999 -9999 -9999 -9999 -9999 -9999 -9999 -9999 -9999 -9999 -9999 -9999 -9999 -9999 -9999 -9999 -9999 -9999 5.73 5.664 5.738 5.756 5.628 5.487 5.436 5.231 4.967 5.054 4.824 4.29 3.481 3.671 3.929 4.552 5.09 4.993 5.303 5.439 5.244 5.001 5.094 5.18 5.197 5.189 5.198 5.217 5.22 5.213 5.193 5.035 4.855 5.066 5.442 5.536 5.341 5.018 5.001 -9999 -9999 -9999
-9999 -9999 -9999 -9999 -9999 -9999 -9999 -9999 -9999 -9999 -9999 -9999 -9999 -9999 -9999 -9999 -9999 -9999 -9999 -9999 -9999 -9999 -9999 -9999 -9999 -9999 -9999 -9999 -9999 -9999 -9999 -9999 -9999 -9999 -9999 5.789 5.699 5.772 5.881 5.826 5.686 5.357 5.096 4.968 4.628 4.12 3.508 3.483 3.701 3.906 4.387 4.869 4.8 4.81 5.271 5.516 5.445 5.339 5.339 5.289 5.241 5.261 5.274 5.278 5.291 5.289 5.302 5.181 5.261 5.59 5.71 5.556 5.269 5.075 5.168 -9999 -9999
-9999 -9999 -9999 -9999 -9999 -9999 -9999 -9999 -9999 -9999 -9999 -9999 -9999 -9999 -9999 -9999 -9999 -9999 -9999 -9999 -9999 -9999 -9999 -9999 -9999 -9999 -9999 -9999 -9999 -9999 -9999 -9999 -9999 -9999 -9999 -9999 5.695 5.747 5.86 5.793 5.368 4.935 4.699 4.53 4.456 4.256 3.849 4.003 3.975 4.349 5.049 5.178 5.091 4.839 5.186 5.465 5.475 5.478 5.479 5.381 5.318 5.328 5.343 5.332 5.32 5.322 5.301 5.365 5.394 -9999 5.661 -9999 5.381 5.254 5.228 5.432 -9999
-9999 -9999 -9999 -9999 -9999 -9999 -9999 -9999 -9999 -9999 -9999 -9999 -9999 -9999 -9999 -9999 -9999 -9999 -9999 -9999 -9999 -9999 -9999 -9999 -9999 -9999 -9999 -9999 -9999 -9999 -9999 -9999 -9999 -9999 -9999 5.883 5.743 5.773 5.863 5.683 5.125 4.437 4.356 4.466 4.084 4.064 4.252 3.947 3.641 4.046 4.652 5.45 5.299 5.217 5.4 5.458 5.382 5.464 5.462 5.434 5.39 5.384 5.362 5.34 5.308 5.135 5.153 5.252 5.174 5.208 5.394 5.436 -9999 5.401 5.432 5.356 5.515
-9999 -9999 -9999 -9999 -9999 -9999 -9999 -9999 -9999 -9999 -9999 -9999 -9999 -9999 -9999 -9999 -9999 -9999 -9999 -9999 -9999 -9999 -9999 -9999 -9999 -9999 -9999 -9999 -9999 -9999 -9999 -9999 -9999 -9999 -9999 5.931 5.835 5.926 5.844 5.472 5.146 4.765 4.559 4.696 4.671 4.767 4.875 4.294 3.852 4.155 4.679 4.989 5.014 5.085 5.226 5.294 5.186 5.226 5.382 5.421 5.467 5.443 5.388 5.325 5.298 5.251 5.036 5.118 5.122 4.918 5.048 5.249 5.364 -9999 -9999 -9999 -9999
-9999 -9999 -9999 -9999 -9999 -9999 -9999 -9999 -9999 -9999 -9999 -9999 -9999 -9999 -9999 -9999 -9999 -9999 -9999 -9999 -9999 -9999 -9999 -9999 -9999 -9999 -9999 -9999 -9999 -9999 -9999 -9999 -9999 -9999 6.043 6.041 5.933 5.808 5.68 5.627 5.482 5.06 5.232 5.277 5.319 5.408 5.214 4.526 3.652 3.459 4.038 4.497 4.457 4.836 5.218 5.245 5.312 5.23 5.342 5.448 5.501 5.477 5.41 5.323 5.288 5.258 5.181 5.061 5.053 4.829 4.773 4.98 5.2 5.329 5.419 -9999 -9999
-9999 -9999 -9999 -9999 -9999 -9999 -9999 -9999 -9999 -9999 -9999 -9999 -9999 -9999 -9999 -9999 -9999 -9999 -9999 -9999 -9999 -9999 -9999 -9999 -9999 -9999 -9999 -9999 -9999 -9999 -9999 -9999 -9999 -9999 6.156 5.994 5.949 5.866 5.661 5.465 5.656 5.622 5.648 5.648 5.701 5.732 5.477 4.896 4.217 3.251 2.973 3.783 4.027 4.411 4.994 5.086 5.42 5.515 5.366 5.435 5.522 5.506 5.439 5.346 5.291 5.27 5.177 5.117 5.082 5.021 4.63 4.739 4.964 5.158 5.325 5.485 -9999
-9999 -9999 -9999 -9999 -9999 -9999 -9999 -9999 -9999 -9999 -9999 -9999 -9999 -9999 -9999 -9999 -9999 -9999 -9999 -9999 -9999 -9999 -9999 -9999 -9999 -9999 -9999 -9999 -9999 -9999 -9999 -9999 -9999 -9999 -9999 6.061 5.988 5.912 5.645 5.747 5.772 5.817 5.878 5.935 6.115 6.081 5.792 5.321 4.517 3.666 2.851 2.743 3.502 4.099 4.7 5.169 5.186 5.417 5.347 5.337 5.453 5.456 5.422 5.339 5.275 5.214 5.115 5.062 5.093 5.028 4.801 4.619 4.767 4.928 5.172 5.379 5.385
