Validation/Results/ReClimate_09_2024_2_Precipitation-Actualsweatherlogisticsltd.asc
NCOLS 192
NROWS 249
XLLCENTER -225160.85627316462
YLLCENTER 29788.11610251502
CELLSIZE 5000.0
NODATA_VALUE -9999
[rows 66 to 98 of 249, columns 74 to 147 of 192]
-9999 -9999 -9999 -9999 -9999 -9999 -9999 -9999 -9999 -9999 -9999 140.805 -9999 152.024 184.471 225.501 233.755 240.039 212.322 196.578 166.525 145.495 122.454 129.466 137.641 126.357 125.324 125.061 120.442 120.732 110.141 106.693 -9999 -9999 -9999 -9999 -9999 -9999 -9999 -9999 -9999 -9999 -9999 -9999 -9999 -9999 -9999 -9999 -9999 -9999 -9999 -9999 -9999 -9999 -9999 -9999 -9999 -9999 -9999 -9999 -9999 -9999 -9999 -9999 -9999 -9999 -9999 -9999 -9999 -9999 -9999 -9999 -9999 -9999
-9999 -9999 -9999 -9999 -9999 -9999 -9999 -9999 -9999 -9999 -9999 -9999 142.736 176.695 185.609 208.892 212.379 206.232 198.683 187.828 161.752 139.721 127.718 123.509 119.853 115.224 117.965 116.968 116.112 102.712 -9999 -9999 -9999 -9999 -9999 -9999 -9999 -9999 -9999 -9999 -9999 -9999 -9999 -9999 -9999 -9999 -9999 -9999 -9999 -9999 -9999 -9999 -9999 -9999 -9999 -9999 -9999 -9999 -9999 -9999 -9999 -9999 -9999 -9999 -9999 -9999 -9999 -9999 -9999 -9999 -9999 -9999 -9999 -9999
-9999 -9999 -9999 -9999 -9999 -9999 -9999 -9999 -9999 -9999 -9999 -9999 171.04 185.912 179.824 174.83 187.731 192.083 172.221 154.857 142.266 126.353 119.814 114.356 118.101 116.131 105.854 106.534 97.101 83.098 -9999 -9999 -9999 -9999 -9999 -9999 -9999 -9999 -9999 -9999 -9999 -9999 -9999 -9999 -9999 -9999 -9999 -9999 -9999 -9999 -9999 -9999 -9999 -9999 -9999 -9999 -9999 -9999 -9999 -9999 -9999 -9999 -9999 -9999 -9999 -9999 -9999 -9999 -9999 -9999 -9999 -9999 -9999 -9999
-9999 -9999 -9999 -9999 -9999 -9999 -9999 -9999 -9999 -9999 -9999 -9999 -9999 -9999 163.578 173.744 183.252 166.476 153.57 153.606 146.301 130.55 113.464 109.935 118.131 108.223 99.936 84.424 -9999 -9999 -9999 -9999 -9999 -9999 -9999 -9999 -9999 -9999 -9999 -9999 -9999 -9999 -9999 -9999 -9999 -9999 -9999 -9999 -9999 -9999 -9999 -9999 -9999 -9999 -9999 -9999 -9999 -9999 -9999 -9999 -9999 -9999 -9999 -9999 -9999 -9999 -9999 -9999 -9999 -9999 -9999 -9999 -9999 -9999
-9999 -9999 -9999 -9999 -9999 -9999 -9999 -9999 153.693 -9999 -9999 176.449 188.587 175.7 168.439 193.353 183.685 173.895 170.477 168.2 151.793 133.214 104.32 104.328 103.531 105.964 89.158 76.776 -9999 -9999 -9999 -9999 -9999 -9999 -9999 -9999 -9999 -9999 -9999 -9999 -9999 -9999 -9999 -9999 -9999 -9999 -9999 -9999 -9999 -9999 -9999 -9999 -9999 -9999 -9999 -9999 -9999 -9999 -9999 -9999 -9999 -9999 -9999 -9999 -9999 -9999 -9999 -9999 -9999 -9999 -9999 -9999 -9999 -9999
-9999 -9999 -9999 -9999 -9999 -9999 158.21 155.593 162.041 162.376 178.202 192.333 209.282 212.934 210.218 175.194 197.112 204.958 201.359 181.253 157.299 147.28 134.97 100.004 97.262 86.33 75.578 64.907 -9999 -9999 -9999 -9999 -9999 -9999 -9999 -9999 -9999 -9999 -9999 -9999 -9999 -9999 -9999 -9999 -9999 -9999 -9999 -9999 -9999 -9999 -9999 -9999 -9999 -9999 -9999 -9999 -9999 -9999 -9999 -9999 -9999 -9999 -9999 -9999 -9999 -9999 -9999 -9999 -9999 -9999 -9999 -9999 -9999 -9999
-9999 -9999 -9999 -9999 -9999 -9999 161.847 169.689 -9999 183.974 203.253 216.586 220.605 244.806 197.156 203.128 216.677 234.584 243.121 200.753 182.854 179.581 143.757 123.048 111.771 87.086 74.753 -9999 58.5 -9999 -9999 -9999 -9999 -9999 -9999 -9999 -9999 -9999 -9999 -9999 -9999 -9999 -9999 -9999 -9999 -9999 -9999 -9999 -9999 -9999 -9999 -9999 -9999 -9999 -9999 -9999 -9999 -9999 -9999 -9999 -9999 -9999 -9999 -9999 -9999 -9999 -9999 -9999 -9999 -9999 -9999 -9999 -9999 -9999
-9999 -9999 -9999 -9999 -9999 -9999 -9999 187.755 198.209 206.031 226.743 222.333 249.044 223.645 210.535 202.431 205.26 221.547 218.436 184.395 176.995 172.98 140.156 122.816 94.316 78.235 73.943 60.476 56.924 -9999 -9999 -9999 -9999 -9999 -9999 -9999 -9999 -9999 -9999 -9999 -9999 -9999 -9999 -9999 -9999 -9999 -9999 -9999 -9999 -9999 -9999 -9999 -9999 -9999 -9999 -9999 -9999 -9999 -9999 -9999 -9999 -9999 -9999 -9999 -9999 -9999 -9999 -9999 -9999 -9999 -9999 -9999 -9999 -9999
175.388 -9999 -9999 -9999 -9999 -9999 -9999 -9999 202.186 215.156 227.194 269.363 259.636 252.663 232.102 233.757 234.732 208.29 176.569 162.322 176.887 161.312 139.569 116.949 87.962 77.877 63.794 61.434 62.946 -9999 -9999 -9999 -9999 -9999 -9999 -9999 -9999 -9999 -9999 -9999 -9999 -9999 -9999 -9999 -9999 -9999 -9999 -9999 -9999 -9999 -9999 -9999 -9999 -9999 -9999 -9999 -9999 -9999 -9999 -9999 -9999 -9999 -9999 -9999 -9999 -9999 -9999 -9999 -9999 -9999 -9999 -9999 -9999 -9999
189.133 -9999 -9999 -9999 -9999 -9999 196.578 205.455 224.931 232.397 243.734 245.911 273.666 260.905 248.368 246.16 215.692 192.057 180.018 155.968 160.414 174.083 137.039 95.905 76.813 69.494 -9999 65.684 -9999 -9999 -9999 -9999 -9999 -9999 67.483 65.451 64.796 -9999 -9999 -9999 -9999 -9999 -9999 -9999 -9999 -9999 -9999 -9999 -9999 -9999 -9999 -9999 -9999 -9999 -9999 -9999 -9999 -9999 -9999 -9999 -9999 -9999 -9999 -9999 -9999 -9999 -9999 -9999 -9999 -9999 -9999 -9999 -9999 -9999
200.087 185.702 -9999 -9999 -9999 -9999 -9999 220.212 231.768 251.197 249.868 270.286 253.505 245.913 237.714 235.501 200.812 178.085 150.913 151.549 167.619 140.976 104.988 86.9 80.924 76.511 67.808 -9999 -9999 -9999 -9999 52.301 54.556 58.912 63.992 65.704 64.301 65.112 67.841 77.108 86.776 89.353 85.237 83.745 83.207 84.104 89.623 93.543 93.251 90.859 87.244 85.054 84.867 -9999 -9999 -9999 -9999 -9999 -9999 -9999 -9999 -9999 -9999 -9999 -9999 -9999 -9999 -9999 -9999 -9999 -9999 -9999 -9999 -9999
244.365 245.535 -9999 -9999 -9999 205.423 -9999 214.249 218.156 252.742 296.065 283.138 251.997 228.614 234.003 212.24 198.575 176.63 162.812 140.18 120.526 109.487 91.113 83.095 85.412 73.544 -9999 -9999 -9999 -9999 59.601 56.454 61.677 66.536 73.088 67.335 70.668 74.486 70.94 95.069 97.136 95.866 87.14 83.39 84.508 85.73 89.598 95.017 98.6 95.666 95.99 97.2 85.545 -9999 -9999 -9999 -9999 -9999 -9999 -9999 -9999 -9999 -9999 -9999 -9999 -9999 -9999 -9999 -9999 -9999 -9999 -9999 -9999 -9999
259.183 261.491 -9999 -9999 -9999 211.693 213.996 212.05 258.376 301.676 300.313 296.051 246.932 248.054 234.974 212.923 185.701 173.656 170.034 142.873 130.29 100.874 82.233 86.866 75.292 -9999 -9999 63.182 62.341 62.459 63.752 66.8 69.107 77.135 79.869 85.901 92.324 84.906 90.659 93.618 94.043 88.491 88.993 93.87 87.14 91.311 93.219 100.994 102.612 100.485 105.026 99.858 90.274 84.451 -9999 -9999 -9999 -9999 -9999 -9999 -9999 -9999 -9999 -9999 -9999 -9999 -9999 -9999 -9999 -9999 -9999 -9999 -9999 -9999
247.71 248.411 -9999 223.854 -9999 197.864 200.681 261.875 307.991 285.838 310.695 291.632 275.309 262.788 246.289 236.12 211.594 192.271 170.739 156.976 124.996 100.014 76.355 69.645 68.075 -9999 74.559 75.879 75.394 69.003 69.457 71.932 84.189 91.85 98.06 103.615 99.816 94.882 99.491 101.568 99.086 94.191 93.476 88.575 92.648 93.38 95.709 102.258 100.886 98.902 96.351 96.762 90.633 84.744 -9999 -9999 -9999 -9999 -9999 -9999 -9999 -9999 -9999 -9999 -9999 -9999 -9999 -9999 -9999 -9999 -9999 -9999 -9999 -9999
244.972 -9999 231.006 -9999 -9999 -9999 246.742 340.888 298.966 279.383 242.657 257.864 259.932 253.188 256.265 241.745 234.418 210.222 184.277 148.496 121.827 92.662 79.755 87.394 76.703 76.969 87.258 95.609 98.036 89.313 80.676 90.071 98.039 107.114 105.859 92.862 92.228 93.682 96.597 104.174 98.233 95.664 87.891 87.405 92.599 100.717 100.056 99.92 99.864 101.693 97.906 96.295 93.151 88.299 -9999 -9999 -9999 -9999 -9999 -9999 -9999 -9999 -9999 -9999 -9999 -9999 -9999 -9999 -9999 -9999 -9999 -9999 -9999 -9999
260.874 259.021 -9999 -9999 -9999 -9999 275.172 277.125 256.353 -9999 240.647 259.393 266.263 251.955 244.663 235.247 201.558 184.915 175.327 154.398 135.749 112.796 109.59 105.373 81.694 91.148 92.928 108.942 123.746 110.924 90.214 88.973 103.674 111.964 93.868 87.233 103.023 98.729 113.219 111.601 103.06 99.433 88.197 88.997 103.15 98.161 97.059 94.938 98.939 95.329 97.974 95.882 89.868 86.229 -9999 -9999 -9999 -9999 -9999 -9999 -9999 -9999 -9999 -9999 -9999 -9999 -9999 -9999 -9999 -9999 -9999 -9999 -9999 -9999
315.11 340.758 -9999 -9999 -9999 237.316 -9999 -9999 214.485 219.146 250.615 286.282 292.18 275.789 271.808 238.771 220.079 179.511 154.57 140.251 131.053 123.093 121.608 85.611 93.508 95.043 115.195 117.063 120.924 119.628 96.412 94.124 99.867 95.633 91.73 107.303 103.93 108.436 114.426 110.474 118.263 106.526 96.002 105.049 98.206 94.169 94.046 98.364 90.617 89.762 90.548 91.276 86.488 -9999 -9999 -9999 -9999 -9999 -9999 -9999 -9999 -9999 -9999 -9999 -9999 -9999 -9999 -9999 -9999 -9999 -9999 -9999 -9999 -9999
367.595 388.879 325.414 262.879 -9999 -9999 -9999 243.342 212.24 -9999 259.925 269.826 279.915 287.068 273.381 267.08 216.969 161.336 149.153 142.679 139.268 128.358 103.382 109.869 103.006 115.183 120.181 117.191 121.943 110.65 89.196 89.416 86.865 92.197 113.899 104.792 111.535 133.687 121.085 115.863 115.538 104.525 99.558 97.196 95.476 89.294 93.25 89.293 89.433 87.117 87.258 84.319 -9999 -9999 -9999 -9999 -9999 -9999 -9999 -9999 -9999 -9999 -9999 -9999 -9999 -9999 -9999 -9999 -9999 -9999 -9999 -9999 -9999 -9999
355.512 367.376 318.397 275.954 -9999 251.326 253.406 251.906 256.62 286.444 285.643 291.405 311.977 313.778 275.692 230.053 207.595 182.534 173.94 167.7 152.773 128.748 118.276 121.963 140.196 142.319 126.898 121.802 112.045 82.492 82.004 88.67 94.039 104.483 91.877 94.461 109.358 126.677 133.829 131.641 133.211 106.832 108.367 105.059 108.529 116.734 94.982 88.151 95.278 97.287 88.698 79.691 -9999 -9999 -9999 -9999 -9999 -9999 -9999 -9999 -9999 -9999 -9999 -9999 -9999 -9999 -9999 -9999 -9999 -9999 -9999 -9999 -9999 -9999
323.757 326.93 295.981 272.54 266.391 254.998 272.582 -9999 264.735 299.566 339.757 369.475 348.087 317.804 269.216 268.704 228.388 196.516 164.955 155.826 153.373 124.924 121.984 150.526 165.659 143.429 135.001 134.52 104.217 103.771 86.273 88.019 88.883 93.944 104.909 105.058 118.105 141.042 133.634 124.178 114.856 103.36 98.844 90.568 98.972 96.014 89.806 88.666 92.376 89.363 81.686 -9999 -9999 -9999 -9999 -9999 -9999 -9999 -9999 -9999 -9999 -9999 -9999 -9999 -9999 -9999 -9999 -9999 -9999 -9999 -9999 -9999 -9999 -9999
317.984 -9999 -9999 -9999 247.92 268.594 -9999 264.909 303.686 363.121 398.357 378.695 388.243 348.28 323.02 278.961 208.421 202.07 193.201 180.962 147.822 140.603 156.403 183.087 183.908 173.321 168.467 130.921 131.333 108.843 96.773 112.175 104.058 126.913 126.492 126.767 133.954 127.687 105.161 105.32 102.407 106.711 101.118 86.698 94.97 94.754 88.838 87.311 89.581 87.576 79.588 -9999 -9999 -9999 -9999 -9999 -9999 -9999 -9999 -9999 -9999 -9999 -9999 -9999 -9999 -9999 -9999 -9999 -9999 -9999 -9999 -9999 -9999 -9999
-9999 -9999 -9999 233.344 257.739 -9999 238.394 261.923 -9999 354.374 347.966 389.691 386.894 378.059 328.889 261.533 242.426 218.37 179.454 160.299 175.949 172.538 185.807 212.12 210.54 194.083 161.493 128.172 104.202 89.597 106.304 118.541 140.417 150.563 140.73 127.828 128.682 114.238 111.848 101.572 100.985 106.803 92.896 94.24 100.532 95.993 92.586 86.147 94.192 92.056 79.507 -9999 -9999 -9999 -9999 -9999 -9999 -9999 -9999 -9999 -9999 -9999 -9999 -9999 -9999 -9999 -9999 -9999 -9999 -9999 -9999 -9999 -9999 -9999
-9999 -9999 -9999 225.632 -9999 -9999 235.434 266.619 327.746 335.898 378.649 402.938 392.488 324.5 291.59 240.28 203.952 182.374 189.597 212.984 219.965 217.81 226.854 228.299 210.322 170.596 118.998 98.985 106.239 133.447 150.36 196.071 203.467 179.814 163.005 156.952 133.64 119.261 105.493 98.343 89.924 94.471 92.965 96.084 104.798 120.911 97.936 88.396 88.732 87.023 79.992 -9999 -9999 -9999 -9999 -9999 -9999 -9999 -9999 -9999 -9999 -9999 -9999 -9999 -9999 -9999 -9999 -9999 -9999 -9999 -9999 -9999 -9999 -9999
-9999 -9999 -9999 -9999 -9999 -9999 -9999 295.269 345.873 342.954 391.114 406.868 347.977 337.634 296.614 256.768 240.282 245.817 254.407 246.493 243.845 216.936 203.585 198.044 181.455 139.104 105.42 108.537 127.738 154.919 198.92 198.564 206.617 186.231 172.015 150.939 132.207 119.389 108.162 88.822 84.067 90.932 85.89 89.181 107.407 97.731 86.053 85.823 92.341 90.557 -9999 -9999 -9999 -9999 -9999 -9999 -9999 -9999 -9999 -9999 -9999 -9999 -9999 -9999 -9999 -9999 -9999 -9999 -9999 -9999 -9999 -9999 -9999 -9999
-9999 -9999 -9999 -9999 -9999 225.493 246.497 -9999 358.995 370.434 418.986 376.57 330.845 304.705 287.35 299.427 300.669 279.565 244.806 242.731 226.389 212.349 183.313 168.356 144.272 127.566 136.13 135.857 148.583 180.066 184.493 193.681 160.382 150.326 136.462 107.549 106.802 114.88 120.749 116.937 109.64 109.714 122.411 110.493 89.685 95.533 105.699 107.56 101.085 89.878 -9999 -9999 -9999 -9999 -9999 -9999 -9999 -9999 -9999 -9999 -9999 -9999 -9999 -9999 -9999 -9999 -9999 -9999 -9999 -9999 -9999 -9999 -9999 -9999
-9999 -9999 -9999 -9999 221.91 222.179 279.175 326.388 378.846 413.372 409.004 375.741 315.286 274.276 276.37 271.216 273.847 286.14 272.51 274.394 263.05 189.565 186.674 163.342 155.949 152.975 164.991 162.544 170.471 169.358 178.414 161.459 144.149 136.247 149.398 144.253 150.497 142.122 135.076 160.077 171.144 165.262 151.894 129.651 131.623 128.89 117.371 102.199 95.01 -9999 -9999 -9999 -9999 -9999 -9999 -9999 -9999 -9999 -9999 -9999 -9999 -9999 -9999 -9999 -9999 -9999 -9999 -9999 -9999 -9999 -9999 -9999 -9999 -9999
-9999 -9999 -9999 -9999 218.596 -9999 276.147 309.292 351.102 401.977 391.211 302.555 277.063 281.854 244.172 241.807 246.113 250.992 265.386 253.162 202.997 208.901 221.649 198.4 180.296 210.032 197.358 197.072 194.681 199.141 195.076 182.982 165.152 179.17 179.448 187.193 191.128 152.217 178.169 182.992 149.833 154.718 160.623 147.656 141.613 124.703 101.518 99.675 93.156 -9999 -9999 -9999 -9999 -9999 -9999 -9999 -9999 -9999 -9999 -9999 -9999 -9999 -9999 -9999 -9999 -9999 -9999 -9999 -9999 -9999 -9999 -9999 -9999 -9999
-9999 -9999 -9999 -9999 -9999 -9999 302.404 331.506 337.565 368.559 317.802 255.586 256.913 242.257 219.21 224.199 235.172 259.514 240.161 243.983 232.849 250.304 227.777 194.049 207.548 223.015 210.284 208.117 191.179 208.521 200.157 188.461 211.38 206.651 204.142 225.908 213.381 212.921 211.939 185.347 166.608 154.478 135.394 136.053 133.718 112.293 97.021 92.887 86.186 -9999 -9999 -9999 -9999 -9999 -9999 -9999 -9999 -9999 -9999 -9999 -9999 -9999 -9999 -9999 -9999 -9999 -9999 -9999 -9999 -9999 -9999 -9999 -9999 -9999
-9999 -9999 -9999 -9999 250.687 266.887 299.582 305.369 314.093 343.375 294.987 296.042 301.443 -9999 281.39 335.972 334.342 308.708 291.237 292.037 278.597 269.404 251.759 231.576 218.459 201.798 187.277 164.995 165.731 189.239 187.351 204.888 185.78 182.821 175.631 196.828 212.212 202.513 176.61 181.584 165.827 138.917 144.316 123.611 110.651 103.941 97.826 95.021 72.051 -9999 -9999 -9999 -9999 -9999 -9999 -9999 -9999 -9999 -9999 -9999 -9999 -9999 -9999 -9999 -9999 -9999 -9999 -9999 -9999 -9999 -9999 -9999 -9999 -9999
239.78 211.327 221.926 243.805 -9999 258.808 284.316 293.335 302.426 320.637 323.055 319.677 -9999 323.251 372.844 369.977 383.824 334.123 302.454 272.26 280.209 266.915 254.88 228.244 200.255 173.965 155.444 128.813 141.888 145.136 168.642 168.687 169.057 159.1 149.084 160.267 165.68 154.839 163.776 161.386 144.072 135.354 107.005 95.404 88.099 90.61 95.733 77.679 -9999 -9999 -9999 -9999 -9999 -9999 -9999 -9999 -9999 -9999 -9999 -9999 -9999 -9999 -9999 -9999 -9999 -9999 -9999 -9999 -9999 -9999 -9999 -9999 -9999 -9999
208.59 215.185 235.515 263.18 268.397 -9999 280.676 285.934 286.892 315.304 306.937 293.29 297.304 341.248 349.555 347.279 363.799 331.867 298.772 269.301 251.626 223.931 213.879 186.431 171.079 176.503 137.205 131.286 119.831 125.365 136.274 155.814 140.989 123.201 129.679 150.673 142.057 141.016 129.454 135.601 117.866 94.469 87.192 84.531 82.72 83.47 -9999 -9999 -9999 -9999 -9999 -9999 -9999 -9999 -9999 -9999 -9999 -9999 -9999 -9999 -9999 -9999 -9999 -9999 -9999 -9999 -9999 -9999 -9999 -9999 -9999 -9999 -9999 -9999
-9999 -9999 -9999 262.743 -9999 288.725 300.63 305.327 337.854 330.214 -9999 -9999 337.814 337.177 341.62 373.428 351.509 329.727 287.832 260.107 198.636 179.526 158.985 150.416 152.45 143.109 143.874 118.522 121.511 117.431 124.528 129.992 122.372 114.385 127.369 132.863 131.567 115.018 112.715 105.272 91.702 77.649 74.95 83.013 78.045 -9999 -9999 -9999 -9999 -9999 -9999 -9999 -9999 -9999 -9999 -9999 -9999 -9999 -9999 -9999 -9999 -9999 -9999 -9999 -9999 -9999 -9999 -9999 -9999 -9999 -9999 -9999 -9999 -9999
229.93 236.7 -9999 269.963 302.18 291.331 307.089 323.695 329.738 -9999 -9999 296.017 379.179 395.913 392.445 356.679 354.167 319.49 279.348 234.55 208.52 194.226 195.929 180.887 186.875 206.159 169.095 138.346 130.698 113.252 110.557 103.816 113.867 117.844 116.229 113.412 105.348 90.947 86.424 82.897 78.883 70.107 72.529 76.289 75.314 74.823 -9999 -9999 -9999 -9999 -9999 -9999 -9999 -9999 -9999 -9999 -9999 -9999 -9999 -9999 -9999 -9999 -9999 -9999 -9999 -9999 -9999 -9999 -9999 -9999 -9999 -9999 -9999 -9999
