Validation/Results/ReClimate_10_2023_1_Temperature-Actualsweatherlogisticsltd.asc
NCOLS 192
NROWS 249
XLLCENTER -225160.85627316462
YLLCENTER 29788.11610251502
CELLSIZE 5000.0
NODATA_VALUE -9999
[rows 170 to 203 of 249, columns 77 to 153 of 192]
-9999 -9999 -9999 -9999 -9999 -9999 -9999 -9999 -9999 -9999 -9999 -9999 -9999 -9999 -9999 9.978 9.793 -9999 -9999 -9999 -9999 -9999 -9999 -9999 -9999 -9999 -9999 -9999 -9999 -9999 -9999 -9999 -9999 -9999 8.545 8.647 8.419 8.239 8.002 8.016 8.028 8.067 8.113 8.25 8.331 8.301 8.067 7.638 6.907 6.206 5.561 5.766 5.803 6.257 7.198 7.587 7.784 7.485 7.47 7.658 7.852 7.859 7.833 7.77 7.784 7.792 7.707 7.677 7.763 7.799 7.728 7.412 7.463 7.439 7.714 8.026 8.217
-9999 -9999 -9999 -9999 -9999 -9999 -9999 -9999 -9999 -9999 -9999 -9999 -9999 -9999 -9999 9.605 9.356 9.479 -9999 -9999 -9999 -9999 -9999 -9999 -9999 -9999 -9999 -9999 -9999 -9999 -9999 -9999 -9999 8.7 8.712 8.627 8.53 8.267 8.267 8.119 8.077 8.067 8.099 8.131 8.143 8.084 7.989 7.721 7.186 6.269 5.556 5.95 6.419 6.538 7.073 7.9 7.99 7.776 7.418 7.554 7.833 7.898 7.851 7.741 7.748 7.783 7.759 7.664 7.727 7.799 7.786 7.565 7.379 7.478 7.654 8.018 8.262
-9999 -9999 -9999 -9999 -9999 -9999 -9999 -9999 -9999 -9999 -9999 -9999 -9999 -9999 9.933 9.407 9.041 9.211 9.655 -9999 -9999 -9999 -9999 -9999 -9999 -9999 -9999 -9999 -9999 -9999 8.901 -9999 -9999 8.675 8.439 8.612 8.578 8.449 -9999 8.053 7.963 7.919 7.93 7.845 7.928 7.871 7.805 7.472 6.933 7.195 6.229 6.447 6.934 6.459 7.204 7.582 7.914 7.826 7.582 7.622 7.788 7.927 7.871 7.792 7.813 7.819 7.813 7.715 7.721 7.819 7.795 7.714 7.489 7.402 7.515 7.914 8.186
-9999 -9999 -9999 -9999 -9999 -9999 -9999 -9999 -9999 -9999 -9999 -9999 -9999 -9999 9.97 9.433 9.146 9.141 9.443 9.661 9.904 -9999 -9999 -9999 9.11 9.196 -9999 9.042 8.987 8.858 8.087 8.193 -9999 -9999 8.563 8.543 -9999 -9999 8.191 7.928 8.072 8.211 8.014 7.805 7.694 7.669 7.506 7.011 6.43 6.701 6.581 6.376 6.548 6.523 6.728 7.696 7.805 7.692 7.462 7.623 7.713 7.812 7.858 7.779 7.839 7.856 7.833 7.766 7.737 7.848 7.838 7.791 7.651 7.501 7.379 7.572 7.92
-9999 -9999 -9999 -9999 -9999 -9999 -9999 -9999 -9999 -9999 -9999 -9999 -9999 -9999 -9999 9.748 9.353 9.231 9.388 9.458 -9999 -9999 7.724 7.519 8.563 8.036 8.16 8.226 8.694 8.448 8.156 7.815 7.868 -9999 8.539 8.529 8.443 8.315 7.816 7.558 7.959 8.318 8.145 7.837 7.71 7.565 7.387 6.775 6.008 6.156 6.377 6.585 6.809 6.653 6.832 7.438 7.815 7.714 7.517 7.598 7.667 7.704 7.754 7.797 7.863 7.892 7.795 7.599 7.737 7.93 7.913 7.868 7.772 7.635 7.589 7.564 7.635
-9999 -9999 -9999 -9999 -9999 -9999 -9999 -9999 -9999 -9999 -9999 -9999 -9999 -9999 -9999 9.953 9.645 9.63 9.547 9.456 9.274 8.044 6.14 7.968 8.286 7.48 7.837 7.569 7.933 8.304 8.007 7.192 7.724 7.967 8.317 8.492 8.367 8.092 7.684 7.543 7.859 8.118 8.059 7.919 7.759 7.599 7.329 6.543 6.1 5.88 6.192 6.269 6.911 7.033 6.792 7.099 7.529 7.59 7.57 7.618 7.639 7.692 7.743 7.783 7.939 7.918 7.904 7.876 7.8 8.011 8.013 7.966 7.88 7.713 7.529 7.626 7.787
-9999 -9999 -9999 -9999 -9999 -9999 -9999 -9999 -9999 -9999 -9999 -9999 -9999 -9999 -9999 -9999 9.976 9.886 9.532 8.864 7.815 5.475 6.07 7.621 7.437 7.537 7.054 6.934 7.178 7.473 7.632 7.77 7.144 7.775 8.17 8.238 8.301 8.152 7.854 7.758 7.855 7.971 8.001 7.863 7.729 7.587 7.188 6.685 6.16 6.035 6.412 6.267 6.495 7.32 7.058 7.108 7.413 7.431 7.553 7.712 7.701 7.69 7.73 7.805 7.978 7.994 8.011 7.926 7.933 8.02 8.053 8.024 7.93 7.83 7.769 7.721 7.774
-9999 -9999 -9999 -9999 -9999 -9999 -9999 -9999 -9999 -9999 -9999 -9999 -9999 -9999 -9999 -9999 -9999 -9999 9.063 7.966 6.799 6.283 6.63 7.807 7.701 7.054 6.523 6.403 6.468 7.265 7.966 7.59 6.965 7.425 7.974 8.228 8.392 8.223 7.969 7.744 7.771 7.806 7.813 7.799 7.701 7.444 6.938 6.662 6.484 6.1 6.368 6.259 6.218 6.772 7.368 7.301 7.616 7.491 7.385 7.623 7.732 7.809 7.835 7.904 8.011 8.038 8.044 8.05 7.903 7.97 8.013 8.011 7.976 7.929 7.91 7.852 7.771
-9999 -9999 -9999 -9999 -9999 -9999 -9999 -9999 -9999 -9999 -9999 -9999 -9999 -9999 -9999 -9999 -9999 9.744 8.695 7.997 7.637 6.769 7.666 7.974 7.414 7.236 6.721 6.261 6.588 6.708 7.467 7.293 6.766 7.076 7.631 8.318 8.389 8.26 7.888 7.667 7.663 7.708 7.762 7.765 7.596 7.169 6.984 7.096 6.771 6.3 6.505 6.526 6.636 6.83 6.991 7.441 7.562 7.541 7.531 7.567 7.744 7.745 7.922 8.022 8.06 8.055 8.055 7.87 7.871 7.953 8.032 8.025 8.025 8.015 8.004 7.95 7.916
-9999 -9999 -9999 -9999 -9999 -9999 -9999 -9999 -9999 -9999 -9999 -9999 -9999 -9999 -9999 -9999 9.788 8.105 8.417 7.983 7.568 7.738 6.552 6.713 6.939 6.825 6.269 6.695 6.481 6.908 7.307 6.643 6.321 6.937 7.664 8.308 8.45 8.247 7.825 7.784 7.818 7.776 7.805 7.679 7.393 7.339 7.244 6.873 6.656 6.529 6.374 6.806 6.98 7.164 7.357 7.395 7.698 7.667 7.719 7.738 7.801 7.988 7.863 8.024 8.085 8.032 8.005 7.838 7.767 7.964 8.008 8.035 8.048 8.048 8.036 8.073 8.159
-9999 -9999 -9999 -9999 -9999 -9999 -9999 -9999 -9999 -9999 -9999 -9999 -9999 -9999 -9999 9.704 8.346 8.813 8.747 8.379 8.46 7.869 7.445 6.995 6.569 6.254 6.267 6.355 6.502 7.123 6.74 6.799 7.454 7.64 8.1 8.216 8.35 8.132 7.88 7.851 7.817 7.826 7.659 7.387 7.477 7.42 7.258 6.843 6.785 7.126 6.985 6.954 7.184 7.286 7.421 7.54 7.62 7.844 7.928 8.067 8.126 8.164 8.14 8.015 8.042 8.025 7.988 7.827 7.769 7.975 8.026 7.997 8.008 8.003 8.054 8.109 8.188
-9999 -9999 -9999 -9999 -9999 -9999 -9999 -9999 -9999 -9999 -9999 -9999 -9999 9.648 9.747 9.338 9.378 9.568 9.516 9.122 9.214 8.658 7.83 7.141 6.482 5.648 6.789 6.87 7.185 7.015 6.273 6.593 7.033 7.751 8.03 8.106 8.141 8.003 7.839 7.742 7.791 7.717 7.494 7.377 7.313 7.495 7.227 6.942 7.038 7.14 7.234 7.315 7.39 7.508 7.585 7.818 7.834 7.892 8.136 8.318 8.372 8.212 8.124 8.075 8.013 7.941 7.932 7.738 7.685 7.92 8.031 7.998 7.976 7.998 8.04 8.057 -9999
-9999 -9999 -9999 -9999 -9999 -9999 -9999 -9999 -9999 -9999 -9999 -9999 9.502 9.547 9.495 9.676 -9999 -9999 -9999 -9999 8.671 7.68 7.369 7.056 6.261 6.97 7.017 6.467 6.778 6.18 5.147 5.935 6.778 7.236 7.895 8.202 8.079 7.94 7.842 7.79 7.765 7.693 7.51 7.414 7.305 7.38 7.224 7.193 7.234 7.309 7.486 7.569 7.614 7.783 7.843 7.991 8.184 8.131 8.192 8.25 8.26 8.152 8.053 7.975 7.856 7.791 7.793 7.719 7.655 7.817 7.998 8.035 8.0 7.991 8.027 8.03 8.088
-9999 -9999 -9999 -9999 -9999 -9999 -9999 -9999 -9999 -9999 -9999 -9999 9.527 9.413 9.885 -9999 -9999 -9999 -9999 -9999 8.49 7.687 7.17 7.332 6.675 6.748 6.368 5.894 6.034 5.704 5.749 6.985 7.085 7.655 8.151 8.284 8.128 7.946 7.805 7.661 7.614 7.635 7.528 7.409 7.398 7.319 7.408 7.427 7.53 7.365 7.358 7.462 7.661 7.847 7.944 8.046 8.072 8.126 8.153 8.096 8.031 7.858 7.849 7.672 7.528 7.501 7.62 7.676 7.685 7.825 8.007 8.13 8.092 8.051 8.022 7.982 7.99
-9999 -9999 -9999 -9999 -9999 -9999 -9999 -9999 -9999 -9999 -9999 -9999 -9999 -9999 10.07 -9999 -9999 -9999 -9999 -9999 8.503 7.6 7.745 7.408 7.041 6.984 5.908 6.104 6.797 6.13 6.834 7.109 7.386 7.984 8.317 8.32 8.007 7.896 7.743 7.639 7.741 7.675 7.628 7.576 7.469 7.503 7.596 7.706 7.647 7.623 7.558 7.504 7.711 7.764 7.616 7.754 7.894 7.936 8.095 8.022 7.799 7.557 7.442 7.584 7.484 7.432 7.499 7.621 7.701 7.847 8.053 8.226 8.216 8.147 8.096 8.029 8.044
-9999 -9999 -9999 -9999 -9999 -9999 -9999 -9999 -9999 -9999 -9999 -9999 -9999 -9999 -9999 -9999 -9999 -9999 -9999 -9999 8.89 8.241 8.855 8.022 7.275 6.219 6.408 6.445 6.354 7.015 7.089 7.223 8.002 8.217 8.407 8.251 8.089 7.935 7.92 7.916 7.874 7.824 7.757 7.677 7.633 7.606 7.688 7.683 7.539 7.721 7.859 7.829 7.786 7.905 7.656 7.497 7.683 7.65 7.83 7.996 7.791 7.653 7.528 7.531 7.648 7.576 7.546 7.682 7.805 7.922 8.083 8.25 8.263 8.214 8.16 8.13 8.14
-9999 -9999 -9999 -9999 -9999 -9999 -9999 -9999 -9999 -9999 -9999 -9999 -9999 -9999 -9999 -9999 -9999 -9999 -9999 -9999 -9999 8.865 7.533 6.933 6.806 7.04 6.967 6.671 7.237 7.293 7.655 8.07 7.927 8.318 8.294 8.008 7.982 8.0 8.127 8.176 8.027 7.829 7.775 7.612 7.574 7.618 7.739 7.61 7.414 7.535 7.839 7.959 7.944 7.883 7.822 7.644 7.537 7.349 7.38 7.833 7.929 7.717 7.544 7.382 7.433 7.657 7.663 7.771 7.915 8.074 8.161 8.271 8.282 8.26 8.229 8.219 8.231
-9999 -9999 -9999 -9999 -9999 -9999 -9999 -9999 -9999 -9999 -9999 -9999 -9999 -9999 -9999 -9999 -9999 -9999 -9999 -9999 8.894 8.29 7.547 6.582 7.345 7.455 6.964 7.216 7.268 7.27 8.074 7.997 7.941 8.148 7.321 7.861 8.088 8.071 8.007 8.116 7.798 7.354 7.352 7.56 7.715 7.666 7.769 7.703 7.588 7.577 7.791 7.919 7.976 7.937 7.813 7.751 7.593 7.53 7.539 7.786 7.929 7.758 7.493 7.289 7.312 7.607 7.826 7.905 8.056 8.169 8.221 8.262 8.304 8.299 8.29 8.305 8.318
-9999 -9999 -9999 -9999 -9999 -9999 -9999 -9999 -9999 -9999 -9999 -9999 -9999 -9999 -9999 -9999 -9999 -9999 -9999 -9999 9.114 8.49 6.74 7.868 8.274 7.679 7.491 7.176 6.717 7.32 8.035 7.986 8.2 7.844 7.926 7.975 7.83 7.738 8.035 7.911 7.556 7.407 7.455 7.778 7.751 7.682 7.771 7.738 7.793 7.772 7.818 7.913 7.959 7.982 7.928 7.844 7.748 7.59 7.703 7.898 7.885 7.643 7.334 7.31 7.356 7.496 7.779 8.009 8.067 8.198 8.204 8.219 8.324 8.371 8.373 8.392 8.418
-9999 -9999 -9999 -9999 -9999 -9999 -9999 -9999 -9999 -9999 -9999 -9999 -9999 -9999 -9999 -9999 -9999 -9999 -9999 -9999 9.043 8.228 8.701 8.389 8.08 7.766 7.279 6.498 6.787 7.039 7.677 7.937 8.255 8.165 7.913 7.456 7.136 7.227 7.71 7.469 7.534 7.434 7.677 7.943 7.822 7.798 7.824 7.853 7.953 7.83 7.788 7.918 7.969 7.832 7.922 7.941 7.865 7.785 7.838 7.933 7.867 7.664 7.478 7.411 7.529 7.683 7.877 7.971 8.071 8.169 8.311 8.259 8.354 8.409 8.41 8.431 8.442
-9999 -9999 -9999 -9999 -9999 -9999 -9999 -9999 -9999 -9999 -9999 -9999 -9999 -9999 -9999 -9999 -9999 -9999 -9999 -9999 -9999 9.349 8.176 7.46 6.793 6.67 6.684 6.942 7.23 7.797 7.915 8.084 8.02 7.986 7.849 7.573 7.244 7.153 7.337 7.559 7.508 7.395 7.763 8.04 7.898 8.012 7.947 7.847 8.146 8.19 8.006 8.017 8.059 7.841 7.743 7.969 7.903 7.846 7.882 7.886 7.765 7.685 7.684 7.761 7.766 7.867 7.929 7.956 8.091 8.222 8.276 8.304 8.406 8.454 8.428 8.419 8.434
-9999 -9999 -9999 -9999 -9999 -9999 -9999 -9999 -9999 -9999 -9999 -9999 -9999 -9999 -9999 -9999 -9999 -9999 -9999 -9999 -9999 8.755 7.684 6.871 6.199 6.017 6.439 7.218 7.811 7.845 7.495 7.078 6.833 6.909 7.415 7.722 7.33 7.272 7.415 7.521 7.098 7.386 7.755 7.928 7.94 8.085 7.966 8.022 8.024 8.17 8.193 8.112 8.115 7.983 7.878 7.993 7.984 7.794 7.714 7.692 7.612 7.625 7.762 7.702 7.757 7.809 7.964 7.927 8.051 8.188 8.181 8.28 8.422 8.453 8.426 8.365 8.294
-9999 -9999 -9999 -9999 -9999 -9999 -9999 -9999 -9999 -9999 -9999 -9999 -9999 -9999 -9999 -9999 -9999 -9999 -9999 -9999 9.329 8.588 7.641 6.838 6.349 6.523 6.943 7.345 7.013 6.331 6.589 6.502 6.597 7.28 7.602 7.465 7.388 7.552 7.617 7.188 7.083 7.306 7.717 7.901 7.949 8.148 8.012 7.837 8.022 7.912 8.017 7.993 8.024 8.031 8.058 8.148 8.035 7.886 7.804 7.669 7.644 7.534 7.647 7.7 7.744 7.86 7.912 8.039 8.113 8.135 8.134 8.276 8.466 8.462 8.453 8.377 8.252
-9999 -9999 -9999 -9999 -9999 -9999 -9999 -9999 -9999 -9999 -9999 -9999 -9999 -9999 -9999 -9999 -9999 -9999 -9999 -9999 8.973 8.347 7.807 7.405 6.884 6.308 6.575 6.742 6.497 6.575 6.321 6.207 6.61 7.243 6.952 7.022 7.592 7.406 7.746 7.35 6.992 7.088 7.869 7.873 8.213 8.211 8.001 7.861 7.516 7.759 7.802 7.88 7.894 7.962 7.984 8.068 8.049 7.963 7.923 7.885 7.663 7.578 7.543 7.607 7.711 7.965 8.039 8.096 8.136 8.115 8.131 8.278 8.379 8.455 8.467 8.444 8.319
-9999 -9999 -9999 -9999 -9999 -9999 -9999 -9999 -9999 -9999 -9999 -9999 -9999 -9999 -9999 -9999 -9999 -9999 -9999 -9999 8.589 8.494 8.453 7.752 6.756 6.214 6.537 6.661 6.838 6.483 6.557 6.712 6.879 6.785 6.94 7.58 7.62 7.672 7.355 7.613 7.387 7.721 7.772 7.852 8.18 8.292 8.118 7.749 7.83 7.776 7.749 7.808 7.834 7.968 7.959 7.862 7.894 7.891 7.937 7.885 7.7 7.568 7.695 7.832 7.772 7.959 8.049 8.168 8.155 8.108 8.232 8.383 8.466 8.516 8.591 8.56 8.508
-9999 -9999 -9999 -9999 -9999 -9999 -9999 -9999 -9999 -9999 -9999 -9999 -9999 -9999 -9999 -9999 -9999 -9999 -9999 8.745 8.408 7.846 7.86 7.613 6.715 6.577 6.245 6.64 7.21 7.168 7.226 6.861 6.76 7.141 7.191 7.244 7.634 7.592 7.918 7.977 7.955 7.925 7.818 8.061 8.253 8.288 8.227 8.126 8.052 8.119 7.974 7.916 7.868 7.93 8.015 7.943 7.936 8.014 7.961 7.838 7.748 7.722 7.886 7.999 7.999 8.002 8.184 8.129 8.165 8.136 8.187 8.354 8.499 8.525 8.564 8.577 8.594
-9999 -9999 -9999 -9999 -9999 -9999 -9999 -9999 -9999 -9999 -9999 -9999 -9999 -9999 -9999 -9999 -9999 -9999 8.53 8.41 7.751 7.92 7.9 6.958 6.399 6.287 6.514 6.886 7.261 7.102 7.185 6.892 6.458 7.103 7.064 7.689 7.872 8.056 8.085 7.988 7.851 7.884 7.799 8.118 8.191 8.413 8.389 8.264 8.153 8.17 8.179 7.984 7.941 8.066 8.134 8.047 7.974 7.963 7.934 7.831 7.816 7.853 7.972 8.135 8.213 8.273 8.158 8.105 8.115 8.166 8.229 8.367 8.412 8.393 8.383 8.431 8.532
-9999 -9999 -9999 -9999 -9999 -9999 -9999 -9999 -9999 -9999 -9999 -9999 -9999 -9999 -9999 -9999 8.191 8.282 8.125 8.508 8.338 8.117 7.517 6.647 6.291 6.187 6.075 6.744 7.016 7.423 7.189 6.721 6.722 7.22 7.716 7.898 8.153 8.162 8.168 7.858 7.774 7.787 8.05 8.352 8.424 8.404 8.366 8.26 8.199 8.203 8.191 8.014 8.062 8.167 8.273 8.04 7.915 7.789 7.671 7.703 7.785 7.993 8.094 8.159 8.1 8.193 8.177 8.18 8.164 8.186 8.268 8.408 8.491 8.325 8.265 8.316 8.467
-9999 -9999 -9999 -9999 -9999 -9999 -9999 -9999 -9999 -9999 -9999 -9999 -9999 -9999 -9999 8.257 8.007 7.589 7.895 8.24 8.162 7.867 6.914 6.825 6.362 6.257 6.623 7.223 7.658 7.593 7.489 7.018 6.535 7.105 7.655 8.096 8.092 8.107 7.863 7.978 7.798 7.858 8.229 8.471 8.614 8.568 8.374 8.376 8.218 8.215 8.266 8.19 8.137 8.191 8.112 8.105 7.896 7.854 7.762 7.603 7.645 7.777 7.945 8.03 8.031 8.107 8.23 8.166 8.332 8.373 8.387 8.458 8.43 8.332 8.233 8.328 8.469
-9999 -9999 -9999 -9999 -9999 -9999 -9999 -9999 -9999 -9999 -9999 -9999 9.716 9.111 8.667 8.291 7.695 7.625 7.897 8.312 8.274 7.293 7.155 7.035 7.21 6.456 7.144 7.337 7.017 7.517 7.704 6.483 7.052 7.606 8.358 8.344 8.151 7.696 8.261 8.102 8.04 8.071 8.154 8.497 8.642 8.712 8.567 8.511 8.348 8.231 8.312 8.287 8.291 8.162 8.068 7.781 7.884 7.935 7.905 7.751 7.732 7.834 7.968 8.093 8.073 8.14 8.182 8.295 8.36 8.446 8.393 8.44 8.468 8.389 8.4 8.431 8.494
-9999 -9999 -9999 -9999 -9999 -9999 -9999 -9999 -9999 -9999 9.238 9.37 9.241 8.976 8.758 8.334 8.311 8.124 8.428 8.241 7.36 7.672 7.577 7.555 7.611 7.074 6.922 6.281 6.826 7.225 7.141 7.425 7.796 8.272 7.725 7.952 8.184 8.334 8.41 8.361 8.246 8.263 8.422 8.419 8.663 8.835 8.738 8.637 8.529 8.454 8.433 8.238 8.346 8.343 8.079 7.893 7.746 7.949 7.927 7.785 7.723 7.771 7.888 8.123 8.258 8.305 8.27 8.242 8.392 8.352 8.289 8.38 8.484 8.469 8.45 8.441 8.422
-9999 -9999 -9999 -9999 -9999 -9999 9.397 9.301 9.28 9.258 8.746 9.24 8.98 8.93 8.647 8.396 8.386 8.391 8.368 7.661 7.872 8.088 7.624 8.024 7.738 7.286 6.477 6.687 7.076 7.325 7.253 7.784 8.176 7.2 7.285 7.95 8.018 8.389 8.42 8.47 8.34 8.154 8.38 8.299 8.789 8.85 8.782 8.566 8.455 8.496 8.029 8.198 8.327 8.377 8.117 7.823 7.815 7.918 7.935 7.925 7.847 7.85 7.938 8.139 8.247 8.331 8.358 8.245 8.252 8.313 8.291 8.441 8.581 8.488 8.223 8.196 8.139
-9999 -9999 -9999 -9999 -9999 9.835 9.367 9.3 9.113 8.318 8.018 8.147 8.382 8.59 8.069 7.954 8.091 8.095 7.812 8.143 8.147 7.818 8.201 8.361 7.997 7.416 6.996 7.208 7.392 7.434 7.692 7.958 7.039 6.048 7.122 7.772 8.264 8.22 8.355 8.217 8.279 8.418 8.465 8.678 8.781 8.79 8.794 8.563 8.379 8.076 7.796 7.65 8.129 8.258 7.857 7.724 7.791 7.917 7.998 7.954 7.943 7.937 8.072 8.093 8.151 8.257 8.168 8.095 8.223 8.295 8.327 8.454 8.542 8.381 8.149 8.01 8.047
-9999 -9999 -9999 -9999 10.239 9.553 9.194 9.111 8.712 8.205 8.27 8.469 8.639 8.129 8.007 7.983 8.368 7.951 7.866 8.157 8.153 8.297 8.731 8.352 7.654 7.286 7.488 7.636 7.603 8.102 8.248 7.874 6.499 6.52 7.137 8.207 8.027 8.091 8.035 8.413 8.536 8.447 8.573 8.68 8.783 8.815 8.909 8.747 8.467 8.008 7.607 7.702 7.969 8.038 7.796 7.536 7.733 7.907 7.956 8.018 8.005 8.033 8.069 8.11 8.03 8.111 8.203 8.11 8.184 8.187 8.092 8.291 8.443 8.31 8.11 8.088 8.111
