Validation/Results/ReClimate_07_2024_2.asc
NCOLS 192
NROWS 249
XLLCENTER -225160.85627316462
YLLCENTER 29788.11610251502
CELLSIZE 5000.0
NODATA_VALUE -9999
[rows 165 to 197 of 249, columns 74 to 147 of 192]
-9999 -9999 -9999 -9999 -9999 -9999 -9999 -9999 -9999 -9999 -9999 -9999 -9999 -9999 -9999 -9999 -9999 -9999 -9999 -9999 -9999 -9999 -9999 -9999 -9999 -9999 -9999 -9999 -9999 -9999 -9999 -9999 -9999 -9999 -9999 -9999 -9999 -9999 107.857 107.701 107.663 107.514 107.323 107.698 107.979 107.913 107.965 107.8 107.641 107.492 107.351 107.215 107.084 106.955 106.827 106.697 106.565 106.429 106.288 106.143 105.991 105.844 105.698 105.552 105.401 105.253 105.144 105.048 104.95 104.851 104.749 104.644 104.533 104.417
-9999 -9999 -9999 -9999 -9999 -9999 -9999 -9999 -9999 -9999 -9999 -9999 -9999 -9999 -9999 -9999 -9999 -9999 -9999 -9999 -9999 -9999 -9999 -9999 -9999 -9999 -9999 -9999 -9999 -9999 -9999 -9999 -9999 -9999 -9999 -9999 -9999 -9999 107.744 107.751 107.864 107.733 107.725 107.995 107.701 107.659 107.58 107.783 107.624 107.474 107.332 107.194 107.06 106.929 106.798 106.667 106.533 106.396 106.254 106.108 105.966 105.823 105.681 105.533 105.379 105.217 105.067 104.956 104.853 104.749 104.642 104.531 104.421 104.309
-9999 -9999 -9999 -9999 -9999 -9999 -9999 -9999 -9999 -9999 -9999 -9999 -9999 -9999 -9999 -9999 -9999 -9999 -9999 -9999 -9999 -9999 -9999 -9999 -9999 -9999 -9999 -9999 -9999 -9999 -9999 -9999 -9999 -9999 -9999 -9999 -9999 107.789 107.727 107.775 107.728 107.728 107.99 108.007 107.962 107.813 107.895 107.762 107.611 107.46 107.315 107.174 107.037 106.903 106.77 106.637 106.501 106.362 106.223 106.085 105.946 105.806 105.661 105.51 105.352 105.186 105.01 104.864 104.75 104.64 104.531 104.423 104.302 104.172
-9999 -9999 -9999 -9999 -9999 -9999 -9999 -9999 -9999 -9999 -9999 -9999 -9999 -9999 -9999 -9999 -9999 -9999 -9999 -9999 -9999 -9999 -9999 -9999 -9999 -9999 -9999 -9999 -9999 -9999 -9999 -9999 -9999 -9999 -9999 -9999 -9999 107.788 107.588 107.614 107.753 107.786 107.865 108.04 107.964 107.888 107.855 107.689 107.473 107.448 107.3 107.157 107.016 106.878 106.742 106.606 106.469 106.336 106.204 106.068 105.93 105.787 105.638 105.482 105.32 105.149 104.969 104.78 104.643 104.521 104.389 104.257 104.124 103.982
-9999 -9999 -9999 -9999 -9999 -9999 -9999 -9999 -9999 -9999 -9999 -9999 -9999 -9999 -9999 -9999 -9999 -9999 -9999 -9999 -9999 -9999 -9999 -9999 -9999 -9999 -9999 -9999 -9999 -9999 -9999 -9999 -9999 -9999 -9999 -9999 -9999 -9999 107.633 107.776 107.972 107.955 108.086 108.026 107.982 107.917 107.81 107.633 107.569 107.432 107.287 107.139 106.994 106.853 106.713 106.58 106.451 106.321 106.191 106.055 105.912 105.764 105.61 105.449 105.282 105.107 104.924 104.713 104.504 104.353 104.209 104.064 103.917 103.767
-9999 -9999 -9999 -9999 -9999 -9999 -9999 -9999 -9999 -9999 -9999 -9999 -9999 -9999 -9999 -9999 -9999 -9999 105.822 105.582 -9999 -9999 -9999 -9999 -9999 -9999 -9999 -9999 -9999 -9999 -9999 -9999 -9999 -9999 -9999 -9999 -9999 107.619 107.12 107.321 107.595 107.692 107.858 107.809 107.754 107.71 107.752 107.644 107.525 107.374 107.204 107.12 106.972 106.831 106.697 106.565 106.438 106.312 106.179 106.038 105.89 105.737 105.579 105.415 105.245 105.049 104.834 104.609 104.364 104.165 104.01 103.858 103.705 103.549
-9999 -9999 -9999 -9999 -9999 -9999 -9999 -9999 -9999 -9999 -9999 -9999 -9999 -9999 -9999 -9999 -9999 -9999 105.853 105.795 106.006 -9999 -9999 -9999 -9999 -9999 -9999 -9999 -9999 -9999 -9999 -9999 -9999 -9999 -9999 -9999 107.571 107.118 107.275 107.482 107.655 107.793 107.848 107.772 107.666 107.691 107.71 107.61 107.479 107.309 107.179 107.058 106.963 106.821 106.686 106.555 106.427 106.301 106.166 106.02 105.867 105.709 105.547 105.368 105.167 104.955 104.724 104.482 104.231 103.986 103.806 103.649 103.49 103.327
-9999 -9999 -9999 -9999 -9999 -9999 -9999 -9999 -9999 -9999 -9999 -9999 -9999 -9999 -9999 -9999 -9999 105.693 105.901 106.117 106.317 106.12 -9999 -9999 -9999 -9999 -9999 -9999 -9999 -9999 -9999 -9999 -9999 108.106 -9999 -9999 107.408 107.508 107.623 107.596 107.258 -9999 107.791 107.707 107.661 107.663 107.663 107.564 107.441 107.281 107.111 106.909 106.808 106.819 106.677 106.542 106.409 106.277 106.141 105.993 105.837 105.676 105.489 105.285 105.068 104.838 104.6 104.352 104.093 103.82 103.601 103.434 103.269 103.101
-9999 -9999 -9999 -9999 -9999 -9999 -9999 -9999 -9999 -9999 -9999 -9999 -9999 -9999 -9999 -9999 -9999 105.744 105.936 106.141 106.332 105.946 105.172 105.342 -9999 -9999 -9999 107.282 106.027 -9999 106.981 107.94 107.406 107.543 107.727 -9999 -9999 107.716 107.973 -9999 -9999 107.905 107.85 107.781 107.687 107.638 107.527 107.417 107.26 107.137 107.06 106.542 106.416 106.786 106.618 106.49 106.386 106.248 106.106 105.956 105.794 105.605 105.401 105.18 104.952 104.717 104.473 104.219 103.951 103.67 103.403 103.212 103.043 102.869
-9999 -9999 -9999 -9999 -9999 -9999 -9999 -9999 -9999 -9999 -9999 -9999 -9999 -9999 -9999 -9999 -9999 -9999 105.969 106.164 106.346 105.784 105.292 -9999 -9999 106.795 107.227 106.793 106.853 107.074 107.823 107.611 107.496 107.668 107.713 107.846 -9999 107.857 107.641 107.647 107.755 107.769 107.811 107.683 107.494 107.413 107.376 107.267 107.176 107.112 107.063 106.682 106.116 106.421 106.54 106.364 106.276 106.183 106.067 105.905 105.717 105.512 105.291 105.065 104.834 104.594 104.345 104.083 103.807 103.515 103.212 102.985 102.811 102.633
-9999 -9999 -9999 -9999 -9999 -9999 -9999 -9999 -9999 -9999 -9999 -9999 -9999 -9999 -9999 -9999 -9999 -9999 105.326 105.43 106.34 105.809 104.993 104.691 103.075 104.041 106.038 106.239 106.681 106.933 107.252 107.265 107.41 107.464 107.432 107.562 107.635 107.538 107.593 107.653 107.662 107.735 107.801 107.662 107.583 107.498 107.337 107.274 107.226 107.145 107.001 106.877 106.722 106.373 106.502 106.367 106.288 106.136 106.012 105.827 105.621 105.4 105.176 104.947 104.712 104.468 104.214 103.946 103.662 103.359 103.033 102.761 102.576 102.393
-9999 -9999 -9999 -9999 -9999 -9999 -9999 -9999 -9999 -9999 -9999 -9999 -9999 -9999 -9999 -9999 -9999 -9999 -9999 105.237 106.331 105.903 105.853 104.871 104.461 105.732 106.283 106.672 107.074 107.361 107.64 107.743 107.733 107.53 106.952 107.181 107.624 107.687 107.766 107.715 107.555 107.653 107.751 107.676 107.605 107.421 107.163 107.133 107.12 107.015 106.951 106.838 106.65 106.506 106.471 106.355 106.267 106.112 105.928 105.725 105.507 105.232 104.915 104.764 104.587 104.339 104.081 103.808 103.518 103.208 102.875 102.562 102.344 102.149
-9999 -9999 -9999 -9999 -9999 -9999 -9999 -9999 -9999 -9999 -9999 -9999 -9999 -9999 -9999 -9999 -9999 -9999 -9999 -9999 -9999 105.69 105.467 104.737 103.256 104.258 106.205 106.564 106.942 107.015 106.762 106.823 106.915 106.645 106.72 106.959 106.956 107.23 107.859 107.762 107.725 107.774 107.686 107.627 107.588 107.364 107.138 107.109 107.05 106.977 106.893 106.805 106.717 106.364 106.229 106.244 106.176 105.828 105.512 105.416 105.236 104.977 104.639 104.531 104.467 104.218 103.957 103.682 103.389 103.078 102.746 102.408 102.155 101.954
-9999 -9999 -9999 -9999 -9999 -9999 -9999 -9999 -9999 -9999 -9999 -9999 -9999 -9999 -9999 -9999 -9999 -9999 -9999 -9999 105.771 105.698 105.768 105.134 105.504 106.446 106.152 106.272 106.01 106.253 107.285 107.354 107.289 107.24 106.983 107.108 107.455 107.734 107.559 107.587 107.702 107.679 107.668 107.62 107.565 107.374 107.19 107.131 107.055 106.902 106.625 106.696 106.704 106.419 106.033 106.051 106.085 105.879 105.351 105.124 105.03 104.761 104.403 104.292 104.298 104.057 103.807 103.544 103.267 102.965 102.635 102.278 101.991 101.779
-9999 -9999 -9999 -9999 -9999 -9999 -9999 -9999 -9999 -9999 -9999 -9999 -9999 -9999 -9999 -9999 -9999 -9999 -9999 105.895 106.231 106.297 106.321 106.85 107.733 107.316 106.54 105.795 104.056 105.372 107.504 107.574 107.733 107.237 106.218 106.775 107.818 107.642 107.386 107.472 107.514 107.576 107.69 107.588 107.398 107.261 107.167 107.059 106.873 106.689 106.614 106.64 106.552 106.408 106.128 105.956 105.944 105.723 105.491 105.123 104.967 104.641 104.263 104.095 104.096 103.859 103.613 103.355 103.084 102.796 102.482 102.141 101.832 101.601
-9999 -9999 -9999 -9999 -9999 -9999 -9999 -9999 -9999 -9999 -9999 -9999 -9999 -9999 -9999 -9999 -9999 -9999 106.019 106.225 106.373 106.312 106.05 106.202 105.273 105.37 106.748 105.822 105.771 106.905 106.889 107.054 107.152 106.607 106.58 107.068 106.875 106.945 107.51 107.481 107.307 107.424 107.497 107.375 107.332 107.257 107.205 107.04 106.857 106.739 106.562 106.439 106.262 106.095 105.966 105.855 105.769 105.547 105.31 105.066 104.821 104.471 104.031 103.898 103.891 103.655 103.41 103.152 102.879 102.588 102.275 101.933 101.617 101.372
-9999 -9999 -9999 -9999 -9999 -9999 -9999 -9999 -9999 -9999 -9999 -9999 -9999 -9999 -9999 -9999 105.828 105.971 106.092 106.221 106.362 106.289 106.42 105.685 104.96 105.956 106.66 106.643 106.636 106.64 106.647 106.428 105.541 105.519 105.487 105.628 106.303 106.803 107.358 107.093 106.577 106.908 107.633 107.576 107.494 107.388 107.185 107.056 106.983 106.777 106.526 106.421 106.254 106.04 105.9 105.735 105.623 105.38 105.14 104.869 104.6 104.377 104.082 103.789 103.686 103.451 103.205 102.946 102.67 102.373 102.052 101.7 101.359 101.083
-9999 -9999 -9999 -9999 -9999 -9999 -9999 -9999 -9999 -9999 -9999 -9999 -9999 -9999 -9999 105.764 105.854 105.978 106.093 -9999 -9999 -9999 -9999 106.076 105.02 105.614 106.195 106.186 106.138 106.351 106.913 106.422 106.243 106.29 106.462 106.83 106.847 107.128 107.075 106.809 106.806 107.356 107.716 107.64 107.555 107.344 107.055 106.967 106.891 106.636 106.343 106.259 106.054 105.797 105.699 105.604 105.477 105.228 104.977 104.667 104.357 104.161 103.968 103.721 103.484 103.246 102.998 102.735 102.453 102.15 101.819 101.454 101.09 100.78
-9999 -9999 -9999 -9999 -9999 -9999 -9999 -9999 -9999 -9999 -9999 -9999 -9999 -9999 -9999 105.716 105.858 105.978 -9999 -9999 -9999 -9999 -9999 105.967 105.623 106.024 106.246 106.073 105.627 105.902 105.814 105.849 106.102 106.579 107.659 107.598 107.387 107.291 107.086 106.883 106.293 106.775 107.543 107.622 107.463 107.249 107.142 107.023 106.861 106.629 106.467 106.347 106.182 105.911 105.713 105.498 105.329 105.052 104.781 104.548 104.265 104.0 103.797 103.554 103.296 103.042 102.787 102.517 102.228 101.915 101.572 101.193 100.8 100.464
-9999 -9999 -9999 -9999 -9999 -9999 -9999 -9999 -9999 -9999 -9999 -9999 -9999 -9999 -9999 -9999 -9999 105.9 -9999 -9999 -9999 -9999 -9999 106.14 105.692 105.781 105.662 105.488 105.628 105.723 106.133 106.206 105.951 106.623 106.91 106.844 106.964 106.859 106.847 106.308 105.632 106.386 107.482 107.561 107.359 107.243 107.126 106.96 106.796 106.633 106.47 106.305 106.126 105.919 105.68 105.437 105.187 104.928 104.629 104.385 104.154 103.892 103.643 103.397 103.134 102.846 102.557 102.264 101.954 101.621 101.259 100.861 100.443 100.086
-9999 -9999 -9999 -9999 -9999 -9999 -9999 -9999 -9999 -9999 -9999 -9999 -9999 -9999 -9999 -9999 -9999 -9999 -9999 -9999 -9999 -9999 -9999 106.135 106.045 105.659 104.755 104.838 104.862 105.442 106.458 106.445 106.704 106.9 107.027 107.099 107.117 107.14 107.207 106.787 106.588 107.208 107.541 107.424 107.293 107.178 107.025 106.859 106.695 106.531 106.367 106.202 106.008 105.784 105.544 105.3 105.05 104.798 104.538 104.264 104.022 103.761 103.497 103.22 102.926 102.614 102.276 101.953 101.629 101.281 100.904 100.49 100.055 99.71
-9999 -9999 -9999 -9999 -9999 -9999 -9999 -9999 -9999 -9999 -9999 -9999 -9999 -9999 -9999 -9999 -9999 -9999 -9999 -9999 -9999 -9999 -9999 -9999 106.059 105.71 106.079 105.862 105.201 105.817 106.018 106.243 106.405 106.454 106.404 106.607 107.153 107.215 107.285 107.108 106.883 107.097 107.323 107.251 107.143 107.015 106.874 106.735 106.591 106.428 106.263 106.095 105.887 105.652 105.41 105.166 104.916 104.664 104.408 104.151 103.874 103.585 103.296 102.998 102.685 102.356 102.003 101.631 101.283 100.924 100.535 100.112 99.7 99.371
-9999 -9999 -9999 -9999 -9999 -9999 -9999 -9999 -9999 -9999 -9999 -9999 -9999 -9999 -9999 -9999 -9999 -9999 -9999 -9999 -9999 -9999 -9999 103.757 104.281 105.029 106.566 106.266 106.397 106.472 106.364 106.414 106.228 106.189 106.157 106.528 106.753 106.77 106.709 106.511 106.239 106.498 106.883 106.879 106.946 106.825 106.7 106.56 106.383 106.223 106.011 105.899 105.636 105.411 105.184 104.996 104.783 104.53 104.255 103.965 103.672 103.37 103.064 102.753 102.431 102.092 101.73 101.338 100.94 100.559 100.174 99.768 99.371 99.084
-9999 -9999 -9999 -9999 -9999 -9999 -9999 -9999 -9999 -9999 -9999 -9999 -9999 -9999 -9999 -9999 -9999 -9999 -9999 -9999 -9999 -9999 -9999 103.509 103.191 104.252 104.926 105.047 105.178 105.357 106.009 105.952 105.99 105.995 106.064 106.08 105.78 105.968 106.578 106.422 106.369 106.588 106.633 106.709 106.75 106.635 106.515 106.346 106.151 105.993 105.862 105.659 105.462 105.227 104.998 104.807 104.636 104.348 104.053 103.748 103.441 103.133 102.822 102.503 102.173 101.825 101.454 101.051 100.617 100.221 99.84 99.439 99.062 98.818
-9999 -9999 -9999 -9999 -9999 -9999 -9999 -9999 -9999 -9999 -9999 -9999 -9999 -9999 -9999 -9999 -9999 -9999 -9999 -9999 -9999 -9999 -9999 104.442 104.14 104.641 105.025 104.846 104.132 104.855 105.904 106.052 106.333 106.34 106.257 105.968 105.592 105.94 105.962 105.827 105.542 105.651 105.901 106.091 106.512 106.422 106.331 106.175 106.057 105.934 105.799 105.633 105.405 105.19 104.988 104.678 104.439 104.134 103.822 103.512 103.202 102.891 102.574 102.248 101.91 101.553 101.178 100.785 100.359 99.916 99.52 99.115 98.784 98.577
-9999 -9999 -9999 -9999 -9999 -9999 -9999 -9999 -9999 -9999 -9999 -9999 -9999 -9999 -9999 -9999 -9999 -9999 -9999 -9999 -9999 -9999 -9999 -9999 103.873 104.397 105.277 104.937 105.035 105.541 105.379 105.447 105.143 105.26 105.696 105.583 105.828 105.779 105.534 105.484 105.784 105.927 106.003 106.342 106.311 106.243 106.148 106.035 105.919 105.793 105.66 105.486 105.276 105.083 104.831 104.533 104.214 103.897 103.584 103.272 102.958 102.642 102.319 101.988 101.651 101.301 100.93 100.536 100.114 99.649 99.202 98.803 98.517 98.363
-9999 -9999 -9999 -9999 -9999 -9999 -9999 -9999 -9999 -9999 -9999 -9999 -9999 -9999 -9999 -9999 -9999 -9999 -9999 -9999 -9999 -9999 -9999 -9999 103.979 104.591 105.006 104.93 104.553 104.533 104.701 104.213 103.23 103.521 103.65 104.061 104.849 105.003 105.797 106.032 106.259 106.103 105.673 105.713 105.871 105.87 105.974 105.861 105.744 105.618 105.472 105.147 104.813 104.747 104.601 104.296 103.976 103.656 103.34 103.025 102.713 102.399 102.079 101.752 101.413 101.062 100.692 100.295 99.866 99.395 98.905 98.517 98.277 98.156
-9999 -9999 -9999 -9999 -9999 -9999 -9999 -9999 -9999 -9999 -9999 -9999 -9999 -9999 -9999 -9999 -9999 -9999 -9999 -9999 -9999 -9999 -9999 103.608 103.377 103.934 104.891 104.534 104.072 104.098 103.903 103.843 105.105 105.136 104.967 105.309 105.047 105.541 105.775 105.775 105.442 105.256 105.471 105.6 105.735 105.802 105.804 105.697 105.581 105.45 105.293 104.98 104.553 104.404 104.338 104.051 103.746 103.429 103.114 102.801 102.487 102.171 101.851 101.522 101.182 100.826 100.449 100.047 99.611 99.137 98.652 98.269 98.064 97.955
-9999 -9999 -9999 -9999 -9999 -9999 -9999 -9999 -9999 -9999 -9999 -9999 -9999 -9999 -9999 -9999 -9999 -9999 -9999 -9999 -9999 -9999 -9999 103.529 103.008 103.861 104.837 104.487 104.192 103.97 103.601 104.638 105.629 105.443 105.1 104.611 103.538 104.08 105.295 105.145 105.337 105.739 105.703 105.722 105.579 105.463 105.108 105.067 105.1 105.011 104.967 104.693 104.368 104.182 104.094 103.807 103.514 103.209 102.896 102.582 102.266 101.947 101.623 101.289 100.944 100.582 100.199 99.661 99.174 98.845 98.432 98.054 97.864 97.76
-9999 -9999 -9999 -9999 -9999 -9999 -9999 -9999 -9999 -9999 -9999 -9999 -9999 -9999 -9999 -9999 -9999 -9999 -9999 -9999 -9999 -9999 -9999 103.101 103.534 103.83 103.199 103.295 104.028 103.89 104.023 104.522 104.401 104.315 104.485 103.93 103.928 104.728 105.31 105.658 105.786 105.744 105.691 105.566 105.435 105.206 105.047 104.898 104.684 104.687 104.698 104.432 104.167 103.978 103.859 103.57 103.275 102.98 102.674 102.358 102.039 101.716 101.387 101.048 100.697 100.329 99.939 99.446 98.861 98.543 98.221 97.849 97.668 97.569
-9999 -9999 -9999 -9999 -9999 -9999 -9999 -9999 -9999 -9999 -9999 -9999 -9999 -9999 -9999 -9999 -9999 -9999 -9999 -9999 -9999 -9999 103.556 103.646 103.773 103.479 103.589 103.948 103.874 103.942 103.936 104.001 104.34 104.636 105.093 105.112 105.163 105.311 105.233 105.307 105.6 105.548 105.496 105.351 105.145 105.057 104.945 104.831 104.802 104.789 104.582 104.279 103.906 103.77 103.627 103.336 103.038 102.739 102.442 102.127 101.804 101.476 101.142 100.797 100.44 100.065 99.677 99.211 98.658 98.31 98.041 97.686 97.488 97.382
-9999 -9999 -9999 -9999 -9999 -9999 -9999 -9999 -9999 -9999 -9999 -9999 -9999 -9999 -9999 -9999 -9999 -9999 -9999 -9999 -9999 103.483 103.513 103.569 103.546 103.685 103.895 103.695 103.239 103.532 104.375 104.651 104.902 105.097 104.834 104.934 105.121 104.911 104.684 104.976 105.393 105.337 105.282 105.084 104.842 104.761 104.631 104.654 104.747 104.567 104.272 103.977 103.64 103.526 103.397 103.102 102.8 102.497 102.196 101.886 101.56 101.227 100.886 100.536 100.171 99.806 99.437 98.873 98.35 98.064 97.858 97.55 97.326 97.197
-9999 -9999 -9999 -9999 -9999 -9999 -9999 -9999 -9999 -9999 -9999 -9999 -9999 -9999 -9999 -9999 -9999 -9999 -9999 103.087 103.173 103.17 102.942 102.837 102.552 102.825 103.262 103.023 103.321 104.731 105.068 105.214 105.269 105.174 105.17 105.18 104.891 104.846 105.053 105.176 104.89 104.823 104.739 104.615 104.652 104.543 104.446 104.529 104.585 104.369 104.156 103.822 103.399 103.262 103.126 102.823 102.51 102.197 101.887 101.572 101.248 100.914 100.575 100.231 99.894 99.543 99.179 98.658 98.085 97.725 97.548 97.377 97.168 97.033
