Validation/Results/ReClimate_08_2024_1_Temperature.asc
NCOLS 192
NROWS 249
XLLCENTER -225160.85627316462
YLLCENTER 29788.11610251502
CELLSIZE 5000.0
NODATA_VALUE -9999
[rows 170 to 203 of 249, columns 75 to 149 of 192]
-9999 -9999 -9999 -9999 -9999 -9999 -9999 -9999 -9999 -9999 -9999 -9999 -9999 -9999 -9999 -9999 -9999 -0.238 -0.23 -9999 -9999 -9999 -9999 -9999 -9999 -9999 -9999 -9999 -9999 -9999 -9999 -9999 -9999 -9999 -9999 -9999 -0.119 -0.106 -0.103 -0.101 -0.1 -0.101 -0.109 -0.121 -0.119 -0.118 -0.118 -0.119 -0.108 -0.097 -0.092 -0.089 -0.096 -0.108 -0.099 -0.089 -0.095 -0.106 -0.095 -0.084 -0.074 -0.066 -0.075 -0.09 -0.066 -0.038 -0.04 -0.047 -0.045 -0.047 -0.043 -0.043 -0.032 -0.022 -0.014
-9999 -9999 -9999 -9999 -9999 -9999 -9999 -9999 -9999 -9999 -9999 -9999 -9999 -9999 -9999 -9999 -9999 -0.218 -0.208 -0.206 -9999 -9999 -9999 -9999 -9999 -9999 -9999 -9999 -9999 -9999 -9999 -9999 -9999 -9999 -9999 -0.133 -0.124 -0.11 -0.105 -0.097 -0.097 -0.102 -0.109 -0.12 -0.116 -0.111 -0.106 -0.094 -0.084 -0.078 -0.078 -0.093 -0.088 -0.092 -0.088 -0.082 -0.092 -0.104 -0.082 -0.064 -0.064 -0.061 -0.06 -0.067 -0.064 -0.048 -0.039 -0.038 -0.041 -0.044 -0.038 -0.035 -0.021 -0.009 -0.011
-9999 -9999 -9999 -9999 -9999 -9999 -9999 -9999 -9999 -9999 -9999 -9999 -9999 -9999 -9999 -9999 -0.216 -0.21 -0.204 -0.2 -0.193 -9999 -9999 -9999 -9999 -9999 -9999 -9999 -9999 -9999 -9999 -9999 -0.121 -9999 -9999 -0.138 -0.128 -0.115 -0.107 -0.099 -9999 -0.106 -0.112 -0.122 -0.117 -0.111 -0.1 -0.088 -0.081 -0.074 -0.084 -0.099 -0.094 -0.09 -0.086 -0.084 -0.093 -0.107 -0.086 -0.062 -0.061 -0.064 -0.062 -0.063 -0.058 -0.055 -0.046 -0.039 -0.04 -0.046 -0.039 -0.035 -0.021 -0.008 -0.009
-9999 -9999 -9999 -9999 -9999 -9999 -9999 -9999 -9999 -9999 -9999 -9999 -9999 -9999 -9999 -9999 -0.241 -0.226 -0.213 -0.186 -0.18 -0.181 -0.172 -9999 -9999 -9999 -0.157 -0.147 -9999 -0.133 -0.131 -0.126 -0.123 -0.119 -9999 -9999 -0.119 -0.108 -9999 -9999 -0.087 -0.089 -0.092 -0.095 -0.091 -0.097 -0.097 -0.122 -0.107 -0.072 -0.083 -0.099 -0.085 -0.077 -0.084 -0.089 -0.088 -0.096 -0.088 -0.072 -0.064 -0.062 -0.053 -0.05 -0.045 -0.042 -0.04 -0.036 -0.037 -0.041 -0.034 -0.029 -0.018 -0.007 0.002
-9999 -9999 -9999 -9999 -9999 -9999 -9999 -9999 -9999 -9999 -9999 -9999 -9999 -9999 -9999 -9999 -9999 -0.233 -0.209 -0.182 -0.179 -0.178 -9999 -9999 -0.162 -0.158 -0.153 -0.149 -0.143 -0.143 -0.138 -0.131 -0.127 -0.123 -0.122 -9999 -0.12 -0.108 -0.097 -0.085 -0.084 -0.086 -0.085 -0.087 -0.09 -0.094 -0.113 -0.138 -0.109 -0.076 -0.087 -0.102 -0.089 -0.076 -0.082 -0.094 -0.094 -0.095 -0.087 -0.078 -0.071 -0.065 -0.056 -0.049 -0.043 -0.041 -0.038 -0.039 -0.039 -0.042 -0.035 -0.029 -0.019 -0.009 -0.0
-9999 -9999 -9999 -9999 -9999 -9999 -9999 -9999 -9999 -9999 -9999 -9999 -9999 -9999 -9999 -9999 -9999 -0.229 -0.208 -0.185 -0.176 -0.157 -0.154 -0.167 -0.159 -0.146 -0.138 -0.128 -0.121 -0.12 -0.117 -0.126 -0.118 -0.107 -0.103 -0.103 -0.096 -0.101 -0.094 -0.098 -0.094 -0.083 -0.082 -0.084 -0.085 -0.086 -0.097 -0.101 -0.078 -0.065 -0.076 -0.095 -0.09 -0.081 -0.076 -0.08 -0.084 -0.088 -0.077 -0.067 -0.062 -0.057 -0.051 -0.045 -0.044 -0.044 -0.031 -0.025 -0.02 -0.02 -0.008 0.001 -0.003 -0.001 0.007
-9999 -9999 -9999 -9999 -9999 -9999 -9999 -9999 -9999 -9999 -9999 -9999 -9999 -9999 -9999 -9999 -9999 -9999 -0.205 -0.187 -0.17 -0.151 -0.16 -0.173 -0.159 -0.144 -0.133 -0.122 -0.117 -0.114 -0.119 -0.126 -0.115 -0.102 -0.097 -0.094 -0.095 -0.1 -0.101 -0.105 -0.095 -0.084 -0.084 -0.086 -0.085 -0.085 -0.086 -0.088 -0.076 -0.063 -0.076 -0.096 -0.09 -0.087 -0.082 -0.078 -0.081 -0.087 -0.076 -0.065 -0.06 -0.057 -0.051 -0.047 -0.045 -0.048 -0.035 -0.023 -0.018 -0.015 -0.003 0.009 0.006 -0.001 0.008
-9999 -9999 -9999 -9999 -9999 -9999 -9999 -9999 -9999 -9999 -9999 -9999 -9999 -9999 -9999 -9999 -9999 -9999 -9999 -9999 -0.166 -0.173 -0.18 -0.183 -0.167 -0.146 -0.134 -0.12 -0.113 -0.105 -0.105 -0.103 -0.094 -0.092 -0.091 -0.1 -0.098 -0.092 -0.093 -0.099 -0.093 -0.097 -0.098 -0.102 -0.094 -0.072 -0.07 -0.07 -0.064 -0.074 -0.08 -0.075 -0.079 -0.08 -0.073 -0.068 -0.064 -0.065 -0.061 -0.053 -0.053 -0.052 -0.038 -0.029 -0.034 -0.039 -0.029 -0.018 -0.012 -0.009 0.01 0.026 0.021 0.014 0.02
-9999 -9999 -9999 -9999 -9999 -9999 -9999 -9999 -9999 -9999 -9999 -9999 -9999 -9999 -9999 -9999 -9999 -9999 -9999 -0.171 -0.176 -0.184 -0.185 -0.189 -0.17 -0.149 -0.136 -0.122 -0.112 -0.103 -0.099 -0.097 -0.093 -0.091 -0.096 -0.105 -0.098 -0.091 -0.094 -0.098 -0.1 -0.104 -0.107 -0.111 -0.092 -0.07 -0.067 -0.065 -0.071 -0.081 -0.076 -0.071 -0.074 -0.08 -0.073 -0.066 -0.061 -0.059 -0.053 -0.051 -0.049 -0.051 -0.037 -0.024 -0.028 -0.037 -0.027 -0.019 -0.013 -0.009 0.01 0.029 0.026 0.018 0.025
-9999 -9999 -9999 -9999 -9999 -9999 -9999 -9999 -9999 -9999 -9999 -9999 -9999 -9999 -9999 -9999 -9999 -9999 -0.182 -0.16 -0.164 -0.17 -0.174 -0.187 -0.173 -0.164 -0.15 -0.134 -0.121 -0.098 -0.097 -0.104 -0.103 -0.108 -0.109 -0.102 -0.094 -0.087 -0.087 -0.089 -0.091 -0.096 -0.092 -0.079 -0.063 -0.056 -0.056 -0.07 -0.075 -0.083 -0.078 -0.073 -0.072 -0.076 -0.057 -0.042 -0.041 -0.04 -0.034 -0.03 -0.039 -0.046 -0.03 -0.014 -0.011 -0.015 -0.019 -0.019 -0.003 0.007 0.016 0.03 0.038 0.037 0.044
-9999 -9999 -9999 -9999 -9999 -9999 -9999 -9999 -9999 -9999 -9999 -9999 -9999 -9999 -9999 -9999 -9999 -0.188 -0.174 -0.158 -0.161 -0.167 -0.176 -0.188 -0.18 -0.17 -0.156 -0.141 -0.121 -0.099 -0.102 -0.109 -0.112 -0.117 -0.11 -0.104 -0.095 -0.088 -0.087 -0.088 -0.091 -0.095 -0.082 -0.069 -0.061 -0.053 -0.062 -0.074 -0.079 -0.086 -0.08 -0.075 -0.074 -0.076 -0.057 -0.035 -0.033 -0.034 -0.028 -0.025 -0.032 -0.046 -0.03 -0.013 -0.009 -0.008 -0.012 -0.02 -0.004 0.012 0.022 0.03 0.037 0.043 0.05
-9999 -9999 -9999 -9999 -9999 -9999 -9999 -9999 -9999 -9999 -9999 -9999 -9999 -9999 -9999 -0.209 -0.195 -0.189 -0.179 -0.169 -0.17 -0.163 -0.174 -0.182 -0.174 -0.17 -0.148 -0.11 -0.095 -0.094 -0.1 -0.114 -0.112 -0.106 -0.099 -0.098 -0.093 -0.096 -0.091 -0.081 -0.078 -0.072 -0.062 -0.061 -0.056 -0.057 -0.063 -0.069 -0.072 -0.074 -0.068 -0.062 -0.056 -0.053 -0.034 -0.012 -0.028 -0.039 -0.03 -0.024 -0.021 -0.027 -0.019 -0.006 -0.005 -0.005 -0.001 -0.005 0.003 0.015 0.022 0.029 0.032 0.035 0.048
-9999 -9999 -9999 -9999 -9999 -9999 -9999 -9999 -9999 -9999 -9999 -9999 -9999 -9999 -0.206 -0.203 -0.197 -0.19 -9999 -9999 -9999 -9999 -0.161 -0.179 -0.174 -0.17 -0.137 -0.1 -0.097 -0.096 -0.105 -0.118 -0.11 -0.103 -0.1 -0.099 -0.099 -0.102 -0.091 -0.08 -0.073 -0.066 -0.063 -0.061 -0.06 -0.061 -0.064 -0.069 -0.069 -0.072 -0.065 -0.06 -0.053 -0.047 -0.027 -0.006 -0.02 -0.042 -0.033 -0.025 -0.022 -0.022 -0.013 -0.006 -0.004 -0.005 -0.001 -0.0 0.009 0.016 0.023 0.028 0.032 0.033 0.046
-9999 -9999 -9999 -9999 -9999 -9999 -9999 -9999 -9999 -9999 -9999 -9999 -9999 -9999 -0.204 -0.202 -0.196 -9999 -9999 -9999 -9999 -9999 -0.153 -0.151 -0.15 -0.163 -0.135 -0.111 -0.107 -0.099 -0.103 -0.1 -0.092 -0.088 -0.088 -0.098 -0.095 -0.085 -0.08 -0.086 -0.077 -0.067 -0.059 -0.045 -0.045 -0.054 -0.056 -0.059 -0.059 -0.065 -0.059 -0.057 -0.053 -0.049 -0.043 -0.031 -0.017 -0.022 -0.019 -0.014 -0.014 -0.016 -0.01 -0.004 0.005 0.009 0.015 0.018 0.028 0.037 0.037 0.039 0.043 0.044 0.05
-9999 -9999 -9999 -9999 -9999 -9999 -9999 -9999 -9999 -9999 -9999 -9999 -9999 -9999 -9999 -9999 -0.192 -9999 -9999 -9999 -9999 -9999 -0.144 -0.141 -0.149 -0.161 -0.141 -0.118 -0.11 -0.102 -0.098 -0.094 -0.088 -0.083 -0.09 -0.099 -0.09 -0.081 -0.084 -0.09 -0.08 -0.07 -0.056 -0.04 -0.045 -0.054 -0.055 -0.057 -0.059 -0.064 -0.06 -0.058 -0.054 -0.052 -0.046 -0.042 -0.029 -0.017 -0.013 -0.012 -0.012 -0.016 -0.009 -0.005 0.004 0.013 0.02 0.025 0.036 0.045 0.047 0.045 0.05 0.05 0.055
-9999 -9999 -9999 -9999 -9999 -9999 -9999 -9999 -9999 -9999 -9999 -9999 -9999 -9999 -9999 -9999 -9999 -9999 -9999 -9999 -9999 -9999 -0.137 -0.127 -0.129 -0.125 -0.11 -0.108 -0.108 -0.124 -0.113 -0.086 -0.083 -0.086 -0.092 -0.101 -0.089 -0.073 -0.071 -0.065 -0.054 -0.046 -0.037 -0.045 -0.047 -0.047 -0.044 -0.039 -0.034 -0.024 -0.039 -0.047 -0.042 -0.038 -0.027 -0.019 -0.023 -0.019 -0.022 -0.026 -0.011 -0.005 0.009 0.019 0.026 0.034 0.033 0.034 0.042 0.05 0.064 0.071 0.075 0.075 0.068
-9999 -9999 -9999 -9999 -9999 -9999 -9999 -9999 -9999 -9999 -9999 -9999 -9999 -9999 -9999 -9999 -9999 -9999 -9999 -9999 -9999 -9999 -9999 -0.122 -0.116 -0.111 -0.108 -0.106 -0.117 -0.134 -0.111 -0.085 -0.086 -0.089 -0.094 -0.103 -0.088 -0.072 -0.064 -0.057 -0.047 -0.037 -0.041 -0.049 -0.046 -0.046 -0.039 -0.034 -0.022 -0.01 -0.025 -0.045 -0.039 -0.036 -0.024 -0.013 -0.016 -0.022 -0.025 -0.031 -0.017 -0.002 0.013 0.028 0.036 0.042 0.042 0.038 0.046 0.053 0.068 0.081 0.086 0.084 0.077
-9999 -9999 -9999 -9999 -9999 -9999 -9999 -9999 -9999 -9999 -9999 -9999 -9999 -9999 -9999 -9999 -9999 -9999 -9999 -9999 -9999 -9999 -0.142 -0.127 -0.117 -0.098 -0.095 -0.095 -0.099 -0.093 -0.078 -0.08 -0.082 -0.092 -0.088 -0.071 -0.059 -0.055 -0.049 -0.053 -0.043 -0.033 -0.032 -0.026 -0.026 -0.038 -0.035 -0.043 -0.034 -0.028 -0.024 -0.033 -0.03 -0.027 -0.028 -0.025 -0.015 -0.014 -0.001 0.003 -0.003 -0.0 0.005 0.014 0.035 0.049 0.06 0.063 0.059 0.059 0.074 0.087 0.093 0.092 0.092
-9999 -9999 -9999 -9999 -9999 -9999 -9999 -9999 -9999 -9999 -9999 -9999 -9999 -9999 -9999 -9999 -9999 -9999 -9999 -9999 -9999 -9999 -0.138 -0.13 -0.113 -0.095 -0.093 -0.093 -0.086 -0.079 -0.079 -0.08 -0.086 -0.095 -0.079 -0.061 -0.055 -0.05 -0.051 -0.053 -0.043 -0.033 -0.026 -0.019 -0.026 -0.036 -0.041 -0.049 -0.043 -0.037 -0.034 -0.031 -0.027 -0.026 -0.027 -0.031 -0.021 -0.011 0.002 0.014 0.01 0.001 0.006 0.009 0.029 0.051 0.062 0.072 0.069 0.062 0.076 0.09 0.095 0.095 0.095
-9999 -9999 -9999 -9999 -9999 -9999 -9999 -9999 -9999 -9999 -9999 -9999 -9999 -9999 -9999 -9999 -9999 -9999 -9999 -9999 -9999 -9999 -0.117 -0.109 -0.097 -0.094 -0.088 -0.075 -0.076 -0.095 -0.094 -0.091 -0.089 -0.076 -0.064 -0.06 -0.05 -0.035 -0.033 -0.034 -0.029 -0.037 -0.031 -0.028 -0.031 -0.033 -0.038 -0.049 -0.039 -0.025 -0.025 -0.024 -0.02 -0.018 -0.014 -0.014 -0.007 0.001 0.008 0.017 0.029 0.03 0.033 0.035 0.052 0.073 0.08 0.088 0.097 0.098 0.095 0.098 0.115 0.123 0.116
-9999 -9999 -9999 -9999 -9999 -9999 -9999 -9999 -9999 -9999 -9999 -9999 -9999 -9999 -9999 -9999 -9999 -9999 -9999 -9999 -9999 -9999 -9999 -0.102 -0.098 -0.096 -0.083 -0.07 -0.084 -0.103 -0.099 -0.097 -0.084 -0.071 -0.066 -0.062 -0.047 -0.031 -0.029 -0.029 -0.033 -0.04 -0.036 -0.033 -0.032 -0.034 -0.04 -0.05 -0.037 -0.022 -0.022 -0.023 -0.019 -0.016 -0.011 -0.008 -0.001 0.005 0.012 0.018 0.029 0.04 0.044 0.044 0.062 0.08 0.088 0.093 0.103 0.11 0.109 0.1 0.116 0.131 0.126
-9999 -9999 -9999 -9999 -9999 -9999 -9999 -9999 -9999 -9999 -9999 -9999 -9999 -9999 -9999 -9999 -9999 -9999 -9999 -9999 -9999 -9999 -9999 -0.093 -0.091 -0.098 -0.088 -0.08 -0.091 -0.1 -0.096 -0.093 -0.086 -0.088 -0.078 -0.057 -0.047 -0.044 -0.04 -0.033 -0.035 -0.038 -0.033 -0.026 -0.025 -0.03 -0.034 -0.037 -0.027 -0.024 -0.018 -0.015 -0.006 0.0 0.019 0.031 0.008 -0.004 0.014 0.026 0.03 0.037 0.057 0.069 0.081 0.096 0.102 0.108 0.124 0.136 0.126 0.113 0.127 0.142 0.147
-9999 -9999 -9999 -9999 -9999 -9999 -9999 -9999 -9999 -9999 -9999 -9999 -9999 -9999 -9999 -9999 -9999 -9999 -9999 -9999 -9999 -9999 -0.119 -0.091 -0.094 -0.1 -0.093 -0.086 -0.092 -0.1 -0.096 -0.094 -0.094 -0.097 -0.078 -0.057 -0.053 -0.051 -0.043 -0.036 -0.037 -0.04 -0.032 -0.025 -0.027 -0.031 -0.032 -0.034 -0.03 -0.027 -0.021 -0.014 -0.004 0.005 0.024 0.043 0.023 -0.007 0.01 0.028 0.033 0.034 0.055 0.076 0.089 0.1 0.107 0.112 0.128 0.143 0.135 0.116 0.13 0.143 0.149
-9999 -9999 -9999 -9999 -9999 -9999 -9999 -9999 -9999 -9999 -9999 -9999 -9999 -9999 -9999 -9999 -9999 -9999 -9999 -9999 -9999 -9999 -0.112 -0.091 -0.094 -0.1 -0.095 -0.095 -0.1 -0.109 -0.104 -0.097 -0.096 -0.093 -0.078 -0.066 -0.057 -0.038 -0.035 -0.045 -0.046 -0.047 -0.038 -0.025 -0.029 -0.041 -0.038 -0.027 -0.023 -0.021 -0.016 -0.015 -0.006 0.003 0.02 0.037 0.039 0.023 0.035 0.05 0.052 0.053 0.067 0.085 0.088 0.093 0.103 0.109 0.118 0.128 0.146 0.144 0.146 0.154 0.155
-9999 -9999 -9999 -9999 -9999 -9999 -9999 -9999 -9999 -9999 -9999 -9999 -9999 -9999 -9999 -9999 -9999 -9999 -9999 -9999 -9999 -9999 -0.112 -0.093 -0.096 -0.101 -0.099 -0.099 -0.105 -0.113 -0.106 -0.099 -0.096 -0.094 -0.083 -0.071 -0.054 -0.035 -0.041 -0.051 -0.05 -0.051 -0.039 -0.027 -0.035 -0.047 -0.037 -0.025 -0.023 -0.02 -0.018 -0.017 -0.007 0.001 0.017 0.033 0.035 0.033 0.045 0.057 0.06 0.059 0.073 0.087 0.09 0.09 0.1 0.107 0.115 0.12 0.138 0.152 0.155 0.155 0.157
-9999 -9999 -9999 -9999 -9999 -9999 -9999 -9999 -9999 -9999 -9999 -9999 -9999 -9999 -9999 -9999 -9999 -9999 -9999 -9999 -9999 -0.137 -0.116 -0.097 -0.098 -0.1 -0.099 -0.101 -0.102 -0.096 -0.09 -0.087 -0.086 -0.089 -0.078 -0.064 -0.05 -0.04 -0.043 -0.044 -0.042 -0.041 -0.03 -0.02 -0.026 -0.033 -0.026 -0.028 -0.024 -0.018 -0.013 -0.009 0.008 0.022 0.03 0.043 0.054 0.058 0.052 0.054 0.065 0.07 0.071 0.077 0.096 0.106 0.117 0.126 0.132 0.137 0.153 0.167 0.168 0.167 0.166
-9999 -9999 -9999 -9999 -9999 -9999 -9999 -9999 -9999 -9999 -9999 -9999 -9999 -9999 -9999 -9999 -9999 -9999 -9999 -9999 -0.146 -0.139 -0.124 -0.1 -0.099 -0.1 -0.101 -0.104 -0.097 -0.09 -0.086 -0.082 -0.084 -0.087 -0.075 -0.062 -0.052 -0.043 -0.042 -0.043 -0.04 -0.039 -0.029 -0.019 -0.022 -0.028 -0.028 -0.029 -0.023 -0.017 -0.011 -0.006 0.01 0.028 0.037 0.044 0.056 0.066 0.061 0.052 0.063 0.073 0.075 0.073 0.092 0.11 0.121 0.13 0.138 0.141 0.156 0.169 0.171 0.169 0.168
-9999 -9999 -9999 -9999 -9999 -9999 -9999 -9999 -9999 -9999 -9999 -9999 -9999 -9999 -9999 -9999 -9999 -9999 -0.134 -0.138 -0.145 -0.125 -0.11 -0.105 -0.104 -0.104 -0.103 -0.098 -0.091 -0.086 -0.074 -0.049 -0.056 -0.078 -0.064 -0.048 -0.041 -0.042 -0.038 -0.034 -0.036 -0.051 -0.037 -0.011 -0.014 -0.02 -0.019 -0.018 -0.009 0.002 0.009 0.014 0.018 0.028 0.048 0.062 0.063 0.067 0.064 0.055 0.067 0.077 0.082 0.082 0.092 0.106 0.118 0.128 0.14 0.146 0.155 0.166 0.17 0.168 0.176
-9999 -9999 -9999 -9999 -9999 -9999 -9999 -9999 -9999 -9999 -9999 -9999 -9999 -9999 -9999 -9999 -9999 -0.132 -0.13 -0.144 -0.131 -0.118 -0.112 -0.108 -0.107 -0.107 -0.101 -0.096 -0.09 -0.085 -0.063 -0.037 -0.053 -0.074 -0.059 -0.044 -0.042 -0.042 -0.037 -0.032 -0.042 -0.058 -0.035 -0.01 -0.013 -0.018 -0.016 -0.013 -0.003 0.009 0.016 0.021 0.026 0.028 0.046 0.066 0.068 0.066 0.063 0.056 0.067 0.077 0.082 0.083 0.093 0.101 0.114 0.125 0.136 0.145 0.154 0.161 0.165 0.164 0.172
-9999 -9999 -9999 -9999 -9999 -9999 -9999 -9999 -9999 -9999 -9999 -9999 -9999 -9999 -0.149 -0.117 -0.107 -0.104 -0.104 -0.112 -0.104 -0.109 -0.102 -0.092 -0.091 -0.094 -0.087 -0.081 -0.077 -0.079 -0.063 -0.057 -0.067 -0.071 -0.054 -0.03 -0.027 -0.024 -0.023 -0.037 -0.043 -0.043 -0.022 -0.002 -0.001 -0.0 0.002 -0.005 0.008 0.025 0.019 0.017 0.031 0.04 0.043 0.054 0.051 0.045 0.064 0.07 0.071 0.075 0.091 0.099 0.107 0.115 0.121 0.129 0.141 0.149 0.157 0.164 0.175 0.179 0.183
-9999 -9999 -9999 -9999 -9999 -9999 -9999 -9999 -9999 -9999 -9999 -9999 -0.148 -0.146 -0.125 -0.103 -0.097 -0.092 -0.094 -0.1 -0.102 -0.106 -0.096 -0.086 -0.086 -0.088 -0.082 -0.075 -0.075 -0.077 -0.071 -0.066 -0.067 -0.071 -0.05 -0.027 -0.022 -0.018 -0.027 -0.04 -0.038 -0.038 -0.02 -0.0 0.003 0.005 0.003 -0.002 0.013 0.03 0.025 0.014 0.029 0.043 0.047 0.049 0.045 0.037 0.054 0.072 0.074 0.072 0.087 0.103 0.111 0.117 0.123 0.126 0.137 0.145 0.152 0.159 0.172 0.18 0.185
-9999 -9999 -9999 -9999 -9999 -9999 -9999 -9999 -0.153 -0.144 -0.144 -0.144 -0.14 -0.112 -0.098 -0.1 -0.098 -0.104 -0.097 -0.073 -0.071 -0.068 -0.067 -0.086 -0.088 -0.095 -0.086 -0.071 -0.068 -0.062 -0.059 -0.064 -0.065 -0.066 -0.045 -0.021 -0.015 -0.011 -0.012 -0.005 -0.004 -0.011 0.002 0.005 0.01 0.014 0.015 0.018 0.029 0.027 0.03 0.026 0.037 0.049 0.052 0.053 0.062 0.063 0.067 0.078 0.081 0.081 0.102 0.122 0.128 0.134 0.136 0.138 0.141 0.145 0.149 0.153 0.167 0.178 0.186
-9999 -9999 -9999 -9999 -9999 -9999 -9999 -0.157 -0.146 -0.141 -0.133 -0.132 -0.115 -0.097 -0.097 -0.099 -0.102 -0.108 -0.086 -0.062 -0.058 -0.053 -0.067 -0.087 -0.091 -0.098 -0.084 -0.07 -0.063 -0.058 -0.06 -0.065 -0.064 -0.065 -0.044 -0.021 -0.016 -0.011 -0.002 0.006 0.003 -0.002 0.002 0.005 0.011 0.015 0.021 0.024 0.025 0.023 0.026 0.028 0.038 0.048 0.051 0.052 0.061 0.069 0.074 0.077 0.081 0.081 0.102 0.124 0.131 0.136 0.138 0.136 0.14 0.14 0.144 0.145 0.158 0.17 0.178
-9999 -9999 -9999 -9999 -9999 -9999 -0.167 -0.15 -0.137 -0.129 -0.123 -0.125 -0.111 -0.1 -0.1 -0.103 -0.105 -0.106 -0.091 -0.084 -0.07 -0.037 -0.048 -0.063 -0.069 -0.084 -0.073 -0.069 -0.068 -0.078 -0.075 -0.061 -0.052 -0.03 -0.017 -0.023 -0.017 -0.012 -0.003 0.009 0.008 0.005 0.011 0.015 0.024 0.038 0.038 0.02 0.019 0.014 0.022 0.043 0.049 0.057 0.058 0.057 0.068 0.078 0.088 0.095 0.091 0.088 0.084 0.091 0.122 0.139 0.13 0.122 0.135 0.141 0.142 0.141 0.152 0.163 0.176
