Validation/Results/ReClimate_10_2023_2.asc
NCOLS 192
NROWS 249
XLLCENTER -225160.85627316462
YLLCENTER 29788.11610251502
CELLSIZE 5000.0
NODATA_VALUE -9999
[rows 66 to 98 of 249, columns 74 to 147 of 192]
-9999 -9999 -9999 -9999 -9999 -9999 -9999 -9999 -9999 -9999 -9999 102.682 -9999 102.663 102.652 102.642 102.635 102.639 102.664 102.925 103.088 102.871 102.748 102.988 103.0 102.819 102.836 102.817 102.823 102.832 102.84 102.848 -9999 -9999 -9999 -9999 -9999 -9999 -9999 -9999 -9999 -9999 -9999 -9999 -9999 -9999 -9999 -9999 -9999 -9999 -9999 -9999 -9999 -9999 -9999 -9999 -9999 -9999 -9999 -9999 -9999 -9999 -9999 -9999 -9999 -9999 -9999 -9999 -9999 -9999 -9999 -9999 -9999 -9999
-9999 -9999 -9999 -9999 -9999 -9999 -9999 -9999 -9999 -9999 -9999 -9999 102.664 102.653 102.642 102.637 102.651 102.68 102.706 102.951 103.368 103.143 102.705 102.78 102.956 102.932 102.839 102.847 102.857 102.866 -9999 -9999 -9999 -9999 -9999 -9999 -9999 -9999 -9999 -9999 -9999 -9999 -9999 -9999 -9999 -9999 -9999 -9999 -9999 -9999 -9999 -9999 -9999 -9999 -9999 -9999 -9999 -9999 -9999 -9999 -9999 -9999 -9999 -9999 -9999 -9999 -9999 -9999 -9999 -9999 -9999 -9999 -9999 -9999
-9999 -9999 -9999 -9999 -9999 -9999 -9999 -9999 -9999 -9999 -9999 -9999 102.653 102.646 102.638 102.661 102.692 102.72 102.745 103.035 103.227 102.963 102.849 102.94 102.937 102.885 102.869 102.879 102.888 102.897 -9999 -9999 -9999 -9999 -9999 -9999 -9999 -9999 -9999 -9999 -9999 -9999 -9999 -9999 -9999 -9999 -9999 -9999 -9999 -9999 -9999 -9999 -9999 -9999 -9999 -9999 -9999 -9999 -9999 -9999 -9999 -9999 -9999 -9999 -9999 -9999 -9999 -9999 -9999 -9999 -9999 -9999 -9999 -9999
-9999 -9999 -9999 -9999 -9999 -9999 -9999 -9999 -9999 -9999 -9999 -9999 -9999 -9999 102.668 102.702 102.732 102.768 102.817 102.944 103.008 102.972 103.023 102.988 102.892 102.889 102.9 102.909 -9999 -9999 -9999 -9999 -9999 -9999 -9999 -9999 -9999 -9999 -9999 -9999 -9999 -9999 -9999 -9999 -9999 -9999 -9999 -9999 -9999 -9999 -9999 -9999 -9999 -9999 -9999 -9999 -9999 -9999 -9999 -9999 -9999 -9999 -9999 -9999 -9999 -9999 -9999 -9999 -9999 -9999 -9999 -9999 -9999 -9999
-9999 -9999 -9999 -9999 -9999 -9999 -9999 -9999 102.695 -9999 -9999 102.644 102.647 102.67 102.708 102.741 102.77 102.831 102.912 102.995 103.118 103.079 102.9 102.868 102.909 102.919 102.929 102.939 -9999 -9999 -9999 -9999 -9999 -9999 -9999 -9999 -9999 -9999 -9999 -9999 -9999 -9999 -9999 -9999 -9999 -9999 -9999 -9999 -9999 -9999 -9999 -9999 -9999 -9999 -9999 -9999 -9999 -9999 -9999 -9999 -9999 -9999 -9999 -9999 -9999 -9999 -9999 -9999 -9999 -9999 -9999 -9999 -9999 -9999
-9999 -9999 -9999 -9999 -9999 -9999 102.263 102.564 102.686 102.668 102.649 102.556 102.361 102.312 102.108 102.272 102.649 102.688 102.666 102.779 102.903 102.676 102.312 102.487 102.89 102.913 102.958 102.967 -9999 -9999 -9999 -9999 -9999 -9999 -9999 -9999 -9999 -9999 -9999 -9999 -9999 -9999 -9999 -9999 -9999 -9999 -9999 -9999 -9999 -9999 -9999 -9999 -9999 -9999 -9999 -9999 -9999 -9999 -9999 -9999 -9999 -9999 -9999 -9999 -9999 -9999 -9999 -9999 -9999 -9999 -9999 -9999 -9999 -9999
-9999 -9999 -9999 -9999 -9999 -9999 102.308 102.548 -9999 102.639 102.627 102.519 102.527 102.554 102.867 103.054 103.018 103.074 103.238 103.255 103.121 102.978 103.085 103.253 103.144 103.118 102.986 -9999 103.003 -9999 -9999 -9999 -9999 -9999 -9999 -9999 -9999 -9999 -9999 -9999 -9999 -9999 -9999 -9999 -9999 -9999 -9999 -9999 -9999 -9999 -9999 -9999 -9999 -9999 -9999 -9999 -9999 -9999 -9999 -9999 -9999 -9999 -9999 -9999 -9999 -9999 -9999 -9999 -9999 -9999 -9999 -9999 -9999 -9999
-9999 -9999 -9999 -9999 -9999 -9999 -9999 102.513 102.529 102.442 102.264 102.251 102.184 102.561 103.1 103.142 103.27 103.289 103.081 103.134 103.447 103.535 103.614 103.426 103.07 103.006 103.014 103.021 103.03 -9999 -9999 -9999 -9999 -9999 -9999 -9999 -9999 -9999 -9999 -9999 -9999 -9999 -9999 -9999 -9999 -9999 -9999 -9999 -9999 -9999 -9999 -9999 -9999 -9999 -9999 -9999 -9999 -9999 -9999 -9999 -9999 -9999 -9999 -9999 -9999 -9999 -9999 -9999 -9999 -9999 -9999 -9999 -9999 -9999
100.645 -9999 -9999 -9999 -9999 -9999 -9999 -9999 102.471 102.334 102.279 102.441 102.936 103.246 103.308 103.464 103.677 103.401 102.917 103.168 103.373 103.45 103.514 103.249 103.028 103.035 103.042 103.048 103.059 -9999 -9999 -9999 -9999 -9999 -9999 -9999 -9999 -9999 -9999 -9999 -9999 -9999 -9999 -9999 -9999 -9999 -9999 -9999 -9999 -9999 -9999 -9999 -9999 -9999 -9999 -9999 -9999 -9999 -9999 -9999 -9999 -9999 -9999 -9999 -9999 -9999 -9999 -9999 -9999 -9999 -9999 -9999 -9999 -9999
101.78 -9999 -9999 -9999 -9999 -9999 102.219 102.356 101.852 102.066 102.413 102.817 103.188 103.193 103.105 103.185 103.086 102.999 103.4 103.501 103.463 103.485 103.422 103.25 103.059 103.065 -9999 103.077 -9999 -9999 -9999 -9999 -9999 -9999 103.206 103.229 103.252 -9999 -9999 -9999 -9999 -9999 -9999 -9999 -9999 -9999 -9999 -9999 -9999 -9999 -9999 -9999 -9999 -9999 -9999 -9999 -9999 -9999 -9999 -9999 -9999 -9999 -9999 -9999 -9999 -9999 -9999 -9999 -9999 -9999 -9999 -9999 -9999 -9999
102.228 101.728 -9999 -9999 -9999 -9999 -9999 101.734 101.904 102.246 102.589 102.783 102.918 102.878 102.873 102.821 102.798 103.042 103.124 103.179 103.358 103.303 103.217 103.119 103.082 103.098 103.102 -9999 -9999 -9999 -9999 103.165 103.182 103.211 103.24 103.266 103.289 103.309 103.327 103.343 103.356 103.368 103.376 103.381 103.384 103.384 103.38 103.377 103.364 103.307 103.248 103.276 103.352 -9999 -9999 -9999 -9999 -9999 -9999 -9999 -9999 -9999 -9999 -9999 -9999 -9999 -9999 -9999 -9999 -9999 -9999 -9999 -9999 -9999
102.091 101.569 -9999 -9999 -9999 101.927 -9999 101.852 101.884 102.153 102.275 102.544 103.002 102.954 102.813 102.8 102.776 102.842 102.885 102.999 103.039 103.015 103.051 103.055 103.087 103.112 -9999 -9999 -9999 -9999 103.217 103.216 103.25 103.283 103.314 103.341 103.366 103.362 103.312 103.354 103.439 103.426 103.368 103.401 103.474 103.387 103.144 103.167 103.231 103.234 103.312 103.318 103.385 -9999 -9999 -9999 -9999 -9999 -9999 -9999 -9999 -9999 -9999 -9999 -9999 -9999 -9999 -9999 -9999 -9999 -9999 -9999 -9999 -9999
101.95 101.539 -9999 -9999 -9999 101.893 101.967 102.07 102.397 102.447 102.327 102.737 103.11 102.944 102.818 102.797 102.753 102.801 102.847 102.89 102.932 102.972 103.01 103.047 103.083 -9999 -9999 103.198 103.227 103.25 103.267 103.303 103.339 103.372 103.403 103.431 103.457 103.437 103.437 103.499 103.535 103.486 103.422 103.496 103.581 103.37 103.121 103.163 103.172 103.294 103.495 103.486 103.446 103.512 -9999 -9999 -9999 -9999 -9999 -9999 -9999 -9999 -9999 -9999 -9999 -9999 -9999 -9999 -9999 -9999 -9999 -9999 -9999 -9999
101.832 101.717 -9999 101.849 -9999 101.643 101.58 101.827 102.073 102.16 102.521 102.77 102.805 102.765 102.76 102.626 102.312 102.476 102.829 102.946 103.181 103.152 103.003 103.042 103.084 -9999 103.202 103.249 103.295 103.334 103.364 103.397 103.431 103.463 103.494 103.522 103.548 103.561 103.583 103.613 103.631 103.602 103.603 103.479 103.014 103.001 103.299 103.289 103.234 103.416 103.614 103.621 103.589 103.64 -9999 -9999 -9999 -9999 -9999 -9999 -9999 -9999 -9999 -9999 -9999 -9999 -9999 -9999 -9999 -9999 -9999 -9999 -9999 -9999
101.722 -9999 101.761 -9999 -9999 -9999 101.177 101.594 102.349 102.388 101.966 102.156 102.532 102.628 102.816 102.721 102.918 103.026 102.811 102.998 103.154 103.061 102.996 103.045 103.115 103.187 103.252 103.31 103.367 103.417 103.463 103.493 103.525 103.556 103.586 103.614 103.64 103.664 103.686 103.706 103.725 103.737 103.757 103.337 102.832 103.178 103.691 103.62 103.491 103.616 103.664 103.694 103.719 103.792 -9999 -9999 -9999 -9999 -9999 -9999 -9999 -9999 -9999 -9999 -9999 -9999 -9999 -9999 -9999 -9999 -9999 -9999 -9999 -9999
100.961 101.077 -9999 -9999 -9999 -9999 101.561 102.011 102.129 -9999 102.055 102.258 102.255 102.495 102.798 103.065 103.432 103.183 102.792 102.905 102.97 102.959 103.004 103.089 103.169 103.24 103.306 103.368 103.429 103.49 103.544 103.591 103.621 103.651 103.679 103.707 103.732 103.613 103.249 103.19 102.996 103.235 103.843 103.372 102.789 103.279 103.883 103.803 103.753 103.792 103.816 103.893 104.005 104.052 -9999 -9999 -9999 -9999 -9999 -9999 -9999 -9999 -9999 -9999 -9999 -9999 -9999 -9999 -9999 -9999 -9999 -9999 -9999 -9999
101.503 101.59 -9999 -9999 -9999 101.512 -9999 -9999 101.937 102.036 102.131 102.282 102.654 102.904 103.101 103.362 103.48 103.147 102.773 102.845 102.927 102.983 103.053 103.141 103.22 103.292 103.36 103.425 103.489 103.553 103.617 103.672 103.718 103.746 103.774 103.8 103.825 103.61 103.521 103.441 103.482 103.813 103.858 103.438 103.101 103.449 103.544 103.613 103.858 103.867 103.845 104.029 104.186 -9999 -9999 -9999 -9999 -9999 -9999 -9999 -9999 -9999 -9999 -9999 -9999 -9999 -9999 -9999 -9999 -9999 -9999 -9999 -9999 -9999
101.254 101.241 101.397 101.204 -9999 -9999 -9999 101.882 101.59 -9999 101.992 102.373 102.843 102.871 102.648 102.764 102.846 102.696 102.754 102.777 102.723 102.935 103.354 103.373 103.269 103.343 103.414 103.481 103.547 103.613 103.68 103.746 103.801 103.843 103.87 103.895 103.919 103.866 103.836 103.875 103.913 103.912 103.837 103.523 103.133 103.325 103.703 103.831 103.828 103.878 104.035 104.161 -9999 -9999 -9999 -9999 -9999 -9999 -9999 -9999 -9999 -9999 -9999 -9999 -9999 -9999 -9999 -9999 -9999 -9999 -9999 -9999 -9999 -9999
100.907 101.118 101.467 101.05 -9999 100.948 101.379 101.855 102.108 102.338 102.573 102.801 102.731 102.564 102.397 102.492 102.586 102.668 102.737 102.816 103.094 103.336 103.352 103.317 103.316 103.393 103.466 103.536 103.605 103.673 103.741 103.81 103.876 103.93 103.966 103.99 104.014 104.012 104.041 104.079 104.119 104.074 104.048 103.754 103.49 103.77 103.995 103.98 103.937 104.069 104.203 104.345 -9999 -9999 -9999 -9999 -9999 -9999 -9999 -9999 -9999 -9999 -9999 -9999 -9999 -9999 -9999 -9999 -9999 -9999 -9999 -9999 -9999 -9999
101.229 101.629 102.225 101.807 101.191 101.256 101.613 -9999 102.02 102.011 101.628 101.72 102.028 102.118 102.558 102.598 102.545 102.65 102.786 103.084 103.444 103.403 103.222 103.26 103.313 103.389 103.447 103.539 103.661 103.732 103.802 103.872 103.943 103.834 103.418 103.619 104.109 104.159 104.247 104.285 104.324 104.301 104.269 104.13 104.112 104.23 104.23 104.238 104.311 104.38 104.374 -9999 -9999 -9999 -9999 -9999 -9999 -9999 -9999 -9999 -9999 -9999 -9999 -9999 -9999 -9999 -9999 -9999 -9999 -9999 -9999 -9999 -9999 -9999
101.147 -9999 -9999 -9999 101.272 101.358 -9999 101.83 102.101 101.979 102.142 102.372 102.529 102.796 102.871 102.764 102.525 102.594 102.578 102.956 103.401 103.292 103.201 103.319 103.517 103.568 103.576 103.67 103.716 103.789 103.861 103.934 104.006 103.846 103.926 104.202 104.205 104.224 104.147 104.171 104.175 104.22 104.38 104.339 104.245 104.254 104.27 104.366 104.515 104.541 104.576 -9999 -9999 -9999 -9999 -9999 -9999 -9999 -9999 -9999 -9999 -9999 -9999 -9999 -9999 -9999 -9999 -9999 -9999 -9999 -9999 -9999 -9999 -9999
-9999 -9999 -9999 101.545 101.2 -9999 100.923 101.786 -9999 102.126 102.607 102.741 102.845 102.938 103.059 102.802 102.437 102.455 102.463 102.692 102.593 102.603 102.711 102.948 103.272 103.521 104.136 104.06 103.746 103.834 103.919 103.685 102.926 103.32 104.225 104.25 104.23 104.176 104.133 104.179 104.293 104.409 104.493 104.335 104.032 104.102 104.263 104.406 104.575 104.64 104.689 -9999 -9999 -9999 -9999 -9999 -9999 -9999 -9999 -9999 -9999 -9999 -9999 -9999 -9999 -9999 -9999 -9999 -9999 -9999 -9999 -9999 -9999 -9999
-9999 -9999 -9999 101.174 -9999 -9999 100.879 101.626 101.979 102.235 102.216 102.349 102.533 102.62 102.66 102.442 102.385 102.486 102.669 102.713 102.866 102.958 103.012 103.232 103.339 103.576 103.33 103.335 103.748 103.823 103.863 103.666 104.091 104.41 104.281 104.335 104.416 104.358 104.256 104.314 104.307 104.348 104.337 104.154 104.079 104.263 104.541 104.627 104.626 104.708 104.806 -9999 -9999 -9999 -9999 -9999 -9999 -9999 -9999 -9999 -9999 -9999 -9999 -9999 -9999 -9999 -9999 -9999 -9999 -9999 -9999 -9999 -9999 -9999
-9999 -9999 -9999 -9999 -9999 -9999 -9999 101.574 101.639 101.681 101.783 102.094 102.641 102.591 102.38 102.015 101.158 101.586 102.419 102.644 102.936 103.082 103.357 103.5 103.698 103.518 103.343 103.612 103.737 103.764 103.747 104.203 104.682 104.628 104.563 104.522 104.478 104.449 104.47 104.4 104.214 104.142 103.958 104.085 104.532 104.687 104.718 104.661 104.501 104.641 -9999 -9999 -9999 -9999 -9999 -9999 -9999 -9999 -9999 -9999 -9999 -9999 -9999 -9999 -9999 -9999 -9999 -9999 -9999 -9999 -9999 -9999 -9999 -9999
-9999 -9999 -9999 -9999 -9999 101.026 101.143 -9999 101.416 101.554 101.742 102.077 102.19 102.05 101.946 101.709 102.239 102.629 102.467 102.701 102.83 103.049 103.214 103.33 103.329 103.318 103.499 103.615 103.724 103.758 103.844 104.002 103.647 103.843 104.309 104.371 104.502 104.56 104.582 104.496 104.517 104.456 104.541 104.762 104.735 104.764 104.796 104.705 104.674 104.866 -9999 -9999 -9999 -9999 -9999 -9999 -9999 -9999 -9999 -9999 -9999 -9999 -9999 -9999 -9999 -9999 -9999 -9999 -9999 -9999 -9999 -9999 -9999 -9999
-9999 -9999 -9999 -9999 100.891 100.955 100.76 101.075 101.641 101.866 102.162 102.177 102.026 101.954 101.921 102.279 102.443 102.437 102.59 102.745 102.893 103.017 103.062 103.11 103.204 103.229 103.013 103.173 103.422 103.587 103.883 103.752 103.866 104.185 104.287 104.346 104.267 104.197 103.929 104.28 104.59 104.552 104.323 104.443 104.802 104.83 104.856 104.859 104.905 -9999 -9999 -9999 -9999 -9999 -9999 -9999 -9999 -9999 -9999 -9999 -9999 -9999 -9999 -9999 -9999 -9999 -9999 -9999 -9999 -9999 -9999 -9999 -9999 -9999
-9999 -9999 -9999 -9999 100.821 -9999 101.017 101.261 101.078 101.537 102.31 102.108 101.745 101.776 101.954 102.122 102.283 102.461 102.673 102.796 102.842 102.964 103.155 103.227 103.256 103.161 103.169 103.368 103.527 103.746 103.896 103.999 104.092 104.193 104.294 104.317 104.459 104.317 104.41 104.608 104.649 104.543 104.566 104.784 104.869 104.885 104.886 104.938 105.013 -9999 -9999 -9999 -9999 -9999 -9999 -9999 -9999 -9999 -9999 -9999 -9999 -9999 -9999 -9999 -9999 -9999 -9999 -9999 -9999 -9999 -9999 -9999 -9999 -9999
-9999 -9999 -9999 -9999 -9999 -9999 101.045 101.009 101.119 101.58 101.708 101.577 101.699 101.814 101.932 102.085 102.215 102.419 102.618 102.657 102.633 102.855 103.106 103.173 103.274 103.328 103.427 103.557 103.655 103.767 103.83 103.938 104.075 104.176 104.277 104.379 104.432 104.514 104.66 104.61 104.448 104.761 104.882 104.951 105.013 105.003 104.97 105.03 105.086 -9999 -9999 -9999 -9999 -9999 -9999 -9999 -9999 -9999 -9999 -9999 -9999 -9999 -9999 -9999 -9999 -9999 -9999 -9999 -9999 -9999 -9999 -9999 -9999 -9999
-9999 -9999 -9999 -9999 100.772 100.852 100.975 101.088 101.194 101.313 101.419 101.593 101.868 -9999 101.906 102.061 102.238 102.448 102.684 102.736 102.853 103.025 103.053 103.157 103.26 103.36 103.46 103.56 103.659 103.578 103.243 103.522 104.058 104.159 104.262 104.303 104.317 104.497 104.691 104.591 104.735 104.865 104.976 104.892 104.567 104.678 105.021 105.081 105.137 -9999 -9999 -9999 -9999 -9999 -9999 -9999 -9999 -9999 -9999 -9999 -9999 -9999 -9999 -9999 -9999 -9999 -9999 -9999 -9999 -9999 -9999 -9999 -9999 -9999
100.729 100.864 100.752 100.748 -9999 100.827 100.936 101.046 101.148 101.272 101.423 101.599 -9999 101.738 101.849 102.026 102.199 102.41 102.6 102.719 102.827 102.915 103.027 103.132 103.236 103.338 103.439 103.539 103.639 103.515 103.615 103.94 104.041 104.144 104.248 104.352 104.589 104.712 104.692 104.752 104.823 104.928 104.995 104.87 104.902 105.094 105.132 105.192 -9999 -9999 -9999 -9999 -9999 -9999 -9999 -9999 -9999 -9999 -9999 -9999 -9999 -9999 -9999 -9999 -9999 -9999 -9999 -9999 -9999 -9999 -9999 -9999 -9999 -9999
100.746 100.751 100.751 100.751 100.756 -9999 100.902 101.002 101.101 101.25 101.407 101.461 101.516 101.664 101.844 102.014 102.175 102.369 102.579 102.679 102.752 102.885 103.0 103.106 103.211 103.314 103.416 103.517 103.619 103.72 103.821 103.923 104.026 104.13 104.237 104.36 104.339 104.445 104.696 104.788 104.86 104.937 105.019 105.091 105.151 105.187 -9999 -9999 -9999 -9999 -9999 -9999 -9999 -9999 -9999 -9999 -9999 -9999 -9999 -9999 -9999 -9999 -9999 -9999 -9999 -9999 -9999 -9999 -9999 -9999 -9999 -9999 -9999 -9999
-9999 -9999 -9999 100.765 -9999 100.808 100.828 100.891 100.916 101.105 -9999 -9999 101.003 101.309 101.816 101.983 102.154 102.348 102.529 102.621 102.719 102.853 102.971 103.079 103.184 103.289 103.392 103.495 103.597 103.7 103.803 103.9 103.988 104.101 104.227 104.269 104.386 104.579 104.702 104.802 104.876 104.953 105.037 105.126 105.202 -9999 -9999 -9999 -9999 -9999 -9999 -9999 -9999 -9999 -9999 -9999 -9999 -9999 -9999 -9999 -9999 -9999 -9999 -9999 -9999 -9999 -9999 -9999 -9999 -9999 -9999 -9999 -9999 -9999
100.756 100.645 -9999 100.789 100.837 100.823 100.856 100.91 101.012 -9999 -9999 101.426 101.377 101.74 101.946 102.037 101.989 102.183 102.403 102.529 102.685 102.821 102.941 103.05 103.157 103.262 103.367 103.471 103.575 103.679 103.784 103.792 103.658 103.865 104.218 104.333 104.453 104.58 104.711 104.818 104.893 104.972 105.056 105.148 105.242 105.313 -9999 -9999 -9999 -9999 -9999 -9999 -9999 -9999 -9999 -9999 -9999 -9999 -9999 -9999 -9999 -9999 -9999 -9999 -9999 -9999 -9999 -9999 -9999 -9999 -9999 -9999 -9999 -9999
