Validation/Results/ReClimate_10_2023_1_Temperatureweatherlogisticsltd.asc
NCOLS 192
NROWS 249
XLLCENTER -225160.85627316462
YLLCENTER 29788.11610251502
CELLSIZE 5000.0
NODATA_VALUE -9999
[rows 99 to 131 of 249, columns 76 to 151 of 192]
-0.167 -0.16 -0.151 -0.141 -0.129 -0.128 -9999 -9999 -0.136 -0.125 -0.126 -0.117 -0.1 -0.099 -0.092 -0.075 -0.072 -0.074 -0.087 -0.079 -0.067 -0.061 -0.04 -0.031 -0.019 -0.017 -0.018 -0.012 -0.018 -0.02 -0.034 -0.027 -0.006 -0.015 -0.021 -0.009 -0.002 -0.0 -0.005 -0.019 -0.036 -0.04 -0.04 -9999 -9999 -9999 -9999 -9999 -9999 -9999 -9999 -9999 -9999 -9999 -9999 -9999 -9999 -9999 -9999 -9999 -9999 -9999 -9999 -9999 -9999 -9999 -9999 -9999 -9999 -9999 -9999 -9999 -9999 -9999 -9999 -9999
-0.163 -9999 -9999 -0.136 -0.123 -9999 -9999 -9999 -0.132 -0.132 -0.134 -0.117 -0.1 -0.092 -0.085 -0.081 -0.079 -0.089 -0.102 -0.091 -0.081 -0.062 -0.041 -0.03 -0.018 -0.018 -0.018 -0.023 -0.029 -0.04 -0.055 -0.038 -0.019 -0.022 -0.027 -0.021 -0.014 -0.016 -0.021 -0.034 -0.051 -0.05 -0.049 -9999 -9999 -9999 -9999 -9999 -9999 -9999 -9999 -9999 -9999 -9999 -9999 -9999 -9999 -9999 -9999 -9999 -9999 -9999 -9999 -9999 -9999 -9999 -9999 -9999 -9999 -9999 -9999 -9999 -9999 -9999 -9999 -9999
-0.165 -0.159 -0.153 -9999 -9999 -9999 -9999 -0.133 -0.128 -0.126 -0.118 -0.108 -0.11 -0.1 -0.086 -0.078 -0.064 -0.075 -0.096 -0.082 -0.064 -0.046 -0.034 -0.029 -0.037 -0.034 -0.027 -0.027 -0.026 -0.028 -0.021 -0.011 -0.017 -0.022 -0.037 -0.034 -0.036 -0.039 -0.045 -0.046 -0.028 -0.034 -9999 -9999 -9999 -9999 -9999 -9999 -9999 -9999 -9999 -9999 -9999 -9999 -9999 -9999 -9999 -9999 -9999 -9999 -9999 -9999 -9999 -9999 -9999 -9999 -9999 -9999 -9999 -9999 -9999 -9999 -9999 -9999 -9999 -9999
-0.165 -0.16 -0.155 -0.137 -0.119 -9999 -9999 -0.127 -9999 -9999 -0.115 -0.115 -0.117 -0.104 -0.09 -0.076 -0.062 -0.077 -0.096 -0.079 -0.061 -0.049 -0.036 -0.041 -0.049 -0.042 -0.035 -0.033 -0.031 -0.022 -0.014 -0.017 -0.022 -0.032 -0.047 -0.047 -0.049 -0.053 -0.06 -0.042 -0.025 -9999 -9999 -9999 -9999 -9999 -9999 -9999 -9999 -9999 -9999 -9999 -9999 -9999 -9999 -9999 -9999 -9999 -9999 -9999 -9999 -9999 -9999 -9999 -9999 -9999 -9999 -9999 -9999 -9999 -9999 -9999 -9999 -9999 -9999 -9999
-0.143 -0.14 -0.139 -9999 -9999 -9999 -0.121 -0.118 -0.105 -0.102 -0.108 -0.099 -0.076 -0.072 -0.089 -0.079 -0.074 -0.081 -0.081 -0.069 -0.068 -0.055 -0.041 -0.042 -0.038 -0.036 -0.045 -0.043 -0.039 -0.029 -0.016 -0.017 -0.016 -0.026 -0.042 -0.043 -9999 -9999 -0.051 -9999 -9999 -9999 -9999 -9999 -9999 -9999 -9999 -9999 -9999 -9999 -9999 -9999 -9999 -9999 -9999 -9999 -9999 -9999 -9999 -9999 -9999 -9999 -9999 -9999 -9999 -9999 -9999 -9999 -9999 -9999 -9999 -9999 -9999 -9999 -9999 -9999
-0.135 -9999 -0.133 -9999 -9999 -9999 -0.112 -0.104 -0.097 -0.101 -0.106 -0.086 -0.063 -0.076 -0.092 -0.087 -0.083 -0.08 -0.079 -0.076 -0.074 -0.062 -0.048 -0.043 -0.039 -0.045 -0.054 -0.05 -0.047 -0.035 -0.023 -0.021 -0.02 -0.031 -0.046 -9999 -0.053 -0.051 -0.052 -0.048 -9999 -9999 -9999 -9999 -9999 -9999 -9999 -9999 -9999 -9999 -9999 -9999 -9999 -9999 -9999 -9999 -9999 -9999 -9999 -9999 -9999 -9999 -9999 -9999 -9999 -9999 -9999 -9999 -9999 -9999 -9999 -9999 -9999 -9999 -9999 -9999
-9999 -9999 -9999 -9999 -0.115 -0.105 -0.102 -0.099 -0.105 -0.106 -0.104 -0.085 -0.065 -0.075 -0.083 -0.076 -0.069 -0.072 -0.088 -0.084 -0.078 -0.072 -0.077 -0.071 -0.059 -0.056 -0.04 -0.037 -0.038 -0.028 -0.024 -0.024 -0.031 -9999 -0.025 -0.03 -0.045 -0.047 -0.058 -0.058 -9999 -9999 -9999 -9999 -9999 -9999 -9999 -9999 -9999 -9999 -9999 -9999 -9999 -9999 -9999 -9999 -9999 -9999 -9999 -9999 -9999 -9999 -9999 -9999 -9999 -9999 -9999 -9999 -9999 -9999 -9999 -9999 -9999 -9999 -9999 -9999
-9999 -9999 -9999 -9999 -0.108 -0.108 -0.099 -0.104 -0.11 -0.107 -0.104 -0.087 -0.069 -0.074 -0.082 -0.075 -0.068 -0.079 -0.095 -0.089 -0.084 -0.087 -0.092 -0.082 -0.072 -0.057 -0.04 -0.039 -0.04 -0.035 -0.03 -0.034 -0.041 -0.032 -0.023 -0.034 -0.048 -0.054 -0.064 -0.064 -0.067 -9999 -9999 -9999 -9999 -9999 -9999 -9999 -9999 -9999 -9999 -9999 -9999 -9999 -9999 -9999 -9999 -9999 -9999 -9999 -9999 -9999 -9999 -9999 -9999 -9999 -9999 -9999 -9999 -9999 -9999 -9999 -9999 -9999 -9999 -9999
-9999 -9999 -9999 -0.113 -9999 -9999 -0.087 -0.09 -0.092 -0.087 -0.08 -9999 -9999 -0.069 -0.062 -0.059 -0.065 -0.064 -0.048 -0.046 -0.058 -0.059 -0.061 -0.048 -0.029 -0.022 -0.033 -0.036 -0.049 -0.047 -0.05 -0.048 -0.039 -0.037 -0.047 -0.054 -0.056 -0.06 -0.062 -0.064 -0.073 -0.069 -9999 -9999 -9999 -9999 -9999 -9999 -9999 -9999 -9999 -9999 -9999 -9999 -9999 -9999 -9999 -9999 -9999 -9999 -9999 -9999 -9999 -9999 -9999 -9999 -9999 -9999 -9999 -9999 -9999 -9999 -9999 -9999 -9999 -9999
-9999 -9999 -9999 -0.109 -9999 -0.091 -0.084 -0.085 -0.087 -0.079 -0.072 -0.071 -0.072 -0.065 -0.058 -0.061 -0.067 -0.051 -0.033 -0.041 -0.052 -0.052 -0.053 -0.036 -0.017 -0.025 -0.035 -0.045 -0.058 -0.059 -0.061 -0.052 -0.043 -0.05 -0.061 -0.062 -0.064 -0.064 -0.065 -0.07 -0.077 -9999 -9999 -9999 -9999 -9999 -9999 -9999 -9999 -9999 -9999 -9999 -9999 -9999 -9999 -9999 -9999 -9999 -9999 -9999 -9999 -9999 -9999 -9999 -9999 -9999 -9999 -9999 -9999 -9999 -9999 -9999 -9999 -9999 -9999 -9999
-9999 -9999 -9999 -0.105 -9999 -0.089 -0.079 -0.075 -0.063 -0.056 -9999 -0.053 -0.068 -9999 -0.07 -0.069 -0.064 -0.055 -0.056 -0.058 -0.05 -0.049 -0.049 -0.032 -0.013 -0.018 -0.026 -0.031 -0.031 -0.031 -0.034 -0.031 -0.043 -0.049 -0.057 -0.058 -0.067 -9999 -9999 -9999 -9999 -9999 -9999 -9999 -9999 -9999 -9999 -9999 -9999 -9999 -9999 -9999 -9999 -9999 -9999 -9999 -9999 -9999 -9999 -9999 -9999 -9999 -9999 -9999 -9999 -9999 -9999 -9999 -9999 -9999 -9999 -9999 -9999 -9999 -9999 -9999
-9999 -0.108 -0.108 -9999 -9999 -0.088 -0.078 -0.067 -0.055 -0.05 -0.044 -0.055 -0.069 -9999 -0.077 -0.071 -0.066 -0.066 -0.069 -0.061 -0.054 -0.052 -0.052 -0.035 -0.016 -0.02 -0.027 -0.026 -0.026 -0.027 -0.029 -0.036 -0.047 -0.052 -0.059 -0.062 -9999 -9999 -9999 -9999 -9999 -9999 -9999 -9999 -9999 -9999 -9999 -9999 -9999 -9999 -9999 -9999 -9999 -9999 -9999 -9999 -9999 -9999 -9999 -9999 -9999 -9999 -9999 -9999 -9999 -9999 -9999 -9999 -9999 -9999 -9999 -9999 -9999 -9999 -9999 -9999
-0.097 -0.1 -0.097 -9999 -0.099 -0.093 -0.065 -0.065 -9999 -0.07 -0.06 -0.067 -0.068 -9999 -0.068 -0.057 -0.035 -0.037 -0.045 -0.041 -0.047 -0.046 -0.048 -0.037 -0.036 -0.036 -0.03 -9999 -0.044 -0.046 -0.051 -0.058 -0.064 -0.064 -0.058 -9999 -9999 -9999 -9999 -9999 -9999 -9999 -9999 -9999 -9999 -9999 -9999 -9999 -9999 -9999 -9999 -9999 -9999 -9999 -9999 -9999 -9999 -9999 -9999 -9999 -9999 -9999 -9999 -9999 -9999 -9999 -9999 -9999 -9999 -9999 -9999 -9999 -9999 -9999 -9999 -9999
-0.089 -0.086 -9999 -9999 -0.104 -0.085 -0.067 -9999 -0.083 -0.076 -0.068 -0.068 -0.07 -9999 -0.068 -0.049 -0.027 -0.032 -0.039 -0.043 -0.048 -0.049 -0.051 -0.049 -0.049 -0.042 -0.036 -0.044 -0.055 -9999 -9999 -0.068 -0.074 -9999 -9999 -9999 -9999 -9999 -9999 -0.074 -0.073 -0.076 -9999 -9999 -9999 -9999 -9999 -9999 -9999 -9999 -9999 -9999 -9999 -9999 -9999 -9999 -9999 -9999 -9999 -9999 -9999 -9999 -9999 -9999 -9999 -9999 -9999 -9999 -9999 -9999 -9999 -9999 -9999 -9999 -9999 -9999
-0.09 -9999 -9999 -0.086 -0.087 -0.074 -0.079 -9999 -0.073 -0.067 -0.064 -0.067 -0.075 -9999 -9999 -9999 -0.025 -0.03 -0.04 -0.045 -0.056 -0.052 -0.036 -0.037 -0.047 -0.04 -0.034 -0.039 -0.042 -0.044 -0.05 -0.054 -0.064 -9999 -9999 -9999 -9999 -9999 -0.075 -0.074 -0.09 -0.091 -0.092 -9999 -9999 -9999 -9999 -9999 -9999 -9999 -9999 -9999 -9999 -9999 -9999 -9999 -9999 -9999 -9999 -9999 -9999 -9999 -9999 -9999 -9999 -9999 -9999 -9999 -9999 -9999 -9999 -9999 -9999 -9999 -9999 -9999
-0.092 -9999 -9999 -9999 -0.079 -0.081 -0.085 -9999 -0.07 -9999 -0.064 -0.07 -0.079 -9999 -0.054 -0.042 -0.029 -9999 -0.043 -0.052 -0.063 -0.05 -0.035 -0.041 -0.05 -0.044 -0.038 -0.039 -0.041 -0.045 -0.051 -0.058 -0.068 -0.07 -0.079 -0.076 -9999 -0.073 -0.075 -0.087 -0.106 -0.106 -0.107 -0.102 -0.098 -9999 -9999 -9999 -9999 -9999 -9999 -9999 -9999 -9999 -9999 -9999 -9999 -9999 -9999 -9999 -9999 -9999 -9999 -9999 -9999 -9999 -9999 -9999 -9999 -9999 -9999 -9999 -9999 -9999 -9999 -9999
-9999 -9999 -9999 -9999 -0.077 -0.075 -0.069 -9999 -0.059 -9999 -0.035 -0.037 -9999 -0.064 -0.053 -0.048 -0.055 -0.049 -0.021 -0.027 -0.038 -0.029 -0.03 -0.035 -0.042 -0.033 -0.022 -0.026 -0.039 -0.05 -0.075 -0.082 -0.088 -0.085 -0.076 -0.071 -0.073 -0.076 -0.094 -0.103 -0.103 -0.102 -0.103 -0.101 -0.111 -0.108 -0.105 -0.107 -9999 -9999 -9999 -9999 -9999 -9999 -9999 -9999 -9999 -9999 -9999 -9999 -9999 -9999 -9999 -9999 -9999 -9999 -9999 -9999 -9999 -9999 -9999 -9999 -9999 -9999 -9999 -9999
-9999 -9999 -9999 -9999 -0.076 -0.07 -0.064 -0.059 -9999 -9999 -0.026 -0.025 -9999 -0.054 -0.054 -0.06 -0.069 -0.045 -0.017 -0.023 -0.032 -0.032 -0.033 -0.037 -0.043 -0.033 -0.024 -0.034 -0.046 -0.067 -0.091 -0.096 -0.103 -0.093 -0.084 -0.082 -0.081 -0.094 -0.11 -0.11 -0.109 -0.109 -0.109 -0.116 -0.124 -0.12 -0.119 -0.112 -0.121 -9999 -9999 -9999 -9999 -9999 -9999 -9999 -9999 -9999 -9999 -9999 -9999 -9999 -9999 -9999 -9999 -9999 -9999 -9999 -9999 -9999 -9999 -9999 -9999 -9999 -9999 -9999
-9999 -9999 -9999 -9999 -0.077 -0.067 -0.05 -0.053 -9999 -9999 -0.041 -0.045 -9999 -9999 -0.05 -0.057 -0.068 -0.051 -0.041 -0.046 -0.047 -0.049 -0.054 -0.055 -0.049 -0.045 -0.047 -0.054 -0.056 -0.075 -0.101 -0.103 -0.1 -0.093 -0.089 -0.092 -0.105 -0.111 -0.108 -0.108 -0.113 -0.112 -0.111 -0.117 -0.129 -0.128 -0.134 -0.129 -0.131 -9999 -9999 -9999 -9999 -9999 -9999 -9999 -9999 -9999 -9999 -9999 -9999 -9999 -9999 -9999 -9999 -9999 -9999 -9999 -9999 -9999 -9999 -9999 -9999 -9999 -9999 -9999
-9999 -9999 -9999 -9999 -0.076 -0.062 -0.049 -9999 -9999 -9999 -9999 -0.053 -9999 -0.051 -0.051 -0.059 -0.07 -0.063 -0.054 -0.055 -0.057 -0.061 -0.067 -0.064 -0.059 -0.061 -0.064 -0.065 -0.067 -0.087 -0.112 -0.109 -0.106 -0.103 -0.099 -0.109 -0.122 -0.119 -0.115 -0.118 -0.122 -0.121 -0.119 -0.128 -0.139 -0.142 -0.146 -0.146 -0.147 -0.142 -9999 -9999 -9999 -9999 -9999 -9999 -9999 -9999 -9999 -9999 -9999 -9999 -9999 -9999 -9999 -9999 -9999 -9999 -9999 -9999 -9999 -9999 -9999 -9999 -9999 -9999
-9999 -9999 -0.071 -0.069 -0.065 -0.057 -9999 -9999 -0.075 -9999 -9999 -9999 -9999 -0.044 -0.034 -0.043 -0.058 -0.052 -0.051 -0.056 -0.072 -0.079 -0.088 -0.084 -0.077 -0.076 -0.067 -0.066 -0.063 -0.08 -0.098 -0.097 -0.102 -0.099 -0.097 -0.114 -0.148 -0.139 -0.121 -0.123 -0.126 -0.123 -0.12 -0.124 -0.126 -0.131 -0.147 -0.144 -0.137 -0.155 -9999 -9999 -9999 -9999 -9999 -9999 -9999 -9999 -9999 -9999 -9999 -9999 -9999 -9999 -9999 -9999 -9999 -9999 -9999 -9999 -9999 -9999 -9999 -9999 -9999 -9999
-9999 -9999 -9999 -0.067 -0.06 -0.065 -9999 -0.075 -0.079 -0.063 -9999 -9999 -9999 -9999 -0.031 -0.042 -0.056 -0.054 -0.053 -0.065 -0.083 -0.092 -0.102 -0.096 -0.09 -0.084 -0.076 -0.073 -0.07 -0.083 -0.1 -0.103 -0.109 -0.107 -0.105 -0.132 -0.165 -0.149 -0.131 -0.132 -0.134 -0.13 -0.127 -0.127 -0.128 -0.139 -0.153 -0.147 -0.14 -0.15 -0.163 -9999 -9999 -9999 -9999 -9999 -9999 -9999 -9999 -9999 -9999 -9999 -9999 -9999 -9999 -9999 -9999 -9999 -9999 -9999 -9999 -9999 -9999 -9999 -9999 -9999
-9999 -9999 -9999 -0.086 -0.076 -0.077 -9999 -0.07 -0.06 -0.049 -9999 -9999 -9999 -9999 -9999 -0.037 -0.046 -0.043 -0.039 -0.056 -0.086 -0.096 -0.113 -0.107 -0.098 -0.092 -0.085 -0.085 -0.09 -0.1 -0.106 -0.114 -0.133 -0.131 -0.128 -0.141 -0.135 -0.126 -0.13 -0.128 -0.125 -0.121 -0.121 -0.115 -0.104 -0.121 -0.159 -0.155 -0.155 -0.159 -0.172 -0.171 -9999 -9999 -9999 -9999 -9999 -9999 -9999 -9999 -9999 -9999 -9999 -9999 -9999 -9999 -9999 -9999 -9999 -9999 -9999 -9999 -9999 -9999 -9999 -9999
-9999 -9999 -9999 -0.08 -0.081 -9999 -9999 -0.071 -0.053 -0.051 -0.061 -9999 -9999 -9999 -9999 -9999 -0.045 -0.041 -0.04 -0.064 -0.092 -0.106 -0.123 -0.115 -0.106 -0.101 -0.095 -0.099 -0.104 -0.108 -0.115 -0.13 -0.148 -0.145 -0.143 -0.136 -0.13 -0.132 -0.136 -0.132 -0.128 -0.126 -0.125 -0.114 -0.102 -0.131 -0.168 -0.167 -0.166 -0.171 -0.176 -0.179 -0.178 -0.173 -9999 -9999 -9999 -9999 -9999 -9999 -9999 -9999 -9999 -9999 -9999 -9999 -9999 -9999 -9999 -9999 -9999 -9999 -9999 -9999 -9999 -9999
-9999 -9999 -9999 -0.075 -0.047 -9999 -9999 -0.077 -0.075 -0.077 -9999 -9999 -9999 -9999 -9999 -9999 -0.031 -0.031 -0.033 -0.058 -0.094 -0.108 -0.127 -0.116 -0.095 -0.096 -0.106 -0.11 -0.113 -0.118 -0.125 -0.138 -0.153 -0.154 -0.163 -0.153 -0.134 -0.139 -0.154 -0.148 -0.139 -0.138 -0.137 -0.131 -0.135 -0.156 -0.17 -0.167 -0.164 -0.167 -0.172 -0.187 -0.197 -0.179 -9999 -9999 -9999 -9999 -9999 -9999 -9999 -9999 -9999 -9999 -9999 -9999 -9999 -9999 -9999 -9999 -9999 -9999 -9999 -9999 -9999 -9999
-9999 -9999 -9999 -0.043 -0.031 -9999 -9999 -9999 -0.084 -0.09 -0.093 -9999 -9999 -9999 -9999 -9999 -0.032 -0.034 -0.036 -0.065 -0.1 -0.115 -0.133 -0.117 -0.097 -0.107 -0.117 -0.12 -0.124 -0.129 -0.135 -0.147 -0.161 -0.168 -0.176 -0.16 -0.142 -0.153 -0.166 -0.159 -0.15 -0.149 -0.148 -0.15 -0.154 -0.164 -0.176 -0.172 -0.167 -0.17 -0.175 -0.189 -0.208 -0.19 -9999 -9999 -9999 -9999 -9999 -9999 -9999 -9999 -9999 -9999 -9999 -9999 -9999 -9999 -9999 -9999 -9999 -9999 -9999 -9999 -9999 -9999
-9999 -9999 -0.058 -0.042 -0.022 -9999 -9999 -9999 -9999 -9999 -9999 -9999 -9999 -9999 -9999 -9999 -0.026 -0.037 -0.068 -0.086 -0.089 -0.106 -0.131 -0.12 -0.116 -0.134 -0.17 -0.166 -0.145 -0.143 -0.129 -0.145 -0.173 -0.178 -0.18 -0.171 -0.17 -0.174 -0.168 -0.157 -0.14 -0.14 -0.144 -0.154 -0.18 -0.191 -0.206 -0.199 -0.183 -0.186 -0.192 -0.187 -0.194 -0.198 -0.173 -9999 -9999 -9999 -9999 -9999 -9999 -9999 -9999 -9999 -9999 -9999 -9999 -9999 -9999 -9999 -9999 -9999 -9999 -9999 -9999 -9999
-9999 -0.047 -0.048 -0.035 -0.016 -9999 -9999 -9999 -9999 -9999 -9999 -9999 -9999 -9999 -0.054 -0.037 -0.029 -0.055 -0.086 -0.088 -0.091 -0.111 -0.135 -0.133 -0.129 -0.16 -0.196 -0.18 -0.159 -0.147 -0.133 -0.156 -0.184 -0.185 -0.186 -0.186 -0.186 -0.181 -0.174 -0.16 -0.143 -0.145 -0.149 -0.17 -0.195 -0.207 -0.221 -0.209 -0.193 -0.196 -0.202 -0.197 -0.192 -0.195 -0.175 -9999 -9999 -9999 -9999 -9999 -9999 -9999 -9999 -9999 -9999 -9999 -9999 -9999 -9999 -9999 -9999 -9999 -9999 -9999 -9999 -9999
-9999 -0.038 -0.036 -0.023 -9999 -9999 -9999 -9999 -9999 -9999 -9999 -9999 -9999 -9999 -0.057 -0.049 -0.042 -0.062 -0.073 -0.083 -0.107 -0.122 -0.129 -0.123 -0.115 -0.137 -0.152 -0.144 -0.152 -0.147 -0.156 -0.165 -0.152 -0.152 -0.156 -0.161 -0.18 -0.178 -0.185 -0.171 -0.152 -0.158 -0.172 -0.187 -0.195 -0.203 -0.209 -0.2 -0.196 -0.201 -0.213 -0.204 -0.196 -0.179 -0.195 -9999 -9999 -9999 -9999 -9999 -9999 -9999 -9999 -9999 -9999 -9999 -9999 -9999 -9999 -9999 -9999 -9999 -9999 -9999 -9999 -9999
-9999 -9999 -9999 -9999 -9999 -9999 -9999 -9999 -9999 -9999 -9999 -9999 -9999 -9999 -0.062 -0.061 -0.053 -0.063 -0.074 -0.095 -0.119 -0.125 -0.132 -0.125 -0.116 -0.128 -0.142 -0.149 -0.156 -0.162 -0.171 -0.159 -0.146 -0.148 -0.15 -0.165 -0.183 -0.188 -0.195 -0.18 -0.163 -0.174 -0.188 -0.193 -0.2 -0.204 -0.208 -0.204 -0.201 -0.208 -0.219 -0.21 -0.201 -0.184 -0.187 -9999 -9999 -9999 -9999 -9999 -9999 -9999 -9999 -9999 -9999 -9999 -9999 -9999 -9999 -9999 -9999 -9999 -9999 -9999 -9999 -9999
-9999 -9999 -9999 -9999 -9999 -9999 -9999 -9999 -9999 -9999 -9999 -9999 -9999 -0.069 -0.084 -0.081 -0.079 -0.084 -0.08 -0.096 -0.107 -0.115 -0.131 -0.13 -0.136 -0.141 -0.132 -0.143 -0.164 -0.169 -0.173 -0.166 -0.165 -0.168 -0.173 -0.182 -0.182 -0.186 -0.189 -0.18 -0.182 -0.192 -0.204 -0.209 -0.215 -0.214 -0.205 -0.205 -0.215 -0.215 -0.222 -0.213 -0.203 -0.188 -0.173 -9999 -9999 -9999 -9999 -9999 -9999 -9999 -9999 -9999 -9999 -9999 -9999 -9999 -9999 -9999 -9999 -9999 -9999 -9999 -9999 -9999
-9999 -9999 -9999 -9999 -9999 -9999 -9999 -9999 -9999 -9999 -9999 -9999 -9999 -0.085 -0.094 -0.094 -0.094 -0.091 -0.088 -0.097 -0.108 -0.122 -0.137 -0.144 -0.151 -0.144 -0.136 -0.153 -0.173 -0.176 -0.181 -0.18 -0.179 -0.183 -0.189 -0.188 -0.188 -0.19 -0.192 -0.194 -0.196 -0.205 -0.216 -0.22 -0.225 -0.217 -0.208 -0.214 -0.223 -0.224 -0.226 -0.216 -0.206 -0.192 -0.178 -9999 -9999 -9999 -9999 -9999 -9999 -9999 -9999 -9999 -9999 -9999 -9999 -9999 -9999 -9999 -9999 -9999 -9999 -9999 -9999 -9999
-9999 -9999 -9999 -9999 -9999 -9999 -9999 -9999 -9999 -9999 -9999 -9999 -0.076 -0.093 -0.079 -0.084 -0.092 -0.095 -0.105 -0.109 -0.102 -0.113 -0.126 -0.131 -0.135 -0.131 -0.134 -0.147 -0.159 -0.16 -0.161 -0.166 -0.187 -0.189 -0.187 -0.189 -0.197 -0.195 -0.188 -0.194 -0.21 -0.215 -0.214 -0.218 -0.226 -0.22 -0.221 -0.222 -0.216 -0.215 -0.216 -0.208 -0.198 -0.184 -0.172 -0.176 -9999 -9999 -9999 -9999 -9999 -9999 -9999 -9999 -9999 -9999 -9999 -9999 -9999 -9999 -9999 -9999 -9999 -9999 -9999 -9999
