Validation/Results/ReClimate_10_2024_1_Temperature-Actuals.asc
NCOLS 192
NROWS 249
XLLCENTER -225160.85627316462
YLLCENTER 29788.11610251431
CELLSIZE 5000.0
NODATA_VALUE -9999
[rows 204 to 237 of 249, columns 77 to 153 of 192]
-9999 -9999 10.469 -9999 9.865 9.414 9.08 8.781 8.687 8.495 8.465 8.376 8.105 7.914 7.641 8.099 7.976 8.018 8.218 8.42 8.344 8.397 7.991 7.586 6.562 6.038 7.268 7.097 7.184 6.758 7.181 7.938 7.352 6.233 7.522 7.7 7.468 7.385 7.935 8.464 8.397 8.133 8.219 8.535 8.667 8.761 8.729 8.553 7.924 7.562 7.476 7.693 7.845 7.961 7.871 7.61 7.699 7.855 7.982 8.024 8.021 7.939 7.824 7.871 7.974 7.994 8.074 8.094 8.006 8.015 8.021 8.086 8.226 8.203 8.135 8.044 8.053
-9999 -9999 -9999 -9999 -9999 -9999 9.116 9.216 9.015 8.833 8.725 8.511 8.264 8.002 8.26 8.24 8.292 8.343 8.255 8.362 8.13 8.102 7.561 6.899 6.153 6.372 6.295 6.582 6.0 6.156 7.496 7.446 7.29 8.077 7.504 7.612 7.841 7.937 8.26 8.14 7.977 7.696 8.124 8.584 8.689 8.759 8.749 8.201 7.524 7.41 7.449 7.756 7.784 7.901 7.801 7.88 7.921 8.089 8.211 8.235 8.162 8.04 7.981 8.017 8.122 8.178 8.102 7.985 7.859 7.895 8.075 8.111 8.208 8.149 8.225 8.319 8.292
-9999 -9999 -9999 -9999 -9999 -9999 9.484 9.363 9.225 9.072 8.588 8.284 8.068 8.288 8.451 8.491 8.589 8.233 8.083 8.268 8.386 8.409 7.9 7.683 7.498 7.251 6.978 6.776 6.29 6.627 6.397 6.975 7.505 7.223 6.974 8.106 8.162 8.228 7.944 7.984 7.572 7.855 8.2 8.642 8.685 8.505 7.819 7.442 7.479 7.62 7.562 7.689 7.795 7.849 7.978 7.911 8.151 8.312 8.447 8.436 8.25 8.08 7.993 8.072 8.23 8.246 8.112 7.791 7.841 7.898 7.95 8.16 8.241 8.319 8.391 8.554 8.455
-9999 -9999 -9999 -9999 10.141 9.857 9.61 9.421 -9999 9.082 8.87 8.7 8.91 8.973 9.014 -9999 8.69 8.364 8.412 8.113 8.584 7.912 7.955 7.79 7.574 7.514 7.75 7.373 7.086 6.954 6.909 7.123 7.422 6.613 7.425 8.203 8.112 8.359 8.272 7.837 7.938 8.149 8.417 8.553 8.501 7.906 7.794 7.508 7.585 7.55 7.747 7.837 7.875 7.98 8.111 8.168 8.282 8.307 8.544 8.509 8.372 8.227 8.193 8.181 8.228 8.157 7.907 7.806 7.763 7.97 8.031 8.15 8.264 8.26 8.29 8.574 8.571
-9999 -9999 -9999 -9999 10.105 -9999 -9999 -9999 9.342 9.261 9.158 -9999 -9999 -9999 -9999 -9999 8.947 8.726 8.33 8.894 8.629 8.485 8.398 8.162 8.231 8.208 6.823 6.819 7.617 7.6 7.525 7.394 6.978 7.04 8.01 8.078 8.39 8.41 7.878 8.157 8.258 8.602 8.563 8.583 8.285 7.901 7.882 7.635 7.756 7.87 7.906 8.007 8.121 8.166 8.242 8.271 8.311 8.266 8.364 8.522 8.291 8.26 8.222 8.192 8.03 7.985 7.89 7.763 7.851 8.099 8.221 8.26 8.246 8.214 8.223 8.422 8.569
-9999 -9999 -9999 -9999 -9999 -9999 9.825 9.576 9.442 9.602 9.482 -9999 -9999 -9999 -9999 -9999 -9999 -9999 -9999 9.229 9.104 9.108 9.264 8.901 8.459 7.07 6.62 6.718 7.01 7.367 7.463 7.477 7.528 7.481 7.77 8.348 8.434 7.74 8.085 8.259 8.919 8.842 8.719 8.644 7.99 7.925 7.799 7.801 7.929 8.066 8.128 8.181 8.198 8.244 8.18 8.222 8.277 8.32 8.305 8.392 8.258 8.171 8.027 7.926 8.038 7.855 7.822 7.897 8.012 8.177 8.34 8.238 8.277 8.464 8.632 8.711 8.55
-9999 -9999 -9999 -9999 -9999 -9999 -9999 9.676 -9999 -9999 -9999 -9999 -9999 -9999 -9999 -9999 -9999 9.353 9.3 9.201 9.214 9.612 9.734 9.439 8.534 7.679 6.915 6.823 7.272 7.961 7.781 7.446 7.573 7.764 8.402 8.7 8.455 8.292 8.557 8.939 -9999 8.906 8.725 8.326 7.714 7.719 7.879 7.962 8.11 8.157 8.235 8.206 8.208 8.193 8.274 8.292 8.364 8.356 8.358 8.26 8.107 7.922 7.753 7.782 7.84 8.133 8.044 8.06 8.238 8.323 8.436 8.447 8.401 8.674 9.019 9.118 9.025
-9999 -9999 -9999 -9999 -9999 -9999 -9999 -9999 -9999 -9999 -9999 -9999 -9999 -9999 -9999 -9999 -9999 9.668 9.538 9.684 9.735 -9999 -9999 -9999 9.209 8.06 8.055 7.842 8.17 8.088 7.621 7.745 8.268 8.518 8.725 9.018 8.984 9.136 9.216 -9999 9.059 8.674 8.531 8.006 7.686 7.95 8.043 8.178 8.191 8.142 8.203 8.218 8.198 8.216 8.124 8.148 8.23 8.187 8.248 8.296 8.098 7.686 7.726 7.816 8.033 8.272 8.37 8.268 8.42 8.575 8.644 8.734 8.808 8.72 9.093 9.361 9.309
-9999 -9999 -9999 -9999 -9999 -9999 -9999 -9999 -9999 -9999 -9999 -9999 -9999 -9999 -9999 -9999 -9999 -9999 -9999 -9999 -9999 -9999 -9999 -9999 9.859 9.14 8.563 8.583 8.63 8.461 8.245 8.441 8.752 8.996 9.203 9.405 9.552 -9999 -9999 9.363 8.975 8.636 8.44 8.017 7.859 8.02 8.112 8.275 8.366 8.177 8.174 8.168 7.955 7.855 7.83 7.74 7.673 7.85 7.932 8.061 8.084 7.921 7.849 8.089 8.103 8.313 8.557 8.533 8.58 8.65 8.781 8.915 9.043 9.214 9.334 9.551 9.49
-9999 -9999 -9999 -9999 -9999 -9999 -9999 -9999 -9999 -9999 -9999 -9999 -9999 -9999 -9999 -9999 -9999 -9999 -9999 -9999 -9999 -9999 -9999 -9999 9.768 9.426 9.231 9.079 8.682 8.494 8.612 8.849 9.176 9.424 -9999 -9999 -9999 -9999 -9999 9.295 8.867 8.655 8.49 8.099 7.914 7.998 8.037 8.274 8.402 8.224 7.935 7.921 7.672 7.603 7.628 7.684 7.665 7.66 7.879 7.914 8.192 8.336 8.219 8.416 8.438 8.504 8.662 8.733 8.85 8.952 8.955 8.925 9.087 9.356 9.563 9.649 9.422
-9999 -9999 -9999 -9999 -9999 -9999 -9999 -9999 -9999 -9999 -9999 -9999 -9999 -9999 -9999 -9999 -9999 -9999 -9999 -9999 -9999 -9999 -9999 -9999 -9999 -9999 9.562 9.024 8.741 8.727 8.729 9.14 9.601 -9999 -9999 -9999 -9999 9.406 9.06 8.852 9.024 8.875 8.591 8.038 7.933 7.887 7.976 8.212 8.298 8.017 7.68 7.552 7.627 7.575 7.71 7.714 7.922 7.949 7.97 8.15 8.236 8.504 8.676 8.605 8.594 8.617 8.64 8.63 8.832 9.065 9.161 9.148 9.076 9.243 9.377 9.462 9.311
-9999 -9999 -9999 -9999 -9999 -9999 -9999 -9999 -9999 -9999 -9999 -9999 -9999 -9999 -9999 -9999 -9999 -9999 -9999 -9999 -9999 -9999 -9999 -9999 -9999 -9999 -9999 9.61 9.334 9.14 9.133 9.606 -9999 -9999 -9999 -9999 9.308 9.086 8.779 8.699 8.735 8.781 8.665 8.412 8.364 7.975 8.032 8.127 7.94 7.828 7.72 7.492 7.591 7.71 7.882 7.996 8.091 8.207 8.173 8.155 8.304 8.489 8.553 8.547 8.39 8.487 8.591 8.59 8.697 8.983 9.147 9.198 9.203 9.212 9.218 9.104 9.014
-9999 -9999 -9999 -9999 -9999 -9999 -9999 -9999 -9999 -9999 -9999 -9999 -9999 -9999 -9999 -9999 -9999 -9999 -9999 -9999 -9999 -9999 -9999 -9999 -9999 -9999 -9999 -9999 -9999 -9999 -9999 -9999 -9999 -9999 -9999 9.208 9.094 8.952 8.711 8.543 8.768 8.707 8.513 8.615 8.343 8.089 8.285 8.176 7.99 7.868 7.829 7.792 7.656 7.729 7.863 7.791 7.973 8.071 8.139 8.139 8.165 8.362 8.446 8.363 8.265 8.215 8.43 8.58 8.682 8.808 8.942 8.94 8.983 8.991 9.005 8.761 8.517
-9999 -9999 -9999 -9999 -9999 -9999 -9999 -9999 -9999 -9999 -9999 -9999 -9999 -9999 -9999 -9999 -9999 -9999 -9999 -9999 -9999 -9999 -9999 -9999 -9999 -9999 -9999 -9999 -9999 -9999 -9999 -9999 -9999 -9999 9.479 9.185 8.801 8.675 7.911 8.362 8.705 8.525 8.466 8.412 8.156 8.246 8.308 8.298 8.137 8.005 8.065 7.836 7.675 7.502 7.664 7.798 7.552 7.789 7.957 8.103 8.217 8.33 8.408 8.368 8.299 8.306 8.328 8.476 8.615 8.685 8.672 8.58 8.384 8.545 8.584 8.438 8.072
-9999 -9999 -9999 -9999 -9999 -9999 -9999 -9999 -9999 -9999 -9999 -9999 -9999 -9999 -9999 -9999 -9999 -9999 -9999 -9999 -9999 -9999 -9999 -9999 -9999 -9999 -9999 -9999 -9999 -9999 -9999 -9999 -9999 -9999 9.482 9.217 9.158 8.697 8.289 8.062 8.174 8.295 8.364 8.178 8.282 8.248 8.258 7.986 7.778 7.783 7.965 7.992 7.832 7.801 7.684 7.789 7.872 7.827 7.963 8.055 8.202 8.374 8.454 8.449 8.318 8.274 8.362 8.431 8.501 8.47 8.196 8.111 8.043 8.133 8.407 8.353 8.072
-9999 -9999 -9999 -9999 -9999 -9999 -9999 -9999 -9999 -9999 -9999 -9999 -9999 -9999 -9999 -9999 -9999 -9999 -9999 -9999 -9999 8.253 7.981 7.479 7.71 -9999 8.33 -9999 -9999 -9999 -9999 -9999 -9999 -9999 -9999 9.4 9.239 8.987 8.701 8.43 8.104 8.039 8.099 8.293 8.264 8.231 7.945 7.744 7.886 7.898 8.034 8.041 7.979 8.073 8.166 8.193 8.116 8.158 8.069 7.973 7.903 8.102 8.325 8.34 8.25 8.223 8.211 8.3 8.43 8.345 8.063 7.95 8.144 8.159 8.319 8.41 8.346
-9999 -9999 -9999 -9999 -9999 -9999 -9999 -9999 -9999 -9999 -9999 -9999 -9999 -9999 -9999 -9999 -9999 -9999 9.254 8.986 8.583 8.1 7.452 7.158 7.363 7.517 8.03 8.843 9.449 -9999 -9999 9.314 9.636 9.677 9.622 9.378 9.212 9.186 9.033 8.767 8.43 8.129 8.192 8.313 8.242 7.858 8.006 8.141 7.985 8.091 8.206 8.251 8.164 8.189 8.298 8.344 8.448 8.372 8.216 8.043 8.019 7.925 7.984 8.174 8.226 8.264 8.392 8.274 8.378 7.997 7.892 7.975 8.146 8.27 8.316 8.433 8.343
-9999 -9999 -9999 -9999 -9999 -9999 -9999 -9999 -9999 -9999 -9999 -9999 -9999 -9999 -9999 -9999 -9999 9.136 9.265 8.995 8.761 8.183 7.313 6.971 7.142 7.37 7.719 8.087 8.726 9.078 8.999 8.956 8.933 9.351 9.36 9.287 9.106 8.955 9.051 8.847 8.406 8.357 8.379 8.25 7.781 8.076 7.973 8.061 8.172 8.249 8.353 8.325 8.135 8.237 8.304 8.42 8.433 8.447 8.288 8.131 7.954 7.821 7.98 8.135 8.203 7.946 8.11 8.377 8.352 8.394 8.053 8.155 8.207 8.253 8.289 8.25 8.365
-9999 -9999 -9999 -9999 -9999 -9999 -9999 -9999 -9999 -9999 -9999 -9999 -9999 -9999 -9999 -9999 -9999 9.146 9.361 9.4 9.051 8.237 7.765 7.451 7.203 7.486 7.773 8.131 8.016 8.031 8.411 8.613 8.759 8.718 9.11 9.226 9.069 9.058 8.838 8.65 8.718 8.711 8.529 8.156 8.151 8.122 7.979 8.163 8.219 8.305 8.343 8.294 8.116 8.082 8.434 8.532 8.583 8.577 8.484 8.358 8.217 7.945 7.845 8.091 8.087 7.967 7.896 8.237 8.482 8.548 8.548 8.471 8.231 8.198 8.303 8.289 8.128
-9999 -9999 -9999 -9999 -9999 -9999 -9999 -9999 -9999 -9999 -9999 -9999 -9999 -9999 -9999 -9999 -9999 9.505 9.612 9.25 9.039 8.564 8.507 8.15 8.126 8.111 8.165 8.164 7.829 8.036 8.631 8.826 8.897 9.095 9.262 9.271 9.172 8.913 8.672 8.703 8.69 8.636 8.406 8.412 8.361 8.324 8.261 8.24 8.089 8.127 8.313 8.467 8.411 8.415 8.54 8.543 8.597 8.707 8.454 8.345 8.398 8.135 7.838 8.104 8.21 8.097 8.154 8.362 8.536 8.643 8.595 8.474 8.367 8.36 8.513 8.586 8.507
-9999 -9999 -9999 -9999 -9999 -9999 -9999 -9999 -9999 -9999 -9999 -9999 -9999 9.421 8.867 -9999 9.41 9.664 9.17 8.883 8.896 8.973 8.787 8.643 8.315 8.124 8.173 8.296 8.314 8.544 8.834 9.092 9.152 9.127 9.117 9.155 9.189 8.971 8.825 8.695 8.605 8.345 8.555 8.53 8.427 8.244 8.11 8.114 7.945 8.01 8.245 8.513 8.56 8.597 8.658 8.802 8.725 8.753 8.632 8.311 8.475 8.447 8.407 8.415 8.581 8.469 8.377 8.438 8.566 8.671 8.731 8.698 8.632 8.535 8.582 8.704 8.82
-9999 -9999 -9999 -9999 -9999 -9999 -9999 -9999 -9999 -9999 -9999 -9999 -9999 9.132 8.684 8.989 9.224 9.166 8.881 8.947 8.676 8.589 8.619 8.226 8.194 8.144 8.147 8.372 8.375 8.542 8.83 8.611 8.426 8.639 8.927 9.197 9.222 8.98 8.771 8.575 8.479 8.418 8.602 8.464 8.504 8.36 8.111 8.028 8.132 8.179 8.38 8.478 8.554 8.634 8.916 9.008 9.06 9.067 8.9 8.612 8.551 8.512 8.366 8.411 8.185 8.337 8.48 8.525 8.67 8.716 8.724 8.775 8.79 8.645 8.562 8.822 8.931
-9999 -9999 -9999 -9999 -9999 -9999 -9999 -9999 -9999 -9999 -9999 -9999 9.603 9.051 8.762 8.749 8.815 8.864 8.868 8.777 8.649 8.704 8.642 8.392 8.328 8.195 8.31 8.499 8.786 8.96 8.706 8.207 8.297 8.391 8.599 9.08 9.065 8.937 8.868 8.689 8.585 8.528 8.556 8.587 8.63 8.462 8.17 8.359 8.387 8.459 8.485 8.526 8.537 8.567 8.952 9.361 9.497 9.355 9.291 8.994 8.885 8.863 8.745 8.625 8.355 8.134 8.222 8.021 8.467 8.357 8.35 8.745 8.975 8.539 8.379 8.58 8.987
-9999 -9999 -9999 -9999 -9999 -9999 -9999 -9999 -9999 -9999 -9999 -9999 -9999 9.334 8.845 8.731 8.857 8.912 8.944 8.912 8.871 8.809 8.74 8.591 8.488 8.613 8.68 8.871 8.88 9.003 8.52 8.245 8.267 8.115 8.475 8.816 8.754 8.776 8.805 8.707 8.544 8.57 8.56 8.543 8.481 8.304 8.564 8.464 8.516 8.551 8.566 8.531 8.523 8.665 8.9 9.329 9.625 -9999 9.461 9.364 9.097 9.127 9.135 9.029 8.846 8.642 8.639 8.508 8.429 8.614 8.473 8.654 9.031 9.102 8.701 8.632 8.95
-9999 -9999 -9999 -9999 -9999 -9999 -9999 -9999 -9999 -9999 -9999 -9999 9.619 9.45 8.964 8.814 8.823 8.8 8.895 8.941 8.877 8.811 8.656 8.674 8.839 8.924 8.918 8.952 9.017 8.85 8.696 8.688 8.519 8.284 8.738 8.889 8.432 8.589 8.55 8.116 8.257 8.173 8.131 8.263 8.286 8.428 8.587 8.711 8.673 8.676 8.605 8.579 8.568 8.686 8.923 9.236 9.61 9.794 -9999 9.739 -9999 9.697 -9999 9.36 -9999 9.142 9.169 9.166 9.054 9.108 9.191 9.412 -9999 -9999 -9999 9.503 9.25
-9999 -9999 -9999 -9999 -9999 -9999 -9999 -9999 -9999 -9999 -9999 -9999 9.604 9.213 8.87 8.847 8.769 8.711 8.547 8.65 8.524 8.54 8.608 8.785 8.981 9.051 9.124 9.135 9.043 8.941 8.774 8.699 8.478 8.733 9.125 8.635 8.69 9.03 8.628 8.406 8.278 8.104 8.265 8.512 8.527 8.671 8.765 8.735 8.892 8.906 8.796 8.791 8.818 8.921 9.137 9.299 9.633 9.872 -9999 -9999 10.123 10.227 -9999 -9999 9.635 9.611 9.628 -9999 -9999 -9999 -9999 -9999 -9999 -9999 -9999 -9999 -9999
-9999 -9999 -9999 -9999 -9999 -9999 -9999 -9999 -9999 -9999 -9999 9.368 9.189 8.96 8.863 9.015 9.031 8.755 8.603 8.332 7.904 7.866 8.288 8.555 8.732 8.884 9.149 9.199 8.98 8.965 8.839 8.57 8.638 9.01 9.058 9.201 9.721 9.51 9.064 8.624 8.3 8.525 8.77 8.741 8.848 8.864 8.934 9.086 9.254 9.215 9.272 9.292 9.405 9.406 9.499 -9999 -9999 -9999 9.869 -9999 -9999 -9999 -9999 -9999 -9999 9.811 -9999 -9999 -9999 -9999 -9999 -9999 -9999 -9999 -9999 -9999 -9999
-9999 -9999 -9999 -9999 -9999 -9999 -9999 -9999 -9999 -9999 9.515 8.722 8.533 8.71 9.125 9.241 9.174 8.953 8.61 7.822 6.987 7.247 8.178 8.38 8.378 9.005 8.999 9.233 9.263 9.125 9.354 9.536 9.736 -9999 -9999 -9999 -9999 -9999 9.797 9.231 8.811 8.84 8.968 9.093 9.134 9.182 9.199 9.329 -9999 9.485 -9999 -9999 -9999 -9999 -9999 9.751 9.699 9.55 9.442 9.591 10.105 -9999 -9999 -9999 -9999 -9999 -9999 -9999 -9999 -9999 -9999 -9999 -9999 -9999 -9999 -9999 -9999
-9999 -9999 -9999 -9999 -9999 -9999 -9999 -9999 -9999 10.015 8.956 8.207 8.233 8.662 8.933 9.165 9.257 8.806 8.278 7.318 6.77 7.113 7.691 8.052 8.745 8.784 9.377 9.439 9.535 9.881 -9999 -9999 -9999 -9999 -9999 -9999 -9999 -9999 -9999 -9999 9.784 9.607 9.594 9.382 9.257 9.173 9.316 9.113 9.517 -9999 -9999 -9999 -9999 -9999 -9999 -9999 9.947 9.625 9.597 9.707 -9999 -9999 -9999 -9999 -9999 -9999 -9999 -9999 -9999 -9999 -9999 -9999 -9999 -9999 -9999 -9999 -9999
-9999 -9999 -9999 -9999 -9999 -9999 -9999 9.999 10.116 9.56 8.756 8.194 7.993 8.13 8.674 9.198 8.986 8.626 8.15 7.504 6.993 7.406 7.834 8.312 8.532 9.59 9.355 9.417 -9999 -9999 -9999 -9999 -9999 -9999 -9999 -9999 -9999 -9999 -9999 -9999 -9999 10.483 -9999 -9999 -9999 -9999 -9999 9.737 9.612 -9999 -9999 -9999 -9999 -9999 -9999 -9999 -9999 -9999 9.906 9.914 -9999 -9999 -9999 -9999 -9999 -9999 -9999 -9999 -9999 -9999 -9999 -9999 -9999 -9999 -9999 -9999 -9999
-9999 -9999 -9999 -9999 -9999 -9999 10.0 -9999 9.638 9.416 8.854 8.31 8.027 8.083 8.609 8.811 8.703 9.0 8.753 7.92 7.535 7.737 8.362 8.643 9.132 9.621 9.755 10.156 -9999 -9999 -9999 -9999 -9999 -9999 -9999 -9999 -9999 -9999 -9999 -9999 -9999 -9999 10.378 -9999 -9999 -9999 -9999 -9999 -9999 -9999 -9999 -9999 -9999 -9999 -9999 -9999 -9999 -9999 -9999 -9999 -9999 -9999 -9999 -9999 -9999 -9999 -9999 -9999 -9999 -9999 -9999 -9999 -9999 -9999 -9999 -9999 -9999
-9999 -9999 -9999 -9999 -9999 10.2 9.994 9.288 9.405 9.42 9.033 8.778 8.491 8.473 8.73 8.665 8.841 -9999 8.873 8.255 7.741 7.442 8.022 8.996 9.365 9.751 10.011 -9999 -9999 -9999 -9999 -9999 -9999 -9999 -9999 -9999 -9999 -9999 -9999 -9999 -9999 -9999 -9999 -9999 -9999 -9999 -9999 -9999 -9999 -9999 -9999 -9999 -9999 -9999 -9999 -9999 -9999 -9999 -9999 -9999 -9999 -9999 -9999 -9999 -9999 -9999 -9999 -9999 -9999 -9999 -9999 -9999 -9999 -9999 -9999 -9999 -9999
-9999 -9999 -9999 -9999 -9999 10.193 9.663 9.21 9.095 9.132 9.04 8.924 8.691 8.882 9.063 9.104 9.461 9.368 9.178 8.666 7.8 7.632 8.46 8.979 9.571 9.746 9.728 -9999 -9999 -9999 -9999 -9999 -9999 -9999 -9999 -9999 -9999 -9999 -9999 -9999 -9999 -9999 -9999 -9999 -9999 -9999 -9999 -9999 -9999 -9999 -9999 -9999 -9999 -9999 -9999 -9999 -9999 -9999 -9999 -9999 -9999 -9999 -9999 -9999 -9999 -9999 -9999 -9999 -9999 -9999 -9999 -9999 -9999 -9999 -9999 -9999 -9999
-9999 -9999 -9999 -9999 10.298 9.859 9.313 8.862 8.822 9.061 9.136 9.131 9.166 9.334 9.203 9.59 9.803 9.699 9.349 9.009 8.535 8.483 8.838 9.31 9.513 9.427 -9999 -9999 -9999 -9999 -9999 -9999 -9999 -9999 -9999 -9999 -9999 -9999 -9999 -9999 -9999 -9999 -9999 -9999 -9999 -9999 -9999 -9999 -9999 -9999 -9999 -9999 -9999 -9999 -9999 -9999 -9999 -9999 -9999 -9999 -9999 -9999 -9999 -9999 -9999 -9999 -9999 -9999 -9999 -9999 -9999 -9999 -9999 -9999 -9999 -9999 -9999
