Validation/Results/ReClimate_06_2024_2_Temperature-Actuals.asc
NCOLS 192
NROWS 249
XLLCENTER -225160.85627316462
YLLCENTER 29788.11610251502
CELLSIZE 5000.0
NODATA_VALUE -9999
[rows 136 to 169 of 249, columns 75 to 149 of 192]
15.031 -9999 -9999 -9999 -9999 -9999 -9999 -9999 -9999 -9999 15.261 -9999 15.217 14.872 15.016 15.142 15.484 15.684 15.665 15.418 14.362 14.716 14.894 15.052 15.691 15.73 15.682 15.779 15.29 15.112 -9999 -9999 -9999 -9999 -9999 -9999 16.258 16.371 16.308 16.066 15.96 15.789 15.218 14.896 15.159 15.206 15.248 15.695 15.369 15.199 15.671 16.006 16.294 16.237 16.563 16.763 16.688 16.343 16.376 -9999 -9999 -9999 -9999 -9999 -9999 -9999 -9999 -9999 -9999 -9999 -9999 -9999 -9999 -9999 -9999
14.432 15.885 -9999 -9999 -9999 -9999 -9999 -9999 -9999 -9999 15.15 15.143 15.288 15.456 15.275 15.311 15.469 15.622 15.884 15.546 15.147 14.553 14.835 15.202 15.77 15.642 15.535 15.845 15.419 15.805 -9999 -9999 -9999 -9999 16.108 16.169 16.254 16.37 16.418 16.328 16.096 15.311 14.506 14.56 14.815 14.482 15.249 15.153 14.885 15.46 15.411 15.773 16.409 16.48 16.071 16.472 16.59 16.281 16.453 -9999 -9999 -9999 -9999 -9999 -9999 -9999 -9999 -9999 -9999 -9999 -9999 -9999 -9999 -9999 -9999
15.289 15.387 15.624 -9999 -9999 -9999 -9999 -9999 -9999 -9999 14.988 15.252 15.261 -9999 -9999 15.423 15.448 15.647 15.787 -9999 15.804 15.64 15.651 15.74 15.939 15.506 15.799 16.037 -9999 -9999 -9999 -9999 -9999 16.057 16.115 16.156 16.233 16.246 16.246 16.242 15.803 15.05 13.953 13.765 14.358 14.103 14.759 14.258 14.542 14.923 14.891 15.645 15.839 15.974 15.97 16.181 16.384 16.164 16.345 -9999 -9999 -9999 -9999 -9999 -9999 -9999 -9999 -9999 -9999 -9999 -9999 -9999 -9999 -9999 -9999
14.864 14.689 15.448 -9999 -9999 -9999 -9999 -9999 -9999 -9999 -9999 15.251 15.512 -9999 -9999 -9999 15.709 15.56 15.721 15.894 -9999 -9999 15.998 16.071 16.002 15.446 15.491 -9999 -9999 -9999 -9999 -9999 15.832 15.895 15.977 16.067 16.066 15.992 16.055 15.759 15.535 15.202 14.126 13.919 13.232 13.969 13.538 13.44 13.935 14.356 14.313 14.774 15.525 15.675 15.631 16.079 16.356 16.053 15.985 -9999 -9999 -9999 -9999 -9999 -9999 -9999 -9999 -9999 -9999 -9999 -9999 -9999 -9999 -9999 -9999
14.878 15.657 -9999 -9999 -9999 -9999 -9999 -9999 -9999 -9999 -9999 -9999 15.459 -9999 -9999 -9999 -9999 15.729 15.485 15.596 -9999 -9999 -9999 16.053 16.12 -9999 -9999 -9999 -9999 -9999 -9999 -9999 15.887 16.059 15.971 15.653 15.397 15.519 15.645 15.597 15.775 15.424 14.673 13.607 13.524 13.588 12.786 13.048 13.492 14.106 14.018 14.23 14.967 15.531 15.887 16.147 16.271 15.978 15.908 -9999 -9999 -9999 -9999 -9999 -9999 -9999 -9999 -9999 -9999 -9999 -9999 -9999 -9999 -9999 -9999
16.107 -9999 -9999 -9999 -9999 -9999 -9999 -9999 -9999 -9999 -9999 -9999 15.118 -9999 -9999 -9999 -9999 -9999 15.695 15.596 -9999 -9999 -9999 -9999 -9999 -9999 -9999 -9999 -9999 -9999 -9999 -9999 16.061 15.698 15.34 15.049 14.839 15.079 15.311 15.526 15.672 15.427 14.894 13.77 12.718 12.177 12.586 13.053 14.192 14.483 14.644 14.955 15.112 15.175 15.751 16.174 16.129 15.883 15.897 16.217 -9999 -9999 -9999 -9999 -9999 -9999 -9999 -9999 -9999 -9999 -9999 -9999 -9999 -9999 -9999
-9999 16.052 15.926 15.875 16.038 -9999 -9999 -9999 -9999 -9999 -9999 -9999 15.058 -9999 -9999 -9999 -9999 -9999 -9999 -9999 -9999 -9999 -9999 -9999 -9999 -9999 -9999 -9999 -9999 -9999 -9999 16.057 15.748 15.645 15.576 15.135 14.14 14.748 14.954 15.048 15.464 15.365 15.469 13.986 12.428 11.978 12.947 13.483 12.902 12.979 13.855 14.498 15.533 15.67 15.693 15.846 15.901 15.966 15.979 16.251 16.639 -9999 -9999 -9999 -9999 -9999 -9999 -9999 -9999 -9999 -9999 -9999 -9999 -9999 -9999
16.378 15.817 15.861 15.944 15.95 -9999 -9999 -9999 -9999 -9999 -9999 -9999 -9999 -9999 -9999 -9999 -9999 -9999 -9999 -9999 -9999 -9999 -9999 -9999 -9999 -9999 -9999 -9999 -9999 -9999 16.085 16.012 15.688 15.626 15.346 14.772 12.827 13.615 14.916 15.223 15.408 15.759 15.427 14.787 13.365 12.241 12.904 13.078 13.344 13.731 13.779 14.211 14.877 15.752 15.92 16.03 15.995 16.017 16.17 16.521 16.852 -9999 -9999 -9999 -9999 -9999 -9999 -9999 -9999 -9999 -9999 -9999 -9999 -9999 -9999
15.88 15.931 16.115 -9999 16.096 16.042 -9999 -9999 -9999 -9999 -9999 -9999 -9999 -9999 -9999 -9999 -9999 -9999 -9999 -9999 -9999 -9999 -9999 -9999 -9999 -9999 -9999 -9999 -9999 -9999 15.551 15.61 15.704 14.538 14.124 14.348 14.604 14.371 14.314 14.892 15.165 15.294 15.501 15.383 14.337 13.652 12.636 13.346 13.817 14.12 14.375 14.824 15.241 15.59 15.723 16.006 16.042 16.11 16.196 16.56 17.021 17.142 17.027 -9999 -9999 -9999 -9999 -9999 -9999 -9999 -9999 -9999 -9999 -9999 -9999
15.618 15.873 16.105 -9999 -9999 15.997 -9999 -9999 -9999 -9999 -9999 -9999 -9999 -9999 -9999 -9999 -9999 -9999 -9999 -9999 -9999 -9999 -9999 -9999 -9999 -9999 -9999 -9999 -9999 -9999 15.67 15.609 15.019 13.954 15.221 15.182 14.243 13.798 14.649 14.64 14.307 15.125 15.001 15.438 15.453 14.493 13.993 13.663 14.008 14.349 14.907 15.201 15.575 15.863 16.123 16.137 16.294 16.152 16.327 16.574 16.908 16.611 16.574 16.512 16.556 16.039 -9999 -9999 -9999 -9999 -9999 -9999 -9999 -9999 -9999
15.644 15.714 16.017 16.18 -9999 15.909 -9999 -9999 -9999 -9999 -9999 -9999 -9999 -9999 -9999 -9999 -9999 -9999 -9999 -9999 -9999 -9999 -9999 -9999 -9999 -9999 -9999 -9999 -9999 16.466 15.843 15.417 14.324 13.607 13.412 14.199 14.553 14.65 14.379 13.728 14.678 13.881 14.629 15.122 15.361 15.176 15.05 14.621 13.998 14.313 14.861 15.265 15.547 15.834 16.129 16.407 16.428 16.417 16.496 16.671 16.765 16.643 15.786 15.776 15.885 15.822 15.946 15.707 -9999 -9999 -9999 -9999 -9999 -9999 -9999
15.664 15.922 16.063 -9999 15.864 -9999 -9999 -9999 -9999 -9999 -9999 -9999 -9999 -9999 -9999 -9999 -9999 -9999 -9999 -9999 -9999 -9999 -9999 -9999 -9999 -9999 -9999 -9999 -9999 -9999 16.396 15.619 14.26 13.89 14.224 12.668 13.683 14.838 14.311 14.725 13.366 13.585 14.531 14.996 15.014 15.154 14.89 13.19 13.574 13.77 13.809 14.228 15.135 15.538 15.935 16.354 16.527 16.539 16.618 16.797 16.887 16.735 16.092 15.75 16.006 15.954 15.696 15.626 15.672 -9999 -9999 -9999 -9999 -9999 -9999
16.012 16.149 16.112 15.881 15.692 -9999 -9999 -9999 -9999 -9999 -9999 -9999 -9999 -9999 -9999 -9999 -9999 -9999 -9999 -9999 -9999 -9999 -9999 -9999 -9999 -9999 -9999 -9999 -9999 -9999 -9999 16.169 15.621 15.617 14.023 13.951 14.507 15.691 15.986 14.426 14.246 14.605 14.782 14.485 14.539 14.897 13.887 13.55 13.379 12.854 13.393 14.181 14.532 15.331 15.828 16.345 16.57 16.582 16.668 16.801 16.128 15.891 15.303 14.683 14.995 15.321 15.749 15.523 15.574 16.04 -9999 -9999 -9999 -9999 -9999
15.942 16.21 16.162 15.858 -9999 -9999 -9999 -9999 -9999 -9999 -9999 -9999 -9999 -9999 -9999 -9999 -9999 -9999 -9999 -9999 -9999 -9999 -9999 -9999 -9999 -9999 -9999 -9999 -9999 -9999 -9999 16.636 16.281 15.855 15.055 14.307 13.984 15.661 15.167 15.419 15.644 15.552 15.208 14.661 13.614 14.614 13.836 13.147 13.613 14.49 14.723 14.714 14.95 15.263 16.03 16.527 16.684 16.686 16.531 16.134 15.759 15.328 15.512 15.292 15.163 15.014 15.077 15.358 15.452 15.81 16.556 -9999 -9999 -9999 -9999
15.875 15.933 15.885 15.808 -9999 -9999 -9999 -9999 -9999 -9999 -9999 -9999 -9999 -9999 -9999 -9999 -9999 -9999 -9999 -9999 -9999 -9999 -9999 -9999 -9999 -9999 -9999 -9999 -9999 -9999 -9999 -9999 15.744 15.273 15.115 14.436 15.384 15.258 15.784 16.035 16.053 15.827 15.491 14.872 14.962 13.504 13.862 14.079 14.023 14.506 14.617 14.538 15.374 15.627 16.222 16.578 16.804 16.804 16.483 16.054 15.818 15.625 15.493 15.523 15.534 15.424 15.308 15.342 15.746 15.91 16.325 -9999 -9999 -9999 -9999
-9999 -9999 -9999 -9999 -9999 -9999 -9999 -9999 -9999 -9999 -9999 -9999 -9999 -9999 -9999 -9999 -9999 -9999 -9999 -9999 -9999 -9999 -9999 -9999 -9999 -9999 -9999 -9999 -9999 -9999 -9999 -9999 16.512 14.867 15.464 16.234 15.757 16.033 16.053 16.36 16.241 15.684 15.665 15.65 13.631 14.258 13.917 13.864 13.773 14.711 14.841 15.096 15.333 15.857 16.165 16.617 16.842 16.884 16.704 16.004 15.59 15.753 15.959 15.954 15.978 15.897 15.874 15.648 15.642 16.139 16.131 16.651 -9999 -9999 -9999
-9999 -9999 -9999 -9999 -9999 -9999 -9999 -9999 -9999 -9999 -9999 -9999 -9999 -9999 -9999 -9999 -9999 -9999 -9999 -9999 -9999 -9999 -9999 -9999 -9999 -9999 -9999 -9999 -9999 -9999 -9999 -9999 -9999 16.202 16.771 16.493 16.198 16.345 16.236 16.518 16.271 15.946 16.007 15.138 14.117 13.582 13.545 13.16 13.741 13.834 14.214 14.813 14.922 15.419 16.06 16.541 16.806 16.751 16.645 16.511 15.624 15.582 16.26 16.663 16.542 16.536 16.531 16.539 16.44 16.592 16.725 16.582 -9999 -9999 -9999
-9999 -9999 -9999 -9999 -9999 -9999 -9999 -9999 -9999 -9999 -9999 -9999 -9999 -9999 -9999 -9999 -9999 -9999 -9999 -9999 -9999 -9999 -9999 -9999 -9999 -9999 -9999 -9999 -9999 -9999 -9999 -9999 -9999 16.608 -9999 16.508 16.797 16.491 16.466 -9999 16.474 16.131 16.022 15.229 14.068 14.047 13.984 13.47 13.847 13.845 13.225 14.151 14.597 14.967 15.498 16.285 16.675 16.682 16.617 16.637 16.621 16.308 16.636 16.909 16.797 16.632 16.661 16.766 16.871 16.889 16.469 16.182 16.254 -9999 -9999
-9999 -9999 -9999 -9999 -9999 -9999 -9999 -9999 -9999 -9999 -9999 -9999 -9999 -9999 -9999 -9999 -9999 -9999 -9999 -9999 -9999 -9999 -9999 -9999 -9999 -9999 -9999 -9999 -9999 -9999 -9999 -9999 -9999 -9999 16.935 16.728 -9999 -9999 -9999 -9999 16.736 16.464 16.443 15.797 15.356 14.404 14.243 14.051 13.921 14.735 14.317 13.712 14.578 14.853 15.508 16.082 16.61 16.811 16.854 16.848 16.86 16.785 16.618 16.755 16.633 16.578 16.721 16.769 16.619 16.598 16.686 16.405 16.208 16.156 16.333
-9999 -9999 -9999 -9999 -9999 -9999 -9999 -9999 -9999 -9999 -9999 -9999 -9999 -9999 -9999 -9999 -9999 -9999 -9999 -9999 -9999 -9999 -9999 -9999 -9999 -9999 -9999 -9999 -9999 -9999 -9999 -9999 -9999 -9999 16.878 16.914 -9999 -9999 -9999 -9999 16.896 16.442 16.639 16.207 15.429 15.599 15.416 14.565 14.48 14.689 14.911 13.875 14.516 14.871 15.277 15.9 16.597 16.942 17.024 17.054 17.018 16.971 16.851 16.718 16.685 16.68 16.759 16.689 16.494 16.278 16.284 16.421 16.52 16.514 16.596
-9999 -9999 -9999 -9999 -9999 -9999 -9999 -9999 -9999 -9999 -9999 -9999 -9999 -9999 -9999 -9999 -9999 -9999 -9999 -9999 -9999 -9999 -9999 -9999 -9999 -9999 -9999 -9999 -9999 -9999 -9999 -9999 -9999 -9999 16.938 -9999 -9999 -9999 -9999 17.135 16.736 16.365 15.668 15.303 15.331 15.377 15.493 14.941 14.458 15.072 15.108 15.051 14.552 15.101 15.442 15.933 16.39 16.866 16.964 17.067 17.146 17.136 17.093 17.018 16.988 16.761 16.355 16.397 16.421 16.48 16.515 16.623 16.731 16.788 -9999
-9999 -9999 -9999 -9999 -9999 -9999 -9999 -9999 -9999 -9999 -9999 -9999 -9999 -9999 -9999 -9999 -9999 -9999 -9999 -9999 -9999 -9999 -9999 -9999 -9999 -9999 -9999 -9999 -9999 -9999 -9999 -9999 -9999 -9999 -9999 -9999 -9999 -9999 -9999 16.895 16.39 15.463 14.627 14.292 14.855 15.54 15.513 15.683 15.57 15.721 15.562 15.365 15.118 15.161 15.653 16.013 16.307 16.698 16.91 17.03 17.197 17.26 17.246 17.176 17.09 16.977 16.246 15.867 16.459 16.692 16.886 16.907 16.938 16.88 -9999
-9999 -9999 -9999 -9999 -9999 -9999 -9999 -9999 -9999 -9999 -9999 -9999 -9999 -9999 -9999 -9999 -9999 -9999 -9999 -9999 -9999 -9999 -9999 -9999 -9999 -9999 -9999 -9999 -9999 -9999 -9999 -9999 -9999 -9999 -9999 -9999 -9999 -9999 -9999 16.724 16.38 15.681 14.841 14.847 15.403 15.583 15.964 15.953 15.943 15.987 15.914 16.107 15.597 15.573 15.687 15.981 16.269 16.657 16.989 17.052 17.189 17.322 17.319 17.265 17.148 17.068 16.711 16.136 16.384 16.819 17.002 17.098 17.062 16.973 -9999
-9999 -9999 -9999 -9999 -9999 -9999 -9999 -9999 -9999 -9999 -9999 -9999 -9999 -9999 -9999 -9999 -9999 -9999 -9999 -9999 -9999 -9999 -9999 -9999 -9999 -9999 -9999 -9999 -9999 -9999 -9999 -9999 -9999 -9999 -9999 -9999 -9999 -9999 16.847 16.69 16.302 15.462 14.928 14.698 15.391 15.453 16.31 16.022 16.053 15.767 15.774 15.651 16.381 16.332 16.516 16.487 16.733 16.714 16.955 17.102 17.125 17.229 17.339 17.269 17.15 17.029 16.982 16.592 16.55 16.856 17.08 17.177 17.164 17.072 16.988
-9999 -9999 -9999 -9999 -9999 -9999 -9999 -9999 -9999 -9999 -9999 -9999 -9999 -9999 -9999 -9999 -9999 -9999 -9999 -9999 -9999 -9999 -9999 -9999 -9999 -9999 -9999 -9999 -9999 -9999 -9999 -9999 -9999 -9999 -9999 -9999 -9999 -9999 16.898 16.873 16.621 16.141 15.4 16.142 15.997 16.569 15.993 15.555 15.644 15.297 15.473 16.074 15.877 16.393 16.455 16.493 16.602 16.856 16.925 17.092 17.181 17.225 17.275 17.193 17.02 16.95 16.985 16.994 16.724 16.839 17.091 17.233 17.286 17.19 17.085
-9999 -9999 -9999 -9999 -9999 -9999 -9999 -9999 -9999 -9999 -9999 -9999 -9999 -9999 -9999 -9999 -9999 -9999 -9999 -9999 -9999 -9999 -9999 -9999 -9999 -9999 -9999 -9999 -9999 -9999 -9999 -9999 -9999 -9999 -9999 -9999 -9999 16.99 16.991 16.971 17.053 16.553 16.537 16.458 16.688 16.575 15.914 15.874 15.592 15.188 15.433 15.901 16.776 16.454 16.932 16.934 16.866 16.769 16.952 17.048 17.151 17.232 17.242 17.137 16.965 16.898 16.979 17.064 16.956 16.764 17.025 17.388 17.54 17.42 17.24
-9999 -9999 -9999 -9999 -9999 -9999 -9999 -9999 -9999 -9999 -9999 -9999 -9999 -9999 -9999 -9999 -9999 -9999 -9999 -9999 -9999 -9999 -9999 -9999 -9999 -9999 -9999 -9999 -9999 -9999 -9999 -9999 -9999 -9999 -9999 -9999 -9999 17.08 16.885 16.981 17.021 16.879 16.779 16.78 16.576 16.289 16.433 16.192 15.475 14.489 14.873 15.382 16.189 16.787 16.752 17.196 17.381 17.195 16.95 17.079 17.2 17.254 17.278 17.209 17.068 17.017 17.089 17.201 17.08 16.873 17.149 17.658 17.85 17.758 17.452
-9999 -9999 -9999 -9999 -9999 -9999 -9999 -9999 -9999 -9999 -9999 -9999 -9999 -9999 -9999 -9999 -9999 -9999 -9999 -9999 -9999 -9999 -9999 -9999 -9999 -9999 -9999 -9999 -9999 -9999 -9999 -9999 -9999 -9999 -9999 -9999 -9999 17.068 17.02 17.101 17.153 17.092 17.016 16.71 16.449 16.337 15.976 15.365 14.604 14.612 14.954 15.329 15.993 16.621 16.633 16.719 17.247 17.533 17.434 17.298 17.354 17.355 17.323 17.32 17.249 17.205 17.26 17.328 17.39 17.254 17.37 17.813 17.999 17.876 17.627
-9999 -9999 -9999 -9999 -9999 -9999 -9999 -9999 -9999 -9999 -9999 -9999 -9999 -9999 -9999 -9999 -9999 -9999 -9999 -9999 -9999 -9999 -9999 -9999 -9999 -9999 -9999 -9999 -9999 -9999 -9999 -9999 -9999 -9999 -9999 -9999 -9999 -9999 17.098 17.142 17.199 17.13 16.686 16.231 15.99 15.862 15.813 15.556 15.06 15.296 15.329 15.848 16.742 16.987 17.02 16.79 17.226 17.541 17.42 17.352 17.435 17.429 17.399 17.414 17.41 17.386 17.407 17.454 17.453 17.521 17.556 -9999 17.876 -9999 17.628
-9999 -9999 -9999 -9999 -9999 -9999 -9999 -9999 -9999 -9999 -9999 -9999 -9999 -9999 -9999 -9999 -9999 -9999 -9999 -9999 -9999 -9999 -9999 -9999 -9999 -9999 -9999 -9999 -9999 -9999 -9999 -9999 -9999 -9999 -9999 -9999 -9999 17.198 17.155 17.182 17.235 17.038 16.418 15.646 15.591 15.807 15.408 15.323 15.531 15.24 14.946 15.45 16.231 17.25 17.122 17.137 17.46 17.592 17.468 17.399 17.41 17.49 17.484 17.495 17.488 17.48 17.499 17.343 17.378 17.487 17.366 17.378 17.544 17.591 -9999
-9999 -9999 -9999 -9999 -9999 -9999 -9999 -9999 -9999 -9999 -9999 -9999 -9999 -9999 -9999 -9999 -9999 -9999 -9999 -9999 -9999 -9999 -9999 -9999 -9999 -9999 -9999 -9999 -9999 -9999 -9999 -9999 -9999 -9999 -9999 -9999 -9999 17.255 17.221 17.256 17.156 16.786 16.464 16.057 15.842 16.029 16.03 16.098 16.255 15.654 15.199 15.579 16.257 16.69 16.72 16.829 17.161 17.389 17.319 17.322 17.426 17.528 17.62 17.616 17.58 17.534 17.565 17.598 17.367 17.461 17.453 17.223 17.318 17.461 17.529
-9999 -9999 -9999 -9999 -9999 -9999 -9999 -9999 -9999 -9999 -9999 -9999 -9999 -9999 -9999 -9999 -9999 -9999 -9999 -9999 -9999 -9999 -9999 -9999 -9999 -9999 -9999 -9999 -9999 -9999 -9999 -9999 -9999 -9999 -9999 -9999 17.261 17.25 17.152 17.039 16.93 16.994 16.903 16.437 16.642 16.751 16.785 16.88 16.677 15.945 14.995 14.805 15.517 16.086 16.044 16.508 17.071 17.25 17.404 17.326 17.444 17.599 17.717 17.73 17.682 17.606 17.609 17.649 17.587 17.47 17.487 17.213 17.136 17.309 17.467
-9999 -9999 -9999 -9999 -9999 -9999 -9999 -9999 -9999 -9999 -9999 -9999 -9999 -9999 -9999 -9999 -9999 -9999 -9999 -9999 -9999 -9999 -9999 -9999 -9999 -9999 -9999 -9999 -9999 -9999 -9999 -9999 -9999 -9999 -9999 -9999 17.266 17.3 17.226 17.188 17.058 16.934 17.188 17.151 17.191 17.201 17.234 17.249 17.004 16.423 15.701 14.601 14.285 15.253 15.546 16.026 16.793 17.001 17.467 17.62 17.481 17.625 17.802 17.841 17.777 17.675 17.638 17.666 17.59 17.538 17.52 17.454 16.976 17.106 17.343
-9999 -9999 -9999 -9999 -9999 -9999 -9999 -9999 -9999 -9999 -9999 -9999 -9999 -9999 -9999 -9999 -9999 -9999 -9999 -9999 -9999 -9999 -9999 -9999 -9999 -9999 -9999 -9999 -9999 -9999 -9999 -9999 -9999 -9999 -9999 -9999 -9999 17.506 17.488 17.518 17.341 17.452 17.43 17.459 17.51 17.532 17.702 17.684 17.42 16.963 16.087 15.118 14.158 14.021 14.951 15.701 16.439 17.053 17.145 17.473 17.457 17.53 17.771 17.85 17.786 17.683 17.646 17.617 17.553 17.517 17.534 17.448 17.131 16.932 17.15
