Validation/Results/ReClimate_10_2024_2_Temperature.asc
NCOLS 192
NROWS 249
XLLCENTER -225160.85627316462
YLLCENTER 29788.11610251502
CELLSIZE 5000.0
NODATA_VALUE -9999
[rows 102 to 135 of 249, columns 75 to 149 of 192]
-0.3 -0.29 -0.286 -0.283 -0.28 -0.276 -9999 -9999 -0.236 -9999 -9999 -0.26 -0.256 -0.253 -0.265 -0.28 -0.286 -0.292 -0.283 -0.27 -0.286 -0.306 -0.309 -0.311 -0.311 -0.308 -0.304 -0.297 -0.308 -0.32 -0.321 -0.321 -0.318 -0.313 -0.311 -0.306 -0.296 -0.281 -0.291 -0.3 -0.314 -0.329 -9999 -9999 -9999 -9999 -9999 -9999 -9999 -9999 -9999 -9999 -9999 -9999 -9999 -9999 -9999 -9999 -9999 -9999 -9999 -9999 -9999 -9999 -9999 -9999 -9999 -9999 -9999 -9999 -9999 -9999 -9999 -9999 -9999
-0.299 -0.294 -0.289 -0.281 -9999 -9999 -9999 -0.26 -0.244 -0.255 -0.265 -0.262 -0.26 -0.259 -0.268 -0.271 -0.28 -0.293 -0.285 -0.271 -0.279 -0.277 -0.283 -0.294 -0.297 -0.302 -0.299 -0.295 -0.305 -0.313 -0.315 -0.315 -0.318 -0.327 -0.322 -0.307 -0.297 -9999 -9999 -0.301 -9999 -9999 -9999 -9999 -9999 -9999 -9999 -9999 -9999 -9999 -9999 -9999 -9999 -9999 -9999 -9999 -9999 -9999 -9999 -9999 -9999 -9999 -9999 -9999 -9999 -9999 -9999 -9999 -9999 -9999 -9999 -9999 -9999 -9999 -9999
-0.297 -0.292 -9999 -0.276 -9999 -9999 -9999 -0.263 -0.265 -0.265 -0.261 -0.259 -0.257 -0.257 -0.257 -0.259 -0.27 -0.283 -0.273 -0.26 -0.257 -0.255 -0.266 -0.277 -0.283 -0.289 -0.287 -0.284 -0.291 -0.299 -0.301 -0.302 -0.312 -0.322 -0.312 -0.297 -9999 -0.274 -0.284 -0.294 -0.301 -9999 -9999 -9999 -9999 -9999 -9999 -9999 -9999 -9999 -9999 -9999 -9999 -9999 -9999 -9999 -9999 -9999 -9999 -9999 -9999 -9999 -9999 -9999 -9999 -9999 -9999 -9999 -9999 -9999 -9999 -9999 -9999 -9999 -9999
-0.292 -9999 -9999 -9999 -9999 -0.268 -0.268 -0.266 -0.267 -0.272 -0.27 -0.269 -0.268 -0.266 -0.265 -0.263 -0.267 -0.26 -0.247 -0.231 -0.228 -0.229 -0.237 -0.244 -0.254 -0.272 -0.271 -0.268 -0.278 -0.293 -0.297 -0.303 -0.309 -0.306 -9999 -0.307 -0.295 -0.273 -0.278 -0.274 -0.291 -9999 -9999 -9999 -9999 -9999 -9999 -9999 -9999 -9999 -9999 -9999 -9999 -9999 -9999 -9999 -9999 -9999 -9999 -9999 -9999 -9999 -9999 -9999 -9999 -9999 -9999 -9999 -9999 -9999 -9999 -9999 -9999 -9999 -9999
-9999 -9999 -9999 -9999 -9999 -0.272 -0.264 -0.261 -0.265 -0.269 -0.268 -0.268 -0.266 -0.264 -0.261 -0.258 -0.25 -0.242 -0.227 -0.21 -0.208 -0.208 -0.215 -0.221 -0.237 -0.255 -0.254 -0.252 -0.265 -0.279 -0.286 -0.292 -0.291 -0.289 -0.294 -0.299 -0.284 -0.263 -0.262 -0.258 -0.273 -0.286 -9999 -9999 -9999 -9999 -9999 -9999 -9999 -9999 -9999 -9999 -9999 -9999 -9999 -9999 -9999 -9999 -9999 -9999 -9999 -9999 -9999 -9999 -9999 -9999 -9999 -9999 -9999 -9999 -9999 -9999 -9999 -9999 -9999
-9999 -9999 -9999 -9999 -0.262 -9999 -9999 -0.27 -0.275 -0.284 -0.28 -0.272 -9999 -9999 -0.258 -0.262 -0.254 -0.243 -0.237 -0.243 -0.24 -0.229 -0.233 -0.229 -0.245 -0.26 -0.265 -0.275 -0.284 -0.28 -0.283 -0.275 -0.279 -0.289 -0.291 -0.283 -0.274 -0.27 -0.27 -0.267 -0.278 -0.28 -0.289 -9999 -9999 -9999 -9999 -9999 -9999 -9999 -9999 -9999 -9999 -9999 -9999 -9999 -9999 -9999 -9999 -9999 -9999 -9999 -9999 -9999 -9999 -9999 -9999 -9999 -9999 -9999 -9999 -9999 -9999 -9999 -9999
-9999 -9999 -9999 -9999 -0.257 -9999 -0.267 -0.269 -0.275 -0.283 -0.275 -0.267 -0.259 -0.249 -0.251 -0.255 -0.246 -0.235 -0.24 -0.247 -0.239 -0.229 -0.227 -0.225 -0.239 -0.254 -0.265 -0.275 -0.275 -0.272 -0.267 -0.26 -0.271 -0.281 -0.276 -0.268 -0.268 -0.265 -0.265 -0.262 -0.267 -0.27 -9999 -9999 -9999 -9999 -9999 -9999 -9999 -9999 -9999 -9999 -9999 -9999 -9999 -9999 -9999 -9999 -9999 -9999 -9999 -9999 -9999 -9999 -9999 -9999 -9999 -9999 -9999 -9999 -9999 -9999 -9999 -9999 -9999
-9999 -9999 -9999 -9999 -0.252 -9999 -0.265 -0.272 -0.276 -0.279 -0.274 -9999 -0.268 -0.258 -9999 -0.244 -0.237 -0.233 -0.235 -0.236 -0.23 -0.228 -0.23 -0.235 -0.248 -0.255 -0.264 -0.267 -0.269 -0.272 -0.271 -0.273 -0.283 -0.29 -0.285 -0.273 -0.272 -0.265 -9999 -9999 -9999 -9999 -9999 -9999 -9999 -9999 -9999 -9999 -9999 -9999 -9999 -9999 -9999 -9999 -9999 -9999 -9999 -9999 -9999 -9999 -9999 -9999 -9999 -9999 -9999 -9999 -9999 -9999 -9999 -9999 -9999 -9999 -9999 -9999 -9999
-9999 -9999 -0.256 -0.247 -9999 -9999 -0.265 -0.268 -0.269 -0.272 -0.27 -0.27 -0.262 -0.254 -9999 -0.231 -0.227 -0.224 -0.222 -0.223 -0.221 -0.218 -0.225 -0.231 -0.239 -0.247 -0.251 -0.255 -0.259 -0.263 -0.266 -0.269 -0.277 -0.284 -0.276 -0.265 -0.265 -9999 -9999 -9999 -9999 -9999 -9999 -9999 -9999 -9999 -9999 -9999 -9999 -9999 -9999 -9999 -9999 -9999 -9999 -9999 -9999 -9999 -9999 -9999 -9999 -9999 -9999 -9999 -9999 -9999 -9999 -9999 -9999 -9999 -9999 -9999 -9999 -9999 -9999
-9999 -0.269 -0.257 -0.251 -9999 -0.251 -0.252 -0.267 -0.262 -9999 -0.249 -0.251 -0.244 -0.239 -9999 -0.237 -0.235 -0.233 -0.227 -0.215 -0.215 -0.22 -0.226 -0.231 -0.238 -0.242 -0.246 -0.245 -9999 -0.258 -0.264 -0.271 -0.275 -0.27 -0.265 -0.26 -9999 -9999 -9999 -9999 -9999 -9999 -9999 -9999 -9999 -9999 -9999 -9999 -9999 -9999 -9999 -9999 -9999 -9999 -9999 -9999 -9999 -9999 -9999 -9999 -9999 -9999 -9999 -9999 -9999 -9999 -9999 -9999 -9999 -9999 -9999 -9999 -9999 -9999 -9999
-9999 -0.27 -0.264 -9999 -9999 -0.241 -0.249 -0.254 -9999 -0.238 -0.236 -0.236 -0.23 -0.225 -9999 -0.231 -0.229 -0.227 -0.215 -0.204 -0.208 -0.212 -0.217 -0.222 -0.227 -0.231 -0.232 -0.232 -0.24 -0.247 -9999 -9999 -0.26 -0.255 -9999 -9999 -9999 -9999 -9999 -9999 -0.26 -0.268 -0.258 -9999 -9999 -9999 -9999 -9999 -9999 -9999 -9999 -9999 -9999 -9999 -9999 -9999 -9999 -9999 -9999 -9999 -9999 -9999 -9999 -9999 -9999 -9999 -9999 -9999 -9999 -9999 -9999 -9999 -9999 -9999 -9999
-0.28 -0.282 -9999 -9999 -0.247 -0.241 -0.242 -0.226 -9999 -0.231 -0.224 -0.215 -0.208 -0.2 -9999 -9999 -9999 -0.217 -0.212 -0.214 -0.213 -0.2 -0.208 -0.224 -0.23 -0.232 -0.237 -0.246 -0.25 -0.245 -0.254 -0.263 -0.259 -0.248 -9999 -9999 -9999 -9999 -9999 -0.254 -0.261 -0.254 -0.25 -0.249 -9999 -9999 -9999 -9999 -9999 -9999 -9999 -9999 -9999 -9999 -9999 -9999 -9999 -9999 -9999 -9999 -9999 -9999 -9999 -9999 -9999 -9999 -9999 -9999 -9999 -9999 -9999 -9999 -9999 -9999 -9999
-0.285 -0.282 -9999 -9999 -9999 -0.239 -0.226 -0.211 -9999 -0.222 -9999 -0.201 -0.192 -0.183 -9999 -0.189 -0.195 -0.205 -9999 -0.21 -0.199 -0.187 -0.2 -0.217 -0.22 -0.223 -0.232 -0.241 -0.239 -0.234 -0.244 -0.252 -0.244 -0.233 -0.235 -0.229 -0.246 -9999 -0.26 -0.255 -0.249 -0.233 -0.232 -0.23 -0.231 -0.234 -9999 -9999 -9999 -9999 -9999 -9999 -9999 -9999 -9999 -9999 -9999 -9999 -9999 -9999 -9999 -9999 -9999 -9999 -9999 -9999 -9999 -9999 -9999 -9999 -9999 -9999 -9999 -9999 -9999
-0.291 -9999 -9999 -9999 -9999 -0.229 -0.221 -0.221 -9999 -0.224 -9999 -0.214 -0.208 -9999 -0.198 -0.209 -0.21 -0.203 -0.211 -0.229 -0.226 -0.228 -0.234 -0.218 -0.219 -0.213 -0.225 -0.24 -0.243 -0.25 -0.254 -0.247 -0.242 -0.236 -0.239 -0.238 -0.256 -0.263 -0.266 -0.263 -0.254 -0.241 -0.242 -0.242 -0.246 -0.245 -0.211 -0.211 -0.205 -9999 -9999 -9999 -9999 -9999 -9999 -9999 -9999 -9999 -9999 -9999 -9999 -9999 -9999 -9999 -9999 -9999 -9999 -9999 -9999 -9999 -9999 -9999 -9999 -9999 -9999
-0.283 -9999 -9999 -9999 -9999 -0.222 -0.221 -0.221 -0.221 -9999 -9999 -0.213 -0.209 -9999 -0.203 -0.209 -0.202 -0.195 -0.21 -0.228 -0.231 -0.235 -0.225 -0.21 -0.206 -0.2 -0.214 -0.227 -0.235 -0.243 -0.238 -0.231 -0.228 -0.223 -0.226 -0.229 -0.24 -0.25 -0.251 -0.248 -0.239 -0.227 -0.229 -0.23 -0.232 -0.234 -0.219 -0.193 -0.196 -0.211 -9999 -9999 -9999 -9999 -9999 -9999 -9999 -9999 -9999 -9999 -9999 -9999 -9999 -9999 -9999 -9999 -9999 -9999 -9999 -9999 -9999 -9999 -9999 -9999 -9999
-9999 -9999 -9999 -9999 -9999 -0.24 -0.237 -0.215 -0.213 -9999 -9999 -0.201 -0.195 -9999 -9999 -0.196 -0.194 -0.197 -0.21 -0.222 -0.225 -0.231 -0.225 -0.222 -0.224 -0.233 -0.235 -0.212 -0.223 -0.242 -0.236 -0.22 -0.218 -0.214 -0.218 -0.22 -0.226 -0.224 -0.23 -0.248 -0.239 -0.223 -0.228 -0.236 -0.233 -0.215 -0.206 -0.203 -0.208 -0.207 -9999 -9999 -9999 -9999 -9999 -9999 -9999 -9999 -9999 -9999 -9999 -9999 -9999 -9999 -9999 -9999 -9999 -9999 -9999 -9999 -9999 -9999 -9999 -9999 -9999
-9999 -9999 -9999 -9999 -9999 -0.25 -0.231 -0.21 -9999 -9999 -9999 -9999 -0.186 -9999 -0.183 -0.186 -0.189 -0.192 -0.202 -0.213 -0.217 -0.221 -0.22 -0.217 -0.224 -0.233 -0.215 -0.193 -0.21 -0.228 -0.217 -0.202 -0.201 -0.198 -0.201 -0.203 -0.202 -0.198 -0.214 -0.231 -0.221 -0.206 -0.213 -0.221 -0.208 -0.191 -0.192 -0.191 -0.191 -0.189 -0.199 -9999 -9999 -9999 -9999 -9999 -9999 -9999 -9999 -9999 -9999 -9999 -9999 -9999 -9999 -9999 -9999 -9999 -9999 -9999 -9999 -9999 -9999 -9999 -9999
-9999 -9999 -9999 -0.261 -0.258 -0.254 -0.239 -9999 -9999 -0.199 -9999 -9999 -9999 -9999 -0.178 -0.19 -0.193 -0.194 -0.203 -0.214 -0.215 -0.21 -0.207 -0.2 -0.203 -0.201 -0.194 -0.207 -0.224 -0.236 -0.227 -0.212 -0.212 -0.207 -0.213 -0.216 -0.213 -0.201 -0.211 -0.206 -0.2 -0.197 -0.2 -0.193 -0.191 -0.203 -0.201 -0.187 -0.188 -0.185 -0.17 -9999 -9999 -9999 -9999 -9999 -9999 -9999 -9999 -9999 -9999 -9999 -9999 -9999 -9999 -9999 -9999 -9999 -9999 -9999 -9999 -9999 -9999 -9999 -9999
-9999 -9999 -9999 -9999 -0.254 -0.253 -0.241 -9999 -0.209 -0.191 -0.187 -9999 -9999 -9999 -9999 -0.186 -0.187 -0.189 -0.197 -0.207 -0.203 -0.197 -0.191 -0.184 -0.181 -0.178 -0.187 -0.2 -0.212 -0.225 -0.215 -0.202 -0.2 -0.198 -0.203 -0.205 -0.198 -0.188 -0.186 -0.182 -0.182 -0.181 -0.176 -0.168 -0.181 -0.194 -0.184 -0.171 -0.17 -0.168 -0.161 -0.146 -9999 -9999 -9999 -9999 -9999 -9999 -9999 -9999 -9999 -9999 -9999 -9999 -9999 -9999 -9999 -9999 -9999 -9999 -9999 -9999 -9999 -9999 -9999
-9999 -9999 -9999 -9999 -0.244 -0.244 -0.231 -9999 -0.204 -0.205 -0.198 -9999 -9999 -9999 -9999 -9999 -0.197 -0.21 -0.214 -0.207 -0.203 -0.199 -0.192 -0.179 -0.175 -0.166 -0.175 -0.19 -0.199 -0.203 -0.198 -0.198 -0.199 -0.196 -0.197 -0.19 -0.181 -0.165 -0.172 -0.192 -0.196 -0.202 -0.201 -0.197 -0.206 -0.203 -0.196 -0.185 -0.182 -0.166 -0.155 -0.128 -0.12 -9999 -9999 -9999 -9999 -9999 -9999 -9999 -9999 -9999 -9999 -9999 -9999 -9999 -9999 -9999 -9999 -9999 -9999 -9999 -9999 -9999 -9999
-9999 -9999 -9999 -9999 -0.238 -0.235 -9999 -9999 -0.201 -0.205 -0.188 -0.172 -9999 -9999 -9999 -9999 -9999 -0.211 -0.206 -0.197 -0.194 -0.19 -0.18 -0.167 -0.16 -0.151 -0.161 -0.174 -0.179 -0.182 -0.184 -0.187 -0.187 -0.183 -0.179 -0.172 -0.16 -0.144 -0.163 -0.183 -0.19 -0.197 -0.197 -0.195 -0.195 -0.193 -0.186 -0.176 -0.166 -0.151 -0.139 -0.125 -0.102 -0.095 -0.09 -9999 -9999 -9999 -9999 -9999 -9999 -9999 -9999 -9999 -9999 -9999 -9999 -9999 -9999 -9999 -9999 -9999 -9999 -9999 -9999
-9999 -9999 -9999 -9999 -0.23 -0.243 -9999 -9999 -0.197 -0.19 -0.178 -9999 -9999 -9999 -9999 -9999 -9999 -0.212 -0.206 -0.201 -0.197 -0.189 -0.18 -0.167 -0.161 -0.155 -0.159 -0.155 -0.157 -0.153 -0.164 -0.189 -0.186 -0.175 -0.172 -0.168 -0.162 -0.159 -0.171 -0.17 -0.175 -0.176 -0.179 -0.188 -0.184 -0.169 -0.166 -0.167 -0.16 -0.154 -0.148 -0.137 -0.112 -0.088 -0.079 -9999 -9999 -9999 -9999 -9999 -9999 -9999 -9999 -9999 -9999 -9999 -9999 -9999 -9999 -9999 -9999 -9999 -9999 -9999 -9999
-9999 -9999 -9999 -9999 -0.238 -0.237 -9999 -9999 -9999 -0.183 -0.177 -0.171 -9999 -9999 -9999 -9999 -9999 -0.202 -0.197 -0.192 -0.186 -0.178 -0.168 -0.156 -0.152 -0.146 -0.141 -0.136 -0.134 -0.132 -0.154 -0.177 -0.17 -0.16 -0.159 -0.155 -0.155 -0.153 -0.154 -0.153 -0.155 -0.155 -0.163 -0.172 -0.162 -0.147 -0.149 -0.149 -0.147 -0.144 -0.139 -0.129 -0.107 -0.076 -0.07 -9999 -9999 -9999 -9999 -9999 -9999 -9999 -9999 -9999 -9999 -9999 -9999 -9999 -9999 -9999 -9999 -9999 -9999 -9999 -9999
-9999 -9999 -9999 -0.219 -0.225 -0.214 -9999 -9999 -9999 -9999 -9999 -9999 -9999 -9999 -9999 -9999 -9999 -0.204 -0.196 -0.187 -0.18 -0.169 -0.163 -0.16 -0.151 -0.129 -0.123 -0.116 -0.122 -0.14 -0.157 -0.164 -0.162 -0.164 -0.16 -0.146 -0.144 -0.136 -0.142 -0.155 -0.16 -0.169 -0.169 -0.147 -0.142 -0.143 -0.139 -0.122 -0.123 -0.123 -0.116 -0.105 -0.098 -0.078 -0.057 -0.064 -9999 -9999 -9999 -9999 -9999 -9999 -9999 -9999 -9999 -9999 -9999 -9999 -9999 -9999 -9999 -9999 -9999 -9999 -9999
-9999 -9999 -0.215 -0.213 -0.205 -0.2 -9999 -9999 -9999 -9999 -9999 -9999 -9999 -9999 -9999 -0.169 -0.19 -0.197 -0.185 -0.174 -0.165 -0.155 -0.152 -0.149 -0.132 -0.111 -0.104 -0.099 -0.115 -0.133 -0.141 -0.148 -0.151 -0.154 -0.144 -0.131 -0.126 -0.118 -0.13 -0.143 -0.153 -0.162 -0.146 -0.125 -0.127 -0.128 -0.116 -0.102 -0.105 -0.105 -0.098 -0.086 -0.08 -0.069 -0.05 -0.05 -9999 -9999 -9999 -9999 -9999 -9999 -9999 -9999 -9999 -9999 -9999 -9999 -9999 -9999 -9999 -9999 -9999 -9999 -9999
-9999 -9999 -0.208 -0.196 -0.194 -9999 -9999 -9999 -9999 -9999 -9999 -9999 -9999 -9999 -9999 -0.166 -0.172 -0.18 -0.169 -0.163 -0.154 -0.148 -0.146 -0.141 -0.131 -0.128 -0.125 -0.121 -0.131 -0.127 -0.135 -0.145 -0.148 -0.144 -0.138 -0.133 -0.132 -0.133 -0.139 -0.129 -0.138 -0.146 -0.133 -0.119 -0.121 -0.121 -0.112 -0.099 -0.1 -0.094 -0.086 -0.071 -0.071 -0.065 -0.066 -0.029 -9999 -9999 -9999 -9999 -9999 -9999 -9999 -9999 -9999 -9999 -9999 -9999 -9999 -9999 -9999 -9999 -9999 -9999 -9999
-9999 -9999 -9999 -9999 -9999 -9999 -9999 -9999 -9999 -9999 -9999 -9999 -9999 -9999 -9999 -0.158 -0.157 -0.166 -0.158 -0.15 -0.142 -0.134 -0.129 -0.126 -0.126 -0.125 -0.122 -0.12 -0.117 -0.113 -0.122 -0.132 -0.132 -0.129 -0.127 -0.123 -0.126 -0.127 -0.121 -0.112 -0.12 -0.127 -0.118 -0.104 -0.105 -0.108 -0.1 -0.089 -0.086 -0.081 -0.072 -0.058 -0.058 -0.055 -0.057 -0.034 -9999 -9999 -9999 -9999 -9999 -9999 -9999 -9999 -9999 -9999 -9999 -9999 -9999 -9999 -9999 -9999 -9999 -9999 -9999
-9999 -9999 -9999 -9999 -9999 -9999 -9999 -9999 -9999 -9999 -9999 -9999 -9999 -9999 -0.162 -0.161 -0.16 -0.15 -0.145 -0.148 -0.138 -0.127 -0.121 -0.115 -0.113 -0.106 -0.109 -0.122 -0.116 -0.1 -0.107 -0.107 -0.11 -0.117 -0.119 -0.124 -0.126 -0.122 -0.119 -0.118 -0.122 -0.117 -0.108 -0.097 -0.095 -0.082 -0.077 -0.073 -0.074 -0.078 -0.073 -0.061 -0.062 -0.06 -0.048 -0.046 -9999 -9999 -9999 -9999 -9999 -9999 -9999 -9999 -9999 -9999 -9999 -9999 -9999 -9999 -9999 -9999 -9999 -9999 -9999
-9999 -9999 -9999 -9999 -9999 -9999 -9999 -9999 -9999 -9999 -9999 -9999 -9999 -9999 -0.17 -0.158 -0.147 -0.136 -0.137 -0.14 -0.13 -0.12 -0.112 -0.104 -0.096 -0.088 -0.099 -0.111 -0.099 -0.084 -0.086 -0.086 -0.094 -0.101 -0.107 -0.112 -0.111 -0.108 -0.109 -0.108 -0.106 -0.1 -0.093 -0.083 -0.075 -0.063 -0.062 -0.059 -0.064 -0.069 -0.063 -0.054 -0.055 -0.054 -0.043 -0.031 -9999 -9999 -9999 -9999 -9999 -9999 -9999 -9999 -9999 -9999 -9999 -9999 -9999 -9999 -9999 -9999 -9999 -9999 -9999
-9999 -9999 -9999 -9999 -9999 -9999 -9999 -9999 -9999 -9999 -9999 -9999 -9999 -0.175 -0.168 -0.155 -0.146 -0.141 -0.142 -0.143 -0.14 -0.145 -0.134 -0.109 -0.103 -0.099 -0.102 -0.097 -0.09 -0.09 -0.096 -0.104 -0.106 -0.093 -0.096 -0.093 -0.094 -0.098 -0.097 -0.088 -0.088 -0.091 -0.087 -0.089 -0.084 -0.078 -0.076 -0.067 -0.072 -0.07 -0.072 -0.067 -0.063 -0.06 -0.055 -0.037 -0.041 -9999 -9999 -9999 -9999 -9999 -9999 -9999 -9999 -9999 -9999 -9999 -9999 -9999 -9999 -9999 -9999 -9999 -9999
-9999 -9999 -9999 -9999 -9999 -9999 -9999 -9999 -9999 -9999 -9999 -9999 -0.183 -0.177 -0.163 -0.15 -0.145 -0.14 -0.139 -0.139 -0.143 -0.149 -0.129 -0.105 -0.101 -0.097 -0.09 -0.082 -0.079 -0.08 -0.089 -0.099 -0.09 -0.078 -0.077 -0.074 -0.079 -0.082 -0.077 -0.068 -0.072 -0.075 -0.077 -0.081 -0.079 -0.074 -0.069 -0.061 -0.063 -0.062 -0.063 -0.063 -0.061 -0.057 -0.054 -0.047 -0.042 -9999 -9999 -9999 -9999 -9999 -9999 -9999 -9999 -9999 -9999 -9999 -9999 -9999 -9999 -9999 -9999 -9999 -9999
-9999 -9999 -9999 -9999 -9999 -9999 -9999 -9999 -9999 -9999 -9999 -9999 -0.185 -0.2 -0.186 -0.165 -0.157 -0.144 -0.137 -0.121 -0.13 -0.156 -0.136 -0.11 -0.105 -0.096 -0.089 -0.082 -0.081 -0.081 -0.086 -0.086 -0.082 -0.083 -0.083 -0.076 -0.08 -0.079 -0.079 -0.082 -0.082 -0.069 -0.075 -0.082 -0.083 -0.085 -0.082 -0.071 -0.073 -0.07 -0.079 -0.084 -0.079 -0.075 -0.067 -0.059 -0.065 -9999 -9999 -9999 -9999 -9999 -9999 -9999 -9999 -9999 -9999 -9999 -9999 -9999 -9999 -9999 -9999 -9999 -9999
-9999 -9999 -9999 -9999 -9999 -9999 -9999 -9999 -9999 -9999 -9999 -0.191 -0.197 -0.206 -0.187 -0.167 -0.154 -0.142 -0.126 -0.109 -0.127 -0.151 -0.13 -0.106 -0.098 -0.088 -0.082 -0.076 -0.075 -0.074 -0.074 -0.074 -0.075 -0.075 -0.071 -0.065 -0.066 -0.065 -0.07 -0.075 -0.066 -0.056 -0.064 -0.07 -0.075 -0.079 -0.075 -0.067 -0.069 -0.068 -0.077 -0.084 -0.082 -0.074 -0.068 -0.057 -0.064 -0.049 -9999 -9999 -9999 -9999 -9999 -9999 -9999 -9999 -9999 -9999 -9999 -9999 -9999 -9999 -9999 -9999 -9999
-9999 -9999 -9999 -9999 -9999 -9999 -9999 -9999 -9999 -9999 -0.211 -9999 -0.223 -0.217 -0.192 -0.152 -0.141 -0.131 -0.122 -0.125 -0.133 -0.127 -0.109 -0.094 -0.09 -0.095 -0.087 -0.072 -0.071 -0.067 -0.063 -0.045 -0.045 -0.057 -0.054 -0.066 -0.064 -0.067 -0.07 -0.063 -0.057 -0.052 -0.058 -0.059 -0.068 -0.081 -0.086 -0.097 -0.097 -0.082 -0.083 -0.086 -0.088 -0.084 -0.068 -0.052 -0.06 -0.057 -9999 -9999 -9999 -9999 -9999 -9999 -9999 -9999 -9999 -9999 -9999 -9999 -9999 -9999 -9999 -9999 -9999
