Validation/Results/ReClimate_01_2024_2_Temperature.asc
NCOLS 192
NROWS 249
XLLCENTER -225160.85627316462
YLLCENTER 29788.11610251502
CELLSIZE 5000.0
NODATA_VALUE -9999
[rows 136 to 169 of 249, columns 77 to 153 of 192]
-9999 -9999 -9999 -9999 -9999 -9999 -9999 -9999 -0.071 -9999 -0.032 -0.009 0.002 0.009 0.034 0.059 0.066 0.07 0.081 0.091 0.117 0.144 0.15 0.153 0.167 0.178 0.174 0.166 -9999 -9999 -9999 -9999 -9999 -9999 0.196 0.198 0.202 0.204 0.203 0.195 0.188 0.179 0.184 0.191 0.19 0.188 0.194 0.201 0.2 0.198 0.182 0.16 0.159 0.156 0.152 0.146 0.137 -9999 -9999 -9999 -9999 -9999 -9999 -9999 -9999 -9999 -9999 -9999 -9999 -9999 -9999 -9999 -9999 -9999 -9999 -9999 -9999
-9999 -9999 -9999 -9999 -9999 -9999 -9999 -9999 -0.076 -0.058 -0.034 -0.014 -0.003 0.014 0.032 0.038 0.051 0.073 0.084 0.097 0.12 0.139 0.149 0.162 0.173 0.172 0.168 0.162 -9999 -9999 -9999 -9999 0.189 0.187 0.192 0.203 0.207 0.208 0.203 0.189 0.183 0.178 0.18 0.177 0.177 0.182 0.188 0.192 0.19 0.187 0.192 0.185 0.173 0.164 0.162 0.152 0.141 -9999 -9999 -9999 -9999 -9999 -9999 -9999 -9999 -9999 -9999 -9999 -9999 -9999 -9999 -9999 -9999 -9999 -9999 -9999 -9999
-0.154 -9999 -9999 -9999 -9999 -9999 -9999 -9999 -0.077 -0.062 -0.04 -9999 -9999 0.012 0.021 0.027 0.051 -9999 0.087 0.098 0.117 0.135 0.151 0.165 0.169 0.167 -9999 -9999 -9999 -9999 -9999 0.183 0.182 0.181 0.192 0.203 0.206 0.207 0.197 0.182 0.178 0.174 0.171 0.168 0.172 0.177 0.181 0.185 0.183 0.179 0.184 0.189 0.179 0.164 0.162 0.158 0.147 -9999 -9999 -9999 -9999 -9999 -9999 -9999 -9999 -9999 -9999 -9999 -9999 -9999 -9999 -9999 -9999 -9999 -9999 -9999 -9999
-0.149 -9999 -9999 -9999 -9999 -9999 -9999 -9999 -9999 -0.071 -0.049 -9999 -9999 -9999 0.016 0.042 0.065 0.083 -9999 -9999 0.117 0.135 0.146 0.156 0.163 -9999 -9999 -9999 -9999 -9999 0.189 0.196 0.197 0.193 0.198 0.191 0.195 0.199 0.192 0.193 0.185 0.167 0.166 0.169 0.167 0.155 0.161 0.172 0.172 0.17 0.18 0.189 0.198 0.196 0.176 0.162 0.152 -9999 -9999 -9999 -9999 -9999 -9999 -9999 -9999 -9999 -9999 -9999 -9999 -9999 -9999 -9999 -9999 -9999 -9999 -9999 -9999
-9999 -9999 -9999 -9999 -9999 -9999 -9999 -9999 -9999 -9999 -0.057 -9999 -9999 -9999 -9999 0.046 0.065 0.084 -9999 -9999 -9999 0.128 0.138 -9999 -9999 -9999 -9999 -9999 -9999 -9999 0.186 0.2 0.199 0.196 0.192 0.185 0.191 0.192 0.192 0.193 0.178 0.161 0.163 0.166 0.156 0.144 0.153 0.164 0.164 0.163 0.173 0.184 0.193 0.202 0.184 0.159 0.149 -9999 -9999 -9999 -9999 -9999 -9999 -9999 -9999 -9999 -9999 -9999 -9999 -9999 -9999 -9999 -9999 -9999 -9999 -9999 -9999
-9999 -9999 -9999 -9999 -9999 -9999 -9999 -9999 -9999 -9999 -0.063 -9999 -9999 -9999 -9999 -9999 0.052 0.074 -9999 -9999 -9999 -9999 -9999 -9999 -9999 -9999 -9999 -9999 -9999 -9999 0.182 0.181 0.18 0.178 0.18 0.191 0.191 0.178 0.178 0.18 0.17 0.167 0.165 0.151 0.142 0.135 0.143 0.151 0.163 0.169 0.176 0.186 0.2 0.212 0.193 0.167 0.144 0.124 -9999 -9999 -9999 -9999 -9999 -9999 -9999 -9999 -9999 -9999 -9999 -9999 -9999 -9999 -9999 -9999 -9999 -9999 -9999
-0.118 -0.109 -0.119 -9999 -9999 -9999 -9999 -9999 -9999 -9999 -0.065 -9999 -9999 -9999 -9999 -9999 -9999 -9999 -9999 -9999 -9999 -9999 -9999 -9999 -9999 -9999 -9999 -9999 -9999 0.167 0.169 0.173 0.173 0.17 0.18 0.19 0.183 0.17 0.17 0.171 0.169 0.166 0.155 0.141 0.136 0.129 0.135 0.142 0.154 0.167 0.175 0.183 0.196 0.21 0.192 0.166 0.145 0.116 0.103 -9999 -9999 -9999 -9999 -9999 -9999 -9999 -9999 -9999 -9999 -9999 -9999 -9999 -9999 -9999 -9999 -9999 -9999
-0.111 -0.103 -0.109 -9999 -9999 -9999 -9999 -9999 -9999 -9999 -9999 -9999 -9999 -9999 -9999 -9999 -9999 -9999 -9999 -9999 -9999 -9999 -9999 -9999 -9999 -9999 -9999 -9999 0.173 0.176 0.18 0.178 0.181 0.189 0.194 0.187 0.183 0.177 0.175 0.169 0.167 0.165 0.154 0.143 0.14 0.14 0.147 0.155 0.16 0.151 0.162 0.172 0.174 0.181 0.184 0.171 0.148 0.12 0.112 -9999 -9999 -9999 -9999 -9999 -9999 -9999 -9999 -9999 -9999 -9999 -9999 -9999 -9999 -9999 -9999 -9999 -9999
-0.11 -9999 -0.109 -0.116 -9999 -9999 -9999 -9999 -9999 -9999 -9999 -9999 -9999 -9999 -9999 -9999 -9999 -9999 -9999 -9999 -9999 -9999 -9999 -9999 -9999 -9999 -9999 -9999 0.168 0.18 0.18 0.177 0.185 0.194 0.189 0.181 0.181 0.175 0.17 0.164 0.162 0.159 0.15 0.14 0.141 0.142 0.148 0.156 0.15 0.141 0.151 0.163 0.165 0.165 0.167 0.168 0.147 0.118 0.111 0.101 0.094 -9999 -9999 -9999 -9999 -9999 -9999 -9999 -9999 -9999 -9999 -9999 -9999 -9999 -9999 -9999 -9999
-0.098 -9999 -9999 -0.112 -9999 -9999 -9999 -9999 -9999 -9999 -9999 -9999 -9999 -9999 -9999 -9999 -9999 -9999 -9999 -9999 -9999 -9999 -9999 -9999 -9999 -9999 -9999 -9999 0.158 0.169 0.171 0.175 0.185 0.197 0.195 0.196 0.195 0.188 0.181 0.17 0.166 0.155 0.143 0.123 0.131 0.153 0.156 0.15 0.151 0.147 0.147 0.153 0.149 0.145 0.143 0.141 0.135 0.117 0.106 0.094 0.091 0.084 0.06 0.033 -9999 -9999 -9999 -9999 -9999 -9999 -9999 -9999 -9999 -9999 -9999 -9999 -9999
-0.098 -0.104 -9999 -0.103 -9999 -9999 -9999 -9999 -9999 -9999 -9999 -9999 -9999 -9999 -9999 -9999 -9999 -9999 -9999 -9999 -9999 -9999 -9999 -9999 -9999 -9999 -9999 0.137 0.152 0.162 0.166 0.169 0.181 0.193 0.195 0.197 0.195 0.188 0.179 0.169 0.161 0.15 0.134 0.114 0.133 0.155 0.15 0.144 0.146 0.146 0.146 0.145 0.141 0.134 0.132 0.127 0.121 0.113 0.103 0.089 0.087 0.083 0.06 0.046 0.017 0.021 -9999 -9999 -9999 -9999 -9999 -9999 -9999 -9999 -9999 -9999 -9999
-0.085 -9999 -0.094 -9999 -9999 -9999 -9999 -9999 -9999 -9999 -9999 -9999 -9999 -9999 -9999 -9999 -9999 -9999 -9999 -9999 -9999 -9999 -9999 -9999 -9999 -9999 -9999 -9999 0.139 0.152 0.157 0.165 0.175 0.182 0.189 0.205 0.199 0.176 0.171 0.172 0.166 0.161 0.146 0.128 0.139 0.138 0.134 0.134 0.139 0.142 0.138 0.135 0.138 0.137 0.145 0.148 0.129 0.115 0.112 0.104 0.09 0.08 0.077 0.064 0.051 0.017 0.016 -9999 -9999 -9999 -9999 -9999 -9999 -9999 -9999 -9999 -9999
-0.082 -0.093 -0.086 -9999 -9999 -9999 -9999 -9999 -9999 -9999 -9999 -9999 -9999 -9999 -9999 -9999 -9999 -9999 -9999 -9999 -9999 -9999 -9999 -9999 -9999 -9999 -9999 -9999 -9999 0.139 0.149 0.159 0.165 0.172 0.187 0.203 0.189 0.169 0.17 0.17 0.167 0.162 0.148 0.131 0.13 0.128 0.128 0.127 0.132 0.138 0.134 0.128 0.131 0.134 0.142 0.151 0.135 0.113 0.11 0.107 0.095 0.078 0.075 0.072 0.061 0.049 0.021 0.025 -9999 -9999 -9999 -9999 -9999 -9999 -9999 -9999 -9999
-0.082 -0.086 -9999 -9999 -9999 -9999 -9999 -9999 -9999 -9999 -9999 -9999 -9999 -9999 -9999 -9999 -9999 -9999 -9999 -9999 -9999 -9999 -9999 -9999 -9999 -9999 -9999 -9999 -9999 0.13 0.14 0.16 0.167 0.169 0.183 0.199 0.189 0.176 0.175 0.17 0.163 0.147 0.139 0.138 0.133 0.118 0.123 0.14 0.144 0.144 0.138 0.132 0.134 0.136 0.129 0.128 0.126 0.113 0.113 0.111 0.101 0.086 0.089 0.09 0.079 0.067 0.046 0.021 0.045 -9999 -9999 -9999 -9999 -9999 -9999 -9999 -9999
-0.079 -0.083 -9999 -9999 -9999 -9999 -9999 -9999 -9999 -9999 -9999 -9999 -9999 -9999 -9999 -9999 -9999 -9999 -9999 -9999 -9999 -9999 -9999 -9999 -9999 -9999 -9999 -9999 -9999 -9999 0.135 0.153 0.158 0.162 0.176 0.193 0.188 0.176 0.172 0.166 0.154 0.139 0.139 0.138 0.127 0.112 0.126 0.143 0.143 0.143 0.138 0.13 0.133 0.135 0.128 0.119 0.116 0.112 0.111 0.11 0.101 0.089 0.092 0.096 0.087 0.075 0.055 0.03 0.041 -9999 -9999 -9999 -9999 -9999 -9999 -9999 -9999
-9999 -9999 -9999 -9999 -9999 -9999 -9999 -9999 -9999 -9999 -9999 -9999 -9999 -9999 -9999 -9999 -9999 -9999 -9999 -9999 -9999 -9999 -9999 -9999 -9999 -9999 -9999 -9999 -9999 -9999 0.128 0.148 0.159 0.177 0.186 0.175 0.174 0.176 0.171 0.161 0.155 0.156 0.152 0.139 0.132 0.129 0.137 0.134 0.143 0.148 0.144 0.138 0.134 0.132 0.138 0.136 0.126 0.117 0.124 0.128 0.113 0.098 0.109 0.118 0.106 0.093 0.085 0.069 0.066 0.061 -9999 -9999 -9999 -9999 -9999 -9999 -9999
-9999 -9999 -9999 -9999 -9999 -9999 -9999 -9999 -9999 -9999 -9999 -9999 -9999 -9999 -9999 -9999 -9999 -9999 -9999 -9999 -9999 -9999 -9999 -9999 -9999 -9999 -9999 -9999 -9999 -9999 -9999 0.138 0.156 0.177 0.173 0.163 0.171 0.174 0.166 0.157 0.158 0.16 0.149 0.136 0.136 0.134 0.131 0.128 0.137 0.147 0.143 0.138 0.135 0.13 0.135 0.14 0.131 0.118 0.125 0.133 0.119 0.1 0.111 0.125 0.114 0.099 0.093 0.084 0.082 0.078 -9999 -9999 -9999 -9999 -9999 -9999 -9999
-9999 -9999 -9999 -9999 -9999 -9999 -9999 -9999 -9999 -9999 -9999 -9999 -9999 -9999 -9999 -9999 -9999 -9999 -9999 -9999 -9999 -9999 -9999 -9999 -9999 -9999 -9999 -9999 -9999 -9999 -9999 0.123 -9999 0.152 0.149 0.143 0.15 -9999 0.145 0.14 0.144 0.156 0.15 0.148 0.142 0.124 0.123 0.126 0.13 0.138 0.141 0.14 0.132 0.123 0.133 0.142 0.149 0.146 0.137 0.136 0.134 0.123 0.114 0.115 0.116 0.109 0.098 0.087 0.084 0.079 0.073 -9999 -9999 -9999 -9999 -9999 -9999
-9999 -9999 -9999 -9999 -9999 -9999 -9999 -9999 -9999 -9999 -9999 -9999 -9999 -9999 -9999 -9999 -9999 -9999 -9999 -9999 -9999 -9999 -9999 -9999 -9999 -9999 -9999 -9999 -9999 -9999 -9999 -9999 0.122 0.136 -9999 -9999 -9999 -9999 0.136 0.131 0.141 0.153 0.152 0.15 0.136 0.118 0.121 0.123 0.128 0.133 0.136 0.139 0.131 0.12 0.13 0.141 0.147 0.154 0.147 0.136 0.134 0.13 0.122 0.111 0.112 0.113 0.102 0.088 0.086 0.081 0.075 0.067 0.054 -9999 -9999 -9999 -9999
-9999 -9999 -9999 -9999 -9999 -9999 -9999 -9999 -9999 -9999 -9999 -9999 -9999 -9999 -9999 -9999 -9999 -9999 -9999 -9999 -9999 -9999 -9999 -9999 -9999 -9999 -9999 -9999 -9999 -9999 -9999 -9999 0.113 0.122 -9999 -9999 -9999 -9999 0.131 0.141 0.149 0.156 0.156 0.157 0.146 0.135 0.136 0.134 0.134 0.136 0.139 0.142 0.137 0.128 0.136 0.146 0.154 0.163 0.157 0.148 0.134 0.123 0.127 0.124 0.112 0.104 0.098 0.086 0.091 0.091 0.084 0.074 0.074 -9999 -9999 -9999 -9999
-9999 -9999 -9999 -9999 -9999 -9999 -9999 -9999 -9999 -9999 -9999 -9999 -9999 -9999 -9999 -9999 -9999 -9999 -9999 -9999 -9999 -9999 -9999 -9999 -9999 -9999 -9999 -9999 -9999 -9999 -9999 -9999 0.108 -9999 -9999 -9999 -9999 0.127 0.135 0.142 0.148 0.154 0.155 0.156 0.149 0.139 0.138 0.137 0.137 0.136 0.139 0.142 0.137 0.129 0.137 0.146 0.154 0.164 0.159 0.151 0.138 0.12 0.124 0.128 0.117 0.102 0.095 0.087 0.091 0.095 0.089 0.08 -9999 -9999 -9999 -9999 -9999
-9999 -9999 -9999 -9999 -9999 -9999 -9999 -9999 -9999 -9999 -9999 -9999 -9999 -9999 -9999 -9999 -9999 -9999 -9999 -9999 -9999 -9999 -9999 -9999 -9999 -9999 -9999 -9999 -9999 -9999 -9999 -9999 -9999 -9999 -9999 -9999 -9999 0.138 0.142 0.128 0.136 0.148 0.147 0.142 0.14 0.147 0.146 0.141 0.143 0.15 0.147 0.146 0.147 0.143 0.148 0.156 0.172 0.187 0.17 0.156 0.152 0.141 0.133 0.13 0.125 0.114 0.112 0.107 0.115 0.123 0.106 0.088 -9999 -9999 -9999 -9999 -9999
-9999 -9999 -9999 -9999 -9999 -9999 -9999 -9999 -9999 -9999 -9999 -9999 -9999 -9999 -9999 -9999 -9999 -9999 -9999 -9999 -9999 -9999 -9999 -9999 -9999 -9999 -9999 -9999 -9999 -9999 -9999 -9999 -9999 -9999 -9999 -9999 -9999 0.137 0.132 0.12 0.132 0.144 0.14 0.135 0.141 0.148 0.145 0.14 0.146 0.152 0.15 0.146 0.147 0.147 0.152 0.158 0.174 0.192 0.177 0.156 0.153 0.148 0.141 0.13 0.126 0.119 0.117 0.114 0.123 0.132 0.117 0.093 -9999 -9999 -9999 -9999 -9999
-9999 -9999 -9999 -9999 -9999 -9999 -9999 -9999 -9999 -9999 -9999 -9999 -9999 -9999 -9999 -9999 -9999 -9999 -9999 -9999 -9999 -9999 -9999 -9999 -9999 -9999 -9999 -9999 -9999 -9999 -9999 -9999 -9999 -9999 -9999 -9999 0.117 0.122 0.124 0.136 0.143 0.141 0.141 0.146 0.151 0.153 0.149 0.141 0.146 0.152 0.159 0.161 0.157 0.155 0.163 0.171 0.164 0.169 0.172 0.162 0.168 0.169 0.158 0.146 0.142 0.136 0.134 0.132 0.119 0.116 0.117 0.099 0.09 -9999 -9999 -9999 -9999
-9999 -9999 -9999 -9999 -9999 -9999 -9999 -9999 -9999 -9999 -9999 -9999 -9999 -9999 -9999 -9999 -9999 -9999 -9999 -9999 -9999 -9999 -9999 -9999 -9999 -9999 -9999 -9999 -9999 -9999 -9999 -9999 -9999 -9999 -9999 -9999 0.105 0.111 0.125 0.137 0.139 0.137 0.143 0.148 0.151 0.153 0.147 0.14 0.145 0.15 0.157 0.164 0.161 0.156 0.164 0.173 0.168 0.159 0.161 0.163 0.169 0.174 0.165 0.151 0.147 0.142 0.141 0.137 0.126 0.11 0.111 0.11 0.098 -9999 -9999 -9999 -9999
-9999 -9999 -9999 -9999 -9999 -9999 -9999 -9999 -9999 -9999 -9999 -9999 -9999 -9999 -9999 -9999 -9999 -9999 -9999 -9999 -9999 -9999 -9999 -9999 -9999 -9999 -9999 -9999 -9999 -9999 -9999 -9999 -9999 -9999 -9999 0.107 0.117 0.127 0.134 0.122 0.128 0.137 0.142 0.144 0.145 0.146 0.143 0.142 0.139 0.138 0.151 0.161 0.162 0.159 0.167 0.176 0.176 0.171 0.175 0.178 0.175 0.176 0.17 0.16 0.16 0.158 0.15 0.143 0.136 0.124 0.125 0.125 0.115 0.097 -9999 -9999 -9999
-9999 -9999 -9999 -9999 -9999 -9999 -9999 -9999 -9999 -9999 -9999 -9999 -9999 -9999 -9999 -9999 -9999 -9999 -9999 -9999 -9999 -9999 -9999 -9999 -9999 -9999 -9999 -9999 -9999 -9999 -9999 -9999 -9999 -9999 -9999 0.106 0.118 0.129 0.122 0.112 0.123 0.134 0.137 0.14 0.141 0.141 0.142 0.142 0.138 0.132 0.144 0.158 0.159 0.159 0.166 0.174 0.175 0.174 0.178 0.182 0.18 0.174 0.169 0.161 0.162 0.162 0.155 0.145 0.138 0.128 0.129 0.13 0.121 0.106 -9999 -9999 -9999
-9999 -9999 -9999 -9999 -9999 -9999 -9999 -9999 -9999 -9999 -9999 -9999 -9999 -9999 -9999 -9999 -9999 -9999 -9999 -9999 -9999 -9999 -9999 -9999 -9999 -9999 -9999 -9999 -9999 -9999 -9999 -9999 -9999 -9999 -9999 0.108 0.117 0.127 0.125 0.128 0.139 0.144 0.145 0.136 0.136 0.133 0.133 0.133 0.128 0.121 0.135 0.15 0.152 0.153 0.155 0.159 0.165 0.166 0.176 0.182 0.17 0.159 0.156 0.149 0.15 0.149 0.155 0.152 0.151 0.145 0.14 0.135 0.129 0.119 0.117 -9999 -9999
-9999 -9999 -9999 -9999 -9999 -9999 -9999 -9999 -9999 -9999 -9999 -9999 -9999 -9999 -9999 -9999 -9999 -9999 -9999 -9999 -9999 -9999 -9999 -9999 -9999 -9999 -9999 -9999 -9999 -9999 -9999 -9999 -9999 -9999 -9999 -9999 0.111 0.121 0.126 0.13 0.138 0.144 0.141 0.133 0.131 0.128 0.128 0.127 0.123 0.116 0.129 0.145 0.147 0.149 0.151 0.152 0.157 0.162 0.171 0.18 0.169 0.153 0.149 0.144 0.144 0.143 0.148 0.154 0.152 -9999 0.146 -9999 0.132 0.124 0.124 0.114 -9999
-9999 -9999 -9999 -9999 -9999 -9999 -9999 -9999 -9999 -9999 -9999 -9999 -9999 -9999 -9999 -9999 -9999 -9999 -9999 -9999 -9999 -9999 -9999 -9999 -9999 -9999 -9999 -9999 -9999 -9999 -9999 -9999 -9999 -9999 -9999 0.096 0.104 0.122 0.126 0.125 0.129 0.126 0.125 0.124 0.125 0.131 0.13 0.124 0.121 0.118 0.119 0.127 0.133 0.136 0.147 0.154 0.152 0.153 0.159 0.166 0.164 0.153 0.151 0.146 0.145 0.143 0.15 0.157 0.146 0.138 0.142 0.141 -9999 0.137 0.138 0.123 0.115
-9999 -9999 -9999 -9999 -9999 -9999 -9999 -9999 -9999 -9999 -9999 -9999 -9999 -9999 -9999 -9999 -9999 -9999 -9999 -9999 -9999 -9999 -9999 -9999 -9999 -9999 -9999 -9999 -9999 -9999 -9999 -9999 -9999 -9999 -9999 0.089 0.102 0.119 0.12 0.119 0.118 0.114 0.117 0.118 0.125 0.13 0.126 0.121 0.12 0.117 0.119 0.12 0.125 0.13 0.141 0.153 0.152 0.149 0.154 0.16 0.157 0.152 0.15 0.146 0.145 0.142 0.149 0.156 0.147 0.134 0.138 0.142 0.148 -9999 -9999 -9999 -9999
-9999 -9999 -9999 -9999 -9999 -9999 -9999 -9999 -9999 -9999 -9999 -9999 -9999 -9999 -9999 -9999 -9999 -9999 -9999 -9999 -9999 -9999 -9999 -9999 -9999 -9999 -9999 -9999 -9999 -9999 -9999 -9999 -9999 -9999 0.081 0.099 0.112 0.119 0.123 0.128 0.125 0.113 0.118 0.124 0.13 0.129 0.127 0.127 0.119 0.113 0.119 0.122 0.123 0.126 0.136 0.147 0.16 0.167 0.146 0.136 0.148 0.152 0.154 0.153 0.157 0.158 0.16 0.165 0.151 0.136 0.151 0.162 0.156 0.155 0.156 -9999 -9999
-9999 -9999 -9999 -9999 -9999 -9999 -9999 -9999 -9999 -9999 -9999 -9999 -9999 -9999 -9999 -9999 -9999 -9999 -9999 -9999 -9999 -9999 -9999 -9999 -9999 -9999 -9999 -9999 -9999 -9999 -9999 -9999 -9999 -9999 0.093 0.099 0.107 0.114 0.121 0.128 0.121 0.11 0.116 0.122 0.125 0.126 0.127 0.128 0.12 0.111 0.116 0.122 0.124 0.124 0.133 0.144 0.156 0.171 0.152 0.127 0.138 0.151 0.153 0.154 0.159 0.163 0.166 0.169 0.156 0.139 0.154 0.171 0.166 0.158 0.162 0.161 -9999
-9999 -9999 -9999 -9999 -9999 -9999 -9999 -9999 -9999 -9999 -9999 -9999 -9999 -9999 -9999 -9999 -9999 -9999 -9999 -9999 -9999 -9999 -9999 -9999 -9999 -9999 -9999 -9999 -9999 -9999 -9999 -9999 -9999 -9999 -9999 0.098 0.106 0.114 0.12 0.122 0.119 0.119 0.126 0.129 0.131 0.127 0.132 0.142 0.135 0.125 0.123 0.124 0.14 0.151 0.144 0.145 0.154 0.165 0.163 0.149 0.148 0.154 0.166 0.174 0.177 0.181 0.185 0.189 0.183 0.171 0.166 0.171 0.174 0.17 0.171 0.171 0.166
