Validation/Results/ReClimate_09_2024_1_Precipitation-Actualsweatherlogisticsltd.asc
NCOLS 192
NROWS 249
XLLCENTER -225160.85627316462
YLLCENTER 29788.11610251502
CELLSIZE 5000.0
NODATA_VALUE -9999
[rows 66 to 98 of 249, columns 74 to 147 of 192]
-9999 -9999 -9999 -9999 -9999 -9999 -9999 -9999 -9999 -9999 -9999 158.679 -9999 182.248 225.963 256.084 257.604 285.413 227.153 223.418 188.782 170.027 142.713 146.947 162.858 166.425 164.722 165.919 161.991 165.88 141.645 126.13 -9999 -9999 -9999 -9999 -9999 -9999 -9999 -9999 -9999 -9999 -9999 -9999 -9999 -9999 -9999 -9999 -9999 -9999 -9999 -9999 -9999 -9999 -9999 -9999 -9999 -9999 -9999 -9999 -9999 -9999 -9999 -9999 -9999 -9999 -9999 -9999 -9999 -9999 -9999 -9999 -9999 -9999
-9999 -9999 -9999 -9999 -9999 -9999 -9999 -9999 -9999 -9999 -9999 -9999 168.353 220.02 229.677 233.006 240.392 236.326 238.015 219.698 188.638 163.709 151.868 143.055 141.321 138.47 148.683 153.233 155.515 134.547 -9999 -9999 -9999 -9999 -9999 -9999 -9999 -9999 -9999 -9999 -9999 -9999 -9999 -9999 -9999 -9999 -9999 -9999 -9999 -9999 -9999 -9999 -9999 -9999 -9999 -9999 -9999 -9999 -9999 -9999 -9999 -9999 -9999 -9999 -9999 -9999 -9999 -9999 -9999 -9999 -9999 -9999 -9999 -9999
-9999 -9999 -9999 -9999 -9999 -9999 -9999 -9999 -9999 -9999 -9999 -9999 188.478 223.606 217.763 201.974 218.405 229.744 204.287 179.706 164.026 145.885 140.131 133.556 142.344 143.197 133.843 137.954 123.356 102.072 -9999 -9999 -9999 -9999 -9999 -9999 -9999 -9999 -9999 -9999 -9999 -9999 -9999 -9999 -9999 -9999 -9999 -9999 -9999 -9999 -9999 -9999 -9999 -9999 -9999 -9999 -9999 -9999 -9999 -9999 -9999 -9999 -9999 -9999 -9999 -9999 -9999 -9999 -9999 -9999 -9999 -9999 -9999 -9999
-9999 -9999 -9999 -9999 -9999 -9999 -9999 -9999 -9999 -9999 -9999 -9999 -9999 -9999 196.129 206.595 216.848 205.107 193.278 177.863 169.751 151.76 129.785 129.532 147.034 138.155 126.615 103.07 -9999 -9999 -9999 -9999 -9999 -9999 -9999 -9999 -9999 -9999 -9999 -9999 -9999 -9999 -9999 -9999 -9999 -9999 -9999 -9999 -9999 -9999 -9999 -9999 -9999 -9999 -9999 -9999 -9999 -9999 -9999 -9999 -9999 -9999 -9999 -9999 -9999 -9999 -9999 -9999 -9999 -9999 -9999 -9999 -9999 -9999
-9999 -9999 -9999 -9999 -9999 -9999 -9999 -9999 164.528 -9999 -9999 169.089 185.157 197.741 196.083 227.431 217.073 216.843 212.363 202.509 188.401 171.486 124.931 128.565 131.772 139.219 117.135 102.243 -9999 -9999 -9999 -9999 -9999 -9999 -9999 -9999 -9999 -9999 -9999 -9999 -9999 -9999 -9999 -9999 -9999 -9999 -9999 -9999 -9999 -9999 -9999 -9999 -9999 -9999 -9999 -9999 -9999 -9999 -9999 -9999 -9999 -9999 -9999 -9999 -9999 -9999 -9999 -9999 -9999 -9999 -9999 -9999 -9999 -9999
-9999 -9999 -9999 -9999 -9999 -9999 158.613 164.207 173.685 178.159 190.458 187.901 216.423 241.297 245.283 206.479 233.297 240.87 227.277 210.096 198.759 189.002 166.604 122.548 119.884 112.428 100.961 88.873 -9999 -9999 -9999 -9999 -9999 -9999 -9999 -9999 -9999 -9999 -9999 -9999 -9999 -9999 -9999 -9999 -9999 -9999 -9999 -9999 -9999 -9999 -9999 -9999 -9999 -9999 -9999 -9999 -9999 -9999 -9999 -9999 -9999 -9999 -9999 -9999 -9999 -9999 -9999 -9999 -9999 -9999 -9999 -9999 -9999 -9999
-9999 -9999 -9999 -9999 -9999 -9999 169.315 178.986 -9999 199.441 219.601 231.067 244.842 280.78 228.267 241.727 255.119 265.05 267.734 226.16 215.748 207.784 165.138 143.983 140.33 114.02 101.762 -9999 82.758 -9999 -9999 -9999 -9999 -9999 -9999 -9999 -9999 -9999 -9999 -9999 -9999 -9999 -9999 -9999 -9999 -9999 -9999 -9999 -9999 -9999 -9999 -9999 -9999 -9999 -9999 -9999 -9999 -9999 -9999 -9999 -9999 -9999 -9999 -9999 -9999 -9999 -9999 -9999 -9999 -9999 -9999 -9999 -9999 -9999
-9999 -9999 -9999 -9999 -9999 -9999 -9999 196.685 205.589 217.709 247.908 246.001 281.858 252.414 242.451 235.553 235.726 248.338 242.404 206.732 198.725 192.79 157.593 147.769 121.216 104.1 97.301 81.552 78.648 -9999 -9999 -9999 -9999 -9999 -9999 -9999 -9999 -9999 -9999 -9999 -9999 -9999 -9999 -9999 -9999 -9999 -9999 -9999 -9999 -9999 -9999 -9999 -9999 -9999 -9999 -9999 -9999 -9999 -9999 -9999 -9999 -9999 -9999 -9999 -9999 -9999 -9999 -9999 -9999 -9999 -9999 -9999 -9999 -9999
152.461 -9999 -9999 -9999 -9999 -9999 -9999 -9999 212.469 230.572 250.848 305.056 293.622 285.855 263.689 268.455 272.631 238.615 199.507 185.635 204.849 190.52 170.188 148.896 112.916 101.185 82.552 82.784 89.473 -9999 -9999 -9999 -9999 -9999 -9999 -9999 -9999 -9999 -9999 -9999 -9999 -9999 -9999 -9999 -9999 -9999 -9999 -9999 -9999 -9999 -9999 -9999 -9999 -9999 -9999 -9999 -9999 -9999 -9999 -9999 -9999 -9999 -9999 -9999 -9999 -9999 -9999 -9999 -9999 -9999 -9999 -9999 -9999 -9999
175.462 -9999 -9999 -9999 -9999 -9999 201.402 211.155 240.479 254.283 274.412 278.403 307.216 292.684 279.874 279.644 247.366 216.907 205.582 178.792 191.119 218.954 175.302 122.983 97.082 87.608 -9999 91.497 -9999 -9999 -9999 -9999 -9999 -9999 91.547 91.571 90.598 -9999 -9999 -9999 -9999 -9999 -9999 -9999 -9999 -9999 -9999 -9999 -9999 -9999 -9999 -9999 -9999 -9999 -9999 -9999 -9999 -9999 -9999 -9999 -9999 -9999 -9999 -9999 -9999 -9999 -9999 -9999 -9999 -9999 -9999 -9999 -9999 -9999
196.465 188.565 -9999 -9999 -9999 -9999 -9999 230.164 253.641 277.269 276.245 296.277 277.457 273.737 263.075 259.855 215.075 194.895 164.639 174.54 204.271 177.046 134.361 110.598 104.798 98.782 91.609 -9999 -9999 -9999 -9999 79.936 77.486 80.584 88.211 91.418 90.167 92.589 96.768 103.569 114.664 116.774 103.185 91.194 91.031 100.445 111.697 115.532 111.903 107.442 103.99 103.469 104.315 -9999 -9999 -9999 -9999 -9999 -9999 -9999 -9999 -9999 -9999 -9999 -9999 -9999 -9999 -9999 -9999 -9999 -9999 -9999 -9999 -9999
233.943 236.768 -9999 -9999 -9999 206.139 -9999 220.609 232.404 270.483 324.757 316.723 273.003 245.683 253.071 229.667 216.216 193.643 184.233 156.17 131.956 135.113 116.554 107.184 111.667 97.778 -9999 -9999 -9999 -9999 85.605 85.547 83.933 92.503 102.853 94.026 95.551 105.636 109.827 125.972 129.553 130.554 115.648 102.77 104.861 107.693 111.615 115.708 116.778 111.999 115.002 119.395 105.512 -9999 -9999 -9999 -9999 -9999 -9999 -9999 -9999 -9999 -9999 -9999 -9999 -9999 -9999 -9999 -9999 -9999 -9999 -9999 -9999 -9999
242.972 243.728 -9999 -9999 -9999 210.346 213.394 214.877 269.95 322.802 332.718 330.141 276.94 268.156 250.495 233.649 209.411 193.943 195.048 162.178 155.278 122.14 102.754 108.519 93.039 -9999 -9999 85.576 85.291 87.267 91.217 96.349 98.134 105.639 112.631 120.323 124.999 119.894 118.505 121.268 123.775 116.592 115.087 119.8 110.213 114.305 114.61 121.985 118.849 116.92 124.776 121.14 110.741 104.988 -9999 -9999 -9999 -9999 -9999 -9999 -9999 -9999 -9999 -9999 -9999 -9999 -9999 -9999 -9999 -9999 -9999 -9999 -9999 -9999
230.344 233.638 -9999 213.757 -9999 199.7 206.343 270.925 319.284 302.551 341.071 326.776 308.693 288.519 269.756 262.493 231.385 216.032 197.519 186.681 148.531 120.556 92.049 84.909 86.678 -9999 103.499 103.651 111.767 100.738 100.002 107.246 118.255 126.189 133.95 140.488 132.338 122.297 126.861 131.009 128.013 119.594 114.962 112.214 121.208 114.702 115.933 122.651 120.842 120.104 109.085 109.717 112.108 106.074 -9999 -9999 -9999 -9999 -9999 -9999 -9999 -9999 -9999 -9999 -9999 -9999 -9999 -9999 -9999 -9999 -9999 -9999 -9999 -9999
230.893 -9999 217.467 -9999 -9999 -9999 269.353 366.423 308.441 296.594 264.355 284.63 286.237 275.19 275.49 258.29 259.215 236.747 213.87 175.061 145.228 113.082 102.748 115.902 102.427 105.597 121.573 134.419 133.506 117.386 112.619 127.267 135.237 144.306 140.034 120.715 119.026 118.736 121.463 132.573 125.442 121.705 114.056 112.646 113.224 114.028 107.165 119.622 121.003 122.447 115.677 119.379 114.754 109.652 -9999 -9999 -9999 -9999 -9999 -9999 -9999 -9999 -9999 -9999 -9999 -9999 -9999 -9999 -9999 -9999 -9999 -9999 -9999 -9999
244.435 228.391 -9999 -9999 -9999 -9999 294.858 294.643 270.378 -9999 272.737 287.544 289.68 268.8 254.254 248.396 223.907 206.436 202.83 181.469 164.59 143.183 142.989 140.363 107.805 121.652 124.43 143.755 156.635 140.245 118.854 117.298 137.645 145.483 119.282 118.858 139.079 126.674 138.297 141.481 129.885 129.01 117.552 118.263 125.932 109.235 111.845 114.334 119.833 118.854 123.797 123.475 111.469 107.115 -9999 -9999 -9999 -9999 -9999 -9999 -9999 -9999 -9999 -9999 -9999 -9999 -9999 -9999 -9999 -9999 -9999 -9999 -9999 -9999
295.106 294.613 -9999 -9999 -9999 239.186 -9999 -9999 230.027 244.175 277.085 312.218 314.998 293.503 285.842 252.441 228.093 198.708 174.954 161.728 156.239 149.591 152.755 110.002 120.378 120.967 146.629 146.075 148.441 152.638 122.957 119.083 125.84 118.886 119.951 142.936 142.694 141.402 142.625 137.499 148.506 132.529 121.435 133.556 120.174 112.04 115.335 123.433 113.16 111.978 114.075 116.695 107.705 -9999 -9999 -9999 -9999 -9999 -9999 -9999 -9999 -9999 -9999 -9999 -9999 -9999 -9999 -9999 -9999 -9999 -9999 -9999 -9999 -9999
352.374 352.997 288.177 244.338 -9999 -9999 -9999 257.917 234.279 -9999 292.309 291.208 298.038 305.353 290.561 282.378 236.633 182.625 171.142 166.743 165.561 152.14 123.428 135.877 129.181 143.473 142.78 136.867 147.396 139.243 112.065 109.121 104.04 114.058 148.525 141.063 149.592 169.244 148.354 148.559 142.601 125.41 127.581 122.345 116.472 109.979 118.622 117.591 116.392 107.332 106.67 105.174 -9999 -9999 -9999 -9999 -9999 -9999 -9999 -9999 -9999 -9999 -9999 -9999 -9999 -9999 -9999 -9999 -9999 -9999 -9999 -9999 -9999 -9999
344.552 343.943 295.89 264.98 -9999 253.952 263.13 265.793 275.867 309.716 301.744 306.085 328.473 332.804 293.981 247.555 231.47 209.537 206.702 201.961 179.897 150.33 139.232 146.637 170.698 167.503 142.67 136.726 133.477 101.784 100.966 108.717 114.238 131.196 116.293 122.68 145.693 161.532 172.339 167.212 163.562 133.421 141.45 131.826 133.8 143.701 119.497 113.658 116.876 113.116 102.753 100.803 -9999 -9999 -9999 -9999 -9999 -9999 -9999 -9999 -9999 -9999 -9999 -9999 -9999 -9999 -9999 -9999 -9999 -9999 -9999 -9999 -9999 -9999
307.745 305.653 277.156 259.852 259.998 253.399 276.822 -9999 272.288 309.993 348.695 379.558 361.0 334.193 287.11 295.457 261.294 233.075 204.642 186.775 173.262 145.016 144.858 179.259 197.219 165.34 152.657 156.382 124.704 126.233 103.937 102.277 107.129 114.084 127.311 129.219 152.954 180.462 165.463 153.085 142.182 128.126 120.338 116.472 123.535 114.204 106.547 110.554 112.648 108.708 104.405 -9999 -9999 -9999 -9999 -9999 -9999 -9999 -9999 -9999 -9999 -9999 -9999 -9999 -9999 -9999 -9999 -9999 -9999 -9999 -9999 -9999 -9999 -9999
297.806 -9999 -9999 -9999 234.166 263.25 -9999 271.099 309.669 370.098 403.371 382.343 395.526 361.653 342.311 311.409 251.273 200.489 203.861 209.546 167.393 162.764 183.677 216.393 217.274 204.437 201.16 158.267 159.301 129.858 117.767 143.333 129.262 154.001 149.418 155.659 169.285 161.738 133.994 127.21 122.09 132.926 132.051 114.763 119.325 114.943 109.846 111.798 114.499 111.073 101.871 -9999 -9999 -9999 -9999 -9999 -9999 -9999 -9999 -9999 -9999 -9999 -9999 -9999 -9999 -9999 -9999 -9999 -9999 -9999 -9999 -9999 -9999 -9999
-9999 -9999 -9999 197.809 243.788 -9999 250.896 281.677 -9999 360.595 354.544 395.664 392.867 389.963 344.932 300.983 277.07 251.667 214.137 183.39 199.204 199.683 219.765 251.188 250.0 231.781 192.943 153.278 124.8 116.519 145.22 155.33 175.64 181.732 167.393 153.883 160.76 147.418 141.839 126.82 127.204 136.175 121.812 123.098 127.36 117.546 116.858 114.512 125.867 116.961 101.381 -9999 -9999 -9999 -9999 -9999 -9999 -9999 -9999 -9999 -9999 -9999 -9999 -9999 -9999 -9999 -9999 -9999 -9999 -9999 -9999 -9999 -9999 -9999
-9999 -9999 -9999 191.114 -9999 -9999 261.507 297.606 348.935 348.739 383.197 391.414 357.23 330.738 308.68 265.739 235.774 212.731 214.051 240.552 250.306 252.17 264.774 266.765 246.829 199.299 137.25 114.753 128.881 166.343 190.772 245.905 250.779 216.771 194.797 190.809 165.459 150.238 135.913 127.014 116.046 116.465 117.583 120.354 134.182 154.078 129.109 124.987 118.677 108.989 101.615 -9999 -9999 -9999 -9999 -9999 -9999 -9999 -9999 -9999 -9999 -9999 -9999 -9999 -9999 -9999 -9999 -9999 -9999 -9999 -9999 -9999 -9999 -9999
-9999 -9999 -9999 -9999 -9999 -9999 -9999 336.929 395.301 383.113 395.922 387.004 349.049 351.576 312.657 277.895 265.639 268.73 276.786 269.948 271.258 244.342 229.629 224.346 210.225 158.452 119.892 128.113 154.989 190.113 243.703 239.006 240.76 218.35 207.657 183.494 160.883 149.872 139.617 115.673 105.897 114.426 107.513 116.207 139.381 126.602 117.757 119.793 122.505 115.615 -9999 -9999 -9999 -9999 -9999 -9999 -9999 -9999 -9999 -9999 -9999 -9999 -9999 -9999 -9999 -9999 -9999 -9999 -9999 -9999 -9999 -9999 -9999 -9999
-9999 -9999 -9999 -9999 -9999 217.718 256.163 -9999 414.698 404.323 407.174 357.889 335.914 317.949 307.751 326.534 326.437 299.214 261.663 262.42 247.476 233.18 197.234 183.6 160.969 133.998 155.568 163.276 182.187 217.093 217.112 221.548 180.045 178.243 165.669 132.977 134.7 147.486 156.325 150.5 140.629 139.042 152.366 139.236 119.589 127.587 140.574 142.456 127.924 113.371 -9999 -9999 -9999 -9999 -9999 -9999 -9999 -9999 -9999 -9999 -9999 -9999 -9999 -9999 -9999 -9999 -9999 -9999 -9999 -9999 -9999 -9999 -9999 -9999
-9999 -9999 -9999 -9999 211.183 212.875 274.993 337.072 400.835 419.624 402.507 377.756 326.609 290.623 299.733 295.245 291.737 305.015 290.384 295.173 284.963 201.03 197.61 179.319 166.142 169.485 192.968 191.969 201.096 196.765 205.556 182.557 167.334 167.134 180.619 179.304 186.997 180.277 172.546 198.476 212.247 204.28 187.4 165.248 167.372 163.268 154.492 138.026 120.236 -9999 -9999 -9999 -9999 -9999 -9999 -9999 -9999 -9999 -9999 -9999 -9999 -9999 -9999 -9999 -9999 -9999 -9999 -9999 -9999 -9999 -9999 -9999 -9999 -9999
-9999 -9999 -9999 -9999 206.342 -9999 266.063 305.175 353.89 407.41 397.734 314.547 294.482 302.311 262.403 254.409 263.503 265.543 279.024 268.312 216.111 226.897 250.811 224.564 201.25 243.615 231.864 229.954 225.016 227.419 219.368 204.571 190.403 208.378 213.431 224.963 232.256 186.099 211.051 218.244 182.693 189.211 198.296 182.648 173.255 155.601 129.128 124.94 118.03 -9999 -9999 -9999 -9999 -9999 -9999 -9999 -9999 -9999 -9999 -9999 -9999 -9999 -9999 -9999 -9999 -9999 -9999 -9999 -9999 -9999 -9999 -9999 -9999 -9999
-9999 -9999 -9999 -9999 -9999 -9999 291.015 321.931 335.469 371.093 324.018 267.176 271.188 253.099 240.507 241.122 248.481 270.938 245.679 254.76 250.022 280.748 262.35 220.232 237.785 258.505 242.905 239.187 218.027 231.998 211.914 205.072 243.371 243.001 241.767 269.304 258.18 258.918 253.868 223.517 200.651 188.314 168.223 167.857 164.921 139.708 120.363 116.879 110.275 -9999 -9999 -9999 -9999 -9999 -9999 -9999 -9999 -9999 -9999 -9999 -9999 -9999 -9999 -9999 -9999 -9999 -9999 -9999 -9999 -9999 -9999 -9999 -9999 -9999
-9999 -9999 -9999 -9999 241.102 257.328 288.471 300.874 314.513 343.145 297.967 303.978 307.199 -9999 286.745 347.997 354.366 323.821 304.34 313.237 305.631 300.244 281.049 258.492 248.556 230.945 216.438 188.518 187.134 207.133 193.113 228.467 218.639 222.854 217.271 236.784 257.226 244.033 211.778 216.714 202.881 172.576 177.097 150.31 134.654 120.872 115.543 120.732 93.15 -9999 -9999 -9999 -9999 -9999 -9999 -9999 -9999 -9999 -9999 -9999 -9999 -9999 -9999 -9999 -9999 -9999 -9999 -9999 -9999 -9999 -9999 -9999 -9999 -9999
226.784 197.329 211.357 234.766 -9999 253.646 279.601 295.929 310.905 322.223 325.561 324.521 -9999 320.79 367.238 379.698 409.209 357.913 323.802 296.256 307.034 291.903 278.203 251.871 221.277 198.15 180.395 149.809 164.808 161.255 193.525 197.497 201.755 193.824 178.086 198.244 202.922 190.171 196.48 195.247 179.336 168.109 131.185 115.914 104.953 110.027 121.249 98.909 -9999 -9999 -9999 -9999 -9999 -9999 -9999 -9999 -9999 -9999 -9999 -9999 -9999 -9999 -9999 -9999 -9999 -9999 -9999 -9999 -9999 -9999 -9999 -9999 -9999 -9999
197.806 205.543 226.196 254.448 262.542 -9999 275.695 287.239 291.13 316.363 312.695 293.859 287.756 335.096 353.902 368.136 392.406 354.375 321.185 292.17 271.224 236.29 225.854 202.778 190.162 197.231 158.042 154.993 142.185 150.249 163.198 185.712 169.361 147.157 161.879 184.954 173.67 170.274 159.693 168.206 150.213 121.698 110.803 106.512 106.976 106.662 -9999 -9999 -9999 -9999 -9999 -9999 -9999 -9999 -9999 -9999 -9999 -9999 -9999 -9999 -9999 -9999 -9999 -9999 -9999 -9999 -9999 -9999 -9999 -9999 -9999 -9999 -9999 -9999
-9999 -9999 -9999 250.915 -9999 277.697 290.322 300.477 334.055 335.014 -9999 -9999 325.975 333.882 344.913 386.68 361.967 343.673 306.622 278.792 210.819 189.047 172.054 165.652 168.94 162.741 172.502 150.595 152.355 141.494 148.186 157.059 148.941 140.346 156.861 161.915 156.034 140.387 140.711 132.77 119.22 107.452 99.782 106.871 100.046 -9999 -9999 -9999 -9999 -9999 -9999 -9999 -9999 -9999 -9999 -9999 -9999 -9999 -9999 -9999 -9999 -9999 -9999 -9999 -9999 -9999 -9999 -9999 -9999 -9999 -9999 -9999 -9999 -9999
216.509 231.762 -9999 255.658 284.071 271.297 292.005 326.657 347.487 -9999 -9999 326.731 369.878 382.372 392.354 359.081 355.614 329.038 293.461 247.996 221.607 207.629 212.423 197.215 205.52 233.371 199.828 166.141 151.902 129.115 133.056 130.516 141.6 146.457 145.5 141.09 131.251 115.305 109.858 105.823 104.474 95.122 96.875 99.819 99.565 97.284 -9999 -9999 -9999 -9999 -9999 -9999 -9999 -9999 -9999 -9999 -9999 -9999 -9999 -9999 -9999 -9999 -9999 -9999 -9999 -9999 -9999 -9999 -9999 -9999 -9999 -9999 -9999 -9999
