Validation/Results/ReClimate_11_2023_2weatherlogisticsltd.asc
NCOLS 192
NROWS 249
XLLCENTER -225160.85627316462
YLLCENTER 29788.11610251502
CELLSIZE 5000.0
NODATA_VALUE -9999
[rows 165 to 197 of 249, columns 75 to 149 of 192]
-9999 -9999 -9999 -9999 -9999 -9999 -9999 -9999 -9999 -9999 -9999 -9999 -9999 -9999 -9999 -9999 -9999 -9999 -9999 -9999 -9999 -9999 -9999 -9999 -9999 -9999 -9999 -9999 -9999 -9999 -9999 -9999 -9999 -9999 -9999 -9999 -9999 98.359 98.324 98.284 98.338 98.382 98.426 98.479 98.576 98.71 98.89 99.052 99.197 99.328 99.449 99.563 99.672 99.78 99.891 100.006 100.124 100.244 100.367 100.493 100.615 100.736 100.854 100.97 101.083 101.177 101.261 101.341 101.416 101.487 101.552 101.614 101.68 101.781 -9999
-9999 -9999 -9999 -9999 -9999 -9999 -9999 -9999 -9999 -9999 -9999 -9999 -9999 -9999 -9999 -9999 -9999 -9999 -9999 -9999 -9999 -9999 -9999 -9999 -9999 -9999 -9999 -9999 -9999 -9999 -9999 -9999 -9999 -9999 -9999 -9999 -9999 98.341 98.281 98.271 98.266 98.29 98.341 98.392 98.448 98.54 98.677 98.842 98.99 99.124 99.247 99.361 99.47 99.577 99.684 99.792 99.902 100.014 100.129 100.242 100.355 100.465 100.574 100.682 100.789 100.889 100.971 101.044 101.112 101.174 101.23 101.309 101.409 101.522 101.66
-9999 -9999 -9999 -9999 -9999 -9999 -9999 -9999 -9999 -9999 -9999 -9999 -9999 -9999 -9999 -9999 -9999 -9999 -9999 -9999 -9999 -9999 -9999 -9999 -9999 -9999 -9999 -9999 -9999 -9999 -9999 -9999 -9999 -9999 -9999 -9999 98.435 98.387 98.343 98.299 98.27 98.26 98.272 98.312 98.355 98.411 98.498 98.634 98.785 98.921 99.045 99.161 99.269 99.374 99.476 99.578 99.681 99.785 99.89 99.995 100.099 100.202 100.304 100.405 100.503 100.599 100.683 100.751 100.811 100.883 100.973 101.075 101.2 101.333 101.473
-9999 -9999 -9999 -9999 -9999 -9999 -9999 -9999 -9999 -9999 -9999 -9999 -9999 -9999 -9999 -9999 -9999 -9999 -9999 -9999 -9999 -9999 -9999 -9999 -9999 -9999 -9999 -9999 -9999 -9999 -9999 -9999 -9999 -9999 -9999 -9999 98.5 98.455 98.408 98.362 98.32 98.286 98.283 98.288 98.294 98.315 98.372 98.456 98.58 98.718 98.844 98.96 99.068 99.17 99.268 99.365 99.459 99.555 99.653 99.751 99.85 99.947 100.043 100.136 100.226 100.312 100.394 100.48 100.581 100.688 100.805 100.928 101.057 101.189 101.326
-9999 -9999 -9999 -9999 -9999 -9999 -9999 -9999 -9999 -9999 -9999 -9999 -9999 -9999 -9999 -9999 -9999 -9999 -9999 -9999 -9999 -9999 -9999 -9999 -9999 -9999 -9999 -9999 -9999 -9999 -9999 -9999 -9999 -9999 -9999 -9999 -9999 98.491 98.446 98.427 98.383 98.351 98.333 98.316 98.308 98.308 98.31 98.34 98.407 98.514 98.641 98.757 98.865 98.965 99.059 99.147 99.235 99.324 99.417 99.512 99.607 99.699 99.789 99.874 99.968 100.072 100.192 100.315 100.438 100.564 100.689 100.814 100.939 101.067 101.198
-9999 -9999 -9999 -9999 -9999 -9999 -9999 -9999 -9999 -9999 -9999 -9999 -9999 -9999 -9999 -9999 -9999 100.042 99.981 -9999 -9999 -9999 -9999 -9999 -9999 -9999 -9999 -9999 -9999 -9999 -9999 -9999 -9999 -9999 -9999 -9999 98.603 98.54 98.461 98.488 98.446 98.418 98.397 98.377 98.359 98.342 98.332 98.333 98.355 98.396 98.457 98.56 98.66 98.757 98.847 98.93 99.01 99.094 99.185 99.282 99.384 99.487 99.588 99.688 99.803 99.932 100.065 100.208 100.342 100.467 100.589 100.71 100.831 100.954 101.08
-9999 -9999 -9999 -9999 -9999 -9999 -9999 -9999 -9999 -9999 -9999 -9999 -9999 -9999 -9999 -9999 -9999 100.04 99.983 99.931 -9999 -9999 -9999 -9999 -9999 -9999 -9999 -9999 -9999 -9999 -9999 -9999 -9999 -9999 -9999 98.731 98.685 98.6 98.592 98.547 98.508 98.481 98.46 98.439 98.418 98.399 98.385 98.379 98.376 98.381 98.406 98.445 98.534 98.622 98.704 98.782 98.854 98.937 99.033 99.134 99.237 99.34 99.452 99.577 99.705 99.842 99.979 100.117 100.253 100.378 100.496 100.614 100.731 100.849 100.97
-9999 -9999 -9999 -9999 -9999 -9999 -9999 -9999 -9999 -9999 -9999 -9999 -9999 -9999 -9999 -9999 100.079 100.032 99.98 99.931 99.886 -9999 -9999 -9999 -9999 -9999 -9999 -9999 -9999 -9999 -9999 -9999 98.973 -9999 -9999 98.792 98.742 98.694 98.649 98.604 -9999 98.541 98.52 98.499 98.477 98.456 98.439 98.429 98.426 98.422 98.419 98.417 98.456 98.528 98.607 98.682 98.756 98.834 98.927 99.026 99.125 99.242 99.368 99.499 99.633 99.767 99.9 100.034 100.168 100.294 100.41 100.524 100.637 100.751 100.868
-9999 -9999 -9999 -9999 -9999 -9999 -9999 -9999 -9999 -9999 -9999 -9999 -9999 -9999 -9999 -9999 100.071 100.028 99.977 99.931 99.705 99.156 99.299 -9999 -9999 -9999 99.683 99.33 -9999 99.198 99.18 99.018 98.893 98.831 -9999 -9999 98.633 98.748 -9999 -9999 98.623 98.598 98.577 98.555 98.534 98.513 98.492 98.48 98.473 98.471 98.47 98.468 98.467 98.477 98.523 98.593 98.67 98.749 98.835 98.931 99.046 99.17 99.303 99.435 99.566 99.696 99.826 99.956 100.087 100.215 100.33 100.44 100.549 100.659 100.771
-9999 -9999 -9999 -9999 -9999 -9999 -9999 -9999 -9999 -9999 -9999 -9999 -9999 -9999 -9999 -9999 -9999 100.023 99.975 99.931 99.457 98.963 -9999 -9999 99.881 99.882 99.646 99.476 99.355 99.301 99.187 99.064 98.942 98.738 98.819 -9999 98.786 98.798 98.755 98.714 98.681 98.658 98.637 98.616 98.593 98.57 98.547 98.532 98.524 98.519 98.519 98.519 98.519 98.521 98.524 98.543 98.589 98.661 98.751 98.862 98.984 99.115 99.245 99.374 99.502 99.629 99.756 99.883 100.011 100.139 100.255 100.361 100.466 100.572 100.68
-9999 -9999 -9999 -9999 -9999 -9999 -9999 -9999 -9999 -9999 -9999 -9999 -9999 -9999 -9999 -9999 -9999 100.019 99.973 99.931 99.455 98.836 98.805 98.341 98.612 99.618 99.562 99.593 99.48 99.378 99.066 98.399 98.443 98.916 98.979 98.866 98.88 98.866 98.827 98.789 98.757 98.735 98.714 98.692 98.669 98.645 98.622 98.605 98.592 98.581 98.573 98.569 98.571 98.575 98.581 98.589 98.601 98.637 98.704 98.807 98.934 99.062 99.189 99.314 99.439 99.563 99.687 99.812 99.938 100.065 100.182 100.286 100.386 100.488 100.596
-9999 -9999 -9999 -9999 -9999 -9999 -9999 -9999 -9999 -9999 -9999 -9999 -9999 -9999 -9999 -9999 -9999 -9999 99.973 99.931 99.569 99.372 99.134 99.098 99.651 99.737 99.74 99.632 99.538 99.432 99.033 98.976 99.188 99.1 98.998 98.974 98.959 98.943 98.905 98.868 98.837 98.814 98.793 98.771 98.748 98.724 98.702 98.685 98.67 98.656 98.643 98.636 98.633 98.632 98.637 98.648 98.669 98.715 98.779 98.856 98.949 99.046 99.145 99.256 99.376 99.497 99.619 99.741 99.863 99.987 100.106 100.209 100.306 100.416 100.571
-9999 -9999 -9999 -9999 -9999 -9999 -9999 -9999 -9999 -9999 -9999 -9999 -9999 -9999 -9999 -9999 -9999 -9999 -9999 -9999 99.455 98.309 98.373 98.612 98.938 99.719 99.681 99.641 99.442 98.996 98.939 98.935 98.946 99.181 99.136 99.09 99.058 99.016 98.979 98.942 98.911 98.889 98.867 98.846 98.823 98.8 98.779 98.763 98.749 98.735 98.723 98.713 98.709 98.707 98.705 98.713 98.752 98.813 98.888 98.966 99.047 99.131 99.219 99.311 99.412 99.519 99.63 99.745 99.866 99.992 100.122 100.246 100.367 100.503 100.689
-9999 -9999 -9999 -9999 -9999 -9999 -9999 -9999 -9999 -9999 -9999 -9999 -9999 -9999 -9999 -9999 -9999 -9999 -9999 99.934 99.197 98.78 98.962 99.209 99.635 99.644 99.636 99.625 99.352 99.165 99.129 99.078 99.213 99.277 99.226 99.177 99.131 99.088 99.049 99.013 98.982 98.959 98.938 98.917 98.895 98.873 98.853 98.838 98.825 98.812 98.8 98.789 98.785 98.785 98.787 98.814 98.86 98.925 98.998 99.078 99.159 99.244 99.331 99.423 99.518 99.619 99.725 99.838 99.959 100.088 100.226 100.363 100.499 100.667 100.878
-9999 -9999 -9999 -9999 -9999 -9999 -9999 -9999 -9999 -9999 -9999 -9999 -9999 -9999 -9999 -9999 -9999 -9999 99.972 99.59 99.386 99.207 99.553 100.291 100.035 99.394 99.032 97.95 98.122 98.801 98.927 99.396 99.4 99.347 99.296 99.248 99.202 99.158 99.118 99.08 99.05 99.026 99.005 98.984 98.963 98.942 98.923 98.91 98.898 98.886 98.875 98.868 98.864 98.865 98.886 98.926 98.986 99.049 99.115 99.19 99.271 99.356 99.443 99.534 99.63 99.731 99.838 99.953 100.076 100.21 100.355 100.504 100.65 100.84 101.077
-9999 -9999 -9999 -9999 -9999 -9999 -9999 -9999 -9999 -9999 -9999 -9999 -9999 -9999 -9999 -9999 -9999 100.005 99.783 99.586 99.119 98.447 98.753 98.593 98.399 98.974 98.436 98.574 99.029 99.225 99.495 99.524 99.467 99.412 99.359 99.315 99.269 99.226 99.185 99.146 99.114 99.09 99.07 99.05 99.029 99.008 98.991 98.979 98.969 98.96 98.953 98.947 98.942 98.952 98.987 99.043 99.106 99.171 99.239 99.308 99.382 99.465 99.552 99.644 99.74 99.842 99.951 100.068 100.195 100.333 100.486 100.646 100.817 101.025 101.281
-9999 -9999 -9999 -9999 -9999 -9999 -9999 -9999 -9999 -9999 -9999 -9999 -9999 -9999 -9999 100.056 100.03 100.008 99.786 99.336 99.094 99.395 99.195 98.818 99.076 99.028 99.109 99.154 99.381 99.644 99.365 98.542 98.771 99.475 99.427 99.379 99.334 99.291 99.25 99.211 99.177 99.152 99.132 99.112 99.092 99.072 99.058 99.05 99.042 99.035 99.028 99.024 99.02 99.043 99.091 99.154 99.219 99.286 99.355 99.427 99.5 99.575 99.66 99.751 99.848 99.952 100.064 100.185 100.316 100.46 100.62 100.79 100.983 101.214 101.485
-9999 -9999 -9999 -9999 -9999 -9999 -9999 -9999 -9999 -9999 -9999 -9999 -9999 -9999 100.054 100.052 100.029 100.008 -9999 -9999 -9999 -9999 99.488 99.103 99.092 99.243 99.183 98.967 99.271 99.705 99.194 98.979 99.396 99.539 99.489 99.442 99.397 99.354 99.314 99.275 99.239 99.211 99.192 99.172 99.153 99.137 99.127 99.119 99.112 99.106 99.101 99.097 99.106 99.137 99.195 99.259 99.325 99.394 99.466 99.54 99.615 99.691 99.769 99.858 99.956 100.063 100.178 100.303 100.44 100.59 100.758 100.94 101.152 101.403 101.683
-9999 -9999 -9999 -9999 -9999 -9999 -9999 -9999 -9999 -9999 -9999 -9999 -9999 -9999 100.05 99.996 100.002 -9999 -9999 -9999 -9999 -9999 99.217 98.98 99.156 99.573 99.356 99.118 99.373 99.418 99.383 99.585 99.648 99.601 99.55 99.503 99.458 99.416 99.375 99.337 99.3 99.271 99.25 99.232 99.216 99.203 99.194 99.187 99.18 99.174 99.17 99.167 99.189 99.235 99.294 99.359 99.426 99.496 99.57 99.647 99.725 99.801 99.88 99.966 100.064 100.174 100.293 100.424 100.567 100.726 100.903 101.103 101.331 101.597 101.861
-9999 -9999 -9999 -9999 -9999 -9999 -9999 -9999 -9999 -9999 -9999 -9999 -9999 -9999 -9999 -9999 99.997 -9999 -9999 -9999 -9999 -9999 99.676 98.887 99.136 99.224 99.1 99.233 99.325 99.597 99.723 99.722 99.685 99.646 99.604 99.557 99.513 99.472 99.433 99.395 99.359 99.33 99.308 99.292 99.277 99.266 99.259 99.252 99.246 99.241 99.237 99.245 99.275 99.33 99.389 99.453 99.522 99.593 99.667 99.745 99.825 99.904 99.986 100.075 100.174 100.284 100.405 100.537 100.683 100.845 101.027 101.24 101.482 101.736 101.976
-9999 -9999 -9999 -9999 -9999 -9999 -9999 -9999 -9999 -9999 -9999 -9999 -9999 -9999 -9999 -9999 -9999 -9999 -9999 -9999 -9999 -9999 99.786 99.603 99.654 99.623 99.587 99.273 99.503 99.757 99.759 99.745 99.712 99.679 99.644 99.607 99.564 99.524 99.486 99.45 99.415 99.386 99.364 99.349 99.337 99.329 99.322 99.315 99.31 99.305 99.302 99.321 99.364 99.42 99.48 99.544 99.613 99.685 99.76 99.838 99.919 100.0 100.084 100.174 100.273 100.383 100.506 100.641 100.789 100.955 101.141 101.362 101.594 101.824 102.041
-9999 -9999 -9999 -9999 -9999 -9999 -9999 -9999 -9999 -9999 -9999 -9999 -9999 -9999 -9999 -9999 -9999 -9999 -9999 -9999 -9999 -9999 -9999 99.866 99.831 99.872 99.674 99.577 99.706 99.678 99.701 99.765 99.736 99.706 99.677 99.645 99.613 99.575 99.538 99.502 99.471 99.442 99.419 99.404 99.394 99.388 99.383 99.378 99.373 99.369 99.368 99.398 99.451 99.508 99.568 99.633 99.702 99.774 99.85 99.927 100.006 100.087 100.173 100.265 100.366 100.478 100.602 100.741 100.893 101.063 101.25 101.458 101.682 101.888 102.088
-9999 -9999 -9999 -9999 -9999 -9999 -9999 -9999 -9999 -9999 -9999 -9999 -9999 -9999 -9999 -9999 -9999 -9999 -9999 -9999 -9999 -9999 99.811 99.786 99.822 99.885 99.844 99.892 99.837 99.729 99.77 99.779 99.759 99.73 99.703 99.677 99.649 99.62 99.589 99.556 99.526 99.498 99.474 99.457 99.449 99.444 99.44 99.437 99.434 99.432 99.443 99.478 99.535 99.593 99.654 99.719 99.789 99.861 99.934 100.01 100.088 100.17 100.257 100.352 100.455 100.57 100.698 100.841 100.998 101.162 101.335 101.536 101.745 101.941 102.131
-9999 -9999 -9999 -9999 -9999 -9999 -9999 -9999 -9999 -9999 -9999 -9999 -9999 -9999 -9999 -9999 -9999 -9999 -9999 -9999 -9999 -9999 99.805 99.75 99.775 99.795 99.767 99.626 99.568 99.579 99.638 99.791 99.777 99.754 99.728 99.703 99.679 99.655 99.631 99.607 99.581 99.554 99.529 99.512 99.504 99.499 99.496 99.493 99.492 99.491 99.514 99.56 99.617 99.676 99.739 99.804 99.871 99.942 100.014 100.088 100.167 100.25 100.34 100.437 100.543 100.66 100.792 100.935 101.083 101.239 101.406 101.601 101.801 101.986 102.172
-9999 -9999 -9999 -9999 -9999 -9999 -9999 -9999 -9999 -9999 -9999 -9999 -9999 -9999 -9999 -9999 -9999 -9999 -9999 -9999 -9999 -9999 99.936 99.864 99.865 99.849 99.665 99.365 99.458 99.714 99.795 99.799 99.79 99.776 99.714 99.581 99.598 99.685 99.666 99.646 99.626 99.607 99.585 99.569 99.558 99.554 99.551 99.549 99.548 99.55 99.581 99.638 99.698 99.759 99.82 99.884 99.95 100.019 100.09 100.166 100.245 100.33 100.421 100.52 100.629 100.745 100.867 101.002 101.15 101.303 101.47 101.655 101.847 102.026 102.211
-9999 -9999 -9999 -9999 -9999 -9999 -9999 -9999 -9999 -9999 -9999 -9999 -9999 -9999 -9999 -9999 -9999 -9999 -9999 -9999 -9999 -9999 -9999 99.92 99.903 99.886 99.713 99.682 99.817 99.803 99.804 99.805 99.8 99.791 99.69 99.591 99.664 99.713 99.695 99.678 99.662 99.646 99.631 99.62 99.613 99.608 99.605 99.604 99.603 99.609 99.647 99.71 99.775 99.837 99.898 99.96 100.026 100.094 100.166 100.242 100.322 100.408 100.5 100.594 100.695 100.805 100.925 101.056 101.203 101.363 101.529 101.704 101.884 102.063 102.247
-9999 -9999 -9999 -9999 -9999 -9999 -9999 -9999 -9999 -9999 -9999 -9999 -9999 -9999 -9999 -9999 -9999 -9999 -9999 -9999 -9999 -9999 -9999 99.869 99.788 99.623 99.504 99.392 99.525 99.81 99.797 99.744 99.758 99.802 99.749 99.743 99.759 99.741 99.724 99.708 99.693 99.68 99.669 99.66 99.653 99.651 99.652 99.655 99.658 99.67 99.715 99.778 99.841 99.908 99.972 100.035 100.1 100.169 100.24 100.313 100.389 100.469 100.555 100.648 100.746 100.853 100.972 101.104 101.254 101.418 101.578 101.743 101.917 102.095 102.279
-9999 -9999 -9999 -9999 -9999 -9999 -9999 -9999 -9999 -9999 -9999 -9999 -9999 -9999 -9999 -9999 -9999 -9999 -9999 -9999 -9999 -9999 99.897 99.822 99.638 99.519 99.376 99.276 99.528 99.811 99.786 99.796 99.816 99.808 99.805 99.797 99.786 99.768 99.752 99.737 99.723 99.713 99.703 99.694 99.687 99.685 99.687 99.691 99.696 99.715 99.766 99.829 99.892 99.957 100.026 100.093 100.157 100.223 100.291 100.363 100.436 100.515 100.599 100.69 100.788 100.897 101.017 101.151 101.301 101.461 101.617 101.772 101.944 102.123 102.308
-9999 -9999 -9999 -9999 -9999 -9999 -9999 -9999 -9999 -9999 -9999 -9999 -9999 -9999 -9999 -9999 -9999 -9999 -9999 -9999 -9999 -9999 99.857 99.844 99.801 99.779 99.675 99.569 99.736 99.785 99.804 99.825 99.776 99.664 99.705 99.81 99.805 99.796 99.78 99.766 99.755 99.745 99.736 99.728 99.72 99.716 99.716 99.72 99.726 99.749 99.803 99.863 99.925 99.99 100.058 100.129 100.199 100.265 100.332 100.402 100.476 100.554 100.639 100.73 100.83 100.939 101.06 101.195 101.338 101.495 101.645 101.795 101.965 102.144 102.331
-9999 -9999 -9999 -9999 -9999 -9999 -9999 -9999 -9999 -9999 -9999 -9999 -9999 -9999 -9999 -9999 -9999 -9999 -9999 -9999 -9999 -9999 99.88 99.885 99.88 99.876 99.769 99.628 99.691 99.818 99.833 99.824 99.702 99.539 99.656 99.817 99.818 99.814 99.808 99.795 99.785 99.775 99.767 99.76 99.753 99.748 99.748 99.749 99.754 99.779 99.832 99.891 99.953 100.017 100.084 100.155 100.23 100.302 100.369 100.439 100.513 100.592 100.677 100.769 100.869 100.979 101.1 101.229 101.368 101.521 101.668 101.812 101.978 102.159 102.347
-9999 -9999 -9999 -9999 -9999 -9999 -9999 -9999 -9999 -9999 -9999 -9999 -9999 -9999 -9999 -9999 -9999 -9999 -9999 -9999 -9999 99.85 99.867 99.868 99.864 99.86 99.784 99.777 99.839 99.836 99.829 99.823 99.652 99.421 99.57 99.819 99.82 99.821 99.819 99.817 99.809 99.8 99.793 99.786 99.78 99.776 99.774 99.776 99.779 99.803 99.858 99.917 99.978 100.041 100.108 100.179 100.254 100.333 100.405 100.475 100.549 100.628 100.713 100.806 100.907 101.016 101.131 101.255 101.391 101.536 101.679 101.82 101.984 102.165 102.352
-9999 -9999 -9999 -9999 -9999 -9999 -9999 -9999 -9999 -9999 -9999 -9999 -9999 -9999 -9999 -9999 -9999 -9999 -9999 -9999 99.845 99.843 99.848 99.851 99.847 99.844 99.84 99.835 99.831 99.828 99.821 99.808 99.544 99.105 99.335 99.812 99.816 99.82 99.824 99.826 99.826 99.823 99.816 99.81 99.804 99.8 99.799 99.799 99.797 99.821 99.877 99.937 100.0 100.064 100.131 100.201 100.276 100.355 100.437 100.51 100.584 100.663 100.749 100.841 100.939 101.042 101.154 101.275 101.411 101.547 101.68 101.819 101.981 102.161 102.32
-9999 -9999 -9999 -9999 -9999 -9999 -9999 -9999 -9999 -9999 -9999 -9999 -9999 -9999 -9999 -9999 -9999 -9999 99.853 99.843 99.815 99.839 99.811 99.731 99.732 99.735 99.698 99.647 99.634 99.825 99.822 99.814 99.586 99.542 99.796 99.802 99.809 99.816 99.823 99.829 99.833 99.836 99.837 99.833 99.828 99.825 99.823 99.819 99.815 99.836 99.889 99.95 100.013 100.079 100.147 100.218 100.291 100.368 100.451 100.533 100.609 100.688 100.774 100.863 100.96 101.062 101.171 101.292 101.423 101.552 101.676 101.81 101.959 102.108 102.251
