Validation/Results/ReClimate_08_2024_2_Temperatureweatherlogisticsltd.asc
NCOLS 192
NROWS 249
XLLCENTER -225160.85627316462
YLLCENTER 29788.11610251502
CELLSIZE 5000.0
NODATA_VALUE -9999
[rows 68 to 101 of 249, columns 75 to 149 of 192]
-9999 -9999 -9999 -9999 -9999 -9999 -9999 -9999 -9999 -9999 -9999 -0.918 -0.946 -0.978 -1.001 -1.023 -1.047 -1.07 -1.073 -1.073 -1.086 -1.099 -1.109 -1.117 -1.127 -1.136 -1.151 -1.166 -1.173 -9999 -9999 -9999 -9999 -9999 -9999 -9999 -9999 -9999 -9999 -9999 -9999 -9999 -9999 -9999 -9999 -9999 -9999 -9999 -9999 -9999 -9999 -9999 -9999 -9999 -9999 -9999 -9999 -9999 -9999 -9999 -9999 -9999 -9999 -9999 -9999 -9999 -9999 -9999 -9999 -9999 -9999 -9999 -9999 -9999 -9999
-9999 -9999 -9999 -9999 -9999 -9999 -9999 -9999 -9999 -9999 -9999 -9999 -9999 -0.99 -1.012 -1.032 -1.051 -1.063 -1.069 -1.079 -1.094 -1.11 -1.12 -1.127 -1.135 -1.141 -1.153 -9999 -9999 -9999 -9999 -9999 -9999 -9999 -9999 -9999 -9999 -9999 -9999 -9999 -9999 -9999 -9999 -9999 -9999 -9999 -9999 -9999 -9999 -9999 -9999 -9999 -9999 -9999 -9999 -9999 -9999 -9999 -9999 -9999 -9999 -9999 -9999 -9999 -9999 -9999 -9999 -9999 -9999 -9999 -9999 -9999 -9999 -9999 -9999
-9999 -9999 -9999 -9999 -9999 -9999 -9999 -0.876 -9999 -9999 -0.928 -0.938 -0.967 -0.998 -1.018 -1.038 -1.051 -1.063 -1.073 -1.083 -1.099 -1.116 -1.124 -1.131 -1.138 -1.144 -1.152 -9999 -9999 -9999 -9999 -9999 -9999 -9999 -9999 -9999 -9999 -9999 -9999 -9999 -9999 -9999 -9999 -9999 -9999 -9999 -9999 -9999 -9999 -9999 -9999 -9999 -9999 -9999 -9999 -9999 -9999 -9999 -9999 -9999 -9999 -9999 -9999 -9999 -9999 -9999 -9999 -9999 -9999 -9999 -9999 -9999 -9999 -9999 -9999
-9999 -9999 -9999 -9999 -9999 -0.85 -0.867 -0.879 -0.9 -0.919 -0.936 -0.96 -0.985 -1.0 -1.02 -1.036 -1.051 -1.065 -1.08 -1.097 -1.112 -1.122 -1.132 -1.142 -1.15 -1.157 -1.161 -9999 -9999 -9999 -9999 -9999 -9999 -9999 -9999 -9999 -9999 -9999 -9999 -9999 -9999 -9999 -9999 -9999 -9999 -9999 -9999 -9999 -9999 -9999 -9999 -9999 -9999 -9999 -9999 -9999 -9999 -9999 -9999 -9999 -9999 -9999 -9999 -9999 -9999 -9999 -9999 -9999 -9999 -9999 -9999 -9999 -9999 -9999 -9999
-9999 -9999 -9999 -9999 -9999 -0.862 -0.869 -9999 -0.903 -0.922 -0.946 -0.972 -0.989 -1.005 -1.022 -1.038 -1.054 -1.068 -1.087 -1.104 -1.116 -1.125 -1.137 -1.147 -1.155 -1.162 -9999 -1.149 -9999 -9999 -9999 -9999 -9999 -9999 -9999 -9999 -9999 -9999 -9999 -9999 -9999 -9999 -9999 -9999 -9999 -9999 -9999 -9999 -9999 -9999 -9999 -9999 -9999 -9999 -9999 -9999 -9999 -9999 -9999 -9999 -9999 -9999 -9999 -9999 -9999 -9999 -9999 -9999 -9999 -9999 -9999 -9999 -9999 -9999 -9999
-9999 -9999 -9999 -9999 -9999 -9999 -0.873 -0.89 -0.91 -0.932 -0.952 -0.964 -0.984 -1.011 -1.031 -1.055 -1.072 -1.087 -1.106 -1.125 -1.136 -1.141 -1.148 -1.145 -1.16 -1.188 -1.187 -1.181 -9999 -9999 -9999 -9999 -9999 -9999 -9999 -9999 -9999 -9999 -9999 -9999 -9999 -9999 -9999 -9999 -9999 -9999 -9999 -9999 -9999 -9999 -9999 -9999 -9999 -9999 -9999 -9999 -9999 -9999 -9999 -9999 -9999 -9999 -9999 -9999 -9999 -9999 -9999 -9999 -9999 -9999 -9999 -9999 -9999 -9999 -9999
-9999 -9999 -9999 -9999 -9999 -9999 -9999 -0.896 -0.916 -0.939 -0.953 -0.963 -0.988 -1.014 -1.038 -1.062 -1.078 -1.093 -1.113 -1.134 -1.142 -1.148 -1.148 -1.145 -1.17 -1.198 -1.199 -1.194 -9999 -9999 -9999 -9999 -9999 -9999 -9999 -9999 -9999 -9999 -9999 -9999 -9999 -9999 -9999 -9999 -9999 -9999 -9999 -9999 -9999 -9999 -9999 -9999 -9999 -9999 -9999 -9999 -9999 -9999 -9999 -9999 -9999 -9999 -9999 -9999 -9999 -9999 -9999 -9999 -9999 -9999 -9999 -9999 -9999 -9999 -9999
-9999 -9999 -9999 -9999 -9999 -0.869 -0.881 -0.884 -0.91 -0.947 -0.964 -0.985 -1.005 -1.017 -1.04 -1.062 -1.078 -1.096 -1.117 -1.142 -1.149 -1.15 -1.161 -1.181 -1.195 -9999 -1.191 -9999 -9999 -9999 -9999 -9999 -9999 -1.179 -1.181 -1.183 -9999 -9999 -9999 -9999 -9999 -9999 -9999 -9999 -9999 -9999 -9999 -9999 -9999 -9999 -9999 -9999 -9999 -9999 -9999 -9999 -9999 -9999 -9999 -9999 -9999 -9999 -9999 -9999 -9999 -9999 -9999 -9999 -9999 -9999 -9999 -9999 -9999 -9999 -9999
-0.826 -9999 -9999 -9999 -9999 -9999 -0.871 -0.883 -0.917 -0.953 -0.974 -0.995 -1.008 -1.02 -1.04 -1.061 -1.079 -1.096 -1.119 -1.143 -1.147 -1.15 -1.172 -1.194 -1.191 -1.184 -9999 -9999 -9999 -9999 -1.187 -1.194 -1.188 -1.179 -1.181 -1.183 -1.186 -1.19 -1.172 -1.154 -1.151 -1.148 -1.141 -1.135 -1.147 -1.158 -1.135 -1.114 -1.121 -1.129 -1.149 -1.148 -9999 -9999 -9999 -9999 -9999 -9999 -9999 -9999 -9999 -9999 -9999 -9999 -9999 -9999 -9999 -9999 -9999 -9999 -9999 -9999 -9999 -9999 -9999
-0.847 -9999 -9999 -9999 -0.865 -9999 -0.878 -0.906 -0.932 -0.946 -0.965 -0.982 -1.002 -1.035 -1.053 -1.065 -1.08 -1.089 -1.114 -1.143 -1.15 -1.156 -1.177 -1.194 -1.194 -9999 -9999 -9999 -9999 -1.173 -1.186 -1.177 -1.176 -1.179 -1.181 -1.174 -1.177 -1.172 -1.162 -1.155 -1.158 -1.165 -1.159 -1.142 -1.149 -1.145 -1.129 -1.113 -1.12 -1.125 -1.139 -1.149 -9999 -9999 -9999 -9999 -9999 -9999 -9999 -9999 -9999 -9999 -9999 -9999 -9999 -9999 -9999 -9999 -9999 -9999 -9999 -9999 -9999 -9999 -9999
-0.861 -9999 -9999 -9999 -0.866 -0.874 -0.894 -0.918 -0.932 -0.945 -0.962 -0.979 -1.01 -1.042 -1.054 -1.066 -1.077 -1.086 -1.113 -1.142 -1.15 -1.157 -1.174 -1.191 -9999 -9999 -1.192 -1.191 -1.181 -1.172 -1.166 -1.162 -1.166 -1.171 -1.168 -1.163 -1.16 -1.157 -1.152 -1.147 -1.155 -1.163 -1.151 -1.136 -1.134 -1.131 -1.119 -1.103 -1.108 -1.113 -1.118 -1.123 -1.123 -9999 -9999 -9999 -9999 -9999 -9999 -9999 -9999 -9999 -9999 -9999 -9999 -9999 -9999 -9999 -9999 -9999 -9999 -9999 -9999 -9999 -9999
-0.868 -9999 -0.882 -9999 -0.874 -0.878 -0.898 -0.92 -0.94 -0.972 -0.987 -0.993 -1.019 -1.038 -1.05 -1.061 -1.077 -1.102 -1.125 -1.143 -1.151 -1.159 -1.172 -1.181 -9999 -1.178 -1.181 -1.18 -1.177 -1.174 -1.17 -1.162 -1.166 -1.169 -1.164 -1.152 -1.148 -1.14 -1.136 -1.13 -1.131 -1.123 -1.11 -1.096 -1.088 -1.07 -1.069 -1.09 -1.099 -1.116 -1.113 -1.113 -1.102 -9999 -9999 -9999 -9999 -9999 -9999 -9999 -9999 -9999 -9999 -9999 -9999 -9999 -9999 -9999 -9999 -9999 -9999 -9999 -9999 -9999 -9999
-9999 -0.882 -9999 -9999 -9999 -0.882 -0.902 -0.923 -0.952 -0.984 -0.992 -0.999 -1.017 -1.036 -1.048 -1.059 -1.082 -1.106 -1.124 -1.141 -1.15 -1.158 -1.167 -1.171 -1.172 -1.166 -1.165 -1.166 -1.168 -1.168 -1.162 -1.154 -1.157 -1.16 -1.151 -1.14 -1.134 -1.126 -1.122 -1.116 -1.109 -1.101 -1.089 -1.074 -1.059 -1.04 -1.057 -1.077 -1.091 -1.108 -1.104 -1.098 -1.087 -9999 -9999 -9999 -9999 -9999 -9999 -9999 -9999 -9999 -9999 -9999 -9999 -9999 -9999 -9999 -9999 -9999 -9999 -9999 -9999 -9999 -9999
-0.873 -9999 -9999 -9999 -9999 -0.913 -0.927 -0.931 -9999 -0.982 -0.994 -1.012 -1.03 -1.048 -1.061 -1.074 -1.093 -1.104 -1.12 -1.132 -1.146 -1.168 -1.175 -1.18 -1.179 -1.172 -1.171 -1.164 -1.168 -1.172 -1.167 -1.159 -1.16 -1.155 -1.145 -1.129 -1.123 -1.115 -1.112 -1.111 -1.105 -1.095 -1.083 -1.066 -1.054 -1.042 -1.056 -1.067 -1.08 -1.096 -1.091 -1.083 -1.069 -9999 -9999 -9999 -9999 -9999 -9999 -9999 -9999 -9999 -9999 -9999 -9999 -9999 -9999 -9999 -9999 -9999 -9999 -9999 -9999 -9999 -9999
-0.88 -9999 -9999 -9999 -0.922 -9999 -9999 -0.936 -0.958 -0.982 -0.999 -1.016 -1.033 -1.051 -1.065 -1.078 -1.09 -1.102 -1.115 -1.127 -1.147 -1.164 -1.171 -1.173 -1.17 -1.165 -1.16 -1.154 -1.159 -1.164 -1.16 -1.153 -1.15 -1.145 -1.133 -1.118 -1.112 -1.104 -1.103 -1.102 -1.095 -1.086 -1.073 -1.056 -1.047 -1.036 -1.045 -1.055 -1.067 -1.082 -1.076 -1.074 -9999 -9999 -9999 -9999 -9999 -9999 -9999 -9999 -9999 -9999 -9999 -9999 -9999 -9999 -9999 -9999 -9999 -9999 -9999 -9999 -9999 -9999 -9999
-0.894 -0.886 -0.905 -9999 -9999 -9999 -0.946 -0.982 -9999 -1.009 -1.023 -1.031 -1.043 -1.046 -1.063 -1.08 -1.093 -1.104 -1.117 -1.127 -1.139 -1.144 -1.15 -1.162 -1.162 -1.167 -1.161 -1.147 -1.152 -1.158 -1.152 -1.14 -1.135 -1.124 -1.117 -1.116 -1.112 -1.108 -1.101 -1.083 -1.077 -1.072 -1.065 -1.068 -1.066 -1.072 -1.072 -1.051 -1.063 -1.078 -1.078 -9999 -9999 -9999 -9999 -9999 -9999 -9999 -9999 -9999 -9999 -9999 -9999 -9999 -9999 -9999 -9999 -9999 -9999 -9999 -9999 -9999 -9999 -9999 -9999
-0.891 -0.883 -0.906 -9999 -0.941 -0.956 -0.978 -0.999 -1.009 -1.019 -1.028 -1.035 -1.04 -1.043 -1.061 -1.079 -1.093 -1.103 -1.113 -1.12 -1.125 -1.126 -1.136 -1.148 -1.153 -1.158 -1.149 -1.136 -1.141 -1.146 -1.137 -1.126 -1.119 -1.109 -1.109 -1.108 -1.105 -1.101 -1.087 -1.069 -1.065 -1.059 -1.062 -1.064 -1.071 -1.078 -1.062 -1.041 -1.053 -1.067 -1.064 -9999 -9999 -9999 -9999 -9999 -9999 -9999 -9999 -9999 -9999 -9999 -9999 -9999 -9999 -9999 -9999 -9999 -9999 -9999 -9999 -9999 -9999 -9999 -9999
-0.882 -0.898 -0.921 -0.95 -0.959 -0.96 -9999 -0.979 -0.99 -1.003 -1.011 -1.016 -1.022 -1.034 -1.055 -1.085 -1.092 -1.081 -1.088 -1.097 -1.102 -1.116 -1.122 -1.122 -1.132 -1.15 -1.144 -1.139 -1.148 -1.161 -1.152 -1.135 -1.131 -1.126 -1.124 -1.113 -1.107 -1.094 -1.085 -1.083 -1.077 -1.062 -1.065 -1.07 -1.074 -1.075 -1.06 -1.041 -1.047 -1.044 -9999 -9999 -9999 -9999 -9999 -9999 -9999 -9999 -9999 -9999 -9999 -9999 -9999 -9999 -9999 -9999 -9999 -9999 -9999 -9999 -9999 -9999 -9999 -9999 -9999
-9999 -9999 -9999 -0.957 -0.954 -9999 -0.967 -0.971 -0.984 -0.996 -1.002 -1.007 -1.018 -1.029 -1.056 -1.085 -1.08 -1.065 -1.073 -1.077 -1.089 -1.102 -1.103 -1.103 -1.119 -1.137 -1.135 -1.132 -1.144 -1.157 -1.145 -1.13 -1.128 -1.124 -1.117 -1.106 -1.096 -1.083 -1.082 -1.081 -1.07 -1.055 -1.059 -1.064 -1.065 -1.066 -1.051 -1.033 -1.03 -1.031 -9999 -9999 -9999 -9999 -9999 -9999 -9999 -9999 -9999 -9999 -9999 -9999 -9999 -9999 -9999 -9999 -9999 -9999 -9999 -9999 -9999 -9999 -9999 -9999 -9999
-9999 -9999 -0.934 -0.94 -9999 -0.968 -0.971 -9999 -0.991 -1.005 -1.007 -0.997 -1.014 -1.047 -1.066 -1.07 -1.066 -1.065 -1.066 -1.06 -1.069 -1.074 -1.077 -1.086 -1.1 -1.112 -1.114 -1.122 -1.126 -1.115 -1.099 -1.079 -1.082 -1.097 -1.094 -1.097 -1.085 -1.067 -1.065 -1.062 -1.057 -1.06 -1.058 -1.046 -1.046 -1.046 -1.038 -1.041 -1.039 -1.036 -9999 -9999 -9999 -9999 -9999 -9999 -9999 -9999 -9999 -9999 -9999 -9999 -9999 -9999 -9999 -9999 -9999 -9999 -9999 -9999 -9999 -9999 -9999 -9999 -9999
-9999 -9999 -0.929 -9999 -9999 -0.972 -0.977 -0.98 -0.994 -1.007 -1.001 -0.99 -1.019 -1.05 -1.055 -1.055 -1.054 -1.052 -1.049 -1.044 -1.049 -1.053 -1.061 -1.07 -1.081 -1.093 -1.1 -1.108 -1.1 -1.088 -1.071 -1.051 -1.064 -1.079 -1.082 -1.086 -1.071 -1.053 -1.051 -1.047 -1.05 -1.054 -1.043 -1.031 -1.03 -1.03 -1.032 -1.035 -1.033 -1.03 -9999 -9999 -9999 -9999 -9999 -9999 -9999 -9999 -9999 -9999 -9999 -9999 -9999 -9999 -9999 -9999 -9999 -9999 -9999 -9999 -9999 -9999 -9999 -9999 -9999
-9999 -9999 -9999 -9999 -9999 -9999 -0.978 -0.985 -0.997 -1.005 -1.002 -0.999 -1.018 -1.024 -1.032 -1.049 -1.052 -1.059 -1.055 -1.044 -1.049 -1.051 -1.057 -1.061 -1.07 -1.081 -1.087 -1.092 -1.081 -1.065 -1.054 -1.048 -1.059 -1.067 -1.072 -1.078 -1.064 -1.048 -1.044 -1.037 -1.041 -1.048 -1.033 -1.005 -1.007 -1.013 -1.013 -1.009 -1.007 -9999 -9999 -9999 -9999 -9999 -9999 -9999 -9999 -9999 -9999 -9999 -9999 -9999 -9999 -9999 -9999 -9999 -9999 -9999 -9999 -9999 -9999 -9999 -9999 -9999 -9999
-9999 -9999 -9999 -9999 -0.959 -0.97 -9999 -0.984 -0.993 -1.002 -1.002 -0.999 -1.004 -1.006 -1.021 -1.037 -1.044 -1.052 -1.045 -1.035 -1.039 -1.042 -1.045 -1.048 -1.057 -1.067 -1.072 -1.076 -1.064 -1.048 -1.044 -1.039 -1.046 -1.054 -1.061 -1.067 -1.054 -1.038 -1.033 -1.026 -1.031 -1.038 -1.015 -0.988 -0.993 -0.998 -0.995 -0.991 -0.984 -9999 -9999 -9999 -9999 -9999 -9999 -9999 -9999 -9999 -9999 -9999 -9999 -9999 -9999 -9999 -9999 -9999 -9999 -9999 -9999 -9999 -9999 -9999 -9999 -9999 -9999
-9999 -9999 -9999 -0.949 -0.957 -0.962 -0.968 -0.97 -0.979 -0.99 -0.992 -0.996 -1.004 -1.017 -1.021 -1.009 -1.017 -1.032 -1.03 -1.034 -1.036 -1.033 -1.036 -1.035 -1.04 -1.037 -1.04 -1.044 -1.041 -1.054 -1.051 -1.048 -1.057 -1.065 -1.061 -1.035 -1.033 -1.046 -1.039 -1.027 -1.031 -1.031 -1.013 -0.997 -0.997 -0.987 -0.978 -0.96 -9999 -9999 -9999 -9999 -9999 -9999 -9999 -9999 -9999 -9999 -9999 -9999 -9999 -9999 -9999 -9999 -9999 -9999 -9999 -9999 -9999 -9999 -9999 -9999 -9999 -9999 -9999
-9999 -9999 -9999 -0.947 -9999 -0.955 -0.958 -0.959 -0.969 -0.979 -0.985 -0.989 -1.003 -1.013 -1.003 -0.991 -1.002 -1.016 -1.021 -1.025 -1.025 -1.022 -1.023 -1.023 -1.021 -1.018 -1.021 -1.024 -1.035 -1.048 -1.046 -1.043 -1.051 -1.06 -1.04 -1.014 -1.026 -1.039 -1.031 -1.02 -1.02 -1.02 -1.008 -0.992 -0.984 -0.974 -0.959 -0.941 -9999 -9999 -9999 -9999 -9999 -9999 -9999 -9999 -9999 -9999 -9999 -9999 -9999 -9999 -9999 -9999 -9999 -9999 -9999 -9999 -9999 -9999 -9999 -9999 -9999 -9999 -9999
-9999 -9999 -9999 -9999 -9999 -0.944 -0.95 -0.959 -0.966 -0.967 -0.974 -0.982 -0.989 -0.984 -0.977 -0.973 -0.986 -1.003 -1.008 -1.013 -1.014 -1.015 -1.013 -1.003 -1.004 -1.009 -1.009 -1.004 -1.012 -1.017 -1.013 -1.009 -1.013 -1.013 -1.005 -1.016 -1.026 -1.033 -1.024 -1.009 -1.01 -1.009 -0.997 -0.984 -0.974 -0.959 -0.949 -0.942 -9999 -9999 -9999 -9999 -9999 -9999 -9999 -9999 -9999 -9999 -9999 -9999 -9999 -9999 -9999 -9999 -9999 -9999 -9999 -9999 -9999 -9999 -9999 -9999 -9999 -9999 -9999
-9999 -9999 -9999 -0.947 -0.94 -0.935 -0.945 -0.954 -0.957 -0.958 -0.967 -0.974 -9999 -0.967 -0.964 -0.961 -0.975 -0.991 -0.996 -1.001 -1.004 -1.005 -0.998 -0.988 -0.993 -0.998 -0.995 -0.99 -0.994 -0.998 -0.993 -0.988 -0.988 -0.987 -0.997 -1.008 -1.014 -1.021 -1.01 -0.996 -0.996 -0.996 -0.985 -0.972 -0.96 -0.945 -0.941 -0.935 -9999 -9999 -9999 -9999 -9999 -9999 -9999 -9999 -9999 -9999 -9999 -9999 -9999 -9999 -9999 -9999 -9999 -9999 -9999 -9999 -9999 -9999 -9999 -9999 -9999 -9999 -9999
-0.926 -0.935 -0.94 -9999 -0.933 -0.94 -0.947 -0.949 -0.952 -0.95 -0.955 -9999 -0.95 -0.947 -0.949 -0.959 -0.972 -0.986 -0.992 -1.003 -1.007 -1.011 -1.006 -1.003 -1.002 -0.985 -0.983 -0.982 -0.982 -0.977 -0.974 -0.971 -0.973 -0.98 -0.989 -1.0 -0.998 -0.983 -0.981 -0.996 -0.992 -0.98 -0.975 -0.978 -0.966 -0.947 -0.938 -9999 -9999 -9999 -9999 -9999 -9999 -9999 -9999 -9999 -9999 -9999 -9999 -9999 -9999 -9999 -9999 -9999 -9999 -9999 -9999 -9999 -9999 -9999 -9999 -9999 -9999 -9999 -9999
-0.928 -0.936 -0.932 -0.93 -9999 -0.939 -0.941 -0.943 -0.944 -0.943 -0.943 -0.94 -0.938 -0.935 -0.943 -0.952 -0.964 -0.978 -0.986 -0.996 -1.001 -1.005 -1.004 -1.002 -0.99 -0.974 -0.973 -0.972 -0.968 -0.963 -0.961 -0.958 -0.963 -0.969 -0.978 -0.989 -0.976 -0.96 -0.972 -0.987 -0.976 -0.964 -0.968 -0.972 -0.957 -9999 -9999 -9999 -9999 -9999 -9999 -9999 -9999 -9999 -9999 -9999 -9999 -9999 -9999 -9999 -9999 -9999 -9999 -9999 -9999 -9999 -9999 -9999 -9999 -9999 -9999 -9999 -9999 -9999 -9999
-9999 -9999 -0.925 -9999 -0.937 -0.934 -0.934 -0.933 -0.939 -9999 -9999 -0.951 -0.952 -0.956 -0.963 -0.965 -0.973 -0.973 -0.983 -0.993 -0.998 -1.005 -1.004 -1.003 -0.992 -0.978 -0.975 -0.962 -0.964 -0.973 -0.965 -0.944 -0.95 -0.962 -0.968 -0.969 -0.965 -0.973 -0.976 -0.963 -0.96 -0.966 -0.97 -0.973 -9999 -9999 -9999 -9999 -9999 -9999 -9999 -9999 -9999 -9999 -9999 -9999 -9999 -9999 -9999 -9999 -9999 -9999 -9999 -9999 -9999 -9999 -9999 -9999 -9999 -9999 -9999 -9999 -9999 -9999 -9999
-0.93 -9999 -0.926 -0.938 -0.933 -0.929 -0.928 -0.925 -9999 -9999 -0.956 -0.95 -0.954 -0.959 -0.961 -0.964 -0.965 -0.966 -0.975 -0.984 -0.991 -0.998 -0.997 -0.996 -0.986 -0.973 -0.964 -0.952 -0.96 -0.969 -0.952 -0.932 -0.941 -0.952 -0.953 -0.954 -0.961 -0.969 -0.958 -0.945 -0.95 -0.957 -0.96 -0.963 -0.948 -9999 -9999 -9999 -9999 -9999 -9999 -9999 -9999 -9999 -9999 -9999 -9999 -9999 -9999 -9999 -9999 -9999 -9999 -9999 -9999 -9999 -9999 -9999 -9999 -9999 -9999 -9999 -9999 -9999 -9999
-0.917 -0.934 -0.942 -0.943 -0.942 -0.943 -0.945 -9999 -9999 -0.966 -0.961 -0.96 -0.96 -0.949 -0.955 -0.968 -0.968 -0.966 -0.972 -0.976 -0.984 -0.993 -0.992 -0.987 -0.98 -0.977 -0.971 -0.963 -0.966 -0.954 -0.947 -0.956 -0.958 -0.946 -0.946 -0.944 -0.947 -0.945 -0.935 -0.926 -0.932 -0.942 -0.939 -0.928 -9999 -9999 -9999 -9999 -9999 -9999 -9999 -9999 -9999 -9999 -9999 -9999 -9999 -9999 -9999 -9999 -9999 -9999 -9999 -9999 -9999 -9999 -9999 -9999 -9999 -9999 -9999 -9999 -9999 -9999 -9999
-0.921 -0.939 -9999 -9999 -0.945 -0.947 -9999 -9999 -9999 -0.971 -0.968 -0.958 -0.95 -0.94 -0.951 -0.963 -0.962 -0.959 -0.963 -0.967 -0.975 -0.984 -0.981 -0.976 -0.975 -0.972 -0.968 -0.962 -0.954 -0.942 -0.95 -0.959 -0.95 -0.938 -0.936 -0.934 -0.931 -0.929 -0.921 -0.912 -0.919 -0.928 -0.919 -0.907 -9999 -9999 -9999 -9999 -9999 -9999 -9999 -9999 -9999 -9999 -9999 -9999 -9999 -9999 -9999 -9999 -9999 -9999 -9999 -9999 -9999 -9999 -9999 -9999 -9999 -9999 -9999 -9999 -9999 -9999 -9999
-9999 -0.915 -0.92 -0.933 -9999 -9999 -9999 -9999 -0.958 -0.965 -0.96 -0.954 -0.949 -0.947 -0.951 -0.941 -0.946 -0.96 -0.963 -0.96 -0.971 -0.986 -0.979 -0.962 -0.959 -0.953 -0.952 -0.958 -0.952 -0.944 -0.946 -0.935 -0.928 -0.924 -0.922 -0.919 -0.916 -0.911 -0.909 -0.919 -0.921 -0.911 -0.905 -9999 -9999 -9999 -9999 -9999 -9999 -9999 -9999 -9999 -9999 -9999 -9999 -9999 -9999 -9999 -9999 -9999 -9999 -9999 -9999 -9999 -9999 -9999 -9999 -9999 -9999 -9999 -9999 -9999 -9999 -9999 -9999
