Validation/Results/ReClimate_08_2024_1_Temperature.asc
NCOLS 192
NROWS 249
XLLCENTER -225160.85627316462
YLLCENTER 29788.11610251502
CELLSIZE 5000.0
NODATA_VALUE -9999
[rows 68 to 101 of 249, columns 75 to 149 of 192]
-9999 -9999 -9999 -9999 -9999 -9999 -9999 -9999 -9999 -9999 -9999 -0.186 -0.163 -0.137 -0.114 -0.09 -0.07 -0.052 -0.051 -0.055 -0.041 -0.027 -0.022 -0.02 -0.016 -0.016 -0.013 -0.012 -0.011 -9999 -9999 -9999 -9999 -9999 -9999 -9999 -9999 -9999 -9999 -9999 -9999 -9999 -9999 -9999 -9999 -9999 -9999 -9999 -9999 -9999 -9999 -9999 -9999 -9999 -9999 -9999 -9999 -9999 -9999 -9999 -9999 -9999 -9999 -9999 -9999 -9999 -9999 -9999 -9999 -9999 -9999 -9999 -9999 -9999 -9999
-9999 -9999 -9999 -9999 -9999 -9999 -9999 -9999 -9999 -9999 -9999 -9999 -9999 -0.127 -0.104 -0.084 -0.065 -0.049 -0.046 -0.042 -0.029 -0.022 -0.016 -0.01 -0.008 -0.01 -0.008 -9999 -9999 -9999 -9999 -9999 -9999 -9999 -9999 -9999 -9999 -9999 -9999 -9999 -9999 -9999 -9999 -9999 -9999 -9999 -9999 -9999 -9999 -9999 -9999 -9999 -9999 -9999 -9999 -9999 -9999 -9999 -9999 -9999 -9999 -9999 -9999 -9999 -9999 -9999 -9999 -9999 -9999 -9999 -9999 -9999 -9999 -9999 -9999
-9999 -9999 -9999 -9999 -9999 -9999 -9999 -0.24 -9999 -9999 -0.184 -0.171 -0.146 -0.118 -0.097 -0.078 -0.061 -0.046 -0.039 -0.034 -0.025 -0.018 -0.01 -0.005 -0.004 -0.005 -0.004 -9999 -9999 -9999 -9999 -9999 -9999 -9999 -9999 -9999 -9999 -9999 -9999 -9999 -9999 -9999 -9999 -9999 -9999 -9999 -9999 -9999 -9999 -9999 -9999 -9999 -9999 -9999 -9999 -9999 -9999 -9999 -9999 -9999 -9999 -9999 -9999 -9999 -9999 -9999 -9999 -9999 -9999 -9999 -9999 -9999 -9999 -9999 -9999
-9999 -9999 -9999 -9999 -9999 -0.277 -0.255 -0.237 -0.214 -0.192 -0.168 -0.135 -0.109 -0.09 -0.072 -0.061 -0.046 -0.038 -0.03 -0.023 -0.016 -0.013 -0.006 0.002 0.008 0.021 0.019 -9999 -9999 -9999 -9999 -9999 -9999 -9999 -9999 -9999 -9999 -9999 -9999 -9999 -9999 -9999 -9999 -9999 -9999 -9999 -9999 -9999 -9999 -9999 -9999 -9999 -9999 -9999 -9999 -9999 -9999 -9999 -9999 -9999 -9999 -9999 -9999 -9999 -9999 -9999 -9999 -9999 -9999 -9999 -9999 -9999 -9999 -9999 -9999
-9999 -9999 -9999 -9999 -9999 -0.268 -0.253 -9999 -0.207 -0.183 -0.15 -0.115 -0.095 -0.076 -0.063 -0.052 -0.041 -0.033 -0.024 -0.017 -0.012 -0.01 -0.001 0.006 0.02 0.033 -9999 0.015 -9999 -9999 -9999 -9999 -9999 -9999 -9999 -9999 -9999 -9999 -9999 -9999 -9999 -9999 -9999 -9999 -9999 -9999 -9999 -9999 -9999 -9999 -9999 -9999 -9999 -9999 -9999 -9999 -9999 -9999 -9999 -9999 -9999 -9999 -9999 -9999 -9999 -9999 -9999 -9999 -9999 -9999 -9999 -9999 -9999 -9999 -9999
-9999 -9999 -9999 -9999 -9999 -9999 -0.243 -0.208 -0.183 -0.154 -0.123 -0.101 -0.081 -0.063 -0.047 -0.026 -0.018 -0.019 -0.007 0.007 0.012 0.011 0.018 0.019 0.034 0.051 0.05 0.045 -9999 -9999 -9999 -9999 -9999 -9999 -9999 -9999 -9999 -9999 -9999 -9999 -9999 -9999 -9999 -9999 -9999 -9999 -9999 -9999 -9999 -9999 -9999 -9999 -9999 -9999 -9999 -9999 -9999 -9999 -9999 -9999 -9999 -9999 -9999 -9999 -9999 -9999 -9999 -9999 -9999 -9999 -9999 -9999 -9999 -9999 -9999
-9999 -9999 -9999 -9999 -9999 -9999 -9999 -0.192 -0.165 -0.134 -0.111 -0.09 -0.07 -0.053 -0.032 -0.012 -0.01 -0.011 0.004 0.018 0.021 0.021 0.024 0.026 0.042 0.06 0.062 0.057 -9999 -9999 -9999 -9999 -9999 -9999 -9999 -9999 -9999 -9999 -9999 -9999 -9999 -9999 -9999 -9999 -9999 -9999 -9999 -9999 -9999 -9999 -9999 -9999 -9999 -9999 -9999 -9999 -9999 -9999 -9999 -9999 -9999 -9999 -9999 -9999 -9999 -9999 -9999 -9999 -9999 -9999 -9999 -9999 -9999 -9999 -9999
-9999 -9999 -9999 -9999 -9999 -0.241 -0.208 -0.182 -0.148 -0.111 -0.089 -0.072 -0.055 -0.044 -0.027 -0.013 -0.008 -0.0 0.013 0.022 0.027 0.035 0.041 0.048 0.055 -9999 0.052 -9999 -9999 -9999 -9999 -9999 -9999 0.031 0.01 -0.001 -9999 -9999 -9999 -9999 -9999 -9999 -9999 -9999 -9999 -9999 -9999 -9999 -9999 -9999 -9999 -9999 -9999 -9999 -9999 -9999 -9999 -9999 -9999 -9999 -9999 -9999 -9999 -9999 -9999 -9999 -9999 -9999 -9999 -9999 -9999 -9999 -9999 -9999 -9999
-0.334 -9999 -9999 -9999 -9999 -9999 -0.199 -0.178 -0.137 -0.097 -0.078 -0.062 -0.048 -0.037 -0.022 -0.01 -0.001 0.007 0.016 0.025 0.034 0.042 0.051 0.058 0.052 0.042 -9999 -9999 -9999 -9999 0.047 0.049 0.045 0.038 0.021 0.005 0.018 0.035 0.017 -0.001 0.002 0.005 -0.004 -0.01 -0.007 -0.004 -0.01 -0.015 -0.009 -0.003 -0.003 -0.016 -9999 -9999 -9999 -9999 -9999 -9999 -9999 -9999 -9999 -9999 -9999 -9999 -9999 -9999 -9999 -9999 -9999 -9999 -9999 -9999 -9999 -9999 -9999
-0.316 -9999 -9999 -9999 -0.239 -9999 -0.19 -0.142 -0.107 -0.086 -0.066 -0.055 -0.04 -0.024 -0.007 0.01 0.014 0.007 0.019 0.036 0.042 0.039 0.052 0.074 0.066 -9999 -9999 -9999 -9999 0.057 0.06 0.034 0.031 0.027 0.021 0.023 0.033 0.031 0.019 0.004 0.013 0.025 0.019 0.001 0.005 0.002 0.001 -0.004 0.002 0.002 0.004 -0.007 -9999 -9999 -9999 -9999 -9999 -9999 -9999 -9999 -9999 -9999 -9999 -9999 -9999 -9999 -9999 -9999 -9999 -9999 -9999 -9999 -9999 -9999 -9999
-0.31 -9999 -9999 -9999 -0.227 -0.203 -0.168 -0.129 -0.106 -0.084 -0.066 -0.052 -0.033 -0.018 0.002 0.021 0.017 0.01 0.026 0.042 0.042 0.04 0.06 0.081 -9999 -9999 0.056 0.062 0.067 0.07 0.049 0.02 0.018 0.016 0.019 0.023 0.023 0.023 0.012 -0.001 0.011 0.025 0.013 -0.001 -0.002 -0.004 -0.005 -0.008 -0.006 -0.006 -0.006 -0.007 -0.018 -9999 -9999 -9999 -9999 -9999 -9999 -9999 -9999 -9999 -9999 -9999 -9999 -9999 -9999 -9999 -9999 -9999 -9999 -9999 -9999 -9999 -9999
-0.306 -9999 -0.251 -9999 -0.212 -0.188 -0.158 -0.138 -0.112 -0.08 -0.06 -0.041 -0.02 -0.006 0.011 0.021 0.026 0.035 0.05 0.062 0.061 0.056 0.072 0.082 -9999 0.051 0.056 0.071 0.073 0.062 0.045 0.033 0.031 0.026 0.03 0.031 0.028 0.018 0.009 -0.001 0.004 -0.002 -0.013 -0.022 -0.028 -0.041 -0.041 -0.035 -0.03 -0.015 -0.012 -0.01 -0.017 -9999 -9999 -9999 -9999 -9999 -9999 -9999 -9999 -9999 -9999 -9999 -9999 -9999 -9999 -9999 -9999 -9999 -9999 -9999 -9999 -9999 -9999
-9999 -0.273 -9999 -9999 -9999 -0.183 -0.162 -0.143 -0.112 -0.081 -0.06 -0.04 -0.019 -0.002 0.012 0.023 0.036 0.048 0.059 0.071 0.069 0.064 0.073 0.079 0.07 0.051 0.058 0.066 0.059 0.05 0.041 0.031 0.027 0.023 0.025 0.027 0.019 0.009 0.001 -0.008 -0.013 -0.019 -0.027 -0.036 -0.047 -0.061 -0.057 -0.052 -0.04 -0.026 -0.024 -0.021 -0.028 -9999 -9999 -9999 -9999 -9999 -9999 -9999 -9999 -9999 -9999 -9999 -9999 -9999 -9999 -9999 -9999 -9999 -9999 -9999 -9999 -9999 -9999
-0.296 -9999 -9999 -9999 -9999 -0.184 -0.164 -0.144 -9999 -0.083 -0.059 -0.03 -0.008 0.01 0.032 0.052 0.063 0.064 0.073 0.068 0.071 0.081 0.085 0.084 0.073 0.058 0.061 0.058 0.054 0.054 0.047 0.041 0.04 0.038 0.036 0.024 0.015 0.003 -0.003 -0.007 -0.013 -0.023 -0.029 -0.034 -0.044 -0.058 -0.052 -0.047 -0.039 -0.035 -0.033 -0.035 -0.049 -9999 -9999 -9999 -9999 -9999 -9999 -9999 -9999 -9999 -9999 -9999 -9999 -9999 -9999 -9999 -9999 -9999 -9999 -9999 -9999 -9999 -9999
-0.297 -9999 -9999 -9999 -0.211 -9999 -9999 -0.145 -0.116 -0.086 -0.058 -0.03 -0.009 0.011 0.038 0.063 0.068 0.071 0.071 0.068 0.077 0.082 0.082 0.077 0.066 0.054 0.051 0.047 0.047 0.047 0.043 0.037 0.037 0.037 0.027 0.015 0.005 -0.007 -0.01 -0.014 -0.022 -0.031 -0.035 -0.04 -0.05 -0.062 -0.058 -0.052 -0.049 -0.046 -0.045 -0.047 -9999 -9999 -9999 -9999 -9999 -9999 -9999 -9999 -9999 -9999 -9999 -9999 -9999 -9999 -9999 -9999 -9999 -9999 -9999 -9999 -9999 -9999 -9999
-0.291 -0.272 -0.251 -9999 -9999 -9999 -0.16 -0.129 -9999 -0.068 -0.043 -0.025 -0.005 0.013 0.042 0.068 0.076 0.074 0.078 0.08 0.084 0.08 0.079 0.082 0.07 0.052 0.049 0.045 0.051 0.069 0.06 0.038 0.036 0.03 0.026 0.028 0.015 -0.008 -0.013 -0.022 -0.026 -0.026 -0.025 -0.021 -0.024 -0.022 -0.022 -0.038 -0.036 -0.04 -0.051 -9999 -9999 -9999 -9999 -9999 -9999 -9999 -9999 -9999 -9999 -9999 -9999 -9999 -9999 -9999 -9999 -9999 -9999 -9999 -9999 -9999 -9999 -9999 -9999
-0.291 -0.272 -0.253 -9999 -0.206 -0.173 -0.149 -0.125 -0.094 -0.064 -0.044 -0.027 -0.008 0.01 0.038 0.067 0.075 0.074 0.078 0.077 0.076 0.068 0.072 0.076 0.061 0.044 0.04 0.036 0.051 0.069 0.052 0.03 0.025 0.019 0.022 0.025 0.006 -0.016 -0.023 -0.032 -0.031 -0.031 -0.026 -0.021 -0.018 -0.015 -0.026 -0.04 -0.042 -0.046 -0.057 -9999 -9999 -9999 -9999 -9999 -9999 -9999 -9999 -9999 -9999 -9999 -9999 -9999 -9999 -9999 -9999 -9999 -9999 -9999 -9999 -9999 -9999 -9999 -9999
-0.3 -0.271 -0.25 -0.223 -0.195 -0.172 -9999 -0.122 -0.092 -0.061 -0.044 -0.032 -0.013 0.005 0.034 0.065 0.074 0.072 0.072 0.071 0.068 0.067 0.068 0.063 0.056 0.057 0.053 0.044 0.055 0.062 0.047 0.031 0.029 0.029 0.023 -0.001 -0.013 -0.014 -0.019 -0.026 -0.028 -0.037 -0.028 -0.012 -0.012 -0.021 -0.029 -0.034 -0.039 -0.053 -9999 -9999 -9999 -9999 -9999 -9999 -9999 -9999 -9999 -9999 -9999 -9999 -9999 -9999 -9999 -9999 -9999 -9999 -9999 -9999 -9999 -9999 -9999 -9999 -9999
-9999 -9999 -9999 -0.22 -0.196 -9999 -0.148 -0.124 -0.094 -0.063 -0.049 -0.038 -0.018 -0.0 0.029 0.06 0.067 0.061 0.062 0.056 0.055 0.055 0.052 0.047 0.05 0.053 0.047 0.039 0.045 0.051 0.039 0.024 0.024 0.025 0.005 -0.019 -0.019 -0.021 -0.025 -0.031 -0.038 -0.046 -0.033 -0.017 -0.024 -0.033 -0.036 -0.041 -0.051 -0.062 -9999 -9999 -9999 -9999 -9999 -9999 -9999 -9999 -9999 -9999 -9999 -9999 -9999 -9999 -9999 -9999 -9999 -9999 -9999 -9999 -9999 -9999 -9999 -9999 -9999
-9999 -9999 -0.248 -0.221 -9999 -0.165 -0.144 -9999 -0.084 -0.066 -0.047 -0.024 -0.005 0.014 0.036 0.046 0.048 0.041 0.04 0.034 0.033 0.031 0.031 0.037 0.039 0.036 0.032 0.027 0.033 0.036 0.025 0.012 0.012 0.012 -0.002 -0.013 -0.018 -0.034 -0.035 -0.03 -0.037 -0.047 -0.038 -0.037 -0.043 -0.051 -0.049 -0.039 -0.049 -0.066 -9999 -9999 -9999 -9999 -9999 -9999 -9999 -9999 -9999 -9999 -9999 -9999 -9999 -9999 -9999 -9999 -9999 -9999 -9999 -9999 -9999 -9999 -9999 -9999 -9999
-9999 -9999 -0.247 -9999 -9999 -0.16 -0.134 -0.108 -0.088 -0.071 -0.049 -0.028 -0.008 0.01 0.022 0.025 0.023 0.017 0.017 0.013 0.011 0.009 0.014 0.019 0.019 0.017 0.014 0.009 0.014 0.017 0.009 -0.002 -0.001 -0.0 -0.008 -0.018 -0.031 -0.047 -0.042 -0.037 -0.045 -0.055 -0.054 -0.053 -0.06 -0.069 -0.06 -0.05 -0.061 -0.076 -9999 -9999 -9999 -9999 -9999 -9999 -9999 -9999 -9999 -9999 -9999 -9999 -9999 -9999 -9999 -9999 -9999 -9999 -9999 -9999 -9999 -9999 -9999 -9999 -9999
-9999 -9999 -9999 -9999 -9999 -9999 -0.126 -0.108 -0.09 -0.074 -0.054 -0.037 -0.022 -0.013 -0.001 0.014 0.013 0.01 0.012 0.009 0.005 -0.006 -0.0 0.007 0.007 0.007 0.007 0.01 0.009 -0.003 -0.012 -0.023 -0.017 -0.006 -0.015 -0.032 -0.042 -0.05 -0.047 -0.047 -0.049 -0.046 -0.051 -0.07 -0.079 -0.091 -0.084 -0.075 -0.085 -9999 -9999 -9999 -9999 -9999 -9999 -9999 -9999 -9999 -9999 -9999 -9999 -9999 -9999 -9999 -9999 -9999 -9999 -9999 -9999 -9999 -9999 -9999 -9999 -9999 -9999
-9999 -9999 -9999 -9999 -0.183 -0.151 -9999 -0.115 -0.097 -0.081 -0.064 -0.049 -0.04 -0.036 -0.02 -0.004 -0.004 -0.006 -0.003 -0.003 -0.012 -0.022 -0.017 -0.01 -0.009 -0.009 -0.005 -0.001 -0.011 -0.023 -0.032 -0.043 -0.032 -0.02 -0.032 -0.047 -0.053 -0.06 -0.06 -0.06 -0.057 -0.054 -0.069 -0.088 -0.098 -0.11 -0.103 -0.095 -0.111 -9999 -9999 -9999 -9999 -9999 -9999 -9999 -9999 -9999 -9999 -9999 -9999 -9999 -9999 -9999 -9999 -9999 -9999 -9999 -9999 -9999 -9999 -9999 -9999 -9999 -9999
-9999 -9999 -9999 -0.204 -0.178 -0.135 -0.116 -0.103 -0.09 -0.09 -0.076 -0.066 -0.055 -0.043 -0.033 -0.032 -0.025 -0.008 -0.005 -0.01 -0.013 -0.015 -0.016 -0.03 -0.03 -0.03 -0.027 -0.024 -0.027 -0.019 -0.027 -0.04 -0.03 -0.025 -0.036 -0.054 -0.06 -0.069 -0.074 -0.09 -0.086 -0.079 -0.09 -0.094 -0.105 -0.123 -0.124 -0.136 -9999 -9999 -9999 -9999 -9999 -9999 -9999 -9999 -9999 -9999 -9999 -9999 -9999 -9999 -9999 -9999 -9999 -9999 -9999 -9999 -9999 -9999 -9999 -9999 -9999 -9999 -9999
-9999 -9999 -9999 -0.198 -9999 -0.136 -0.12 -0.107 -0.103 -0.103 -0.091 -0.081 -0.067 -0.058 -0.055 -0.054 -0.038 -0.021 -0.02 -0.024 -0.022 -0.023 -0.035 -0.048 -0.049 -0.049 -0.047 -0.044 -0.037 -0.029 -0.038 -0.05 -0.044 -0.039 -0.052 -0.069 -0.076 -0.085 -0.096 -0.111 -0.106 -0.1 -0.103 -0.107 -0.121 -0.138 -0.149 -0.163 -9999 -9999 -9999 -9999 -9999 -9999 -9999 -9999 -9999 -9999 -9999 -9999 -9999 -9999 -9999 -9999 -9999 -9999 -9999 -9999 -9999 -9999 -9999 -9999 -9999 -9999 -9999
-9999 -9999 -9999 -9999 -9999 -0.146 -0.132 -0.125 -0.118 -0.109 -0.095 -0.079 -0.069 -0.072 -0.07 -0.07 -0.052 -0.03 -0.027 -0.026 -0.028 -0.045 -0.054 -0.06 -0.059 -0.057 -0.056 -0.06 -0.059 -0.065 -0.074 -0.083 -0.081 -0.081 -0.087 -0.082 -0.089 -0.097 -0.111 -0.135 -0.126 -0.107 -0.106 -0.1 -0.112 -0.127 -0.138 -0.159 -9999 -9999 -9999 -9999 -9999 -9999 -9999 -9999 -9999 -9999 -9999 -9999 -9999 -9999 -9999 -9999 -9999 -9999 -9999 -9999 -9999 -9999 -9999 -9999 -9999 -9999 -9999
-9999 -9999 -9999 -0.203 -0.184 -0.158 -0.147 -0.14 -0.128 -0.119 -0.102 -0.087 -9999 -0.087 -0.086 -0.086 -0.066 -0.044 -0.04 -0.037 -0.047 -0.063 -0.068 -0.074 -0.072 -0.069 -0.073 -0.077 -0.082 -0.089 -0.097 -0.106 -0.107 -0.108 -0.103 -0.098 -0.106 -0.114 -0.133 -0.156 -0.14 -0.121 -0.116 -0.109 -0.12 -0.134 -0.149 -0.169 -9999 -9999 -9999 -9999 -9999 -9999 -9999 -9999 -9999 -9999 -9999 -9999 -9999 -9999 -9999 -9999 -9999 -9999 -9999 -9999 -9999 -9999 -9999 -9999 -9999 -9999 -9999
-0.263 -0.237 -0.222 -9999 -0.191 -0.166 -0.155 -0.146 -0.133 -0.122 -0.108 -9999 -0.1 -0.097 -0.095 -0.091 -0.075 -0.063 -0.059 -0.056 -0.058 -0.055 -0.061 -0.074 -0.074 -0.081 -0.083 -0.086 -0.09 -0.097 -0.099 -0.096 -0.1 -0.112 -0.11 -0.112 -0.122 -0.138 -0.146 -0.139 -0.128 -0.13 -0.128 -0.136 -0.147 -0.16 -0.177 -9999 -9999 -9999 -9999 -9999 -9999 -9999 -9999 -9999 -9999 -9999 -9999 -9999 -9999 -9999 -9999 -9999 -9999 -9999 -9999 -9999 -9999 -9999 -9999 -9999 -9999 -9999 -9999
-0.258 -0.237 -0.227 -0.216 -9999 -0.175 -0.165 -0.156 -0.142 -0.13 -0.122 -0.118 -0.113 -0.11 -0.106 -0.103 -0.092 -0.08 -0.076 -0.074 -0.066 -0.062 -0.071 -0.084 -0.089 -0.095 -0.096 -0.099 -0.104 -0.11 -0.106 -0.103 -0.113 -0.125 -0.127 -0.129 -0.143 -0.159 -0.153 -0.144 -0.145 -0.146 -0.151 -0.159 -0.168 -9999 -9999 -9999 -9999 -9999 -9999 -9999 -9999 -9999 -9999 -9999 -9999 -9999 -9999 -9999 -9999 -9999 -9999 -9999 -9999 -9999 -9999 -9999 -9999 -9999 -9999 -9999 -9999 -9999 -9999
-9999 -9999 -0.233 -9999 -0.202 -0.194 -0.183 -0.169 -0.153 -9999 -9999 -0.106 -0.104 -0.109 -0.102 -0.095 -0.086 -0.083 -0.08 -0.079 -0.07 -0.066 -0.074 -0.081 -0.085 -0.094 -0.096 -0.102 -0.106 -0.115 -0.118 -0.131 -0.136 -0.134 -0.137 -0.141 -0.147 -0.142 -0.142 -0.153 -0.152 -0.15 -0.156 -0.167 -9999 -9999 -9999 -9999 -9999 -9999 -9999 -9999 -9999 -9999 -9999 -9999 -9999 -9999 -9999 -9999 -9999 -9999 -9999 -9999 -9999 -9999 -9999 -9999 -9999 -9999 -9999 -9999 -9999 -9999 -9999
-0.255 -9999 -0.235 -0.218 -0.211 -0.205 -0.192 -0.179 -9999 -9999 -0.127 -0.11 -0.112 -0.117 -0.109 -0.101 -0.097 -0.094 -0.092 -0.09 -0.083 -0.078 -0.083 -0.09 -0.096 -0.104 -0.108 -0.113 -0.119 -0.128 -0.139 -0.152 -0.151 -0.149 -0.153 -0.157 -0.153 -0.148 -0.159 -0.17 -0.168 -0.166 -0.174 -0.184 -0.192 -9999 -9999 -9999 -9999 -9999 -9999 -9999 -9999 -9999 -9999 -9999 -9999 -9999 -9999 -9999 -9999 -9999 -9999 -9999 -9999 -9999 -9999 -9999 -9999 -9999 -9999 -9999 -9999 -9999 -9999
-0.251 -0.233 -0.217 -0.208 -0.2 -0.19 -0.176 -9999 -9999 -0.145 -0.132 -0.123 -0.122 -0.118 -0.11 -0.105 -0.1 -0.095 -0.094 -0.1 -0.094 -0.094 -0.1 -0.108 -0.112 -0.114 -0.115 -0.112 -0.123 -0.148 -0.153 -0.151 -0.154 -0.168 -0.172 -0.175 -0.172 -0.17 -0.178 -0.181 -0.179 -0.18 -0.19 -0.207 -9999 -9999 -9999 -9999 -9999 -9999 -9999 -9999 -9999 -9999 -9999 -9999 -9999 -9999 -9999 -9999 -9999 -9999 -9999 -9999 -9999 -9999 -9999 -9999 -9999 -9999 -9999 -9999 -9999 -9999 -9999
-0.247 -0.228 -9999 -9999 -0.197 -0.188 -9999 -9999 -9999 -0.15 -0.142 -0.136 -0.131 -0.127 -0.121 -0.116 -0.11 -0.105 -0.108 -0.114 -0.11 -0.11 -0.117 -0.125 -0.126 -0.129 -0.126 -0.123 -0.142 -0.166 -0.164 -0.162 -0.173 -0.187 -0.19 -0.194 -0.192 -0.191 -0.195 -0.199 -0.199 -0.2 -0.213 -0.231 -9999 -9999 -9999 -9999 -9999 -9999 -9999 -9999 -9999 -9999 -9999 -9999 -9999 -9999 -9999 -9999 -9999 -9999 -9999 -9999 -9999 -9999 -9999 -9999 -9999 -9999 -9999 -9999 -9999 -9999 -9999
-9999 -0.238 -0.226 -0.208 -9999 -9999 -9999 -9999 -0.15 -0.141 -0.135 -0.133 -0.129 -0.128 -0.125 -0.126 -0.118 -0.106 -0.107 -0.109 -0.107 -0.115 -0.123 -0.136 -0.14 -0.147 -0.144 -0.139 -0.152 -0.161 -0.165 -0.184 -0.192 -0.197 -0.202 -0.213 -0.208 -0.194 -0.2 -0.207 -0.209 -0.219 -0.235 -9999 -9999 -9999 -9999 -9999 -9999 -9999 -9999 -9999 -9999 -9999 -9999 -9999 -9999 -9999 -9999 -9999 -9999 -9999 -9999 -9999 -9999 -9999 -9999 -9999 -9999 -9999 -9999 -9999 -9999 -9999 -9999
