Validation/Results/ReClimate_07_2024_2weatherlogisticsltd.asc
NCOLS 192
NROWS 249
XLLCENTER -225160.85627316462
YLLCENTER 29788.11610251502
CELLSIZE 5000.0
NODATA_VALUE -9999
[rows 99 to 131 of 249, columns 74 to 147 of 192]
133.394 133.269 133.044 133.758 134.791 134.752 134.427 134.241 -9999 -9999 132.949 131.883 129.927 128.757 127.832 126.304 124.923 123.197 120.73 120.405 120.034 119.423 119.035 118.318 117.979 117.609 117.513 116.332 114.598 114.421 114.486 114.08 113.941 112.998 112.348 111.994 111.426 110.729 109.95 109.38 108.911 108.463 107.942 107.371 106.754 -9999 -9999 -9999 -9999 -9999 -9999 -9999 -9999 -9999 -9999 -9999 -9999 -9999 -9999 -9999 -9999 -9999 -9999 -9999 -9999 -9999 -9999 -9999 -9999 -9999 -9999 -9999 -9999 -9999
133.136 132.998 133.376 -9999 -9999 134.506 134.704 -9999 -9999 -9999 133.831 132.365 130.501 129.588 128.82 127.191 125.143 123.383 122.412 121.844 121.196 120.393 119.34 119.158 119.654 118.981 117.534 116.32 116.059 115.894 115.481 115.229 114.85 114.109 113.224 112.744 112.376 111.655 110.946 110.272 109.775 109.315 108.819 108.24 107.623 -9999 -9999 -9999 -9999 -9999 -9999 -9999 -9999 -9999 -9999 -9999 -9999 -9999 -9999 -9999 -9999 -9999 -9999 -9999 -9999 -9999 -9999 -9999 -9999 -9999 -9999 -9999 -9999 -9999
134.047 -9999 131.728 132.048 132.446 -9999 -9999 -9999 -9999 134.238 133.946 132.904 131.906 130.957 129.893 127.711 125.15 124.02 122.647 121.867 120.858 120.267 120.292 120.454 120.704 119.097 116.707 116.267 116.004 115.338 113.554 113.729 114.813 114.349 114.406 113.717 112.448 111.927 111.784 111.086 110.523 110.126 109.774 109.17 -9999 -9999 -9999 -9999 -9999 -9999 -9999 -9999 -9999 -9999 -9999 -9999 -9999 -9999 -9999 -9999 -9999 -9999 -9999 -9999 -9999 -9999 -9999 -9999 -9999 -9999 -9999 -9999 -9999 -9999
134.174 133.065 132.639 133.053 133.541 133.8 133.412 -9999 -9999 133.793 -9999 -9999 130.065 129.57 130.218 127.96 125.72 124.455 123.533 122.889 123.05 122.644 121.82 121.716 121.094 119.597 118.859 118.048 116.707 115.597 115.344 115.796 115.485 115.472 115.451 114.422 113.5 113.117 112.328 111.551 111.083 110.571 109.966 -9999 -9999 -9999 -9999 -9999 -9999 -9999 -9999 -9999 -9999 -9999 -9999 -9999 -9999 -9999 -9999 -9999 -9999 -9999 -9999 -9999 -9999 -9999 -9999 -9999 -9999 -9999 -9999 -9999 -9999 -9999
133.55 133.261 133.028 133.483 134.212 -9999 -9999 -9999 133.335 133.281 132.338 130.785 129.811 130.502 131.286 129.251 126.967 126.071 125.516 125.386 125.039 123.798 122.085 121.547 121.238 120.663 120.381 119.307 118.725 118.475 118.299 117.632 116.42 116.317 116.182 115.52 115.152 114.365 -9999 -9999 112.1 -9999 -9999 -9999 -9999 -9999 -9999 -9999 -9999 -9999 -9999 -9999 -9999 -9999 -9999 -9999 -9999 -9999 -9999 -9999 -9999 -9999 -9999 -9999 -9999 -9999 -9999 -9999 -9999 -9999 -9999 -9999 -9999 -9999
133.079 132.645 131.754 -9999 133.552 -9999 -9999 -9999 132.799 132.419 132.716 132.155 131.433 131.681 131.124 129.649 128.671 127.861 126.71 126.146 125.352 123.834 122.617 122.062 121.06 120.539 119.855 119.059 117.788 117.799 118.325 117.498 117.061 116.925 116.847 116.21 115.199 -9999 114.397 113.615 112.99 112.273 -9999 -9999 -9999 -9999 -9999 -9999 -9999 -9999 -9999 -9999 -9999 -9999 -9999 -9999 -9999 -9999 -9999 -9999 -9999 -9999 -9999 -9999 -9999 -9999 -9999 -9999 -9999 -9999 -9999 -9999 -9999 -9999
-9999 131.651 -9999 -9999 -9999 -9999 133.814 134.228 133.97 133.862 132.859 132.385 131.706 131.277 131.01 130.254 129.339 128.182 126.976 126.351 125.931 124.661 123.518 122.209 120.358 120.007 119.951 118.864 117.977 118.683 119.583 118.96 118.024 117.552 116.513 -9999 115.25 115.043 114.865 114.208 113.933 113.476 -9999 -9999 -9999 -9999 -9999 -9999 -9999 -9999 -9999 -9999 -9999 -9999 -9999 -9999 -9999 -9999 -9999 -9999 -9999 -9999 -9999 -9999 -9999 -9999 -9999 -9999 -9999 -9999 -9999 -9999 -9999 -9999
-9999 -9999 -9999 -9999 -9999 -9999 132.992 133.924 134.31 133.762 133.071 132.701 132.102 131.616 130.651 129.943 129.499 128.418 127.03 126.643 126.317 125.271 124.144 122.738 122.069 122.062 122.492 121.599 120.701 120.898 120.206 119.53 119.258 118.511 118.142 117.506 116.609 116.219 115.493 115.034 114.861 114.49 114.1 -9999 -9999 -9999 -9999 -9999 -9999 -9999 -9999 -9999 -9999 -9999 -9999 -9999 -9999 -9999 -9999 -9999 -9999 -9999 -9999 -9999 -9999 -9999 -9999 -9999 -9999 -9999 -9999 -9999 -9999 -9999
-9999 -9999 -9999 -9999 -9999 132.102 -9999 -9999 133.266 133.117 133.198 132.859 132.344 -9999 -9999 129.812 129.678 128.692 128.056 127.897 127.773 126.758 125.661 125.284 125.473 125.684 125.861 124.468 122.383 120.795 117.597 117.42 117.855 117.985 118.822 118.014 117.164 116.569 115.936 115.582 115.287 114.973 114.748 114.41 -9999 -9999 -9999 -9999 -9999 -9999 -9999 -9999 -9999 -9999 -9999 -9999 -9999 -9999 -9999 -9999 -9999 -9999 -9999 -9999 -9999 -9999 -9999 -9999 -9999 -9999 -9999 -9999 -9999 -9999
-9999 -9999 -9999 -9999 -9999 131.538 -9999 132.201 132.525 132.79 132.827 132.456 131.634 130.87 130.486 130.059 129.305 128.734 127.914 127.734 127.64 126.933 126.529 126.446 126.07 125.731 124.646 123.289 122.625 120.702 120.445 120.382 119.745 119.907 119.17 118.563 118.281 117.649 116.985 116.416 115.613 115.402 115.399 -9999 -9999 -9999 -9999 -9999 -9999 -9999 -9999 -9999 -9999 -9999 -9999 -9999 -9999 -9999 -9999 -9999 -9999 -9999 -9999 -9999 -9999 -9999 -9999 -9999 -9999 -9999 -9999 -9999 -9999 -9999
-9999 -9999 -9999 -9999 -9999 130.975 -9999 131.732 132.106 132.509 133.174 132.577 -9999 130.677 130.399 -9999 130.418 129.739 128.991 128.834 128.313 128.148 128.083 127.469 126.525 125.331 123.759 123.79 124.453 124.376 124.577 123.506 121.832 120.9 119.644 119.404 119.194 118.62 118.224 -9999 -9999 -9999 -9999 -9999 -9999 -9999 -9999 -9999 -9999 -9999 -9999 -9999 -9999 -9999 -9999 -9999 -9999 -9999 -9999 -9999 -9999 -9999 -9999 -9999 -9999 -9999 -9999 -9999 -9999 -9999 -9999 -9999 -9999 -9999
-9999 -9999 -9999 129.757 130.105 -9999 -9999 131.231 131.273 131.873 132.504 131.982 131.48 131.172 130.72 -9999 128.507 128.253 129.641 129.088 128.113 128.135 128.2 127.373 126.642 125.662 125.588 125.68 124.631 124.447 123.753 122.358 121.088 120.264 120.259 120.068 119.967 119.565 -9999 -9999 -9999 -9999 -9999 -9999 -9999 -9999 -9999 -9999 -9999 -9999 -9999 -9999 -9999 -9999 -9999 -9999 -9999 -9999 -9999 -9999 -9999 -9999 -9999 -9999 -9999 -9999 -9999 -9999 -9999 -9999 -9999 -9999 -9999 -9999
-9999 -9999 128.65 129.076 129.826 -9999 130.263 130.512 130.073 130.747 -9999 131.597 131.867 131.605 131.283 -9999 128.856 129.952 131.217 130.41 129.6 129.463 128.652 127.428 125.388 125.229 125.718 125.043 124.656 -9999 124.391 123.432 122.723 122.382 121.714 121.344 120.863 -9999 -9999 -9999 -9999 -9999 -9999 -9999 -9999 -9999 -9999 -9999 -9999 -9999 -9999 -9999 -9999 -9999 -9999 -9999 -9999 -9999 -9999 -9999 -9999 -9999 -9999 -9999 -9999 -9999 -9999 -9999 -9999 -9999 -9999 -9999 -9999 -9999
-9999 -9999 127.969 128.678 -9999 -9999 129.638 129.541 129.553 -9999 130.459 130.997 131.462 131.367 131.277 -9999 130.09 130.746 130.674 130.165 129.895 129.335 128.57 127.42 127.555 127.498 127.05 126.529 125.74 125.377 124.285 -9999 -9999 122.154 121.064 -9999 -9999 -9999 -9999 -9999 -9999 119.889 119.557 119.139 -9999 -9999 -9999 -9999 -9999 -9999 -9999 -9999 -9999 -9999 -9999 -9999 -9999 -9999 -9999 -9999 -9999 -9999 -9999 -9999 -9999 -9999 -9999 -9999 -9999 -9999 -9999 -9999 -9999 -9999
-9999 127.726 128.631 -9999 -9999 129.478 129.792 129.661 129.014 -9999 130.78 131.452 132.024 132.072 131.97 -9999 -9999 -9999 129.756 129.862 130.457 129.834 128.952 129.402 130.097 129.508 128.941 127.834 126.233 125.06 123.459 123.15 123.15 122.469 122.329 -9999 -9999 -9999 -9999 -9999 121.417 121.079 120.124 119.595 118.886 -9999 -9999 -9999 -9999 -9999 -9999 -9999 -9999 -9999 -9999 -9999 -9999 -9999 -9999 -9999 -9999 -9999 -9999 -9999 -9999 -9999 -9999 -9999 -9999 -9999 -9999 -9999 -9999 -9999
127.817 128.362 128.741 -9999 -9999 -9999 128.759 128.493 128.683 -9999 130.187 -9999 131.01 131.126 131.268 -9999 130.684 130.228 130.131 -9999 130.081 129.683 129.518 130.265 131.055 130.075 128.331 127.292 126.948 125.797 125.149 125.005 124.748 124.462 123.835 123.264 122.819 123.069 -9999 123.008 122.606 121.913 121.304 120.915 120.95 121.118 121.211 -9999 -9999 -9999 -9999 -9999 -9999 -9999 -9999 -9999 -9999 -9999 -9999 -9999 -9999 -9999 -9999 -9999 -9999 -9999 -9999 -9999 -9999 -9999 -9999 -9999 -9999 -9999
126.741 127.273 -9999 -9999 -9999 -9999 127.539 128.121 129.518 -9999 130.144 -9999 131.675 131.866 -9999 130.013 129.208 129.305 129.653 129.79 130.141 130.45 131.144 131.537 131.384 130.316 129.601 128.776 127.356 126.582 125.702 125.466 125.278 124.462 123.473 122.899 122.264 122.654 123.099 122.854 122.849 122.217 121.366 121.611 122.065 122.38 122.889 123.369 123.586 124.112 -9999 -9999 -9999 -9999 -9999 -9999 -9999 -9999 -9999 -9999 -9999 -9999 -9999 -9999 -9999 -9999 -9999 -9999 -9999 -9999 -9999 -9999 -9999 -9999
-9999 126.14 -9999 -9999 -9999 -9999 127.221 128.177 128.731 129.021 -9999 -9999 131.003 130.949 -9999 130.452 128.806 129.37 130.789 131.195 131.366 131.645 131.094 131.03 130.92 130.192 128.831 127.911 127.816 127.215 127.04 126.724 126.287 125.608 125.249 124.79 124.804 124.498 122.908 123.092 124.164 123.84 124.077 124.321 124.281 124.558 124.52 124.783 125.153 125.147 126.218 -9999 -9999 -9999 -9999 -9999 -9999 -9999 -9999 -9999 -9999 -9999 -9999 -9999 -9999 -9999 -9999 -9999 -9999 -9999 -9999 -9999 -9999 -9999
123.952 -9999 -9999 -9999 -9999 -9999 127.975 128.39 128.024 128.462 -9999 -9999 130.43 130.853 -9999 -9999 130.214 131.246 132.322 132.35 131.978 131.424 129.974 129.738 128.991 128.803 129.439 129.288 129.433 128.751 127.363 126.935 126.56 126.232 125.974 126.026 126.335 124.647 122.364 123.447 124.573 124.969 125.894 125.967 126.18 126.322 126.65 127.116 127.802 127.713 127.481 -9999 -9999 -9999 -9999 -9999 -9999 -9999 -9999 -9999 -9999 -9999 -9999 -9999 -9999 -9999 -9999 -9999 -9999 -9999 -9999 -9999 -9999 -9999
123.343 -9999 -9999 -9999 -9999 -9999 128.138 127.746 127.225 -9999 -9999 -9999 -9999 130.822 -9999 131.015 130.433 131.036 131.401 131.545 132.444 131.675 131.469 131.024 130.654 131.099 130.759 130.672 130.137 128.953 127.878 127.582 127.485 127.248 127.144 127.226 127.187 126.069 126.343 126.836 126.437 126.894 126.877 127.138 127.523 127.944 128.501 128.813 128.685 128.795 129.32 129.424 -9999 -9999 -9999 -9999 -9999 -9999 -9999 -9999 -9999 -9999 -9999 -9999 -9999 -9999 -9999 -9999 -9999 -9999 -9999 -9999 -9999 -9999
123.705 -9999 -9999 -9999 123.774 124.505 125.166 125.31 -9999 -9999 127.652 -9999 -9999 -9999 -9999 131.368 131.789 132.115 132.457 132.969 133.082 132.811 132.292 131.872 131.169 131.193 130.951 130.936 130.974 130.268 130.205 129.919 129.333 128.961 128.237 127.883 127.475 127.495 127.383 127.295 127.45 127.823 128.873 129.343 129.824 130.074 130.0 130.077 130.358 130.707 130.796 130.986 -9999 -9999 -9999 -9999 -9999 -9999 -9999 -9999 -9999 -9999 -9999 -9999 -9999 -9999 -9999 -9999 -9999 -9999 -9999 -9999 -9999 -9999
-9999 -9999 -9999 -9999 -9999 124.298 124.503 125.337 -9999 126.545 127.106 127.578 -9999 -9999 -9999 -9999 131.305 131.902 132.997 133.145 133.266 132.856 132.411 132.058 131.969 131.887 131.631 131.892 131.633 131.322 130.538 130.231 130.278 129.736 129.39 129.092 128.813 128.61 128.148 128.549 129.59 130.19 130.365 130.589 130.502 130.58 130.871 131.261 131.861 131.999 132.157 132.471 132.803 -9999 -9999 -9999 -9999 -9999 -9999 -9999 -9999 -9999 -9999 -9999 -9999 -9999 -9999 -9999 -9999 -9999 -9999 -9999 -9999 -9999
-9999 -9999 -9999 -9999 -9999 122.418 123.124 124.133 -9999 126.832 127.041 127.442 -9999 -9999 -9999 -9999 -9999 131.41 132.622 132.845 133.244 132.963 132.751 132.537 132.15 131.562 130.469 130.802 131.161 130.503 129.778 130.132 131.059 130.612 130.107 130.088 130.115 129.992 130.346 131.1 131.765 131.717 131.367 131.448 131.798 132.009 132.187 132.653 133.014 133.06 133.04 133.796 134.221 134.646 -9999 -9999 -9999 -9999 -9999 -9999 -9999 -9999 -9999 -9999 -9999 -9999 -9999 -9999 -9999 -9999 -9999 -9999 -9999 -9999
-9999 -9999 -9999 -9999 -9999 121.445 122.905 -9999 -9999 125.953 125.233 125.788 127.56 -9999 -9999 -9999 -9999 -9999 131.672 132.061 133.266 133.05 132.644 132.35 132.143 131.516 131.495 131.844 131.702 131.162 130.858 131.383 131.565 130.938 130.418 130.289 130.922 131.113 131.21 131.895 132.793 132.46 131.942 132.403 133.041 133.102 132.988 133.441 134.094 133.96 134.158 135.022 135.496 135.965 136.467 136.952 -9999 -9999 -9999 -9999 -9999 -9999 -9999 -9999 -9999 -9999 -9999 -9999 -9999 -9999 -9999 -9999 -9999 -9999
-9999 -9999 -9999 -9999 -9999 121.022 123.357 -9999 -9999 125.406 125.325 126.634 -9999 -9999 -9999 -9999 -9999 -9999 131.516 132.487 133.05 132.954 133.073 132.834 132.351 132.148 131.732 131.609 131.063 130.747 130.273 129.734 128.215 128.289 128.826 129.439 130.841 131.123 130.806 131.949 133.513 133.006 132.325 132.794 133.128 133.181 133.602 133.987 134.013 133.728 133.962 136.141 136.591 137.051 137.527 138.024 -9999 -9999 -9999 -9999 -9999 -9999 -9999 -9999 -9999 -9999 -9999 -9999 -9999 -9999 -9999 -9999 -9999 -9999
-9999 -9999 -9999 -9999 -9999 121.342 121.225 -9999 -9999 -9999 125.103 126.871 128.543 -9999 -9999 -9999 -9999 -9999 131.904 132.346 132.54 132.635 132.572 132.181 131.651 131.667 132.546 132.464 132.361 131.814 130.886 129.811 129.246 130.089 131.105 131.882 132.276 132.133 132.288 133.372 133.935 133.452 132.956 133.062 132.651 133.298 134.995 134.938 134.725 134.806 136.729 137.14 137.554 137.988 138.439 138.909 -9999 -9999 -9999 -9999 -9999 -9999 -9999 -9999 -9999 -9999 -9999 -9999 -9999 -9999 -9999 -9999 -9999 -9999
-9999 -9999 -9999 -9999 118.173 119.626 119.661 -9999 -9999 -9999 -9999 -9999 -9999 -9999 -9999 -9999 -9999 -9999 130.257 130.718 131.057 131.136 131.244 131.047 130.969 131.716 132.598 132.526 131.921 130.917 129.537 129.257 129.67 130.555 131.541 131.857 132.47 132.657 133.02 133.621 134.378 134.048 133.779 133.507 133.165 134.358 134.947 134.819 135.373 137.285 137.632 138.014 138.413 138.824 139.25 139.696 139.216 -9999 -9999 -9999 -9999 -9999 -9999 -9999 -9999 -9999 -9999 -9999 -9999 -9999 -9999 -9999 -9999 -9999
-9999 -9999 -9999 116.857 117.558 118.133 119.214 -9999 -9999 -9999 -9999 -9999 -9999 -9999 -9999 -9999 129.165 129.106 130.258 130.948 131.71 131.876 131.997 131.819 131.353 131.768 131.595 131.703 132.57 131.883 131.728 131.737 131.133 131.932 132.458 133.083 133.766 134.002 133.989 134.501 134.76 134.698 134.756 134.728 135.002 135.331 135.211 135.697 137.809 138.1 138.446 138.809 139.188 139.579 139.984 140.407 140.1 -9999 -9999 -9999 -9999 -9999 -9999 -9999 -9999 -9999 -9999 -9999 -9999 -9999 -9999 -9999 -9999 -9999
-9999 -9999 -9999 115.718 116.977 118.006 -9999 -9999 -9999 -9999 -9999 -9999 -9999 -9999 -9999 -9999 128.77 129.065 129.117 130.001 130.785 130.871 130.095 129.657 129.281 130.193 132.697 133.513 133.554 133.227 132.7 132.6 133.09 133.638 133.96 134.404 134.924 134.631 133.846 134.139 134.561 134.653 134.749 134.908 134.843 134.798 135.722 138.289 138.549 138.848 139.189 139.54 139.897 140.27 140.656 141.058 140.858 -9999 -9999 -9999 -9999 -9999 -9999 -9999 -9999 -9999 -9999 -9999 -9999 -9999 -9999 -9999 -9999 -9999
-9999 -9999 -9999 -9999 -9999 -9999 -9999 -9999 -9999 -9999 -9999 -9999 -9999 -9999 -9999 -9999 128.085 128.592 129.161 130.061 131.083 131.007 130.919 131.092 131.872 133.485 134.121 134.163 133.571 133.441 133.817 133.965 133.857 133.945 133.365 133.965 135.437 135.046 135.0 135.477 136.055 136.144 136.253 136.355 136.524 137.017 138.733 138.976 139.241 139.547 139.874 140.207 140.553 140.91 141.279 141.662 141.52 -9999 -9999 -9999 -9999 -9999 -9999 -9999 -9999 -9999 -9999 -9999 -9999 -9999 -9999 -9999 -9999 -9999
-9999 -9999 -9999 -9999 -9999 -9999 -9999 -9999 -9999 -9999 -9999 -9999 -9999 -9999 -9999 126.242 125.934 126.666 127.387 128.448 130.081 130.678 131.543 132.645 134.531 134.894 135.072 135.068 135.428 135.765 135.986 135.663 135.273 135.257 135.338 135.992 136.037 135.902 135.505 135.879 136.218 136.546 137.202 137.469 137.91 139.152 139.378 139.622 139.894 140.198 140.513 140.834 141.167 141.51 141.863 142.229 142.121 -9999 -9999 -9999 -9999 -9999 -9999 -9999 -9999 -9999 -9999 -9999 -9999 -9999 -9999 -9999 -9999 -9999
-9999 -9999 -9999 -9999 -9999 -9999 -9999 -9999 -9999 -9999 -9999 -9999 -9999 -9999 -9999 123.871 126.197 127.237 128.459 129.544 129.943 130.984 131.894 133.513 134.306 134.841 135.497 135.799 136.081 136.379 136.369 136.123 136.541 136.7 136.333 136.177 135.823 135.773 136.202 136.57 136.784 137.308 137.756 137.926 138.781 139.764 139.991 140.238 140.516 140.81 141.114 141.428 141.747 142.077 142.417 142.768 142.667 -9999 -9999 -9999 -9999 -9999 -9999 -9999 -9999 -9999 -9999 -9999 -9999 -9999 -9999 -9999 -9999 -9999
-9999 -9999 -9999 -9999 -9999 -9999 -9999 -9999 -9999 -9999 -9999 -9999 -9999 -9999 122.784 123.592 127.232 128.634 130.002 129.804 128.421 129.735 131.522 132.889 134.51 135.218 135.62 135.663 135.224 135.908 136.816 137.157 137.778 137.411 136.829 136.531 136.254 136.721 137.677 137.803 137.728 137.87 137.433 138.182 140.143 140.351 140.578 140.83 141.104 141.39 141.685 141.987 142.3 142.62 142.891 143.058 142.884 142.574 -9999 -9999 -9999 -9999 -9999 -9999 -9999 -9999 -9999 -9999 -9999 -9999 -9999 -9999 -9999 -9999
