Validation/Results/ReClimate_10_2024_1_Temperatureweatherlogisticsltd.asc
NCOLS 192
NROWS 249
XLLCENTER -225160.85627316462
YLLCENTER 29788.11610251502
CELLSIZE 5000.0
NODATA_VALUE -9999
[rows 102 to 135 of 249, columns 77 to 153 of 192]
-0.052 -0.047 -0.03 -0.013 -9999 -9999 -0.013 -9999 -9999 0.028 0.039 0.05 0.071 0.091 0.11 0.129 0.124 0.115 0.134 0.152 0.169 0.186 0.189 0.19 0.196 0.201 0.205 0.207 0.217 0.226 0.222 0.215 0.214 0.211 0.214 0.215 0.213 0.205 0.223 0.24 -9999 -9999 -9999 -9999 -9999 -9999 -9999 -9999 -9999 -9999 -9999 -9999 -9999 -9999 -9999 -9999 -9999 -9999 -9999 -9999 -9999 -9999 -9999 -9999 -9999 -9999 -9999 -9999 -9999 -9999 -9999 -9999 -9999 -9999 -9999 -9999 -9999
-0.035 -0.032 -9999 -9999 -9999 -0.011 -0.005 0.021 0.034 0.038 0.056 0.083 0.095 0.087 0.103 0.114 0.115 0.123 0.138 0.143 0.159 0.173 0.18 0.191 0.194 0.188 0.191 0.19 0.201 0.216 0.217 0.221 0.217 0.203 0.206 -9999 -9999 0.212 -9999 -9999 -9999 -9999 -9999 -9999 -9999 -9999 -9999 -9999 -9999 -9999 -9999 -9999 -9999 -9999 -9999 -9999 -9999 -9999 -9999 -9999 -9999 -9999 -9999 -9999 -9999 -9999 -9999 -9999 -9999 -9999 -9999 -9999 -9999 -9999 -9999 -9999 -9999
-9999 -0.026 -9999 -9999 -9999 -0.004 0.013 0.031 0.035 0.039 0.064 0.092 0.088 0.081 0.093 0.103 0.112 0.119 0.127 0.133 0.147 0.161 0.172 0.184 0.181 0.176 0.177 0.175 0.19 0.204 0.21 0.215 0.206 0.193 -9999 0.196 0.203 0.207 0.213 -9999 -9999 -9999 -9999 -9999 -9999 -9999 -9999 -9999 -9999 -9999 -9999 -9999 -9999 -9999 -9999 -9999 -9999 -9999 -9999 -9999 -9999 -9999 -9999 -9999 -9999 -9999 -9999 -9999 -9999 -9999 -9999 -9999 -9999 -9999 -9999 -9999 -9999
-9999 -9999 -9999 -0.003 0.008 0.014 0.024 0.025 0.032 0.045 0.069 0.091 0.09 0.09 0.103 0.114 0.118 0.108 0.117 0.126 0.136 0.138 0.151 0.167 0.172 0.186 0.186 0.179 0.194 0.209 0.213 0.209 -9999 0.213 0.214 0.204 0.208 0.203 0.202 -9999 -9999 -9999 -9999 -9999 -9999 -9999 -9999 -9999 -9999 -9999 -9999 -9999 -9999 -9999 -9999 -9999 -9999 -9999 -9999 -9999 -9999 -9999 -9999 -9999 -9999 -9999 -9999 -9999 -9999 -9999 -9999 -9999 -9999 -9999 -9999 -9999 -9999
-9999 -9999 -9999 0.005 0.008 0.019 0.019 0.02 0.032 0.045 0.065 0.087 0.089 0.089 0.101 0.113 0.107 0.098 0.108 0.117 0.121 0.123 0.137 0.153 0.168 0.182 0.179 0.173 0.188 0.203 0.203 0.199 0.207 0.213 0.208 0.199 0.198 0.194 0.196 0.192 -9999 -9999 -9999 -9999 -9999 -9999 -9999 -9999 -9999 -9999 -9999 -9999 -9999 -9999 -9999 -9999 -9999 -9999 -9999 -9999 -9999 -9999 -9999 -9999 -9999 -9999 -9999 -9999 -9999 -9999 -9999 -9999 -9999 -9999 -9999 -9999 -9999
-9999 -9999 -0.003 -9999 -9999 0.031 0.033 0.037 0.049 0.06 -9999 -9999 0.093 0.107 0.116 0.115 0.121 0.141 0.146 0.136 0.14 0.141 0.158 0.178 0.188 0.182 0.181 0.178 0.188 0.189 0.19 0.192 0.197 0.196 0.195 0.195 0.196 0.194 0.194 0.184 0.191 -9999 -9999 -9999 -9999 -9999 -9999 -9999 -9999 -9999 -9999 -9999 -9999 -9999 -9999 -9999 -9999 -9999 -9999 -9999 -9999 -9999 -9999 -9999 -9999 -9999 -9999 -9999 -9999 -9999 -9999 -9999 -9999 -9999 -9999 -9999 -9999
-9999 -9999 0.001 -9999 0.025 0.036 0.038 0.041 0.051 0.062 0.071 0.08 0.094 0.109 0.111 0.111 0.131 0.151 0.146 0.136 0.14 0.142 0.16 0.18 0.179 0.174 0.174 0.172 0.174 0.175 0.179 0.181 0.182 0.182 0.185 0.186 0.187 0.185 0.181 0.174 -9999 -9999 -9999 -9999 -9999 -9999 -9999 -9999 -9999 -9999 -9999 -9999 -9999 -9999 -9999 -9999 -9999 -9999 -9999 -9999 -9999 -9999 -9999 -9999 -9999 -9999 -9999 -9999 -9999 -9999 -9999 -9999 -9999 -9999 -9999 -9999 -9999
-9999 -9999 0.005 -9999 0.026 0.038 0.044 0.058 0.068 -9999 0.089 0.087 -9999 0.096 0.102 0.11 0.124 0.128 0.128 0.137 0.142 0.145 0.163 0.182 0.181 0.177 0.179 0.181 0.184 0.185 0.185 0.176 0.177 0.174 0.175 0.169 -9999 -9999 -9999 -9999 -9999 -9999 -9999 -9999 -9999 -9999 -9999 -9999 -9999 -9999 -9999 -9999 -9999 -9999 -9999 -9999 -9999 -9999 -9999 -9999 -9999 -9999 -9999 -9999 -9999 -9999 -9999 -9999 -9999 -9999 -9999 -9999 -9999 -9999 -9999 -9999 -9999
-0.001 0.0 -9999 -9999 0.027 0.038 0.051 0.064 0.074 0.086 0.087 0.085 -9999 0.087 0.096 0.104 0.11 0.112 0.122 0.131 0.136 0.139 0.157 0.175 0.174 0.17 0.174 0.176 0.179 0.18 0.175 0.166 0.165 0.163 0.164 -9999 -9999 -9999 -9999 -9999 -9999 -9999 -9999 -9999 -9999 -9999 -9999 -9999 -9999 -9999 -9999 -9999 -9999 -9999 -9999 -9999 -9999 -9999 -9999 -9999 -9999 -9999 -9999 -9999 -9999 -9999 -9999 -9999 -9999 -9999 -9999 -9999 -9999 -9999 -9999 -9999 -9999
0.008 0.012 -9999 0.017 0.024 0.052 0.054 -9999 0.054 0.071 0.073 0.08 -9999 0.089 0.105 0.13 0.135 0.13 0.137 0.136 0.143 0.15 0.162 0.159 0.161 0.165 -9999 0.157 0.158 0.157 0.155 0.155 0.158 0.161 -9999 -9999 -9999 -9999 -9999 -9999 -9999 -9999 -9999 -9999 -9999 -9999 -9999 -9999 -9999 -9999 -9999 -9999 -9999 -9999 -9999 -9999 -9999 -9999 -9999 -9999 -9999 -9999 -9999 -9999 -9999 -9999 -9999 -9999 -9999 -9999 -9999 -9999 -9999 -9999 -9999 -9999 -9999
0.023 -9999 -9999 0.015 0.034 0.053 -9999 0.037 0.049 0.062 0.068 0.074 -9999 0.085 0.109 0.135 0.135 0.131 0.132 0.132 0.139 0.147 0.147 0.146 0.151 0.155 0.15 0.142 -9999 -9999 0.143 0.143 -9999 -9999 -9999 -9999 -9999 -9999 0.152 0.155 0.151 -9999 -9999 -9999 -9999 -9999 -9999 -9999 -9999 -9999 -9999 -9999 -9999 -9999 -9999 -9999 -9999 -9999 -9999 -9999 -9999 -9999 -9999 -9999 -9999 -9999 -9999 -9999 -9999 -9999 -9999 -9999 -9999 -9999 -9999 -9999 -9999
-9999 -9999 0.032 0.034 0.047 0.044 -9999 0.049 0.058 0.064 0.066 0.064 -9999 -9999 -9999 0.135 0.134 0.128 0.127 0.119 0.13 0.148 0.148 0.144 0.151 0.162 0.159 0.154 0.156 0.155 0.156 0.148 -9999 -9999 -9999 -9999 -9999 0.147 0.148 0.141 0.142 0.145 -9999 -9999 -9999 -9999 -9999 -9999 -9999 -9999 -9999 -9999 -9999 -9999 -9999 -9999 -9999 -9999 -9999 -9999 -9999 -9999 -9999 -9999 -9999 -9999 -9999 -9999 -9999 -9999 -9999 -9999 -9999 -9999 -9999 -9999 -9999
-9999 -9999 -9999 0.042 0.042 0.04 -9999 0.054 -9999 0.063 0.061 0.059 -9999 0.093 0.111 0.128 -9999 0.121 0.116 0.108 0.124 0.141 0.139 0.135 0.146 0.156 0.155 0.151 0.152 0.151 0.147 0.14 0.141 0.133 0.139 -9999 0.144 0.143 0.136 0.123 0.127 0.129 0.132 0.136 -9999 -9999 -9999 -9999 -9999 -9999 -9999 -9999 -9999 -9999 -9999 -9999 -9999 -9999 -9999 -9999 -9999 -9999 -9999 -9999 -9999 -9999 -9999 -9999 -9999 -9999 -9999 -9999 -9999 -9999 -9999 -9999 -9999
-9999 -9999 -9999 0.044 0.048 0.057 -9999 0.064 -9999 0.09 0.092 -9999 0.083 0.102 0.11 0.104 0.113 0.139 0.136 0.131 0.143 0.143 0.144 0.143 0.156 0.17 0.167 0.156 0.151 0.133 0.131 0.131 0.137 0.147 0.153 0.149 0.15 0.136 0.134 0.138 0.142 0.142 0.144 0.132 0.122 0.12 0.116 -9999 -9999 -9999 -9999 -9999 -9999 -9999 -9999 -9999 -9999 -9999 -9999 -9999 -9999 -9999 -9999 -9999 -9999 -9999 -9999 -9999 -9999 -9999 -9999 -9999 -9999 -9999 -9999 -9999 -9999
-9999 -9999 -9999 0.045 0.054 0.063 0.067 -9999 -9999 0.098 0.103 -9999 0.092 0.102 0.097 0.09 0.112 0.139 0.137 0.133 0.136 0.137 0.139 0.139 0.152 0.165 0.158 0.147 0.133 0.115 0.117 0.117 0.129 0.141 0.141 0.139 0.132 0.122 0.127 0.133 0.135 0.137 0.131 0.122 0.121 0.113 0.11 0.109 -9999 -9999 -9999 -9999 -9999 -9999 -9999 -9999 -9999 -9999 -9999 -9999 -9999 -9999 -9999 -9999 -9999 -9999 -9999 -9999 -9999 -9999 -9999 -9999 -9999 -9999 -9999 -9999 -9999
-9999 -9999 -9999 0.046 0.058 0.077 0.074 -9999 -9999 0.086 0.086 -9999 -9999 0.104 0.099 0.09 0.107 0.118 0.118 0.121 0.123 0.122 0.125 0.131 0.139 0.14 0.137 0.14 0.128 0.112 0.115 0.119 0.129 0.134 0.132 0.124 0.124 0.13 0.133 0.128 0.132 0.135 0.129 0.117 0.115 0.108 0.109 0.1 -9999 -9999 -9999 -9999 -9999 -9999 -9999 -9999 -9999 -9999 -9999 -9999 -9999 -9999 -9999 -9999 -9999 -9999 -9999 -9999 -9999 -9999 -9999 -9999 -9999 -9999 -9999 -9999 -9999
-9999 -9999 -9999 0.049 0.064 0.08 -9999 -9999 -9999 -9999 0.078 -9999 0.093 0.101 0.095 0.087 0.095 0.104 0.108 0.11 0.109 0.108 0.113 0.117 0.119 0.12 0.124 0.127 0.116 0.101 0.105 0.109 0.114 0.119 0.114 0.108 0.115 0.122 0.12 0.115 0.12 0.124 0.116 0.105 0.103 0.099 0.094 0.085 0.098 -9999 -9999 -9999 -9999 -9999 -9999 -9999 -9999 -9999 -9999 -9999 -9999 -9999 -9999 -9999 -9999 -9999 -9999 -9999 -9999 -9999 -9999 -9999 -9999 -9999 -9999 -9999 -9999
-9999 0.058 0.061 0.066 0.075 -9999 -9999 0.062 -9999 -9999 -9999 -9999 0.095 0.111 0.105 0.095 0.102 0.105 0.105 0.096 0.094 0.089 0.094 0.102 0.106 0.113 0.119 0.126 0.117 0.107 0.11 0.104 0.109 0.114 0.107 0.092 0.103 0.119 0.116 0.108 0.114 0.12 0.118 0.12 0.116 0.098 0.099 0.107 0.089 -9999 -9999 -9999 -9999 -9999 -9999 -9999 -9999 -9999 -9999 -9999 -9999 -9999 -9999 -9999 -9999 -9999 -9999 -9999 -9999 -9999 -9999 -9999 -9999 -9999 -9999 -9999 -9999
-9999 -9999 0.065 0.074 0.07 -9999 0.064 0.062 0.073 -9999 -9999 -9999 -9999 0.11 0.103 0.094 0.098 0.101 0.095 0.085 0.081 0.075 0.082 0.089 0.095 0.102 0.108 0.115 0.108 0.099 0.096 0.09 0.095 0.1 0.09 0.076 0.091 0.108 0.104 0.097 0.104 0.111 0.115 0.118 0.107 0.091 0.099 0.108 0.103 0.084 -9999 -9999 -9999 -9999 -9999 -9999 -9999 -9999 -9999 -9999 -9999 -9999 -9999 -9999 -9999 -9999 -9999 -9999 -9999 -9999 -9999 -9999 -9999 -9999 -9999 -9999 -9999
-9999 -9999 0.053 0.064 0.062 -9999 0.066 0.082 0.091 -9999 -9999 -9999 -9999 -9999 0.108 0.104 0.11 0.117 0.106 0.081 0.076 0.065 0.073 0.084 0.09 0.099 0.102 0.099 0.094 0.091 0.085 0.072 0.076 0.079 0.077 0.088 0.1 0.102 0.102 0.106 0.113 0.117 0.123 0.129 0.116 0.091 0.097 0.097 0.089 0.078 0.075 -9999 -9999 -9999 -9999 -9999 -9999 -9999 -9999 -9999 -9999 -9999 -9999 -9999 -9999 -9999 -9999 -9999 -9999 -9999 -9999 -9999 -9999 -9999 -9999 -9999 -9999
-9999 -9999 0.061 0.062 -9999 -9999 0.067 0.09 0.09 0.077 -9999 -9999 -9999 -9999 -9999 0.104 0.111 0.116 0.097 0.074 0.066 0.055 0.064 0.075 0.082 0.09 0.089 0.085 0.084 0.08 0.07 0.058 0.061 0.064 0.075 0.086 0.09 0.092 0.097 0.102 0.107 0.111 0.119 0.126 0.108 0.084 0.085 0.085 0.077 0.068 0.063 0.065 0.065 -9999 -9999 -9999 -9999 -9999 -9999 -9999 -9999 -9999 -9999 -9999 -9999 -9999 -9999 -9999 -9999 -9999 -9999 -9999 -9999 -9999 -9999 -9999 -9999
-9999 -9999 0.068 0.096 -9999 -9999 0.069 0.074 0.07 -9999 -9999 -9999 -9999 -9999 -9999 0.112 0.116 0.118 0.1 0.074 0.066 0.051 0.065 0.087 0.088 0.077 0.077 0.078 0.077 0.076 0.071 0.066 0.066 0.056 0.07 0.09 0.088 0.072 0.079 0.091 0.097 0.103 0.108 0.107 0.095 0.087 0.091 0.096 0.091 0.082 0.065 0.051 0.069 -9999 -9999 -9999 -9999 -9999 -9999 -9999 -9999 -9999 -9999 -9999 -9999 -9999 -9999 -9999 -9999 -9999 -9999 -9999 -9999 -9999 -9999 -9999 -9999
-9999 -9999 0.1 0.112 -9999 -9999 -9999 0.066 0.06 0.055 -9999 -9999 -9999 -9999 -9999 0.108 0.111 0.112 0.093 0.069 0.058 0.044 0.063 0.085 0.076 0.065 0.066 0.066 0.067 0.068 0.066 0.062 0.056 0.047 0.064 0.083 0.072 0.057 0.068 0.079 0.086 0.092 0.093 0.092 0.088 0.081 0.088 0.096 0.092 0.083 0.067 0.045 0.062 -9999 -9999 -9999 -9999 -9999 -9999 -9999 -9999 -9999 -9999 -9999 -9999 -9999 -9999 -9999 -9999 -9999 -9999 -9999 -9999 -9999 -9999 -9999 -9999
-9999 0.086 0.103 0.123 -9999 -9999 -9999 -9999 -9999 -9999 -9999 -9999 -9999 -9999 -9999 0.117 0.111 0.091 0.081 0.083 0.071 0.047 0.061 0.067 0.053 0.028 0.035 0.054 0.058 0.067 0.06 0.043 0.038 0.035 0.049 0.059 0.054 0.059 0.072 0.086 0.091 0.087 0.085 0.073 0.067 0.055 0.067 0.087 0.081 0.071 0.076 0.067 0.057 0.074 -9999 -9999 -9999 -9999 -9999 -9999 -9999 -9999 -9999 -9999 -9999 -9999 -9999 -9999 -9999 -9999 -9999 -9999 -9999 -9999 -9999 -9999 -9999
0.097 0.099 0.112 0.129 -9999 -9999 -9999 -9999 -9999 -9999 -9999 -9999 -9999 0.089 0.106 0.115 0.097 0.076 0.079 0.082 0.065 0.043 0.048 0.053 0.032 0.007 0.023 0.042 0.05 0.058 0.045 0.029 0.027 0.025 0.033 0.042 0.048 0.053 0.067 0.082 0.081 0.078 0.07 0.059 0.051 0.042 0.06 0.079 0.073 0.063 0.068 0.071 0.063 0.077 -9999 -9999 -9999 -9999 -9999 -9999 -9999 -9999 -9999 -9999 -9999 -9999 -9999 -9999 -9999 -9999 -9999 -9999 -9999 -9999 -9999 -9999 -9999
0.108 0.109 0.122 -9999 -9999 -9999 -9999 -9999 -9999 -9999 -9999 -9999 -9999 0.086 0.096 0.109 0.095 0.088 0.083 0.068 0.057 0.054 0.06 0.064 0.049 0.035 0.045 0.045 0.047 0.034 0.031 0.045 0.046 0.051 0.053 0.04 0.043 0.042 0.057 0.078 0.076 0.068 0.063 0.059 0.057 0.057 0.071 0.076 0.07 0.058 0.07 0.078 0.089 0.057 -9999 -9999 -9999 -9999 -9999 -9999 -9999 -9999 -9999 -9999 -9999 -9999 -9999 -9999 -9999 -9999 -9999 -9999 -9999 -9999 -9999 -9999 -9999
-9999 -9999 -9999 -9999 -9999 -9999 -9999 -9999 -9999 -9999 -9999 -9999 -9999 0.084 0.09 0.101 0.094 0.087 0.073 0.056 0.054 0.051 0.055 0.061 0.051 0.038 0.038 0.039 0.03 0.017 0.03 0.044 0.049 0.054 0.045 0.032 0.032 0.031 0.049 0.069 0.065 0.058 0.057 0.055 0.058 0.06 0.066 0.071 0.064 0.053 0.065 0.077 0.088 0.07 -9999 -9999 -9999 -9999 -9999 -9999 -9999 -9999 -9999 -9999 -9999 -9999 -9999 -9999 -9999 -9999 -9999 -9999 -9999 -9999 -9999 -9999 -9999
-9999 -9999 -9999 -9999 -9999 -9999 -9999 -9999 -9999 -9999 -9999 -9999 0.078 0.072 0.078 0.08 0.077 0.081 0.07 0.063 0.058 0.046 0.047 0.042 0.038 0.043 0.039 0.025 0.019 0.014 0.022 0.024 0.026 0.026 0.023 0.033 0.034 0.035 0.048 0.051 0.047 0.045 0.044 0.044 0.05 0.059 0.063 0.06 0.059 0.051 0.062 0.073 0.079 0.09 -9999 -9999 -9999 -9999 -9999 -9999 -9999 -9999 -9999 -9999 -9999 -9999 -9999 -9999 -9999 -9999 -9999 -9999 -9999 -9999 -9999 -9999 -9999
-9999 -9999 -9999 -9999 -9999 -9999 -9999 -9999 -9999 -9999 -9999 -9999 0.07 0.066 0.066 0.067 0.071 0.074 0.067 0.06 0.049 0.038 0.032 0.026 0.031 0.037 0.026 0.012 0.01 0.006 0.008 0.01 0.009 0.008 0.017 0.027 0.029 0.031 0.034 0.037 0.036 0.034 0.036 0.036 0.046 0.056 0.056 0.053 0.052 0.048 0.058 0.068 0.075 0.079 -9999 -9999 -9999 -9999 -9999 -9999 -9999 -9999 -9999 -9999 -9999 -9999 -9999 -9999 -9999 -9999 -9999 -9999 -9999 -9999 -9999 -9999 -9999
-9999 -9999 -9999 -9999 -9999 -9999 -9999 -9999 -9999 -9999 -9999 0.074 0.065 0.078 0.075 0.068 0.068 0.064 0.062 0.069 0.059 0.045 0.041 0.041 0.043 0.04 0.032 0.025 0.026 0.025 0.023 0.006 0.008 0.013 0.019 0.019 0.025 0.037 0.037 0.027 0.029 0.036 0.039 0.038 0.046 0.05 0.053 0.059 0.06 0.058 0.067 0.076 0.088 0.09 0.09 -9999 -9999 -9999 -9999 -9999 -9999 -9999 -9999 -9999 -9999 -9999 -9999 -9999 -9999 -9999 -9999 -9999 -9999 -9999 -9999 -9999 -9999
-9999 -9999 -9999 -9999 -9999 -9999 -9999 -9999 -9999 -9999 0.08 0.069 0.071 0.079 0.07 0.063 0.059 0.054 0.059 0.066 0.055 0.041 0.041 0.04 0.037 0.034 0.029 0.023 0.026 0.026 0.014 -0.002 0.003 0.008 0.01 0.01 0.021 0.034 0.027 0.017 0.024 0.033 0.035 0.035 0.04 0.044 0.052 0.058 0.06 0.059 0.069 0.078 0.089 0.1 0.094 -9999 -9999 -9999 -9999 -9999 -9999 -9999 -9999 -9999 -9999 -9999 -9999 -9999 -9999 -9999 -9999 -9999 -9999 -9999 -9999 -9999 -9999
-9999 -9999 -9999 -9999 -9999 -9999 -9999 -9999 -9999 -9999 0.09 0.082 0.085 0.083 0.073 0.065 0.055 0.034 0.041 0.056 0.046 0.039 0.034 0.022 0.018 0.019 0.02 0.033 0.036 0.039 0.029 0.014 0.014 0.001 0.002 -0.002 0.011 0.029 0.025 0.023 0.033 0.046 0.049 0.047 0.055 0.062 0.066 0.057 0.063 0.065 0.071 0.077 0.083 0.091 0.102 -9999 -9999 -9999 -9999 -9999 -9999 -9999 -9999 -9999 -9999 -9999 -9999 -9999 -9999 -9999 -9999 -9999 -9999 -9999 -9999 -9999 -9999
-9999 -9999 -9999 -9999 -9999 -9999 -9999 -9999 -9999 0.116 0.104 0.086 0.084 0.082 0.07 0.06 0.042 0.021 0.031 0.045 0.039 0.032 0.021 0.008 0.007 0.008 0.018 0.031 0.035 0.039 0.029 0.015 0.005 -0.007 -0.009 -0.012 0.003 0.021 0.02 0.02 0.034 0.047 0.049 0.049 0.059 0.067 0.063 0.056 0.062 0.066 0.072 0.075 0.082 0.086 0.097 0.096 -9999 -9999 -9999 -9999 -9999 -9999 -9999 -9999 -9999 -9999 -9999 -9999 -9999 -9999 -9999 -9999 -9999 -9999 -9999 -9999 -9999
-9999 -9999 -9999 -9999 -9999 -9999 -9999 -9999 0.14 -9999 0.125 0.109 0.098 0.069 0.06 0.057 0.044 0.042 0.045 0.031 0.023 0.014 0.007 0.007 0.005 0.001 0.009 0.015 0.018 0.02 0.012 0.014 0.006 0.004 0.003 0.008 0.017 0.013 0.014 0.019 0.032 0.044 0.049 0.055 0.067 0.079 0.075 0.063 0.07 0.075 0.078 0.08 0.069 0.063 0.076 0.1 -9999 -9999 -9999 -9999 -9999 -9999 -9999 -9999 -9999 -9999 -9999 -9999 -9999 -9999 -9999 -9999 -9999 -9999 -9999 -9999 -9999
