Validation/Results/ReClimate_10_2023_1_Temperature-Actualsweatherlogisticsltd.asc
NCOLS 192
NROWS 249
XLLCENTER -225160.85627316462
YLLCENTER 29788.11610251502
CELLSIZE 5000.0
NODATA_VALUE -9999
[rows 102 to 135 of 249, columns 77 to 153 of 192]
5.342 5.258 7.089 7.908 -9999 -9999 7.015 -9999 -9999 6.741 4.663 4.406 5.734 4.934 3.113 4.54 3.642 3.62 3.856 4.35 5.711 4.894 4.162 3.437 3.926 4.769 4.195 4.418 5.422 6.122 6.488 6.409 6.014 5.461 6.333 6.583 6.639 6.82 6.891 7.108 -9999 -9999 -9999 -9999 -9999 -9999 -9999 -9999 -9999 -9999 -9999 -9999 -9999 -9999 -9999 -9999 -9999 -9999 -9999 -9999 -9999 -9999 -9999 -9999 -9999 -9999 -9999 -9999 -9999 -9999 -9999 -9999 -9999 -9999 -9999 -9999 -9999
5.678 6.819 -9999 -9999 -9999 7.593 6.475 6.678 6.183 6.027 5.25 6.748 6.279 4.805 4.702 5.011 5.046 5.012 4.968 5.0 4.18 4.927 4.268 4.472 4.286 4.006 4.556 5.194 5.889 6.367 6.485 6.3 5.808 6.434 6.944 -9999 -9999 7.161 -9999 -9999 -9999 -9999 -9999 -9999 -9999 -9999 -9999 -9999 -9999 -9999 -9999 -9999 -9999 -9999 -9999 -9999 -9999 -9999 -9999 -9999 -9999 -9999 -9999 -9999 -9999 -9999 -9999 -9999 -9999 -9999 -9999 -9999 -9999 -9999 -9999 -9999 -9999
-9999 7.17 -9999 -9999 -9999 7.298 6.285 5.946 5.846 6.177 6.694 6.047 4.966 4.706 5.123 5.423 5.031 4.647 5.172 4.768 5.812 5.071 4.83 5.474 5.86 6.074 5.932 6.248 6.454 6.445 6.56 6.59 6.573 6.977 -9999 6.895 6.998 7.007 7.101 -9999 -9999 -9999 -9999 -9999 -9999 -9999 -9999 -9999 -9999 -9999 -9999 -9999 -9999 -9999 -9999 -9999 -9999 -9999 -9999 -9999 -9999 -9999 -9999 -9999 -9999 -9999 -9999 -9999 -9999 -9999 -9999 -9999 -9999 -9999 -9999 -9999 -9999
-9999 -9999 -9999 7.776 7.322 6.442 6.164 5.669 5.98 5.719 5.049 4.678 4.593 5.476 5.39 5.882 4.678 5.616 4.418 5.653 4.642 3.933 5.513 6.084 5.935 6.217 6.591 6.547 6.7 6.751 6.855 6.906 -9999 6.915 6.85 6.929 6.862 7.036 7.067 -9999 -9999 -9999 -9999 -9999 -9999 -9999 -9999 -9999 -9999 -9999 -9999 -9999 -9999 -9999 -9999 -9999 -9999 -9999 -9999 -9999 -9999 -9999 -9999 -9999 -9999 -9999 -9999 -9999 -9999 -9999 -9999 -9999 -9999 -9999 -9999 -9999 -9999
-9999 -9999 -9999 7.636 7.704 7.037 5.96 5.952 6.206 5.243 6.014 5.909 5.51 4.877 6.195 6.26 5.374 4.619 5.194 5.132 4.113 4.993 4.921 4.675 5.577 6.06 6.15 6.358 6.347 6.143 6.134 6.046 6.271 6.747 6.939 6.697 6.502 6.736 6.839 7.253 -9999 -9999 -9999 -9999 -9999 -9999 -9999 -9999 -9999 -9999 -9999 -9999 -9999 -9999 -9999 -9999 -9999 -9999 -9999 -9999 -9999 -9999 -9999 -9999 -9999 -9999 -9999 -9999 -9999 -9999 -9999 -9999 -9999 -9999 -9999 -9999 -9999
-9999 -9999 7.813 -9999 -9999 6.899 6.083 6.556 5.718 6.104 -9999 -9999 5.186 5.144 5.977 6.395 5.431 5.459 5.611 5.27 5.484 6.022 5.469 5.724 6.04 6.277 5.89 5.366 4.92 5.155 5.363 5.83 6.224 6.376 6.752 6.338 6.467 6.478 6.83 7.258 7.544 -9999 -9999 -9999 -9999 -9999 -9999 -9999 -9999 -9999 -9999 -9999 -9999 -9999 -9999 -9999 -9999 -9999 -9999 -9999 -9999 -9999 -9999 -9999 -9999 -9999 -9999 -9999 -9999 -9999 -9999 -9999 -9999 -9999 -9999 -9999 -9999
-9999 -9999 7.871 -9999 7.547 6.894 6.828 5.842 5.921 6.989 7.016 5.584 5.058 5.907 7.55 5.912 4.763 6.338 6.222 5.802 6.232 6.394 6.447 6.596 6.463 5.505 4.606 4.592 5.071 5.438 5.925 6.142 6.122 6.386 6.544 6.719 7.118 7.458 7.661 7.862 -9999 -9999 -9999 -9999 -9999 -9999 -9999 -9999 -9999 -9999 -9999 -9999 -9999 -9999 -9999 -9999 -9999 -9999 -9999 -9999 -9999 -9999 -9999 -9999 -9999 -9999 -9999 -9999 -9999 -9999 -9999 -9999 -9999 -9999 -9999 -9999 -9999
-9999 -9999 7.929 -9999 7.523 7.474 6.775 6.58 7.072 -9999 5.692 5.959 -9999 6.103 6.182 5.909 6.651 5.566 6.428 6.683 6.973 7.014 7.108 7.099 6.674 5.85 6.234 6.427 6.369 6.144 6.004 6.235 6.303 6.691 6.981 7.361 -9999 -9999 -9999 -9999 -9999 -9999 -9999 -9999 -9999 -9999 -9999 -9999 -9999 -9999 -9999 -9999 -9999 -9999 -9999 -9999 -9999 -9999 -9999 -9999 -9999 -9999 -9999 -9999 -9999 -9999 -9999 -9999 -9999 -9999 -9999 -9999 -9999 -9999 -9999 -9999 -9999
7.979 7.902 -9999 -9999 7.868 7.413 6.988 7.307 7.194 5.59 5.864 5.099 -9999 6.785 6.072 6.572 6.65 6.51 6.504 6.828 6.704 6.522 6.36 6.474 6.88 7.296 7.211 7.023 6.649 6.256 6.178 6.37 6.562 6.814 7.311 -9999 -9999 -9999 -9999 -9999 -9999 -9999 -9999 -9999 -9999 -9999 -9999 -9999 -9999 -9999 -9999 -9999 -9999 -9999 -9999 -9999 -9999 -9999 -9999 -9999 -9999 -9999 -9999 -9999 -9999 -9999 -9999 -9999 -9999 -9999 -9999 -9999 -9999 -9999 -9999 -9999 -9999
8.099 8.053 -9999 8.092 6.868 6.827 7.504 -9999 6.096 6.217 5.23 5.367 -9999 6.559 5.804 6.705 7.45 7.232 7.229 6.892 6.536 6.14 5.573 5.947 6.792 7.181 -9999 7.298 6.998 6.799 6.752 6.735 6.651 7.082 -9999 -9999 -9999 -9999 -9999 -9999 -9999 -9999 -9999 -9999 -9999 -9999 -9999 -9999 -9999 -9999 -9999 -9999 -9999 -9999 -9999 -9999 -9999 -9999 -9999 -9999 -9999 -9999 -9999 -9999 -9999 -9999 -9999 -9999 -9999 -9999 -9999 -9999 -9999 -9999 -9999 -9999 -9999
8.352 -9999 -9999 7.63 6.476 7.285 -9999 6.965 6.522 6.151 5.652 6.297 -9999 7.313 7.044 7.299 7.471 7.266 6.987 6.623 5.207 5.033 5.193 5.712 6.612 7.284 7.478 7.559 -9999 -9999 7.266 7.192 -9999 -9999 -9999 -9999 -9999 -9999 7.799 7.891 8.031 -9999 -9999 -9999 -9999 -9999 -9999 -9999 -9999 -9999 -9999 -9999 -9999 -9999 -9999 -9999 -9999 -9999 -9999 -9999 -9999 -9999 -9999 -9999 -9999 -9999 -9999 -9999 -9999 -9999 -9999 -9999 -9999 -9999 -9999 -9999 -9999
-9999 -9999 7.563 7.088 7.64 7.204 -9999 7.144 6.422 6.775 6.856 6.159 -9999 -9999 -9999 7.615 7.139 6.501 6.366 6.167 6.128 6.331 6.241 6.412 6.553 6.771 7.035 7.383 7.449 7.219 7.091 7.355 -9999 -9999 -9999 -9999 -9999 7.542 7.673 7.536 7.782 7.924 -9999 -9999 -9999 -9999 -9999 -9999 -9999 -9999 -9999 -9999 -9999 -9999 -9999 -9999 -9999 -9999 -9999 -9999 -9999 -9999 -9999 -9999 -9999 -9999 -9999 -9999 -9999 -9999 -9999 -9999 -9999 -9999 -9999 -9999 -9999
-9999 -9999 -9999 8.136 6.982 7.434 -9999 7.18 -9999 7.307 6.505 7.397 -9999 7.809 7.153 6.915 -9999 6.828 7.035 6.952 7.032 6.844 6.742 6.475 6.33 6.356 6.606 6.807 6.509 6.51 6.946 7.185 7.335 7.424 7.633 -9999 7.577 7.416 7.258 7.307 7.08 6.902 6.986 7.91 -9999 -9999 -9999 -9999 -9999 -9999 -9999 -9999 -9999 -9999 -9999 -9999 -9999 -9999 -9999 -9999 -9999 -9999 -9999 -9999 -9999 -9999 -9999 -9999 -9999 -9999 -9999 -9999 -9999 -9999 -9999 -9999 -9999
-9999 -9999 -9999 7.381 6.599 7.603 -9999 8.092 -9999 7.61 7.872 -9999 7.72 6.798 6.276 6.798 7.151 7.269 7.199 7.379 7.373 6.917 6.802 6.485 6.165 6.167 6.249 6.307 6.343 6.463 6.632 6.615 6.669 6.819 7.276 7.377 7.061 6.987 6.884 6.778 6.305 6.06 5.993 6.48 7.37 7.659 7.462 -9999 -9999 -9999 -9999 -9999 -9999 -9999 -9999 -9999 -9999 -9999 -9999 -9999 -9999 -9999 -9999 -9999 -9999 -9999 -9999 -9999 -9999 -9999 -9999 -9999 -9999 -9999 -9999 -9999 -9999
-9999 -9999 -9999 7.39 7.62 7.446 7.512 -9999 -9999 8.446 8.296 -9999 7.763 6.256 5.852 6.565 6.901 7.271 7.414 7.436 7.294 7.415 7.08 6.678 6.376 5.965 5.943 6.044 6.177 6.117 5.857 5.658 5.637 6.396 7.012 6.917 6.664 6.49 6.164 5.345 5.252 5.614 5.698 6.125 6.243 6.922 7.439 7.342 -9999 -9999 -9999 -9999 -9999 -9999 -9999 -9999 -9999 -9999 -9999 -9999 -9999 -9999 -9999 -9999 -9999 -9999 -9999 -9999 -9999 -9999 -9999 -9999 -9999 -9999 -9999 -9999 -9999
-9999 -9999 -9999 7.905 7.671 7.182 8.277 -9999 -9999 8.661 8.716 -9999 -9999 6.329 6.227 6.784 6.74 6.686 6.898 6.988 7.144 6.893 7.089 7.019 6.557 6.199 5.823 5.699 5.518 5.5 5.142 5.132 5.705 6.132 6.293 6.237 6.018 5.7 5.189 5.102 5.135 5.51 5.812 6.129 6.606 6.756 6.771 7.157 -9999 -9999 -9999 -9999 -9999 -9999 -9999 -9999 -9999 -9999 -9999 -9999 -9999 -9999 -9999 -9999 -9999 -9999 -9999 -9999 -9999 -9999 -9999 -9999 -9999 -9999 -9999 -9999 -9999
-9999 -9999 -9999 8.16 7.449 7.679 -9999 -9999 -9999 -9999 8.916 -9999 7.969 6.711 6.995 7.05 6.552 6.353 6.268 6.571 6.612 6.671 6.686 6.765 6.726 6.063 5.622 5.537 5.541 5.263 5.12 5.499 5.724 5.699 5.645 5.201 5.275 5.404 5.472 5.435 5.481 5.72 5.95 6.315 6.714 6.728 6.795 7.113 7.238 -9999 -9999 -9999 -9999 -9999 -9999 -9999 -9999 -9999 -9999 -9999 -9999 -9999 -9999 -9999 -9999 -9999 -9999 -9999 -9999 -9999 -9999 -9999 -9999 -9999 -9999 -9999 -9999
-9999 7.815 7.712 7.462 7.676 -9999 -9999 7.344 -9999 -9999 -9999 -9999 8.201 7.539 7.465 7.147 6.814 6.405 6.141 6.052 5.935 5.933 6.191 6.386 6.432 6.306 5.691 5.656 5.539 5.568 5.851 5.813 5.422 5.449 4.657 4.352 4.84 5.204 5.396 5.737 5.894 6.05 6.071 6.413 6.804 6.917 6.912 6.969 7.058 -9999 -9999 -9999 -9999 -9999 -9999 -9999 -9999 -9999 -9999 -9999 -9999 -9999 -9999 -9999 -9999 -9999 -9999 -9999 -9999 -9999 -9999 -9999 -9999 -9999 -9999 -9999 -9999
-9999 -9999 7.327 7.343 7.905 -9999 7.291 6.603 7.316 -9999 -9999 -9999 -9999 8.308 7.909 7.618 7.238 6.853 6.467 5.98 5.804 5.922 6.124 6.188 6.294 5.913 5.955 5.822 5.694 5.629 5.71 5.355 5.856 5.376 5.196 5.039 4.687 4.945 5.615 5.909 6.226 6.314 6.36 6.621 6.944 6.965 6.891 6.689 6.698 7.046 -9999 -9999 -9999 -9999 -9999 -9999 -9999 -9999 -9999 -9999 -9999 -9999 -9999 -9999 -9999 -9999 -9999 -9999 -9999 -9999 -9999 -9999 -9999 -9999 -9999 -9999 -9999
-9999 -9999 7.726 7.455 7.696 -9999 7.663 6.651 7.514 -9999 -9999 -9999 -9999 -9999 8.235 7.93 7.623 7.415 7.007 6.614 6.293 5.877 5.52 5.644 5.873 6.078 6.171 5.91 5.722 5.794 5.617 5.658 5.884 5.642 5.519 5.531 5.9 6.008 6.232 6.254 6.454 6.355 6.536 6.887 6.981 6.994 6.872 6.695 6.402 6.694 7.179 -9999 -9999 -9999 -9999 -9999 -9999 -9999 -9999 -9999 -9999 -9999 -9999 -9999 -9999 -9999 -9999 -9999 -9999 -9999 -9999 -9999 -9999 -9999 -9999 -9999 -9999
-9999 -9999 7.66 7.303 -9999 -9999 8.119 7.184 7.019 7.979 -9999 -9999 -9999 -9999 -9999 8.077 7.559 7.165 6.967 6.34 5.758 5.444 5.148 5.226 5.522 5.9 5.719 5.834 5.751 5.51 5.425 5.684 4.542 5.218 5.059 5.671 5.324 5.841 6.373 6.237 6.401 6.637 6.776 6.67 6.496 6.495 6.664 6.559 6.824 6.471 6.913 7.331 7.89 -9999 -9999 -9999 -9999 -9999 -9999 -9999 -9999 -9999 -9999 -9999 -9999 -9999 -9999 -9999 -9999 -9999 -9999 -9999 -9999 -9999 -9999 -9999 -9999
-9999 -9999 7.51 8.234 -9999 -9999 7.741 6.72 6.89 -9999 -9999 -9999 -9999 -9999 -9999 8.127 7.537 7.122 6.81 6.278 6.001 5.877 5.584 5.472 5.371 5.409 5.451 5.505 4.864 4.422 5.19 4.359 3.948 4.285 5.239 5.141 5.629 6.285 6.015 6.147 6.412 6.421 6.481 6.541 6.417 6.427 6.06 6.025 6.699 6.658 6.499 7.036 7.58 -9999 -9999 -9999 -9999 -9999 -9999 -9999 -9999 -9999 -9999 -9999 -9999 -9999 -9999 -9999 -9999 -9999 -9999 -9999 -9999 -9999 -9999 -9999 -9999
-9999 -9999 8.025 8.887 -9999 -9999 -9999 7.886 7.631 7.86 -9999 -9999 -9999 -9999 -9999 8.113 7.536 7.148 6.877 6.531 6.342 5.768 5.106 4.849 5.183 5.096 5.489 5.382 4.926 4.834 5.206 3.968 4.415 4.977 4.763 5.143 5.936 5.74 6.039 6.047 6.199 6.482 6.367 6.209 6.226 5.917 4.951 5.347 5.985 6.636 6.517 6.661 7.245 -9999 -9999 -9999 -9999 -9999 -9999 -9999 -9999 -9999 -9999 -9999 -9999 -9999 -9999 -9999 -9999 -9999 -9999 -9999 -9999 -9999 -9999 -9999 -9999
-9999 7.692 8.03 8.844 -9999 -9999 -9999 -9999 -9999 -9999 -9999 -9999 -9999 -9999 -9999 7.733 7.18 6.932 6.701 6.456 6.227 5.544 5.154 5.054 5.211 5.265 5.021 5.114 4.541 4.717 4.183 3.875 4.407 4.989 4.786 5.152 5.327 5.762 5.802 6.12 6.109 6.045 6.215 5.958 5.84 4.968 4.843 4.824 5.907 6.665 6.739 6.679 7.033 8.049 -9999 -9999 -9999 -9999 -9999 -9999 -9999 -9999 -9999 -9999 -9999 -9999 -9999 -9999 -9999 -9999 -9999 -9999 -9999 -9999 -9999 -9999 -9999
7.766 7.768 7.819 8.969 -9999 -9999 -9999 -9999 -9999 -9999 -9999 -9999 -9999 8.002 7.838 7.438 6.856 6.361 6.057 6.146 6.093 5.911 5.688 5.939 5.467 4.702 4.795 4.854 4.889 5.197 4.787 4.05 5.167 5.029 5.037 5.167 5.512 5.815 6.122 5.688 5.766 5.986 5.92 5.689 5.096 4.94 4.929 5.099 5.805 6.708 6.848 6.696 7.005 7.713 -9999 -9999 -9999 -9999 -9999 -9999 -9999 -9999 -9999 -9999 -9999 -9999 -9999 -9999 -9999 -9999 -9999 -9999 -9999 -9999 -9999 -9999 -9999
7.785 8.236 8.969 -9999 -9999 -9999 -9999 -9999 -9999 -9999 -9999 -9999 -9999 7.874 7.766 7.269 6.579 6.194 6.175 5.583 5.216 5.235 5.179 5.426 5.458 5.511 5.345 4.964 5.242 5.582 5.324 5.166 4.59 4.979 4.834 5.35 5.644 6.132 5.784 5.636 5.723 5.691 5.365 4.867 4.63 4.988 5.328 5.692 6.212 6.248 6.255 6.525 6.922 7.54 -9999 -9999 -9999 -9999 -9999 -9999 -9999 -9999 -9999 -9999 -9999 -9999 -9999 -9999 -9999 -9999 -9999 -9999 -9999 -9999 -9999 -9999 -9999
-9999 -9999 -9999 -9999 -9999 -9999 -9999 -9999 -9999 -9999 -9999 -9999 -9999 7.717 7.44 6.659 6.582 6.392 6.074 5.201 5.05 4.503 4.819 5.133 5.481 5.614 5.3 4.275 4.722 5.758 5.982 5.056 4.867 5.043 5.122 5.081 5.672 5.292 5.135 5.357 5.035 4.802 4.522 5.158 5.228 5.267 5.42 5.685 6.415 6.578 6.439 6.577 7.122 7.613 -9999 -9999 -9999 -9999 -9999 -9999 -9999 -9999 -9999 -9999 -9999 -9999 -9999 -9999 -9999 -9999 -9999 -9999 -9999 -9999 -9999 -9999 -9999
-9999 -9999 -9999 -9999 -9999 -9999 -9999 -9999 -9999 -9999 -9999 -9999 7.681 7.14 6.354 6.46 6.19 6.344 6.134 5.838 4.896 4.862 4.763 5.075 5.362 6.141 5.718 5.187 5.351 5.868 6.2 5.791 5.477 5.319 5.167 5.198 4.825 5.391 5.577 5.334 5.057 4.184 4.907 4.808 5.141 5.561 5.532 5.71 5.75 6.417 6.746 6.938 7.274 7.683 -9999 -9999 -9999 -9999 -9999 -9999 -9999 -9999 -9999 -9999 -9999 -9999 -9999 -9999 -9999 -9999 -9999 -9999 -9999 -9999 -9999 -9999 -9999
-9999 -9999 -9999 -9999 -9999 -9999 -9999 -9999 -9999 -9999 -9999 -9999 7.31 6.682 6.257 5.586 5.874 6.301 6.127 5.354 5.786 5.331 5.18 5.479 5.909 6.69 6.488 5.955 5.708 5.869 6.542 6.196 5.943 5.798 5.68 5.014 5.755 5.278 5.57 5.533 4.378 5.292 4.937 5.082 5.515 5.559 5.898 5.82 5.609 6.069 6.582 6.869 7.27 7.744 -9999 -9999 -9999 -9999 -9999 -9999 -9999 -9999 -9999 -9999 -9999 -9999 -9999 -9999 -9999 -9999 -9999 -9999 -9999 -9999 -9999 -9999 -9999
-9999 -9999 -9999 -9999 -9999 -9999 -9999 -9999 -9999 -9999 -9999 7.649 6.874 6.712 5.831 6.012 5.769 5.06 5.438 5.861 6.033 5.619 5.773 5.913 6.0 6.35 6.396 6.12 6.149 6.834 6.816 6.426 5.949 5.855 5.21 5.938 5.648 5.269 5.867 4.993 4.88 5.443 5.662 5.867 5.561 5.622 5.764 5.653 5.977 6.295 6.665 6.95 7.262 7.67 8.058 -9999 -9999 -9999 -9999 -9999 -9999 -9999 -9999 -9999 -9999 -9999 -9999 -9999 -9999 -9999 -9999 -9999 -9999 -9999 -9999 -9999 -9999
-9999 -9999 -9999 -9999 -9999 -9999 -9999 -9999 -9999 -9999 7.809 7.314 6.875 6.728 6.51 6.283 5.688 5.735 5.65 5.381 6.294 6.22 6.154 5.962 6.001 6.258 6.53 6.866 7.041 6.811 6.983 6.614 6.186 5.864 6.013 6.186 5.864 5.826 6.014 5.156 4.943 5.254 5.417 5.557 5.664 5.95 5.962 5.807 6.221 6.432 6.636 6.872 7.242 7.612 8.069 -9999 -9999 -9999 -9999 -9999 -9999 -9999 -9999 -9999 -9999 -9999 -9999 -9999 -9999 -9999 -9999 -9999 -9999 -9999 -9999 -9999 -9999
-9999 -9999 -9999 -9999 -9999 -9999 -9999 -9999 -9999 -9999 7.699 6.341 6.725 6.752 6.716 6.768 6.196 5.188 5.377 6.302 6.455 6.571 6.438 6.279 6.138 6.017 6.964 7.284 7.185 7.196 6.817 6.761 6.316 6.329 6.258 6.402 6.134 6.146 5.793 5.62 5.349 5.305 5.49 5.542 6.013 6.324 6.218 6.175 6.206 6.372 6.681 7.03 7.158 7.427 7.892 -9999 -9999 -9999 -9999 -9999 -9999 -9999 -9999 -9999 -9999 -9999 -9999 -9999 -9999 -9999 -9999 -9999 -9999 -9999 -9999 -9999 -9999
-9999 -9999 -9999 -9999 -9999 -9999 -9999 -9999 -9999 8.161 6.824 6.728 6.65 6.691 6.897 6.984 6.244 5.804 6.13 6.209 6.533 6.636 6.706 6.388 6.092 6.679 6.89 7.172 7.649 7.237 7.125 6.874 6.799 6.608 6.615 6.685 6.567 6.151 6.317 5.976 5.414 5.643 5.644 5.764 5.878 6.29 6.413 6.692 6.451 6.472 6.731 7.085 7.306 7.362 7.669 8.307 -9999 -9999 -9999 -9999 -9999 -9999 -9999 -9999 -9999 -9999 -9999 -9999 -9999 -9999 -9999 -9999 -9999 -9999 -9999 -9999 -9999
-9999 -9999 -9999 -9999 -9999 -9999 -9999 -9999 8.42 -9999 7.457 6.866 6.735 6.745 7.05 7.341 6.98 6.892 6.416 5.971 6.409 6.757 6.844 6.786 6.783 6.88 6.957 7.289 7.514 7.356 7.487 7.324 7.113 6.948 7.023 7.11 7.011 6.814 6.579 6.263 6.261 6.043 5.989 5.983 6.256 6.597 7.074 6.608 6.335 6.605 6.853 7.097 7.315 7.472 7.627 8.073 -9999 -9999 -9999 -9999 -9999 -9999 -9999 -9999 -9999 -9999 -9999 -9999 -9999 -9999 -9999 -9999 -9999 -9999 -9999 -9999 -9999
