Validation/Results/ReClimate_09_2024_1_Precipitation-Actualsweatherlogisticsltd.asc
NCOLS 192
NROWS 249
XLLCENTER -225160.85627316462
YLLCENTER 29788.11610251502
CELLSIZE 5000.0
NODATA_VALUE -9999
[rows 132 to 164 of 249, columns 74 to 147 of 192]
-9999 -9999 -9999 -9999 -9999 -9999 -9999 -9999 -9999 -9999 -9999 -9999 -9999 183.151 193.246 208.085 218.544 231.295 235.296 266.982 291.318 315.868 303.095 229.375 202.068 203.657 212.587 195.024 182.888 181.366 172.795 166.787 164.162 163.034 161.482 178.009 186.646 183.336 173.598 181.905 178.762 171.676 184.343 178.482 168.761 153.328 139.455 127.883 110.273 103.466 103.139 96.818 89.759 85.43 88.746 80.374 74.577 73.267 -9999 -9999 -9999 -9999 -9999 -9999 -9999 -9999 -9999 -9999 -9999 -9999 -9999 -9999 -9999 -9999
137.192 -9999 -9999 -9999 -9999 -9999 -9999 -9999 -9999 -9999 -9999 -9999 -9999 189.466 227.801 212.542 211.742 213.368 219.606 260.011 326.002 341.759 279.437 243.652 210.174 210.064 202.062 196.988 206.3 173.225 162.463 163.801 159.648 157.283 159.46 171.904 168.117 162.419 157.055 158.755 151.277 158.321 162.573 164.063 165.137 148.999 137.607 114.01 105.224 101.313 93.436 92.212 90.931 83.783 78.742 79.453 68.097 70.0 -9999 -9999 -9999 -9999 -9999 -9999 -9999 -9999 -9999 -9999 -9999 -9999 -9999 -9999 -9999 -9999
155.498 -9999 -9999 -9999 -9999 -9999 -9999 -9999 -9999 -9999 -9999 -9999 185.305 219.461 215.748 211.999 213.077 210.547 209.825 260.448 290.722 276.911 291.282 251.186 222.953 198.089 190.675 201.761 185.183 174.659 159.564 141.249 155.272 147.494 148.655 151.84 150.38 143.964 139.216 135.161 141.796 140.666 154.243 175.438 159.156 154.694 130.119 117.158 104.161 94.811 84.51 82.032 84.796 85.603 80.112 76.232 76.731 72.538 70.256 -9999 -9999 -9999 -9999 -9999 -9999 -9999 -9999 -9999 -9999 -9999 -9999 -9999 -9999 -9999
144.442 -9999 -9999 -9999 -9999 -9999 -9999 -9999 -9999 -9999 -9999 169.587 -9999 192.802 208.59 206.035 203.796 189.243 186.474 205.056 216.904 267.784 290.733 247.067 209.708 183.432 176.266 175.149 178.354 176.232 169.147 162.728 157.824 138.595 134.671 137.341 134.149 125.48 118.653 121.709 123.564 129.141 138.821 133.442 140.49 131.343 114.734 101.912 94.443 79.585 87.205 90.375 82.593 81.06 78.516 77.276 77.632 76.465 73.224 -9999 -9999 -9999 -9999 -9999 -9999 -9999 -9999 -9999 -9999 -9999 -9999 -9999 -9999 -9999
153.988 137.627 -9999 -9999 -9999 -9999 -9999 -9999 -9999 -9999 -9999 161.468 -9999 174.538 183.229 182.105 183.608 175.084 172.917 171.538 191.281 242.36 253.115 232.473 200.332 176.984 167.626 168.243 176.457 193.071 206.157 -9999 -9999 -9999 -9999 -9999 -9999 116.403 111.854 113.774 117.242 115.42 109.43 121.556 129.486 114.164 101.935 105.027 89.84 89.703 90.333 78.307 81.089 77.175 79.492 71.759 73.668 74.433 73.34 69.074 -9999 -9999 -9999 -9999 -9999 -9999 -9999 -9999 -9999 -9999 -9999 -9999 -9999 -9999
162.157 142.604 120.064 -9999 -9999 -9999 -9999 -9999 -9999 -9999 -9999 155.608 155.897 154.648 156.595 168.026 170.73 173.705 167.327 164.01 179.459 215.913 238.467 215.242 198.308 178.434 171.619 179.082 170.707 186.739 187.779 -9999 -9999 -9999 -9999 124.98 119.92 113.096 110.682 108.801 112.175 111.217 121.805 138.481 141.582 122.114 115.472 102.74 96.464 97.54 84.352 80.214 83.347 78.762 75.442 86.337 82.268 76.156 76.084 67.45 -9999 -9999 -9999 -9999 -9999 -9999 -9999 -9999 -9999 -9999 -9999 -9999 -9999 -9999
154.071 135.203 127.602 119.75 -9999 -9999 -9999 -9999 -9999 -9999 -9999 149.916 143.255 142.994 -9999 -9999 167.797 168.519 161.752 159.868 -9999 184.894 193.002 189.018 187.528 170.417 177.058 173.117 165.287 -9999 -9999 -9999 -9999 -9999 125.703 123.123 117.39 108.957 110.214 108.446 109.192 117.136 134.615 163.357 173.038 148.707 139.417 115.071 112.455 98.485 91.049 93.944 83.146 86.161 81.464 81.805 82.989 79.526 76.097 71.091 -9999 -9999 -9999 -9999 -9999 -9999 -9999 -9999 -9999 -9999 -9999 -9999 -9999 -9999
131.721 136.065 135.919 122.863 -9999 -9999 -9999 -9999 -9999 -9999 -9999 -9999 139.961 133.134 -9999 -9999 -9999 151.553 149.256 149.696 163.073 -9999 -9999 163.575 160.548 164.157 178.594 175.467 -9999 -9999 -9999 -9999 -9999 144.597 130.679 127.616 121.95 117.645 116.346 113.426 114.018 117.423 128.455 164.874 167.653 173.455 148.595 150.851 141.804 127.148 111.727 110.431 102.63 88.653 86.787 87.131 80.721 79.172 80.137 78.277 -9999 -9999 -9999 -9999 -9999 -9999 -9999 -9999 -9999 -9999 -9999 -9999 -9999 -9999
122.743 128.262 122.764 -9999 -9999 -9999 -9999 -9999 -9999 -9999 -9999 -9999 -9999 130.129 -9999 -9999 -9999 -9999 139.077 148.476 166.32 -9999 -9999 -9999 157.544 161.66 -9999 -9999 -9999 -9999 -9999 -9999 -9999 142.141 136.922 141.581 138.92 140.789 132.997 123.945 113.311 113.026 137.167 143.506 160.749 166.747 169.793 177.287 166.472 148.601 125.421 121.839 116.646 99.174 87.126 81.173 78.11 76.687 83.136 79.473 -9999 -9999 -9999 -9999 -9999 -9999 -9999 -9999 -9999 -9999 -9999 -9999 -9999 -9999
125.225 115.579 -9999 -9999 -9999 -9999 -9999 -9999 -9999 -9999 -9999 -9999 -9999 137.439 -9999 -9999 -9999 -9999 -9999 148.555 156.907 -9999 -9999 -9999 -9999 -9999 -9999 -9999 -9999 -9999 -9999 -9999 -9999 148.516 158.502 162.654 173.65 174.124 163.034 147.718 136.431 124.711 128.31 149.433 179.365 202.114 205.168 192.573 174.769 139.149 125.194 112.863 103.062 99.899 96.213 86.174 76.372 81.052 87.667 87.583 75.13 -9999 -9999 -9999 -9999 -9999 -9999 -9999 -9999 -9999 -9999 -9999 -9999 -9999
118.726 -9999 110.965 112.069 109.428 102.007 -9999 -9999 -9999 -9999 -9999 -9999 -9999 135.889 -9999 -9999 -9999 -9999 -9999 -9999 -9999 -9999 -9999 -9999 -9999 -9999 -9999 -9999 -9999 -9999 -9999 -9999 160.56 169.349 168.667 172.45 178.566 209.543 206.854 187.0 146.314 130.003 132.902 122.589 155.31 194.724 203.457 201.102 171.07 178.386 165.885 129.716 112.464 91.421 89.369 88.112 85.238 83.706 85.873 88.064 82.324 72.63 -9999 -9999 -9999 -9999 -9999 -9999 -9999 -9999 -9999 -9999 -9999 -9999
111.061 110.351 112.194 109.245 100.067 100.525 -9999 -9999 -9999 -9999 -9999 -9999 -9999 -9999 -9999 -9999 -9999 -9999 -9999 -9999 -9999 -9999 -9999 -9999 -9999 -9999 -9999 -9999 -9999 -9999 -9999 172.745 174.932 183.796 189.847 200.133 231.014 284.829 260.285 200.981 169.521 143.678 116.356 116.226 141.279 184.418 229.901 201.538 183.222 168.089 150.218 136.172 121.744 106.839 91.151 83.984 79.025 78.844 78.678 80.205 71.705 65.86 -9999 -9999 -9999 -9999 -9999 -9999 -9999 -9999 -9999 -9999 -9999 -9999
108.442 111.425 109.774 103.754 -9999 97.61 97.412 -9999 -9999 -9999 -9999 -9999 -9999 -9999 -9999 -9999 -9999 -9999 -9999 -9999 -9999 -9999 -9999 -9999 -9999 -9999 -9999 -9999 -9999 -9999 -9999 181.354 185.13 204.107 250.414 266.197 276.109 265.924 264.659 241.814 195.302 162.656 141.438 127.665 134.319 167.33 191.057 212.152 182.831 161.365 138.443 122.516 102.978 96.216 86.786 86.576 78.847 76.482 72.675 73.024 68.839 61.976 61.655 62.527 -9999 -9999 -9999 -9999 -9999 -9999 -9999 -9999 -9999 -9999
111.505 112.97 107.328 98.26 -9999 -9999 96.441 -9999 -9999 -9999 -9999 -9999 -9999 -9999 -9999 -9999 -9999 -9999 -9999 -9999 -9999 -9999 -9999 -9999 -9999 -9999 -9999 -9999 -9999 -9999 -9999 189.578 196.125 229.726 258.1 298.328 309.049 329.628 320.188 276.366 238.902 216.035 178.148 152.609 133.43 118.952 147.225 158.724 140.723 144.443 131.097 108.021 95.382 86.566 79.318 72.848 76.932 71.351 71.207 70.958 69.935 68.674 79.415 79.095 75.34 71.23 82.116 -9999 -9999 -9999 -9999 -9999 -9999 -9999
109.235 110.216 100.594 84.376 93.251 -9999 95.476 -9999 -9999 -9999 -9999 -9999 -9999 -9999 -9999 -9999 -9999 -9999 -9999 -9999 -9999 -9999 -9999 -9999 -9999 -9999 -9999 -9999 -9999 -9999 161.333 200.141 225.617 273.081 356.993 412.043 423.845 367.24 349.55 332.506 319.927 275.508 243.166 197.01 145.216 124.264 137.188 125.131 129.196 142.255 126.64 109.81 96.192 86.05 81.789 76.892 72.706 71.167 67.849 66.665 69.699 71.387 79.197 98.942 97.007 95.942 91.863 84.892 86.888 -9999 -9999 -9999 -9999 -9999
119.919 114.43 100.989 103.511 -9999 95.985 -9999 -9999 -9999 -9999 -9999 -9999 -9999 -9999 -9999 -9999 -9999 -9999 -9999 -9999 -9999 -9999 -9999 -9999 -9999 -9999 -9999 -9999 -9999 -9999 -9999 168.039 211.211 275.242 350.442 412.376 444.413 448.4 360.115 344.428 316.494 321.066 290.874 217.58 173.668 155.883 145.155 141.186 182.26 161.675 149.102 145.467 127.133 98.049 85.597 80.861 74.696 72.711 70.239 72.199 69.971 67.693 77.681 94.712 95.417 95.138 97.606 95.665 91.686 87.161 -9999 -9999 -9999 -9999
125.304 116.826 106.75 101.771 97.132 100.954 -9999 -9999 -9999 -9999 -9999 -9999 -9999 -9999 -9999 -9999 -9999 -9999 -9999 -9999 -9999 -9999 -9999 -9999 -9999 -9999 -9999 -9999 -9999 -9999 -9999 -9999 176.607 226.671 283.231 347.188 424.818 443.269 322.724 280.422 286.279 289.435 247.833 223.468 209.836 194.198 174.287 195.288 196.004 188.242 186.489 162.822 134.671 118.409 97.644 85.212 75.954 73.875 74.974 74.852 76.79 93.113 95.639 118.953 130.629 118.954 120.123 101.891 97.886 91.119 88.355 -9999 -9999 -9999
129.673 121.072 112.933 101.385 98.098 -9999 -9999 -9999 -9999 -9999 -9999 -9999 -9999 -9999 -9999 -9999 -9999 -9999 -9999 -9999 -9999 -9999 -9999 -9999 -9999 -9999 -9999 -9999 -9999 -9999 -9999 -9999 162.201 205.925 262.166 310.843 386.624 353.865 282.121 256.887 239.609 224.228 212.055 199.238 217.275 235.492 206.747 218.051 221.836 193.255 150.828 150.06 126.974 117.446 105.233 83.708 74.403 75.049 77.748 82.83 89.389 100.925 116.985 117.521 125.57 122.717 127.643 124.176 106.945 101.326 93.719 89.397 -9999 -9999
135.896 127.32 113.353 104.294 104.637 -9999 -9999 -9999 -9999 -9999 -9999 -9999 -9999 -9999 -9999 -9999 -9999 -9999 -9999 -9999 -9999 -9999 -9999 -9999 -9999 -9999 -9999 -9999 -9999 -9999 -9999 -9999 -9999 188.574 252.598 300.082 310.262 279.303 259.457 225.106 211.011 199.617 182.527 188.165 206.459 203.362 235.335 224.134 216.32 181.085 172.217 153.65 141.407 113.69 99.989 82.885 77.29 76.767 77.991 88.565 97.832 101.627 111.921 121.696 124.339 120.345 116.885 120.348 118.111 106.703 104.301 94.762 -9999 -9999
151.124 -9999 -9999 -9999 -9999 -9999 -9999 -9999 -9999 -9999 -9999 -9999 -9999 -9999 -9999 -9999 -9999 -9999 -9999 -9999 -9999 -9999 -9999 -9999 -9999 -9999 -9999 -9999 -9999 -9999 -9999 -9999 -9999 179.622 225.51 240.886 234.539 237.43 203.434 217.068 205.007 178.662 179.834 183.9 191.853 245.701 230.683 231.268 211.529 195.993 161.961 143.56 127.21 116.952 99.217 87.157 78.665 76.018 81.929 84.882 96.477 105.984 106.253 107.328 109.646 105.748 109.763 110.423 118.045 111.735 97.488 93.807 82.759 -9999
170.72 -9999 -9999 -9999 -9999 -9999 -9999 -9999 -9999 -9999 -9999 -9999 -9999 -9999 -9999 -9999 -9999 -9999 -9999 -9999 -9999 -9999 -9999 -9999 -9999 -9999 -9999 -9999 -9999 -9999 -9999 -9999 -9999 -9999 200.09 197.259 197.259 180.774 197.421 188.676 168.798 164.689 168.182 176.151 198.122 221.815 245.891 241.373 234.234 209.95 194.619 174.293 142.61 134.351 116.667 95.053 81.701 74.164 73.334 77.364 80.349 97.56 104.761 96.908 89.8 87.053 82.743 85.194 88.874 104.904 93.475 81.216 75.794 -9999
131.66 -9999 -9999 -9999 -9999 -9999 -9999 -9999 -9999 -9999 -9999 -9999 -9999 -9999 -9999 -9999 -9999 -9999 -9999 -9999 -9999 -9999 -9999 -9999 -9999 -9999 -9999 -9999 -9999 -9999 -9999 -9999 -9999 -9999 175.19 -9999 169.439 174.777 165.901 158.711 -9999 150.597 161.147 171.977 181.106 221.719 238.302 240.205 228.746 214.435 205.871 216.786 180.66 150.841 133.199 111.772 87.746 76.309 73.066 70.282 75.007 82.456 90.147 89.291 84.17 77.538 72.462 71.43 75.843 86.01 89.829 80.069 83.252 79.083
-9999 -9999 -9999 -9999 -9999 -9999 -9999 -9999 -9999 -9999 -9999 -9999 -9999 -9999 -9999 -9999 -9999 -9999 -9999 -9999 -9999 -9999 -9999 -9999 -9999 -9999 -9999 -9999 -9999 -9999 -9999 -9999 -9999 -9999 -9999 163.214 164.997 -9999 -9999 -9999 -9999 145.46 153.699 151.56 168.68 181.741 197.823 202.317 211.446 217.975 204.112 196.751 209.711 171.348 142.241 117.302 97.574 84.101 78.024 73.352 72.13 79.718 84.673 89.186 85.496 83.158 76.3 70.356 75.291 85.756 90.534 82.812 89.969 91.565
-9999 -9999 -9999 -9999 -9999 -9999 -9999 -9999 -9999 -9999 -9999 -9999 -9999 -9999 -9999 -9999 -9999 -9999 -9999 -9999 -9999 -9999 -9999 -9999 -9999 -9999 -9999 -9999 -9999 -9999 -9999 -9999 -9999 -9999 -9999 148.652 151.029 -9999 -9999 -9999 -9999 142.47 156.597 150.63 154.567 161.714 171.945 165.607 177.631 204.728 191.466 176.228 191.516 174.554 150.66 123.856 102.885 84.262 77.43 73.343 69.683 69.775 75.625 81.372 83.54 78.477 79.8 77.628 77.755 87.419 95.058 93.752 82.253 78.979
-9999 -9999 -9999 -9999 -9999 -9999 -9999 -9999 -9999 -9999 -9999 -9999 -9999 -9999 -9999 -9999 -9999 -9999 -9999 -9999 -9999 -9999 -9999 -9999 -9999 -9999 -9999 -9999 -9999 -9999 -9999 -9999 -9999 -9999 -9999 142.394 -9999 -9999 -9999 -9999 138.334 150.521 163.429 184.121 195.614 201.563 187.569 161.095 181.625 192.767 166.102 164.692 159.067 156.509 140.498 121.795 100.263 88.34 78.429 75.059 72.268 69.194 70.082 75.668 79.293 80.445 84.473 95.294 92.353 91.373 92.198 89.557 85.062 83.03
-9999 -9999 -9999 -9999 -9999 -9999 -9999 -9999 -9999 -9999 -9999 -9999 -9999 -9999 -9999 -9999 -9999 -9999 -9999 -9999 -9999 -9999 -9999 -9999 -9999 -9999 -9999 -9999 -9999 -9999 -9999 -9999 -9999 -9999 -9999 -9999 -9999 -9999 -9999 -9999 139.423 158.25 180.447 220.973 244.415 238.256 197.044 180.269 158.075 154.763 147.976 150.147 151.791 139.212 131.62 120.475 101.578 88.59 81.998 75.448 72.301 69.363 70.262 72.095 75.614 81.66 86.852 102.225 107.44 91.265 86.347 83.109 79.616 75.506
-9999 -9999 -9999 -9999 -9999 -9999 -9999 -9999 -9999 -9999 -9999 -9999 -9999 -9999 -9999 -9999 -9999 -9999 -9999 -9999 -9999 -9999 -9999 -9999 -9999 -9999 -9999 -9999 -9999 -9999 -9999 -9999 -9999 -9999 -9999 -9999 -9999 -9999 -9999 -9999 139.391 150.768 185.562 224.678 251.017 223.794 197.964 158.086 150.096 143.818 133.793 131.245 125.298 130.514 118.433 114.563 101.397 87.175 78.057 72.218 70.893 70.425 72.134 72.687 71.853 77.043 84.47 92.455 98.423 89.737 80.378 73.805 75.033 74.628
-9999 -9999 -9999 -9999 -9999 -9999 -9999 -9999 -9999 -9999 -9999 -9999 -9999 -9999 -9999 -9999 -9999 -9999 -9999 -9999 -9999 -9999 -9999 -9999 -9999 -9999 -9999 -9999 -9999 -9999 -9999 -9999 -9999 -9999 -9999 -9999 -9999 -9999 -9999 129.921 135.361 148.449 183.319 227.723 238.486 207.967 190.111 151.875 149.143 143.831 131.035 127.994 129.068 116.24 109.711 97.961 94.623 79.832 75.032 70.666 69.41 71.065 70.375 69.691 69.204 70.955 77.829 83.961 88.835 85.07 79.499 74.804 71.387 75.462
-9999 -9999 -9999 -9999 -9999 -9999 -9999 -9999 -9999 -9999 -9999 -9999 -9999 -9999 -9999 -9999 -9999 -9999 -9999 -9999 -9999 -9999 -9999 -9999 -9999 -9999 -9999 -9999 -9999 -9999 -9999 -9999 -9999 -9999 -9999 -9999 -9999 -9999 -9999 131.404 131.03 147.499 172.253 198.163 179.948 179.987 154.771 156.67 173.155 150.207 139.548 135.327 124.672 120.62 106.56 100.232 98.572 91.625 76.825 73.69 70.622 68.99 68.638 67.149 66.24 65.578 70.148 75.717 82.383 85.209 80.311 73.743 73.248 73.639
-9999 -9999 -9999 -9999 -9999 -9999 -9999 -9999 -9999 -9999 -9999 -9999 -9999 -9999 -9999 -9999 -9999 -9999 -9999 -9999 -9999 -9999 -9999 -9999 -9999 -9999 -9999 -9999 -9999 -9999 -9999 -9999 -9999 -9999 -9999 -9999 -9999 -9999 131.056 127.916 129.406 134.238 155.303 160.399 160.335 156.816 154.021 159.523 157.961 146.554 144.632 144.748 129.748 105.632 104.653 93.925 90.794 88.045 85.488 76.01 72.624 69.607 67.556 67.211 66.542 64.569 66.788 74.412 79.604 84.651 83.881 79.227 74.686 72.48
-9999 -9999 -9999 -9999 -9999 -9999 -9999 -9999 -9999 -9999 -9999 -9999 -9999 -9999 -9999 -9999 -9999 -9999 -9999 -9999 -9999 -9999 -9999 -9999 -9999 -9999 -9999 -9999 -9999 -9999 -9999 -9999 -9999 -9999 -9999 -9999 -9999 -9999 121.001 125.909 125.344 129.566 142.162 143.406 143.738 152.583 150.383 145.928 148.625 145.276 164.743 163.697 143.845 120.252 100.489 96.719 87.582 80.348 81.079 81.375 73.411 69.64 70.387 67.595 66.436 66.692 66.504 71.831 75.247 80.983 82.321 83.851 79.845 74.357
-9999 -9999 -9999 -9999 -9999 -9999 -9999 -9999 -9999 -9999 -9999 -9999 -9999 -9999 -9999 -9999 -9999 -9999 -9999 -9999 -9999 -9999 -9999 -9999 -9999 -9999 -9999 -9999 -9999 -9999 -9999 -9999 -9999 -9999 -9999 -9999 -9999 -9999 119.026 120.033 119.045 127.494 136.629 134.931 139.181 147.221 148.247 154.072 165.936 171.313 180.515 163.236 140.006 119.88 102.767 95.443 89.97 81.551 73.583 73.845 72.43 68.458 68.586 69.248 66.356 68.714 68.612 68.005 70.589 73.843 81.543 81.381 79.516 74.674
-9999 -9999 -9999 -9999 -9999 -9999 -9999 -9999 -9999 -9999 -9999 -9999 -9999 -9999 -9999 -9999 -9999 -9999 -9999 -9999 -9999 -9999 -9999 -9999 -9999 -9999 -9999 -9999 -9999 -9999 -9999 -9999 -9999 -9999 -9999 -9999 -9999 -9999 -9999 115.674 117.867 122.097 120.839 143.598 156.266 166.381 168.273 172.828 167.473 179.071 172.07 159.386 133.964 106.981 98.925 85.631 84.727 79.017 74.878 73.144 71.029 67.923 67.121 64.089 64.368 67.64 69.564 67.908 67.544 71.173 74.363 76.614 -9999 73.277
