Validation/Results/ReClimate_08_2024_2_Precipitation-Actualsweatherlogisticsltd.asc
NCOLS 192
NROWS 249
XLLCENTER -225160.85627316462
YLLCENTER 29788.11610251502
CELLSIZE 5000.0
NODATA_VALUE -9999
[rows 66 to 98 of 249, columns 74 to 147 of 192]
-9999 -9999 -9999 -9999 -9999 -9999 -9999 -9999 -9999 -9999 -9999 161.883 -9999 185.948 230.656 260.616 261.628 289.906 231.802 228.391 193.381 174.492 146.79 152.147 169.323 173.27 171.718 172.721 168.456 172.936 148.263 132.006 -9999 -9999 -9999 -9999 -9999 -9999 -9999 -9999 -9999 -9999 -9999 -9999 -9999 -9999 -9999 -9999 -9999 -9999 -9999 -9999 -9999 -9999 -9999 -9999 -9999 -9999 -9999 -9999 -9999 -9999 -9999 -9999 -9999 -9999 -9999 -9999 -9999 -9999 -9999 -9999 -9999 -9999
-9999 -9999 -9999 -9999 -9999 -9999 -9999 -9999 -9999 -9999 -9999 -9999 171.631 224.392 234.385 237.482 245.121 241.711 243.563 225.432 194.189 169.299 158.176 149.539 148.007 145.181 156.069 161.062 164.074 142.392 -9999 -9999 -9999 -9999 -9999 -9999 -9999 -9999 -9999 -9999 -9999 -9999 -9999 -9999 -9999 -9999 -9999 -9999 -9999 -9999 -9999 -9999 -9999 -9999 -9999 -9999 -9999 -9999 -9999 -9999 -9999 -9999 -9999 -9999 -9999 -9999 -9999 -9999 -9999 -9999 -9999 -9999 -9999 -9999
-9999 -9999 -9999 -9999 -9999 -9999 -9999 -9999 -9999 -9999 -9999 -9999 192.029 227.968 222.227 206.672 224.612 236.539 210.125 185.66 170.308 152.393 147.024 140.441 149.981 151.162 141.647 146.45 131.135 108.633 -9999 -9999 -9999 -9999 -9999 -9999 -9999 -9999 -9999 -9999 -9999 -9999 -9999 -9999 -9999 -9999 -9999 -9999 -9999 -9999 -9999 -9999 -9999 -9999 -9999 -9999 -9999 -9999 -9999 -9999 -9999 -9999 -9999 -9999 -9999 -9999 -9999 -9999 -9999 -9999 -9999 -9999 -9999 -9999
-9999 -9999 -9999 -9999 -9999 -9999 -9999 -9999 -9999 -9999 -9999 -9999 -9999 -9999 200.954 212.817 224.511 212.593 200.605 185.506 177.744 159.327 136.308 136.447 155.19 146.233 134.51 109.847 -9999 -9999 -9999 -9999 -9999 -9999 -9999 -9999 -9999 -9999 -9999 -9999 -9999 -9999 -9999 -9999 -9999 -9999 -9999 -9999 -9999 -9999 -9999 -9999 -9999 -9999 -9999 -9999 -9999 -9999 -9999 -9999 -9999 -9999 -9999 -9999 -9999 -9999 -9999 -9999 -9999 -9999 -9999 -9999 -9999 -9999
-9999 -9999 -9999 -9999 -9999 -9999 -9999 -9999 169.349 -9999 -9999 172.138 188.747 202.481 202.327 235.873 225.763 225.854 221.16 211.826 197.994 180.435 131.633 136.005 140.367 148.624 125.138 109.563 -9999 -9999 -9999 -9999 -9999 -9999 -9999 -9999 -9999 -9999 -9999 -9999 -9999 -9999 -9999 -9999 -9999 -9999 -9999 -9999 -9999 -9999 -9999 -9999 -9999 -9999 -9999 -9999 -9999 -9999 -9999 -9999 -9999 -9999 -9999 -9999 -9999 -9999 -9999 -9999 -9999 -9999 -9999 -9999 -9999 -9999
-9999 -9999 -9999 -9999 -9999 -9999 164.512 169.704 177.868 182.297 195.135 192.781 223.545 250.841 255.563 215.864 244.472 252.664 238.616 221.402 209.891 199.669 175.487 130.13 128.307 120.627 109.119 96.092 -9999 -9999 -9999 -9999 -9999 -9999 -9999 -9999 -9999 -9999 -9999 -9999 -9999 -9999 -9999 -9999 -9999 -9999 -9999 -9999 -9999 -9999 -9999 -9999 -9999 -9999 -9999 -9999 -9999 -9999 -9999 -9999 -9999 -9999 -9999 -9999 -9999 -9999 -9999 -9999 -9999 -9999 -9999 -9999 -9999 -9999
-9999 -9999 -9999 -9999 -9999 -9999 175.815 183.774 -9999 204.092 224.664 237.649 254.188 292.36 238.173 253.265 268.544 279.305 282.084 239.011 228.646 220.008 174.939 153.324 149.784 122.777 110.49 -9999 89.587 -9999 -9999 -9999 -9999 -9999 -9999 -9999 -9999 -9999 -9999 -9999 -9999 -9999 -9999 -9999 -9999 -9999 -9999 -9999 -9999 -9999 -9999 -9999 -9999 -9999 -9999 -9999 -9999 -9999 -9999 -9999 -9999 -9999 -9999 -9999 -9999 -9999 -9999 -9999 -9999 -9999 -9999 -9999 -9999 -9999
-9999 -9999 -9999 -9999 -9999 -9999 -9999 202.246 211.119 223.57 255.563 255.737 294.563 264.569 254.354 248.332 249.754 262.826 256.045 219.136 211.136 204.987 167.902 158.064 130.876 112.966 105.75 88.61 85.544 -9999 -9999 -9999 -9999 -9999 -9999 -9999 -9999 -9999 -9999 -9999 -9999 -9999 -9999 -9999 -9999 -9999 -9999 -9999 -9999 -9999 -9999 -9999 -9999 -9999 -9999 -9999 -9999 -9999 -9999 -9999 -9999 -9999 -9999 -9999 -9999 -9999 -9999 -9999 -9999 -9999 -9999 -9999 -9999 -9999
160.825 -9999 -9999 -9999 -9999 -9999 -9999 -9999 219.011 238.254 261.502 319.695 308.311 301.068 278.458 284.841 290.436 254.199 213.293 198.641 218.888 203.877 182.248 160.505 122.785 110.182 90.015 90.388 97.83 -9999 -9999 -9999 -9999 -9999 -9999 -9999 -9999 -9999 -9999 -9999 -9999 -9999 -9999 -9999 -9999 -9999 -9999 -9999 -9999 -9999 -9999 -9999 -9999 -9999 -9999 -9999 -9999 -9999 -9999 -9999 -9999 -9999 -9999 -9999 -9999 -9999 -9999 -9999 -9999 -9999 -9999 -9999 -9999 -9999
186.63 -9999 -9999 -9999 -9999 -9999 210.044 219.403 251.849 265.809 288.342 293.391 324.59 310.637 298.39 298.85 264.279 232.489 221.001 192.303 206.038 236.02 188.564 133.289 106.062 95.853 -9999 100.338 -9999 -9999 -9999 -9999 -9999 -9999 101.018 101.512 100.61 -9999 -9999 -9999 -9999 -9999 -9999 -9999 -9999 -9999 -9999 -9999 -9999 -9999 -9999 -9999 -9999 -9999 -9999 -9999 -9999 -9999 -9999 -9999 -9999 -9999 -9999 -9999 -9999 -9999 -9999 -9999 -9999 -9999 -9999 -9999 -9999 -9999
207.884 199.732 -9999 -9999 -9999 -9999 -9999 243.031 267.088 293.102 292.133 314.252 295.626 293.205 283.095 280.094 232.441 211.012 178.565 189.67 221.906 192.183 145.936 120.887 115.114 108.627 100.835 -9999 -9999 -9999 -9999 88.484 85.851 89.367 98.045 101.882 100.679 103.523 108.343 116.083 128.651 131.131 115.904 102.444 102.264 112.833 125.432 129.677 125.459 120.259 116.138 115.433 116.92 -9999 -9999 -9999 -9999 -9999 -9999 -9999 -9999 -9999 -9999 -9999 -9999 -9999 -9999 -9999 -9999 -9999 -9999 -9999 -9999 -9999
250.805 254.289 -9999 -9999 -9999 217.863 -9999 233.407 247.249 289.158 350.079 342.057 293.282 264.944 273.155 248.824 234.97 211.034 201.666 170.779 143.763 147.458 128.279 118.277 123.346 108.098 -9999 -9999 -9999 -9999 95.337 95.248 93.657 103.487 115.316 105.639 107.56 119.107 124.014 142.418 146.594 147.856 131.046 116.498 118.933 122.117 126.528 130.869 131.33 126.113 129.998 134.823 119.017 -9999 -9999 -9999 -9999 -9999 -9999 -9999 -9999 -9999 -9999 -9999 -9999 -9999 -9999 -9999 -9999 -9999 -9999 -9999 -9999 -9999
262.038 263.0 -9999 -9999 -9999 223.542 226.623 228.487 288.83 348.011 361.13 357.66 299.336 290.337 271.522 254.326 228.856 212.537 213.64 177.558 169.89 134.554 113.972 120.467 103.387 -9999 -9999 95.498 95.158 97.547 102.103 108.137 110.44 119.173 127.407 136.415 141.956 136.383 134.946 138.286 141.287 133.195 131.608 137.129 126.24 130.989 131.362 139.258 135.213 133.522 142.889 138.647 126.658 119.949 -9999 -9999 -9999 -9999 -9999 -9999 -9999 -9999 -9999 -9999 -9999 -9999 -9999 -9999 -9999 -9999 -9999 -9999 -9999 -9999
248.194 251.046 -9999 228.166 -9999 214.073 221.678 292.448 346.487 329.062 369.809 354.778 336.701 315.188 295.156 288.604 255.756 238.696 217.879 206.299 165.006 134.401 102.651 94.781 96.799 -9999 116.579 116.776 125.825 113.546 112.94 121.404 134.124 143.555 152.964 160.711 151.485 140.273 145.799 150.772 147.507 137.914 132.68 129.691 140.193 132.518 133.309 141.085 139.881 139.201 126.247 127.24 130.076 123.133 -9999 -9999 -9999 -9999 -9999 -9999 -9999 -9999 -9999 -9999 -9999 -9999 -9999 -9999 -9999 -9999 -9999 -9999 -9999 -9999
249.507 -9999 235.019 -9999 -9999 -9999 291.75 398.369 334.396 322.598 291.722 314.726 314.822 302.928 303.012 285.153 286.498 262.062 237.452 195.229 162.74 126.866 115.337 130.304 115.805 119.53 137.857 152.489 151.704 133.593 128.409 145.357 154.813 165.677 160.989 138.954 137.235 137.219 140.762 153.858 145.764 141.645 132.896 131.353 132.186 132.547 123.37 138.658 141.826 143.466 135.43 140.049 135.088 129.325 -9999 -9999 -9999 -9999 -9999 -9999 -9999 -9999 -9999 -9999 -9999 -9999 -9999 -9999 -9999 -9999 -9999 -9999 -9999 -9999
267.178 249.459 -9999 -9999 -9999 -9999 319.654 318.569 290.789 -9999 303.437 318.715 320.063 297.217 281.689 275.253 247.633 228.903 224.98 202.385 184.723 160.892 160.97 158.732 122.719 138.544 141.899 163.975 178.458 160.285 136.728 135.215 159.036 168.425 138.427 137.947 161.106 146.898 160.358 164.628 152.21 151.447 138.201 139.216 148.397 128.375 131.387 135.229 141.92 140.809 146.921 147.009 133.063 128.081 -9999 -9999 -9999 -9999 -9999 -9999 -9999 -9999 -9999 -9999 -9999 -9999 -9999 -9999 -9999 -9999 -9999 -9999 -9999 -9999
321.5 320.546 -9999 -9999 -9999 259.505 -9999 -9999 250.599 269.29 306.845 345.212 347.855 324.929 317.185 280.273 253.723 221.578 196.146 182.148 176.17 169.186 173.261 125.747 138.237 139.208 169.064 167.819 169.402 175.12 142.791 138.543 146.677 138.877 140.373 167.147 167.071 165.58 166.998 161.921 175.617 156.951 144.003 158.582 142.897 133.419 137.563 147.46 135.419 134.21 136.95 140.591 130.245 -9999 -9999 -9999 -9999 -9999 -9999 -9999 -9999 -9999 -9999 -9999 -9999 -9999 -9999 -9999 -9999 -9999 -9999 -9999 -9999 -9999
387.219 389.13 318.844 269.82 -9999 -9999 -9999 282.599 259.353 -9999 325.083 323.353 330.713 339.753 324.275 315.765 264.958 205.797 194.191 189.582 188.831 174.086 141.421 156.44 149.647 166.47 166.041 158.77 170.848 162.789 131.724 128.412 122.366 134.373 175.242 166.537 176.733 200.067 175.1 175.664 168.524 148.818 152.557 146.533 139.725 132.148 142.766 141.848 140.718 130.043 129.612 128.273 -9999 -9999 -9999 -9999 -9999 -9999 -9999 -9999 -9999 -9999 -9999 -9999 -9999 -9999 -9999 -9999 -9999 -9999 -9999 -9999 -9999 -9999
381.265 380.64 324.81 290.589 -9999 278.54 289.181 293.101 305.389 343.388 334.489 340.082 367.218 372.954 329.717 278.03 260.386 236.704 233.825 229.529 206.021 172.942 161.004 170.609 199.527 196.02 166.916 160.25 156.758 119.855 118.686 128.089 135.599 155.803 138.163 145.709 172.751 191.998 205.897 199.903 196.043 160.713 170.655 159.285 161.996 174.29 145.179 138.389 142.726 138.543 126.296 124.39 -9999 -9999 -9999 -9999 -9999 -9999 -9999 -9999 -9999 -9999 -9999 -9999 -9999 -9999 -9999 -9999 -9999 -9999 -9999 -9999 -9999 -9999
340.524 336.221 302.627 284.064 284.421 278.329 306.718 -9999 304.254 347.905 394.813 431.148 409.264 379.032 324.964 334.848 296.324 264.752 233.081 213.944 198.831 167.905 170.315 211.248 232.112 195.077 180.828 185.156 146.481 148.515 123.212 121.869 128.147 136.747 152.917 154.331 180.516 214.703 200.197 184.982 171.015 154.739 146.319 141.799 150.454 139.444 130.524 135.806 138.888 134.535 129.74 -9999 -9999 -9999 -9999 -9999 -9999 -9999 -9999 -9999 -9999 -9999 -9999 -9999 -9999 -9999 -9999 -9999 -9999 -9999 -9999 -9999 -9999 -9999
331.289 -9999 -9999 -9999 258.6 292.524 -9999 302.87 347.155 417.223 456.112 432.231 447.471 409.072 387.624 353.245 285.703 228.912 234.88 242.052 193.311 189.814 215.57 253.856 254.52 240.039 236.37 186.411 189.706 155.434 141.256 172.548 155.972 186.262 181.126 187.55 203.116 195.799 162.075 153.631 147.905 161.898 161.819 140.665 146.086 141.203 135.558 138.517 142.597 138.885 127.871 -9999 -9999 -9999 -9999 -9999 -9999 -9999 -9999 -9999 -9999 -9999 -9999 -9999 -9999 -9999 -9999 -9999 -9999 -9999 -9999 -9999 -9999 -9999
-9999 -9999 -9999 219.217 271.8 -9999 282.069 315.962 -9999 407.028 399.798 446.8 444.186 441.601 390.978 342.267 316.723 289.775 248.414 214.366 236.46 237.665 261.222 297.894 295.213 273.672 227.319 182.375 150.169 139.659 171.742 184.333 211.977 219.66 202.31 186.331 195.227 179.135 172.757 154.751 155.449 167.271 150.504 151.746 156.37 145.116 145.158 143.025 157.809 147.174 128.003 -9999 -9999 -9999 -9999 -9999 -9999 -9999 -9999 -9999 -9999 -9999 -9999 -9999 -9999 -9999 -9999 -9999 -9999 -9999 -9999 -9999 -9999 -9999
-9999 -9999 -9999 213.905 -9999 -9999 295.197 335.254 392.718 393.347 435.002 445.585 408.498 378.207 352.086 304.628 272.853 247.256 248.433 281.748 293.753 296.466 312.427 314.525 291.617 235.809 163.702 137.852 154.797 198.905 228.896 296.718 302.102 262.565 236.548 232.615 202.684 184.234 166.679 155.998 142.663 143.859 145.841 148.825 165.809 191.036 161.837 157.127 149.564 137.887 129.044 -9999 -9999 -9999 -9999 -9999 -9999 -9999 -9999 -9999 -9999 -9999 -9999 -9999 -9999 -9999 -9999 -9999 -9999 -9999 -9999 -9999 -9999 -9999
-9999 -9999 -9999 -9999 -9999 -9999 -9999 379.871 444.624 434.002 452.934 443.922 399.943 403.025 359.527 322.501 313.612 317.281 326.47 318.391 318.542 286.986 268.268 262.925 247.406 187.667 143.762 154.613 189.693 233.6 298.264 291.37 292.751 265.983 252.65 225.394 199.618 185.422 170.992 141.664 129.31 140.735 134.546 145.297 173.873 159.055 148.444 151.257 154.854 146.623 -9999 -9999 -9999 -9999 -9999 -9999 -9999 -9999 -9999 -9999 -9999 -9999 -9999 -9999 -9999 -9999 -9999 -9999 -9999 -9999 -9999 -9999 -9999 -9999
-9999 -9999 -9999 -9999 -9999 246.739 292.574 -9999 465.229 457.8 466.208 410.065 385.729 366.246 356.093 380.44 379.095 349.094 308.248 309.141 292.687 275.222 232.614 217.509 191.839 160.685 186.205 197.171 221.4 264.27 265.745 270.367 219.636 217.571 203.374 164.707 167.271 181.462 193.373 186.295 174.35 174.179 191.957 175.322 150.363 160.853 177.908 180.557 162.615 144.53 -9999 -9999 -9999 -9999 -9999 -9999 -9999 -9999 -9999 -9999 -9999 -9999 -9999 -9999 -9999 -9999 -9999 -9999 -9999 -9999 -9999 -9999 -9999 -9999
-9999 -9999 -9999 -9999 239.244 242.405 315.42 382.677 453.899 478.475 460.06 432.482 374.397 334.01 345.447 340.036 336.477 355.355 343.452 349.983 337.401 238.407 235.209 214.823 200.605 205.005 234.716 233.705 243.648 238.857 248.315 221.04 204.51 206.009 225.34 225.31 236.587 227.937 215.899 246.704 259.178 252.128 234.213 206.672 209.414 205.586 196.201 175.863 153.876 -9999 -9999 -9999 -9999 -9999 -9999 -9999 -9999 -9999 -9999 -9999 -9999 -9999 -9999 -9999 -9999 -9999 -9999 -9999 -9999 -9999 -9999 -9999 -9999 -9999
-9999 -9999 -9999 -9999 234.914 -9999 303.635 348.146 406.156 467.735 454.46 360.304 338.97 348.567 303.785 295.646 308.171 313.654 330.188 317.945 257.09 270.031 297.16 267.676 241.453 293.194 279.354 276.774 271.045 273.451 263.774 247.97 233.051 257.151 264.518 279.834 287.914 230.965 263.736 269.898 225.129 235.695 249.525 230.223 219.106 197.79 164.437 159.712 151.684 -9999 -9999 -9999 -9999 -9999 -9999 -9999 -9999 -9999 -9999 -9999 -9999 -9999 -9999 -9999 -9999 -9999 -9999 -9999 -9999 -9999 -9999 -9999 -9999 -9999
-9999 -9999 -9999 -9999 -9999 -9999 333.294 370.134 386.599 425.039 367.185 304.631 311.899 292.107 279.716 283.004 295.52 322.169 290.346 303.247 301.542 336.998 312.243 263.851 287.166 311.724 290.838 286.86 262.138 278.794 254.518 248.382 296.42 297.723 298.343 331.743 319.952 323.121 319.301 281.376 253.082 237.825 213.263 213.52 210.891 179.017 154.498 150.621 142.547 -9999 -9999 -9999 -9999 -9999 -9999 -9999 -9999 -9999 -9999 -9999 -9999 -9999 -9999 -9999 -9999 -9999 -9999 -9999 -9999 -9999 -9999 -9999 -9999 -9999
-9999 -9999 -9999 -9999 276.345 294.462 331.515 346.591 363.58 394.303 341.374 349.095 351.188 -9999 333.769 407.108 413.715 378.419 358.772 372.023 364.603 357.258 334.744 309.659 299.291 277.511 261.05 227.969 226.416 250.141 232.592 276.65 266.74 274.035 269.503 294.722 320.59 306.395 267.963 274.916 256.724 219.119 225.457 192.381 173.162 155.784 149.278 156.285 120.699 -9999 -9999 -9999 -9999 -9999 -9999 -9999 -9999 -9999 -9999 -9999 -9999 -9999 -9999 -9999 -9999 -9999 -9999 -9999 -9999 -9999 -9999 -9999 -9999 -9999
259.064 224.755 241.139 268.631 -9999 290.647 321.287 341.014 359.212 371.669 375.333 372.651 -9999 371.309 431.902 445.908 479.755 422.113 383.56 351.672 364.397 347.012 330.866 300.395 264.19 237.547 217.376 181.136 200.242 196.169 236.646 242.579 247.36 239.394 221.043 246.487 253.159 238.86 248.246 247.416 228.89 215.085 168.397 149.42 135.563 142.313 156.86 128.34 -9999 -9999 -9999 -9999 -9999 -9999 -9999 -9999 -9999 -9999 -9999 -9999 -9999 -9999 -9999 -9999 -9999 -9999 -9999 -9999 -9999 -9999 -9999 -9999 -9999 -9999
225.852 234.625 257.977 290.047 298.673 -9999 316.895 331.245 337.072 365.927 360.505 338.598 333.799 392.012 412.657 430.19 460.936 417.69 379.108 345.919 323.255 282.422 271.452 244.064 229.085 238.328 190.991 188.173 173.374 184.438 202.048 229.766 209.037 182.587 201.5 230.84 218.14 215.077 202.79 214.878 192.585 156.494 142.949 137.829 138.809 138.362 -9999 -9999 -9999 -9999 -9999 -9999 -9999 -9999 -9999 -9999 -9999 -9999 -9999 -9999 -9999 -9999 -9999 -9999 -9999 -9999 -9999 -9999 -9999 -9999 -9999 -9999 -9999 -9999
-9999 -9999 -9999 285.84 -9999 317.502 334.443 348.153 389.57 388.688 -9999 -9999 383.607 391.875 404.19 454.859 425.889 404.811 360.65 329.468 249.586 225.343 206.658 199.292 204.121 197.019 209.791 183.947 186.975 174.696 183.787 194.778 185.575 175.45 196.3 203.811 197.468 178.537 179.669 170.202 153.274 138.556 129.107 138.753 130.311 -9999 -9999 -9999 -9999 -9999 -9999 -9999 -9999 -9999 -9999 -9999 -9999 -9999 -9999 -9999 -9999 -9999 -9999 -9999 -9999 -9999 -9999 -9999 -9999 -9999 -9999 -9999 -9999 -9999
246.872 264.908 -9999 290.689 322.71 309.567 334.933 376.472 400.697 -9999 -9999 374.81 427.543 443.5 459.194 421.675 420.766 389.425 347.406 294.216 263.104 247.713 253.722 236.407 247.073 281.132 240.355 201.573 186.777 159.416 164.984 162.429 176.541 183.126 182.805 178.2 166.645 147.022 140.686 136.023 134.683 123.01 125.701 129.998 130.162 127.598 -9999 -9999 -9999 -9999 -9999 -9999 -9999 -9999 -9999 -9999 -9999 -9999 -9999 -9999 -9999 -9999 -9999 -9999 -9999 -9999 -9999 -9999 -9999 -9999 -9999 -9999 -9999 -9999
