Validation/Results/ReClimate_06_2024_1_Precipitation-Actuals.asc
NCOLS 192
NROWS 249
XLLCENTER -225160.85627316462
YLLCENTER 29788.11610251502
CELLSIZE 5000.0
NODATA_VALUE -9999
[rows 198 to 230 of 249, columns 74 to 147 of 192]
-9999 -9999 -9999 -9999 -9999 -9999 -9999 -9999 -9999 -9999 -9999 -9999 -9999 -9999 -9999 -9999 -9999 -9999 108.98 110.878 107.697 101.293 98.533 106.071 109.25 132.06 133.221 141.87 138.42 118.85 97.937 78.251 80.448 83.382 87.191 90.155 77.768 66.705 62.607 63.047 63.786 67.78 65.267 67.722 68.411 65.626 61.786 59.601 59.284 63.552 61.595 63.318 66.775 66.523 60.899 63.918 62.545 61.758 60.344 60.443 61.227 61.311 60.168 58.478 56.794 54.144 53.245 52.462 51.56 50.757 55.495 50.77 47.905 48.009
-9999 -9999 -9999 -9999 -9999 -9999 -9999 -9999 -9999 -9999 -9999 -9999 -9999 -9999 -9999 67.744 85.979 96.182 97.691 108.341 106.78 105.812 104.933 105.545 124.054 132.854 139.598 131.088 133.138 111.388 99.082 97.947 84.806 75.803 94.233 78.086 63.985 52.139 57.169 59.4 65.947 60.871 61.417 61.906 66.262 66.35 62.198 62.747 61.185 61.771 58.618 59.656 63.245 61.879 59.488 57.853 62.956 63.948 65.176 60.209 57.867 57.235 55.874 56.579 55.777 53.309 50.536 50.88 50.775 49.825 48.735 49.936 46.042 45.503
-9999 -9999 -9999 -9999 -9999 -9999 -9999 -9999 -9999 -9999 -9999 -9999 -9999 85.489 78.922 80.871 85.295 90.454 104.184 106.914 115.275 110.223 115.534 134.431 124.632 129.136 131.924 121.387 123.615 118.627 121.834 102.586 87.735 86.362 74.98 66.724 53.87 68.308 64.381 55.198 56.035 54.693 56.261 61.163 68.91 66.469 66.216 62.381 58.67 58.065 57.296 59.595 61.1 59.459 61.942 59.736 56.581 58.276 58.893 60.035 55.776 56.462 56.95 56.432 55.111 53.232 50.774 47.062 45.788 47.847 48.909 42.82 45.362 48.255
-9999 -9999 -9999 -9999 -9999 -9999 -9999 -9999 -9999 88.161 93.836 90.647 87.457 101.525 94.325 99.649 95.005 99.467 106.761 110.591 128.622 142.018 161.154 138.1 120.564 126.973 119.701 120.269 122.309 128.902 115.799 99.637 86.611 88.62 76.166 63.813 78.431 75.653 61.02 61.376 56.533 56.081 55.773 65.144 68.623 62.684 64.34 55.78 56.121 57.979 61.357 61.756 57.771 62.04 60.553 59.985 55.581 54.03 55.537 54.673 54.042 55.482 53.904 56.289 56.64 54.212 53.067 48.983 46.598 48.117 49.868 48.496 45.449 47.025
-9999 -9999 -9999 -9999 -9999 -9999 -9999 -9999 80.55 89.985 92.603 98.5 121.118 130.204 129.896 117.099 104.333 114.54 116.634 128.324 134.678 151.027 150.424 133.56 126.128 112.501 108.975 109.827 113.694 114.287 104.914 95.726 91.505 83.693 83.339 93.324 103.525 79.53 64.167 58.206 59.482 58.815 63.331 61.362 58.152 58.086 56.511 56.94 58.219 60.121 63.805 62.072 64.759 64.719 65.759 59.231 59.101 61.413 57.407 53.476 52.294 54.488 54.806 53.282 53.608 52.449 59.026 55.697 50.261 50.714 52.246 47.347 45.8 46.333
-9999 -9999 -9999 -9999 -9999 -9999 -9999 75.089 83.621 90.685 94.868 107.525 125.5 127.271 121.73 113.832 118.157 116.803 126.883 125.345 134.445 150.555 143.339 123.665 109.769 100.356 110.145 115.788 112.748 103.81 96.924 89.291 76.318 79.181 82.493 109.151 99.665 85.219 63.688 64.674 66.547 65.19 58.951 57.124 55.973 55.605 59.665 57.776 59.363 62.583 66.885 61.507 64.994 69.551 64.671 59.309 57.027 61.786 61.89 56.707 53.605 53.84 52.214 53.054 53.264 52.153 54.822 58.452 53.005 51.127 49.902 47.257 45.28 47.973
-9999 -9999 -9999 -9999 -9999 69.717 -9999 73.652 77.828 83.965 92.871 98.31 104.077 105.571 107.304 111.558 114.006 123.756 121.857 126.083 124.926 127.741 112.863 108.888 111.066 127.142 136.323 152.352 161.247 125.309 116.26 107.385 114.37 98.961 83.56 91.303 113.871 82.996 71.66 73.394 74.277 64.95 58.236 59.105 60.426 61.836 58.89 55.598 58.364 66.03 63.75 66.816 69.776 66.171 62.185 59.291 55.774 56.222 59.287 57.248 54.172 51.671 51.175 55.369 55.546 53.686 54.321 53.19 52.43 49.44 47.177 46.13 46.309 47.607
-9999 -9999 -9999 -9999 -9999 -9999 -9999 -9999 -9999 89.437 87.546 89.964 95.487 96.879 95.787 102.029 106.412 105.016 112.009 112.571 112.043 117.65 115.417 123.344 126.472 143.453 158.135 178.423 172.083 166.182 149.935 161.542 154.93 106.692 95.672 94.53 73.614 78.23 77.298 70.22 69.163 62.01 66.997 67.64 67.241 59.42 55.052 54.506 61.392 64.17 67.456 74.579 71.527 68.652 60.603 59.226 58.385 59.795 56.774 53.193 51.803 51.861 50.701 52.276 54.829 50.668 51.084 50.212 49.929 50.596 51.045 50.788 49.205 46.396
-9999 -9999 -9999 -9999 -9999 -9999 -9999 -9999 -9999 85.829 83.661 86.54 91.934 98.184 105.916 106.331 99.256 99.349 103.8 103.244 115.288 120.934 120.275 122.064 123.294 133.62 143.052 156.458 157.632 153.484 151.81 157.997 133.155 122.589 100.576 79.549 88.978 95.256 74.527 73.514 59.347 71.399 68.435 71.723 69.133 69.713 55.203 58.626 65.194 74.365 74.315 70.35 66.55 65.427 58.966 60.804 59.202 56.027 55.208 52.243 51.315 53.6 52.924 60.998 56.104 49.196 49.459 48.624 48.57 50.384 54.528 52.313 50.126 48.341
-9999 -9999 -9999 -9999 -9999 -9999 -9999 72.536 78.939 85.311 87.922 -9999 92.631 98.616 99.457 92.219 90.312 91.267 -9999 99.285 104.967 114.231 128.628 121.331 137.783 142.065 152.171 161.86 148.428 131.864 133.603 119.179 112.842 109.735 103.737 94.802 100.302 89.017 74.169 67.36 67.663 67.013 72.193 69.753 70.69 57.23 57.307 60.181 67.383 69.929 68.524 64.246 63.143 62.264 63.159 59.088 59.574 54.282 52.124 50.241 53.891 53.737 51.677 51.215 54.879 46.895 47.197 47.267 47.967 51.001 54.302 54.723 50.81 49.491
-9999 -9999 -9999 -9999 -9999 -9999 -9999 73.131 -9999 -9999 -9999 88.237 89.719 88.643 -9999 -9999 -9999 -9999 -9999 95.495 101.608 116.972 111.546 118.994 129.201 132.462 145.707 148.816 143.338 170.279 160.381 127.055 109.45 109.174 112.243 108.39 100.51 78.423 74.036 69.482 65.769 68.901 65.359 64.902 62.139 59.57 54.639 62.635 70.596 67.441 66.856 63.037 58.731 58.254 61.151 57.878 55.116 52.397 51.953 50.915 50.293 51.957 48.954 47.885 47.238 46.54 47.124 55.33 52.183 49.944 53.628 55.88 51.464 47.891
-9999 -9999 -9999 -9999 -9999 -9999 -9999 -9999 -9999 82.284 86.377 85.834 81.964 83.366 -9999 -9999 -9999 -9999 -9999 -9999 -9999 -9999 102.584 111.198 113.583 114.115 130.627 147.764 181.836 192.458 179.499 152.19 128.901 117.329 111.137 94.539 101.496 93.295 73.677 72.685 82.524 76.846 70.546 59.03 61.127 59.905 63.025 72.648 69.91 67.115 64.968 62.566 59.412 55.774 58.466 56.596 52.209 51.009 49.919 49.111 46.579 46.477 46.495 47.359 48.07 46.57 49.825 46.99 53.713 51.55 52.353 52.527 50.771 45.997
-9999 -9999 -9999 -9999 -9999 -9999 -9999 -9999 -9999 -9999 86.321 -9999 -9999 -9999 -9999 -9999 -9999 -9999 -9999 -9999 95.646 99.323 105.208 105.182 100.055 104.519 120.426 152.015 179.504 197.066 189.067 152.491 123.253 119.106 108.149 102.057 102.129 83.613 72.134 74.129 76.547 75.197 66.384 -9999 62.09 64.833 69.647 75.807 71.672 70.1 66.089 61.879 58.582 55.788 56.118 55.186 49.589 47.102 47.191 44.897 41.71 43.432 45.341 45.194 46.934 52.85 51.404 53.551 47.21 49.463 49.975 49.677 50.624 47.518
-9999 -9999 -9999 -9999 -9999 -9999 -9999 -9999 -9999 -9999 -9999 -9999 -9999 -9999 -9999 -9999 -9999 -9999 -9999 -9999 94.267 98.577 96.144 94.156 -9999 -9999 -9999 126.503 161.066 166.707 154.338 134.646 128.428 124.344 115.281 98.931 88.467 78.92 70.003 68.941 75.491 81.192 -9999 63.244 66.119 65.491 71.087 72.264 68.432 64.917 65.197 70.847 59.729 54.09 52.816 53.519 51.432 48.723 50.726 49.878 45.818 42.137 43.868 44.828 47.659 47.639 52.228 50.307 49.553 48.609 50.316 47.181 44.689 46.642
-9999 -9999 -9999 -9999 -9999 -9999 -9999 -9999 -9999 -9999 -9999 -9999 -9999 -9999 -9999 -9999 -9999 -9999 -9999 -9999 -9999 -9999 -9999 -9999 -9999 -9999 -9999 95.314 119.967 133.867 122.79 121.937 118.216 113.73 103.71 92.386 82.26 74.602 69.456 70.04 -9999 -9999 64.35 64.467 67.668 70.103 69.864 69.31 64.521 64.606 66.768 62.217 58.832 55.646 52.788 56.332 56.923 54.238 54.059 57.088 50.884 46.439 46.758 46.302 46.677 50.201 49.858 50.078 47.117 46.33 45.842 45.598 43.681 43.956
-9999 -9999 -9999 -9999 -9999 -9999 -9999 -9999 -9999 -9999 -9999 -9999 -9999 -9999 -9999 -9999 -9999 -9999 -9999 -9999 -9999 -9999 -9999 -9999 -9999 -9999 -9999 88.635 101.036 102.548 105.211 111.947 103.951 99.219 95.797 86.043 80.475 -9999 -9999 -9999 -9999 -9999 63.093 67.353 70.438 69.273 70.446 69.454 65.724 63.666 60.309 55.096 56.282 60.046 57.302 59.625 59.918 57.646 55.52 56.629 54.297 47.984 47.717 45.745 45.463 48.756 47.551 47.205 44.981 43.269 40.682 40.456 43.021 44.011
-9999 -9999 -9999 -9999 -9999 -9999 -9999 -9999 -9999 -9999 -9999 -9999 -9999 -9999 -9999 -9999 -9999 -9999 -9999 -9999 -9999 -9999 -9999 -9999 -9999 -9999 -9999 -9999 -9999 94.462 104.584 102.021 97.098 94.401 90.175 86.05 -9999 -9999 -9999 -9999 71.83 74.731 73.366 66.628 67.777 69.778 74.034 70.028 65.384 64.316 60.745 59.203 60.2 56.362 58.936 60.828 61.589 59.168 55.948 54.336 52.979 49.116 46.445 46.89 44.424 46.463 47.631 45.205 44.435 43.8 43.488 41.286 40.921 42.015
-9999 -9999 -9999 -9999 -9999 -9999 -9999 -9999 -9999 -9999 -9999 -9999 -9999 -9999 -9999 -9999 -9999 -9999 -9999 -9999 -9999 -9999 -9999 -9999 -9999 -9999 -9999 -9999 -9999 -9999 87.679 87.74 95.001 88.946 86.096 -9999 -9999 -9999 -9999 72.099 76.151 77.559 75.235 69.921 67.92 68.661 71.76 67.545 69.048 65.744 61.649 65.43 64.947 62.155 59.69 63.177 59.181 54.129 52.322 50.197 49.992 46.519 47.228 46.594 46.521 45.816 46.574 47.178 48.543 44.55 45.685 44.342 42.619 41.4
-9999 -9999 -9999 -9999 -9999 -9999 -9999 -9999 -9999 -9999 -9999 -9999 -9999 -9999 -9999 -9999 -9999 -9999 -9999 -9999 -9999 -9999 -9999 -9999 -9999 -9999 -9999 -9999 -9999 -9999 -9999 -9999 -9999 -9999 -9999 -9999 -9999 -9999 75.854 75.619 76.341 75.816 73.695 71.414 67.734 70.438 67.466 67.81 65.449 59.772 63.391 64.104 63.093 60.765 60.32 61.779 59.905 58.001 55.9 51.302 49.816 48.645 47.479 49.896 47.995 50.964 50.081 46.863 47.595 48.403 44.453 45.341 43.903 43.128
-9999 -9999 -9999 -9999 -9999 -9999 -9999 -9999 -9999 -9999 -9999 -9999 -9999 -9999 -9999 -9999 -9999 -9999 -9999 -9999 -9999 -9999 -9999 -9999 -9999 -9999 -9999 -9999 -9999 -9999 -9999 -9999 -9999 -9999 -9999 -9999 -9999 70.1 72.556 81.478 84.967 93.822 82.092 68.501 70.228 71.397 69.359 65.418 57.79 58.085 57.677 57.738 59.009 58.131 60.94 62.529 63.338 59.172 57.039 58.536 54.274 49.204 47.076 47.436 47.376 46.74 49.994 48.143 46.891 47.236 46.144 43.999 44.365 44.829
-9999 -9999 -9999 -9999 -9999 -9999 -9999 -9999 -9999 -9999 -9999 -9999 -9999 -9999 -9999 -9999 -9999 -9999 -9999 -9999 -9999 -9999 -9999 -9999 -9999 -9999 -9999 -9999 -9999 -9999 -9999 -9999 -9999 -9999 -9999 -9999 -9999 66.915 71.87 77.168 88.707 92.808 91.346 84.606 78.025 73.616 70.789 63.186 59.315 56.989 59.445 64.221 63.707 62.732 59.449 56.621 57.116 59.52 58.271 56.921 58.106 51.892 48.801 49.231 47.467 47.301 48.274 47.402 49.093 51.939 47.034 43.906 45.228 47.917
-9999 -9999 -9999 -9999 -9999 -9999 -9999 -9999 -9999 -9999 -9999 -9999 -9999 -9999 -9999 -9999 -9999 -9999 -9999 -9999 -9999 -9999 -9999 -9999 112.018 125.459 136.479 113.945 -9999 91.69 -9999 -9999 -9999 -9999 -9999 -9999 -9999 -9999 68.842 72.04 76.897 82.887 88.455 90.234 86.868 79.561 70.17 65.268 61.393 61.956 63.051 54.835 58.007 56.853 55.994 51.941 51.963 53.48 53.846 55.858 53.578 54.704 53.017 55.125 54.349 49.665 50.038 51.418 48.307 48.114 49.737 46.253 47.889 49.725
-9999 -9999 -9999 -9999 -9999 -9999 -9999 -9999 -9999 -9999 -9999 -9999 -9999 -9999 -9999 -9999 -9999 -9999 -9999 -9999 -9999 119.763 120.703 107.305 112.508 137.794 136.589 118.255 110.689 90.058 71.82 62.125 -9999 -9999 71.748 66.54 66.625 72.912 67.768 68.118 74.412 75.159 80.27 85.64 88.038 82.008 77.366 67.689 71.987 67.772 55.706 55.281 53.818 52.405 51.402 50.174 50.833 51.805 52.422 50.186 58.843 57.988 56.362 53.573 56.25 55.919 50.032 48.653 48.322 45.115 46.304 47.749 54.26 55.384
-9999 -9999 -9999 -9999 -9999 -9999 -9999 -9999 -9999 -9999 -9999 -9999 -9999 -9999 -9999 -9999 -9999 -9999 -9999 -9999 116.3 119.415 105.703 105.043 123.952 143.785 145.429 139.113 122.006 100.588 87.144 70.908 60.374 67.088 73.26 88.078 65.656 64.318 62.559 67.534 68.272 70.198 74.394 82.433 80.852 79.721 74.554 78.598 70.772 66.833 61.313 55.406 55.267 52.186 51.23 49.559 49.41 50.922 49.598 50.503 50.481 56.829 55.088 56.021 56.344 55.814 52.333 48.542 50.563 48.409 40.117 45.59 48.442 54.105
-9999 -9999 -9999 -9999 -9999 -9999 -9999 -9999 -9999 -9999 -9999 -9999 -9999 -9999 -9999 -9999 -9999 -9999 -9999 -9999 116.059 95.43 91.356 96.103 114.9 131.232 138.91 140.11 119.167 101.964 86.877 82.248 80.974 74.736 85.65 64.613 66.316 61.79 59.773 61.126 61.367 66.494 67.932 70.017 69.342 72.128 74.877 72.074 70.318 67.124 60.349 54.767 54.528 52.345 52.017 50.934 50.63 50.268 49.084 48.844 49.751 51.052 52.898 55.332 57.852 56.387 52.004 51.502 52.514 52.445 48.041 43.258 47.551 45.308
-9999 -9999 -9999 -9999 -9999 -9999 -9999 -9999 -9999 -9999 -9999 -9999 -9999 -9999 -9999 -9999 -9999 -9999 -9999 -9999 98.254 83.62 84.293 87.16 97.999 104.934 111.655 107.597 101.457 101.834 113.681 89.436 85.985 78.236 62.877 61.352 58.725 57.516 57.52 58.005 66.019 63.036 62.514 62.261 64.657 69.806 68.137 66.03 61.911 61.335 57.144 53.152 57.384 51.47 46.726 48.485 48.565 49.932 51.935 50.167 49.796 53.031 54.817 56.316 58.298 62.002 58.234 52.661 50.715 48.993 47.763 46.692 47.655 47.507
-9999 -9999 -9999 -9999 -9999 -9999 -9999 -9999 -9999 -9999 -9999 -9999 -9999 -9999 -9999 -9999 99.978 107.172 -9999 97.782 81.494 84.433 87.727 83.52 83.11 87.331 91.058 96.593 94.539 104.357 87.346 82.76 77.407 66.123 62.295 58.579 59.359 57.454 54.436 55.974 57.902 59.217 61.932 60.905 64.235 61.067 60.387 60.772 63.092 62.111 58.699 65.403 64.45 55.956 48.417 42.839 45.554 48.675 49.569 52.423 51.172 52.636 56.992 55.473 56.583 56.206 58.537 53.856 49.663 49.204 48.11 48.283 47.774 46.635
-9999 -9999 -9999 -9999 -9999 -9999 -9999 -9999 -9999 -9999 -9999 -9999 -9999 -9999 -9999 -9999 106.212 109.92 106.787 95.617 91.02 90.557 85.112 85.43 90.206 84.111 91.111 90.291 87.775 90.688 80.763 77.8 72.738 69.363 72.162 77.703 66.131 58.228 57.012 54.218 57.948 61.235 61.288 60.723 59.177 57.307 58.036 57.842 57.07 58.362 59.24 64.186 61.223 55.265 52.148 49.514 46.101 45.836 43.634 47.716 50.084 49.771 51.694 54.232 55.129 57.416 57.434 60.422 54.464 49.418 49.189 48.074 47.51 47.087
-9999 -9999 -9999 -9999 -9999 -9999 -9999 -9999 -9999 -9999 -9999 -9999 -9999 -9999 -9999 101.783 113.234 118.908 114.247 106.871 95.93 90.981 88.876 91.116 84.077 82.265 87.404 84.401 84.432 81.398 76.78 71.627 70.795 71.577 82.574 78.388 73.692 65.644 58.593 55.683 57.859 57.153 58.156 57.218 57.315 55.012 52.58 53.323 53.987 56.681 54.09 57.116 53.697 53.794 48.208 48.478 51.479 48.74 45.106 42.143 47.529 48.187 49.668 48.952 51.749 54.726 57.25 59.63 61.158 55.548 57.5 48.023 51.562 53.564
-9999 -9999 -9999 -9999 -9999 -9999 -9999 -9999 -9999 -9999 -9999 -9999 -9999 -9999 -9999 -9999 103.554 114.856 108.913 100.436 91.48 87.648 85.343 80.158 84.058 82.072 85.205 78.975 77.474 73.677 69.501 70.048 62.925 75.872 77.564 79.364 75.864 72.902 62.992 64.326 60.83 60.746 60.28 58.816 56.387 53.886 54.436 54.438 56.606 49.787 57.198 53.615 52.183 52.209 50.21 47.478 49.823 49.015 46.431 43.716 -9999 49.278 47.276 53.32 50.057 49.202 48.904 50.002 52.482 52.271 51.238 53.698 47.607 54.406
-9999 -9999 -9999 -9999 -9999 -9999 -9999 -9999 -9999 -9999 -9999 -9999 -9999 -9999 -9999 97.336 96.172 100.356 99.792 99.619 96.593 92.704 82.187 81.312 75.98 75.945 71.352 67.666 66.869 68.512 68.48 63.389 67.879 69.582 69.911 71.455 77.081 65.778 65.763 73.299 71.391 70.831 72.382 64.092 63.356 63.882 60.084 55.494 51.839 54.178 56.946 53.038 50.754 49.672 48.412 50.216 51.035 47.839 50.283 47.568 43.355 -9999 44.696 -9999 46.364 -9999 43.258 -9999 45.87 46.572 45.917 45.997 46.011 46.651
-9999 -9999 -9999 -9999 -9999 -9999 -9999 -9999 -9999 -9999 -9999 -9999 -9999 -9999 -9999 92.8 92.093 93.879 95.173 102.136 102.562 99.474 89.409 83.646 72.942 69.404 63.313 59.059 59.741 62.139 62.936 60.33 60.521 64.896 67.491 74.88 69.488 63.318 71.978 68.287 63.749 67.659 63.621 62.904 68.727 62.665 55.649 54.051 51.565 54.155 52.721 51.367 50.293 47.533 46.625 48.651 49.826 51.544 47.207 45.553 42.423 -9999 -9999 40.777 40.059 -9999 -9999 40.37 42.129 44.227 -9999 -9999 -9999 -9999
-9999 -9999 -9999 -9999 -9999 -9999 -9999 -9999 -9999 -9999 -9999 -9999 -9999 -9999 106.276 96.284 97.721 91.906 92.883 95.119 101.407 104.926 104.286 99.207 91.907 74.556 62.538 57.143 59.013 58.136 55.68 54.801 59.719 62.659 72.533 74.625 71.968 69.644 65.364 55.547 54.473 60.67 63.694 68.977 63.479 58.266 55.072 53.768 51.632 49.069 47.592 47.599 48.038 45.709 43.543 42.67 43.77 44.317 -9999 -9999 -9999 43.113 -9999 -9999 -9999 -9999 -9999 -9999 44.263 -9999 -9999 -9999 -9999 -9999
