Validation/Results/ReClimate_04_2024_2_Temperature.asc
NCOLS 192
NROWS 249
XLLCENTER -225160.85627316462
YLLCENTER 29788.11610251502
CELLSIZE 5000.0
NODATA_VALUE -9999
[rows 204 to 237 of 249, columns 76 to 151 of 192]
-9999 -9999 -9999 0.025 -9999 0.07 0.092 0.102 0.111 0.109 0.104 0.117 0.131 0.115 0.094 0.096 0.096 0.105 0.113 0.123 0.133 0.128 0.12 0.131 0.144 0.145 0.145 0.15 0.154 0.149 0.143 0.148 0.153 0.17 0.189 0.188 0.186 0.187 0.188 0.187 0.183 0.18 0.174 0.184 0.194 0.194 0.192 0.205 0.219 0.22 0.221 0.228 0.234 0.244 0.253 0.253 0.25 0.261 0.273 0.282 0.291 0.309 0.327 0.323 0.314 0.314 0.311 0.306 0.298 0.299 0.3 0.3 0.297 0.299 0.302 0.294
-9999 -9999 -9999 -9999 -9999 -9999 -9999 0.081 0.1 0.101 0.108 0.109 0.091 0.081 0.081 0.082 0.084 0.102 0.142 0.144 0.124 0.12 0.119 0.132 0.151 0.15 0.143 0.147 0.15 0.145 0.141 0.146 0.15 0.165 0.182 0.184 0.189 0.189 0.181 0.182 0.186 0.187 0.193 0.2 0.197 0.199 0.204 0.214 0.22 0.224 0.235 0.245 0.254 0.252 0.256 0.259 0.259 0.284 0.305 0.305 0.309 0.316 0.327 0.322 0.312 0.298 0.286 0.309 0.318 0.312 0.308 0.297 0.289 0.303 0.313 0.295
-9999 -9999 -9999 -9999 -9999 -9999 -9999 0.077 0.094 0.101 0.108 0.093 0.075 0.076 0.076 0.078 0.079 0.114 0.153 0.139 0.121 0.12 0.119 0.136 0.155 0.149 0.142 0.145 0.148 0.145 0.141 0.145 0.149 0.163 0.179 0.185 0.192 0.187 0.179 0.185 0.19 0.196 0.203 0.203 0.201 0.207 0.212 0.217 0.223 0.232 0.243 0.253 0.263 0.262 0.259 0.263 0.265 0.289 0.318 0.319 0.318 0.323 0.326 0.32 0.31 0.296 0.277 0.298 0.324 0.318 0.31 0.3 0.285 0.298 0.315 0.298
-9999 -9999 -9999 -9999 -9999 0.05 0.062 0.077 0.093 -9999 0.101 0.091 0.084 0.084 0.079 0.081 -9999 0.11 0.127 0.119 0.121 0.122 0.12 0.136 0.154 0.149 0.14 0.144 0.151 0.147 0.141 0.145 0.149 0.162 0.175 0.178 0.178 0.178 0.188 0.192 0.192 0.197 0.199 0.199 0.2 0.209 0.226 0.232 0.238 0.242 0.25 0.261 0.271 0.266 0.26 0.266 0.269 0.266 0.277 0.286 0.287 0.291 0.292 0.295 0.29 0.288 0.277 0.301 0.328 0.326 0.32 0.305 0.287 0.298 0.314 0.301
-9999 -9999 -9999 -9999 -9999 0.047 -9999 -9999 -9999 0.095 0.098 0.093 -9999 -9999 -9999 -9999 -9999 0.097 0.115 0.119 0.121 0.122 0.121 0.137 0.154 0.148 0.14 0.146 0.152 0.147 0.142 0.146 0.15 0.161 0.174 0.174 0.173 0.183 0.193 0.195 0.195 0.197 0.2 0.202 0.202 0.217 0.234 0.24 0.246 0.251 0.255 0.265 0.276 0.272 0.263 0.269 0.273 0.27 0.264 0.271 0.276 0.278 0.279 0.281 0.282 0.28 0.276 0.3 0.328 0.326 0.322 0.307 0.287 0.298 0.312 0.299
-9999 -9999 -9999 -9999 -9999 -9999 -9999 0.059 0.072 0.075 0.08 0.076 -9999 -9999 -9999 -9999 -9999 -9999 -9999 -9999 0.106 0.109 0.115 0.125 0.125 0.125 0.141 0.147 0.155 0.153 0.156 0.162 0.168 0.175 0.176 0.179 0.186 0.195 0.204 0.204 0.2 0.205 0.212 0.218 0.228 0.238 0.237 0.243 0.247 0.259 0.268 0.272 0.28 0.284 0.281 0.3 0.314 0.312 0.308 0.296 0.292 0.294 0.296 0.283 0.276 0.279 0.279 0.294 0.317 0.323 0.323 0.323 0.312 0.291 0.286 0.283
-9999 -9999 -9999 -9999 -9999 -9999 -9999 -9999 0.063 -9999 -9999 -9999 -9999 -9999 -9999 -9999 -9999 -9999 0.098 0.097 0.1 0.106 0.113 0.114 0.113 0.127 0.142 0.149 0.156 0.159 0.162 0.169 0.176 0.177 0.178 0.185 0.192 0.201 0.21 0.208 0.204 -9999 0.219 0.229 0.24 0.241 0.241 0.246 0.25 0.262 0.275 0.279 0.283 0.287 0.29 0.309 0.329 0.328 0.322 0.312 0.297 0.3 0.301 0.29 0.274 0.277 0.279 0.294 0.312 0.317 0.322 0.322 0.319 0.3 0.274 0.27
-9999 -9999 -9999 -9999 -9999 -9999 -9999 -9999 -9999 -9999 -9999 -9999 -9999 -9999 -9999 -9999 -9999 -9999 0.084 0.085 0.084 0.087 -9999 -9999 -9999 0.134 0.147 0.156 0.168 0.167 0.158 0.163 0.169 0.17 0.167 0.177 0.195 0.2 0.198 0.198 -9999 0.214 0.222 0.233 0.246 0.248 0.25 0.254 0.254 0.266 0.278 0.288 0.295 0.295 0.296 0.3 0.312 0.313 0.308 0.303 0.291 0.293 0.295 0.297 0.29 0.293 0.296 0.287 0.29 0.293 0.296 0.295 0.291 0.294 0.282 0.264
-9999 -9999 -9999 -9999 -9999 -9999 -9999 -9999 -9999 -9999 -9999 -9999 -9999 -9999 -9999 -9999 -9999 -9999 -9999 -9999 -9999 -9999 -9999 -9999 -9999 0.133 0.149 0.16 0.172 0.165 0.156 0.162 0.169 0.168 0.165 0.18 0.198 0.197 -9999 -9999 0.21 0.218 0.226 0.237 0.25 0.253 0.256 0.257 0.257 0.269 0.281 0.291 0.3 0.3 0.298 0.302 0.305 0.305 0.303 0.297 0.289 0.291 0.292 0.294 0.295 0.299 0.302 0.294 0.282 0.283 0.285 0.282 0.278 0.28 0.283 0.266
-9999 -9999 -9999 -9999 -9999 -9999 -9999 -9999 -9999 -9999 -9999 -9999 -9999 -9999 -9999 -9999 -9999 -9999 -9999 -9999 -9999 -9999 -9999 -9999 -9999 0.128 0.142 0.149 0.152 0.148 0.151 0.156 0.16 0.163 0.173 -9999 -9999 -9999 -9999 -9999 0.221 0.23 0.239 0.246 0.243 0.248 0.256 0.258 0.259 0.27 0.281 0.287 0.294 0.298 0.299 0.302 0.303 0.304 0.302 0.298 0.291 0.295 0.298 0.303 0.306 0.304 0.304 0.304 0.299 0.292 0.288 0.285 0.282 0.282 0.284 0.268
-9999 -9999 -9999 -9999 -9999 -9999 -9999 -9999 -9999 -9999 -9999 -9999 -9999 -9999 -9999 -9999 -9999 -9999 -9999 -9999 -9999 -9999 -9999 -9999 -9999 -9999 -9999 0.141 0.144 0.146 0.149 0.153 0.157 0.165 -9999 -9999 -9999 -9999 0.206 0.216 0.228 0.237 0.246 0.245 0.242 0.25 0.257 0.259 0.26 0.27 0.28 0.286 0.29 0.294 0.297 0.3 0.301 0.302 0.3 0.297 0.291 0.295 0.298 0.303 0.308 0.306 0.303 0.303 0.303 0.296 0.287 0.284 0.281 0.281 0.282 0.267
-9999 -9999 -9999 -9999 -9999 -9999 -9999 -9999 -9999 -9999 -9999 -9999 -9999 -9999 -9999 -9999 -9999 -9999 -9999 -9999 -9999 -9999 -9999 -9999 -9999 -9999 -9999 -9999 0.144 0.146 0.15 0.152 0.149 -9999 -9999 -9999 -9999 0.205 0.219 0.229 0.235 0.242 0.245 0.249 0.261 0.265 0.258 0.259 0.257 0.272 0.298 0.292 0.291 0.302 0.31 0.3 0.294 0.295 0.294 0.298 0.297 0.292 0.29 0.293 0.296 0.296 0.293 0.298 0.301 0.298 0.292 0.28 0.272 0.27 0.268 0.256
-9999 -9999 -9999 -9999 -9999 -9999 -9999 -9999 -9999 -9999 -9999 -9999 -9999 -9999 -9999 -9999 -9999 -9999 -9999 -9999 -9999 -9999 -9999 -9999 -9999 -9999 -9999 -9999 -9999 -9999 -9999 -9999 -9999 -9999 -9999 -9999 0.202 0.212 0.224 0.231 0.238 0.241 0.244 0.256 0.268 0.264 0.257 0.257 0.256 0.278 0.303 0.299 0.291 0.302 0.313 0.304 0.29 0.291 0.29 0.294 0.298 0.294 0.286 0.289 0.291 0.29 0.288 0.293 0.298 0.296 0.291 0.28 0.267 0.264 0.261 0.249
-9999 -9999 -9999 -9999 -9999 -9999 -9999 -9999 -9999 -9999 -9999 -9999 -9999 -9999 -9999 -9999 -9999 -9999 -9999 -9999 -9999 -9999 -9999 -9999 -9999 -9999 -9999 -9999 -9999 -9999 -9999 -9999 -9999 -9999 -9999 0.199 0.21 0.225 0.244 0.249 0.247 0.249 0.246 0.259 0.274 0.27 0.261 0.263 0.268 0.284 0.287 0.301 0.304 0.302 0.305 0.305 0.297 0.293 0.289 0.298 0.305 0.308 0.306 0.294 0.287 0.287 0.285 0.286 0.289 0.293 0.293 0.286 0.276 0.262 0.253 0.246
-9999 -9999 -9999 -9999 -9999 -9999 -9999 -9999 -9999 -9999 -9999 -9999 -9999 -9999 -9999 -9999 -9999 -9999 -9999 -9999 -9999 -9999 -9999 -9999 -9999 -9999 -9999 -9999 -9999 -9999 -9999 -9999 -9999 -9999 -9999 0.209 0.215 0.232 0.251 0.251 0.25 0.25 0.247 0.261 0.276 0.27 0.262 0.268 0.273 0.278 0.281 0.294 0.308 0.307 0.302 0.301 0.298 0.295 0.289 0.297 0.306 0.309 0.311 0.301 0.285 0.284 0.283 0.284 0.284 0.287 0.291 0.285 0.277 0.264 0.248 0.241
-9999 -9999 -9999 -9999 -9999 -9999 -9999 -9999 -9999 -9999 -9999 -9999 -9999 -9999 -9999 -9999 -9999 -9999 -9999 -9999 -9999 -9999 0.121 0.132 0.143 0.145 -9999 0.155 -9999 -9999 -9999 -9999 -9999 -9999 -9999 -9999 0.219 0.235 0.25 0.252 0.252 0.254 0.257 0.267 0.269 0.265 0.263 0.271 0.285 0.294 0.3 0.298 0.304 0.304 0.3 0.304 0.305 0.305 0.301 0.299 0.302 0.302 0.302 0.306 0.3 0.297 0.295 0.281 0.273 0.273 0.275 0.272 0.266 0.263 0.253 0.244
-9999 -9999 -9999 -9999 -9999 -9999 -9999 -9999 -9999 -9999 -9999 -9999 -9999 -9999 -9999 -9999 -9999 -9999 -9999 0.102 0.111 0.118 0.126 0.136 0.146 0.146 0.145 0.165 0.191 0.181 -9999 -9999 0.191 0.202 0.213 0.218 0.22 0.234 0.249 0.252 0.253 0.257 0.261 0.264 0.266 0.265 0.262 0.275 0.289 0.298 0.306 0.305 0.302 0.302 0.299 0.303 0.306 0.307 0.306 0.304 0.3 0.3 0.298 0.301 0.304 0.302 0.298 0.285 0.267 0.267 0.267 0.264 0.261 0.257 0.252 0.244
-9999 -9999 -9999 -9999 -9999 -9999 -9999 -9999 -9999 -9999 -9999 -9999 -9999 -9999 -9999 -9999 -9999 -9999 0.09 0.102 0.133 0.145 0.159 0.164 0.153 0.155 0.154 0.169 0.171 0.172 0.192 0.208 0.225 0.235 0.236 0.239 0.237 0.248 0.252 0.255 0.259 0.263 0.265 0.269 0.273 0.273 0.271 0.282 0.291 0.298 0.3 0.305 0.306 0.311 0.311 0.306 0.304 0.305 0.304 0.296 0.288 0.29 0.289 0.293 0.295 0.298 0.296 0.28 0.262 0.26 0.258 0.252 0.247 0.245 0.241 0.241
-9999 -9999 -9999 -9999 -9999 -9999 -9999 -9999 -9999 -9999 -9999 -9999 -9999 -9999 -9999 -9999 -9999 -9999 0.09 0.123 0.139 0.153 0.169 0.163 0.154 0.157 0.158 0.159 0.162 0.182 0.203 0.22 0.239 0.242 0.244 0.244 0.242 0.248 0.252 0.257 0.261 0.264 0.266 0.271 0.276 0.276 0.274 0.282 0.291 0.295 0.297 0.302 0.307 0.311 0.315 0.31 0.303 0.303 0.303 0.295 0.284 0.285 0.286 0.288 0.291 0.292 0.293 0.278 0.258 0.256 0.254 0.247 0.24 0.237 0.235 0.234
-9999 -9999 -9999 -9999 -9999 -9999 -9999 -9999 -9999 -9999 -9999 -9999 -9999 -9999 -9999 -9999 -9999 -9999 0.094 0.119 0.115 0.128 0.143 0.139 0.139 0.146 0.16 0.165 0.177 0.19 0.192 0.205 0.213 0.221 0.242 0.244 0.249 0.255 0.258 0.258 0.245 0.255 0.279 0.283 0.282 0.281 0.274 0.28 0.283 0.292 0.311 0.308 0.309 0.311 0.313 0.307 0.299 0.3 0.299 0.299 0.294 0.287 0.282 0.278 0.276 0.271 0.267 0.264 0.251 0.25 0.248 0.248 0.244 0.234 0.226 0.22
-9999 -9999 -9999 -9999 -9999 -9999 -9999 -9999 -9999 -9999 -9999 -9999 -9999 -9999 0.084 0.079 -9999 0.079 0.1 0.101 0.104 0.117 0.13 0.132 0.132 0.146 0.159 0.17 0.183 0.186 0.187 0.195 0.202 0.22 0.24 0.246 0.251 0.256 0.26 0.251 0.238 0.259 0.283 0.284 0.284 0.28 0.274 0.277 0.28 0.296 0.315 0.313 0.309 0.311 0.312 0.307 0.298 0.299 0.298 0.298 0.298 0.291 0.281 0.277 0.271 0.264 0.257 0.252 0.248 0.246 0.244 0.243 0.244 0.233 0.221 0.214
-9999 -9999 -9999 -9999 -9999 -9999 -9999 -9999 -9999 -9999 -9999 -9999 -9999 -9999 0.095 0.088 0.072 0.085 0.091 0.097 0.107 0.121 0.138 0.141 0.141 0.154 0.167 0.176 0.182 0.187 0.194 0.199 0.198 0.213 0.227 0.233 0.238 0.243 0.249 0.245 0.247 0.262 0.268 0.269 0.27 0.269 0.272 0.276 0.278 0.288 0.288 0.294 0.294 0.298 0.3 0.303 0.3 0.294 0.288 0.292 0.293 0.285 0.273 0.271 0.266 0.264 0.258 0.255 0.251 0.25 0.249 0.24 0.235 0.236 0.23 0.217
-9999 -9999 -9999 -9999 -9999 -9999 -9999 -9999 -9999 -9999 -9999 -9999 -9999 0.061 0.095 0.086 0.072 0.08 0.087 0.097 0.107 0.122 0.139 0.142 0.143 0.155 0.168 0.173 0.179 0.188 0.196 0.197 0.196 0.208 0.222 0.227 0.233 0.238 0.243 0.247 0.25 0.256 0.261 0.263 0.264 0.268 0.272 0.275 0.277 0.279 0.278 0.283 0.288 0.292 0.296 0.299 0.302 0.296 0.285 0.289 0.292 0.283 0.271 0.268 0.264 0.261 0.258 0.255 0.252 0.25 0.249 0.241 0.23 0.23 0.231 0.218
-9999 -9999 -9999 -9999 -9999 -9999 -9999 -9999 -9999 -9999 -9999 -9999 -9999 -9999 0.072 0.071 0.084 0.091 0.092 0.1 0.103 0.118 0.132 0.138 0.148 0.157 0.158 0.164 0.173 0.181 0.182 0.187 0.199 0.211 0.223 0.227 0.227 0.234 0.244 0.247 0.247 0.254 0.262 0.262 0.255 0.261 0.274 0.279 0.284 0.282 0.279 0.278 0.279 0.276 0.276 0.282 0.286 0.292 -9999 0.284 0.281 0.265 0.248 0.247 0.244 0.24 0.235 0.231 0.226 0.23 0.232 0.24 0.24 0.225 0.217 0.207
-9999 -9999 -9999 -9999 -9999 -9999 -9999 -9999 -9999 -9999 -9999 -9999 -9999 0.045 0.058 0.072 0.085 0.089 0.092 0.096 0.099 0.112 0.126 0.137 0.147 0.151 0.152 0.16 0.169 0.174 0.176 0.188 0.2 0.211 0.223 0.224 0.225 0.234 0.244 0.246 0.246 0.254 0.263 0.258 0.251 0.263 0.275 0.281 0.287 0.285 0.28 0.279 0.276 0.273 0.269 0.275 0.281 0.286 0.29 -9999 0.276 -9999 0.24 -9999 0.237 -9999 0.227 0.222 0.217 0.22 0.225 0.232 0.238 -9999 -9999 -9999
-9999 -9999 -9999 -9999 -9999 -9999 -9999 -9999 -9999 -9999 -9999 -9999 -9999 0.036 0.051 0.07 0.095 0.1 0.102 0.111 0.125 0.135 0.134 0.142 0.14 0.144 0.149 0.158 0.173 0.178 0.177 0.185 0.185 0.195 0.205 0.213 0.235 0.244 0.251 0.246 0.226 0.234 0.243 0.244 0.256 0.264 0.265 0.268 0.265 0.265 0.271 0.267 0.261 0.262 0.26 0.261 0.263 0.265 0.266 -9999 -9999 0.259 0.241 -9999 -9999 0.22 0.213 0.215 -9999 -9999 -9999 -9999 -9999 -9999 -9999 -9999
-9999 -9999 -9999 -9999 -9999 -9999 -9999 -9999 -9999 -9999 -9999 -9999 0.014 0.029 0.043 0.067 0.093 0.098 0.101 0.116 0.132 0.134 0.134 0.135 0.135 0.14 0.145 0.157 0.172 0.177 0.177 0.18 0.18 0.189 0.198 0.217 0.238 0.246 0.254 0.239 0.219 0.227 0.236 0.247 0.259 0.261 0.262 0.26 0.257 0.263 0.27 0.265 0.257 0.259 0.259 0.259 -9999 -9999 -9999 0.261 -9999 -9999 -9999 -9999 -9999 -9999 0.212 -9999 -9999 -9999 -9999 -9999 -9999 -9999 -9999 -9999
-9999 -9999 -9999 -9999 -9999 -9999 -9999 -9999 -9999 -9999 -9999 -0.013 0.003 0.017 0.027 0.051 0.075 0.083 0.094 0.107 0.116 0.122 0.134 0.137 0.14 0.146 0.146 0.15 0.143 0.154 0.174 0.179 0.183 0.189 -9999 -9999 -9999 -9999 -9999 0.222 0.215 0.219 0.219 0.228 0.236 0.238 0.24 0.244 0.262 -9999 0.266 -9999 -9999 -9999 -9999 -9999 0.246 0.247 0.248 0.237 0.233 0.242 -9999 -9999 -9999 -9999 -9999 -9999 -9999 -9999 -9999 -9999 -9999 -9999 -9999 -9999
-9999 -9999 -9999 -9999 -9999 -9999 -9999 -9999 -9999 -9999 -0.042 -0.027 -0.009 0.003 0.014 0.038 0.062 0.075 0.086 0.096 0.106 0.117 0.129 0.135 0.14 0.142 0.144 0.137 0.13 0.15 0.171 -9999 -9999 -9999 -9999 -9999 -9999 -9999 -9999 -9999 -9999 0.213 0.214 0.221 0.229 0.231 0.233 0.249 0.265 0.264 -9999 -9999 -9999 -9999 -9999 -9999 -9999 0.245 0.245 0.233 0.216 -9999 -9999 -9999 -9999 -9999 -9999 -9999 -9999 -9999 -9999 -9999 -9999 -9999 -9999 -9999
-9999 -9999 -9999 -9999 -9999 -9999 -9999 -9999 -0.066 -0.06 -0.044 -0.03 -0.013 0.005 0.023 0.043 0.05 0.061 0.067 0.081 0.1 0.11 0.116 0.123 0.128 0.13 0.127 0.128 0.14 -9999 -9999 -9999 -9999 -9999 -9999 -9999 -9999 -9999 -9999 -9999 -9999 -9999 0.216 -9999 -9999 -9999 -9999 -9999 0.269 0.27 -9999 -9999 -9999 -9999 -9999 -9999 -9999 -9999 -9999 0.218 0.2 -9999 -9999 -9999 -9999 -9999 -9999 -9999 -9999 -9999 -9999 -9999 -9999 -9999 -9999 -9999
-9999 -9999 -9999 -9999 -9999 -9999 -9999 -0.082 -9999 -0.062 -0.048 -0.039 -0.023 -0.002 0.018 0.029 0.038 0.047 0.054 0.073 0.092 0.1 0.107 0.114 0.12 0.121 0.118 0.13 0.142 -9999 -9999 -9999 -9999 -9999 -9999 -9999 -9999 -9999 -9999 -9999 -9999 -9999 -9999 0.222 -9999 -9999 -9999 -9999 -9999 -9999 -9999 -9999 -9999 -9999 -9999 -9999 -9999 -9999 -9999 -9999 -9999 -9999 -9999 -9999 -9999 -9999 -9999 -9999 -9999 -9999 -9999 -9999 -9999 -9999 -9999 -9999
-9999 -9999 -9999 -9999 -9999 -9999 -0.1 -0.089 -0.064 -0.057 -0.059 -0.048 -0.025 -0.01 0.002 0.017 0.034 0.042 -9999 0.061 0.083 0.091 0.098 0.105 0.108 0.111 0.116 0.127 -9999 -9999 -9999 -9999 -9999 -9999 -9999 -9999 -9999 -9999 -9999 -9999 -9999 -9999 -9999 -9999 -9999 -9999 -9999 -9999 -9999 -9999 -9999 -9999 -9999 -9999 -9999 -9999 -9999 -9999 -9999 -9999 -9999 -9999 -9999 -9999 -9999 -9999 -9999 -9999 -9999 -9999 -9999 -9999 -9999 -9999 -9999 -9999
-9999 -9999 -9999 -9999 -9999 -9999 -0.107 -0.088 -0.064 -0.065 -0.067 -0.051 -0.032 -0.026 -0.016 0.005 0.024 0.028 0.029 0.051 0.073 0.081 0.089 0.095 0.099 0.107 0.112 0.122 -9999 -9999 -9999 -9999 -9999 -9999 -9999 -9999 -9999 -9999 -9999 -9999 -9999 -9999 -9999 -9999 -9999 -9999 -9999 -9999 -9999 -9999 -9999 -9999 -9999 -9999 -9999 -9999 -9999 -9999 -9999 -9999 -9999 -9999 -9999 -9999 -9999 -9999 -9999 -9999 -9999 -9999 -9999 -9999 -9999 -9999 -9999 -9999
-9999 -9999 -9999 -9999 -9999 -0.117 -0.108 -0.086 -0.059 -0.064 -0.08 -0.063 -0.039 -0.04 -0.045 -0.032 -0.026 -0.017 0.002 0.023 0.046 0.056 0.071 0.078 0.086 0.095 0.104 -9999 -9999 -9999 -9999 -9999 -9999 -9999 -9999 -9999 -9999 -9999 -9999 -9999 -9999 -9999 -9999 -9999 -9999 -9999 -9999 -9999 -9999 -9999 -9999 -9999 -9999 -9999 -9999 -9999 -9999 -9999 -9999 -9999 -9999 -9999 -9999 -9999 -9999 -9999 -9999 -9999 -9999 -9999 -9999 -9999 -9999 -9999 -9999 -9999
