Validation/Results/ReClimate_06_2024_1_Temperature.asc
NCOLS 192
NROWS 249
XLLCENTER -225160.85627316462
YLLCENTER 29788.11610251502
CELLSIZE 5000.0
NODATA_VALUE -9999
[rows 136 to 169 of 249, columns 77 to 153 of 192]
-9999 -9999 -9999 -9999 -9999 -9999 -9999 -9999 0.678 -9999 0.701 0.714 0.717 0.717 0.726 0.733 0.736 0.735 0.729 0.72 0.75 0.783 0.792 0.802 0.803 0.798 0.796 0.794 -9999 -9999 -9999 -9999 -9999 -9999 0.721 0.704 0.706 0.708 0.712 0.721 0.726 0.732 0.726 0.716 0.724 0.731 0.739 0.747 0.745 0.74 0.741 0.74 0.741 0.739 0.735 0.735 0.761 -9999 -9999 -9999 -9999 -9999 -9999 -9999 -9999 -9999 -9999 -9999 -9999 -9999 -9999 -9999 -9999 -9999 -9999 -9999 -9999
-9999 -9999 -9999 -9999 -9999 -9999 -9999 -9999 0.67 0.686 0.697 0.699 0.701 0.706 0.714 0.717 0.722 0.727 0.728 0.744 0.761 0.758 0.769 0.787 0.792 0.799 0.788 0.759 -9999 -9999 -9999 -9999 0.724 0.727 0.712 0.697 0.698 0.697 0.701 0.708 0.713 0.717 0.716 0.725 0.728 0.72 0.729 0.74 0.742 0.74 0.743 0.744 0.749 0.751 0.76 0.749 0.759 -9999 -9999 -9999 -9999 -9999 -9999 -9999 -9999 -9999 -9999 -9999 -9999 -9999 -9999 -9999 -9999 -9999 -9999 -9999 -9999
0.611 -9999 -9999 -9999 -9999 -9999 -9999 -9999 0.669 0.68 0.685 -9999 -9999 0.697 0.702 0.706 0.715 -9999 0.74 0.75 0.748 0.744 0.76 0.777 0.788 0.794 -9999 -9999 -9999 -9999 -9999 0.715 0.716 0.717 0.704 0.69 0.688 0.688 0.693 0.7 0.705 0.708 0.717 0.726 0.721 0.713 0.724 0.735 0.737 0.737 0.741 0.743 0.748 0.752 0.761 0.77 0.764 -9999 -9999 -9999 -9999 -9999 -9999 -9999 -9999 -9999 -9999 -9999 -9999 -9999 -9999 -9999 -9999 -9999 -9999 -9999 -9999
0.621 -9999 -9999 -9999 -9999 -9999 -9999 -9999 -9999 0.66 0.663 -9999 -9999 -9999 0.697 0.723 0.736 0.753 -9999 -9999 0.742 0.742 0.756 0.773 0.78 -9999 -9999 -9999 -9999 -9999 0.73 0.725 0.726 0.726 0.715 0.701 0.701 0.704 0.71 0.714 0.715 0.706 0.714 0.719 0.713 0.704 0.712 0.717 0.734 0.743 0.741 0.741 0.75 0.758 0.756 0.76 0.77 -9999 -9999 -9999 -9999 -9999 -9999 -9999 -9999 -9999 -9999 -9999 -9999 -9999 -9999 -9999 -9999 -9999 -9999 -9999 -9999
-9999 -9999 -9999 -9999 -9999 -9999 -9999 -9999 -9999 -9999 0.654 -9999 -9999 -9999 -9999 0.724 0.742 0.759 -9999 -9999 -9999 0.743 0.755 -9999 -9999 -9999 -9999 -9999 -9999 -9999 0.718 0.724 0.724 0.725 0.714 0.7 0.702 0.707 0.712 0.716 0.711 0.703 0.709 0.714 0.708 0.699 0.704 0.709 0.725 0.743 0.741 0.737 0.747 0.756 0.756 0.754 0.764 -9999 -9999 -9999 -9999 -9999 -9999 -9999 -9999 -9999 -9999 -9999 -9999 -9999 -9999 -9999 -9999 -9999 -9999 -9999 -9999
-9999 -9999 -9999 -9999 -9999 -9999 -9999 -9999 -9999 -9999 0.645 -9999 -9999 -9999 -9999 -9999 0.719 0.72 -9999 -9999 -9999 -9999 -9999 -9999 -9999 -9999 -9999 -9999 -9999 -9999 0.707 0.701 0.7 0.7 0.692 0.689 0.693 0.706 0.71 0.711 0.714 0.728 0.731 0.726 0.73 0.744 0.745 0.732 0.734 0.743 0.747 0.747 0.748 0.753 0.758 0.761 0.771 0.776 -9999 -9999 -9999 -9999 -9999 -9999 -9999 -9999 -9999 -9999 -9999 -9999 -9999 -9999 -9999 -9999 -9999 -9999 -9999
0.605 0.598 0.609 -9999 -9999 -9999 -9999 -9999 -9999 -9999 0.641 -9999 -9999 -9999 -9999 -9999 -9999 -9999 -9999 -9999 -9999 -9999 -9999 -9999 -9999 -9999 -9999 -9999 -9999 0.689 0.685 0.688 0.687 0.686 0.684 0.682 0.689 0.702 0.705 0.707 0.721 0.735 0.733 0.729 0.744 0.76 0.751 0.739 0.741 0.742 0.746 0.75 0.752 0.752 0.758 0.763 0.773 0.782 0.798 -9999 -9999 -9999 -9999 -9999 -9999 -9999 -9999 -9999 -9999 -9999 -9999 -9999 -9999 -9999 -9999 -9999 -9999
0.622 0.624 0.633 -9999 -9999 -9999 -9999 -9999 -9999 -9999 -9999 -9999 -9999 -9999 -9999 -9999 -9999 -9999 -9999 -9999 -9999 -9999 -9999 -9999 -9999 -9999 -9999 -9999 0.707 0.695 0.695 0.694 0.689 0.671 0.671 0.675 0.683 0.696 0.702 0.71 0.725 0.743 0.736 0.719 0.731 0.741 0.735 0.732 0.737 0.746 0.754 0.76 0.757 0.755 0.762 0.769 0.776 0.784 0.796 -9999 -9999 -9999 -9999 -9999 -9999 -9999 -9999 -9999 -9999 -9999 -9999 -9999 -9999 -9999 -9999 -9999 -9999
0.628 -9999 0.633 0.632 -9999 -9999 -9999 -9999 -9999 -9999 -9999 -9999 -9999 -9999 -9999 -9999 -9999 -9999 -9999 -9999 -9999 -9999 -9999 -9999 -9999 -9999 -9999 -9999 0.706 0.696 0.694 0.694 0.68 0.663 0.667 0.671 0.679 0.692 0.701 0.71 0.726 0.743 0.73 0.714 0.724 0.734 0.732 0.73 0.738 0.747 0.755 0.763 0.761 0.756 0.763 0.771 0.777 0.783 0.795 0.807 0.792 -9999 -9999 -9999 -9999 -9999 -9999 -9999 -9999 -9999 -9999 -9999 -9999 -9999 -9999 -9999 -9999
0.633 -9999 -9999 0.633 -9999 -9999 -9999 -9999 -9999 -9999 -9999 -9999 -9999 -9999 -9999 -9999 -9999 -9999 -9999 -9999 -9999 -9999 -9999 -9999 -9999 -9999 -9999 -9999 0.711 0.704 0.7 0.689 0.681 0.677 0.675 0.664 0.672 0.683 0.69 0.693 0.707 0.724 0.723 0.741 0.742 0.723 0.724 0.728 0.74 0.751 0.767 0.779 0.781 0.778 0.773 0.774 0.781 0.786 0.783 0.786 0.799 0.789 0.803 0.826 -9999 -9999 -9999 -9999 -9999 -9999 -9999 -9999 -9999 -9999 -9999 -9999 -9999
0.63 0.631 -9999 0.624 -9999 -9999 -9999 -9999 -9999 -9999 -9999 -9999 -9999 -9999 -9999 -9999 -9999 -9999 -9999 -9999 -9999 -9999 -9999 -9999 -9999 -9999 -9999 0.709 0.705 0.704 0.696 0.686 0.684 0.681 0.671 0.66 0.667 0.678 0.682 0.685 0.7 0.717 0.733 0.75 0.737 0.718 0.723 0.727 0.739 0.752 0.767 0.784 0.786 0.785 0.782 0.774 0.781 0.787 0.784 0.778 0.79 0.803 0.801 0.807 0.836 0.81 -9999 -9999 -9999 -9999 -9999 -9999 -9999 -9999 -9999 -9999 -9999
0.638 -9999 0.629 -9999 -9999 -9999 -9999 -9999 -9999 -9999 -9999 -9999 -9999 -9999 -9999 -9999 -9999 -9999 -9999 -9999 -9999 -9999 -9999 -9999 -9999 -9999 -9999 -9999 0.7 0.701 0.694 0.688 0.683 0.672 0.665 0.661 0.671 0.693 0.699 0.702 0.711 0.706 0.72 0.734 0.728 0.734 0.74 0.745 0.744 0.749 0.755 0.766 0.775 0.778 0.785 0.785 0.794 0.802 0.792 0.783 0.801 0.817 0.824 0.828 0.843 0.848 0.809 -9999 -9999 -9999 -9999 -9999 -9999 -9999 -9999 -9999 -9999
0.634 0.633 0.611 -9999 -9999 -9999 -9999 -9999 -9999 -9999 -9999 -9999 -9999 -9999 -9999 -9999 -9999 -9999 -9999 -9999 -9999 -9999 -9999 -9999 -9999 -9999 -9999 -9999 -9999 0.694 0.692 0.687 0.678 0.667 0.664 0.66 0.676 0.698 0.704 0.708 0.706 0.702 0.714 0.727 0.733 0.739 0.746 0.752 0.75 0.747 0.753 0.759 0.767 0.774 0.781 0.787 0.797 0.806 0.798 0.785 0.802 0.821 0.828 0.834 0.849 0.865 0.834 0.831 -9999 -9999 -9999 -9999 -9999 -9999 -9999 -9999 -9999
0.629 0.615 -9999 -9999 -9999 -9999 -9999 -9999 -9999 -9999 -9999 -9999 -9999 -9999 -9999 -9999 -9999 -9999 -9999 -9999 -9999 -9999 -9999 -9999 -9999 -9999 -9999 -9999 -9999 0.682 0.678 0.689 0.682 0.671 0.675 0.69 0.7 0.698 0.708 0.725 0.721 0.708 0.717 0.716 0.723 0.732 0.737 0.738 0.741 0.749 0.76 0.769 0.767 0.769 0.78 0.789 0.801 0.812 0.822 0.82 0.816 0.822 0.824 0.826 0.833 0.843 0.845 0.826 0.852 -9999 -9999 -9999 -9999 -9999 -9999 -9999 -9999
0.616 0.6 -9999 -9999 -9999 -9999 -9999 -9999 -9999 -9999 -9999 -9999 -9999 -9999 -9999 -9999 -9999 -9999 -9999 -9999 -9999 -9999 -9999 -9999 -9999 -9999 -9999 -9999 -9999 -9999 0.673 0.685 0.679 0.671 0.685 0.702 0.699 0.696 0.713 0.731 0.723 0.711 0.712 0.712 0.72 0.729 0.731 0.732 0.741 0.749 0.76 0.771 0.77 0.767 0.778 0.789 0.801 0.813 0.823 0.831 0.828 0.821 0.822 0.821 0.828 0.833 0.835 0.834 0.847 -9999 -9999 -9999 -9999 -9999 -9999 -9999 -9999
-9999 -9999 -9999 -9999 -9999 -9999 -9999 -9999 -9999 -9999 -9999 -9999 -9999 -9999 -9999 -9999 -9999 -9999 -9999 -9999 -9999 -9999 -9999 -9999 -9999 -9999 -9999 -9999 -9999 -9999 0.67 0.678 0.678 0.685 0.701 0.714 0.709 0.701 0.714 0.718 0.713 0.71 0.712 0.711 0.719 0.729 0.733 0.74 0.75 0.761 0.77 0.782 0.784 0.784 0.788 0.795 0.806 0.818 0.825 0.833 0.828 0.82 0.826 0.828 0.833 0.838 0.845 0.847 0.86 0.864 -9999 -9999 -9999 -9999 -9999 -9999 -9999
-9999 -9999 -9999 -9999 -9999 -9999 -9999 -9999 -9999 -9999 -9999 -9999 -9999 -9999 -9999 -9999 -9999 -9999 -9999 -9999 -9999 -9999 -9999 -9999 -9999 -9999 -9999 -9999 -9999 -9999 -9999 0.671 0.679 0.688 0.702 0.716 0.71 0.702 0.708 0.713 0.712 0.709 0.71 0.71 0.719 0.728 0.735 0.741 0.752 0.764 0.774 0.784 0.788 0.789 0.793 0.796 0.807 0.818 0.825 0.832 0.827 0.818 0.824 0.829 0.834 0.838 0.845 0.85 0.862 0.876 -9999 -9999 -9999 -9999 -9999 -9999 -9999
-9999 -9999 -9999 -9999 -9999 -9999 -9999 -9999 -9999 -9999 -9999 -9999 -9999 -9999 -9999 -9999 -9999 -9999 -9999 -9999 -9999 -9999 -9999 -9999 -9999 -9999 -9999 -9999 -9999 -9999 -9999 0.667 -9999 0.691 0.696 0.687 0.683 -9999 0.7 0.72 0.724 0.734 0.727 0.7 0.707 0.712 0.719 0.729 0.741 0.753 0.767 0.779 0.801 0.814 0.813 0.813 0.814 0.82 0.822 0.826 0.83 0.827 0.838 0.846 0.851 0.855 0.842 0.835 0.849 0.863 0.872 -9999 -9999 -9999 -9999 -9999 -9999
-9999 -9999 -9999 -9999 -9999 -9999 -9999 -9999 -9999 -9999 -9999 -9999 -9999 -9999 -9999 -9999 -9999 -9999 -9999 -9999 -9999 -9999 -9999 -9999 -9999 -9999 -9999 -9999 -9999 -9999 -9999 -9999 0.671 0.689 -9999 -9999 -9999 -9999 0.7 0.722 0.732 0.742 0.722 0.695 0.7 0.705 0.714 0.723 0.736 0.75 0.763 0.777 0.798 0.821 0.821 0.818 0.82 0.819 0.821 0.822 0.826 0.828 0.839 0.85 0.855 0.859 0.847 0.828 0.841 0.856 0.865 0.874 0.873 -9999 -9999 -9999 -9999
-9999 -9999 -9999 -9999 -9999 -9999 -9999 -9999 -9999 -9999 -9999 -9999 -9999 -9999 -9999 -9999 -9999 -9999 -9999 -9999 -9999 -9999 -9999 -9999 -9999 -9999 -9999 -9999 -9999 -9999 -9999 -9999 0.672 0.681 -9999 -9999 -9999 -9999 0.693 0.732 0.737 0.731 0.721 0.723 0.721 0.701 0.709 0.717 0.737 0.755 0.773 0.79 0.797 0.812 0.815 0.814 0.828 0.835 0.838 0.839 0.84 0.841 0.845 0.852 0.849 0.847 0.847 0.836 0.842 0.853 0.865 0.873 0.877 -9999 -9999 -9999 -9999
-9999 -9999 -9999 -9999 -9999 -9999 -9999 -9999 -9999 -9999 -9999 -9999 -9999 -9999 -9999 -9999 -9999 -9999 -9999 -9999 -9999 -9999 -9999 -9999 -9999 -9999 -9999 -9999 -9999 -9999 -9999 -9999 0.674 -9999 -9999 -9999 -9999 0.667 0.697 0.734 0.732 0.726 0.73 0.733 0.719 0.701 0.708 0.716 0.736 0.757 0.774 0.794 0.801 0.808 0.811 0.811 0.825 0.839 0.842 0.843 0.845 0.843 0.848 0.851 0.848 0.841 0.841 0.838 0.844 0.85 0.862 0.873 -9999 -9999 -9999 -9999 -9999
-9999 -9999 -9999 -9999 -9999 -9999 -9999 -9999 -9999 -9999 -9999 -9999 -9999 -9999 -9999 -9999 -9999 -9999 -9999 -9999 -9999 -9999 -9999 -9999 -9999 -9999 -9999 -9999 -9999 -9999 -9999 -9999 -9999 -9999 -9999 -9999 -9999 0.702 0.719 0.711 0.714 0.723 0.726 0.725 0.722 0.735 0.743 0.746 0.764 0.78 0.788 0.803 0.803 0.806 0.809 0.81 0.831 0.85 0.845 0.841 0.849 0.853 0.857 0.86 0.861 0.856 0.859 0.859 0.865 0.872 0.87 0.873 -9999 -9999 -9999 -9999 -9999
-9999 -9999 -9999 -9999 -9999 -9999 -9999 -9999 -9999 -9999 -9999 -9999 -9999 -9999 -9999 -9999 -9999 -9999 -9999 -9999 -9999 -9999 -9999 -9999 -9999 -9999 -9999 -9999 -9999 -9999 -9999 -9999 -9999 -9999 -9999 -9999 -9999 0.716 0.71 0.702 0.713 0.722 0.723 0.723 0.736 0.75 0.754 0.758 0.772 0.787 0.796 0.805 0.806 0.804 0.807 0.808 0.828 0.852 0.847 0.838 0.847 0.855 0.859 0.862 0.862 0.86 0.863 0.864 0.871 0.878 0.877 0.872 -9999 -9999 -9999 -9999 -9999
-9999 -9999 -9999 -9999 -9999 -9999 -9999 -9999 -9999 -9999 -9999 -9999 -9999 -9999 -9999 -9999 -9999 -9999 -9999 -9999 -9999 -9999 -9999 -9999 -9999 -9999 -9999 -9999 -9999 -9999 -9999 -9999 -9999 -9999 -9999 -9999 0.716 0.724 0.723 0.73 0.736 0.726 0.733 0.751 0.761 0.761 0.765 0.763 0.773 0.785 0.799 0.81 0.809 0.807 0.818 0.825 0.839 0.859 0.855 0.847 0.856 0.864 0.867 0.869 0.87 0.868 0.867 0.866 0.877 0.887 0.89 0.877 0.876 -9999 -9999 -9999 -9999
-9999 -9999 -9999 -9999 -9999 -9999 -9999 -9999 -9999 -9999 -9999 -9999 -9999 -9999 -9999 -9999 -9999 -9999 -9999 -9999 -9999 -9999 -9999 -9999 -9999 -9999 -9999 -9999 -9999 -9999 -9999 -9999 -9999 -9999 -9999 -9999 0.725 0.727 0.734 0.742 0.736 0.727 0.744 0.763 0.765 0.766 0.767 0.766 0.774 0.783 0.796 0.811 0.81 0.807 0.818 0.83 0.844 0.86 0.856 0.849 0.858 0.866 0.869 0.87 0.871 0.869 0.868 0.864 0.876 0.888 0.892 0.893 0.882 -9999 -9999 -9999 -9999
-9999 -9999 -9999 -9999 -9999 -9999 -9999 -9999 -9999 -9999 -9999 -9999 -9999 -9999 -9999 -9999 -9999 -9999 -9999 -9999 -9999 -9999 -9999 -9999 -9999 -9999 -9999 -9999 -9999 -9999 -9999 -9999 -9999 -9999 -9999 0.726 0.731 0.737 0.743 0.749 0.744 0.739 0.758 0.777 0.777 0.767 0.767 0.765 0.772 0.779 0.789 0.8 0.811 0.815 0.814 0.818 0.84 0.859 0.855 0.848 0.857 0.865 0.875 0.88 0.875 0.871 0.873 0.872 0.882 0.895 0.892 0.89 0.9 0.889 -9999 -9999 -9999
-9999 -9999 -9999 -9999 -9999 -9999 -9999 -9999 -9999 -9999 -9999 -9999 -9999 -9999 -9999 -9999 -9999 -9999 -9999 -9999 -9999 -9999 -9999 -9999 -9999 -9999 -9999 -9999 -9999 -9999 -9999 -9999 -9999 -9999 -9999 0.728 0.734 0.741 0.746 0.752 0.749 0.744 0.763 0.783 0.777 0.768 0.767 0.765 0.772 0.778 0.786 0.796 0.806 0.816 0.816 0.813 0.834 0.857 0.854 0.846 0.855 0.863 0.872 0.881 0.877 0.87 0.872 0.873 0.883 0.895 0.893 0.888 0.898 0.908 -9999 -9999 -9999
-9999 -9999 -9999 -9999 -9999 -9999 -9999 -9999 -9999 -9999 -9999 -9999 -9999 -9999 -9999 -9999 -9999 -9999 -9999 -9999 -9999 -9999 -9999 -9999 -9999 -9999 -9999 -9999 -9999 -9999 -9999 -9999 -9999 -9999 -9999 0.731 0.738 0.749 0.753 0.753 0.749 0.743 0.76 0.774 0.774 0.783 0.78 0.768 0.783 0.794 0.794 0.799 0.804 0.811 0.821 0.824 0.828 0.841 0.846 0.844 0.854 0.862 0.872 0.881 0.878 0.871 0.877 0.88 0.883 0.89 0.892 0.888 0.892 0.898 0.896 -9999 -9999
-9999 -9999 -9999 -9999 -9999 -9999 -9999 -9999 -9999 -9999 -9999 -9999 -9999 -9999 -9999 -9999 -9999 -9999 -9999 -9999 -9999 -9999 -9999 -9999 -9999 -9999 -9999 -9999 -9999 -9999 -9999 -9999 -9999 -9999 -9999 -9999 0.742 0.752 0.754 0.754 0.749 0.743 0.756 0.769 0.779 0.788 0.78 0.769 0.783 0.8 0.801 0.8 0.804 0.808 0.818 0.827 0.831 0.834 0.839 0.842 0.851 0.86 0.869 0.879 0.876 0.87 0.876 0.881 0.885 -9999 0.889 -9999 0.89 0.892 0.889 0.891 -9999
-9999 -9999 -9999 -9999 -9999 -9999 -9999 -9999 -9999 -9999 -9999 -9999 -9999 -9999 -9999 -9999 -9999 -9999 -9999 -9999 -9999 -9999 -9999 -9999 -9999 -9999 -9999 -9999 -9999 -9999 -9999 -9999 -9999 -9999 -9999 0.738 0.747 0.761 0.761 0.754 0.752 0.752 0.761 0.763 0.773 0.783 0.776 0.769 0.784 0.8 0.801 0.8 0.808 0.815 0.829 0.842 0.834 0.829 0.833 0.835 0.843 0.852 0.863 0.873 0.872 0.867 0.867 0.868 0.87 0.87 0.881 0.886 -9999 0.896 0.889 0.882 0.889
-9999 -9999 -9999 -9999 -9999 -9999 -9999 -9999 -9999 -9999 -9999 -9999 -9999 -9999 -9999 -9999 -9999 -9999 -9999 -9999 -9999 -9999 -9999 -9999 -9999 -9999 -9999 -9999 -9999 -9999 -9999 -9999 -9999 -9999 -9999 0.743 0.753 0.763 0.76 0.755 0.756 0.757 0.759 0.76 0.77 0.78 0.776 0.769 0.784 0.8 0.801 0.799 0.808 0.817 0.831 0.847 0.839 0.826 0.83 0.831 0.839 0.847 0.858 0.869 0.869 0.865 0.865 0.863 0.864 0.863 0.872 0.882 0.891 -9999 -9999 -9999 -9999
-9999 -9999 -9999 -9999 -9999 -9999 -9999 -9999 -9999 -9999 -9999 -9999 -9999 -9999 -9999 -9999 -9999 -9999 -9999 -9999 -9999 -9999 -9999 -9999 -9999 -9999 -9999 -9999 -9999 -9999 -9999 -9999 -9999 -9999 0.734 0.745 0.755 0.764 0.764 0.765 0.77 0.777 0.783 0.791 0.797 0.789 0.788 0.791 0.791 0.799 0.806 0.809 0.814 0.82 0.823 0.831 0.842 0.842 0.839 0.839 0.843 0.85 0.848 0.851 0.856 0.855 0.86 0.86 0.869 0.872 0.878 0.885 0.885 0.893 0.891 -9999 -9999
-9999 -9999 -9999 -9999 -9999 -9999 -9999 -9999 -9999 -9999 -9999 -9999 -9999 -9999 -9999 -9999 -9999 -9999 -9999 -9999 -9999 -9999 -9999 -9999 -9999 -9999 -9999 -9999 -9999 -9999 -9999 -9999 -9999 -9999 0.733 0.743 0.752 0.761 0.765 0.768 0.777 0.785 0.795 0.804 0.8 0.792 0.796 0.8 0.8 0.798 0.805 0.811 0.817 0.821 0.824 0.825 0.835 0.845 0.844 0.84 0.845 0.849 0.848 0.843 0.848 0.851 0.855 0.858 0.866 0.875 0.88 0.885 0.885 0.883 0.886 0.882 -9999
-9999 -9999 -9999 -9999 -9999 -9999 -9999 -9999 -9999 -9999 -9999 -9999 -9999 -9999 -9999 -9999 -9999 -9999 -9999 -9999 -9999 -9999 -9999 -9999 -9999 -9999 -9999 -9999 -9999 -9999 -9999 -9999 -9999 -9999 -9999 0.734 0.746 0.761 0.767 0.777 0.784 0.781 0.793 0.811 0.809 0.803 0.808 0.811 0.807 0.793 0.8 0.806 0.822 0.833 0.83 0.828 0.835 0.843 0.843 0.84 0.85 0.857 0.853 0.848 0.848 0.848 0.864 0.875 0.872 0.874 0.885 0.893 0.881 0.871 0.895 0.908 0.908
