Validation/Results/ReClimate_10_2023_1_Precipitation-Actuals.asc
NCOLS 192
NROWS 249
XLLCENTER -225160.85627316462
YLLCENTER 29788.11610251502
CELLSIZE 5000.0
NODATA_VALUE -9999
[rows 66 to 98 of 249, columns 74 to 147 of 192]
-9999 -9999 -9999 -9999 -9999 -9999 -9999 -9999 -9999 -9999 -9999 140.759 -9999 151.849 184.457 225.401 233.494 239.568 212.659 196.673 165.893 145.253 122.633 129.661 137.739 126.598 125.766 125.527 120.725 121.5 111.444 107.591 -9999 -9999 -9999 -9999 -9999 -9999 -9999 -9999 -9999 -9999 -9999 -9999 -9999 -9999 -9999 -9999 -9999 -9999 -9999 -9999 -9999 -9999 -9999 -9999 -9999 -9999 -9999 -9999 -9999 -9999 -9999 -9999 -9999 -9999 -9999 -9999 -9999 -9999 -9999 -9999 -9999 -9999
-9999 -9999 -9999 -9999 -9999 -9999 -9999 -9999 -9999 -9999 -9999 -9999 143.017 177.101 185.585 208.499 210.828 205.077 197.492 186.43 160.928 139.412 128.058 123.775 120.106 115.513 118.089 117.067 116.403 103.241 -9999 -9999 -9999 -9999 -9999 -9999 -9999 -9999 -9999 -9999 -9999 -9999 -9999 -9999 -9999 -9999 -9999 -9999 -9999 -9999 -9999 -9999 -9999 -9999 -9999 -9999 -9999 -9999 -9999 -9999 -9999 -9999 -9999 -9999 -9999 -9999 -9999 -9999 -9999 -9999 -9999 -9999 -9999 -9999
-9999 -9999 -9999 -9999 -9999 -9999 -9999 -9999 -9999 -9999 -9999 -9999 171.18 185.969 179.551 174.345 188.334 192.721 172.203 154.983 142.113 126.561 120.101 114.651 118.494 116.465 106.23 106.984 97.385 83.322 -9999 -9999 -9999 -9999 -9999 -9999 -9999 -9999 -9999 -9999 -9999 -9999 -9999 -9999 -9999 -9999 -9999 -9999 -9999 -9999 -9999 -9999 -9999 -9999 -9999 -9999 -9999 -9999 -9999 -9999 -9999 -9999 -9999 -9999 -9999 -9999 -9999 -9999 -9999 -9999 -9999 -9999 -9999 -9999
-9999 -9999 -9999 -9999 -9999 -9999 -9999 -9999 -9999 -9999 -9999 -9999 -9999 -9999 163.108 173.971 184.048 166.915 153.872 153.895 146.831 130.98 113.725 110.24 118.402 108.523 100.268 84.644 -9999 -9999 -9999 -9999 -9999 -9999 -9999 -9999 -9999 -9999 -9999 -9999 -9999 -9999 -9999 -9999 -9999 -9999 -9999 -9999 -9999 -9999 -9999 -9999 -9999 -9999 -9999 -9999 -9999 -9999 -9999 -9999 -9999 -9999 -9999 -9999 -9999 -9999 -9999 -9999 -9999 -9999 -9999 -9999 -9999 -9999
-9999 -9999 -9999 -9999 -9999 -9999 -9999 -9999 153.408 -9999 -9999 176.456 187.332 174.964 169.047 194.192 183.546 173.776 170.513 168.432 152.019 133.42 104.688 104.709 104.071 106.553 89.461 77.12 -9999 -9999 -9999 -9999 -9999 -9999 -9999 -9999 -9999 -9999 -9999 -9999 -9999 -9999 -9999 -9999 -9999 -9999 -9999 -9999 -9999 -9999 -9999 -9999 -9999 -9999 -9999 -9999 -9999 -9999 -9999 -9999 -9999 -9999 -9999 -9999 -9999 -9999 -9999 -9999 -9999 -9999 -9999 -9999 -9999 -9999
-9999 -9999 -9999 -9999 -9999 -9999 158.18 155.69 162.51 163.348 179.437 193.078 210.37 215.528 214.18 177.171 198.169 206.674 204.114 183.393 158.151 148.559 136.752 100.946 97.936 86.749 75.78 65.295 -9999 -9999 -9999 -9999 -9999 -9999 -9999 -9999 -9999 -9999 -9999 -9999 -9999 -9999 -9999 -9999 -9999 -9999 -9999 -9999 -9999 -9999 -9999 -9999 -9999 -9999 -9999 -9999 -9999 -9999 -9999 -9999 -9999 -9999 -9999 -9999 -9999 -9999 -9999 -9999 -9999 -9999 -9999 -9999 -9999 -9999
-9999 -9999 -9999 -9999 -9999 -9999 161.985 169.855 -9999 183.457 203.11 216.955 222.347 247.45 198.164 203.757 217.715 236.135 244.147 201.153 183.354 180.555 144.399 123.391 111.85 87.208 75.079 -9999 58.883 -9999 -9999 -9999 -9999 -9999 -9999 -9999 -9999 -9999 -9999 -9999 -9999 -9999 -9999 -9999 -9999 -9999 -9999 -9999 -9999 -9999 -9999 -9999 -9999 -9999 -9999 -9999 -9999 -9999 -9999 -9999 -9999 -9999 -9999 -9999 -9999 -9999 -9999 -9999 -9999 -9999 -9999 -9999 -9999 -9999
-9999 -9999 -9999 -9999 -9999 -9999 -9999 186.503 197.696 205.871 227.163 223.941 252.298 225.765 211.474 203.302 205.776 221.324 216.871 183.6 177.394 173.467 140.57 123.128 94.692 78.661 74.365 60.842 57.281 -9999 -9999 -9999 -9999 -9999 -9999 -9999 -9999 -9999 -9999 -9999 -9999 -9999 -9999 -9999 -9999 -9999 -9999 -9999 -9999 -9999 -9999 -9999 -9999 -9999 -9999 -9999 -9999 -9999 -9999 -9999 -9999 -9999 -9999 -9999 -9999 -9999 -9999 -9999 -9999 -9999 -9999 -9999 -9999 -9999
175.674 -9999 -9999 -9999 -9999 -9999 -9999 -9999 201.736 215.205 228.143 271.459 261.285 253.668 232.644 233.905 234.338 207.672 177.031 163.257 177.844 162.17 140.184 117.559 88.492 78.363 64.207 61.859 63.416 -9999 -9999 -9999 -9999 -9999 -9999 -9999 -9999 -9999 -9999 -9999 -9999 -9999 -9999 -9999 -9999 -9999 -9999 -9999 -9999 -9999 -9999 -9999 -9999 -9999 -9999 -9999 -9999 -9999 -9999 -9999 -9999 -9999 -9999 -9999 -9999 -9999 -9999 -9999 -9999 -9999 -9999 -9999 -9999 -9999
190.287 -9999 -9999 -9999 -9999 -9999 195.458 204.826 225.757 233.631 246.032 247.856 275.323 262.289 249.427 246.454 214.857 192.147 180.759 156.644 161.245 174.959 137.775 96.525 77.328 69.977 -9999 66.195 -9999 -9999 -9999 -9999 -9999 -9999 67.994 66.013 65.342 -9999 -9999 -9999 -9999 -9999 -9999 -9999 -9999 -9999 -9999 -9999 -9999 -9999 -9999 -9999 -9999 -9999 -9999 -9999 -9999 -9999 -9999 -9999 -9999 -9999 -9999 -9999 -9999 -9999 -9999 -9999 -9999 -9999 -9999 -9999 -9999 -9999
199.537 185.81 -9999 -9999 -9999 -9999 -9999 220.801 232.702 252.759 251.271 271.829 256.07 248.248 239.717 236.795 201.371 179.001 152.06 152.736 168.755 141.937 105.703 87.521 81.525 77.097 68.34 -9999 -9999 -9999 -9999 52.99 55.36 59.615 64.594 66.324 64.883 65.735 68.541 77.852 87.548 90.246 86.175 84.679 84.142 85.031 90.594 94.544 94.225 91.779 88.09 86.077 86.243 -9999 -9999 -9999 -9999 -9999 -9999 -9999 -9999 -9999 -9999 -9999 -9999 -9999 -9999 -9999 -9999 -9999 -9999 -9999 -9999 -9999
247.181 249.019 -9999 -9999 -9999 204.435 -9999 214.168 218.805 254.329 299.736 286.848 253.874 230.127 235.543 213.339 199.517 177.889 164.542 141.298 120.901 109.902 91.791 83.73 86.072 74.158 -9999 -9999 -9999 -9999 60.259 57.203 62.512 67.2 73.435 67.726 71.385 75.303 71.728 96.146 98.047 96.877 88.204 84.415 85.562 86.793 90.707 96.187 99.806 96.815 97.117 98.443 86.904 -9999 -9999 -9999 -9999 -9999 -9999 -9999 -9999 -9999 -9999 -9999 -9999 -9999 -9999 -9999 -9999 -9999 -9999 -9999 -9999 -9999
262.441 264.39 -9999 -9999 -9999 210.613 212.98 211.433 258.568 303.559 303.644 298.67 248.713 249.391 235.871 213.922 187.053 175.073 170.975 143.396 130.771 101.471 82.899 87.582 75.949 -9999 -9999 63.802 62.958 63.1 64.469 67.577 69.938 77.799 80.396 86.639 93.166 85.71 91.749 94.651 95.064 89.589 90.259 95.22 88.374 92.609 94.532 102.424 104.081 101.914 106.501 101.209 91.554 86.247 -9999 -9999 -9999 -9999 -9999 -9999 -9999 -9999 -9999 -9999 -9999 -9999 -9999 -9999 -9999 -9999 -9999 -9999 -9999 -9999
249.058 248.554 -9999 222.484 -9999 198.571 202.42 265.237 312.393 289.644 313.014 293.869 277.598 264.641 247.64 238.205 214.593 194.363 171.825 157.972 125.702 100.72 77.022 70.283 68.736 -9999 75.376 76.726 76.657 70.007 70.167 73.063 86.53 94.079 99.671 105.219 100.927 96.126 101.093 103.158 100.52 95.621 94.883 89.941 94.173 94.91 97.244 103.915 102.532 100.515 97.924 98.332 92.141 86.667 -9999 -9999 -9999 -9999 -9999 -9999 -9999 -9999 -9999 -9999 -9999 -9999 -9999 -9999 -9999 -9999 -9999 -9999 -9999 -9999
245.726 -9999 231.828 -9999 -9999 -9999 251.866 348.22 301.754 281.743 246.597 261.918 262.351 255.268 258.037 243.802 236.241 211.55 185.598 149.605 122.922 93.55 80.513 88.281 77.574 77.867 88.301 96.893 99.199 90.246 81.516 91.662 100.133 108.907 107.349 94.029 93.541 95.219 98.331 105.962 99.789 97.192 89.318 88.91 94.301 102.559 101.832 101.715 101.69 103.57 99.724 98.096 94.963 90.48 -9999 -9999 -9999 -9999 -9999 -9999 -9999 -9999 -9999 -9999 -9999 -9999 -9999 -9999 -9999 -9999 -9999 -9999 -9999 -9999
265.522 264.159 -9999 -9999 -9999 -9999 280.73 280.152 255.214 -9999 246.181 263.993 269.456 254.846 247.608 237.596 202.338 185.883 176.595 155.901 137.69 114.366 111.143 106.954 82.705 92.255 93.946 110.102 125.112 112.213 91.388 90.294 105.257 113.443 94.888 88.476 104.983 100.759 115.808 114.032 105.033 101.355 89.843 90.733 105.25 100.122 98.966 96.831 100.933 97.245 99.885 97.813 91.81 88.722 -9999 -9999 -9999 -9999 -9999 -9999 -9999 -9999 -9999 -9999 -9999 -9999 -9999 -9999 -9999 -9999 -9999 -9999 -9999 -9999
317.548 343.221 -9999 -9999 -9999 239.979 -9999 -9999 215.369 222.369 255.253 289.969 293.43 277.712 275.16 240.703 220.907 180.687 156.325 142.235 133.014 124.868 123.225 86.692 94.741 96.298 116.835 118.646 122.335 121.137 97.714 95.471 101.454 97.048 93.143 109.265 105.888 110.639 116.817 112.559 120.285 108.362 97.786 107.103 100.219 96.112 96.066 100.504 92.616 91.759 92.687 93.432 88.598 -9999 -9999 -9999 -9999 -9999 -9999 -9999 -9999 -9999 -9999 -9999 -9999 -9999 -9999 -9999 -9999 -9999 -9999 -9999 -9999 -9999
373.258 393.862 326.628 265.227 -9999 -9999 -9999 245.86 215.644 -9999 264.364 272.55 281.608 289.692 275.897 268.899 218.055 162.895 151.372 144.882 141.47 130.203 104.633 111.257 104.332 116.827 122.112 118.993 123.835 112.434 90.572 90.892 88.326 93.865 116.19 106.932 113.933 136.678 123.787 118.19 117.58 106.5 101.61 99.286 97.612 91.34 95.431 91.412 91.576 89.288 89.483 86.577 -9999 -9999 -9999 -9999 -9999 -9999 -9999 -9999 -9999 -9999 -9999 -9999 -9999 -9999 -9999 -9999 -9999 -9999 -9999 -9999 -9999 -9999
362.997 372.576 319.189 278.276 -9999 253.89 256.249 254.702 259.88 289.717 287.764 293.309 314.916 316.83 278.163 231.872 209.496 184.697 176.241 170.024 154.992 130.587 120.084 123.872 142.383 144.69 129.084 123.976 114.134 84.011 83.508 90.306 95.721 106.628 94.129 96.93 112.506 130.037 136.308 133.841 135.198 108.596 110.391 107.197 111.075 119.578 97.45 90.443 97.743 99.858 91.098 81.956 -9999 -9999 -9999 -9999 -9999 -9999 -9999 -9999 -9999 -9999 -9999 -9999 -9999 -9999 -9999 -9999 -9999 -9999 -9999 -9999 -9999 -9999
327.472 327.956 294.97 272.203 265.993 255.661 275.461 -9999 268.594 303.943 345.957 376.989 354.79 323.704 273.85 273.968 234.09 200.94 167.615 158.303 155.584 126.927 124.297 153.463 168.89 146.192 137.362 136.999 106.24 105.795 87.928 89.706 90.656 96.312 108.289 108.554 121.956 144.632 135.92 126.389 117.509 105.829 101.243 92.9 101.498 98.574 92.212 91.045 94.931 91.897 84.066 -9999 -9999 -9999 -9999 -9999 -9999 -9999 -9999 -9999 -9999 -9999 -9999 -9999 -9999 -9999 -9999 -9999 -9999 -9999 -9999 -9999 -9999 -9999
320.25 -9999 -9999 -9999 248.568 271.129 -9999 267.634 307.16 368.021 403.913 383.85 393.685 352.954 327.652 284.575 215.395 207.87 196.979 184.291 150.278 143.156 159.402 186.61 187.242 176.47 171.779 133.605 134.05 111.1 98.774 114.589 106.338 130.037 129.387 129.691 137.279 130.376 107.675 108.076 105.0 109.508 103.955 89.112 97.587 97.392 91.334 89.827 92.235 90.239 82.068 -9999 -9999 -9999 -9999 -9999 -9999 -9999 -9999 -9999 -9999 -9999 -9999 -9999 -9999 -9999 -9999 -9999 -9999 -9999 -9999 -9999 -9999 -9999
-9999 -9999 -9999 234.282 260.043 -9999 243.444 265.03 -9999 358.614 349.467 392.232 390.799 382.044 332.057 266.3 250.103 223.88 182.739 163.414 180.156 177.154 192.138 218.937 215.568 198.592 164.681 130.834 106.607 91.905 109.685 122.51 144.784 154.972 144.128 130.909 131.664 117.085 114.738 104.21 103.785 109.904 95.685 96.994 103.315 98.728 95.359 88.789 97.144 94.996 82.079 -9999 -9999 -9999 -9999 -9999 -9999 -9999 -9999 -9999 -9999 -9999 -9999 -9999 -9999 -9999 -9999 -9999 -9999 -9999 -9999 -9999 -9999 -9999
-9999 -9999 -9999 227.766 -9999 -9999 240.864 270.548 331.966 338.862 381.853 407.358 396.717 327.923 295.267 245.331 210.006 186.779 193.392 217.656 224.373 222.862 232.506 233.236 215.071 174.292 121.971 101.457 108.506 136.638 154.178 200.745 207.852 183.699 166.804 160.642 136.888 122.283 108.313 101.026 92.278 97.056 95.718 98.845 107.818 124.554 101.095 91.267 91.61 89.893 82.675 -9999 -9999 -9999 -9999 -9999 -9999 -9999 -9999 -9999 -9999 -9999 -9999 -9999 -9999 -9999 -9999 -9999 -9999 -9999 -9999 -9999 -9999 -9999
-9999 -9999 -9999 -9999 -9999 -9999 -9999 299.638 351.186 347.874 397.01 412.726 351.336 341.613 300.645 262.405 249.3 254.364 262.635 253.357 248.837 221.005 206.487 201.012 184.094 141.515 107.934 111.194 131.61 159.813 204.719 203.16 209.767 189.545 175.966 154.569 135.294 122.39 111.212 91.22 86.186 93.384 88.332 91.789 110.738 100.895 88.876 88.653 95.424 93.631 -9999 -9999 -9999 -9999 -9999 -9999 -9999 -9999 -9999 -9999 -9999 -9999 -9999 -9999 -9999 -9999 -9999 -9999 -9999 -9999 -9999 -9999 -9999 -9999
-9999 -9999 -9999 -9999 -9999 227.982 251.382 -9999 363.144 374.803 424.244 381.058 336.277 309.943 292.261 306.387 306.623 285.432 250.864 247.941 231.37 216.551 186.709 171.531 147.255 130.556 139.078 139.274 152.888 185.079 189.293 198.083 164.707 154.605 139.837 110.268 109.931 118.399 123.993 120.155 113.007 113.235 126.523 114.223 92.548 98.645 109.247 111.215 104.572 93.031 -9999 -9999 -9999 -9999 -9999 -9999 -9999 -9999 -9999 -9999 -9999 -9999 -9999 -9999 -9999 -9999 -9999 -9999 -9999 -9999 -9999 -9999 -9999 -9999
-9999 -9999 -9999 -9999 223.913 225.272 287.777 333.336 383.24 418.385 413.889 381.219 320.046 278.019 279.94 274.025 276.022 289.948 278.967 280.85 268.557 193.354 190.706 166.91 159.154 156.669 170.61 167.89 175.081 173.662 182.701 165.946 148.711 140.256 153.997 149.147 156.236 147.113 139.307 165.667 177.454 171.183 156.852 133.806 135.793 133.122 121.441 105.786 98.381 -9999 -9999 -9999 -9999 -9999 -9999 -9999 -9999 -9999 -9999 -9999 -9999 -9999 -9999 -9999 -9999 -9999 -9999 -9999 -9999 -9999 -9999 -9999 -9999 -9999
-9999 -9999 -9999 -9999 221.205 -9999 281.549 314.163 358.973 410.497 396.258 306.774 282.449 287.298 248.597 246.037 250.477 256.959 271.382 258.651 207.501 213.331 225.343 201.805 183.822 215.012 201.916 201.301 199.131 203.552 199.251 187.302 169.173 183.728 183.972 192.305 196.32 156.306 183.52 188.933 155.185 159.93 165.931 152.538 146.376 129.029 105.079 103.224 96.553 -9999 -9999 -9999 -9999 -9999 -9999 -9999 -9999 -9999 -9999 -9999 -9999 -9999 -9999 -9999 -9999 -9999 -9999 -9999 -9999 -9999 -9999 -9999 -9999 -9999
-9999 -9999 -9999 -9999 -9999 -9999 308.502 339.003 344.5 373.422 318.829 257.872 261.756 246.835 223.879 229.907 243.289 267.66 244.859 249.615 239.939 256.897 232.23 198.253 212.902 228.727 214.573 212.46 194.839 213.141 206.301 194.278 217.825 212.627 209.18 231.643 219.028 219.087 218.736 191.596 172.317 159.872 140.191 140.904 138.45 116.313 100.532 96.314 89.415 -9999 -9999 -9999 -9999 -9999 -9999 -9999 -9999 -9999 -9999 -9999 -9999 -9999 -9999 -9999 -9999 -9999 -9999 -9999 -9999 -9999 -9999 -9999 -9999 -9999
-9999 -9999 -9999 -9999 254.879 271.514 306.926 312.334 320.883 349.084 298.412 300.336 304.848 -9999 286.902 343.234 339.388 312.325 295.947 297.959 285.048 274.825 256.578 236.517 223.768 206.359 192.062 169.42 171.235 196.79 194.69 212.608 192.112 188.246 179.634 201.685 217.981 208.664 182.713 187.766 171.03 143.524 149.573 128.1 114.676 107.77 101.482 98.622 74.804 -9999 -9999 -9999 -9999 -9999 -9999 -9999 -9999 -9999 -9999 -9999 -9999 -9999 -9999 -9999 -9999 -9999 -9999 -9999 -9999 -9999 -9999 -9999 -9999 -9999
244.907 214.344 225.503 247.891 -9999 263.525 290.644 299.794 309.109 326.808 328.19 323.79 -9999 329.212 385.095 379.677 390.971 340.654 307.868 277.116 284.542 271.061 258.963 232.145 203.84 177.687 159.684 132.675 146.011 149.364 173.827 173.446 173.952 163.138 152.925 164.709 170.419 159.766 169.337 166.667 148.912 140.192 110.907 98.923 91.387 94.04 99.405 80.706 -9999 -9999 -9999 -9999 -9999 -9999 -9999 -9999 -9999 -9999 -9999 -9999 -9999 -9999 -9999 -9999 -9999 -9999 -9999 -9999 -9999 -9999 -9999 -9999 -9999 -9999
212.131 218.655 239.494 267.114 271.08 -9999 287.051 292.657 293.877 322.175 311.726 297.634 302.861 350.298 357.53 353.868 371.073 337.985 303.512 273.406 255.951 227.946 218.12 190.442 175.573 181.632 140.388 134.267 122.822 128.607 139.76 159.92 144.899 126.746 133.797 155.653 146.497 145.646 133.807 140.277 122.019 97.874 90.411 87.717 85.895 86.713 -9999 -9999 -9999 -9999 -9999 -9999 -9999 -9999 -9999 -9999 -9999 -9999 -9999 -9999 -9999 -9999 -9999 -9999 -9999 -9999 -9999 -9999 -9999 -9999 -9999 -9999 -9999 -9999
-9999 -9999 -9999 266.293 -9999 293.187 307.299 312.64 347.349 337.747 -9999 -9999 348.601 346.295 348.986 381.387 357.165 334.696 292.065 263.81 200.181 181.63 162.035 153.84 156.728 146.544 146.947 121.374 125.124 120.83 127.756 133.481 125.67 117.747 131.645 136.981 135.015 118.292 116.549 108.954 94.979 80.487 77.759 86.198 81.104 -9999 -9999 -9999 -9999 -9999 -9999 -9999 -9999 -9999 -9999 -9999 -9999 -9999 -9999 -9999 -9999 -9999 -9999 -9999 -9999 -9999 -9999 -9999 -9999 -9999 -9999 -9999 -9999 -9999
231.974 240.356 -9999 272.998 304.736 294.809 311.762 329.405 335.941 -9999 -9999 299.671 386.232 402.584 399.483 362.105 359.754 324.688 284.301 237.861 210.706 197.095 199.284 184.425 190.789 210.399 172.506 141.67 134.202 116.131 113.412 106.657 117.375 121.758 120.236 117.018 108.799 94.163 89.4 85.838 81.743 72.707 75.286 79.263 78.323 77.873 -9999 -9999 -9999 -9999 -9999 -9999 -9999 -9999 -9999 -9999 -9999 -9999 -9999 -9999 -9999 -9999 -9999 -9999 -9999 -9999 -9999 -9999 -9999 -9999 -9999 -9999 -9999 -9999
