Validation/Results/ReClimate_12_2023_2_Temperature-Actuals.asc
NCOLS 192
NROWS 249
XLLCENTER -225160.85627316462
YLLCENTER 29788.11610251502
CELLSIZE 5000.0
NODATA_VALUE -9999
[rows 170 to 203 of 249, columns 77 to 153 of 192]
-9999 -9999 -9999 -9999 -9999 -9999 -9999 -9999 -9999 -9999 -9999 -9999 -9999 -9999 -9999 6.477 6.267 -9999 -9999 -9999 -9999 -9999 -9999 -9999 -9999 -9999 -9999 -9999 -9999 -9999 -9999 -9999 -9999 -9999 5.771 5.974 5.855 5.77 5.549 5.558 5.61 5.719 5.809 5.995 6.125 6.116 5.808 5.266 4.374 3.528 2.796 3.023 2.976 3.409 4.484 4.967 5.229 4.896 4.854 5.066 5.304 5.297 5.315 5.317 5.307 5.26 5.154 5.126 5.203 5.21 5.091 4.649 4.623 4.605 4.931 5.204 5.305
-9999 -9999 -9999 -9999 -9999 -9999 -9999 -9999 -9999 -9999 -9999 -9999 -9999 -9999 -9999 6.276 6.038 6.001 -9999 -9999 -9999 -9999 -9999 -9999 -9999 -9999 -9999 -9999 -9999 -9999 -9999 -9999 -9999 5.964 5.99 5.939 5.893 5.678 5.747 5.626 5.639 5.704 5.807 5.877 5.892 5.807 5.669 5.315 4.652 3.587 2.77 3.21 3.664 3.694 4.313 5.296 5.425 5.203 4.788 4.962 5.331 5.4 5.319 5.245 5.263 5.255 5.187 5.06 5.117 5.185 5.147 4.853 4.568 4.636 4.806 5.152 5.314
-9999 -9999 -9999 -9999 -9999 -9999 -9999 -9999 -9999 -9999 -9999 -9999 -9999 -9999 6.487 6.228 5.891 5.988 6.335 -9999 -9999 -9999 -9999 -9999 -9999 -9999 -9999 -9999 -9999 -9999 5.84 -9999 -9999 5.943 5.715 5.92 5.913 5.858 -9999 5.531 5.505 5.554 5.648 5.599 5.656 5.542 5.447 5.011 4.345 4.653 3.555 3.786 4.247 3.534 4.329 4.854 5.29 5.231 4.968 5.044 5.297 5.514 5.393 5.254 5.295 5.278 5.225 5.077 5.067 5.174 5.132 5.016 4.712 4.549 4.622 5.017 5.243
-9999 -9999 -9999 -9999 -9999 -9999 -9999 -9999 -9999 -9999 -9999 -9999 -9999 -9999 6.467 6.13 5.991 6.021 6.3 6.445 6.597 -9999 -9999 -9999 5.902 6.093 -9999 5.992 5.962 5.896 5.106 5.298 -9999 -9999 5.871 5.848 -9999 -9999 5.668 5.493 5.699 5.891 5.74 5.586 5.422 5.335 5.109 4.487 3.748 4.062 3.934 3.683 3.848 3.71 3.81 4.957 5.158 5.061 4.833 5.049 5.202 5.377 5.428 5.262 5.303 5.301 5.24 5.121 5.072 5.196 5.172 5.105 4.918 4.692 4.488 4.658 4.996
-9999 -9999 -9999 -9999 -9999 -9999 -9999 -9999 -9999 -9999 -9999 -9999 -9999 -9999 -9999 6.315 6.113 6.125 6.337 6.377 -9999 -9999 4.224 4.116 5.535 4.969 5.12 5.225 5.835 5.635 5.366 4.994 5.048 -9999 5.867 5.889 5.825 5.777 5.423 5.234 5.642 5.987 5.861 5.571 5.406 5.197 4.97 4.215 3.25 3.378 3.652 3.9 4.193 4.037 4.127 4.724 5.172 5.074 4.885 5.018 5.119 5.185 5.249 5.259 5.303 5.315 5.223 5.006 5.046 5.236 5.225 5.168 5.044 4.849 4.736 4.649 4.677
-9999 -9999 -9999 -9999 -9999 -9999 -9999 -9999 -9999 -9999 -9999 -9999 -9999 -9999 -9999 6.419 6.292 6.482 6.503 6.436 6.173 4.724 2.56 4.852 5.36 4.474 4.897 4.592 5.062 5.561 5.257 4.302 4.9 5.197 5.634 5.889 5.833 5.654 5.37 5.242 5.513 5.77 5.731 5.586 5.386 5.176 4.847 3.89 3.307 3.019 3.392 3.498 4.293 4.489 4.151 4.433 4.884 4.923 4.901 5.004 5.055 5.104 5.157 5.191 5.344 5.298 5.277 5.206 5.074 5.258 5.288 5.236 5.147 4.95 4.689 4.738 4.885
-9999 -9999 -9999 -9999 -9999 -9999 -9999 -9999 -9999 -9999 -9999 -9999 -9999 -9999 -9999 -9999 6.546 6.666 6.442 5.793 4.619 1.901 2.591 4.549 4.553 4.715 4.088 3.911 4.227 4.62 4.838 5.01 4.287 5.018 5.516 5.695 5.799 5.717 5.469 5.382 5.485 5.638 5.669 5.479 5.289 5.093 4.602 3.974 3.347 3.183 3.625 3.474 3.766 4.747 4.396 4.387 4.748 4.729 4.822 4.991 5.032 5.031 5.067 5.152 5.343 5.338 5.33 5.192 5.148 5.25 5.305 5.273 5.169 5.064 4.981 4.901 4.961
-9999 -9999 -9999 -9999 -9999 -9999 -9999 -9999 -9999 -9999 -9999 -9999 -9999 -9999 -9999 -9999 -9999 -9999 5.876 4.754 3.445 2.74 3.178 4.781 5.012 4.247 3.505 3.323 3.432 4.377 5.206 4.78 4.063 4.631 5.315 5.622 5.845 5.717 5.503 5.332 5.446 5.542 5.52 5.418 5.239 4.903 4.274 3.909 3.692 3.251 3.579 3.483 3.432 4.07 4.735 4.612 4.966 4.805 4.626 4.861 4.994 5.089 5.11 5.202 5.336 5.36 5.347 5.322 5.122 5.197 5.251 5.243 5.199 5.143 5.124 5.078 5.001
-9999 -9999 -9999 -9999 -9999 -9999 -9999 -9999 -9999 -9999 -9999 -9999 -9999 -9999 -9999 -9999 -9999 6.451 5.45 4.758 4.267 3.221 4.334 5.007 4.604 4.401 3.701 3.153 3.567 3.739 4.615 4.387 3.778 4.153 4.84 5.639 5.763 5.7 5.372 5.223 5.323 5.448 5.463 5.357 5.083 4.552 4.291 4.382 3.938 3.396 3.702 3.793 3.934 4.143 4.321 4.82 4.918 4.86 4.816 4.821 4.998 4.964 5.147 5.28 5.351 5.351 5.341 5.106 5.087 5.179 5.264 5.242 5.225 5.207 5.198 5.147 5.084
-9999 -9999 -9999 -9999 -9999 -9999 -9999 -9999 -9999 -9999 -9999 -9999 -9999 -9999 -9999 -9999 6.381 4.647 5.201 4.751 4.141 4.301 3.052 3.503 3.908 3.787 3.145 3.651 3.469 4.035 4.485 3.685 3.274 4.013 4.862 5.594 5.813 5.681 5.289 5.293 5.402 5.429 5.429 5.195 4.806 4.707 4.571 4.131 3.819 3.637 3.554 4.124 4.341 4.542 4.748 4.779 5.083 4.979 5.03 5.041 5.084 5.248 5.058 5.254 5.374 5.337 5.291 5.075 4.972 5.198 5.244 5.258 5.251 5.246 5.221 5.213 5.226
-9999 -9999 -9999 -9999 -9999 -9999 -9999 -9999 -9999 -9999 -9999 -9999 -9999 -9999 -9999 6.231 4.795 5.491 5.554 5.175 5.233 4.452 4.152 3.808 3.371 3.069 3.133 3.276 3.556 4.359 3.904 3.925 4.633 4.855 5.366 5.488 5.704 5.548 5.327 5.319 5.327 5.376 5.167 4.811 4.877 4.786 4.599 4.12 4.063 4.497 4.39 4.348 4.594 4.718 4.882 4.955 4.986 5.15 5.219 5.381 5.446 5.485 5.42 5.256 5.312 5.319 5.265 5.058 4.975 5.207 5.266 5.23 5.24 5.227 5.24 5.237 5.259
-9999 -9999 -9999 -9999 -9999 -9999 -9999 -9999 -9999 -9999 -9999 -9999 -9999 6.015 6.216 5.872 5.967 6.203 6.179 5.802 5.941 5.496 4.746 3.998 3.267 2.371 3.753 3.891 4.354 4.248 3.379 3.662 4.139 4.955 5.245 5.366 5.471 5.383 5.254 5.167 5.247 5.17 4.921 4.798 4.713 4.938 4.652 4.305 4.411 4.593 4.752 4.802 4.826 4.955 5.198 5.34 5.197 5.232 5.539 5.712 5.733 5.573 5.466 5.383 5.287 5.2 5.193 4.966 4.871 5.123 5.269 5.251 5.214 5.212 5.234 5.228 -9999
-9999 -9999 -9999 -9999 -9999 -9999 -9999 -9999 -9999 -9999 -9999 -9999 5.855 5.921 5.972 6.198 -9999 -9999 -9999 -9999 5.318 4.38 4.193 3.906 3.032 3.902 4.002 3.399 3.836 3.201 1.977 2.849 3.819 4.279 5.019 5.429 5.36 5.277 5.226 5.2 5.188 5.113 4.933 4.851 4.743 4.873 4.705 4.641 4.664 4.758 4.982 5.054 5.057 5.222 5.317 5.544 5.587 5.499 5.623 5.749 5.671 5.535 5.406 5.289 5.118 5.015 5.015 4.937 4.833 4.981 5.201 5.273 5.236 5.199 5.222 5.227 5.246
-9999 -9999 -9999 -9999 -9999 -9999 -9999 -9999 -9999 -9999 -9999 -9999 5.862 5.747 6.317 -9999 -9999 -9999 -9999 -9999 5.089 4.369 3.943 4.186 3.489 3.643 3.234 2.721 2.928 2.577 2.634 4.067 4.13 4.703 5.265 5.47 5.382 5.274 5.172 5.033 5.005 5.082 4.983 4.834 4.84 4.79 4.898 4.868 4.952 4.766 4.756 4.864 5.083 5.285 5.385 5.484 5.472 5.489 5.485 5.474 5.414 5.193 5.173 4.947 4.747 4.686 4.81 4.876 4.869 4.995 5.176 5.318 5.301 5.269 5.243 5.215 5.208
-9999 -9999 -9999 -9999 -9999 -9999 -9999 -9999 -9999 -9999 -9999 -9999 -9999 -9999 6.477 -9999 -9999 -9999 -9999 -9999 5.0 4.213 4.546 4.242 3.913 3.908 2.68 2.942 3.777 3.026 3.871 4.183 4.444 5.081 5.455 5.516 5.258 5.211 5.082 5.003 5.163 5.135 5.086 5.006 4.889 4.938 5.029 5.116 5.038 5.014 4.926 4.84 5.056 5.13 4.974 5.104 5.235 5.25 5.394 5.31 5.085 4.804 4.668 4.826 4.679 4.586 4.646 4.782 4.857 4.99 5.185 5.351 5.356 5.327 5.307 5.265 5.277
-9999 -9999 -9999 -9999 -9999 -9999 -9999 -9999 -9999 -9999 -9999 -9999 -9999 -9999 -9999 -9999 -9999 -9999 -9999 -9999 5.41 4.838 5.739 4.948 4.2 3.027 3.253 3.324 3.266 4.048 4.132 4.266 5.15 5.398 5.621 5.486 5.373 5.242 5.23 5.24 5.292 5.314 5.231 5.118 5.06 5.008 5.071 5.032 4.874 5.093 5.228 5.145 5.037 5.141 4.906 4.749 4.966 4.922 5.125 5.323 5.07 4.89 4.729 4.721 4.827 4.705 4.647 4.805 4.942 5.041 5.187 5.35 5.37 5.358 5.342 5.334 5.355
-9999 -9999 -9999 -9999 -9999 -9999 -9999 -9999 -9999 -9999 -9999 -9999 -9999 -9999 -9999 -9999 -9999 -9999 -9999 -9999 -9999 5.511 4.225 3.748 3.699 3.999 3.903 3.588 4.266 4.341 4.744 5.207 5.063 5.543 5.513 5.199 5.215 5.263 5.373 5.449 5.425 5.339 5.268 5.036 4.963 4.981 5.079 4.903 4.692 4.85 5.179 5.263 5.181 5.066 5.022 4.87 4.781 4.594 4.649 5.177 5.231 4.938 4.724 4.512 4.535 4.753 4.736 4.855 5.024 5.193 5.259 5.362 5.378 5.375 5.371 5.381 5.402
-9999 -9999 -9999 -9999 -9999 -9999 -9999 -9999 -9999 -9999 -9999 -9999 -9999 -9999 -9999 -9999 -9999 -9999 -9999 -9999 5.459 4.915 4.37 3.438 4.366 4.456 3.872 4.194 4.27 4.266 5.173 5.081 5.054 5.306 4.332 4.956 5.256 5.254 5.184 5.4 5.206 4.794 4.781 4.972 5.099 5.003 5.089 5.002 4.893 4.902 5.13 5.237 5.249 5.162 5.018 4.974 4.822 4.793 4.831 5.103 5.181 4.929 4.634 4.394 4.383 4.685 4.903 4.973 5.139 5.27 5.333 5.368 5.406 5.408 5.399 5.421 5.446
-9999 -9999 -9999 -9999 -9999 -9999 -9999 -9999 -9999 -9999 -9999 -9999 -9999 -9999 -9999 -9999 -9999 -9999 -9999 -9999 5.69 5.179 3.458 4.896 5.366 4.661 4.462 4.138 3.623 4.314 5.109 5.049 5.333 4.928 4.98 5.003 4.861 4.827 5.241 5.21 4.925 4.841 4.891 5.193 5.106 4.997 5.076 5.025 5.111 5.116 5.155 5.233 5.253 5.241 5.163 5.062 4.972 4.82 4.963 5.138 5.042 4.718 4.392 4.389 4.423 4.545 4.839 5.07 5.125 5.27 5.291 5.311 5.414 5.467 5.466 5.479 5.516
-9999 -9999 -9999 -9999 -9999 -9999 -9999 -9999 -9999 -9999 -9999 -9999 -9999 -9999 -9999 -9999 -9999 -9999 -9999 -9999 5.612 4.848 5.666 5.395 5.075 4.744 4.233 3.369 3.741 4.054 4.795 5.084 5.441 5.305 4.94 4.345 4.018 4.215 4.872 4.679 4.836 4.789 5.061 5.322 5.146 5.09 5.105 5.139 5.241 5.118 5.087 5.23 5.281 5.098 5.171 5.171 5.079 4.996 5.057 5.126 4.967 4.706 4.522 4.474 4.62 4.781 4.953 5.015 5.116 5.226 5.398 5.346 5.437 5.499 5.511 5.536 5.551
-9999 -9999 -9999 -9999 -9999 -9999 -9999 -9999 -9999 -9999 -9999 -9999 -9999 -9999 -9999 -9999 -9999 -9999 -9999 -9999 -9999 6.186 4.963 4.223 3.557 3.511 3.57 3.904 4.297 5.039 5.217 5.381 5.224 5.127 4.901 4.527 4.186 4.163 4.455 4.771 4.751 4.645 5.041 5.322 5.147 5.289 5.233 5.115 5.42 5.44 5.265 5.316 5.382 5.111 4.948 5.177 5.101 5.035 5.075 5.056 4.862 4.74 4.751 4.851 4.852 4.963 4.998 4.979 5.128 5.275 5.341 5.377 5.481 5.537 5.526 5.53 5.552
-9999 -9999 -9999 -9999 -9999 -9999 -9999 -9999 -9999 -9999 -9999 -9999 -9999 -9999 -9999 -9999 -9999 -9999 -9999 -9999 -9999 5.417 4.286 3.476 2.883 2.788 3.304 4.234 4.982 5.125 4.781 4.232 3.856 3.904 4.471 4.831 4.405 4.386 4.608 4.773 4.286 4.559 4.926 5.09 5.121 5.358 5.278 5.333 5.23 5.372 5.428 5.38 5.431 5.255 5.066 5.172 5.195 4.997 4.89 4.843 4.728 4.72 4.863 4.78 4.793 4.812 4.994 4.946 5.089 5.246 5.23 5.338 5.501 5.546 5.524 5.489 5.45
-9999 -9999 -9999 -9999 -9999 -9999 -9999 -9999 -9999 -9999 -9999 -9999 -9999 -9999 -9999 -9999 -9999 -9999 -9999 -9999 6.094 5.343 4.27 3.453 3.047 3.35 3.884 4.38 4.004 3.282 3.637 3.501 3.565 4.348 4.737 4.595 4.523 4.74 4.858 4.434 4.32 4.426 4.798 5.025 5.126 5.446 5.348 5.13 5.276 5.101 5.226 5.203 5.267 5.244 5.197 5.321 5.252 5.112 5.006 4.821 4.775 4.63 4.737 4.769 4.772 4.855 4.91 5.078 5.169 5.183 5.163 5.307 5.52 5.526 5.52 5.483 5.408
-9999 -9999 -9999 -9999 -9999 -9999 -9999 -9999 -9999 -9999 -9999 -9999 -9999 -9999 -9999 -9999 -9999 -9999 -9999 -9999 5.732 5.022 4.572 4.187 3.651 3.055 3.476 3.668 3.263 3.48 3.243 3.131 3.598 4.34 4.011 4.092 4.755 4.54 4.952 4.591 4.267 4.22 4.95 5.0 5.468 5.553 5.351 5.191 4.728 4.951 4.996 5.072 5.079 5.165 5.258 5.342 5.325 5.231 5.157 5.086 4.805 4.682 4.617 4.666 4.755 5.016 5.1 5.182 5.232 5.182 5.164 5.303 5.4 5.474 5.469 5.485 5.441
-9999 -9999 -9999 -9999 -9999 -9999 -9999 -9999 -9999 -9999 -9999 -9999 -9999 -9999 -9999 -9999 -9999 -9999 -9999 -9999 5.255 5.331 5.371 4.593 3.462 2.92 3.417 3.532 3.781 3.391 3.505 3.724 3.957 3.868 4.037 4.75 4.778 4.822 4.443 4.855 4.656 4.91 4.898 5.012 5.449 5.637 5.455 5.014 5.047 4.932 4.898 4.976 5.007 5.154 5.235 5.214 5.181 5.149 5.165 5.069 4.837 4.652 4.776 4.914 4.818 5.012 5.123 5.27 5.261 5.175 5.273 5.413 5.474 5.512 5.57 5.536 5.539
-9999 -9999 -9999 -9999 -9999 -9999 -9999 -9999 -9999 -9999 -9999 -9999 -9999 -9999 -9999 -9999 -9999 -9999 -9999 5.479 5.207 4.727 4.779 4.481 3.435 3.342 3.037 3.547 4.238 4.197 4.273 3.899 3.839 4.306 4.355 4.406 4.818 4.731 5.097 5.216 5.202 5.122 4.989 5.282 5.538 5.591 5.525 5.395 5.234 5.203 5.068 5.07 5.049 5.127 5.25 5.225 5.214 5.273 5.192 5.013 4.888 4.828 4.986 5.091 5.066 5.048 5.261 5.209 5.248 5.18 5.198 5.369 5.504 5.512 5.556 5.558 5.594
-9999 -9999 -9999 -9999 -9999 -9999 -9999 -9999 -9999 -9999 -9999 -9999 -9999 -9999 -9999 -9999 -9999 -9999 5.251 5.181 4.647 4.968 4.947 3.772 3.126 3.032 3.351 3.838 4.307 4.11 4.192 3.89 3.439 4.225 4.199 4.882 5.094 5.27 5.272 5.125 4.931 4.984 4.931 5.343 5.464 5.739 5.707 5.53 5.389 5.322 5.309 5.153 5.13 5.261 5.33 5.245 5.183 5.176 5.126 4.979 4.93 4.942 5.055 5.219 5.286 5.334 5.192 5.119 5.115 5.151 5.207 5.362 5.398 5.355 5.336 5.394 5.524
-9999 -9999 -9999 -9999 -9999 -9999 -9999 -9999 -9999 -9999 -9999 -9999 -9999 -9999 -9999 -9999 4.882 4.997 4.911 5.479 5.409 5.227 4.501 3.447 3.064 2.994 2.886 3.686 4.025 4.49 4.169 3.617 3.666 4.297 4.82 5.021 5.362 5.382 5.349 4.93 4.775 4.803 5.188 5.606 5.75 5.76 5.686 5.523 5.439 5.425 5.413 5.255 5.264 5.32 5.42 5.163 5.043 4.915 4.771 4.783 4.845 5.056 5.156 5.222 5.134 5.217 5.204 5.196 5.148 5.151 5.236 5.4 5.495 5.291 5.215 5.276 5.473
-9999 -9999 -9999 -9999 -9999 -9999 -9999 -9999 -9999 -9999 -9999 -9999 -9999 -9999 -9999 4.872 4.723 4.431 4.817 5.198 5.122 4.821 3.743 3.694 3.284 3.219 3.589 4.24 4.737 4.636 4.482 3.926 3.411 4.081 4.672 5.203 5.243 5.272 4.991 5.115 4.859 4.907 5.383 5.692 5.9 5.876 5.637 5.629 5.424 5.408 5.49 5.403 5.324 5.301 5.186 5.195 4.978 4.945 4.837 4.635 4.653 4.775 4.96 5.051 5.034 5.092 5.242 5.174 5.35 5.392 5.401 5.468 5.43 5.31 5.189 5.304 5.481
-9999 -9999 -9999 -9999 -9999 -9999 -9999 -9999 -9999 -9999 -9999 -9999 6.259 5.738 5.332 5.056 4.563 4.566 4.81 5.208 5.143 4.051 3.984 3.956 4.341 3.567 4.25 4.399 3.966 4.496 4.701 3.305 3.988 4.623 5.484 5.493 5.302 4.808 5.495 5.317 5.224 5.228 5.287 5.642 5.835 5.936 5.799 5.729 5.539 5.388 5.506 5.494 5.455 5.277 5.146 4.824 4.954 5.022 4.987 4.792 4.757 4.856 4.994 5.124 5.089 5.145 5.187 5.327 5.409 5.519 5.474 5.513 5.508 5.395 5.394 5.425 5.506
-9999 -9999 -9999 -9999 -9999 -9999 -9999 -9999 -9999 -9999 5.697 5.893 5.926 5.741 5.564 5.148 5.192 5.01 5.318 5.066 4.045 4.472 4.459 4.536 4.748 4.192 3.948 3.168 3.711 4.112 4.02 4.374 4.814 5.364 4.74 5.024 5.316 5.523 5.617 5.56 5.446 5.438 5.565 5.506 5.775 6.021 5.928 5.806 5.678 5.591 5.58 5.344 5.441 5.437 5.153 4.953 4.786 5.022 4.994 4.817 4.738 4.785 4.901 5.151 5.287 5.326 5.28 5.246 5.431 5.406 5.35 5.449 5.529 5.478 5.444 5.42 5.399
-9999 -9999 -9999 -9999 -9999 -9999 5.705 5.701 5.705 5.708 5.196 5.901 5.7 5.735 5.473 5.187 5.213 5.237 5.202 4.387 4.655 4.956 4.503 5.045 4.802 4.272 3.351 3.555 3.925 4.177 4.12 4.811 5.27 4.085 4.2 4.997 5.081 5.525 5.555 5.636 5.504 5.277 5.51 5.393 5.958 6.031 5.959 5.703 5.559 5.608 5.066 5.249 5.38 5.447 5.181 4.865 4.865 4.977 4.987 4.965 4.879 4.881 4.972 5.184 5.272 5.341 5.369 5.238 5.252 5.342 5.332 5.486 5.597 5.457 5.166 5.137 5.053
-9999 -9999 -9999 -9999 -9999 6.11 5.713 5.716 5.582 4.741 4.5 4.714 5.029 5.369 4.828 4.693 4.866 4.891 4.566 4.971 4.998 4.641 5.142 5.367 4.936 4.23 3.722 3.978 4.172 4.179 4.5 4.931 3.904 2.728 4.012 4.796 5.359 5.312 5.482 5.332 5.408 5.557 5.613 5.86 5.967 5.964 5.972 5.7 5.462 5.099 4.78 4.608 5.157 5.314 4.872 4.744 4.839 4.971 5.048 4.988 4.984 4.983 5.128 5.135 5.167 5.251 5.142 5.057 5.2 5.293 5.342 5.469 5.519 5.3 5.055 4.91 4.933
-9999 -9999 -9999 -9999 6.435 5.867 5.621 5.631 5.234 4.709 4.839 5.12 5.405 4.961 4.874 4.827 5.275 4.782 4.674 5.022 5.029 5.204 5.722 5.281 4.442 3.978 4.224 4.417 4.352 4.814 4.889 4.606 3.185 3.293 4.077 5.372 5.232 5.372 5.268 5.606 5.687 5.592 5.752 5.852 5.962 5.998 6.091 5.85 5.517 5.016 4.57 4.685 4.992 5.08 4.797 4.502 4.748 4.952 5.01 5.086 5.073 5.114 5.143 5.169 5.046 5.104 5.196 5.075 5.135 5.103 4.989 5.23 5.391 5.219 5.015 5.01 5.013
