Validation/Results/ReClimate_09_2024_2_Precipitation-Actualsweatherlogisticsltd.asc
NCOLS 192
NROWS 249
XLLCENTER -225160.85627316462
YLLCENTER 29788.11610251502
CELLSIZE 5000.0
NODATA_VALUE -9999
[rows 165 to 197 of 249, columns 74 to 147 of 192]
-9999 -9999 -9999 -9999 -9999 -9999 -9999 -9999 -9999 -9999 -9999 -9999 -9999 -9999 -9999 -9999 -9999 -9999 -9999 -9999 -9999 -9999 -9999 -9999 -9999 -9999 -9999 -9999 -9999 -9999 -9999 -9999 -9999 -9999 -9999 -9999 -9999 -9999 94.274 93.567 100.391 97.617 107.723 122.792 143.458 155.167 160.435 161.198 155.65 160.644 157.247 154.939 143.035 115.454 91.837 84.272 74.185 68.067 64.848 64.337 61.984 65.503 62.789 60.81 60.216 58.299 58.478 58.286 60.844 61.263 63.377 66.437 66.029 62.339
-9999 -9999 -9999 -9999 -9999 -9999 -9999 -9999 -9999 -9999 -9999 -9999 -9999 -9999 -9999 -9999 -9999 -9999 -9999 -9999 -9999 -9999 -9999 -9999 -9999 -9999 -9999 -9999 -9999 -9999 -9999 -9999 -9999 -9999 -9999 -9999 -9999 -9999 93.499 97.47 98.694 103.024 111.108 124.272 136.881 146.737 145.867 140.337 142.825 136.757 142.164 151.159 140.263 125.962 107.47 86.723 73.017 70.941 67.852 67.546 65.929 61.355 62.664 58.408 58.636 57.075 57.619 58.016 57.642 61.988 61.6 58.468 62.189 64.021
-9999 -9999 -9999 -9999 -9999 -9999 -9999 -9999 -9999 -9999 -9999 -9999 -9999 -9999 -9999 -9999 -9999 -9999 -9999 -9999 -9999 -9999 -9999 -9999 -9999 -9999 -9999 -9999 -9999 -9999 -9999 -9999 -9999 -9999 -9999 -9999 -9999 92.332 91.717 96.201 102.806 107.042 105.141 117.509 128.138 127.882 123.939 120.426 120.432 120.346 131.629 146.848 160.072 146.22 129.762 115.286 87.353 67.98 65.208 69.38 69.722 62.513 58.846 56.812 55.473 55.421 56.071 58.156 59.426 60.073 62.614 63.139 62.259 63.251
-9999 -9999 -9999 -9999 -9999 -9999 -9999 -9999 -9999 -9999 -9999 -9999 -9999 -9999 -9999 -9999 -9999 -9999 -9999 -9999 -9999 -9999 -9999 -9999 -9999 -9999 -9999 -9999 -9999 -9999 -9999 -9999 -9999 -9999 -9999 -9999 -9999 89.889 90.925 98.294 104.431 101.246 109.92 108.328 111.069 106.889 106.03 107.119 105.513 110.267 121.874 136.749 162.195 176.527 157.213 132.221 108.985 83.292 70.647 61.694 61.614 60.953 59.275 56.468 55.713 55.033 55.127 55.6 59.095 61.13 60.676 62.731 64.513 65.386
-9999 -9999 -9999 -9999 -9999 -9999 -9999 -9999 -9999 -9999 -9999 -9999 -9999 -9999 -9999 -9999 -9999 -9999 -9999 -9999 -9999 -9999 -9999 -9999 -9999 -9999 -9999 -9999 -9999 -9999 -9999 -9999 -9999 -9999 -9999 -9999 -9999 -9999 94.994 97.406 96.257 101.379 99.264 98.715 93.368 92.399 93.823 92.925 93.73 96.621 107.728 123.358 143.408 170.811 175.119 154.429 121.866 96.926 75.943 68.755 59.873 59.941 60.65 58.013 55.179 57.001 56.549 56.316 57.535 60.844 60.161 60.995 64.102 64.394
-9999 -9999 -9999 -9999 -9999 -9999 -9999 -9999 -9999 -9999 -9999 -9999 -9999 -9999 -9999 -9999 -9999 -9999 128.948 121.812 -9999 -9999 -9999 -9999 -9999 -9999 -9999 -9999 -9999 -9999 -9999 -9999 -9999 -9999 -9999 -9999 -9999 89.919 86.66 91.069 95.832 98.494 93.747 88.136 83.305 84.893 85.272 86.671 87.157 91.823 101.079 124.033 135.091 156.72 160.915 152.625 135.646 100.158 82.163 69.829 68.209 67.065 64.502 62.185 58.877 54.543 57.993 56.445 58.179 60.809 60.575 59.308 61.372 65.37
-9999 -9999 -9999 -9999 -9999 -9999 -9999 -9999 -9999 -9999 -9999 -9999 -9999 -9999 -9999 -9999 -9999 -9999 128.661 126.413 121.818 -9999 -9999 -9999 -9999 -9999 -9999 -9999 -9999 -9999 -9999 -9999 -9999 -9999 -9999 -9999 81.071 81.596 85.519 91.946 95.437 89.406 87.442 83.668 80.954 81.956 84.234 85.946 86.941 87.34 97.666 113.762 136.912 157.647 154.579 133.671 122.502 105.236 81.754 71.773 65.313 68.447 66.291 60.717 60.271 56.016 56.407 58.936 57.322 58.481 60.669 59.665 60.592 62.995
-9999 -9999 -9999 -9999 -9999 -9999 -9999 -9999 -9999 -9999 -9999 -9999 -9999 -9999 -9999 -9999 -9999 120.67 126.883 131.541 128.961 124.334 -9999 -9999 -9999 -9999 -9999 -9999 -9999 -9999 -9999 -9999 -9999 87.366 -9999 -9999 79.72 84.471 84.388 85.585 84.741 -9999 85.796 82.38 84.363 85.968 84.791 82.863 83.624 85.202 92.078 110.308 117.906 140.632 136.297 117.305 114.551 97.127 88.964 76.458 67.473 65.604 64.424 61.746 60.511 57.955 55.733 56.834 56.495 56.157 60.335 61.896 59.931 61.635
-9999 -9999 -9999 -9999 -9999 -9999 -9999 -9999 -9999 -9999 -9999 -9999 -9999 -9999 -9999 -9999 -9999 113.265 122.773 132.148 132.795 129.001 121.92 123.668 -9999 -9999 -9999 121.943 103.217 -9999 94.865 90.568 84.623 90.16 87.746 -9999 -9999 79.214 79.165 -9999 -9999 81.299 80.934 80.128 82.134 82.794 80.818 83.611 84.344 88.79 98.875 121.39 126.509 127.467 116.514 111.968 111.314 99.16 81.438 76.585 71.26 69.967 64.299 62.183 59.296 59.87 58.742 57.36 56.438 56.439 58.69 61.474 59.263 60.514
-9999 -9999 -9999 -9999 -9999 -9999 -9999 -9999 -9999 -9999 -9999 -9999 -9999 -9999 -9999 -9999 -9999 -9999 122.221 133.056 135.002 132.8 130.979 -9999 -9999 179.212 176.768 135.648 126.442 121.141 115.619 97.395 94.591 86.764 91.713 91.971 -9999 77.549 76.323 77.892 77.918 79.877 80.703 82.598 82.021 79.733 79.424 80.589 88.269 89.098 96.306 129.891 136.867 127.405 114.95 103.253 105.601 94.655 84.789 75.647 71.229 69.709 64.844 61.993 60.491 59.53 59.409 57.088 55.753 57.334 60.603 61.055 58.72 58.521
-9999 -9999 -9999 -9999 -9999 -9999 -9999 -9999 -9999 -9999 -9999 -9999 -9999 -9999 -9999 -9999 -9999 -9999 123.629 132.765 132.934 140.731 148.028 177.021 204.278 240.174 204.659 163.895 144.364 131.176 123.764 110.713 93.791 94.976 101.22 87.85 91.153 82.174 78.435 75.801 76.545 78.54 84.599 88.321 80.528 78.992 75.406 78.9 83.373 85.543 110.68 131.748 141.288 128.965 121.533 106.219 98.686 101.926 91.184 79.458 74.384 70.385 64.281 63.0 60.905 59.332 59.228 55.534 55.23 56.755 59.32 60.863 58.018 56.939
-9999 -9999 -9999 -9999 -9999 -9999 -9999 -9999 -9999 -9999 -9999 -9999 -9999 -9999 -9999 -9999 -9999 -9999 -9999 137.711 142.411 154.137 208.272 244.71 284.397 294.431 258.226 193.74 163.878 149.31 141.18 115.067 110.337 101.921 90.042 105.326 92.195 84.024 78.774 76.331 77.374 77.016 81.924 78.764 75.302 70.806 72.839 75.696 78.822 91.021 108.226 121.46 126.931 117.58 117.228 111.475 93.425 94.694 95.96 81.756 78.526 74.382 68.729 65.031 62.465 60.357 58.745 56.009 55.081 56.415 58.617 59.342 56.408 55.161
-9999 -9999 -9999 -9999 -9999 -9999 -9999 -9999 -9999 -9999 -9999 -9999 -9999 -9999 -9999 -9999 -9999 -9999 -9999 -9999 -9999 188.804 254.153 303.882 365.318 336.303 262.227 191.685 169.773 180.186 159.641 148.569 120.7 104.446 99.252 100.225 103.943 96.257 88.222 75.348 72.666 73.279 76.235 75.235 71.363 69.865 71.375 73.623 76.886 90.713 104.565 104.293 116.131 119.728 118.122 117.342 101.537 91.472 90.982 82.438 79.072 79.81 73.175 67.906 62.82 59.394 58.589 54.49 54.442 54.255 53.466 56.206 55.481 54.283
-9999 -9999 -9999 -9999 -9999 -9999 -9999 -9999 -9999 -9999 -9999 -9999 -9999 -9999 -9999 -9999 -9999 -9999 -9999 -9999 168.829 223.848 282.323 369.525 396.722 329.171 245.075 208.291 181.923 182.131 169.454 147.329 140.771 117.864 108.494 121.432 114.864 102.99 81.916 76.947 73.413 74.211 76.396 75.346 74.228 70.683 71.057 72.691 81.578 92.454 95.165 99.604 107.559 110.678 117.688 109.289 100.939 95.677 85.202 78.181 76.826 76.832 75.75 67.378 64.894 59.182 56.093 54.19 53.871 53.761 56.992 55.551 55.199 53.925
-9999 -9999 -9999 -9999 -9999 -9999 -9999 -9999 -9999 -9999 -9999 -9999 -9999 -9999 -9999 -9999 -9999 -9999 -9999 159.415 224.575 242.926 299.609 331.2 313.764 307.016 276.309 237.046 220.793 200.084 165.779 150.199 136.446 120.702 128.026 132.577 120.155 103.853 85.521 75.327 70.36 76.045 74.94 74.348 72.455 70.723 71.453 78.47 83.51 86.132 93.116 97.812 105.934 112.86 100.699 101.54 90.606 88.426 85.481 74.317 72.583 73.005 72.098 67.718 60.672 60.105 55.634 53.893 54.129 53.214 54.403 56.762 53.767 54.907
-9999 -9999 -9999 -9999 -9999 -9999 -9999 -9999 -9999 -9999 -9999 -9999 -9999 -9999 -9999 -9999 -9999 -9999 145.277 186.569 190.998 213.474 227.213 237.823 242.906 269.669 298.59 266.193 240.741 208.114 172.298 159.794 132.217 130.753 126.356 114.51 111.387 97.734 85.713 75.671 73.47 77.088 77.052 75.138 71.914 72.279 77.71 80.63 81.413 83.259 90.696 94.097 93.129 96.727 94.712 86.357 84.412 81.493 78.097 72.823 67.537 68.451 66.811 63.831 59.758 55.411 52.389 49.759 52.531 53.47 53.211 56.443 53.471 54.239
-9999 -9999 -9999 -9999 -9999 -9999 -9999 -9999 -9999 -9999 -9999 -9999 -9999 -9999 -9999 -9999 136.765 138.195 143.427 157.658 160.969 156.927 173.795 174.088 196.483 247.771 258.157 261.39 260.292 195.301 166.124 147.255 138.473 152.497 145.131 130.626 112.177 102.101 89.727 76.917 75.733 78.059 78.693 74.627 73.133 75.027 78.363 82.298 76.855 84.307 90.065 88.746 86.227 85.622 79.759 78.224 75.398 74.278 70.89 68.194 67.166 62.522 60.889 57.45 56.41 53.619 50.656 50.281 52.463 55.108 56.152 57.854 55.355 52.796
-9999 -9999 -9999 -9999 -9999 -9999 -9999 -9999 -9999 -9999 -9999 -9999 -9999 -9999 -9999 139.696 139.963 137.923 139.378 -9999 -9999 -9999 -9999 173.963 209.882 252.813 255.634 259.8 223.484 197.98 195.946 178.288 179.822 198.365 171.118 137.512 117.832 99.374 82.993 76.513 74.636 73.067 74.247 73.279 72.272 74.265 75.252 77.708 77.379 80.479 81.902 80.668 80.938 78.083 74.172 73.466 67.375 63.972 61.6 61.038 62.654 61.31 57.129 54.559 54.971 54.888 53.645 54.72 56.468 57.717 59.131 59.816 57.793 55.448
-9999 -9999 -9999 -9999 -9999 -9999 -9999 -9999 -9999 -9999 -9999 -9999 -9999 -9999 -9999 140.182 143.516 130.24 -9999 -9999 -9999 -9999 -9999 174.565 220.106 262.155 242.056 251.29 246.502 241.029 241.965 215.872 199.58 189.975 144.745 126.555 109.893 91.588 80.358 75.854 72.188 73.598 75.023 71.999 70.082 69.982 71.404 71.266 76.438 73.742 75.132 75.785 75.949 76.94 74.648 70.791 66.518 61.483 61.335 60.874 59.259 59.022 55.156 56.433 58.97 58.84 60.643 62.115 62.856 62.341 62.39 64.369 60.08 55.9
-9999 -9999 -9999 -9999 -9999 -9999 -9999 -9999 -9999 -9999 -9999 -9999 -9999 -9999 -9999 -9999 -9999 124.982 -9999 -9999 -9999 -9999 -9999 181.616 218.631 219.871 230.051 250.448 251.029 276.595 259.457 206.3 198.951 165.816 137.608 118.182 98.789 85.442 75.774 75.041 71.047 71.127 68.946 66.617 68.92 66.746 69.056 75.652 72.184 70.888 72.431 73.341 72.47 70.813 71.548 70.043 67.28 68.254 65.868 62.688 60.204 58.591 61.916 58.263 61.131 62.726 60.808 62.917 64.708 63.653 62.048 63.422 62.638 57.559
-9999 -9999 -9999 -9999 -9999 -9999 -9999 -9999 -9999 -9999 -9999 -9999 -9999 -9999 -9999 -9999 -9999 -9999 -9999 -9999 -9999 -9999 -9999 179.576 198.239 193.907 230.789 248.976 281.626 277.658 252.11 219.246 182.012 147.751 128.305 107.348 89.028 75.6 72.62 73.041 69.245 67.554 65.205 64.959 64.415 64.935 69.396 69.623 70.359 70.857 69.838 75.148 70.617 66.091 65.847 66.806 65.337 67.199 68.704 65.868 66.221 67.494 63.053 61.53 57.781 58.511 60.124 60.906 63.221 65.406 62.407 60.709 60.201 57.78
-9999 -9999 -9999 -9999 -9999 -9999 -9999 -9999 -9999 -9999 -9999 -9999 -9999 -9999 -9999 -9999 -9999 -9999 -9999 -9999 -9999 -9999 -9999 -9999 191.94 246.678 274.643 285.455 273.303 253.229 227.966 196.084 161.498 133.1 108.854 102.654 85.086 74.283 77.421 72.29 69.699 66.095 63.171 63.329 64.546 65.735 70.497 69.118 71.568 69.642 70.03 73.948 71.514 61.156 61.243 62.626 62.628 65.337 68.103 68.099 72.967 74.155 66.883 59.64 59.479 60.557 62.47 65.053 65.228 65.139 63.13 61.099 58.978 58.075
-9999 -9999 -9999 -9999 -9999 -9999 -9999 -9999 -9999 -9999 -9999 -9999 -9999 -9999 -9999 -9999 -9999 -9999 -9999 -9999 -9999 -9999 -9999 169.68 207.839 261.715 286.638 274.969 242.298 222.631 206.255 185.538 162.123 121.359 108.622 99.867 86.336 95.158 78.042 70.049 65.566 68.199 61.754 67.266 71.339 73.518 70.783 68.941 69.775 68.986 70.717 71.555 69.4 64.64 60.669 61.543 60.454 60.773 64.87 65.721 68.316 71.068 65.767 61.205 61.447 63.606 66.562 69.298 68.39 65.483 62.484 61.854 59.633 57.456
-9999 -9999 -9999 -9999 -9999 -9999 -9999 -9999 -9999 -9999 -9999 -9999 -9999 -9999 -9999 -9999 -9999 -9999 -9999 -9999 -9999 -9999 -9999 157.919 199.713 247.401 228.259 216.511 198.227 200.036 198.892 184.175 144.454 116.534 107.411 92.347 91.02 84.708 83.142 80.639 80.853 72.135 68.082 67.747 70.759 73.665 70.368 68.895 70.504 71.796 72.875 70.729 68.982 68.71 65.364 62.356 60.045 59.966 61.004 65.166 67.049 68.805 63.543 61.867 62.517 68.821 68.299 69.602 69.94 65.767 62.895 59.929 57.704 58.001
-9999 -9999 -9999 -9999 -9999 -9999 -9999 -9999 -9999 -9999 -9999 -9999 -9999 -9999 -9999 -9999 -9999 -9999 -9999 -9999 -9999 -9999 -9999 146.802 178.79 180.07 203.684 196.345 202.865 202.623 199.043 167.731 142.983 115.476 100.571 87.96 85.249 87.407 90.827 98.228 98.612 84.167 78.629 72.437 73.69 73.684 68.026 68.522 69.151 70.478 74.294 73.606 72.719 72.536 69.465 63.95 64.7 61.534 61.941 64.398 62.695 62.703 62.312 62.517 64.432 66.727 69.868 66.501 64.036 62.569 62.806 63.724 58.339 54.336
-9999 -9999 -9999 -9999 -9999 -9999 -9999 -9999 -9999 -9999 -9999 -9999 -9999 -9999 -9999 -9999 -9999 -9999 -9999 -9999 -9999 -9999 -9999 -9999 153.542 193.001 217.645 240.825 243.116 212.091 183.288 148.498 112.832 102.852 94.436 89.52 85.031 83.211 92.59 99.391 100.084 87.78 76.17 71.223 79.561 76.727 69.534 70.433 68.732 71.601 74.958 72.036 69.966 71.602 69.118 66.784 67.509 69.896 64.274 64.477 63.781 59.958 61.63 62.612 63.197 63.802 63.185 64.103 62.356 60.708 62.393 61.941 60.172 56.406
-9999 -9999 -9999 -9999 -9999 -9999 -9999 -9999 -9999 -9999 -9999 -9999 -9999 -9999 -9999 -9999 -9999 -9999 -9999 -9999 -9999 -9999 -9999 -9999 163.704 198.557 237.166 284.686 290.424 235.313 184.338 133.017 113.141 110.353 112.019 109.851 102.781 91.881 82.958 95.204 94.172 85.112 82.67 87.595 84.766 78.423 75.723 74.309 71.64 73.753 74.734 75.505 72.744 70.687 69.311 67.681 69.178 70.728 68.63 65.978 67.535 66.69 65.698 65.307 63.838 62.924 67.628 65.684 65.098 62.05 64.376 63.594 60.231 58.19
-9999 -9999 -9999 -9999 -9999 -9999 -9999 -9999 -9999 -9999 -9999 -9999 -9999 -9999 -9999 -9999 -9999 -9999 -9999 -9999 -9999 -9999 -9999 142.096 150.925 198.518 251.628 286.171 268.479 230.107 172.013 155.858 155.43 141.46 138.795 121.429 103.059 91.184 94.768 96.711 86.251 89.431 94.205 90.753 88.887 80.369 74.464 75.121 72.152 75.974 79.048 77.317 79.834 75.284 72.348 68.937 70.042 70.494 68.747 67.529 67.291 66.053 67.956 68.501 66.725 65.183 66.177 65.877 63.766 65.161 65.455 62.986 61.184 59.048
-9999 -9999 -9999 -9999 -9999 -9999 -9999 -9999 -9999 -9999 -9999 -9999 -9999 -9999 -9999 -9999 -9999 -9999 -9999 -9999 -9999 -9999 -9999 138.496 159.578 192.639 219.966 258.29 270.599 224.102 184.25 155.12 144.942 153.202 140.71 128.36 114.968 113.69 103.15 88.566 91.68 87.099 88.543 88.076 93.025 76.583 75.428 74.038 72.849 74.543 76.676 87.552 81.295 80.475 74.773 74.269 70.745 70.722 67.88 65.562 61.228 62.323 64.512 68.222 71.667 70.186 69.053 67.282 63.171 63.353 62.695 62.083 61.652 62.142
-9999 -9999 -9999 -9999 -9999 -9999 -9999 -9999 -9999 -9999 -9999 -9999 -9999 -9999 -9999 -9999 -9999 -9999 -9999 -9999 -9999 -9999 -9999 144.841 156.801 171.746 213.523 251.631 260.999 235.469 179.413 147.155 152.417 145.073 132.612 129.644 130.294 115.589 96.403 92.864 84.079 94.443 81.792 86.499 80.503 75.265 75.082 68.189 66.166 69.343 78.994 77.548 82.157 81.317 77.325 73.925 73.732 69.697 66.574 64.542 64.242 60.925 61.562 65.957 69.148 69.79 66.254 68.351 65.085 63.241 61.995 60.683 61.535 59.608
-9999 -9999 -9999 -9999 -9999 -9999 -9999 -9999 -9999 -9999 -9999 -9999 -9999 -9999 -9999 -9999 -9999 -9999 -9999 -9999 -9999 -9999 141.672 150.406 166.822 180.215 200.656 234.5 238.918 215.764 164.838 144.909 132.897 122.014 121.656 135.286 120.477 109.527 105.987 89.949 86.722 79.299 75.735 76.514 76.869 79.342 69.23 66.794 69.438 68.577 71.217 76.064 75.929 78.237 75.667 72.696 71.586 69.583 64.499 60.569 61.531 62.277 64.357 65.483 68.874 67.973 66.475 65.838 67.853 61.788 61.983 61.449 61.595 61.214
-9999 -9999 -9999 -9999 -9999 -9999 -9999 -9999 -9999 -9999 -9999 -9999 -9999 -9999 -9999 -9999 -9999 -9999 -9999 -9999 -9999 144.657 145.211 161.446 160.219 166.777 207.454 234.749 240.278 216.622 188.982 150.378 140.043 123.748 123.832 133.111 117.313 112.575 97.666 87.532 81.592 78.567 78.328 83.908 83.305 78.863 80.949 74.904 68.297 67.546 70.79 70.113 73.181 73.377 72.882 71.326 73.635 70.479 63.812 61.282 61.985 63.681 65.487 66.814 67.963 67.041 65.181 64.002 63.149 63.603 64.59 64.666 62.24 62.552
-9999 -9999 -9999 -9999 -9999 -9999 -9999 -9999 -9999 -9999 -9999 -9999 -9999 -9999 -9999 -9999 -9999 -9999 -9999 170.389 159.904 156.008 135.444 150.684 161.429 178.466 217.837 241.865 254.782 231.54 187.01 152.704 120.471 123.667 124.563 133.732 122.391 104.401 94.989 84.245 80.709 76.961 82.22 83.811 77.347 81.755 76.096 71.535 70.137 69.763 68.914 68.803 69.651 70.14 69.546 65.909 64.213 65.89 65.812 65.518 68.996 71.805 70.627 68.979 65.396 64.392 65.054 68.121 64.603 64.59 61.62 64.918 63.63 61.416
