Validation/Results/ReClimate_11_2023_1_Precipitation-Actualsweatherlogisticsltd.asc
NCOLS 192
NROWS 249
XLLCENTER -225160.85627316462
YLLCENTER 29788.11610251502
CELLSIZE 5000.0
NODATA_VALUE -9999
[rows 165 to 197 of 249, columns 74 to 147 of 192]
-9999 -9999 -9999 -9999 -9999 -9999 -9999 -9999 -9999 -9999 -9999 -9999 -9999 -9999 -9999 -9999 -9999 -9999 -9999 -9999 -9999 -9999 -9999 -9999 -9999 -9999 -9999 -9999 -9999 -9999 -9999 -9999 -9999 -9999 -9999 -9999 -9999 -9999 101.488 103.27 106.855 121.144 121.347 136.005 159.405 175.765 182.983 187.138 178.378 182.727 178.206 176.978 165.052 133.025 102.31 91.073 79.456 71.635 66.066 62.242 58.351 58.085 57.136 55.896 54.914 55.172 56.239 56.14 59.187 59.527 61.941 65.54 65.049 61.637
-9999 -9999 -9999 -9999 -9999 -9999 -9999 -9999 -9999 -9999 -9999 -9999 -9999 -9999 -9999 -9999 -9999 -9999 -9999 -9999 -9999 -9999 -9999 -9999 -9999 -9999 -9999 -9999 -9999 -9999 -9999 -9999 -9999 -9999 -9999 -9999 -9999 -9999 99.388 102.46 105.105 111.117 118.982 134.952 151.903 163.247 166.045 159.259 160.674 154.49 159.866 171.906 163.122 145.596 120.763 94.794 80.058 75.949 69.92 66.05 63.892 59.193 57.369 55.312 54.702 53.978 53.07 55.613 56.425 60.481 60.902 60.856 63.357 63.043
-9999 -9999 -9999 -9999 -9999 -9999 -9999 -9999 -9999 -9999 -9999 -9999 -9999 -9999 -9999 -9999 -9999 -9999 -9999 -9999 -9999 -9999 -9999 -9999 -9999 -9999 -9999 -9999 -9999 -9999 -9999 -9999 -9999 -9999 -9999 -9999 -9999 95.818 96.795 100.345 107.906 109.77 111.952 125.049 140.888 141.147 139.736 136.276 136.188 133.358 147.178 169.551 181.207 165.969 143.927 124.423 93.782 72.463 68.977 65.702 65.496 61.903 56.594 54.389 51.901 52.239 53.722 55.195 57.952 58.643 60.508 61.537 62.168 61.676
-9999 -9999 -9999 -9999 -9999 -9999 -9999 -9999 -9999 -9999 -9999 -9999 -9999 -9999 -9999 -9999 -9999 -9999 -9999 -9999 -9999 -9999 -9999 -9999 -9999 -9999 -9999 -9999 -9999 -9999 -9999 -9999 -9999 -9999 -9999 -9999 -9999 93.668 93.303 100.029 103.662 104.477 112.347 115.419 119.793 118.176 117.016 120.012 116.96 121.717 134.986 154.104 182.528 197.947 175.078 144.842 117.64 88.186 73.85 65.706 59.947 60.944 57.999 54.047 52.92 52.259 53.324 53.785 57.78 59.387 58.898 60.131 62.368 60.803
-9999 -9999 -9999 -9999 -9999 -9999 -9999 -9999 -9999 -9999 -9999 -9999 -9999 -9999 -9999 -9999 -9999 -9999 -9999 -9999 -9999 -9999 -9999 -9999 -9999 -9999 -9999 -9999 -9999 -9999 -9999 -9999 -9999 -9999 -9999 -9999 -9999 -9999 94.802 96.741 97.471 103.03 102.854 103.031 100.377 99.345 102.215 101.556 102.654 106.055 118.249 135.31 157.691 191.153 197.591 169.995 134.043 105.231 81.303 72.018 61.909 60.695 60.374 57.33 53.446 54.348 54.424 54.206 55.925 59.835 58.532 58.058 61.149 61.224
-9999 -9999 -9999 -9999 -9999 -9999 -9999 -9999 -9999 -9999 -9999 -9999 -9999 -9999 -9999 -9999 -9999 -9999 114.316 117.522 -9999 -9999 -9999 -9999 -9999 -9999 -9999 -9999 -9999 -9999 -9999 -9999 -9999 -9999 -9999 -9999 -9999 89.347 86.47 91.128 96.715 99.438 97.278 92.48 89.545 89.93 91.752 94.059 95.347 101.323 114.045 136.483 150.569 178.057 180.963 170.278 150.23 108.869 86.547 69.36 67.46 67.429 64.03 57.587 55.364 52.529 56.408 55.837 56.311 56.496 57.508 56.396 58.256 61.835
-9999 -9999 -9999 -9999 -9999 -9999 -9999 -9999 -9999 -9999 -9999 -9999 -9999 -9999 -9999 -9999 -9999 -9999 121.737 127.192 125.081 -9999 -9999 -9999 -9999 -9999 -9999 -9999 -9999 -9999 -9999 -9999 -9999 -9999 -9999 -9999 80.516 80.588 82.495 88.968 96.64 92.273 89.988 86.678 82.954 85.933 90.416 92.408 92.161 97.488 106.732 121.477 151.428 178.59 181.834 152.352 135.546 115.723 87.662 74.91 64.076 68.521 66.064 59.218 54.55 53.499 55.101 57.405 56.287 55.896 56.065 55.706 56.895 59.486
-9999 -9999 -9999 -9999 -9999 -9999 -9999 -9999 -9999 -9999 -9999 -9999 -9999 -9999 -9999 -9999 -9999 108.07 117.025 131.308 129.305 126.915 -9999 -9999 -9999 -9999 -9999 -9999 -9999 -9999 -9999 -9999 -9999 83.412 -9999 -9999 77.394 81.882 82.45 85.155 84.633 -9999 86.778 82.612 86.95 90.49 89.43 86.713 89.523 92.718 99.512 121.733 130.835 157.761 155.268 134.094 124.667 106.835 97.124 81.333 69.003 65.589 64.903 60.507 57.496 58.908 57.773 55.975 55.323 54.323 56.007 57.537 56.164 58.401
-9999 -9999 -9999 -9999 -9999 -9999 -9999 -9999 -9999 -9999 -9999 -9999 -9999 -9999 -9999 -9999 -9999 102.453 117.061 127.051 130.768 129.264 122.141 124.86 -9999 -9999 -9999 129.755 106.568 -9999 94.119 89.824 84.588 92.957 84.956 -9999 -9999 78.744 79.875 -9999 -9999 82.109 80.876 80.944 84.558 85.608 84.051 86.666 88.443 96.498 108.826 139.794 144.32 146.085 134.972 129.199 123.312 107.019 87.354 80.495 73.586 72.445 65.71 61.984 56.176 56.833 61.049 57.702 55.518 54.903 56.17 57.072 55.516 57.025
-9999 -9999 -9999 -9999 -9999 -9999 -9999 -9999 -9999 -9999 -9999 -9999 -9999 -9999 -9999 -9999 -9999 -9999 112.378 121.481 129.998 130.487 129.627 -9999 -9999 185.959 185.068 140.63 126.071 118.753 112.546 94.504 93.994 86.565 87.109 93.666 -9999 77.333 74.905 76.019 77.811 80.558 82.813 84.131 84.514 83.495 83.574 83.12 93.866 99.869 115.417 146.602 156.528 145.897 130.813 111.455 113.841 101.883 87.283 77.73 73.947 71.51 66.04 61.875 59.832 57.992 58.379 56.973 54.873 56.264 57.406 57.414 54.998 55.66
-9999 -9999 -9999 -9999 -9999 -9999 -9999 -9999 -9999 -9999 -9999 -9999 -9999 -9999 -9999 -9999 -9999 -9999 110.686 119.823 122.765 126.561 144.369 180.634 214.333 252.542 210.413 170.548 144.938 130.058 124.698 108.98 92.735 92.325 103.054 96.501 92.882 79.661 71.514 73.595 74.13 77.112 79.192 74.448 82.944 84.554 79.186 83.304 89.213 98.048 121.822 146.279 161.847 149.542 138.949 116.573 103.713 101.386 92.66 82.513 78.311 74.49 66.673 65.427 62.024 58.74 58.624 54.992 54.649 55.468 58.242 58.036 55.334 55.565
-9999 -9999 -9999 -9999 -9999 -9999 -9999 -9999 -9999 -9999 -9999 -9999 -9999 -9999 -9999 -9999 -9999 -9999 -9999 125.695 129.629 149.552 203.654 247.155 305.359 309.594 264.647 209.648 177.225 155.51 146.615 123.382 116.538 107.701 97.826 108.524 90.603 79.27 76.421 73.785 72.808 74.57 72.164 77.162 77.234 74.825 78.898 79.49 82.946 97.85 118.902 134.355 141.113 132.056 129.244 123.966 105.058 100.981 96.221 86.073 82.422 78.123 72.128 67.683 64.214 60.299 58.575 55.614 54.574 52.656 55.86 57.907 54.714 53.668
-9999 -9999 -9999 -9999 -9999 -9999 -9999 -9999 -9999 -9999 -9999 -9999 -9999 -9999 -9999 -9999 -9999 -9999 -9999 -9999 -9999 181.447 243.194 325.915 400.708 363.137 284.839 218.79 179.674 189.129 170.787 160.706 136.148 117.586 102.503 101.192 103.576 95.887 82.377 72.942 70.106 71.453 74.079 74.794 72.906 72.879 75.4 75.658 79.0 95.301 113.824 116.745 130.055 130.86 125.364 121.88 109.214 100.945 95.83 84.25 80.83 81.669 75.85 70.555 64.809 60.394 59.382 54.926 54.151 53.566 53.354 57.778 54.721 52.54
-9999 -9999 -9999 -9999 -9999 -9999 -9999 -9999 -9999 -9999 -9999 -9999 -9999 -9999 -9999 -9999 -9999 -9999 -9999 -9999 168.769 221.489 285.62 385.07 442.764 363.778 276.41 220.321 198.92 193.6 172.436 160.543 152.125 120.366 112.73 123.815 114.438 100.631 82.122 75.703 72.342 73.395 75.335 75.859 75.699 76.422 74.818 76.655 86.211 97.109 98.918 105.403 118.315 121.175 121.153 111.578 107.62 105.612 92.569 83.541 79.41 78.518 76.218 69.432 67.012 60.632 57.273 54.556 54.27 53.226 57.399 57.27 54.65 51.923
-9999 -9999 -9999 -9999 -9999 -9999 -9999 -9999 -9999 -9999 -9999 -9999 -9999 -9999 -9999 -9999 -9999 -9999 -9999 152.822 225.35 237.923 302.741 356.931 348.614 362.139 307.925 257.064 249.177 224.47 184.918 160.281 143.86 127.242 137.42 139.449 123.031 106.618 86.189 74.736 71.635 75.521 74.476 74.779 76.199 74.008 74.508 82.419 86.665 88.252 96.791 102.812 112.153 121.868 109.542 104.716 95.52 95.434 91.256 78.152 77.307 76.233 73.6 69.206 63.526 62.553 55.911 53.55 53.659 52.744 53.609 56.505 52.682 52.644
-9999 -9999 -9999 -9999 -9999 -9999 -9999 -9999 -9999 -9999 -9999 -9999 -9999 -9999 -9999 -9999 -9999 -9999 132.496 175.762 182.956 220.603 241.252 244.581 268.745 285.286 270.326 277.564 275.855 255.52 224.386 178.715 141.901 144.599 139.242 121.659 117.583 102.927 86.819 76.359 70.305 75.302 74.288 76.331 75.97 76.04 80.748 83.291 86.273 91.272 95.696 101.277 97.573 103.141 102.334 93.732 89.29 86.335 84.643 77.625 71.56 72.206 68.953 64.576 60.792 57.908 53.677 51.678 53.004 52.599 52.219 55.229 51.606 51.833
-9999 -9999 -9999 -9999 -9999 -9999 -9999 -9999 -9999 -9999 -9999 -9999 -9999 -9999 -9999 -9999 126.251 125.447 129.68 146.092 156.853 158.608 176.953 175.615 205.778 233.342 261.758 279.963 295.201 238.763 192.572 164.997 154.72 168.469 158.214 141.359 118.691 102.506 90.64 75.179 73.342 76.713 78.318 76.338 76.215 77.882 80.289 85.952 82.609 87.817 95.692 97.597 95.526 92.395 85.132 82.878 81.249 80.035 76.755 73.763 70.518 65.456 62.355 57.879 56.872 54.558 51.987 50.747 53.78 54.373 55.305 56.406 53.619 50.359
-9999 -9999 -9999 -9999 -9999 -9999 -9999 -9999 -9999 -9999 -9999 -9999 -9999 -9999 -9999 130.029 129.233 126.594 128.259 -9999 -9999 -9999 -9999 176.651 218.147 267.037 272.294 284.515 249.546 227.533 223.342 200.157 201.078 218.459 187.204 148.811 122.117 107.46 86.581 77.076 77.594 77.524 74.482 74.8 74.862 75.588 77.179 79.791 80.244 84.639 88.4 87.644 87.535 84.054 79.254 77.995 74.244 70.871 67.151 65.272 66.044 63.178 57.847 58.118 56.476 55.018 55.051 55.841 56.608 57.745 58.174 57.687 55.482 51.291
-9999 -9999 -9999 -9999 -9999 -9999 -9999 -9999 -9999 -9999 -9999 -9999 -9999 -9999 -9999 130.262 131.354 120.803 -9999 -9999 -9999 -9999 -9999 179.546 230.186 280.124 261.06 272.958 270.356 269.766 271.104 242.912 224.748 209.949 153.536 127.083 119.003 98.341 84.642 79.544 76.977 74.803 75.694 75.206 74.708 73.511 75.327 76.527 78.892 77.818 80.444 79.437 79.504 80.49 79.2 75.545 71.638 67.481 66.347 65.216 62.194 61.18 56.178 56.378 60.909 58.892 62.178 63.666 62.833 61.774 60.46 56.25 53.219 51.918
-9999 -9999 -9999 -9999 -9999 -9999 -9999 -9999 -9999 -9999 -9999 -9999 -9999 -9999 -9999 -9999 -9999 116.355 -9999 -9999 -9999 -9999 -9999 178.438 228.461 229.629 244.233 267.719 272.297 305.214 288.948 234.607 225.459 185.752 148.312 126.509 107.471 94.195 80.517 78.164 74.03 73.039 70.553 68.87 70.437 68.902 72.686 76.485 74.525 74.099 76.014 77.112 76.137 74.768 75.964 73.824 70.739 71.888 70.18 66.861 63.176 61.38 69.834 61.408 60.016 62.04 61.535 63.418 64.553 63.815 59.86 59.096 55.209 52.219
-9999 -9999 -9999 -9999 -9999 -9999 -9999 -9999 -9999 -9999 -9999 -9999 -9999 -9999 -9999 -9999 -9999 -9999 -9999 -9999 -9999 -9999 -9999 172.704 193.469 198.582 245.293 267.434 307.692 309.16 294.003 258.31 206.989 166.559 139.381 110.101 98.641 82.346 76.541 72.917 74.387 69.688 67.565 66.787 65.002 65.742 70.128 72.11 72.419 73.926 74.054 80.36 75.622 70.752 70.854 71.8 68.358 69.294 70.546 68.202 68.475 69.789 66.394 66.684 56.79 57.029 59.976 60.493 61.661 63.87 60.03 55.75 55.008 52.293
-9999 -9999 -9999 -9999 -9999 -9999 -9999 -9999 -9999 -9999 -9999 -9999 -9999 -9999 -9999 -9999 -9999 -9999 -9999 -9999 -9999 -9999 -9999 -9999 191.274 257.518 302.825 312.054 301.925 283.301 257.007 210.528 177.018 144.991 116.441 113.274 96.627 79.63 77.339 76.654 72.024 68.213 66.686 66.012 64.935 63.01 73.062 73.961 73.361 72.18 73.09 78.439 76.736 71.553 68.844 67.037 65.764 66.878 67.844 67.264 73.829 76.024 68.82 61.688 59.07 58.436 60.999 64.547 63.637 62.642 60.103 56.394 53.771 51.176
-9999 -9999 -9999 -9999 -9999 -9999 -9999 -9999 -9999 -9999 -9999 -9999 -9999 -9999 -9999 -9999 -9999 -9999 -9999 -9999 -9999 -9999 -9999 173.056 212.023 281.111 316.541 303.803 262.761 244.619 221.104 210.101 176.807 135.793 120.304 111.145 92.831 99.241 80.916 75.298 73.089 74.948 73.195 71.368 73.21 75.111 74.031 70.715 71.509 70.424 72.702 75.85 73.992 69.35 68.109 65.304 63.204 62.259 64.792 64.776 67.585 71.968 65.86 60.8 60.263 61.543 64.12 66.906 66.093 62.593 58.996 56.344 53.71 50.353
-9999 -9999 -9999 -9999 -9999 -9999 -9999 -9999 -9999 -9999 -9999 -9999 -9999 -9999 -9999 -9999 -9999 -9999 -9999 -9999 -9999 -9999 -9999 159.367 205.924 276.531 276.019 242.292 219.085 217.131 224.851 206.411 164.723 130.909 118.03 102.018 97.928 88.947 84.906 82.584 83.937 79.69 72.456 70.823 73.397 74.829 71.575 70.057 71.704 72.875 75.582 76.232 74.85 72.843 69.532 66.378 62.977 61.83 63.185 65.162 67.592 69.798 63.15 59.071 59.919 65.668 65.244 66.466 66.643 62.109 59.243 54.646 50.96 51.155
-9999 -9999 -9999 -9999 -9999 -9999 -9999 -9999 -9999 -9999 -9999 -9999 -9999 -9999 -9999 -9999 -9999 -9999 -9999 -9999 -9999 -9999 -9999 144.525 187.233 208.166 227.447 216.17 218.437 225.088 223.756 190.859 161.865 130.82 113.001 95.5 93.177 92.931 92.955 100.731 102.152 88.808 81.959 76.09 76.04 75.344 69.778 69.984 70.143 71.701 76.296 77.06 77.579 78.086 73.207 66.827 66.953 64.675 64.59 65.534 63.902 64.18 61.685 59.977 61.46 63.928 66.354 62.843 59.906 58.267 58.361 58.259 50.574 46.628
-9999 -9999 -9999 -9999 -9999 -9999 -9999 -9999 -9999 -9999 -9999 -9999 -9999 -9999 -9999 -9999 -9999 -9999 -9999 -9999 -9999 -9999 -9999 -9999 149.735 200.834 233.149 261.955 273.713 238.713 206.618 163.491 126.284 118.438 108.816 103.496 106.436 90.681 96.912 102.928 103.895 91.886 79.195 73.448 81.521 78.33 71.403 70.864 70.378 73.801 77.567 75.513 74.045 74.932 71.849 67.368 67.877 69.171 66.056 65.218 63.614 60.15 60.319 61.004 61.446 62.016 62.02 61.674 59.076 56.525 58.384 56.199 53.309 48.874
-9999 -9999 -9999 -9999 -9999 -9999 -9999 -9999 -9999 -9999 -9999 -9999 -9999 -9999 -9999 -9999 -9999 -9999 -9999 -9999 -9999 -9999 -9999 -9999 161.626 199.883 248.897 310.988 323.863 268.733 207.707 147.537 124.19 123.404 124.02 128.679 111.026 100.456 89.27 99.582 98.141 88.175 83.529 88.104 87.075 82.337 77.915 76.024 73.698 74.956 76.663 78.825 76.496 74.284 71.896 66.86 67.976 69.847 67.099 66.377 66.952 65.509 63.853 64.229 61.88 60.797 62.553 62.087 61.018 58.229 59.917 58.423 53.611 53.158
-9999 -9999 -9999 -9999 -9999 -9999 -9999 -9999 -9999 -9999 -9999 -9999 -9999 -9999 -9999 -9999 -9999 -9999 -9999 -9999 -9999 -9999 -9999 135.647 147.15 196.382 253.407 310.261 306.053 258.757 191.9 171.476 169.199 151.916 144.978 128.662 107.42 99.653 101.758 102.161 90.243 91.675 94.459 91.305 91.867 83.563 77.843 77.131 72.759 76.78 80.849 80.824 82.463 77.754 74.173 69.692 68.467 69.428 67.881 67.361 70.01 67.103 66.064 66.235 65.525 63.732 65.383 62.865 61.915 60.911 61.254 56.618 54.706 55.121
-9999 -9999 -9999 -9999 -9999 -9999 -9999 -9999 -9999 -9999 -9999 -9999 -9999 -9999 -9999 -9999 -9999 -9999 -9999 -9999 -9999 -9999 -9999 138.847 159.403 190.151 226.014 278.674 296.742 247.256 203.301 176.699 160.239 162.516 154.121 137.7 123.327 121.887 110.095 94.374 97.17 91.345 90.802 89.724 94.978 76.718 77.386 74.483 72.599 75.217 80.286 88.341 82.938 81.289 75.289 71.925 69.096 69.59 66.262 64.736 62.332 63.697 62.716 65.462 65.498 67.873 68.977 66.991 62.082 59.274 60.128 56.545 52.159 54.986
-9999 -9999 -9999 -9999 -9999 -9999 -9999 -9999 -9999 -9999 -9999 -9999 -9999 -9999 -9999 -9999 -9999 -9999 -9999 -9999 -9999 -9999 -9999 147.804 159.815 176.633 221.245 266.185 281.501 255.675 201.466 166.074 166.494 161.883 148.701 142.183 146.319 120.643 104.05 100.738 91.765 99.48 85.818 89.53 80.741 76.221 75.913 71.536 69.421 70.735 77.861 78.536 81.16 80.08 76.541 72.668 70.318 68.113 65.84 63.687 64.481 56.85 60.368 63.468 67.047 66.679 65.76 66.225 64.49 61.675 56.573 56.504 53.275 52.222
-9999 -9999 -9999 -9999 -9999 -9999 -9999 -9999 -9999 -9999 -9999 -9999 -9999 -9999 -9999 -9999 -9999 -9999 -9999 -9999 -9999 -9999 146.897 152.92 172.226 184.769 207.622 246.702 257.858 240.124 189.591 158.253 149.747 148.519 146.805 150.513 125.395 119.924 114.538 97.341 92.582 85.487 78.886 77.453 78.044 79.61 72.306 70.22 70.332 67.163 70.408 74.377 73.735 76.052 74.469 71.181 69.032 66.838 62.789 60.359 60.043 61.932 60.403 65.915 65.875 66.463 64.166 63.599 62.776 56.277 55.717 54.94 54.639 54.642
-9999 -9999 -9999 -9999 -9999 -9999 -9999 -9999 -9999 -9999 -9999 -9999 -9999 -9999 -9999 -9999 -9999 -9999 -9999 -9999 -9999 150.692 150.665 161.46 168.172 176.111 217.508 247.827 254.14 225.68 211.328 169.831 160.568 144.461 139.784 144.833 124.631 118.256 104.151 91.265 86.119 82.083 79.449 84.99 85.315 79.945 76.697 75.915 67.898 65.52 70.383 71.167 69.714 70.095 71.089 69.023 66.821 65.067 62.068 61.197 61.294 61.218 59.205 62.021 65.569 65.12 63.228 60.984 58.7 57.594 59.449 59.156 55.746 56.039
-9999 -9999 -9999 -9999 -9999 -9999 -9999 -9999 -9999 -9999 -9999 -9999 -9999 -9999 -9999 -9999 -9999 -9999 -9999 162.96 158.867 158.549 154.7 157.168 175.457 198.532 238.253 269.592 266.024 255.975 211.918 181.753 155.177 139.327 140.872 143.819 126.244 111.068 99.836 87.607 84.138 79.302 83.014 84.716 79.674 81.293 79.853 72.399 68.978 67.976 70.908 68.605 67.063 66.12 67.302 63.92 61.562 61.259 62.995 63.579 66.708 67.943 66.296 63.813 62.911 62.566 63.29 64.923 60.918 58.488 57.118 60.059 56.816 54.551
