Validation/Results/ReClimate_11_2023_1.asc
NCOLS 192
NROWS 249
XLLCENTER -225160.85627316462
YLLCENTER 29788.11610251502
CELLSIZE 5000.0
NODATA_VALUE -9999
[rows 198 to 230 of 249, columns 74 to 147 of 192]
-9999 -9999 -9999 -9999 -9999 -9999 -9999 -9999 -9999 -9999 -9999 -9999 -9999 -9999 -9999 -9999 -9999 -9999 114.968 115.146 115.25 115.291 115.33 115.37 115.411 115.457 115.51 115.64 115.954 116.133 116.271 116.388 116.425 116.262 116.209 116.233 116.232 116.305 116.339 116.311 116.295 115.982 115.493 115.861 116.366 116.313 116.273 116.268 116.266 116.211 116.107 115.943 115.756 115.566 115.374 115.182 114.981 114.759 114.52 114.277 114.028 113.776 113.523 113.264 112.996 112.717 112.421 112.105 111.763 111.421 111.091 110.773 110.436 110.173
-9999 -9999 -9999 -9999 -9999 -9999 -9999 -9999 -9999 -9999 -9999 -9999 -9999 -9999 -9999 114.919 115.019 115.001 115.13 115.168 115.12 115.198 115.337 115.428 115.608 115.729 115.986 116.021 115.756 115.861 115.939 115.996 116.081 116.103 116.209 116.251 116.286 116.326 116.365 116.376 116.399 116.163 116.189 116.468 116.468 116.448 116.429 116.414 116.352 116.284 116.177 116.022 115.849 115.663 115.473 115.283 115.082 114.86 114.62 114.378 114.133 113.883 113.633 113.379 113.117 112.843 112.554 112.244 111.918 111.599 111.288 110.966 110.632 110.365
-9999 -9999 -9999 -9999 -9999 -9999 -9999 -9999 -9999 -9999 -9999 -9999 -9999 114.729 114.775 114.896 114.987 115.06 115.129 115.168 115.306 115.376 115.339 115.518 115.759 116.061 116.315 116.049 115.687 115.759 115.835 115.919 116.01 116.114 116.217 116.277 116.321 116.38 116.424 116.444 116.436 116.492 116.566 116.578 116.578 116.567 116.531 116.466 116.4 116.334 116.236 116.091 115.924 115.757 115.577 115.391 115.19 114.967 114.731 114.489 114.241 113.991 113.741 113.491 113.234 112.965 112.682 112.379 112.083 111.791 111.5 111.189 110.864 110.591
-9999 -9999 -9999 -9999 -9999 -9999 -9999 -9999 -9999 114.762 114.723 114.71 114.698 114.663 114.746 114.862 114.952 115.031 115.101 115.214 115.273 115.283 115.312 115.454 115.727 116.128 116.864 116.565 116.255 116.182 115.85 115.963 116.119 116.186 116.196 116.219 116.168 116.285 116.471 116.494 116.544 116.572 116.486 116.443 116.258 116.329 116.569 116.501 116.434 116.368 116.278 116.146 115.986 115.826 115.664 115.493 115.295 115.072 114.842 114.608 114.365 114.113 113.858 113.604 113.345 113.079 112.802 112.522 112.247 111.981 111.703 111.411 111.109 110.858
-9999 -9999 -9999 -9999 -9999 -9999 -9999 -9999 114.496 114.711 114.679 114.642 114.606 114.607 114.707 114.825 114.92 114.999 115.071 115.142 115.209 115.295 115.392 115.656 116.018 116.384 116.292 116.159 116.237 116.015 115.87 116.014 116.163 116.18 116.192 116.23 116.386 116.522 116.555 116.601 116.622 116.643 116.778 116.547 116.105 116.335 116.598 116.527 116.457 116.389 116.305 116.183 116.026 115.869 115.712 115.55 115.367 115.155 114.934 114.707 114.475 114.232 113.977 113.722 113.466 113.198 112.924 112.664 112.414 112.161 111.9 111.635 111.362 111.123
-9999 -9999 -9999 -9999 -9999 -9999 -9999 114.542 114.754 114.689 114.633 114.585 114.541 114.555 114.662 114.785 114.885 114.968 115.042 115.112 115.184 115.428 115.881 115.973 115.656 115.638 115.699 115.742 115.726 115.714 115.886 116.001 116.079 116.12 116.199 116.318 116.402 116.468 116.549 116.607 116.665 116.768 116.801 116.592 116.574 116.693 116.614 116.54 116.468 116.398 116.323 116.213 116.059 115.905 115.751 115.587 115.406 115.208 115.005 114.793 114.571 114.339 114.096 113.84 113.585 113.325 113.073 112.823 112.581 112.343 112.102 111.856 111.605 111.38
-9999 -9999 -9999 -9999 -9999 114.716 -9999 114.784 114.757 114.685 114.625 114.572 114.525 114.539 114.643 114.764 114.866 114.952 115.028 115.1 115.172 115.447 115.492 115.37 115.47 115.538 115.615 115.704 115.964 116.018 115.896 115.973 116.048 116.123 116.2 116.279 116.362 116.448 116.538 116.619 116.686 116.724 116.764 116.787 116.762 116.693 116.618 116.543 116.47 116.401 116.333 116.236 116.09 115.939 115.789 115.623 115.439 115.248 115.053 114.855 114.65 114.434 114.205 113.959 113.703 113.461 113.226 113.001 112.77 112.533 112.299 112.067 111.83 111.62
-9999 -9999 -9999 -9999 -9999 -9999 -9999 -9999 -9999 114.691 114.629 114.575 114.526 114.537 114.637 114.758 114.861 114.95 115.029 115.129 115.284 115.323 115.343 115.427 115.48 115.553 115.622 115.792 115.862 115.828 115.901 115.975 116.048 116.12 116.195 116.273 116.355 116.44 116.526 116.603 116.66 116.711 116.746 116.76 116.733 116.673 116.607 116.538 116.467 116.4 116.334 116.243 116.12 115.972 115.821 115.654 115.471 115.284 115.096 114.905 114.709 114.505 114.29 114.059 113.826 113.596 113.383 113.171 112.955 112.732 112.502 112.268 112.04 111.844
-9999 -9999 -9999 -9999 -9999 -9999 -9999 -9999 -9999 114.698 114.635 114.579 114.53 114.536 114.631 114.753 114.858 114.949 115.032 115.121 115.103 115.174 115.324 115.396 115.484 115.554 115.623 115.691 115.76 115.83 115.901 115.973 116.043 116.113 116.186 116.263 116.343 116.424 116.496 116.556 116.616 116.667 116.707 116.716 116.69 116.64 116.585 116.525 116.46 116.394 116.331 116.255 116.149 116.006 115.85 115.681 115.5 115.319 115.136 114.951 114.762 114.566 114.36 114.148 113.935 113.727 113.519 113.319 113.116 112.907 112.692 112.47 112.236 112.048
-9999 -9999 -9999 -9999 -9999 -9999 -9999 114.823 114.782 114.706 114.641 -9999 114.535 114.535 114.62 114.745 114.851 114.946 -9999 115.12 115.339 115.403 115.333 115.412 115.484 115.555 115.623 115.691 115.759 115.827 115.897 115.966 116.034 116.102 116.173 116.248 116.324 116.393 116.448 116.503 116.558 116.611 116.648 116.667 116.646 116.604 116.558 116.506 116.449 116.387 116.326 116.266 116.175 116.036 115.878 115.705 115.529 115.352 115.174 114.994 114.811 114.622 114.432 114.237 114.04 113.844 113.646 113.448 113.255 113.059 112.858 112.65 112.432 112.246
-9999 -9999 -9999 -9999 -9999 -9999 -9999 114.857 -9999 -9999 -9999 114.593 114.542 114.531 -9999 -9999 -9999 -9999 -9999 115.09 115.21 115.225 115.344 115.413 115.481 115.551 115.619 115.687 115.754 115.82 115.888 115.955 116.02 116.087 116.157 116.229 116.296 116.345 116.396 116.448 116.498 116.545 116.585 116.605 116.597 116.569 116.529 116.485 116.435 116.377 116.319 116.262 116.193 116.062 115.901 115.728 115.556 115.384 115.211 115.035 114.857 114.681 114.503 114.323 114.138 113.951 113.763 113.57 113.381 113.196 113.007 112.812 112.608 112.443
-9999 -9999 -9999 -9999 -9999 -9999 -9999 -9999 -9999 114.727 114.661 114.602 114.55 114.527 -9999 -9999 -9999 -9999 -9999 -9999 -9999 -9999 115.346 115.413 115.48 115.545 115.611 115.679 115.745 115.988 116.561 116.482 116.135 116.166 116.136 116.201 116.249 116.296 116.344 116.392 116.438 116.48 116.518 116.54 116.537 116.522 116.499 116.463 116.419 116.368 116.313 116.258 116.199 116.085 115.921 115.752 115.584 115.416 115.246 115.077 114.91 114.742 114.575 114.404 114.227 114.049 113.869 113.686 113.5 113.321 113.143 112.96 112.768 112.624
-9999 -9999 -9999 -9999 -9999 -9999 -9999 -9999 -9999 -9999 114.691 -9999 -9999 -9999 -9999 -9999 -9999 -9999 -9999 -9999 115.185 115.274 115.344 115.411 115.476 115.54 115.604 115.667 115.732 116.177 116.553 116.328 116.191 116.161 116.11 116.158 116.2 116.245 116.291 116.337 116.38 116.42 116.455 -9999 116.472 116.467 116.452 116.431 116.403 116.359 116.307 116.253 116.186 116.093 115.942 115.777 115.612 115.448 115.286 115.124 114.964 114.804 114.643 114.479 114.31 114.139 113.967 113.792 113.613 113.437 113.267 113.095 112.922 112.796
-9999 -9999 -9999 -9999 -9999 -9999 -9999 -9999 -9999 -9999 -9999 -9999 -9999 -9999 -9999 -9999 -9999 -9999 -9999 -9999 115.192 115.267 115.339 115.406 -9999 -9999 -9999 115.658 115.719 115.947 116.012 115.969 116.029 116.026 116.074 116.11 116.151 116.195 116.24 116.284 116.325 116.362 -9999 116.412 116.412 116.408 116.399 116.386 116.365 116.337 116.299 116.247 116.169 116.084 115.961 115.803 115.643 115.485 115.329 115.174 115.019 114.864 114.708 114.55 114.388 114.223 114.058 113.891 113.719 113.546 113.381 113.219 113.044 112.943
-9999 -9999 -9999 -9999 -9999 -9999 -9999 -9999 -9999 -9999 -9999 -9999 -9999 -9999 -9999 -9999 -9999 -9999 -9999 -9999 -9999 -9999 -9999 -9999 -9999 -9999 -9999 115.648 115.707 115.768 115.831 115.893 115.95 115.998 116.029 116.061 116.103 116.148 116.192 116.234 -9999 -9999 116.34 116.356 116.357 116.353 116.345 116.333 116.319 116.299 116.267 116.211 116.141 116.061 115.971 115.833 115.678 115.525 115.374 115.223 115.072 114.922 114.771 114.618 114.461 114.303 114.143 113.982 113.817 113.649 113.259 113.146 113.09 113.043
-9999 -9999 -9999 -9999 -9999 -9999 -9999 -9999 -9999 -9999 -9999 -9999 -9999 -9999 -9999 -9999 -9999 -9999 -9999 -9999 -9999 -9999 -9999 -9999 -9999 -9999 -9999 115.636 115.697 115.76 115.821 115.88 115.932 115.967 115.985 116.013 116.061 -9999 -9999 -9999 -9999 -9999 116.289 116.306 116.307 116.303 116.296 116.285 116.271 116.253 116.217 116.152 116.084 116.016 115.943 115.847 115.71 115.566 115.419 115.273 115.124 114.978 114.832 114.683 114.532 114.377 114.219 114.059 113.894 113.726 113.503 113.234 113.257 113.174
-9999 -9999 -9999 -9999 -9999 -9999 -9999 -9999 -9999 -9999 -9999 -9999 -9999 -9999 -9999 -9999 -9999 -9999 -9999 -9999 -9999 -9999 -9999 -9999 -9999 -9999 -9999 -9999 -9999 115.785 115.812 115.87 115.918 115.941 115.958 116.004 -9999 -9999 -9999 -9999 116.164 116.215 116.244 116.261 116.261 116.258 116.25 116.24 116.226 116.202 116.149 116.088 116.023 115.956 115.888 115.82 115.713 115.577 115.437 115.296 115.155 115.02 114.877 114.726 114.576 114.424 114.27 114.113 113.952 113.786 113.557 113.406 113.375 113.318
-9999 -9999 -9999 -9999 -9999 -9999 -9999 -9999 -9999 -9999 -9999 -9999 -9999 -9999 -9999 -9999 -9999 -9999 -9999 -9999 -9999 -9999 -9999 -9999 -9999 -9999 -9999 -9999 -9999 -9999 115.902 115.94 115.927 115.953 115.99 -9999 -9999 -9999 -9999 116.101 116.145 116.175 116.206 116.222 116.221 116.217 116.209 116.199 116.179 116.134 116.084 116.026 115.963 115.898 115.832 115.783 115.715 115.585 115.443 115.304 115.158 115.026 114.898 114.753 114.607 114.459 114.309 114.151 113.992 113.835 113.673 113.505 113.461 113.408
-9999 -9999 -9999 -9999 -9999 -9999 -9999 -9999 -9999 -9999 -9999 -9999 -9999 -9999 -9999 -9999 -9999 -9999 -9999 -9999 -9999 -9999 -9999 -9999 -9999 -9999 -9999 -9999 -9999 -9999 -9999 -9999 -9999 -9999 -9999 -9999 -9999 -9999 116.049 116.083 116.112 116.143 116.172 116.187 116.186 116.181 116.173 116.155 116.114 116.069 116.022 115.967 115.905 115.841 115.777 115.727 115.677 115.583 115.449 115.353 115.219 115.052 114.914 114.777 114.636 114.492 114.346 114.194 114.036 113.881 113.726 113.612 113.548 113.496
-9999 -9999 -9999 -9999 -9999 -9999 -9999 -9999 -9999 -9999 -9999 -9999 -9999 -9999 -9999 -9999 -9999 -9999 -9999 -9999 -9999 -9999 -9999 -9999 -9999 -9999 -9999 -9999 -9999 -9999 -9999 -9999 -9999 -9999 -9999 -9999 -9999 116.01 116.03 116.057 116.086 116.116 116.143 116.157 116.156 116.149 116.13 116.092 116.052 116.008 115.962 115.909 115.849 115.792 115.743 115.668 115.601 115.531 115.444 115.325 115.218 115.076 114.934 114.8 114.663 114.523 114.38 114.235 114.082 113.927 113.792 113.532 113.384 113.237
-9999 -9999 -9999 -9999 -9999 -9999 -9999 -9999 -9999 -9999 -9999 -9999 -9999 -9999 -9999 -9999 -9999 -9999 -9999 -9999 -9999 -9999 -9999 -9999 -9999 -9999 -9999 -9999 -9999 -9999 -9999 -9999 -9999 -9999 -9999 -9999 -9999 115.988 116.009 116.036 116.065 116.093 116.117 116.131 116.128 116.106 116.071 116.033 115.993 115.95 115.905 115.853 115.795 115.742 115.684 115.619 115.538 115.47 115.401 115.324 115.208 115.081 114.953 114.823 114.689 114.552 114.413 114.271 114.122 113.971 113.857 113.779 113.657 113.587
-9999 -9999 -9999 -9999 -9999 -9999 -9999 -9999 -9999 -9999 -9999 -9999 -9999 -9999 -9999 -9999 -9999 -9999 -9999 -9999 -9999 -9999 -9999 -9999 115.327 115.396 115.479 115.577 -9999 115.794 -9999 -9999 -9999 -9999 -9999 -9999 -9999 -9999 115.993 116.021 116.048 116.073 116.095 116.103 116.083 116.05 116.015 115.978 115.938 115.895 115.85 115.8 115.742 115.806 115.789 115.615 115.517 115.438 115.357 115.283 115.208 115.097 114.972 114.845 114.714 114.58 114.443 114.304 114.158 114.032 113.934 113.863 113.786 113.772
-9999 -9999 -9999 -9999 -9999 -9999 -9999 -9999 -9999 -9999 -9999 -9999 -9999 -9999 -9999 -9999 -9999 -9999 -9999 -9999 -9999 115.088 115.151 115.231 115.308 115.385 115.469 115.574 115.685 115.78 115.868 115.893 -9999 -9999 115.792 115.864 115.933 115.955 115.983 116.009 116.034 116.053 116.059 116.051 116.03 115.998 115.962 115.925 115.885 115.842 115.798 115.748 115.69 115.748 115.807 115.621 115.454 115.392 115.301 115.232 115.161 115.091 114.988 114.867 114.739 114.607 114.473 114.335 114.202 114.097 114.023 113.959 114.198 114.006
-9999 -9999 -9999 -9999 -9999 -9999 -9999 -9999 -9999 -9999 -9999 -9999 -9999 -9999 -9999 -9999 -9999 -9999 -9999 -9999 115.028 115.062 115.12 115.204 115.285 115.369 115.455 115.579 115.736 115.8 115.783 115.812 115.842 115.794 115.753 115.831 115.923 115.95 115.975 115.996 116.006 116.008 116.006 116.0 115.981 115.948 115.912 115.875 115.835 115.792 115.747 115.697 115.639 115.577 115.586 115.509 115.383 115.32 115.244 115.175 115.108 115.042 114.973 114.881 114.763 114.633 114.501 114.365 114.26 114.165 114.088 114.041 114.301 114.294
-9999 -9999 -9999 -9999 -9999 -9999 -9999 -9999 -9999 -9999 -9999 -9999 -9999 -9999 -9999 -9999 -9999 -9999 -9999 -9999 115.003 115.015 115.089 115.177 115.262 115.352 115.44 115.562 115.632 115.674 115.743 115.776 115.806 115.831 115.955 115.987 115.919 115.936 115.948 115.954 115.957 115.957 115.955 115.949 115.931 115.901 115.865 115.827 115.786 115.743 115.698 115.648 115.59 115.528 115.463 115.395 115.326 115.257 115.188 115.12 115.053 114.984 114.92 114.848 114.764 114.655 114.529 114.419 114.332 114.298 114.201 114.127 114.222 114.301
-9999 -9999 -9999 -9999 -9999 -9999 -9999 -9999 -9999 -9999 -9999 -9999 -9999 -9999 -9999 -9999 -9999 -9999 -9999 -9999 114.932 114.968 115.062 115.181 115.357 115.493 115.705 115.77 115.809 115.852 115.789 115.835 115.905 115.953 115.894 115.866 115.883 115.892 115.899 115.904 115.907 115.907 115.905 115.898 115.882 115.855 115.818 115.78 115.739 115.696 115.651 115.6 115.542 115.479 115.413 115.344 115.273 115.202 115.132 115.063 114.995 114.928 114.86 114.791 114.713 114.633 114.555 114.492 114.428 114.363 114.32 114.234 114.067 114.159
-9999 -9999 -9999 -9999 -9999 -9999 -9999 -9999 -9999 -9999 -9999 -9999 -9999 -9999 -9999 -9999 114.902 114.886 -9999 114.871 114.873 114.901 114.987 115.114 115.163 115.327 115.413 115.496 115.63 115.653 115.739 115.791 115.821 115.794 115.792 115.813 115.83 115.842 115.849 115.854 115.857 115.857 115.855 115.847 115.834 115.81 115.773 115.734 115.694 115.651 115.605 115.554 115.495 115.431 115.364 115.293 115.22 115.147 115.074 115.003 114.935 114.869 114.802 114.731 114.655 114.586 114.541 114.519 114.51 114.461 114.401 114.343 114.086 114.063
-9999 -9999 -9999 -9999 -9999 -9999 -9999 -9999 -9999 -9999 -9999 -9999 -9999 -9999 -9999 -9999 114.887 114.872 114.859 114.848 114.837 114.853 114.894 114.932 114.966 115.096 115.269 115.415 115.575 115.644 115.623 115.661 115.694 115.709 115.734 115.755 115.774 115.788 115.797 115.803 115.805 115.806 115.802 115.795 115.783 115.761 115.728 115.689 115.648 115.605 115.56 115.509 115.449 115.385 115.316 115.243 115.168 115.091 115.014 114.94 114.872 114.807 114.741 114.67 114.603 114.56 114.534 114.52 114.507 114.495 114.461 114.426 114.391 114.229
-9999 -9999 -9999 -9999 -9999 -9999 -9999 -9999 -9999 -9999 -9999 -9999 -9999 -9999 -9999 114.84 114.874 114.862 114.849 114.838 114.829 114.821 114.839 114.852 114.981 115.126 115.2 115.328 115.394 115.45 115.54 115.579 115.615 115.645 115.672 115.695 115.715 115.731 115.742 115.749 115.751 115.751 115.748 115.74 115.729 115.711 115.683 115.644 115.603 115.56 115.515 115.464 115.404 115.339 115.27 115.195 115.118 115.038 114.955 114.875 114.807 114.745 114.678 114.617 114.577 114.551 114.538 114.524 114.509 114.494 114.473 114.447 114.424 114.407
-9999 -9999 -9999 -9999 -9999 -9999 -9999 -9999 -9999 -9999 -9999 -9999 -9999 -9999 -9999 -9999 114.861 114.849 114.838 114.828 114.818 114.81 114.803 114.84 114.892 114.977 115.097 115.286 115.655 115.759 115.817 115.766 115.544 115.577 115.606 115.63 115.651 115.669 115.682 115.691 115.695 115.694 115.691 115.683 115.672 115.658 115.633 115.598 115.557 115.515 115.47 115.419 115.359 115.295 115.225 115.149 115.069 114.987 114.903 114.821 -9999 114.683 114.63 114.594 114.57 114.556 114.542 114.528 114.513 114.498 114.479 114.454 114.432 114.417
-9999 -9999 -9999 -9999 -9999 -9999 -9999 -9999 -9999 -9999 -9999 -9999 -9999 -9999 -9999 114.814 114.846 114.835 114.825 114.817 114.812 114.808 114.805 114.808 114.846 114.91 114.996 115.202 115.152 115.289 115.485 115.398 115.468 115.504 115.535 115.561 115.584 115.602 115.617 115.628 115.634 115.634 115.631 115.623 115.613 115.599 115.579 115.549 115.509 115.467 115.423 115.372 115.314 115.252 115.18 115.102 115.02 114.937 114.854 114.772 114.695 -9999 114.613 -9999 114.576 -9999 114.548 -9999 114.518 114.502 114.485 114.461 114.439 114.425
-9999 -9999 -9999 -9999 -9999 -9999 -9999 -9999 -9999 -9999 -9999 -9999 -9999 -9999 -9999 114.833 114.865 114.853 114.844 114.837 114.832 114.829 114.828 114.833 114.854 114.893 114.951 114.933 115.036 115.283 115.573 115.582 115.472 115.489 115.457 115.486 115.51 115.53 115.546 115.559 115.566 115.569 115.566 115.56 115.55 115.536 115.52 115.493 115.458 115.416 115.372 115.32 115.264 115.209 115.139 115.054 114.968 114.884 114.801 114.726 114.675 -9999 -9999 114.6 114.584 -9999 -9999 114.538 114.522 114.506 -9999 -9999 -9999 -9999
-9999 -9999 -9999 -9999 -9999 -9999 -9999 -9999 -9999 -9999 -9999 -9999 -9999 -9999 114.746 114.915 114.9 114.887 114.877 114.868 114.862 114.857 114.855 114.859 114.879 114.91 114.941 114.992 115.047 115.278 115.494 115.412 115.317 115.327 115.37 115.403 115.429 115.451 115.469 115.483 115.492 115.496 115.496 115.491 115.481 115.469 115.453 115.431 115.401 115.361 115.315 115.261 115.204 115.145 115.073 114.992 114.908 114.823 -9999 -9999 -9999 114.65 -9999 -9999 -9999 -9999 -9999 -9999 114.533 -9999 -9999 -9999 -9999 -9999
