Validation/Results/ReClimate_06_2024_1_Precipitation-Actualsweatherlogisticsltd.asc
NCOLS 192
NROWS 249
XLLCENTER -225160.85627316462
YLLCENTER 29788.11610251502
CELLSIZE 5000.0
NODATA_VALUE -9999
[rows 165 to 197 of 249, columns 74 to 147 of 192]
-9999 -9999 -9999 -9999 -9999 -9999 -9999 -9999 -9999 -9999 -9999 -9999 -9999 -9999 -9999 -9999 -9999 -9999 -9999 -9999 -9999 -9999 -9999 -9999 -9999 -9999 -9999 -9999 -9999 -9999 -9999 -9999 -9999 -9999 -9999 -9999 -9999 -9999 89.139 99.911 86.798 92.262 103.046 115.058 134.625 138.984 136.144 134.457 132.488 128.98 126.368 129.573 118.736 95.848 81.094 80.992 75.399 71.508 71.588 72.399 69.396 64.888 68.729 70.052 71.258 73.069 75.393 75.919 76.007 77.086 72.595 73.391 74.035 70.772
-9999 -9999 -9999 -9999 -9999 -9999 -9999 -9999 -9999 -9999 -9999 -9999 -9999 -9999 -9999 -9999 -9999 -9999 -9999 -9999 -9999 -9999 -9999 -9999 -9999 -9999 -9999 -9999 -9999 -9999 -9999 -9999 -9999 -9999 -9999 -9999 -9999 -9999 99.207 104.129 93.357 96.426 110.995 117.23 125.712 128.246 122.724 122.221 123.934 119.439 133.772 128.382 122.243 103.171 88.931 79.37 72.743 73.121 73.101 73.9 73.977 70.215 67.686 70.625 71.718 73.275 79.12 77.996 74.001 74.754 73.844 66.219 69.763 72.49
-9999 -9999 -9999 -9999 -9999 -9999 -9999 -9999 -9999 -9999 -9999 -9999 -9999 -9999 -9999 -9999 -9999 -9999 -9999 -9999 -9999 -9999 -9999 -9999 -9999 -9999 -9999 -9999 -9999 -9999 -9999 -9999 -9999 -9999 -9999 -9999 -9999 88.438 94.35 93.061 95.497 101.408 100.673 106.843 118.542 114.673 109.485 110.721 109.702 115.651 123.182 135.423 131.591 114.192 97.115 92.474 79.546 74.428 73.844 72.23 74.724 73.051 70.967 70.573 64.446 68.852 75.432 82.894 78.057 73.248 75.881 79.053 75.053 74.511
-9999 -9999 -9999 -9999 -9999 -9999 -9999 -9999 -9999 -9999 -9999 -9999 -9999 -9999 -9999 -9999 -9999 -9999 -9999 -9999 -9999 -9999 -9999 -9999 -9999 -9999 -9999 -9999 -9999 -9999 -9999 -9999 -9999 -9999 -9999 -9999 -9999 84.48 87.621 94.477 95.975 97.679 102.41 104.058 105.948 100.459 103.042 105.479 103.975 109.786 119.083 129.146 145.151 139.053 112.052 92.617 85.411 76.98 78.71 71.372 70.067 72.517 70.383 69.621 69.155 65.48 72.259 74.259 77.555 75.525 74.513 77.296 77.573 79.411
-9999 -9999 -9999 -9999 -9999 -9999 -9999 -9999 -9999 -9999 -9999 -9999 -9999 -9999 -9999 -9999 -9999 -9999 -9999 -9999 -9999 -9999 -9999 -9999 -9999 -9999 -9999 -9999 -9999 -9999 -9999 -9999 -9999 -9999 -9999 -9999 -9999 -9999 89.935 95.65 94.443 97.129 95.115 100.311 92.935 92.856 95.766 96.215 97.489 100.419 107.338 123.182 134.52 148.013 144.459 123.688 96.9 82.385 79.915 81.628 73.859 73.119 72.307 69.782 69.964 70.728 73.193 76.557 77.093 77.872 76.688 75.853 77.315 75.431
-9999 -9999 -9999 -9999 -9999 -9999 -9999 -9999 -9999 -9999 -9999 -9999 -9999 -9999 -9999 -9999 -9999 -9999 93.559 92.695 -9999 -9999 -9999 -9999 -9999 -9999 -9999 -9999 -9999 -9999 -9999 -9999 -9999 -9999 -9999 -9999 -9999 83.795 87.707 90.318 98.506 95.606 95.37 89.416 89.061 88.031 89.155 92.557 94.644 99.622 112.156 125.23 129.487 138.707 129.872 119.114 110.438 84.274 77.042 77.43 80.865 79.157 73.743 72.45 72.403 72.497 77.185 78.12 74.739 73.616 75.765 74.884 75.766 77.563
-9999 -9999 -9999 -9999 -9999 -9999 -9999 -9999 -9999 -9999 -9999 -9999 -9999 -9999 -9999 -9999 -9999 -9999 98.192 99.49 92.56 -9999 -9999 -9999 -9999 -9999 -9999 -9999 -9999 -9999 -9999 -9999 -9999 -9999 -9999 -9999 78.174 82.72 84.323 99.494 100.062 91.493 87.487 84.895 88.134 85.551 87.532 88.668 88.949 99.797 108.562 119.658 134.513 143.172 134.943 108.417 98.31 90.229 73.913 73.656 76.536 82.339 77.222 71.201 79.988 76.241 74.375 74.008 73.83 72.43 74.958 75.683 75.582 77.557
-9999 -9999 -9999 -9999 -9999 -9999 -9999 -9999 -9999 -9999 -9999 -9999 -9999 -9999 -9999 -9999 -9999 92.162 96.85 104.117 100.765 96.475 -9999 -9999 -9999 -9999 -9999 -9999 -9999 -9999 -9999 -9999 -9999 86.117 -9999 -9999 78.567 83.663 89.653 91.01 89.142 -9999 87.728 92.02 88.071 85.303 86.458 84.881 91.605 94.927 102.515 115.352 116.188 133.424 114.758 99.212 99.138 83.138 79.25 76.132 75.25 78.985 78.075 73.248 72.078 76.531 73.498 78.472 79.045 75.818 76.38 78.66 75.979 77.291
-9999 -9999 -9999 -9999 -9999 -9999 -9999 -9999 -9999 -9999 -9999 -9999 -9999 -9999 -9999 -9999 -9999 86.392 97.254 106.202 106.42 104.835 100.56 102.141 -9999 -9999 -9999 97.392 85.439 -9999 80.304 78.182 81.726 90.124 85.478 -9999 -9999 79.031 81.517 -9999 -9999 79.122 82.364 84.374 83.673 85.531 85.229 90.574 92.204 96.817 107.427 125.145 117.159 114.987 107.954 98.434 100.354 90.749 72.354 73.984 76.406 82.988 78.407 74.472 68.356 71.144 75.384 74.948 76.802 77.957 76.262 78.216 75.441 75.907
-9999 -9999 -9999 -9999 -9999 -9999 -9999 -9999 -9999 -9999 -9999 -9999 -9999 -9999 -9999 -9999 -9999 -9999 96.93 109.238 112.825 111.981 109.23 -9999 -9999 143.592 139.079 98.82 100.609 97.236 92.033 82.368 85.055 82.614 91.282 86.14 -9999 74.301 75.809 79.108 77.343 77.22 79.026 84.571 86.978 84.353 83.569 88.396 94.789 99.325 110.467 134.128 127.653 109.127 100.463 94.765 96.465 86.568 73.694 69.729 74.502 78.316 77.453 73.876 72.506 70.452 73.531 75.066 74.529 78.813 80.099 77.909 75.379 73.672
-9999 -9999 -9999 -9999 -9999 -9999 -9999 -9999 -9999 -9999 -9999 -9999 -9999 -9999 -9999 -9999 -9999 -9999 98.661 109.254 115.623 138.737 123.986 139.819 157.744 188.156 126.386 93.609 103.492 101.364 99.325 89.907 79.413 87.836 107.135 97.056 85.206 76.496 77.505 76.892 77.625 78.473 90.696 105.7 87.673 91.133 83.826 87.023 91.912 98.998 119.82 127.685 127.2 111.855 105.51 93.498 89.391 85.724 78.983 71.019 74.933 75.52 71.061 75.284 75.445 74.823 76.076 73.235 75.289 76.162 80.691 79.725 75.918 73.894
-9999 -9999 -9999 -9999 -9999 -9999 -9999 -9999 -9999 -9999 -9999 -9999 -9999 -9999 -9999 -9999 -9999 -9999 -9999 113.27 127.727 127.5 164.072 183.899 242.85 207.664 145.911 125.59 124.995 120.671 107.418 84.625 92.801 95.229 94.638 102.956 82.306 75.498 80.229 79.265 85.362 79.747 91.54 82.013 85.431 78.94 80.823 84.988 88.907 99.244 112.186 121.471 116.75 104.28 101.935 96.883 103.869 97.197 81.954 75.167 80.78 81.852 74.386 72.552 74.121 74.269 76.555 74.509 75.661 78.583 79.362 78.941 73.066 70.28
-9999 -9999 -9999 -9999 -9999 -9999 -9999 -9999 -9999 -9999 -9999 -9999 -9999 -9999 -9999 -9999 -9999 -9999 -9999 -9999 -9999 150.571 191.076 260.162 300.278 233.924 154.186 130.135 126.555 143.154 118.025 110.791 97.563 88.822 92.574 100.877 93.402 85.812 76.379 82.039 75.273 79.835 80.693 79.372 78.27 78.018 83.436 83.361 85.871 98.183 109.877 112.698 110.707 102.816 101.349 105.947 88.541 93.427 82.265 74.11 77.009 82.971 77.66 75.273 72.963 71.84 77.781 75.894 75.096 75.337 76.048 75.939 71.932 68.14
-9999 -9999 -9999 -9999 -9999 -9999 -9999 -9999 -9999 -9999 -9999 -9999 -9999 -9999 -9999 -9999 -9999 -9999 -9999 -9999 143.669 187.068 236.03 303.419 336.005 246.066 178.144 160.862 143.517 143.553 137.201 109.954 112.69 91.203 98.337 110.304 99.076 84.061 77.634 77.457 83.233 86.696 81.436 81.514 85.876 83.229 82.747 82.405 91.297 99.363 101.974 103.305 112.918 103.55 99.493 97.111 94.84 87.088 80.918 81.422 80.9 82.769 83.146 78.964 76.719 71.428 74.594 75.534 72.281 72.304 74.637 73.672 71.699 69.301
-9999 -9999 -9999 -9999 -9999 -9999 -9999 -9999 -9999 -9999 -9999 -9999 -9999 -9999 -9999 -9999 -9999 -9999 -9999 133.887 203.454 211.702 256.406 294.365 272.169 278.805 242.984 191.273 167.917 159.912 129.346 120.573 101.918 103.629 114.363 115.792 100.167 84.81 75.402 78.534 87.926 86.334 79.591 82.619 84.067 84.406 83.328 89.524 93.742 98.345 96.003 98.805 106.533 114.354 96.793 91.223 87.478 86.257 84.704 78.384 84.488 82.804 82.082 82.041 78.488 74.417 72.504 76.348 75.356 72.503 73.009 72.056 69.109 71.273
-9999 -9999 -9999 -9999 -9999 -9999 -9999 -9999 -9999 -9999 -9999 -9999 -9999 -9999 -9999 -9999 -9999 -9999 117.397 159.953 160.372 188.643 215.456 216.951 237.111 246.623 229.263 207.456 180.173 155.714 141.205 119.9 101.991 109.611 112.356 90.365 85.842 79.438 80.209 80.207 76.214 79.543 74.343 83.451 88.517 90.164 95.26 89.615 92.642 92.239 97.488 97.421 90.433 97.461 95.141 86.776 84.333 85.565 86.053 82.474 78.4 81.178 80.806 80.498 80.215 77.227 73.383 79.861 79.032 75.541 73.775 73.626 69.281 71.9
-9999 -9999 -9999 -9999 -9999 -9999 -9999 -9999 -9999 -9999 -9999 -9999 -9999 -9999 -9999 -9999 111.619 108.818 114.862 127.427 139.142 159.392 163.344 158.746 184.73 196.883 209.725 202.367 189.267 139.601 120.739 108.899 107.506 130.739 120.383 101.138 86.027 88.375 85.26 76.471 78.275 80.097 82.523 84.553 85.369 89.779 89.595 90.53 85.84 91.339 98.466 90.939 90.333 89.507 85.138 88.266 90.668 86.318 83.022 82.603 81.889 77.026 76.712 77.24 77.146 76.837 75.184 79.064 80.148 76.062 74.816 76.988 73.723 71.812
-9999 -9999 -9999 -9999 -9999 -9999 -9999 -9999 -9999 -9999 -9999 -9999 -9999 -9999 -9999 116.042 112.541 104.602 111.499 -9999 -9999 -9999 -9999 167.757 206.34 224.513 208.099 201.532 163.164 140.828 146.904 132.611 135.443 162.776 134.304 102.466 100.603 96.158 82.554 84.184 85.703 83.44 83.08 83.071 82.023 83.018 83.137 88.033 85.038 89.425 89.185 84.01 81.757 83.443 76.934 76.097 82.24 83.893 76.246 75.386 77.486 77.165 74.55 74.006 75.283 75.995 78.694 81.858 80.84 74.718 76.359 77.242 77.193 78.618
-9999 -9999 -9999 -9999 -9999 -9999 -9999 -9999 -9999 -9999 -9999 -9999 -9999 -9999 -9999 115.506 117.859 104.066 -9999 -9999 -9999 -9999 -9999 179.856 215.165 234.267 207.086 197.505 186.318 179.521 176.621 150.09 144.7 147.385 105.632 101.866 102.158 90.809 90.715 86.576 82.842 85.576 82.438 83.51 82.725 82.397 78.872 79.438 83.853 82.0 82.533 79.999 80.193 81.321 80.187 75.454 73.945 76.052 77.575 76.588 75.393 78.503 80.563 79.224 77.217 77.977 81.306 85.383 83.18 77.034 74.446 74.376 74.332 75.957
-9999 -9999 -9999 -9999 -9999 -9999 -9999 -9999 -9999 -9999 -9999 -9999 -9999 -9999 -9999 -9999 -9999 101.791 -9999 -9999 -9999 -9999 -9999 199.808 216.882 204.823 187.839 200.066 202.953 220.164 191.476 137.235 147.052 125.93 116.542 107.808 97.328 89.567 87.004 92.277 102.169 88.717 83.064 78.892 83.1 76.394 78.178 83.825 80.984 80.386 82.245 79.002 74.916 74.494 78.289 77.606 76.496 79.956 79.535 77.108 75.083 74.143 77.809 78.514 80.297 79.066 77.583 79.548 79.864 73.712 74.076 79.364 75.757 75.406
-9999 -9999 -9999 -9999 -9999 -9999 -9999 -9999 -9999 -9999 -9999 -9999 -9999 -9999 -9999 -9999 -9999 -9999 -9999 -9999 -9999 -9999 -9999 188.355 210.909 167.789 188.458 210.067 239.008 231.603 186.979 160.404 130.666 119.394 114.466 92.977 90.875 85.418 87.143 100.605 93.648 87.93 80.929 78.371 76.765 77.91 80.797 79.11 80.113 81.982 79.42 83.272 73.421 67.683 71.915 76.933 75.62 78.862 82.921 80.079 80.455 81.018 76.97 75.95 76.273 75.461 73.994 74.123 75.689 77.211 73.059 74.999 74.445 76.917
-9999 -9999 -9999 -9999 -9999 -9999 -9999 -9999 -9999 -9999 -9999 -9999 -9999 -9999 -9999 -9999 -9999 -9999 -9999 -9999 -9999 -9999 -9999 -9999 177.941 226.597 247.623 239.446 227.469 201.98 183.576 141.935 108.918 95.292 92.35 99.564 85.495 86.475 94.013 90.511 89.59 80.587 77.692 78.236 79.564 80.501 81.477 79.591 81.927 78.738 85.337 91.381 77.996 77.637 72.658 72.946 74.702 77.422 81.763 82.314 86.99 87.769 78.776 73.327 75.764 77.192 77.434 79.129 76.783 76.271 74.456 73.061 72.758 75.943
-9999 -9999 -9999 -9999 -9999 -9999 -9999 -9999 -9999 -9999 -9999 -9999 -9999 -9999 -9999 -9999 -9999 -9999 -9999 -9999 -9999 -9999 -9999 168.39 199.083 234.413 251.489 224.91 198.282 195.127 166.013 137.912 114.27 92.584 99.9 100.503 94.904 105.293 87.538 84.761 85.253 84.467 79.449 82.644 87.06 86.459 80.181 79.265 81.415 80.511 83.241 85.339 79.006 71.069 74.021 70.429 72.343 73.246 78.717 80.204 80.462 82.974 75.839 73.56 77.513 78.387 80.411 87.187 80.865 75.068 73.815 74.685 73.804 75.596
-9999 -9999 -9999 -9999 -9999 -9999 -9999 -9999 -9999 -9999 -9999 -9999 -9999 -9999 -9999 -9999 -9999 -9999 -9999 -9999 -9999 -9999 -9999 150.526 182.62 231.19 203.568 180.818 178.532 172.651 166.474 151.283 114.708 98.96 101.52 93.839 89.462 90.508 85.763 79.283 90.204 81.184 79.36 81.696 83.612 85.379 78.637 78.528 84.664 84.435 82.492 77.135 76.626 75.727 70.99 68.91 70.274 72.233 74.523 77.615 80.126 81.523 76.331 78.188 79.795 83.595 82.18 82.116 84.917 76.965 74.933 70.153 69.73 70.593
-9999 -9999 -9999 -9999 -9999 -9999 -9999 -9999 -9999 -9999 -9999 -9999 -9999 -9999 -9999 -9999 -9999 -9999 -9999 -9999 -9999 -9999 -9999 134.73 175.418 170.654 184.042 161.38 157.379 165.252 165.409 135.709 124.145 108.392 95.238 85.474 89.373 91.614 93.177 105.722 101.43 86.645 85.876 80.887 82.246 79.197 75.763 82.247 84.434 85.131 84.341 79.763 78.14 79.86 77.492 70.755 72.788 73.732 71.826 73.998 72.704 74.175 75.225 74.489 80.849 80.764 83.157 79.265 75.045 73.681 73.471 71.688 70.137 69.889
-9999 -9999 -9999 -9999 -9999 -9999 -9999 -9999 -9999 -9999 -9999 -9999 -9999 -9999 -9999 -9999 -9999 -9999 -9999 -9999 -9999 -9999 -9999 -9999 115.563 180.726 196.118 195.706 187.31 158.617 136.477 115.292 98.57 89.816 89.304 91.943 95.354 83.803 95.651 102.22 101.296 91.102 84.198 79.959 83.665 80.116 76.403 79.833 81.871 84.568 87.535 79.088 75.274 76.291 74.124 71.053 73.892 77.983 72.937 70.325 71.828 70.902 73.507 77.395 76.334 76.894 75.654 75.617 71.986 70.055 71.496 69.416 68.396 70.108
-9999 -9999 -9999 -9999 -9999 -9999 -9999 -9999 -9999 -9999 -9999 -9999 -9999 -9999 -9999 -9999 -9999 -9999 -9999 -9999 -9999 -9999 -9999 -9999 156.242 200.097 221.119 239.667 217.783 167.755 131.018 105.155 97.123 98.412 101.261 109.54 97.874 88.75 83.275 93.55 95.109 91.293 91.606 96.586 87.593 85.993 80.615 84.702 82.61 85.363 83.376 82.061 76.909 73.853 75.659 66.414 71.316 78.848 76.652 73.972 76.692 77.039 77.261 78.282 76.79 74.258 77.563 76.153 75.843 69.299 69.851 67.263 63.271 65.604
-9999 -9999 -9999 -9999 -9999 -9999 -9999 -9999 -9999 -9999 -9999 -9999 -9999 -9999 -9999 -9999 -9999 -9999 -9999 -9999 -9999 -9999 -9999 104.907 154.188 198.084 230.76 240.603 214.211 166.64 128.339 131.302 138.61 122.469 116.954 105.732 86.777 79.697 85.913 93.233 89.989 92.882 98.058 90.644 92.816 81.859 81.769 86.977 82.888 84.914 85.594 77.074 80.515 76.432 74.274 74.281 70.954 77.516 89.616 84.443 84.148 78.547 77.257 79.393 80.967 76.645 76.188 74.144 72.392 71.632 67.0 65.349 65.189 68.694
-9999 -9999 -9999 -9999 -9999 -9999 -9999 -9999 -9999 -9999 -9999 -9999 -9999 -9999 -9999 -9999 -9999 -9999 -9999 -9999 -9999 -9999 -9999 135.289 159.948 184.629 201.869 223.296 214.379 168.941 138.922 129.163 123.547 131.724 126.608 113.046 93.234 96.186 91.128 83.965 92.316 87.807 91.533 92.287 92.882 77.459 82.696 83.72 80.098 84.462 87.949 90.177 83.248 80.01 77.552 74.618 71.035 72.479 70.537 78.954 69.589 76.983 74.691 79.105 80.236 78.735 74.858 70.283 66.576 68.097 68.357 65.67 63.02 65.515
-9999 -9999 -9999 -9999 -9999 -9999 -9999 -9999 -9999 -9999 -9999 -9999 -9999 -9999 -9999 -9999 -9999 -9999 -9999 -9999 -9999 -9999 -9999 144.196 149.719 154.664 189.869 213.191 203.645 165.93 128.802 111.182 125.248 127.234 120.353 111.623 111.351 98.922 81.185 88.407 86.69 97.731 84.813 89.384 83.562 81.65 85.727 79.655 77.964 83.724 85.84 81.683 80.652 79.229 76.791 76.511 72.894 69.905 68.353 68.421 71.867 65.569 72.224 74.736 79.379 76.073 69.857 70.758 67.765 66.51 64.09 63.707 63.024 60.924
-9999 -9999 -9999 -9999 -9999 -9999 -9999 -9999 -9999 -9999 -9999 -9999 -9999 -9999 -9999 -9999 -9999 -9999 -9999 -9999 -9999 -9999 133.775 146.356 151.455 157.568 171.983 201.896 183.877 156.311 116.747 106.008 109.095 115.552 116.519 118.25 104.07 94.366 91.841 86.094 91.938 86.659 80.699 84.031 83.816 86.924 82.481 77.914 77.257 76.411 77.843 81.179 80.557 80.487 78.964 76.595 76.626 72.956 70.181 66.814 68.101 70.15 71.086 74.656 73.618 72.622 68.213 67.043 65.872 60.655 59.494 59.696 60.666 60.854
-9999 -9999 -9999 -9999 -9999 -9999 -9999 -9999 -9999 -9999 -9999 -9999 -9999 -9999 -9999 -9999 -9999 -9999 -9999 -9999 -9999 139.482 142.509 149.316 139.366 139.738 180.14 196.87 188.203 161.366 128.182 109.181 121.475 118.058 117.916 122.129 98.851 91.221 84.348 83.134 83.574 82.866 83.053 89.959 88.076 92.074 88.303 80.23 74.01 71.587 77.749 82.059 79.949 79.879 81.097 79.325 80.399 77.411 71.46 67.719 67.787 68.447 72.828 72.331 70.149 67.583 62.143 62.289 63.27 61.041 63.673 63.179 60.839 60.305
-9999 -9999 -9999 -9999 -9999 -9999 -9999 -9999 -9999 -9999 -9999 -9999 -9999 -9999 -9999 -9999 -9999 -9999 -9999 144.387 143.55 141.2 130.625 134.018 137.749 151.903 183.603 192.611 197.566 168.463 132.186 116.498 102.495 114.396 116.246 112.799 92.81 84.064 84.862 79.338 81.858 78.373 86.694 87.459 84.161 87.468 80.979 76.693 75.505 76.556 81.843 80.342 83.116 80.738 83.612 77.989 73.147 74.9 74.045 70.964 71.651 72.921 68.606 68.239 64.441 63.831 61.739 61.075 60.727 60.82 60.177 64.38 62.096 59.676
