Validation/Results/ReClimate_09_2024_1_Temperature.asc
NCOLS 192
NROWS 249
XLLCENTER -225160.85627316462
YLLCENTER 29788.11610251502
CELLSIZE 5000.0
NODATA_VALUE -9999
[rows 102 to 135 of 249, columns 75 to 149 of 192]
-0.604 -0.599 -0.596 -0.594 -0.59 -0.594 -9999 -9999 -0.575 -9999 -9999 -0.572 -0.572 -0.572 -0.572 -0.571 -0.575 -0.58 -0.577 -0.573 -0.562 -0.549 -0.548 -0.547 -0.557 -0.569 -0.559 -0.547 -0.555 -0.564 -0.557 -0.548 -0.554 -0.562 -0.559 -0.554 -0.556 -0.558 -0.56 -0.563 -0.563 -0.563 -9999 -9999 -9999 -9999 -9999 -9999 -9999 -9999 -9999 -9999 -9999 -9999 -9999 -9999 -9999 -9999 -9999 -9999 -9999 -9999 -9999 -9999 -9999 -9999 -9999 -9999 -9999 -9999 -9999 -9999 -9999 -9999 -9999
-0.606 -0.602 -0.599 -0.597 -9999 -9999 -9999 -0.578 -0.572 -0.574 -0.574 -0.575 -0.575 -0.574 -0.57 -0.56 -0.563 -0.567 -0.563 -0.556 -0.548 -0.545 -0.547 -0.553 -0.562 -0.568 -0.563 -0.563 -0.567 -0.56 -0.557 -0.56 -0.566 -0.571 -0.567 -0.558 -0.558 -9999 -9999 -0.557 -9999 -9999 -9999 -9999 -9999 -9999 -9999 -9999 -9999 -9999 -9999 -9999 -9999 -9999 -9999 -9999 -9999 -9999 -9999 -9999 -9999 -9999 -9999 -9999 -9999 -9999 -9999 -9999 -9999 -9999 -9999 -9999 -9999 -9999 -9999
-0.605 -0.6 -9999 -0.597 -9999 -9999 -9999 -0.574 -0.573 -0.573 -0.574 -0.575 -0.574 -0.573 -0.564 -0.554 -0.556 -0.56 -0.554 -0.547 -0.544 -0.541 -0.546 -0.553 -0.559 -0.565 -0.567 -0.567 -0.563 -0.557 -0.559 -0.562 -0.567 -0.573 -0.566 -0.557 -9999 -0.551 -0.553 -0.555 -0.558 -9999 -9999 -9999 -9999 -9999 -9999 -9999 -9999 -9999 -9999 -9999 -9999 -9999 -9999 -9999 -9999 -9999 -9999 -9999 -9999 -9999 -9999 -9999 -9999 -9999 -9999 -9999 -9999 -9999 -9999 -9999 -9999 -9999 -9999
-0.597 -9999 -9999 -9999 -9999 -0.593 -0.593 -0.589 -0.586 -0.577 -0.577 -0.578 -0.574 -0.565 -0.559 -0.558 -0.557 -0.549 -0.547 -0.551 -0.548 -0.544 -0.543 -0.532 -0.538 -0.549 -0.554 -0.567 -0.56 -0.548 -0.554 -0.566 -0.566 -0.559 -9999 -0.554 -0.561 -0.584 -0.577 -0.547 -0.556 -9999 -9999 -9999 -9999 -9999 -9999 -9999 -9999 -9999 -9999 -9999 -9999 -9999 -9999 -9999 -9999 -9999 -9999 -9999 -9999 -9999 -9999 -9999 -9999 -9999 -9999 -9999 -9999 -9999 -9999 -9999 -9999 -9999 -9999
-9999 -9999 -9999 -9999 -9999 -0.598 -0.594 -0.594 -0.586 -0.577 -0.577 -0.577 -0.57 -0.561 -0.559 -0.557 -0.55 -0.542 -0.546 -0.55 -0.546 -0.543 -0.533 -0.522 -0.53 -0.54 -0.552 -0.564 -0.555 -0.543 -0.553 -0.565 -0.559 -0.552 -0.552 -0.551 -0.571 -0.594 -0.571 -0.543 -0.55 -0.558 -9999 -9999 -9999 -9999 -9999 -9999 -9999 -9999 -9999 -9999 -9999 -9999 -9999 -9999 -9999 -9999 -9999 -9999 -9999 -9999 -9999 -9999 -9999 -9999 -9999 -9999 -9999 -9999 -9999 -9999 -9999 -9999 -9999
-9999 -9999 -9999 -9999 -0.595 -9999 -9999 -0.598 -0.587 -0.568 -0.566 -0.562 -9999 -9999 -0.559 -0.55 -0.546 -0.546 -0.545 -0.54 -0.535 -0.53 -0.519 -0.507 -0.516 -0.531 -0.537 -0.536 -0.53 -0.529 -0.539 -0.553 -0.547 -0.538 -0.543 -0.561 -0.57 -0.566 -0.554 -0.56 -0.57 -0.585 -0.598 -9999 -9999 -9999 -9999 -9999 -9999 -9999 -9999 -9999 -9999 -9999 -9999 -9999 -9999 -9999 -9999 -9999 -9999 -9999 -9999 -9999 -9999 -9999 -9999 -9999 -9999 -9999 -9999 -9999 -9999 -9999 -9999
-9999 -9999 -9999 -9999 -0.594 -9999 -0.598 -0.598 -0.581 -0.563 -0.559 -0.555 -0.558 -0.562 -0.554 -0.545 -0.545 -0.544 -0.539 -0.534 -0.529 -0.524 -0.513 -0.5 -0.512 -0.526 -0.525 -0.524 -0.523 -0.522 -0.533 -0.547 -0.54 -0.531 -0.545 -0.562 -0.558 -0.552 -0.558 -0.564 -0.578 -0.593 -9999 -9999 -9999 -9999 -9999 -9999 -9999 -9999 -9999 -9999 -9999 -9999 -9999 -9999 -9999 -9999 -9999 -9999 -9999 -9999 -9999 -9999 -9999 -9999 -9999 -9999 -9999 -9999 -9999 -9999 -9999 -9999 -9999
-9999 -9999 -9999 -9999 -0.594 -9999 -0.617 -0.638 -0.613 -0.562 -0.559 -9999 -0.562 -0.559 -9999 -0.576 -0.575 -0.571 -0.569 -0.569 -0.57 -0.572 -0.555 -0.518 -0.523 -0.514 -0.51 -0.501 -0.503 -0.512 -0.523 -0.536 -0.535 -0.544 -0.56 -0.58 -0.581 -0.587 -9999 -9999 -9999 -9999 -9999 -9999 -9999 -9999 -9999 -9999 -9999 -9999 -9999 -9999 -9999 -9999 -9999 -9999 -9999 -9999 -9999 -9999 -9999 -9999 -9999 -9999 -9999 -9999 -9999 -9999 -9999 -9999 -9999 -9999 -9999 -9999 -9999
-9999 -9999 -0.593 -0.593 -9999 -9999 -0.641 -0.651 -0.609 -0.56 -0.56 -0.561 -0.559 -0.556 -9999 -0.584 -0.582 -0.578 -0.578 -0.58 -0.584 -0.588 -0.559 -0.524 -0.517 -0.509 -0.501 -0.491 -0.499 -0.508 -0.518 -0.531 -0.539 -0.547 -0.564 -0.584 -0.59 -9999 -9999 -9999 -9999 -9999 -9999 -9999 -9999 -9999 -9999 -9999 -9999 -9999 -9999 -9999 -9999 -9999 -9999 -9999 -9999 -9999 -9999 -9999 -9999 -9999 -9999 -9999 -9999 -9999 -9999 -9999 -9999 -9999 -9999 -9999 -9999 -9999 -9999
-9999 -0.585 -0.588 -0.594 -9999 -0.619 -0.627 -0.605 -0.576 -9999 -0.563 -0.55 -0.551 -0.56 -9999 -0.593 -0.59 -0.586 -0.587 -0.593 -0.581 -0.54 -0.523 -0.527 -0.522 -0.516 -0.512 -0.511 -9999 -0.518 -0.534 -0.561 -0.569 -0.573 -0.583 -0.579 -9999 -9999 -9999 -9999 -9999 -9999 -9999 -9999 -9999 -9999 -9999 -9999 -9999 -9999 -9999 -9999 -9999 -9999 -9999 -9999 -9999 -9999 -9999 -9999 -9999 -9999 -9999 -9999 -9999 -9999 -9999 -9999 -9999 -9999 -9999 -9999 -9999 -9999 -9999
-9999 -0.58 -0.585 -9999 -9999 -0.61 -0.596 -0.583 -9999 -0.569 -0.557 -0.543 -0.55 -0.559 -9999 -0.592 -0.589 -0.585 -0.589 -0.595 -0.56 -0.519 -0.523 -0.527 -0.523 -0.518 -0.518 -0.517 -0.519 -0.521 -9999 -9999 -0.575 -0.58 -9999 -9999 -9999 -9999 -9999 -9999 -0.572 -0.581 -0.586 -9999 -9999 -9999 -9999 -9999 -9999 -9999 -9999 -9999 -9999 -9999 -9999 -9999 -9999 -9999 -9999 -9999 -9999 -9999 -9999 -9999 -9999 -9999 -9999 -9999 -9999 -9999 -9999 -9999 -9999 -9999 -9999
-0.576 -0.581 -9999 -9999 -0.585 -0.588 -0.58 -0.575 -9999 -0.569 -0.556 -0.541 -0.546 -0.548 -9999 -9999 -9999 -0.558 -0.56 -0.56 -0.532 -0.513 -0.515 -0.519 -0.525 -0.55 -0.545 -0.523 -0.525 -0.525 -0.542 -0.555 -0.56 -0.568 -9999 -9999 -9999 -9999 -9999 -0.557 -0.568 -0.572 -0.582 -0.596 -9999 -9999 -9999 -9999 -9999 -9999 -9999 -9999 -9999 -9999 -9999 -9999 -9999 -9999 -9999 -9999 -9999 -9999 -9999 -9999 -9999 -9999 -9999 -9999 -9999 -9999 -9999 -9999 -9999 -9999 -9999
-0.577 -0.582 -9999 -9999 -9999 -0.579 -0.575 -0.571 -9999 -0.567 -9999 -0.539 -0.54 -0.542 -9999 -0.604 -0.577 -0.546 -9999 -0.544 -0.528 -0.509 -0.511 -0.514 -0.535 -0.56 -0.544 -0.524 -0.525 -0.525 -0.535 -0.545 -0.551 -0.557 -0.562 -0.564 -0.565 -9999 -0.56 -0.553 -0.557 -0.561 -0.571 -0.583 -0.568 -0.559 -9999 -9999 -9999 -9999 -9999 -9999 -9999 -9999 -9999 -9999 -9999 -9999 -9999 -9999 -9999 -9999 -9999 -9999 -9999 -9999 -9999 -9999 -9999 -9999 -9999 -9999 -9999 -9999 -9999
-0.59 -9999 -9999 -9999 -9999 -0.575 -0.566 -0.549 -9999 -0.558 -9999 -0.568 -0.561 -9999 -0.557 -0.588 -0.561 -0.527 -0.53 -0.543 -0.531 -0.525 -0.524 -0.515 -0.536 -0.564 -0.546 -0.519 -0.521 -0.528 -0.542 -0.568 -0.573 -0.577 -0.577 -0.564 -0.565 -0.564 -0.563 -0.567 -0.568 -0.561 -0.565 -0.558 -0.546 -0.539 -0.526 -0.51 -0.488 -9999 -9999 -9999 -9999 -9999 -9999 -9999 -9999 -9999 -9999 -9999 -9999 -9999 -9999 -9999 -9999 -9999 -9999 -9999 -9999 -9999 -9999 -9999 -9999 -9999 -9999
-0.591 -9999 -9999 -9999 -9999 -0.571 -0.557 -0.54 -0.546 -9999 -9999 -0.576 -0.557 -9999 -0.55 -0.578 -0.551 -0.518 -0.528 -0.54 -0.535 -0.53 -0.523 -0.514 -0.536 -0.562 -0.54 -0.512 -0.517 -0.522 -0.544 -0.57 -0.573 -0.577 -0.568 -0.557 -0.556 -0.556 -0.56 -0.563 -0.557 -0.55 -0.545 -0.537 -0.532 -0.524 -0.514 -0.501 -0.486 -0.489 -9999 -9999 -9999 -9999 -9999 -9999 -9999 -9999 -9999 -9999 -9999 -9999 -9999 -9999 -9999 -9999 -9999 -9999 -9999 -9999 -9999 -9999 -9999 -9999 -9999
-9999 -9999 -9999 -9999 -9999 -0.562 -0.551 -0.55 -0.551 -9999 -9999 -0.549 -0.527 -9999 -9999 -0.537 -0.519 -0.514 -0.521 -0.525 -0.521 -0.52 -0.518 -0.526 -0.543 -0.557 -0.536 -0.514 -0.513 -0.503 -0.526 -0.56 -0.561 -0.558 -0.544 -0.521 -0.529 -0.554 -0.554 -0.549 -0.543 -0.533 -0.528 -0.525 -0.52 -0.517 -0.505 -0.485 -0.482 -0.49 -9999 -9999 -9999 -9999 -9999 -9999 -9999 -9999 -9999 -9999 -9999 -9999 -9999 -9999 -9999 -9999 -9999 -9999 -9999 -9999 -9999 -9999 -9999 -9999 -9999
-9999 -9999 -9999 -9999 -9999 -0.555 -0.554 -0.551 -9999 -9999 -9999 -9999 -0.521 -9999 -0.517 -0.52 -0.517 -0.512 -0.514 -0.517 -0.516 -0.515 -0.521 -0.527 -0.536 -0.548 -0.53 -0.51 -0.501 -0.491 -0.517 -0.549 -0.547 -0.543 -0.524 -0.501 -0.521 -0.543 -0.539 -0.534 -0.526 -0.517 -0.514 -0.51 -0.508 -0.504 -0.489 -0.47 -0.476 -0.483 -0.476 -9999 -9999 -9999 -9999 -9999 -9999 -9999 -9999 -9999 -9999 -9999 -9999 -9999 -9999 -9999 -9999 -9999 -9999 -9999 -9999 -9999 -9999 -9999 -9999
-9999 -9999 -9999 -0.565 -0.563 -0.56 -0.556 -9999 -9999 -0.545 -9999 -9999 -9999 -9999 -0.517 -0.517 -0.513 -0.509 -0.513 -0.522 -0.521 -0.521 -0.523 -0.519 -0.52 -0.508 -0.5 -0.51 -0.508 -0.516 -0.535 -0.542 -0.531 -0.505 -0.5 -0.517 -0.529 -0.53 -0.528 -0.528 -0.52 -0.508 -0.504 -0.498 -0.497 -0.496 -0.483 -0.467 -0.469 -0.466 -0.458 -9999 -9999 -9999 -9999 -9999 -9999 -9999 -9999 -9999 -9999 -9999 -9999 -9999 -9999 -9999 -9999 -9999 -9999 -9999 -9999 -9999 -9999 -9999 -9999
-9999 -9999 -9999 -9999 -0.562 -0.56 -0.553 -9999 -0.545 -0.545 -0.543 -9999 -9999 -9999 -9999 -0.514 -0.511 -0.506 -0.514 -0.522 -0.521 -0.519 -0.515 -0.511 -0.5 -0.488 -0.495 -0.504 -0.511 -0.519 -0.525 -0.532 -0.51 -0.484 -0.499 -0.516 -0.516 -0.516 -0.517 -0.517 -0.507 -0.496 -0.491 -0.486 -0.485 -0.485 -0.472 -0.457 -0.454 -0.448 -0.44 -0.422 -9999 -9999 -9999 -9999 -9999 -9999 -9999 -9999 -9999 -9999 -9999 -9999 -9999 -9999 -9999 -9999 -9999 -9999 -9999 -9999 -9999 -9999 -9999
-9999 -9999 -9999 -9999 -0.556 -0.555 -0.55 -9999 -0.544 -0.534 -0.53 -9999 -9999 -9999 -9999 -9999 -0.51 -0.506 -0.511 -0.513 -0.511 -0.511 -0.505 -0.495 -0.486 -0.481 -0.483 -0.478 -0.489 -0.513 -0.517 -0.521 -0.51 -0.511 -0.516 -0.502 -0.505 -0.511 -0.497 -0.456 -0.457 -0.484 -0.482 -0.484 -0.484 -0.487 -0.476 -0.462 -0.457 -0.444 -0.436 -0.414 -0.385 -9999 -9999 -9999 -9999 -9999 -9999 -9999 -9999 -9999 -9999 -9999 -9999 -9999 -9999 -9999 -9999 -9999 -9999 -9999 -9999 -9999 -9999
-9999 -9999 -9999 -9999 -0.549 -0.55 -9999 -9999 -0.552 -0.527 -0.525 -0.531 -9999 -9999 -9999 -9999 -9999 -0.505 -0.506 -0.505 -0.504 -0.504 -0.494 -0.484 -0.479 -0.474 -0.468 -0.463 -0.482 -0.504 -0.507 -0.511 -0.513 -0.514 -0.503 -0.49 -0.495 -0.501 -0.467 -0.425 -0.446 -0.472 -0.473 -0.474 -0.476 -0.478 -0.468 -0.456 -0.446 -0.434 -0.425 -0.416 -0.37 -0.347 -0.348 -9999 -9999 -9999 -9999 -9999 -9999 -9999 -9999 -9999 -9999 -9999 -9999 -9999 -9999 -9999 -9999 -9999 -9999 -9999 -9999
-9999 -9999 -9999 -9999 -0.544 -0.547 -9999 -9999 -0.572 -0.566 -0.563 -9999 -9999 -9999 -9999 -9999 -9999 -0.507 -0.513 -0.535 -0.521 -0.481 -0.474 -0.474 -0.477 -0.495 -0.49 -0.481 -0.494 -0.498 -0.501 -0.504 -0.506 -0.508 -0.498 -0.484 -0.485 -0.479 -0.457 -0.451 -0.464 -0.463 -0.466 -0.472 -0.469 -0.455 -0.452 -0.461 -0.45 -0.431 -0.42 -0.408 -0.373 -0.332 -0.324 -9999 -9999 -9999 -9999 -9999 -9999 -9999 -9999 -9999 -9999 -9999 -9999 -9999 -9999 -9999 -9999 -9999 -9999 -9999 -9999
-9999 -9999 -9999 -9999 -0.54 -0.544 -9999 -9999 -9999 -0.58 -0.571 -0.554 -9999 -9999 -9999 -9999 -9999 -0.504 -0.52 -0.541 -0.507 -0.468 -0.466 -0.465 -0.479 -0.498 -0.49 -0.483 -0.485 -0.489 -0.493 -0.495 -0.497 -0.499 -0.488 -0.476 -0.47 -0.464 -0.46 -0.455 -0.454 -0.453 -0.458 -0.463 -0.452 -0.438 -0.445 -0.454 -0.44 -0.421 -0.41 -0.395 -0.362 -0.322 -0.315 -9999 -9999 -9999 -9999 -9999 -9999 -9999 -9999 -9999 -9999 -9999 -9999 -9999 -9999 -9999 -9999 -9999 -9999 -9999 -9999
-9999 -9999 -9999 -0.53 -0.532 -0.549 -9999 -9999 -9999 -9999 -9999 -9999 -9999 -9999 -9999 -9999 -9999 -0.49 -0.498 -0.502 -0.477 -0.466 -0.462 -0.455 -0.47 -0.492 -0.486 -0.482 -0.482 -0.477 -0.48 -0.483 -0.484 -0.484 -0.475 -0.467 -0.462 -0.455 -0.453 -0.454 -0.451 -0.443 -0.445 -0.444 -0.437 -0.438 -0.439 -0.428 -0.418 -0.416 -0.399 -0.382 -0.385 -0.369 -0.336 -0.324 -9999 -9999 -9999 -9999 -9999 -9999 -9999 -9999 -9999 -9999 -9999 -9999 -9999 -9999 -9999 -9999 -9999 -9999 -9999
-9999 -9999 -0.528 -0.524 -0.534 -0.548 -9999 -9999 -9999 -9999 -9999 -9999 -9999 -9999 -9999 -0.504 -0.493 -0.481 -0.48 -0.481 -0.471 -0.461 -0.453 -0.446 -0.462 -0.484 -0.479 -0.476 -0.471 -0.466 -0.469 -0.472 -0.472 -0.472 -0.466 -0.458 -0.452 -0.446 -0.446 -0.447 -0.44 -0.432 -0.43 -0.428 -0.429 -0.431 -0.421 -0.41 -0.407 -0.407 -0.39 -0.37 -0.373 -0.378 -0.349 -0.309 -9999 -9999 -9999 -9999 -9999 -9999 -9999 -9999 -9999 -9999 -9999 -9999 -9999 -9999 -9999 -9999 -9999 -9999 -9999
-9999 -9999 -0.53 -0.542 -0.547 -9999 -9999 -9999 -9999 -9999 -9999 -9999 -9999 -9999 -9999 -0.503 -0.49 -0.483 -0.481 -0.481 -0.469 -0.456 -0.453 -0.455 -0.468 -0.478 -0.472 -0.461 -0.459 -0.463 -0.462 -0.455 -0.458 -0.468 -0.454 -0.424 -0.421 -0.425 -0.43 -0.448 -0.441 -0.43 -0.427 -0.422 -0.425 -0.432 -0.421 -0.404 -0.402 -0.398 -0.386 -0.38 -0.37 -0.367 -0.354 -0.316 -9999 -9999 -9999 -9999 -9999 -9999 -9999 -9999 -9999 -9999 -9999 -9999 -9999 -9999 -9999 -9999 -9999 -9999 -9999
-9999 -9999 -9999 -9999 -9999 -9999 -9999 -9999 -9999 -9999 -9999 -9999 -9999 -9999 -9999 -0.497 -0.489 -0.48 -0.478 -0.476 -0.463 -0.45 -0.45 -0.453 -0.461 -0.471 -0.461 -0.45 -0.452 -0.455 -0.449 -0.442 -0.45 -0.46 -0.435 -0.405 -0.407 -0.41 -0.424 -0.442 -0.433 -0.422 -0.418 -0.412 -0.418 -0.424 -0.41 -0.395 -0.391 -0.388 -0.383 -0.377 -0.368 -0.356 -0.344 -0.317 -9999 -9999 -9999 -9999 -9999 -9999 -9999 -9999 -9999 -9999 -9999 -9999 -9999 -9999 -9999 -9999 -9999 -9999 -9999
-9999 -9999 -9999 -9999 -9999 -9999 -9999 -9999 -9999 -9999 -9999 -9999 -9999 -9999 -0.505 -0.5 -0.487 -0.468 -0.464 -0.457 -0.45 -0.456 -0.451 -0.437 -0.44 -0.44 -0.437 -0.451 -0.456 -0.464 -0.459 -0.45 -0.449 -0.433 -0.412 -0.393 -0.398 -0.407 -0.417 -0.422 -0.415 -0.411 -0.407 -0.402 -0.409 -0.421 -0.406 -0.383 -0.382 -0.386 -0.377 -0.369 -0.36 -0.348 -0.342 -0.323 -9999 -9999 -9999 -9999 -9999 -9999 -9999 -9999 -9999 -9999 -9999 -9999 -9999 -9999 -9999 -9999 -9999 -9999 -9999
-9999 -9999 -9999 -9999 -9999 -9999 -9999 -9999 -9999 -9999 -9999 -9999 -9999 -9999 -0.507 -0.497 -0.479 -0.461 -0.453 -0.446 -0.45 -0.456 -0.442 -0.427 -0.424 -0.422 -0.432 -0.445 -0.451 -0.461 -0.454 -0.446 -0.432 -0.415 -0.401 -0.383 -0.39 -0.399 -0.403 -0.408 -0.404 -0.399 -0.395 -0.39 -0.4 -0.412 -0.393 -0.371 -0.375 -0.379 -0.37 -0.36 -0.351 -0.34 -0.333 -0.325 -9999 -9999 -9999 -9999 -9999 -9999 -9999 -9999 -9999 -9999 -9999 -9999 -9999 -9999 -9999 -9999 -9999 -9999 -9999
-9999 -9999 -9999 -9999 -9999 -9999 -9999 -9999 -9999 -9999 -9999 -9999 -9999 -0.512 -0.505 -0.492 -0.48 -0.48 -0.47 -0.452 -0.453 -0.449 -0.441 -0.442 -0.435 -0.421 -0.422 -0.413 -0.42 -0.435 -0.428 -0.423 -0.413 -0.409 -0.4 -0.398 -0.401 -0.393 -0.394 -0.39 -0.388 -0.39 -0.388 -0.387 -0.39 -0.381 -0.367 -0.361 -0.365 -0.37 -0.362 -0.352 -0.349 -0.341 -0.325 -0.316 -0.313 -9999 -9999 -9999 -9999 -9999 -9999 -9999 -9999 -9999 -9999 -9999 -9999 -9999 -9999 -9999 -9999 -9999 -9999
-9999 -9999 -9999 -9999 -9999 -9999 -9999 -9999 -9999 -9999 -9999 -9999 -0.519 -0.512 -0.5 -0.486 -0.485 -0.485 -0.469 -0.452 -0.447 -0.443 -0.443 -0.444 -0.431 -0.417 -0.407 -0.395 -0.403 -0.417 -0.411 -0.405 -0.402 -0.399 -0.398 -0.397 -0.391 -0.384 -0.38 -0.376 -0.377 -0.379 -0.379 -0.378 -0.37 -0.361 -0.356 -0.351 -0.355 -0.359 -0.352 -0.343 -0.341 -0.338 -0.324 -0.305 -0.308 -9999 -9999 -9999 -9999 -9999 -9999 -9999 -9999 -9999 -9999 -9999 -9999 -9999 -9999 -9999 -9999 -9999 -9999
-9999 -9999 -9999 -9999 -9999 -9999 -9999 -9999 -9999 -9999 -9999 -9999 -0.514 -0.492 -0.486 -0.493 -0.487 -0.473 -0.46 -0.454 -0.447 -0.434 -0.43 -0.422 -0.416 -0.423 -0.413 -0.399 -0.404 -0.409 -0.406 -0.409 -0.402 -0.386 -0.384 -0.378 -0.373 -0.371 -0.367 -0.362 -0.362 -0.359 -0.358 -0.359 -0.351 -0.344 -0.34 -0.337 -0.342 -0.351 -0.347 -0.34 -0.335 -0.33 -0.333 -0.326 -0.313 -9999 -9999 -9999 -9999 -9999 -9999 -9999 -9999 -9999 -9999 -9999 -9999 -9999 -9999 -9999 -9999 -9999 -9999
-9999 -9999 -9999 -9999 -9999 -9999 -9999 -9999 -9999 -9999 -9999 -0.515 -0.5 -0.481 -0.486 -0.493 -0.48 -0.465 -0.458 -0.452 -0.44 -0.426 -0.418 -0.41 -0.414 -0.421 -0.409 -0.396 -0.397 -0.401 -0.402 -0.405 -0.391 -0.375 -0.37 -0.363 -0.361 -0.358 -0.354 -0.349 -0.347 -0.344 -0.343 -0.342 -0.336 -0.331 -0.329 -0.327 -0.335 -0.344 -0.34 -0.335 -0.33 -0.324 -0.327 -0.33 -0.318 -0.302 -9999 -9999 -9999 -9999 -9999 -9999 -9999 -9999 -9999 -9999 -9999 -9999 -9999 -9999 -9999 -9999 -9999
-9999 -9999 -9999 -9999 -9999 -9999 -9999 -9999 -9999 -9999 -0.515 -9999 -0.501 -0.497 -0.495 -0.482 -0.479 -0.493 -0.477 -0.439 -0.431 -0.429 -0.432 -0.451 -0.455 -0.455 -0.427 -0.361 -0.36 -0.361 -0.355 -0.343 -0.342 -0.373 -0.364 -0.351 -0.349 -0.351 -0.345 -0.335 -0.332 -0.333 -0.333 -0.333 -0.326 -0.313 -0.313 -0.317 -0.326 -0.34 -0.339 -0.335 -0.338 -0.337 -0.326 -0.321 -0.306 -0.299 -9999 -9999 -9999 -9999 -9999 -9999 -9999 -9999 -9999 -9999 -9999 -9999 -9999 -9999 -9999 -9999 -9999
